~o
<STREAMINFO> 1 39
<VECSIZE> 39<NULLD><MFCC_E_D_A><DIAGC>
~h "Ba"
<BEGINHMM>
<NUMSTATES> 9
<STATE> 2
<MEAN> 39
 3.844491e+00 -9.964781e+00 -9.033009e+00 -6.750286e+00 -3.984860e+00 -1.066837e+01 -2.568602e+00 -4.965636e+00 -7.106233e-02 -6.523847e+00 -5.275520e+00 -7.553173e+00 4.250882e-01 9.889572e-01 -1.925359e+00 -3.081273e+00 -1.427043e-01 -2.471411e-01 -8.506891e-01 9.494633e-01 -1.084250e+00 8.930731e-01 -1.342839e+00 -1.167419e+00 -8.740054e-01 1.459997e-01 -1.038314e+00 -5.054321e-01 -4.662162e-01 5.037619e-01 4.752226e-01 3.844796e-01 1.175589e+00 -3.352122e-02 3.679969e-01 -1.203864e-01 3.689456e-01 5.398079e-01 -5.983485e-03
<VARIANCE> 39
 2.743326e+01 1.353405e+01 2.394099e+01 4.370185e+00 1.367829e+01 2.084082e+01 1.763401e+01 1.616087e+01 1.743056e+01 2.479181e+01 1.565134e+01 1.846252e+01 6.178954e-02 8.245078e+00 1.701112e+00 1.475129e+00 1.793038e+00 3.489674e+00 2.693982e+00 1.219458e+01 1.366817e+00 3.730636e+00 1.573190e+00 1.905357e+00 2.914291e+00 5.000000e-02 8.776833e-01 2.456608e-01 2.761541e-01 1.549663e-01 6.250384e-01 3.670493e-01 1.141306e+00 1.896323e-01 4.913615e-01 4.838485e-01 5.153326e-01 9.252966e-01 5.000000e-02
<GCONST> 9.879565e+01
<STATE> 3
<MEAN> 39
 -3.853503e+00 -2.086763e+01 -2.563954e+01 -1.566655e+00 3.001015e+00 -1.072535e+01 1.476383e+01 -1.006781e+01 5.684453e+00 -1.309119e+01 -4.105209e+00 -1.875614e+00 8.932199e-01 -1.813803e+00 -1.023262e+00 -1.449812e+00 9.481540e-01 1.504103e+00 5.985036e-01 1.331892e+00 -6.235708e-01 -6.660632e-02 -4.743090e-01 6.670747e-01 1.899723e+00 4.526677e-02 5.645348e-01 4.833045e-01 8.982150e-01 -2.375185e-01 -2.566862e-01 7.624149e-02 -1.173783e+00 3.072192e-01 -3.104388e-01 3.764332e-01 -8.509871e-02 -2.906557e-01 -1.692268e-02
<VARIANCE> 39
 2.093271e+01 2.201828e+00 2.254769e+01 1.374245e+01 2.773493e+01 3.060279e+01 5.047518e+01 2.934730e+01 1.413844e+01 1.632973e+01 5.699207e+00 1.348460e+01 5.000000e-02 1.973834e+00 6.810580e-01 3.150480e+00 9.042804e-01 1.816671e+00 9.854110e-01 1.000041e+01 1.806771e+00 1.900266e+00 2.801603e+00 1.085645e+00 2.387867e+00 5.000000e-02 1.984416e-01 8.371133e-02 1.642613e-01 1.183111e-01 2.681318e-01 9.047334e-02 1.008977e+00 3.179584e-01 6.813675e-01 4.242010e-01 2.102523e-01 3.893217e-01 5.000000e-02
<GCONST> 8.689072e+01
<STATE> 4
<MEAN> 39
 -9.573477e+00 -2.281470e+01 -1.978259e+01 -2.588758e+00 -1.749302e-01 -2.301323e-01 8.081881e+00 -7.263372e+00 6.280664e+00 -1.427075e+01 5.272417e-01 2.522168e+00 9.301894e-01 8.076806e-03 9.078234e-02 1.311608e-01 -3.361722e-02 -1.870247e-02 5.483533e-02 7.789152e-02 4.930541e-03 2.161558e-01 -5.372382e-01 2.968206e-01 9.434415e-02 -7.530926e-03 3.506844e-02 4.083172e-02 -1.322091e-02 -1.505366e-02 -1.010879e-02 -8.287507e-02 1.085074e-02 -1.190949e-02 -3.480570e-02 -7.634337e-02 -3.484793e-02 -9.331757e-02 -2.479544e-03
<VARIANCE> 39
 3.610215e+00 4.563615e+00 8.524962e+00 5.718115e+00 8.211047e+00 1.589688e+01 9.272844e+00 6.037289e+00 1.570385e+01 1.829527e+01 1.193459e+01 7.313724e+00 5.000000e-02 1.886012e-01 3.540065e-01 3.596141e-01 5.651390e-01 4.933359e-01 8.477799e-01 8.971325e-01 6.181685e-01 5.492944e-01 6.008165e-01 5.636868e-01 4.679931e-01 5.000000e-02 5.000000e-02 5.000000e-02 6.927387e-02 1.075840e-01 1.057485e-01 1.024125e-01 1.863261e-01 7.720165e-02 8.441340e-02 1.323773e-01 7.538228e-02 1.281569e-01 5.000000e-02
<GCONST> 5.141108e+01
<STATE> 5
<MEAN> 39
 -3.803793e+00 -2.222974e+01 -2.576502e+01 2.201349e+00 7.977151e+00 -9.156039e+00 1.441175e+01 -9.184254e+00 4.390414e+00 -1.976299e+01 4.357831e-01 -2.573863e+00 9.018646e-01 -2.737104e-02 -6.598784e-02 2.553951e-01 -4.774449e-03 -1.093716e-01 -7.266454e-02 -9.936782e-02 -4.257863e-02 1.405640e-01 -4.333527e-01 2.420815e-01 4.129704e-02 -1.511484e-02 -2.360850e-02 2.072330e-02 5.204855e-03 -1.443210e-02 -7.142303e-02 5.818521e-02 1.020653e-03 -4.801091e-03 6.477499e-03 -1.306805e-02 -1.005148e-01 3.274367e-03 -3.046081e-03
<VARIANCE> 39
 8.303988e+00 2.518578e+00 1.913096e+01 1.515137e+01 1.820833e+01 1.684606e+01 1.094725e+01 9.275480e+00 2.389586e+01 9.569378e+00 1.503536e+01 1.451245e+01 5.000000e-02 3.446634e-01 2.622545e-01 4.235447e-01 4.894480e-01 1.338058e+00 9.384493e-01 1.187647e+00 9.265187e-01 1.345137e+00 6.316541e-01 7.053763e-01 1.423028e+00 5.000000e-02 6.636550e-02 5.000000e-02 6.574912e-02 8.204687e-02 2.929705e-01 1.649593e-01 2.056743e-01 2.274738e-01 2.810397e-01 1.254582e-01 1.318765e-01 3.097712e-01 5.000000e-02
<GCONST> 6.518552e+01
<STATE> 6
<MEAN> 39
 -3.815310e+00 -2.239909e+01 -1.566424e+01 -1.291113e+00 3.898264e-01 -2.627817e+00 7.249650e+00 -5.810736e+00 4.336456e+00 -2.136422e+01 5.636111e-01 2.781312e+00 5.423379e-01 8.139670e-01 -4.463543e-01 1.157080e+00 7.875106e-02 -2.171976e-01 6.617949e-01 -8.402032e-01 1.088074e+00 -1.082065e+00 7.846155e-01 -3.813898e-01 2.195714e-01 -3.904999e-02 1.245611e-02 -1.008387e-01 -4.706059e-02 1.898322e-02 8.149619e-02 -6.997834e-02 6.449729e-03 9.935172e-02 -7.750346e-03 2.856725e-01 1.038658e-01 7.007014e-02 2.060627e-03
<VARIANCE> 39
 2.150464e+01 1.427275e+01 2.606617e+01 9.004618e+00 1.312339e+01 3.952774e+01 2.388713e+01 2.046074e+01 4.376493e+01 2.094859e+01 1.269498e+01 1.888585e+01 5.000000e-02 1.101682e+00 1.637848e+00 1.552650e+00 9.279164e-01 1.696680e+00 1.459962e+00 2.245553e+00 2.181993e+00 3.997585e+00 3.151994e+00 2.087677e+00 2.736939e+00 5.000000e-02 3.112864e-01 3.240784e-01 4.601946e-01 2.067046e-01 3.181003e-01 2.995467e-01 5.093448e-01 5.199642e-01 8.300633e-01 5.387436e-01 3.340036e-01 4.648086e-01 5.000000e-02
<GCONST> 9.535365e+01
<STATE> 7
<MEAN> 39
 -7.691492e-01 -2.496571e+01 -1.396587e+01 6.867872e-01 2.364760e+00 -3.511115e+00 5.411187e+00 4.878316e-01 -1.005987e+00 -1.165288e+01 1.001836e+00 4.447818e+00 3.029127e-01 -9.218790e-02 3.993432e-01 -1.826260e-02 1.885560e-01 1.986168e-01 -2.584198e-01 -1.231484e-01 5.817634e-02 -2.218055e-01 6.678299e-01 1.025451e-01 -9.199659e-02 -1.897863e-02 5.616301e-02 2.205123e-01 1.648256e-01 -1.602536e-02 -6.740960e-02 -5.677491e-02 -7.280733e-02 -2.080844e-01 -5.553558e-02 -1.398413e-01 -4.713666e-02 -5.784541e-02 1.674719e-03
<VARIANCE> 39
 2.840423e+00 2.982628e+00 4.078700e+00 5.986109e+00 9.889878e+00 1.371240e+01 1.323183e+01 9.278605e+00 1.485418e+01 1.445477e+01 1.043633e+01 1.244123e+01 5.000000e-02 3.779607e-01 7.040454e-01 1.174469e+00 5.565482e-01 9.410040e-01 1.862041e+00 1.278716e+00 1.017151e+00 1.531623e+00 1.210265e+00 6.349675e-01 9.442019e-01 5.000000e-02 7.575352e-02 7.167675e-02 1.697007e-01 7.898255e-02 1.686123e-01 2.887255e-01 2.517420e-01 2.018519e-01 3.774838e-01 2.194925e-01 1.788818e-01 1.787471e-01 5.000000e-02
<GCONST> 6.569441e+01
<STATE> 8
<MEAN> 39
 -2.110027e+00 -1.785624e+01 -8.771379e+00 7.751769e-01 3.654694e+00 -5.376172e+00 2.251203e+00 -1.718504e+00 -2.952427e+00 -1.004750e+01 -8.158718e-01 2.451421e+00 1.195666e-01 -5.966014e-01 8.797181e-01 6.126396e-01 -2.377341e-01 -1.592906e-02 6.533583e-02 -7.788771e-02 -2.529073e-02 1.253668e-01 2.774929e-01 -3.648528e-02 -3.384079e-02 -3.329746e-02 -1.708793e-01 -6.935322e-02 -1.063628e-01 -5.835789e-02 2.575737e-02 1.128785e-01 1.396108e-01 1.406925e-01 1.250279e-01 1.565082e-01 1.786436e-01 5.477599e-02 -4.073561e-03
<VARIANCE> 39
 9.387385e+00 7.604544e+00 3.391849e+00 5.404489e+00 8.332092e+00 1.320953e+01 8.736573e+00 8.937517e+00 1.087191e+01 9.717808e+00 6.786798e+00 5.045374e+00 5.000000e-02 8.201783e-01 9.456898e-01 5.264302e-01 6.221607e-01 7.702820e-01 1.087434e+00 8.283142e-01 1.238307e+00 9.518409e-01 1.441353e+00 9.657733e-01 4.997866e-01 5.000000e-02 1.415844e-01 2.066585e-01 1.068802e-01 1.224539e-01 1.985723e-01 2.005936e-01 2.413085e-01 2.200534e-01 1.487325e-01 2.404380e-01 2.064021e-01 1.012712e-01 5.000000e-02
<GCONST> 6.395988e+01
<TRANSP> 9
 0.000000e+00 1.000000e+00 0.000000e+00 0.000000e+00 0.000000e+00 0.000000e+00 0.000000e+00 0.000000e+00 0.000000e+00
 0.000000e+00 8.007371e-01 1.992629e-01 0.000000e+00 0.000000e+00 0.000000e+00 0.000000e+00 0.000000e+00 0.000000e+00
 0.000000e+00 0.000000e+00 7.729815e-01 2.270185e-01 0.000000e+00 0.000000e+00 0.000000e+00 0.000000e+00 0.000000e+00
 0.000000e+00 0.000000e+00 0.000000e+00 9.162573e-01 8.374267e-02 0.000000e+00 0.000000e+00 0.000000e+00 0.000000e+00
 0.000000e+00 0.000000e+00 0.000000e+00 0.000000e+00 8.965187e-01 1.034813e-01 0.000000e+00 0.000000e+00 0.000000e+00
 0.000000e+00 0.000000e+00 0.000000e+00 0.000000e+00 0.000000e+00 8.778720e-01 1.221279e-01 0.000000e+00 0.000000e+00
 0.000000e+00 0.000000e+00 0.000000e+00 0.000000e+00 0.000000e+00 0.000000e+00 8.932161e-01 1.067839e-01 0.000000e+00
 0.000000e+00 0.000000e+00 0.000000e+00 0.000000e+00 0.000000e+00 0.000000e+00 0.000000e+00 8.731669e-01 1.268331e-01
 0.000000e+00 0.000000e+00 0.000000e+00 0.000000e+00 0.000000e+00 0.000000e+00 0.000000e+00 0.000000e+00 0.000000e+00
<ENDHMM>
