~o
<STREAMINFO> 1 39
<VECSIZE> 39<NULLD><MFCC_E_D_A><DIAGC>
~h "Bai"
<BEGINHMM>
<NUMSTATES> 38
<STATE> 2
<MEAN> 39
 -4.528198e+00 -8.041661e+00 -2.152921e-01 -1.447937e+00 2.219614e+00 -5.377908e+00 2.059069e-01 -2.646314e+00 -1.080201e+00 -3.254671e+00 2.427907e+00 -1.255646e+00 7.090104e-03 1.389355e+00 1.769577e-01 -7.786319e-01 -1.286676e+00 -1.425973e+00 -1.660352e+00 -9.129266e-01 2.237520e-02 -6.423000e-01 -7.052097e-01 -1.550494e+00 -7.525346e-01 6.654251e-02 6.364178e-01 -1.790815e-01 -9.499142e-01 -5.205370e-01 -6.451706e-01 -5.712947e-01 -1.895504e-01 1.321883e-01 8.340779e-02 -1.886624e-01 -5.810473e-01 -4.472189e-01 3.547809e-02
<VARIANCE> 39
 6.027915e-01 1.969107e+00 4.019897e+00 1.983328e+00 6.753760e+00 1.502267e+01 6.190028e+00 1.069723e+01 1.506428e+01 1.075266e+01 1.696382e+01 3.340145e+00 5.000000e-02 1.135138e+00 4.276617e-01 8.835928e-01 5.380104e-01 8.442608e-01 9.402351e-01 4.184740e-01 9.464144e-01 5.511478e-01 1.583165e+00 2.393859e+00 2.511437e-01 5.000000e-02 1.634598e-01 1.575550e-01 1.222343e-01 1.677728e-01 1.481141e-01 2.262071e-01 1.051771e-01 2.932114e-01 2.453028e-01 3.060482e-01 4.406378e-01 5.895415e-02 5.000000e-02
<GCONST> 5.894503e+01
<STATE> 3
<MEAN> 39
 1.281689e-01 -6.235162e+00 -3.836661e+00 -6.143661e+00 -3.417683e+00 -1.096787e+01 -1.558247e+00 -2.567633e+00 -1.756749e+00 -6.277963e+00 -4.929479e+00 -5.152475e+00 2.245398e-01 3.071290e+00 -5.010220e-01 -2.972625e+00 -1.728166e+00 -1.778122e+00 -1.806021e+00 -1.379963e+00 -1.565681e-01 -3.982124e-01 -1.044638e+00 -2.162349e+00 -2.082007e+00 1.517484e-01 -2.468220e-01 -6.409817e-01 -9.696128e-01 2.312543e-01 5.486954e-01 4.902249e-01 3.880385e-01 -4.655374e-01 5.890101e-01 2.621023e-01 2.360804e-01 -7.656611e-02 2.138667e-02
<VARIANCE> 39
 2.021353e+01 2.841513e+00 7.356370e+00 4.142976e+00 9.374858e+00 8.585309e+00 1.010902e+01 1.430969e+01 4.993493e+00 5.393150e+00 1.577867e+01 6.350602e+00 5.000000e-02 1.239320e+00 1.100508e+00 9.544409e-01 8.615064e-01 2.985053e-01 9.020255e-01 1.158327e+00 3.691702e+00 2.197639e+00 2.437884e+00 2.794483e+00 1.921256e-01 5.000000e-02 8.830603e-01 5.000000e-02 1.976161e-01 9.063228e-02 2.151345e-01 1.396767e-01 3.668961e-01 5.563146e-01 1.551759e-01 1.541005e-01 6.607409e-01 1.579536e-01 5.000000e-02
<GCONST> 7.050311e+01
<STATE> 4
<MEAN> 39
 7.365728e+00 -9.630020e+00 -1.070204e+01 -8.494084e+00 -4.783824e+00 -1.277452e+01 -4.009820e+00 -4.820263e-03 -3.132285e+00 -8.131450e+00 -4.247176e+00 -7.156830e+00 4.875019e-01 1.927061e+00 -1.766565e+00 -3.874102e+00 -7.085893e-01 -6.339514e-02 -6.083982e-01 -4.083804e-01 -1.360271e+00 9.696993e-01 -6.585420e-02 -1.199670e+00 -1.850743e+00 1.564942e-01 -1.605404e+00 -7.144819e-01 -3.069551e-01 5.902683e-01 1.094826e+00 6.221214e-01 1.487648e+00 -8.410845e-01 8.487113e-01 4.656028e-01 -4.986473e-02 7.342392e-01 -1.069961e-02
<VARIANCE> 39
 1.356026e+01 1.015299e+01 4.620063e+00 2.585295e+00 6.680696e+00 4.049571e+00 4.510847e+00 1.694490e+01 1.332034e+01 7.642971e+00 1.257016e+01 1.798138e+00 5.000000e-02 2.981918e+00 7.139162e-01 1.385932e+00 1.980883e+00 1.750693e+00 6.162286e-01 1.122345e+00 3.333341e+00 2.500530e+00 1.271659e+00 2.714921e+00 4.590833e-01 5.000000e-02 3.500521e-01 6.948535e-02 5.000000e-02 1.402521e-01 1.326118e-01 1.918590e-01 4.317226e-01 5.990855e-01 1.599801e-01 6.178768e-01 3.463022e-01 3.333753e-01 5.000000e-02
<GCONST> 7.183532e+01
<STATE> 5
<MEAN> 39
 5.627203e+00 -1.124411e+01 -1.566951e+01 -5.799688e+00 -4.522683e+00 -1.258984e+01 -3.945394e+00 -7.939030e+00 1.635606e-01 -6.029621e+00 -6.246793e+00 -1.145027e+01 7.008858e-01 -2.637816e+00 -2.896194e+00 -4.418720e+00 1.010514e-01 2.018420e+00 3.462908e-01 4.308887e+00 -2.106377e+00 2.951905e+00 9.306485e-01 -1.644993e+00 6.292721e-01 1.107898e-01 -1.394387e+00 -3.956136e-01 3.222634e-01 4.604069e-01 1.006353e+00 5.377499e-01 1.432768e+00 1.815024e-01 1.163933e-01 1.085264e-01 1.257739e-01 1.465880e+00 -2.302714e-02
<VARIANCE> 39
 1.675739e+01 2.096921e+01 2.667050e+01 1.236843e+01 1.110455e+01 7.916965e+00 3.042408e+00 2.892552e+01 2.216139e+01 2.016600e+01 8.691358e+00 9.049376e+00 5.000000e-02 1.331591e+00 3.247463e-01 1.034186e+00 1.217363e+00 1.061633e+00 4.957053e-01 2.689239e+00 3.425009e+00 4.041183e-01 2.299859e+00 1.347878e+00 2.317035e+00 5.000000e-02 4.096121e-01 1.775020e-01 3.909780e-01 2.501888e-01 4.133262e-01 2.725223e-01 2.795080e-01 3.551527e-01 4.632725e-01 7.466452e-01 4.199710e-01 1.604810e-01 5.000000e-02
<GCONST> 8.260949e+01
<STATE> 6
<MEAN> 39
 -1.805162e+00 -1.739993e+01 -2.338826e+01 -9.525474e+00 2.691326e+00 -9.736891e+00 9.329863e+00 -7.148417e+00 9.236096e+00 -4.403012e+00 -1.159170e+01 -6.044685e+00 8.558933e-01 -3.165805e+00 -2.887679e+00 -3.035983e+00 7.546173e-01 3.194714e+00 1.259824e+00 4.429231e+00 -1.248021e+00 1.160426e+00 -5.733414e-01 -1.395064e+00 3.067352e+00 8.320494e-02 1.976762e-01 3.460242e-01 1.179606e+00 7.162590e-01 4.032631e-02 2.025363e-01 -6.902049e-01 3.107638e-01 -1.291022e+00 -2.464260e-01 6.620662e-01 5.354888e-01 -3.025452e-02
<VARIANCE> 39
 1.928465e+01 2.986893e+00 1.596235e+01 2.440953e+01 7.308136e+00 2.487085e+01 3.048024e+01 3.104518e+01 7.252633e+00 2.027442e+01 7.844923e+00 3.159165e+01 5.000000e-02 1.064354e+00 1.018301e+00 9.167905e-01 2.766110e-01 1.296618e+00 1.000224e+00 2.521166e+00 2.557119e-01 2.514461e+00 5.389779e+00 1.571615e+00 3.005857e-01 5.000000e-02 1.699131e-01 5.000000e-02 6.353505e-02 4.069461e-01 1.951162e-01 2.499076e-01 2.757779e-01 6.403266e-01 1.331351e-01 4.236932e-01 1.223452e-01 5.828268e-01 5.000000e-02
<GCONST> 7.695946e+01
<STATE> 7
<MEAN> 39
 -5.045799e+00 -2.209351e+01 -2.615585e+01 -5.541778e+00 5.069428e+00 -9.673179e+00 1.249823e+01 -9.298368e+00 3.590483e+00 -7.311269e+00 -1.058496e+01 -1.048524e+00 9.149180e-01 -1.633840e+00 -1.813480e+00 -9.250717e-01 1.875149e+00 2.381429e+00 1.072680e+00 2.023773e+00 -5.996424e-01 -1.028489e+00 1.716554e-01 1.209236e-01 2.910155e+00 4.351083e-02 9.711115e-01 7.539573e-01 1.133142e+00 2.280420e-01 -6.307062e-01 -4.853931e-02 -1.654885e+00 1.241094e-01 -7.317104e-01 1.844279e-01 4.111087e-01 -4.637081e-01 -2.087951e-02
<VARIANCE> 39
 1.535986e+01 4.184571e+00 7.497753e+00 2.401163e+01 4.391254e+00 1.004175e+01 1.502087e+01 1.725817e+01 2.064297e+01 2.035054e+01 2.273152e+01 3.955345e+00 5.000000e-02 7.979979e-01 6.402006e-01 1.615794e+00 7.730219e-01 5.299544e-01 1.240491e+00 2.424304e+00 9.163494e-01 1.900907e+00 2.032851e+00 6.117349e-01 1.148181e+00 5.000000e-02 9.598914e-02 7.588543e-02 8.861191e-02 2.780307e-01 2.226348e-01 1.313987e-01 5.404488e-02 1.747137e-01 1.513808e-01 5.992448e-01 2.294784e-01 2.088346e-01 5.000000e-02
<GCONST> 7.059963e+01
<STATE> 8
<MEAN> 39
 -5.388271e+00 -2.253165e+01 -2.280412e+01 -3.012235e+00 6.945915e+00 -6.183321e+00 8.042886e+00 -1.080386e+01 3.649042e+00 -5.921276e+00 -1.010960e+01 1.574190e+00 9.650869e-01 -9.977812e-02 -8.918746e-01 4.010114e-01 1.226048e+00 2.375540e-01 9.955946e-01 -1.335996e+00 -1.115063e+00 -7.439465e-01 5.800441e-01 -9.363975e-02 7.145582e-01 1.608310e-02 4.247153e-01 4.339558e-01 3.070460e-01 -4.949576e-01 -6.031291e-01 -7.943808e-02 -7.339055e-01 1.771057e-01 1.481746e-01 1.661880e-01 1.345087e-01 -5.427245e-01 -1.129503e-02
<VARIANCE> 39
 6.286534e+00 1.024069e+01 9.121496e+00 1.312740e+01 4.298213e+00 8.376116e+00 4.745296e+01 9.220821e+00 2.569036e+01 1.232582e+01 1.833303e+01 1.449460e+00 5.000000e-02 2.916746e-01 3.958398e-01 4.273631e-01 2.148414e+00 8.176054e-01 9.875346e-01 9.947231e-01 8.562487e-01 6.056063e-01 2.003126e+00 1.742458e+00 1.043735e+00 5.000000e-02 7.300457e-02 5.000000e-02 1.320728e-01 1.785423e-01 1.878365e-01 1.649773e-01 5.912319e-01 1.061191e-01 1.202999e-01 4.304631e-01 2.432942e-01 2.809478e-01 5.000000e-02
<GCONST> 6.726836e+01
<STATE> 9
<MEAN> 39
 -4.634710e+00 -2.291964e+01 -2.528606e+01 -1.634847e+00 7.591031e+00 -6.994605e+00 8.423448e+00 -1.259683e+01 1.141887e+00 -3.731943e+00 -1.094466e+01 7.124509e-01 9.726089e-01 -2.004366e-01 -3.808985e-01 -2.711010e-01 -9.233727e-02 6.205821e-02 4.308375e-01 -4.974578e-01 -1.840367e-01 2.084279e-02 2.345800e-01 3.296736e-01 6.952802e-01 8.245470e-03 5.411523e-02 1.228097e-01 -8.368716e-02 -3.025572e-01 -2.547828e-01 -1.198554e-01 3.324507e-02 3.492010e-01 1.899546e-01 -2.531110e-01 -5.650365e-03 2.561299e-02 -3.772657e-03
<VARIANCE> 39
 4.680234e+00 1.082556e+01 3.056716e+01 1.366779e+01 8.698591e+00 2.543382e+01 7.263790e+01 2.433569e+01 2.550267e+01 1.084457e+01 1.816768e+01 6.672810e+00 5.000000e-02 1.225320e-01 7.608707e-02 2.781126e-01 6.151438e-01 1.814975e-01 3.283015e-01 2.485973e-01 4.425310e-01 1.594926e-01 2.856904e-01 4.070866e-01 2.967064e-01 5.000000e-02 5.000000e-02 5.000000e-02 8.740023e-02 1.799929e-01 1.132080e-01 5.477087e-02 2.709902e-01 9.396733e-02 6.373288e-02 1.118750e-01 1.603113e-01 6.826284e-02 5.000000e-02
<GCONST> 5.092070e+01
<STATE> 10
<MEAN> 39
 -6.410873e+00 -2.467136e+01 -2.383636e+01 -1.495739e+00 6.893625e+00 -4.625087e+00 8.526263e+00 -1.262441e+01 6.003558e+00 -4.129729e+00 -6.986397e+00 4.141081e+00 9.840007e-01 -1.122759e-01 -3.141766e-01 -4.216911e-01 -1.049009e-01 -3.667772e-01 3.272146e-01 -5.266944e-01 -3.839602e-01 3.195028e-01 -4.477772e-01 3.972397e-02 1.061193e+00 4.226455e-03 1.034055e-01 3.916913e-02 1.046630e-02 -7.069963e-03 -9.198672e-02 -5.729318e-02 1.690894e-03 -3.069866e-03 -3.902349e-02 -2.734948e-01 -1.136247e-01 -1.479482e-01 -2.348927e-03
<VARIANCE> 39
 4.077142e+00 2.451106e+00 1.972613e+01 4.032862e+00 4.300884e+00 9.020058e+00 2.975113e+01 7.458237e+00 1.720137e+01 5.968225e+00 1.335765e+01 5.350580e+00 5.000000e-02 6.275775e-02 1.547239e-01 4.471265e-01 2.023106e-01 1.557610e-01 2.509876e-01 4.671875e-01 7.844974e-01 1.952324e-01 5.065305e-01 4.647038e-01 2.066405e-01 5.000000e-02 5.000000e-02 5.000000e-02 5.058825e-02 8.712967e-02 5.000000e-02 5.000000e-02 5.000000e-02 1.586657e-01 5.000000e-02 1.132898e-01 1.132268e-01 5.000000e-02 5.000000e-02
<GCONST> 3.879805e+01
<STATE> 11
<MEAN> 39
 -5.659842e+00 -2.433361e+01 -2.669704e+01 -2.792606e+00 6.093051e+00 -6.119093e+00 6.481972e+00 -1.269453e+01 1.965921e+00 -5.197069e+00 -1.002535e+01 3.734364e+00 9.865490e-01 2.337973e-01 -2.895676e-01 -4.264701e-02 2.751269e-01 -6.193454e-02 5.340452e-01 -3.409667e-01 1.774777e-01 -2.094483e-01 -3.990672e-01 -8.620998e-02 3.045124e-01 2.778737e-03 8.269874e-02 7.606813e-02 2.406329e-01 1.514273e-01 9.932447e-02 2.113385e-01 5.281951e-02 1.743933e-01 6.365495e-02 1.560467e-01 -2.020526e-02 -3.961051e-02 -6.488691e-04
<VARIANCE> 39
 3.146917e+00 7.553814e+00 4.414132e+01 5.294902e+00 1.012556e+01 3.641799e+01 4.674309e+01 1.969819e+01 3.542534e+01 1.080621e+01 7.164578e+00 7.134818e+00 5.000000e-02 5.364710e-02 5.000000e-02 6.829615e-01 2.816931e-01 3.252898e-01 2.169157e-01 3.281195e-01 1.023063e+00 3.386047e-01 2.269309e-01 7.162006e-01 2.058378e-01 5.000000e-02 5.000000e-02 5.000000e-02 5.000000e-02 9.270388e-02 5.000000e-02 5.625449e-02 5.066925e-02 5.085337e-02 6.831636e-02 5.000000e-02 1.308779e-01 7.266985e-02 5.000000e-02
<GCONST> 4.460191e+01
<STATE> 12
<MEAN> 39
 -4.024660e+00 -2.508132e+01 -2.515620e+01 -1.242326e+00 7.028250e+00 -4.044199e+00 7.619112e+00 -1.196181e+01 3.015090e+00 -4.846056e+00 -9.344669e+00 5.574325e+00 9.907660e-01 2.071635e-01 7.949347e-02 5.078939e-01 5.296450e-01 -2.358465e-01 1.013065e+00 -3.192891e-01 3.980310e-01 2.446379e-01 1.707892e-01 3.344809e-02 7.749802e-01 1.617096e-04 -5.796289e-02 1.372007e-01 -6.163108e-02 6.891011e-02 -1.081855e-01 -1.660157e-02 -2.363838e-02 -5.443420e-03 -1.072343e-02 9.728701e-02 -1.620408e-01 -1.790689e-02 -7.470901e-04
<VARIANCE> 39
 3.750077e+00 3.744130e+00 4.116774e+01 2.926474e+00 4.546233e+00 1.369349e+01 4.370918e+01 1.603424e+01 3.572581e+01 7.637166e+00 2.169766e+01 1.951404e+00 5.000000e-02 5.000000e-02 2.793706e-01 1.697508e-01 3.386317e-01 3.071901e-01 1.464460e-01 3.438649e-01 4.410143e-01 4.000494e-01 2.332792e-01 4.083719e-01 3.309161e-01 5.000000e-02 5.000000e-02 5.000000e-02 6.713592e-02 6.931929e-02 6.607203e-02 5.000000e-02 9.275814e-02 1.384989e-01 5.925567e-02 5.000000e-02 8.220270e-02 6.933402e-02 5.000000e-02
<GCONST> 4.125570e+01
<STATE> 13
<MEAN> 39
 -4.835578e+00 -2.442677e+01 -2.335680e+01 -1.110682e+00 5.891820e+00 -1.439111e+00 4.689050e+00 -1.093344e+01 2.497390e+00 -5.406889e+00 -1.078410e+01 6.455496e+00 9.921519e-01 -2.964535e-02 2.228873e-01 6.720924e-02 3.246215e-01 -1.718726e-01 3.628504e-01 -3.072048e-01 1.631223e-01 1.147900e-01 2.152661e-01 -6.793833e-01 4.433551e-01 -1.140826e-03 -2.155896e-02 -1.884953e-03 -5.073176e-02 -1.712676e-01 -1.208431e-01 -1.356181e-01 4.623055e-02 7.368781e-02 -2.207516e-01 -5.201942e-03 -5.922384e-02 -8.492516e-02 -1.070730e-03
<VARIANCE> 39
 3.992683e+00 6.648048e-01 3.944574e+01 5.412393e+00 4.010434e+00 2.603251e+01 7.070183e+01 3.506712e+01 4.467234e+01 4.090774e+00 1.440304e+01 1.733384e+00 5.000000e-02 5.318480e-02 1.440328e-01 8.749122e-02 2.840559e-01 5.205178e-01 2.309539e-01 1.641292e-01 1.497654e-01 2.157345e-01 9.433725e-02 4.640019e-01 3.496184e-01 5.000000e-02 5.000000e-02 5.000000e-02 8.047891e-02 5.000000e-02 6.878024e-02 5.000000e-02 1.208567e-01 2.151854e-01 7.276589e-02 5.000000e-02 6.400884e-02 1.704676e-01 5.000000e-02
<GCONST> 3.885218e+01
<STATE> 14
<MEAN> 39
 -4.748509e+00 -2.411940e+01 -2.547155e+01 3.730983e-01 5.591307e+00 -2.030669e+00 6.380061e+00 -1.294151e+01 4.166223e+00 -5.534872e+00 -1.045199e+01 6.904675e+00 9.917778e-01 1.239604e-01 -9.203839e-02 3.238339e-01 -1.867464e-01 -4.935345e-01 5.827060e-01 -4.782184e-01 6.629802e-01 -6.415063e-01 -2.386079e-01 -1.449867e-01 -2.044221e-02 -2.377275e-03 -4.134671e-02 -9.880114e-02 1.285881e-01 -2.583371e-01 -5.567406e-02 -2.520888e-01 2.153482e-01 2.438558e-01 -2.862518e-01 -1.001491e-01 2.891204e-01 -2.216988e-01 -2.815896e-03
<VARIANCE> 39
 6.538269e+00 1.231925e+00 3.001887e+01 3.876671e+00 1.650447e+00 5.377612e+00 2.783969e+01 1.465995e+01 2.074867e+01 9.173459e+00 1.318397e+01 7.121133e+00 5.000000e-02 1.212463e-01 1.632572e-01 4.651482e-01 1.046346e-01 3.841683e-01 4.249271e-01 4.536307e-01 1.178038e+00 6.349582e-02 1.956713e-01 5.132732e-01 7.011122e-01 5.000000e-02 5.000000e-02 5.000000e-02 5.000000e-02 5.000000e-02 1.535375e-01 5.000000e-02 5.000000e-02 7.640509e-02 5.000000e-02 5.000000e-02 5.000000e-02 6.941422e-02 5.000000e-02
<GCONST> 3.864973e+01
<STATE> 15
<MEAN> 39
 -3.257443e+00 -2.593690e+01 -2.320369e+01 -8.511322e-01 4.134412e+00 -1.390869e+00 6.329453e+00 -1.108110e+01 1.788469e+00 -4.971022e+00 -1.025214e+01 6.419244e+00 9.817570e-01 -1.016373e-01 1.907709e-02 4.605230e-01 -3.512246e-01 -4.893695e-01 -1.859187e-01 4.376556e-01 1.002353e+00 -1.123659e+00 2.002787e-01 2.773037e-01 2.176119e-02 -8.996498e-03 -1.531098e-01 1.612500e-01 3.759347e-02 6.851021e-02 -2.109520e-01 -2.153906e-01 4.347770e-01 1.966558e-01 -2.115757e-01 -5.755774e-02 7.410720e-02 1.987075e-01 -3.603074e-03
<VARIANCE> 39
 1.218351e+01 3.665807e+00 2.202484e+01 5.198163e+00 1.960787e+00 9.061759e+00 3.772182e+01 2.150604e+01 2.232749e+01 9.660157e+00 1.685584e+01 1.512898e+01 5.000000e-02 9.441461e-02 1.180766e-01 3.804137e-01 1.758943e-01 6.384039e-01 8.335196e-02 4.069709e-01 6.168478e-01 2.734413e-01 5.549116e-01 3.392100e-01 5.900484e-01 5.000000e-02 5.000000e-02 5.203899e-02 6.647933e-02 5.000000e-02 5.000000e-02 1.004584e-01 5.000000e-02 9.766102e-02 5.000000e-02 1.648700e-01 6.531452e-02 1.710169e-01 5.000000e-02
<GCONST> 4.514331e+01
<STATE> 16
<MEAN> 39
 -4.229698e+00 -2.404033e+01 -2.327897e+01 -1.817606e+00 4.574395e+00 -1.827869e+00 5.772551e+00 -5.987856e+00 -2.496586e+00 -4.363750e+00 -1.091261e+01 6.700166e+00 9.645367e-01 -3.449010e-01 2.430358e-01 2.252295e-01 5.595942e-02 -1.032897e+00 -8.610412e-01 1.207815e+00 1.028395e+00 -1.059007e+00 -8.953928e-01 5.285459e-01 5.500571e-01 -1.515868e-02 -1.065637e-01 8.210553e-03 1.913734e-02 2.414874e-01 -5.396602e-01 -1.084458e-01 3.825685e-01 -1.517411e-01 1.793331e-01 -3.267514e-01 3.739496e-02 -2.149891e-01 -3.083206e-03
<VARIANCE> 39
 7.534753e+00 3.750511e+00 1.934911e+01 2.580718e+00 1.298914e+01 1.031013e+01 3.353942e+01 2.274338e+01 3.550399e+01 1.647179e+01 2.627363e+01 1.370872e+01 5.000000e-02 2.691652e-01 2.779679e-01 3.987851e-01 6.645734e-01 4.215904e-01 7.173608e-01 4.876212e-01 8.471153e-01 4.048988e-01 8.209542e-01 1.376261e-01 9.529034e-01 5.000000e-02 5.000000e-02 5.000000e-02 1.046483e-01 5.942053e-02 1.495911e-01 1.379183e-01 5.000000e-02 1.072719e-01 1.775441e-01 2.129903e-01 7.821852e-02 2.225474e-01 5.000000e-02
<GCONST> 5.709403e+01
<STATE> 17
<MEAN> 39
 -6.195361e+00 -2.346371e+01 -2.279721e+01 -1.076948e+00 6.201650e-01 -3.730779e+00 7.978379e+00 -5.961368e+00 -2.318121e+00 -8.241672e+00 -9.576467e+00 7.442941e+00 9.282701e-01 -4.599013e-01 2.074265e-01 7.251323e-01 5.248821e-01 -2.340556e+00 -4.912500e-02 1.515758e+00 9.102524e-01 -7.611537e-01 -6.536912e-01 8.739641e-02 -5.355275e-01 -1.949817e-02 -4.227217e-02 1.771769e-02 3.105159e-01 -2.605273e-01 -4.047759e-01 4.038776e-01 1.870858e-01 1.091157e-01 1.210683e-01 3.807252e-01 -1.414222e-01 -5.659754e-01 -8.022622e-04
<VARIANCE> 39
 4.774072e+00 3.842976e+00 3.761924e+01 2.294517e+00 8.782578e+00 2.148071e+01 3.315850e+01 1.541112e+01 1.780703e+01 5.717709e+00 1.924200e+01 1.792230e+01 5.000000e-02 1.489252e-01 3.385635e-01 6.869449e-01 8.351384e-01 8.707876e-01 1.009133e+00 1.219848e-01 2.550770e-01 2.163294e+00 7.796663e-01 6.182566e-01 1.105340e+00 5.000000e-02 6.583747e-02 5.000000e-02 1.475294e-01 1.641695e-01 1.767582e-01 2.946828e-01 5.000418e-02 9.766169e-02 5.000000e-02 3.349768e-01 6.354000e-02 1.469998e-01 5.000000e-02
<GCONST> 5.852337e+01
<STATE> 18
<MEAN> 39
 -5.462623e+00 -2.444844e+01 -2.147666e+01 4.347165e-01 -2.494979e+00 -2.694524e+00 1.218103e+01 -5.912012e+00 -2.473773e+00 -7.594228e+00 -8.745004e+00 7.089641e+00 9.062350e-01 -6.370439e-01 6.841348e-03 1.051662e+00 -6.595229e-01 -2.469741e+00 1.692176e-01 1.906198e+00 1.110423e+00 -6.363136e-01 -2.147203e-01 -1.956649e-02 -1.624710e+00 -1.836696e-02 -6.152967e-02 3.009390e-01 1.033323e-01 -5.329280e-01 -1.710714e-01 -3.409865e-02 -3.668064e-02 -6.332815e-02 2.204958e-01 5.280925e-01 -8.834541e-02 -6.275097e-01 -1.718195e-03
<VARIANCE> 39
 9.879309e+00 5.619191e+00 9.320641e+00 1.894703e+01 9.305861e+00 1.877128e+01 2.238246e+01 3.156505e+01 1.028069e+01 4.034637e+00 1.321108e+01 1.389015e+01 5.000000e-02 1.649471e-01 1.533408e-01 8.588828e-01 7.586214e-01 1.096622e+00 1.457632e+00 7.970990e-02 6.363007e-01 2.051210e-01 2.339100e+00 6.339456e-01 7.975941e-01 5.000000e-02 5.000000e-02 5.000000e-02 5.000000e-02 2.316379e-01 5.513478e-02 1.031079e-01 5.121783e-02 1.502422e-01 1.579552e-01 1.303580e-01 8.203632e-02 1.584679e-01 5.000000e-02
<GCONST> 5.579428e+01
<STATE> 19
<MEAN> 39
 -7.549897e+00 -2.359858e+01 -1.875883e+01 -2.968829e+00 -7.436189e+00 -2.163328e+00 1.497397e+01 -2.660649e+00 -4.278498e+00 -7.395136e+00 -9.474174e+00 1.816188e+00 8.711107e-01 -5.002773e-01 1.192633e+00 1.093725e+00 -1.588204e+00 -2.649335e+00 -1.000350e-01 1.340081e+00 8.113532e-01 3.832058e-02 1.304879e+00 1.267278e-01 -2.003177e+00 -2.420535e-02 1.371354e-01 3.331657e-01 -6.229889e-02 -2.473439e-01 5.151372e-02 -4.148788e-01 -7.609890e-01 -4.823797e-01 5.559543e-01 8.035854e-01 1.418726e-01 3.144098e-01 -5.722056e-03
<VARIANCE> 39
 4.465762e+00 5.796700e+00 1.948310e+01 1.798041e+01 6.360336e+00 3.353693e+01 4.186945e+01 2.791422e+01 2.124954e+01 8.053080e+00 1.303486e+01 8.861189e+00 5.000000e-02 1.912395e-01 1.459213e-01 6.358969e-01 1.010388e+00 8.920624e-01 9.491296e-01 5.645694e-01 1.776840e+00 4.129590e-01 1.353267e+00 8.394235e-01 7.931558e-01 5.000000e-02 5.000000e-02 5.000000e-02 1.131494e-01 1.238183e-01 1.082930e-01 1.303651e-01 1.269248e-01 1.931828e-01 1.255759e-01 1.679952e-01 1.895792e-01 9.975772e-02 5.000000e-02
<GCONST> 6.289274e+01
<STATE> 20
<MEAN> 39
 -7.953623e+00 -1.859911e+01 -1.763110e+01 -5.769482e+00 -1.122599e+01 -2.747822e+00 1.499966e+01 -1.995689e+00 -2.820808e+00 -2.891117e+00 -9.348873e+00 -1.970672e+00 8.194947e-01 -1.019643e-01 1.404329e+00 7.371239e-01 -1.225298e+00 -2.368330e+00 -1.118089e+00 -7.471544e-01 -5.034884e-01 1.699938e+00 2.728708e+00 4.836172e-01 -6.798859e-01 -3.723124e-02 2.419356e-01 -2.337869e-01 2.146356e-03 1.624629e-01 3.319232e-01 -6.455671e-01 -1.144997e+00 -3.499537e-01 4.511115e-01 4.696436e-01 1.778685e-01 5.646307e-01 -3.204792e-03
<VARIANCE> 39
 4.087797e+00 1.370258e+01 1.854516e+01 2.301752e+01 1.030441e+01 3.426391e+01 3.138827e+01 2.021429e+01 1.243105e+01 1.388277e+01 8.513922e+00 1.095987e+01 5.000000e-02 1.277044e-01 1.752919e-01 3.009690e-01 9.729285e-01 5.000000e-02 2.177306e-01 1.573755e+00 7.290102e-01 1.681390e+00 1.162869e-01 7.808138e-01 5.310556e-01 5.000000e-02 5.000000e-02 5.000000e-02 1.166051e-01 2.043540e-01 6.694763e-02 7.290093e-02 5.000000e-02 5.278538e-01 1.717659e-01 2.210942e-01 9.925315e-02 1.637288e-01 5.000000e-02
<GCONST> 5.677968e+01
<STATE> 21
<MEAN> 39
 -8.559206e+00 -1.973504e+01 -1.531245e+01 -8.459435e+00 -1.581691e+01 -4.402699e+00 1.262633e+01 -3.833512e+00 -7.779368e-01 5.688544e-01 -7.362829e+00 1.014716e+00 7.519122e-01 8.135048e-02 6.452961e-01 1.332002e+00 -1.350785e+00 -1.649730e+00 -2.072816e+00 -2.478968e+00 -9.248649e-01 1.359123e+00 3.455683e+00 6.135806e-01 -1.294903e-01 -4.291600e-02 1.958520e-01 -2.790107e-01 2.317389e-01 2.967395e-02 6.809223e-01 -1.967119e-02 -5.660337e-01 -4.909673e-02 6.474026e-02 -1.405543e-01 3.954770e-02 2.512023e-01 2.098868e-03
<VARIANCE> 39
 3.850213e+00 1.026612e+01 1.372527e+01 1.468342e+01 4.181315e+00 1.867726e+01 2.747069e+01 1.568987e+01 1.600209e+01 2.085415e+01 4.055302e+00 2.192213e+01 5.000000e-02 5.564353e-02 8.305926e-02 4.124495e-01 1.307571e-01 5.899301e-01 1.408137e-01 1.584993e-01 1.335160e+00 5.482458e-01 1.574342e-01 7.666479e-01 1.762909e-01 5.000000e-02 5.107256e-02 5.000000e-02 1.385259e-01 1.877606e-01 6.298245e-02 8.248930e-02 1.371937e-01 3.099107e-01 3.933095e-01 2.708647e-01 1.116363e-01 2.910808e-01 5.000000e-02
<GCONST> 5.190232e+01
<STATE> 22
<MEAN> 39
 -6.792746e+00 -1.776405e+01 -1.502700e+01 -8.157402e+00 -1.654865e+01 -1.026273e+01 8.658292e+00 -4.632013e+00 2.457075e+00 6.332502e+00 -7.520535e+00 -1.752900e+00 7.044698e-01 6.500478e-01 2.983354e-01 1.379139e+00 -1.072975e+00 -3.696527e-01 -1.517420e+00 -2.264791e+00 -2.866376e-01 1.338709e+00 2.314020e+00 7.488683e-01 3.701403e-01 -2.566550e-02 2.240847e-01 -3.051617e-01 9.432501e-02 6.072188e-02 7.106054e-01 9.425399e-01 3.206435e-01 2.099656e-01 -4.750765e-01 -9.459708e-01 -3.679417e-02 2.124702e-01 4.585957e-03
<VARIANCE> 39
 5.038275e+00 8.164698e+00 2.305960e+01 2.445969e+01 1.207913e+01 3.922958e+01 5.381422e+01 2.066587e+01 3.362073e+00 1.613302e+01 1.634115e+01 1.623614e+01 5.000000e-02 2.760967e-01 2.904669e-01 1.063686e+00 1.254945e+00 5.139221e-01 1.020182e+00 9.439806e-01 1.119500e+00 2.060981e+00 1.437391e+00 5.831603e-01 1.608791e+00 5.000000e-02 5.000000e-02 5.000000e-02 6.082674e-02 7.696579e-02 5.587286e-02 2.227660e-01 2.437372e-01 2.744197e-01 3.156773e-01 1.225370e-01 1.776990e-01 9.030204e-02 5.000000e-02
<GCONST> 6.785728e+01
<STATE> 23
<MEAN> 39
 -6.748285e+00 -1.777238e+01 -1.025306e+01 -1.159852e+01 -1.595226e+01 -1.005708e+01 5.585025e+00 -5.270494e+00 3.968578e+00 7.784949e+00 -5.471051e+00 1.122093e+00 6.616347e-01 8.320905e-01 -1.252802e-01 1.359845e+00 -9.406638e-01 7.457074e-01 1.279111e+00 -1.245911e+00 4.419122e-01 -3.000963e-01 -4.491447e-01 -3.438789e-02 4.000165e-01 -2.681788e-02 2.988276e-01 -3.978176e-01 -3.559729e-03 3.631258e-01 5.115501e-01 7.917551e-01 4.450969e-01 3.015074e-01 -6.075911e-01 -1.038165e+00 -5.284486e-01 -9.054617e-02 -1.795437e-03
<VARIANCE> 39
 1.042347e+01 1.060086e+01 1.974878e+01 1.771909e+01 5.919968e+00 2.872932e+01 5.059922e+01 1.567140e+01 1.075651e+01 4.755561e+00 1.087710e+01 1.118798e+01 5.000000e-02 4.361105e-01 3.729797e-01 4.781304e-01 6.771779e-01 1.426868e+00 1.291502e+00 1.210785e+00 1.541482e+00 1.263190e+00 1.341081e+00 1.680158e+00 4.767243e-01 5.000000e-02 5.000000e-02 5.408442e-02 1.872671e-01 2.465707e-01 5.286078e-02 2.209432e-01 2.755225e-01 2.753935e-01 3.003986e-01 2.004886e-01 1.373337e-01 3.463439e-01 5.000000e-02
<GCONST> 7.052564e+01
<STATE> 24
<MEAN> 39
 -5.201681e+00 -1.915911e+01 -9.458645e+00 -1.243021e+01 -1.310866e+01 -3.026047e+00 3.928961e+00 -3.532984e+00 2.438626e+00 4.286883e+00 -7.654664e+00 9.320296e-01 5.989631e-01 1.602363e+00 -1.256784e+00 1.671868e+00 2.705218e-01 1.474849e+00 1.555535e+00 -4.427513e-01 3.812364e-01 -3.520397e-01 -1.949203e+00 -1.098956e+00 -1.626856e-01 -3.618740e-02 2.895341e-01 -1.679817e-01 2.488724e-01 4.965211e-01 1.706337e-01 -2.052346e-01 1.449449e-01 1.085055e-01 -1.336515e-02 -3.708469e-01 8.938678e-02 -2.310250e-01 -2.644514e-03
<VARIANCE> 39
 9.944481e+00 5.099978e+00 1.795642e+01 8.388912e+00 2.570220e+01 2.786766e+01 1.242758e+01 2.874817e+01 1.445090e+01 1.271732e+01 2.248120e+01 2.238568e+01 5.000000e-02 2.545837e-01 5.920269e-01 8.615243e-01 2.519329e+00 7.577170e-01 2.768312e-01 2.387842e+00 1.148900e+00 2.423675e+00 1.930470e+00 5.472953e-01 1.391439e+00 5.000000e-02 9.699800e-02 5.285412e-02 5.000000e-02 1.950646e-01 2.736918e-01 3.186658e-01 5.000000e-02 5.357795e-01 1.160736e-01 1.665192e-01 5.151924e-01 3.258676e-01 5.000000e-02
<GCONST> 7.342587e+01
<STATE> 25
<MEAN> 39
 -3.728398e-01 -2.158829e+01 -5.464805e+00 -1.213352e+01 -1.197542e+01 -6.402634e+00 3.056410e+00 -3.334991e+00 2.495070e-01 4.189358e+00 -8.931939e+00 -7.372523e-01 5.623449e-01 1.653909e+00 -7.087926e-01 2.434714e+00 3.121121e-01 1.625084e+00 8.025681e-01 -7.429699e-01 1.049044e+00 -5.017522e-01 -1.190367e+00 -1.644023e-01 -3.204206e-01 -3.679223e-02 -1.333475e-01 2.074321e-01 -5.226337e-01 5.687094e-01 -1.735799e-01 -3.557908e-01 3.196426e-01 -1.979031e-01 2.406173e-01 -1.415138e-01 5.229101e-01 1.056984e-02 1.228275e-03
<VARIANCE> 39
 8.562883e+00 3.947495e+00 7.067582e+00 2.943225e+00 1.998288e+01 3.224593e+01 1.155249e+01 1.184674e+01 2.023399e+01 2.913102e+01 1.247009e+01 9.743321e+00 5.000000e-02 6.172814e-01 6.456370e-01 3.557903e-01 3.751040e+00 3.462035e-01 2.616832e+00 1.377012e+00 2.119633e+00 1.193341e+00 1.176428e+00 1.840606e+00 3.145539e+00 5.000000e-02 5.000000e-02 5.000000e-02 1.165787e-01 1.479713e-01 1.683065e-01 1.463829e-01 1.929214e-01 5.767585e-02 2.664429e-01 1.754889e-01 2.037781e-01 7.286680e-02 5.000000e-02
<GCONST> 6.872234e+01
<STATE> 26
<MEAN> 39
 1.283813e+00 -2.203375e+01 -2.549602e+00 -8.323517e+00 -8.258944e+00 -1.052989e+00 3.127335e+00 -1.582926e-01 1.278161e+00 -2.069540e+00 -8.447369e+00 -1.678631e-01 4.847109e-01 1.355677e+00 -6.108971e-01 1.880545e-01 1.737239e+00 6.653208e-01 1.904072e-01 3.360325e-03 -5.827544e-02 -2.891386e-01 -1.535912e+00 1.168455e+00 -2.721160e-01 -2.847931e-02 -5.027816e-01 1.063253e-01 -1.011829e+00 5.383603e-03 -7.853859e-02 -2.173537e-01 1.698705e-01 -5.504661e-01 -1.650205e-02 1.424740e-01 4.181723e-01 1.420122e-02 5.227034e-03
<VARIANCE> 39
 2.491302e+00 8.013734e+00 1.706880e+01 1.868667e+01 1.395597e+01 1.252201e+01 3.031293e+00 3.704788e+00 2.733655e+01 3.133931e+01 1.065810e+01 7.505292e+00 5.000000e-02 5.747152e-01 3.220645e-01 7.059041e-01 4.320113e-01 1.138200e+00 7.186069e-01 8.552260e-01 1.364836e+00 5.346560e-01 2.053831e-01 1.936203e+00 1.518120e+00 5.000000e-02 9.981567e-02 1.091740e-01 2.201012e-01 4.408686e-01 1.107359e-01 2.993641e-01 1.699201e-01 2.276000e-01 3.779918e-01 3.478530e-01 2.134854e-01 2.061738e-01 5.000000e-02
<GCONST> 6.745115e+01
<STATE> 27
<MEAN> 39
 2.986029e+00 -2.262358e+01 -5.138855e+00 -7.443556e+00 -1.045953e+01 -4.742135e+00 2.673362e+00 -3.733241e+00 7.841202e-02 -1.438006e+00 -4.690020e+00 -9.623351e-01 4.626718e-01 5.202199e-01 -4.886812e-01 -1.498577e+00 1.210188e+00 1.236824e+00 5.269706e-01 2.394746e-01 -1.008496e+00 1.965266e-01 -2.021192e+00 8.631704e-01 -4.505945e-01 -2.045907e-02 -4.598763e-01 3.790273e-02 -7.051620e-01 1.232480e-01 5.093780e-01 -9.205096e-02 2.335839e-01 -4.881582e-02 -5.687899e-02 3.637576e-02 -2.797347e-02 2.380050e-01 2.914438e-04
<VARIANCE> 39
 2.356401e+00 8.101583e+00 2.333395e+00 1.554650e+01 1.995193e+01 2.239347e+01 4.384053e+00 3.506715e+00 1.406289e+01 3.868944e+01 2.341011e+00 8.466648e+00 5.000000e-02 5.004610e-01 5.719762e-01 1.805970e+00 5.474539e-01 7.593556e-01 1.751987e+00 1.587166e-01 4.906164e-01 1.282458e+00 1.276222e+00 8.341536e-01 3.009251e-01 5.000000e-02 6.330153e-02 5.000000e-02 7.388895e-02 2.508779e-01 6.121901e-02 1.754934e-01 1.565468e-01 1.435339e-01 2.129768e-01 4.591216e-01 2.325156e-01 3.355463e-01 5.000000e-02
<GCONST> 5.998345e+01
<STATE> 28
<MEAN> 39
 2.921726e+00 -2.310102e+01 -7.232010e+00 -5.865332e+00 -4.621465e+00 -9.474496e-01 4.087329e+00 -4.387546e+00 8.498521e-01 -6.119322e+00 -5.305222e+00 -1.570573e+00 4.340478e-01 -4.764682e-01 -4.255339e-01 -1.869039e+00 1.636080e+00 2.480904e+00 -2.590066e-01 3.478566e-01 -1.118521e-01 -8.225660e-01 -1.256510e+00 1.077736e+00 5.004057e-01 -2.753074e-02 -3.171236e-01 1.240923e-01 -1.282485e-01 -1.557746e-01 -6.777908e-02 -4.136759e-01 7.329208e-02 6.124927e-01 -2.117552e-01 4.424130e-01 -3.608838e-02 2.263958e-01 -1.518663e-03
<VARIANCE> 39
 7.012651e+00 1.637784e+01 5.760312e+00 4.073576e+00 5.600220e+00 1.217876e+01 4.992884e+00 3.659815e+00 1.485209e+01 1.749157e+01 7.652549e+00 1.544467e+01 5.000000e-02 1.793043e-01 1.936450e-01 6.440020e-01 1.124813e+00 4.407036e-01 7.943349e-01 4.252179e-01 1.404999e+00 2.183195e+00 2.701015e+00 1.503294e+00 9.701249e-01 5.000000e-02 1.170039e-01 2.334030e-01 3.185764e-01 1.000260e-01 1.473353e-01 3.934979e-01 5.000000e-02 2.287986e-01 1.291031e-01 1.516700e-01 2.155325e-01 1.609704e-01 5.000000e-02
<GCONST> 6.329393e+01
<STATE> 29
<MEAN> 39
 9.722475e-01 -2.470551e+01 -1.165960e+01 -5.993263e-01 -8.705782e-01 -4.302318e+00 4.469257e+00 -4.465974e+00 -2.317540e+00 -6.791831e+00 -6.034145e-01 1.968272e+00 3.612381e-01 -5.784341e-01 1.607050e-03 -1.463875e+00 6.521332e-01 1.147768e+00 -5.699064e-01 9.484903e-01 8.521088e-01 -7.316952e-01 2.104125e-01 7.155023e-01 8.796161e-01 -2.652974e-02 5.059940e-02 3.144217e-01 6.634628e-01 -5.447365e-01 -8.003250e-01 -2.597020e-01 -1.757936e-02 4.506030e-01 2.912908e-01 3.672630e-01 -3.788120e-01 -1.955913e-01 -6.639180e-04
<VARIANCE> 39
 2.921367e+00 5.077380e+00 9.102110e+00 8.970880e+00 1.003897e+01 1.902337e+01 8.799924e+00 8.466639e+00 3.311230e+00 1.775559e+00 8.434584e+00 1.387636e+01 5.000000e-02 4.502895e-01 1.373159e+00 9.237043e-01 7.502666e-01 6.603764e-01 1.178753e+00 6.099367e-01 1.269176e+00 1.535923e+00 2.381994e+00 1.238571e+00 1.406620e+00 5.000000e-02 5.000000e-02 6.794629e-02 3.068627e-01 1.005453e-01 6.379650e-02 1.967629e-01 1.726861e-01 1.671284e-01 2.144865e-01 2.070266e-01 2.373529e-01 1.193517e-01 5.000000e-02
<GCONST> 6.261990e+01
<STATE> 30
<MEAN> 39
 6.626781e-01 -2.366472e+01 -1.352697e+01 -3.148294e+00 -1.379952e-01 -3.873740e+00 6.015100e+00 -2.531990e-01 -1.701361e+00 -7.158144e+00 -3.933781e+00 -6.720021e-01 3.438232e-01 -4.681583e-01 4.218436e-01 -3.602248e-01 1.446875e-02 -3.948458e-01 -1.096775e+00 6.618751e-01 1.533306e+00 -1.506256e-01 -1.366885e-01 3.421291e-01 -7.795107e-03 -3.010941e-02 1.531847e-02 4.195596e-01 7.840208e-01 -1.639501e-01 -5.234808e-01 -6.390128e-03 -2.934759e-01 -2.053147e-01 3.953857e-01 3.238405e-01 2.958250e-01 2.506850e-01 -3.662634e-03
<VARIANCE> 39
 5.462862e-01 1.544577e+00 4.500184e+00 1.092934e+01 7.176744e+00 5.765442e+00 1.628935e+01 8.524800e+00 1.317750e+01 1.680606e+01 7.934079e+00 9.390344e+00 5.000000e-02 3.196350e-01 5.896727e-01 1.981005e+00 3.254339e-01 5.130364e-01 2.070180e+00 8.504992e-01 9.581267e-01 1.410956e-01 7.109460e-01 9.732666e-01 6.118367e-01 5.000000e-02 5.000000e-02 6.961501e-02 1.089216e-01 1.753725e-01 1.644384e-01 3.685660e-01 2.224552e-01 7.587997e-01 2.225548e-01 3.920071e-01 3.752834e-01 3.608452e-01 5.000000e-02
<GCONST> 6.107362e+01
<STATE> 31
<MEAN> 39
 1.198133e-01 -2.217301e+01 -1.080475e+01 -1.790776e+00 -3.701884e+00 -7.815956e+00 5.832530e+00 1.307712e-01 -1.087990e+00 -6.016294e+00 -1.338216e+00 6.383148e-01 2.729121e-01 -4.183666e-01 1.310104e+00 1.220651e+00 -4.106647e-02 -4.997903e-01 -1.166596e+00 -8.291426e-01 -6.909713e-03 7.431536e-01 2.586801e-01 8.273485e-01 8.732435e-01 -3.654972e-02 -1.629883e-01 1.264059e-01 8.105695e-02 2.738155e-02 4.803108e-01 4.703231e-01 -2.396145e-01 -3.049754e-01 1.368467e-01 9.369018e-03 2.310989e-01 5.454990e-02 -2.952749e-03
<VARIANCE> 39
 2.019440e+00 1.895696e+00 7.289478e+00 7.000425e+00 1.328904e+01 1.567764e+01 1.192797e+01 8.859580e+00 4.498631e+00 8.007648e+00 6.804502e+00 3.503604e+00 5.000000e-02 2.416023e-01 5.908469e-01 8.525721e-01 4.750139e-01 9.173689e-01 2.032192e+00 1.295805e+00 4.183827e+00 3.194946e-01 1.373580e+00 1.972893e+00 2.006433e+00 5.000000e-02 5.000000e-02 2.580281e-01 2.090808e-01 2.563781e-01 2.883356e-01 4.548335e-01 3.685865e-01 3.304170e-01 8.473261e-02 2.263425e-01 1.543153e-01 1.207276e-01 5.000000e-02
<GCONST> 6.538445e+01
<STATE> 32
<MEAN> 39
 -8.082978e-01 -2.062157e+01 -1.034479e+01 -1.892566e+00 -6.049489e-01 -6.786269e+00 4.921184e+00 -4.095383e-01 1.006514e-01 -5.131656e+00 2.002976e+00 4.558860e+00 2.324171e-01 -8.900642e-01 1.139754e+00 3.396318e-01 1.694008e-01 1.175199e+00 5.046092e-01 -3.957976e-01 -2.781389e-02 6.852108e-01 7.435189e-01 1.423891e+00 5.784181e-01 -3.865401e-02 -2.264780e-02 6.355893e-02 -2.797624e-02 -8.197214e-02 2.152923e-01 2.948238e-01 -2.949620e-02 -1.827370e-02 -1.548615e-01 -1.068885e-01 -4.760087e-01 -6.399735e-01 1.264210e-03
<VARIANCE> 39
 1.432092e+00 4.284922e+00 7.763378e+00 6.976347e+00 1.848440e+00 1.448794e+01 1.444388e+01 2.587135e+01 3.750066e+00 1.087748e+01 1.359554e+01 1.017955e+01 5.000000e-02 8.601267e-02 7.925076e-01 8.338284e-01 1.423325e+00 9.886972e-01 1.622796e+00 1.794932e+00 1.880733e+00 1.143621e+00 1.501869e+00 1.353865e+00 1.535309e+00 5.000000e-02 8.709608e-02 3.046152e-01 1.915199e-01 2.232156e-01 3.335662e-01 4.253855e-01 3.941440e-01 8.640150e-01 1.363459e-01 1.613071e-01 3.082117e-01 3.754703e-01 5.000000e-02
<GCONST> 7.100806e+01
<STATE> 33
<MEAN> 39
 -2.820683e+00 -1.711279e+01 -8.542612e+00 -2.419954e+00 3.913750e-01 -5.650172e+00 4.667830e+00 9.864795e-01 6.970655e-01 -4.827573e+00 2.339079e+00 3.511095e+00 1.308832e-01 -7.236899e-01 8.377956e-01 3.589779e-01 -2.827005e-02 9.208024e-01 5.201420e-01 -1.753132e-01 1.026498e+00 -2.794858e-02 -1.163580e-01 -1.677617e-01 -1.091078e+00 -2.870120e-02 1.451492e-01 -2.909876e-01 -1.612952e-01 1.635728e-01 -3.154912e-02 5.762720e-02 -5.103419e-02 -1.729756e-01 -2.175176e-01 -2.446247e-01 -5.851665e-01 -6.169584e-01 5.346970e-03
<VARIANCE> 39
 2.478435e+00 1.969839e+01 5.505452e+00 1.844730e+01 1.565087e+01 9.954403e+00 1.700700e+01 3.857276e+01 5.712820e+00 7.573135e+00 9.681867e+00 1.111972e+01 5.000000e-02 4.860016e-01 2.223040e+00 3.748152e-01 2.652173e+00 2.600514e+00 2.149613e+00 1.518679e+00 1.788321e+00 1.227458e+00 3.417614e-01 1.762713e+00 1.789208e+00 5.000000e-02 5.000000e-02 4.408026e-01 1.821197e-01 4.623623e-01 4.372433e-01 4.410884e-01 4.226018e-01 7.424659e-01 1.575634e-01 2.347766e-01 2.019292e-01 4.073752e-01 5.000000e-02
<GCONST> 7.936210e+01
<STATE> 34
<MEAN> 39
 -3.175443e+00 -1.748837e+01 -9.123003e+00 -2.208606e+00 7.008908e-01 -6.204312e+00 3.879247e+00 2.041303e+00 -4.846202e-02 -5.638956e+00 -1.756201e-01 -1.387322e+00 1.248085e-01 -3.188626e-01 9.684865e-01 5.648049e-01 2.560695e-01 4.300129e-01 1.004642e-01 -4.569444e-01 -3.090322e-01 5.144753e-02 -1.521932e-01 -9.350434e-01 -1.302405e+00 -3.022045e-02 -2.338098e-02 2.957127e-02 1.762210e-01 3.374389e-02 -1.516090e-01 5.390591e-02 2.347830e-02 -1.583253e-01 2.255724e-01 1.760658e-01 1.648676e-01 6.178827e-01 -2.717383e-03
<VARIANCE> 39
 5.992965e+00 1.491530e+01 1.206071e+01 2.166570e+01 1.714291e+01 1.183895e+01 7.918356e+00 5.061766e+00 1.114889e+01 9.795614e+00 1.402487e+01 2.044675e+00 5.000000e-02 5.207443e-01 2.118846e+00 1.591973e+00 2.576665e+00 1.410005e+00 1.228184e+00 8.721461e-01 2.154739e+00 8.839976e-01 1.656041e+00 3.849728e-01 1.504895e+00 5.000000e-02 1.175601e-01 3.014064e-01 8.504253e-02 5.780368e-01 5.881794e-01 1.572686e-01 5.000000e-02 1.669617e-01 3.329718e-01 1.378106e-01 1.245263e-01 2.971053e-01 5.000000e-02
<GCONST> 7.242944e+01
<STATE> 35
<MEAN> 39
 -3.317243e+00 -1.656712e+01 -9.417006e+00 -1.767539e+00 2.643427e+00 -4.602720e+00 4.054384e+00 -4.357404e-01 -4.884710e-01 -6.259359e+00 -5.850989e-01 -9.694989e-01 6.564219e-02 -6.919741e-01 9.143758e-01 9.106624e-01 8.637693e-02 -2.855854e-02 3.899276e-01 -3.614134e-01 -2.647625e-01 8.279767e-01 5.659548e-01 1.788981e-01 4.824294e-01 -3.943282e-02 -1.074819e-01 1.337542e-01 1.866409e-01 -1.746008e-01 -2.280603e-01 1.377599e-01 3.095665e-01 -2.742625e-02 1.265925e-01 2.793300e-01 5.057831e-01 6.122321e-01 -3.365066e-03
<VARIANCE> 39
 4.280250e+00 6.396229e+00 9.990865e+00 6.049284e+00 9.930288e-01 1.348524e+01 1.404776e+00 1.367852e+01 4.994843e+00 1.972580e+01 7.829300e+00 4.162052e+00 5.000000e-02 4.454959e-01 7.867615e-01 1.120867e+00 2.509743e+00 2.237898e+00 8.389275e-01 7.342077e-01 9.682973e-02 2.171528e+00 1.051014e+00 6.105376e-01 7.486330e-01 5.000000e-02 1.224484e-01 3.189656e-01 2.878909e-01 2.830593e-01 1.715603e-01 2.705247e-01 8.455843e-02 2.593830e-01 1.113854e-01 3.557049e-01 5.302926e-02 2.097337e-01 5.000000e-02
<GCONST> 6.137294e+01
<STATE> 36
<MEAN> 39
 -5.800501e+00 -1.435495e+01 -5.502922e+00 -3.316557e-01 1.667159e+00 -5.208859e+00 1.792732e+00 1.369964e+00 3.268924e+00 -3.239168e+00 2.059528e-01 6.399298e-01 -4.699838e-03 -6.942812e-01 8.050435e-01 5.838500e-01 -1.568085e-01 1.132142e-01 9.939206e-01 6.210656e-01 -1.243552e-01 4.955482e-01 7.665316e-01 9.627147e-01 1.229737e+00 -3.418657e-02 1.041937e-01 -2.181031e-01 -3.418568e-01 -2.135247e-01 4.268545e-02 7.070760e-02 2.605318e-01 -9.583218e-02 -4.206138e-01 -1.204189e-01 3.204219e-02 -7.117762e-02 4.236385e-03
<VARIANCE> 39
 1.444686e+00 3.298440e+00 5.160979e+00 2.364841e+00 5.939821e+00 5.910513e+00 1.066558e+01 1.040364e+01 2.545443e+01 1.645361e+01 1.819611e+01 8.896757e+00 5.000000e-02 3.666907e-01 5.919006e-01 7.832718e-01 6.786663e-01 1.201438e+00 9.648326e-01 2.042311e-01 1.136235e+00 8.542610e-01 2.126228e+00 6.762518e-01 5.329104e-01 5.000000e-02 5.000000e-02 5.000000e-02 1.816466e-01 4.307750e-01 4.283211e-01 1.683001e-01 1.746604e-01 1.462730e-01 4.286806e-01 2.003692e-01 1.494606e-01 2.600376e-01 5.000000e-02
<GCONST> 6.171001e+01
<STATE> 37
<MEAN> 39
 -6.211420e+00 -1.244469e+01 -6.173790e+00 -3.685687e+00 1.734421e+00 -1.872715e+00 6.958068e+00 6.969499e-02 1.764895e+00 -3.544750e+00 3.876299e+00 3.254433e+00 -4.963636e-02 -3.287442e-01 3.510009e-01 -3.460146e-02 -6.579721e-01 1.496448e-01 6.673400e-01 6.230016e-01 -9.295592e-01 -8.438531e-01 -3.384772e-02 3.277799e-01 2.776474e-01 -2.859577e-02 1.874717e-01 -1.591024e-01 -1.190895e-01 1.617843e-01 4.424139e-02 -3.076370e-01 -3.564730e-01 4.944237e-02 -4.398039e-01 -4.667673e-01 -5.430760e-01 -5.922485e-01 7.382039e-03
<VARIANCE> 39
 9.982871e-01 2.425129e-01 1.838982e+00 1.168901e+00 4.523784e+00 1.291331e+01 3.176205e+00 1.215948e+01 1.145729e+01 1.023602e+01 7.414760e+00 1.801709e+00 5.000000e-02 1.662089e-01 1.571542e-01 8.133066e-01 3.084135e-01 1.453699e+00 2.011718e+00 8.389487e-01 1.000341e+00 1.409771e+00 9.432624e-01 2.787420e-01 6.877495e-01 5.000000e-02 5.000000e-02 6.133894e-02 5.886244e-02 7.322217e-02 9.153475e-02 8.815125e-02 8.722375e-02 6.230174e-02 8.863220e-02 3.841891e-01 1.081830e-01 7.771445e-02 5.000000e-02
<GCONST> 4.219090e+01
<TRANSP> 38
 0.000000e+00 1.000000e+00 0.000000e+00 0.000000e+00 0.000000e+00 0.000000e+00 0.000000e+00 0.000000e+00 0.000000e+00 0.000000e+00 0.000000e+00 0.000000e+00 0.000000e+00 0.000000e+00 0.000000e+00 0.000000e+00 0.000000e+00 0.000000e+00 0.000000e+00 0.000000e+00 0.000000e+00 0.000000e+00 0.000000e+00 0.000000e+00 0.000000e+00 0.000000e+00 0.000000e+00 0.000000e+00 0.000000e+00 0.000000e+00 0.000000e+00 0.000000e+00 0.000000e+00 0.000000e+00 0.000000e+00 0.000000e+00 0.000000e+00 0.000000e+00
 0.000000e+00 5.455940e-01 4.544059e-01 0.000000e+00 0.000000e+00 0.000000e+00 0.000000e+00 0.000000e+00 0.000000e+00 0.000000e+00 0.000000e+00 0.000000e+00 0.000000e+00 0.000000e+00 0.000000e+00 0.000000e+00 0.000000e+00 0.000000e+00 0.000000e+00 0.000000e+00 0.000000e+00 0.000000e+00 0.000000e+00 0.000000e+00 0.000000e+00 0.000000e+00 0.000000e+00 0.000000e+00 0.000000e+00 0.000000e+00 0.000000e+00 0.000000e+00 0.000000e+00 0.000000e+00 0.000000e+00 0.000000e+00 0.000000e+00 0.000000e+00
 0.000000e+00 0.000000e+00 3.744724e-01 6.255276e-01 0.000000e+00 0.000000e+00 0.000000e+00 0.000000e+00 0.000000e+00 0.000000e+00 0.000000e+00 0.000000e+00 0.000000e+00 0.000000e+00 0.000000e+00 0.000000e+00 0.000000e+00 0.000000e+00 0.000000e+00 0.000000e+00 0.000000e+00 0.000000e+00 0.000000e+00 0.000000e+00 0.000000e+00 0.000000e+00 0.000000e+00 0.000000e+00 0.000000e+00 0.000000e+00 0.000000e+00 0.000000e+00 0.000000e+00 0.000000e+00 0.000000e+00 0.000000e+00 0.000000e+00 0.000000e+00
 0.000000e+00 0.000000e+00 0.000000e+00 2.862398e-01 7.137602e-01 0.000000e+00 0.000000e+00 0.000000e+00 0.000000e+00 0.000000e+00 0.000000e+00 0.000000e+00 0.000000e+00 0.000000e+00 0.000000e+00 0.000000e+00 0.000000e+00 0.000000e+00 0.000000e+00 0.000000e+00 0.000000e+00 0.000000e+00 0.000000e+00 0.000000e+00 0.000000e+00 0.000000e+00 0.000000e+00 0.000000e+00 0.000000e+00 0.000000e+00 0.000000e+00 0.000000e+00 0.000000e+00 0.000000e+00 0.000000e+00 0.000000e+00 0.000000e+00 0.000000e+00
 0.000000e+00 0.000000e+00 0.000000e+00 0.000000e+00 3.749927e-01 6.250073e-01 0.000000e+00 0.000000e+00 0.000000e+00 0.000000e+00 0.000000e+00 0.000000e+00 0.000000e+00 0.000000e+00 0.000000e+00 0.000000e+00 0.000000e+00 0.000000e+00 0.000000e+00 0.000000e+00 0.000000e+00 0.000000e+00 0.000000e+00 0.000000e+00 0.000000e+00 0.000000e+00 0.000000e+00 0.000000e+00 0.000000e+00 0.000000e+00 0.000000e+00 0.000000e+00 0.000000e+00 0.000000e+00 0.000000e+00 0.000000e+00 0.000000e+00 0.000000e+00
 0.000000e+00 0.000000e+00 0.000000e+00 0.000000e+00 0.000000e+00 1.666671e-01 8.333328e-01 0.000000e+00 0.000000e+00 0.000000e+00 0.000000e+00 0.000000e+00 0.000000e+00 0.000000e+00 0.000000e+00 0.000000e+00 0.000000e+00 0.000000e+00 0.000000e+00 0.000000e+00 0.000000e+00 0.000000e+00 0.000000e+00 0.000000e+00 0.000000e+00 0.000000e+00 0.000000e+00 0.000000e+00 0.000000e+00 0.000000e+00 0.000000e+00 0.000000e+00 0.000000e+00 0.000000e+00 0.000000e+00 0.000000e+00 0.000000e+00 0.000000e+00
 0.000000e+00 0.000000e+00 0.000000e+00 0.000000e+00 0.000000e+00 0.000000e+00 2.857516e-01 7.142484e-01 0.000000e+00 0.000000e+00 0.000000e+00 0.000000e+00 0.000000e+00 0.000000e+00 0.000000e+00 0.000000e+00 0.000000e+00 0.000000e+00 0.000000e+00 0.000000e+00 0.000000e+00 0.000000e+00 0.000000e+00 0.000000e+00 0.000000e+00 0.000000e+00 0.000000e+00 0.000000e+00 0.000000e+00 0.000000e+00 0.000000e+00 0.000000e+00 0.000000e+00 0.000000e+00 0.000000e+00 0.000000e+00 0.000000e+00 0.000000e+00
 0.000000e+00 0.000000e+00 0.000000e+00 0.000000e+00 0.000000e+00 0.000000e+00 0.000000e+00 4.444391e-01 5.555609e-01 0.000000e+00 0.000000e+00 0.000000e+00 0.000000e+00 0.000000e+00 0.000000e+00 0.000000e+00 0.000000e+00 0.000000e+00 0.000000e+00 0.000000e+00 0.000000e+00 0.000000e+00 0.000000e+00 0.000000e+00 0.000000e+00 0.000000e+00 0.000000e+00 0.000000e+00 0.000000e+00 0.000000e+00 0.000000e+00 0.000000e+00 0.000000e+00 0.000000e+00 0.000000e+00 0.000000e+00 0.000000e+00 0.000000e+00
 0.000000e+00 0.000000e+00 0.000000e+00 0.000000e+00 0.000000e+00 0.000000e+00 0.000000e+00 0.000000e+00 5.005046e-01 4.994955e-01 0.000000e+00 0.000000e+00 0.000000e+00 0.000000e+00 0.000000e+00 0.000000e+00 0.000000e+00 0.000000e+00 0.000000e+00 0.000000e+00 0.000000e+00 0.000000e+00 0.000000e+00 0.000000e+00 0.000000e+00 0.000000e+00 0.000000e+00 0.000000e+00 0.000000e+00 0.000000e+00 0.000000e+00 0.000000e+00 0.000000e+00 0.000000e+00 0.000000e+00 0.000000e+00 0.000000e+00 0.000000e+00
 0.000000e+00 0.000000e+00 0.000000e+00 0.000000e+00 0.000000e+00 0.000000e+00 0.000000e+00 0.000000e+00 0.000000e+00 4.434077e-01 5.565923e-01 0.000000e+00 0.000000e+00 0.000000e+00 0.000000e+00 0.000000e+00 0.000000e+00 0.000000e+00 0.000000e+00 0.000000e+00 0.000000e+00 0.000000e+00 0.000000e+00 0.000000e+00 0.000000e+00 0.000000e+00 0.000000e+00 0.000000e+00 0.000000e+00 0.000000e+00 0.000000e+00 0.000000e+00 0.000000e+00 0.000000e+00 0.000000e+00 0.000000e+00 0.000000e+00 0.000000e+00
 0.000000e+00 0.000000e+00 0.000000e+00 0.000000e+00 0.000000e+00 0.000000e+00 0.000000e+00 0.000000e+00 0.000000e+00 0.000000e+00 4.433866e-01 5.566135e-01 0.000000e+00 0.000000e+00 0.000000e+00 0.000000e+00 0.000000e+00 0.000000e+00 0.000000e+00 0.000000e+00 0.000000e+00 0.000000e+00 0.000000e+00 0.000000e+00 0.000000e+00 0.000000e+00 0.000000e+00 0.000000e+00 0.000000e+00 0.000000e+00 0.000000e+00 0.000000e+00 0.000000e+00 0.000000e+00 0.000000e+00 0.000000e+00 0.000000e+00 0.000000e+00
 0.000000e+00 0.000000e+00 0.000000e+00 0.000000e+00 0.000000e+00 0.000000e+00 0.000000e+00 0.000000e+00 0.000000e+00 0.000000e+00 0.000000e+00 3.763917e-01 6.236082e-01 0.000000e+00 0.000000e+00 0.000000e+00 0.000000e+00 0.000000e+00 0.000000e+00 0.000000e+00 0.000000e+00 0.000000e+00 0.000000e+00 0.000000e+00 0.000000e+00 0.000000e+00 0.000000e+00 0.000000e+00 0.000000e+00 0.000000e+00 0.000000e+00 0.000000e+00 0.000000e+00 0.000000e+00 0.000000e+00 0.000000e+00 0.000000e+00 0.000000e+00
 0.000000e+00 0.000000e+00 0.000000e+00 0.000000e+00 0.000000e+00 0.000000e+00 0.000000e+00 0.000000e+00 0.000000e+00 0.000000e+00 0.000000e+00 0.000000e+00 1.675013e-01 8.324988e-01 0.000000e+00 0.000000e+00 0.000000e+00 0.000000e+00 0.000000e+00 0.000000e+00 0.000000e+00 0.000000e+00 0.000000e+00 0.000000e+00 0.000000e+00 0.000000e+00 0.000000e+00 0.000000e+00 0.000000e+00 0.000000e+00 0.000000e+00 0.000000e+00 0.000000e+00 0.000000e+00 0.000000e+00 0.000000e+00 0.000000e+00 0.000000e+00
 0.000000e+00 0.000000e+00 0.000000e+00 0.000000e+00 0.000000e+00 0.000000e+00 0.000000e+00 0.000000e+00 0.000000e+00 0.000000e+00 0.000000e+00 0.000000e+00 0.000000e+00 4.977525e-01 5.022475e-01 0.000000e+00 0.000000e+00 0.000000e+00 0.000000e+00 0.000000e+00 0.000000e+00 0.000000e+00 0.000000e+00 0.000000e+00 0.000000e+00 0.000000e+00 0.000000e+00 0.000000e+00 0.000000e+00 0.000000e+00 0.000000e+00 0.000000e+00 0.000000e+00 0.000000e+00 0.000000e+00 0.000000e+00 0.000000e+00 0.000000e+00
 0.000000e+00 0.000000e+00 0.000000e+00 0.000000e+00 0.000000e+00 0.000000e+00 0.000000e+00 0.000000e+00 0.000000e+00 0.000000e+00 0.000000e+00 0.000000e+00 0.000000e+00 0.000000e+00 3.785508e-01 6.214492e-01 0.000000e+00 0.000000e+00 0.000000e+00 0.000000e+00 0.000000e+00 0.000000e+00 0.000000e+00 0.000000e+00 0.000000e+00 0.000000e+00 0.000000e+00 0.000000e+00 0.000000e+00 0.000000e+00 0.000000e+00 0.000000e+00 0.000000e+00 0.000000e+00 0.000000e+00 0.000000e+00 0.000000e+00 0.000000e+00
 0.000000e+00 0.000000e+00 0.000000e+00 0.000000e+00 0.000000e+00 0.000000e+00 0.000000e+00 0.000000e+00 0.000000e+00 0.000000e+00 0.000000e+00 0.000000e+00 0.000000e+00 0.000000e+00 0.000000e+00 3.749866e-01 6.250134e-01 0.000000e+00 0.000000e+00 0.000000e+00 0.000000e+00 0.000000e+00 0.000000e+00 0.000000e+00 0.000000e+00 0.000000e+00 0.000000e+00 0.000000e+00 0.000000e+00 0.000000e+00 0.000000e+00 0.000000e+00 0.000000e+00 0.000000e+00 0.000000e+00 0.000000e+00 0.000000e+00 0.000000e+00
 0.000000e+00 0.000000e+00 0.000000e+00 0.000000e+00 0.000000e+00 0.000000e+00 0.000000e+00 0.000000e+00 0.000000e+00 0.000000e+00 0.000000e+00 0.000000e+00 0.000000e+00 0.000000e+00 0.000000e+00 0.000000e+00 3.760290e-01 6.239710e-01 0.000000e+00 0.000000e+00 0.000000e+00 0.000000e+00 0.000000e+00 0.000000e+00 0.000000e+00 0.000000e+00 0.000000e+00 0.000000e+00 0.000000e+00 0.000000e+00 0.000000e+00 0.000000e+00 0.000000e+00 0.000000e+00 0.000000e+00 0.000000e+00 0.000000e+00 0.000000e+00
 0.000000e+00 0.000000e+00 0.000000e+00 0.000000e+00 0.000000e+00 0.000000e+00 0.000000e+00 0.000000e+00 0.000000e+00 0.000000e+00 0.000000e+00 0.000000e+00 0.000000e+00 0.000000e+00 0.000000e+00 0.000000e+00 0.000000e+00 2.867095e-01 7.132905e-01 0.000000e+00 0.000000e+00 0.000000e+00 0.000000e+00 0.000000e+00 0.000000e+00 0.000000e+00 0.000000e+00 0.000000e+00 0.000000e+00 0.000000e+00 0.000000e+00 0.000000e+00 0.000000e+00 0.000000e+00 0.000000e+00 0.000000e+00 0.000000e+00 0.000000e+00
 0.000000e+00 0.000000e+00 0.000000e+00 0.000000e+00 0.000000e+00 0.000000e+00 0.000000e+00 0.000000e+00 0.000000e+00 0.000000e+00 0.000000e+00 0.000000e+00 0.000000e+00 0.000000e+00 0.000000e+00 0.000000e+00 0.000000e+00 0.000000e+00 4.985554e-01 5.014446e-01 0.000000e+00 0.000000e+00 0.000000e+00 0.000000e+00 0.000000e+00 0.000000e+00 0.000000e+00 0.000000e+00 0.000000e+00 0.000000e+00 0.000000e+00 0.000000e+00 0.000000e+00 0.000000e+00 0.000000e+00 0.000000e+00 0.000000e+00 0.000000e+00
 0.000000e+00 0.000000e+00 0.000000e+00 0.000000e+00 0.000000e+00 0.000000e+00 0.000000e+00 0.000000e+00 0.000000e+00 0.000000e+00 0.000000e+00 0.000000e+00 0.000000e+00 0.000000e+00 0.000000e+00 0.000000e+00 0.000000e+00 0.000000e+00 0.000000e+00 2.861888e-01 7.138112e-01 0.000000e+00 0.000000e+00 0.000000e+00 0.000000e+00 0.000000e+00 0.000000e+00 0.000000e+00 0.000000e+00 0.000000e+00 0.000000e+00 0.000000e+00 0.000000e+00 0.000000e+00 0.000000e+00 0.000000e+00 0.000000e+00 0.000000e+00
 0.000000e+00 0.000000e+00 0.000000e+00 0.000000e+00 0.000000e+00 0.000000e+00 0.000000e+00 0.000000e+00 0.000000e+00 0.000000e+00 0.000000e+00 0.000000e+00 0.000000e+00 0.000000e+00 0.000000e+00 0.000000e+00 0.000000e+00 0.000000e+00 0.000000e+00 0.000000e+00 2.857113e-01 7.142888e-01 0.000000e+00 0.000000e+00 0.000000e+00 0.000000e+00 0.000000e+00 0.000000e+00 0.000000e+00 0.000000e+00 0.000000e+00 0.000000e+00 0.000000e+00 0.000000e+00 0.000000e+00 0.000000e+00 0.000000e+00 0.000000e+00
 0.000000e+00 0.000000e+00 0.000000e+00 0.000000e+00 0.000000e+00 0.000000e+00 0.000000e+00 0.000000e+00 0.000000e+00 0.000000e+00 0.000000e+00 0.000000e+00 0.000000e+00 0.000000e+00 0.000000e+00 0.000000e+00 0.000000e+00 0.000000e+00 0.000000e+00 0.000000e+00 0.000000e+00 3.754074e-01 6.245926e-01 0.000000e+00 0.000000e+00 0.000000e+00 0.000000e+00 0.000000e+00 0.000000e+00 0.000000e+00 0.000000e+00 0.000000e+00 0.000000e+00 0.000000e+00 0.000000e+00 0.000000e+00 0.000000e+00 0.000000e+00
 0.000000e+00 0.000000e+00 0.000000e+00 0.000000e+00 0.000000e+00 0.000000e+00 0.000000e+00 0.000000e+00 0.000000e+00 0.000000e+00 0.000000e+00 0.000000e+00 0.000000e+00 0.000000e+00 0.000000e+00 0.000000e+00 0.000000e+00 0.000000e+00 0.000000e+00 0.000000e+00 0.000000e+00 0.000000e+00 4.996224e-01 5.003776e-01 0.000000e+00 0.000000e+00 0.000000e+00 0.000000e+00 0.000000e+00 0.000000e+00 0.000000e+00 0.000000e+00 0.000000e+00 0.000000e+00 0.000000e+00 0.000000e+00 0.000000e+00 0.000000e+00
 0.000000e+00 0.000000e+00 0.000000e+00 0.000000e+00 0.000000e+00 0.000000e+00 0.000000e+00 0.000000e+00 0.000000e+00 0.000000e+00 0.000000e+00 0.000000e+00 0.000000e+00 0.000000e+00 0.000000e+00 0.000000e+00 0.000000e+00 0.000000e+00 0.000000e+00 0.000000e+00 0.000000e+00 0.000000e+00 0.000000e+00 3.751859e-01 6.248142e-01 0.000000e+00 0.000000e+00 0.000000e+00 0.000000e+00 0.000000e+00 0.000000e+00 0.000000e+00 0.000000e+00 0.000000e+00 0.000000e+00 0.000000e+00 0.000000e+00 0.000000e+00
 0.000000e+00 0.000000e+00 0.000000e+00 0.000000e+00 0.000000e+00 0.000000e+00 0.000000e+00 0.000000e+00 0.000000e+00 0.000000e+00 0.000000e+00 0.000000e+00 0.000000e+00 0.000000e+00 0.000000e+00 0.000000e+00 0.000000e+00 0.000000e+00 0.000000e+00 0.000000e+00 0.000000e+00 0.000000e+00 0.000000e+00 0.000000e+00 2.857701e-01 7.142300e-01 0.000000e+00 0.000000e+00 0.000000e+00 0.000000e+00 0.000000e+00 0.000000e+00 0.000000e+00 0.000000e+00 0.000000e+00 0.000000e+00 0.000000e+00 0.000000e+00
 0.000000e+00 0.000000e+00 0.000000e+00 0.000000e+00 0.000000e+00 0.000000e+00 0.000000e+00 0.000000e+00 0.000000e+00 0.000000e+00 0.000000e+00 0.000000e+00 0.000000e+00 0.000000e+00 0.000000e+00 0.000000e+00 0.000000e+00 0.000000e+00 0.000000e+00 0.000000e+00 0.000000e+00 0.000000e+00 0.000000e+00 0.000000e+00 0.000000e+00 3.749638e-01 6.250362e-01 0.000000e+00 0.000000e+00 0.000000e+00 0.000000e+00 0.000000e+00 0.000000e+00 0.000000e+00 0.000000e+00 0.000000e+00 0.000000e+00 0.000000e+00
 0.000000e+00 0.000000e+00 0.000000e+00 0.000000e+00 0.000000e+00 0.000000e+00 0.000000e+00 0.000000e+00 0.000000e+00 0.000000e+00 0.000000e+00 0.000000e+00 0.000000e+00 0.000000e+00 0.000000e+00 0.000000e+00 0.000000e+00 0.000000e+00 0.000000e+00 0.000000e+00 0.000000e+00 0.000000e+00 0.000000e+00 0.000000e+00 0.000000e+00 0.000000e+00 3.751527e-01 6.248473e-01 0.000000e+00 0.000000e+00 0.000000e+00 0.000000e+00 0.000000e+00 0.000000e+00 0.000000e+00 0.000000e+00 0.000000e+00 0.000000e+00
 0.000000e+00 0.000000e+00 0.000000e+00 0.000000e+00 0.000000e+00 0.000000e+00 0.000000e+00 0.000000e+00 0.000000e+00 0.000000e+00 0.000000e+00 0.000000e+00 0.000000e+00 0.000000e+00 0.000000e+00 0.000000e+00 0.000000e+00 0.000000e+00 0.000000e+00 0.000000e+00 0.000000e+00 0.000000e+00 0.000000e+00 0.000000e+00 0.000000e+00 0.000000e+00 0.000000e+00 4.445339e-01 5.554662e-01 0.000000e+00 0.000000e+00 0.000000e+00 0.000000e+00 0.000000e+00 0.000000e+00 0.000000e+00 0.000000e+00 0.000000e+00
 0.000000e+00 0.000000e+00 0.000000e+00 0.000000e+00 0.000000e+00 0.000000e+00 0.000000e+00 0.000000e+00 0.000000e+00 0.000000e+00 0.000000e+00 0.000000e+00 0.000000e+00 0.000000e+00 0.000000e+00 0.000000e+00 0.000000e+00 0.000000e+00 0.000000e+00 0.000000e+00 0.000000e+00 0.000000e+00 0.000000e+00 0.000000e+00 0.000000e+00 0.000000e+00 0.000000e+00 0.000000e+00 3.747086e-01 6.252915e-01 0.000000e+00 0.000000e+00 0.000000e+00 0.000000e+00 0.000000e+00 0.000000e+00 0.000000e+00 0.000000e+00
 0.000000e+00 0.000000e+00 0.000000e+00 0.000000e+00 0.000000e+00 0.000000e+00 0.000000e+00 0.000000e+00 0.000000e+00 0.000000e+00 0.000000e+00 0.000000e+00 0.000000e+00 0.000000e+00 0.000000e+00 0.000000e+00 0.000000e+00 0.000000e+00 0.000000e+00 0.000000e+00 0.000000e+00 0.000000e+00 0.000000e+00 0.000000e+00 0.000000e+00 0.000000e+00 0.000000e+00 0.000000e+00 0.000000e+00 3.749960e-01 6.250040e-01 0.000000e+00 0.000000e+00 0.000000e+00 0.000000e+00 0.000000e+00 0.000000e+00 0.000000e+00
 0.000000e+00 0.000000e+00 0.000000e+00 0.000000e+00 0.000000e+00 0.000000e+00 0.000000e+00 0.000000e+00 0.000000e+00 0.000000e+00 0.000000e+00 0.000000e+00 0.000000e+00 0.000000e+00 0.000000e+00 0.000000e+00 0.000000e+00 0.000000e+00 0.000000e+00 0.000000e+00 0.000000e+00 0.000000e+00 0.000000e+00 0.000000e+00 0.000000e+00 0.000000e+00 0.000000e+00 0.000000e+00 0.000000e+00 0.000000e+00 3.750197e-01 6.249803e-01 0.000000e+00 0.000000e+00 0.000000e+00 0.000000e+00 0.000000e+00 0.000000e+00
 0.000000e+00 0.000000e+00 0.000000e+00 0.000000e+00 0.000000e+00 0.000000e+00 0.000000e+00 0.000000e+00 0.000000e+00 0.000000e+00 0.000000e+00 0.000000e+00 0.000000e+00 0.000000e+00 0.000000e+00 0.000000e+00 0.000000e+00 0.000000e+00 0.000000e+00 0.000000e+00 0.000000e+00 0.000000e+00 0.000000e+00 0.000000e+00 0.000000e+00 0.000000e+00 0.000000e+00 0.000000e+00 0.000000e+00 0.000000e+00 0.000000e+00 2.813915e-01 7.186085e-01 0.000000e+00 0.000000e+00 0.000000e+00 0.000000e+00 0.000000e+00
 0.000000e+00 0.000000e+00 0.000000e+00 0.000000e+00 0.000000e+00 0.000000e+00 0.000000e+00 0.000000e+00 0.000000e+00 0.000000e+00 0.000000e+00 0.000000e+00 0.000000e+00 0.000000e+00 0.000000e+00 0.000000e+00 0.000000e+00 0.000000e+00 0.000000e+00 0.000000e+00 0.000000e+00 0.000000e+00 0.000000e+00 0.000000e+00 0.000000e+00 0.000000e+00 0.000000e+00 0.000000e+00 0.000000e+00 0.000000e+00 0.000000e+00 0.000000e+00 4.470214e-01 5.529786e-01 0.000000e+00 0.000000e+00 0.000000e+00 0.000000e+00
 0.000000e+00 0.000000e+00 0.000000e+00 0.000000e+00 0.000000e+00 0.000000e+00 0.000000e+00 0.000000e+00 0.000000e+00 0.000000e+00 0.000000e+00 0.000000e+00 0.000000e+00 0.000000e+00 0.000000e+00 0.000000e+00 0.000000e+00 0.000000e+00 0.000000e+00 0.000000e+00 0.000000e+00 0.000000e+00 0.000000e+00 0.000000e+00 0.000000e+00 0.000000e+00 0.000000e+00 0.000000e+00 0.000000e+00 0.000000e+00 0.000000e+00 0.000000e+00 0.000000e+00 4.447151e-01 5.552850e-01 0.000000e+00 0.000000e+00 0.000000e+00
 0.000000e+00 0.000000e+00 0.000000e+00 0.000000e+00 0.000000e+00 0.000000e+00 0.000000e+00 0.000000e+00 0.000000e+00 0.000000e+00 0.000000e+00 0.000000e+00 0.000000e+00 0.000000e+00 0.000000e+00 0.000000e+00 0.000000e+00 0.000000e+00 0.000000e+00 0.000000e+00 0.000000e+00 0.000000e+00 0.000000e+00 0.000000e+00 0.000000e+00 0.000000e+00 0.000000e+00 0.000000e+00 0.000000e+00 0.000000e+00 0.000000e+00 0.000000e+00 0.000000e+00 0.000000e+00 2.852817e-01 7.147183e-01 0.000000e+00 0.000000e+00
 0.000000e+00 0.000000e+00 0.000000e+00 0.000000e+00 0.000000e+00 0.000000e+00 0.000000e+00 0.000000e+00 0.000000e+00 0.000000e+00 0.000000e+00 0.000000e+00 0.000000e+00 0.000000e+00 0.000000e+00 0.000000e+00 0.000000e+00 0.000000e+00 0.000000e+00 0.000000e+00 0.000000e+00 0.000000e+00 0.000000e+00 0.000000e+00 0.000000e+00 0.000000e+00 0.000000e+00 0.000000e+00 0.000000e+00 0.000000e+00 0.000000e+00 0.000000e+00 0.000000e+00 0.000000e+00 0.000000e+00 4.444480e-01 5.555521e-01 0.000000e+00
 0.000000e+00 0.000000e+00 0.000000e+00 0.000000e+00 0.000000e+00 0.000000e+00 0.000000e+00 0.000000e+00 0.000000e+00 0.000000e+00 0.000000e+00 0.000000e+00 0.000000e+00 0.000000e+00 0.000000e+00 0.000000e+00 0.000000e+00 0.000000e+00 0.000000e+00 0.000000e+00 0.000000e+00 0.000000e+00 0.000000e+00 0.000000e+00 0.000000e+00 0.000000e+00 0.000000e+00 0.000000e+00 0.000000e+00 0.000000e+00 0.000000e+00 0.000000e+00 0.000000e+00 0.000000e+00 0.000000e+00 0.000000e+00 0.000000e+00 1.000000e+00
 0.000000e+00 0.000000e+00 0.000000e+00 0.000000e+00 0.000000e+00 0.000000e+00 0.000000e+00 0.000000e+00 0.000000e+00 0.000000e+00 0.000000e+00 0.000000e+00 0.000000e+00 0.000000e+00 0.000000e+00 0.000000e+00 0.000000e+00 0.000000e+00 0.000000e+00 0.000000e+00 0.000000e+00 0.000000e+00 0.000000e+00 0.000000e+00 0.000000e+00 0.000000e+00 0.000000e+00 0.000000e+00 0.000000e+00 0.000000e+00 0.000000e+00 0.000000e+00 0.000000e+00 0.000000e+00 0.000000e+00 0.000000e+00 0.000000e+00 0.000000e+00
<ENDHMM>
