~o
<STREAMINFO> 1 39
<VECSIZE> 39<NULLD><MFCC_E_D_A><DIAGC>
~h "Bay"
<BEGINHMM>
<NUMSTATES> 13
<STATE> 2
<MEAN> 39
 -1.599973e+00 -8.286213e+00 -4.854404e+00 -4.581347e+00 -1.352482e+00 -8.169255e+00 1.184393e+00 -1.612018e+00 -5.542774e-01 -3.370204e+00 -4.722718e-01 -3.124712e+00 1.756649e-01 2.730311e+00 -5.621291e-01 -1.772778e+00 -1.523108e+00 -8.690568e-01 -1.739611e+00 -1.203004e+00 -7.530550e-01 -6.962761e-01 -1.205592e+00 -1.949595e+00 -9.913082e-01 1.648719e-01 -2.519270e-01 -6.996708e-01 -8.240756e-01 -1.927469e-02 2.455612e-01 5.194355e-02 1.933489e-01 -6.714755e-02 3.854020e-01 -2.623514e-01 -3.713491e-01 -2.954853e-01 2.703139e-02
<VARIANCE> 39
 3.940727e+01 6.694689e+00 8.569589e+00 1.558881e+01 9.881627e+00 2.340329e+01 1.304018e+01 1.532931e+01 1.783596e+01 1.022127e+01 1.099676e+01 1.566534e+01 7.411843e-02 2.336545e+00 2.017880e+00 2.083846e+00 7.900754e-01 6.672402e-01 1.683711e+00 1.242713e+00 1.304988e+00 1.454134e+00 1.171350e+00 1.585484e+00 3.199155e+00 5.000000e-02 1.643319e+00 2.646541e-01 1.693867e-01 4.236486e-01 3.412167e-01 8.020493e-01 5.784586e-01 3.016945e-01 5.053723e-01 3.961339e-01 3.128520e-01 5.545183e-01 5.000000e-02
<GCONST> 8.958660e+01
<STATE> 3
<MEAN> 39
 3.390279e-01 -1.659384e+01 -1.776053e+01 -7.601313e+00 -3.370097e-01 -1.019035e+01 1.771486e+00 -4.400774e+00 2.873185e+00 -7.269699e+00 -8.542241e+00 -8.375295e+00 8.116211e-01 -2.686088e+00 -2.827199e+00 -3.582721e+00 1.149361e+00 2.347602e+00 1.874021e+00 2.587929e+00 -9.528106e-01 2.048656e+00 -3.373988e-01 -5.000944e-01 9.847221e-01 1.055763e-01 -8.224900e-01 1.459634e-01 5.666600e-01 6.573722e-01 5.401421e-01 4.797875e-01 4.552169e-01 -3.441013e-01 -1.505046e-01 2.939075e-01 8.378686e-01 8.583890e-01 -3.491542e-02
<VARIANCE> 39
 3.570734e+01 1.876494e+01 4.271675e+01 1.077903e+01 3.157290e+01 3.457611e+01 5.108118e+01 1.261554e+01 3.790673e+01 1.998319e+01 8.847727e+00 2.746021e+01 5.000000e-02 1.692292e+00 1.962204e+00 1.453289e+00 1.648283e+00 2.485600e+00 1.924474e+00 2.623534e+00 2.235970e+00 1.766658e+00 9.902790e-01 2.326479e+00 5.012537e+00 5.000000e-02 9.787328e-01 5.124393e-01 6.339793e-01 3.121001e-01 5.676143e-01 8.125281e-01 1.132703e+00 4.925496e-01 8.941701e-01 2.786487e-01 1.733991e-01 5.869669e-01 5.000000e-02
<GCONST> 1.019977e+02
<STATE> 4
<MEAN> 39
 -1.141807e+01 -2.295260e+01 -2.209822e+01 -2.402449e+00 7.946996e+00 -4.461001e+00 8.823560e+00 -1.080676e+01 5.215986e+00 -7.630418e+00 -4.313243e+00 -1.174101e+00 9.669280e-01 -1.134654e+00 -3.475903e-01 2.712875e-01 4.452337e-01 1.577560e-01 3.787657e-01 5.679602e-01 -3.637961e-01 -2.490586e-01 -6.168214e-01 7.376997e-01 6.161691e-01 -2.792921e-03 3.352858e-01 2.575303e-01 3.628184e-01 -1.808122e-01 -5.253952e-01 -1.104220e-01 -8.957217e-02 4.458347e-01 -1.995951e-01 -2.478564e-01 3.819340e-02 -1.679869e-01 -9.889261e-03
<VARIANCE> 39
 1.730145e+01 8.956706e+00 1.370842e+01 9.264757e+00 1.484822e+01 3.341695e+01 1.873438e+01 7.643501e+00 1.194606e+01 7.204089e+00 8.072235e+00 1.572486e+01 5.000000e-02 1.207070e+00 1.143543e+00 1.264761e+00 1.142760e+00 2.041265e+00 6.370838e-01 1.170730e+00 2.132621e+00 8.499260e-01 1.644525e+00 4.934037e-01 9.420334e-01 5.000000e-02 1.208597e-01 2.742213e-01 2.046392e-01 2.809216e-01 2.153600e-01 2.341420e-01 3.455214e-01 1.311226e-01 1.542748e-01 1.980344e-01 9.291180e-02 2.264400e-01 5.000000e-02
<GCONST> 7.478993e+01
<STATE> 5
<MEAN> 39
 -1.406223e+01 -2.314081e+01 -1.778433e+01 -2.371212e+00 2.225060e+00 -2.980887e+00 1.400754e+01 -6.338993e+00 1.519012e+00 -1.513836e+01 4.414939e-01 6.566542e-01 8.845078e-01 -4.649143e-01 5.050452e-01 1.522512e+00 -1.048726e+00 -2.091987e+00 -1.617218e-01 1.372503e+00 1.202972e+00 -7.598850e-01 -4.472988e-01 7.908917e-01 -7.897296e-01 -8.497659e-03 -4.806405e-02 1.455828e-01 1.557131e-01 -4.603148e-01 -3.177676e-01 -2.008222e-01 -1.555309e-01 -5.499420e-02 3.255781e-01 8.827763e-01 -2.365839e-01 -5.947138e-01 3.923808e-03
<VARIANCE> 39
 7.464494e+00 1.046435e+01 1.338094e+01 1.045784e+01 3.464508e+01 3.461635e+01 2.720127e+01 6.984803e+00 2.129800e+01 6.690628e+00 7.555170e+00 1.099576e+01 5.000000e-02 1.699333e-01 4.615360e-01 9.964086e-01 9.427233e-01 2.521570e+00 6.266555e-01 4.103785e-01 5.261377e-01 8.860880e-01 1.958253e+00 8.078479e-01 1.708713e+00 5.000000e-02 7.137793e-02 8.310013e-02 2.172170e-01 1.840440e-01 4.658222e-01 1.524674e-01 1.901394e-01 1.012689e-01 2.362101e-01 1.929411e-01 1.075246e-01 1.559489e-01 5.000000e-02
<GCONST> 6.877657e+01
<STATE> 6
<MEAN> 39
 -1.556070e+01 -2.020485e+01 -1.091521e+01 -8.907785e+00 -8.543023e+00 -5.032990e+00 1.684715e+01 -1.470815e+00 3.405079e+00 -7.286343e+00 9.823595e-01 -7.910297e+00 8.751308e-01 3.052616e-01 5.458801e-01 1.173073e+00 -1.691781e+00 -3.098113e+00 -6.555922e-01 -7.077438e-01 8.388571e-01 1.600997e+00 2.855263e+00 -4.576238e-01 -1.776222e+00 -2.911554e-04 3.012791e-01 5.416783e-02 -2.800618e-01 2.151136e-01 1.271743e-01 -5.430898e-02 -4.770072e-01 -3.768608e-01 9.985818e-02 -6.307267e-02 -1.170355e-01 4.278290e-01 -1.172706e-03
<VARIANCE> 39
 2.429697e+00 2.332215e+00 1.212068e+01 1.531621e+01 2.581875e+01 2.813213e+01 1.824620e+01 9.457741e+00 1.951255e+01 2.401334e+01 4.889017e+00 1.823816e+01 5.000000e-02 6.177446e-01 3.951190e-01 4.645117e-01 3.719326e-01 4.511760e-01 2.757635e-01 4.265595e-01 8.322816e-01 5.547668e-01 7.780971e-01 3.365085e-01 7.985704e-01 5.000000e-02 5.000000e-02 8.681756e-02 8.238214e-02 1.575023e-01 2.152844e-01 6.551580e-02 5.000000e-02 1.174248e-01 3.616681e-01 4.397510e-01 1.141777e-01 1.892585e-01 5.000000e-02
<GCONST> 5.873089e+01
<STATE> 7
<MEAN> 39
 -1.180419e+01 -1.615111e+01 -8.848733e+00 -1.307859e+01 -1.854324e+01 -8.280886e+00 1.020790e+01 -3.094909e+00 7.690924e+00 7.938462e-01 -8.250406e-02 -8.470266e+00 8.303156e-01 5.667385e-01 8.130102e-01 1.433357e-01 -4.045037e-01 -3.803706e-01 -5.355968e-01 -1.007556e+00 -8.464835e-01 1.166654e-01 5.544781e-01 1.024394e-01 5.737244e-01 -1.800954e-02 -7.069329e-02 -9.830112e-02 -4.330640e-02 5.450432e-02 5.801848e-01 8.787416e-02 1.657750e-01 6.193628e-02 -2.405078e-01 -4.086340e-01 -9.993593e-02 9.476868e-02 -2.944691e-03
<VARIANCE> 39
 4.720148e+00 4.259206e+00 5.198857e+00 7.315808e+00 8.624002e+00 2.299752e+01 1.548434e+01 1.854495e+01 1.676097e+01 1.165152e+01 7.811857e+00 9.587796e+00 5.000000e-02 2.950141e-01 4.745514e-01 3.891017e-01 5.926040e-01 1.261951e+00 1.040092e+00 1.058431e+00 7.178115e-01 1.813952e+00 5.979695e-01 6.325342e-01 1.100420e+00 5.000000e-02 5.000000e-02 6.781520e-02 9.378669e-02 1.342179e-01 1.153375e-01 2.930686e-01 1.533703e-01 3.312217e-01 4.314688e-01 1.222239e-01 2.728125e-01 3.192746e-01 5.000000e-02
<GCONST> 6.434091e+01
<STATE> 8
<MEAN> 39
 -9.176968e+00 -1.456087e+01 -6.587122e+00 -1.638688e+01 -1.440788e+01 -9.449603e+00 7.287122e+00 -3.791271e+00 5.041426e+00 -1.476060e+00 -4.037962e+00 -5.513252e+00 6.815639e-01 7.822917e-01 -5.257558e-01 8.487300e-01 2.887169e-02 5.871243e-01 2.298932e-01 -6.736724e-01 1.178284e-01 -9.639720e-01 -8.795861e-01 -1.116736e+00 4.467874e-01 -3.770298e-02 2.012202e-01 -3.056653e-01 1.538698e-01 3.701693e-01 -1.380288e-01 2.245791e-01 -6.748691e-02 -1.863138e-01 2.071047e-03 -8.625554e-02 1.413936e-01 5.793734e-02 -4.187410e-03
<VARIANCE> 39
 7.094913e+00 6.656171e+00 9.695228e+00 7.733880e+00 1.568343e+01 3.096263e+01 3.054888e+01 1.558849e+01 1.903020e+01 1.029356e+01 1.412653e+01 7.923522e+00 5.000000e-02 3.358932e-01 4.140247e-01 9.874622e-01 1.190820e+00 1.643433e+00 2.516763e+00 9.036795e-01 2.665447e+00 1.585166e+00 6.895925e-01 1.423913e+00 1.286580e+00 5.000000e-02 6.825874e-02 5.000000e-02 1.668193e-01 2.340707e-01 3.460483e-01 5.610666e-01 2.761156e-01 5.191756e-01 3.875317e-01 1.122188e-01 2.943251e-01 2.555790e-01 5.000000e-02
<GCONST> 7.616410e+01
<STATE> 9
<MEAN> 39
 -2.667476e+00 -2.076672e+01 -1.024907e+00 -1.052819e+01 -1.326457e+01 -4.767777e+00 2.857397e+00 -6.929547e+00 2.821945e+00 -6.188205e+00 -6.551003e+00 -3.049784e+00 4.523815e-01 1.594105e+00 -1.249296e+00 3.215983e-01 1.959182e+00 7.307011e-01 1.289139e+00 1.053675e-01 -4.600790e-01 3.040198e-01 -5.495384e-01 8.437685e-01 7.813095e-01 -4.323035e-02 -3.016575e-01 3.642456e-01 -5.798952e-01 -3.598480e-02 1.941864e-01 -2.696753e-01 4.212395e-01 5.709171e-01 2.576581e-01 4.360743e-01 5.049033e-01 7.101925e-02 5.064698e-03
<VARIANCE> 39
 6.398270e+00 8.200655e+00 4.266908e+00 7.644746e+00 1.014967e+01 2.105130e+01 1.671004e+01 1.897103e+01 7.723062e+00 1.153063e+01 9.838926e+00 7.772062e+00 5.000000e-02 4.409143e-01 9.403585e-01 1.635873e+00 1.188811e+00 1.801591e+00 2.288817e+00 2.697217e+00 2.887047e+00 7.139338e-01 1.514345e+00 1.620823e+00 4.927150e-01 5.000000e-02 8.697349e-02 1.272051e-01 2.323360e-01 1.913573e-01 1.477975e-01 5.229340e-01 2.784125e-01 2.969163e-01 1.546864e-01 2.251123e-01 1.584890e-01 1.766930e-01 5.000000e-02
<GCONST> 7.358822e+01
<STATE> 10
<MEAN> 39
 2.264255e-01 -2.091100e+01 -3.453032e+00 -4.784286e+00 -9.239280e+00 -3.668137e+00 6.602407e+00 -4.573597e+00 2.350607e+00 -4.715131e+00 -1.113840e-01 -4.736833e-01 3.413556e-01 6.236850e-02 5.088362e-01 -7.582371e-01 8.661692e-01 7.455989e-01 -6.223638e-01 1.528574e-01 3.847392e-01 -1.185466e-01 6.860257e-01 8.138636e-01 -1.291450e-01 -2.395451e-02 -2.119121e-01 1.278190e-01 -6.570856e-02 -2.728370e-01 -7.958519e-02 -3.652618e-01 -2.019179e-01 -1.247111e-01 -5.873327e-02 5.081061e-02 -2.733602e-01 -3.340408e-01 7.673018e-04
<VARIANCE> 39
 1.342234e+00 9.300520e+00 7.658957e+00 8.831338e+00 1.290239e+01 8.036281e+00 7.202832e+00 9.173407e+00 1.618201e+01 1.399983e+01 1.127198e+01 5.524396e+00 5.000000e-02 1.599823e-01 4.543980e-01 6.905612e-01 6.650405e-01 7.206237e-01 1.627410e+00 1.542585e+00 1.461317e+00 1.093435e+00 1.399240e+00 1.616730e+00 1.229121e+00 5.000000e-02 5.000000e-02 1.275150e-01 1.220840e-01 1.413767e-01 1.759576e-01 1.873565e-01 2.724577e-01 3.438766e-01 1.731315e-01 2.246724e-01 3.677786e-01 1.383300e-01 5.000000e-02
<GCONST> 6.537984e+01
<STATE> 11
<MEAN> 39
 -2.535295e+00 -1.917324e+01 -7.674638e+00 -3.429919e+00 -5.559362e+00 -7.617191e+00 5.305779e+00 -2.621416e+00 3.698018e+00 -2.237795e+00 1.122332e+00 -2.335590e+00 1.695073e-01 -8.039240e-01 5.575135e-01 -4.689434e-02 8.424249e-02 6.337604e-01 1.808541e-01 7.504061e-02 3.350112e-01 -1.670179e-01 1.451994e-01 5.075796e-01 2.785464e-01 -3.786089e-02 -1.722689e-02 2.130288e-01 3.957255e-01 -4.228779e-02 -4.697415e-02 3.358055e-01 1.922060e-02 -1.118299e-01 -2.023118e-01 -6.969172e-02 3.686974e-02 2.092387e-01 2.731648e-04
<VARIANCE> 39
 5.098408e+00 4.534017e+00 4.942567e+00 4.708452e+00 1.554616e+01 1.189822e+01 7.968674e+00 1.001707e+01 1.243015e+01 7.257012e+00 9.795882e+00 7.426529e+00 5.000000e-02 3.364886e-01 6.528104e-01 1.245270e+00 7.322178e-01 1.031005e+00 2.063224e+00 1.065503e+00 1.850213e+00 1.577605e+00 1.178740e+00 1.404340e+00 8.923169e-01 5.000000e-02 9.758777e-02 1.338816e-01 7.957301e-02 1.741560e-01 1.478242e-01 3.421105e-01 2.556527e-01 3.913434e-01 2.981606e-01 2.379516e-01 1.773517e-01 1.498657e-01 5.000000e-02
<GCONST> 6.786187e+01
<STATE> 12
<MEAN> 39
 -5.025875e+00 -1.247652e+01 -2.881429e+00 -3.221145e+00 -3.409563e+00 -4.486043e+00 5.011786e+00 -3.014144e+00 2.757859e-03 -7.177560e-01 4.294061e+00 1.736248e-01 2.456364e-02 -1.880325e-01 1.384590e+00 9.372232e-01 1.770582e-01 7.852572e-01 2.337048e-01 -5.838374e-01 1.630710e-02 2.210307e-02 4.080609e-01 -6.004900e-02 -3.114744e-01 -1.452432e-02 5.975677e-02 -3.639134e-01 -2.875802e-01 5.169690e-02 1.291746e-01 -1.221181e-01 -6.479187e-02 2.262820e-01 3.946487e-01 -1.529392e-01 -3.009186e-01 -2.412492e-01 4.113939e-03
<VARIANCE> 39
 3.385289e+00 9.220781e+00 4.023944e+00 4.323445e+00 9.419397e+00 5.363111e+00 7.575262e+00 1.703751e+01 1.432230e+01 1.182059e+01 5.522523e+00 6.797867e+00 5.000000e-02 2.834463e-01 1.156798e+00 4.899538e-01 3.840667e-01 6.647967e-01 8.534826e-01 6.170949e-01 1.699485e+00 2.208863e+00 1.020890e+00 9.936674e-01 1.099191e+00 5.000000e-02 8.573522e-02 2.133825e-01 6.851248e-02 6.946497e-02 1.701378e-01 2.212690e-01 1.818803e-01 2.694947e-01 2.733200e-01 2.467990e-01 1.470193e-01 2.287714e-01 5.000000e-02
<GCONST> 6.239126e+01
<TRANSP> 13
 0.000000e+00 1.000000e+00 0.000000e+00 0.000000e+00 0.000000e+00 0.000000e+00 0.000000e+00 0.000000e+00 0.000000e+00 0.000000e+00 0.000000e+00 0.000000e+00 0.000000e+00
 0.000000e+00 7.487918e-01 2.512082e-01 0.000000e+00 0.000000e+00 0.000000e+00 0.000000e+00 0.000000e+00 0.000000e+00 0.000000e+00 0.000000e+00 0.000000e+00 0.000000e+00
 0.000000e+00 0.000000e+00 7.058626e-01 2.941374e-01 0.000000e+00 0.000000e+00 0.000000e+00 0.000000e+00 0.000000e+00 0.000000e+00 0.000000e+00 0.000000e+00 0.000000e+00
 0.000000e+00 0.000000e+00 0.000000e+00 8.611403e-01 1.388597e-01 0.000000e+00 0.000000e+00 0.000000e+00 0.000000e+00 0.000000e+00 0.000000e+00 0.000000e+00 0.000000e+00
 0.000000e+00 0.000000e+00 0.000000e+00 0.000000e+00 7.618066e-01 2.381934e-01 0.000000e+00 0.000000e+00 0.000000e+00 0.000000e+00 0.000000e+00 0.000000e+00 0.000000e+00
 0.000000e+00 0.000000e+00 0.000000e+00 0.000000e+00 0.000000e+00 7.579395e-01 2.420606e-01 0.000000e+00 0.000000e+00 0.000000e+00 0.000000e+00 0.000000e+00 0.000000e+00
 0.000000e+00 0.000000e+00 0.000000e+00 0.000000e+00 0.000000e+00 0.000000e+00 8.284161e-01 1.715839e-01 0.000000e+00 0.000000e+00 0.000000e+00 0.000000e+00 0.000000e+00
 0.000000e+00 0.000000e+00 0.000000e+00 0.000000e+00 0.000000e+00 0.000000e+00 0.000000e+00 8.344718e-01 1.655282e-01 0.000000e+00 0.000000e+00 0.000000e+00 0.000000e+00
 0.000000e+00 0.000000e+00 0.000000e+00 0.000000e+00 0.000000e+00 0.000000e+00 0.000000e+00 0.000000e+00 7.222548e-01 2.777453e-01 0.000000e+00 0.000000e+00 0.000000e+00
 0.000000e+00 0.000000e+00 0.000000e+00 0.000000e+00 0.000000e+00 0.000000e+00 0.000000e+00 0.000000e+00 0.000000e+00 7.726659e-01 2.273342e-01 0.000000e+00 0.000000e+00
 0.000000e+00 0.000000e+00 0.000000e+00 0.000000e+00 0.000000e+00 0.000000e+00 0.000000e+00 0.000000e+00 0.000000e+00 0.000000e+00 8.333955e-01 1.666045e-01 0.000000e+00
 0.000000e+00 0.000000e+00 0.000000e+00 0.000000e+00 0.000000e+00 0.000000e+00 0.000000e+00 0.000000e+00 0.000000e+00 0.000000e+00 0.000000e+00 7.385207e-01 2.614793e-01
 0.000000e+00 0.000000e+00 0.000000e+00 0.000000e+00 0.000000e+00 0.000000e+00 0.000000e+00 0.000000e+00 0.000000e+00 0.000000e+00 0.000000e+00 0.000000e+00 0.000000e+00
<ENDHMM>
