~o
<STREAMINFO> 1 26
<VECSIZE> 26<NULLD><MFCC_E_D><DIAGC>
~h "Bo^n"
<BEGINHMM>
<NUMSTATES> 38
<STATE> 2
<MEAN> 26
 -7.205364e+00 -8.731990e+00 -1.721709e+00 -1.352669e+00 -1.075367e+00 -4.938931e+00 6.659887e-01 -1.637263e+00 1.284532e+00 -2.958286e+00 2.546393e+00 -7.258742e-01 -1.007472e-01 8.833179e-01 8.301562e-01 -1.938061e-01 -6.742067e-01 -1.130165e+00 -9.954578e-01 -3.110912e-01 -9.781479e-01 -1.848746e+00 -2.104709e+00 -1.370592e+00 -7.151803e-01 4.636344e-02
<VARIANCE> 26
 1.117887e+00 1.182306e+00 3.827595e+00 2.352345e+00 1.104019e+01 1.010119e+01 3.791957e+00 6.077482e+00 1.008028e+01 9.844099e+00 1.492797e+01 6.445144e+00 5.000000e-02 1.066851e+00 1.194381e-01 4.316536e-01 4.372597e-01 7.430469e-01 6.575001e-01 1.189377e+00 7.550927e-01 1.145415e+00 2.754131e+00 4.101400e+00 1.130036e+00 5.000000e-02
<GCONST> 5.941663e+01
<STATE> 3
<MEAN> 26
 -3.945948e+00 -6.652861e+00 -2.036648e+00 -3.225930e+00 -1.102846e+00 -6.290096e+00 -1.863685e-01 -5.896135e+00 -4.095015e+00 -6.007808e+00 4.695949e-02 -5.134666e+00 1.146421e-01 3.503444e+00 9.382868e-01 -1.310493e+00 -2.179740e+00 -1.467355e+00 -2.398951e+00 -9.539405e-01 -2.738315e-01 -1.978582e+00 -2.544542e+00 -2.974416e+00 -1.666483e+00 1.511546e-01
<VARIANCE> 26
 4.246745e+00 1.826532e+00 2.450667e+00 2.404715e+00 1.217062e+00 5.942782e+00 8.654369e+00 1.182823e+01 7.289990e+00 1.715711e+01 1.913555e+01 2.211345e+00 5.000000e-02 4.263373e-01 3.982572e-01 6.431322e-01 1.403802e-01 9.213797e-01 1.216986e+00 1.563465e+00 7.125518e-01 1.720559e+00 2.093053e+00 8.975524e-01 6.439315e-01 5.000000e-02
<GCONST> 5.757447e+01
<STATE> 4
<MEAN> 26
 4.482434e+00 -4.172334e+00 -5.937898e+00 -9.747383e+00 -5.475598e+00 -1.183710e+01 -3.290232e+00 -4.175781e+00 -6.803582e+00 -1.181056e+01 -6.980283e+00 -6.264996e+00 4.016716e-01 4.162386e+00 -1.019538e-01 -3.102217e+00 -2.707208e+00 -8.742134e-01 -1.474427e+00 -1.038334e+00 -3.272789e-01 -7.275749e-01 -1.737074e-01 -1.564846e+00 -7.036427e-01 1.792030e-01
<VARIANCE> 26
 1.394703e+01 3.782370e+00 7.482233e+00 3.921607e+00 7.086839e+00 6.475244e+00 1.071332e+01 3.642877e+00 7.837201e+00 1.221249e+01 9.097763e+00 4.045090e+00 5.000000e-02 3.364354e-01 8.373240e-01 2.976672e+00 3.308641e+00 1.606015e+00 1.399796e+00 9.734274e-01 1.835269e+00 1.373258e+00 8.174696e+00 3.062258e+00 6.202560e-01 5.000000e-02
<GCONST> 7.026590e+01
<STATE> 5
<MEAN> 26
 9.744080e+00 -6.809149e+00 -1.047057e+01 -1.052226e+01 -4.776212e+00 -1.123280e+01 -2.949087e+00 -4.402228e+00 -4.969410e+00 -9.812335e+00 -5.754375e+00 -6.942210e+00 6.311591e-01 1.421327e+00 -1.787308e+00 -3.371186e+00 -2.582385e+00 9.311336e-01 -7.465697e-01 6.126604e-01 -1.314417e+00 -8.854632e-02 3.033854e+00 -5.132712e-01 3.197234e-01 1.378999e-01
<VARIANCE> 26
 3.016481e+00 1.621911e+00 1.807138e+01 1.626290e+01 1.007663e+01 1.202719e+01 1.396995e+01 1.706142e+01 1.072406e+01 3.218177e+01 1.898614e+01 1.010070e+01 5.000000e-02 1.219560e+00 1.158499e+00 3.544459e+00 5.965999e+00 3.849922e+00 2.693972e+00 2.542232e+00 9.815876e-01 1.289129e+00 1.397286e+01 3.222967e+00 1.993108e+00 5.000000e-02
<GCONST> 8.183727e+01
<STATE> 6
<MEAN> 26
 8.683608e+00 -1.124661e+01 -1.532813e+01 -1.389337e+01 -4.778329e+00 -1.281642e+01 -2.571204e+00 -8.325616e+00 -5.173793e+00 -2.340394e+00 -7.378016e+00 -3.988709e+00 7.663223e-01 -8.915616e-01 -2.009887e+00 -3.655567e+00 -3.271084e+00 2.091155e+00 7.211014e-01 2.980947e+00 -2.452171e+00 1.281858e+00 5.278249e+00 -5.513632e-01 5.656564e-01 9.354217e-02
<VARIANCE> 26
 8.843397e+00 1.608673e+01 4.619543e+01 6.108958e+01 1.259459e+01 3.850954e+01 2.142813e+01 1.991345e+01 1.783001e+01 1.479285e+02 2.689275e+01 2.363907e+01 5.000000e-02 5.493326e-01 1.194550e+00 8.733505e-01 2.963162e+00 3.311095e+00 1.247172e+00 9.796667e-01 2.554119e+00 2.661297e+00 2.486124e+00 2.646418e+00 6.064759e-01 5.000000e-02
<GCONST> 8.649640e+01
<STATE> 7
<MEAN> 26
 5.231312e+00 -1.240389e+01 -2.042975e+01 -2.137834e+01 2.693967e+00 -9.903217e+00 8.436172e+00 -1.173173e+01 -2.377144e+00 6.839538e+00 -6.602535e+00 -6.067537e+00 8.681224e-01 -1.011831e+00 -1.135445e+00 -2.711251e+00 -3.307652e+00 1.777977e+00 3.965034e+00 2.642368e+00 7.777135e-01 6.669552e-01 4.871309e+00 4.399914e-01 4.766634e-02 5.229798e-02
<VARIANCE> 26
 9.587237e+00 2.973354e+01 1.901850e+01 3.148267e+01 3.808952e+01 3.833341e+01 1.943869e+01 1.471158e+01 7.165682e+01 3.733857e+01 1.287743e+01 1.367592e+01 5.000000e-02 9.043403e-01 1.109863e+00 2.699980e+00 1.825847e+00 9.272897e-01 2.762707e+00 1.789470e+00 3.425988e+00 2.392167e+00 5.420918e+00 3.773812e+00 6.195086e-01 5.000000e-02
<GCONST> 8.761081e+01
<STATE> 8
<MEAN> 26
 4.223755e+00 -1.217554e+01 -2.383442e+01 -2.491218e+01 2.008957e+00 2.238284e+00 3.819432e+00 -5.435217e+00 -6.878139e+00 1.266186e+01 -5.622987e+00 -5.571255e+00 9.429711e-01 -2.351778e-01 -6.068003e-01 -4.262167e-01 7.643045e-02 -2.006027e+00 4.342031e+00 -1.080095e+00 1.127554e+00 -7.244827e-01 4.369762e-01 7.772278e-01 7.099928e-02 3.095979e-02
<VARIANCE> 26
 1.489741e+01 1.841271e+01 6.144023e+00 2.006768e+01 4.110846e+01 3.407084e+01 3.098326e+01 1.931296e+01 3.513937e+01 4.360919e+00 1.469741e+01 1.542432e+01 5.000000e-02 9.595333e-01 4.973260e-01 2.646465e+00 5.524388e+00 8.835097e+00 3.098201e+00 1.231715e+00 7.820752e-01 4.458477e+00 2.872384e+00 1.287551e+00 1.590749e+00 5.000000e-02
<GCONST> 8.479829e+01
<STATE> 9
<MEAN> 26
 5.676566e+00 -1.274673e+01 -2.424509e+01 -2.260529e+01 -2.451020e+00 5.672614e+00 2.554641e+00 -5.727505e+00 -5.023722e+00 8.594766e+00 -3.871702e+00 -5.441908e+00 9.741051e-01 -4.616039e-01 4.997181e-01 2.752664e-01 -1.160458e+00 -5.753641e-02 8.951764e-01 -1.496796e-01 -4.757624e-02 1.410554e-01 -3.166793e-01 6.901418e-01 3.996560e-01 1.556569e-02
<VARIANCE> 26
 1.992429e+01 9.746475e+00 1.114904e+01 1.548316e+01 5.060887e+01 1.095995e+02 3.075394e+01 2.723901e+01 1.179589e+01 7.649222e+00 1.335651e+01 5.199373e+00 5.000000e-02 5.253082e-01 2.166887e-01 6.118689e-01 5.138434e+00 4.429044e+00 1.485639e+00 2.741752e-01 7.666441e-01 3.631891e+00 7.790501e-01 1.455883e+00 1.103944e+00 5.000000e-02
<GCONST> 7.711914e+01
<STATE> 10
<MEAN> 26
 2.535132e+00 -1.362108e+01 -2.072382e+01 -2.822633e+01 9.858124e-01 2.283489e+00 7.293811e+00 -8.852691e+00 -2.969995e+00 1.173998e+01 -3.135900e+00 -3.727605e+00 9.868648e-01 -9.174522e-01 4.778899e-01 4.602636e-01 -1.676264e+00 -2.228236e-01 4.339244e-01 -7.806869e-01 2.675651e-02 -1.227376e-01 -2.420584e-01 7.958514e-01 -1.088544e-01 4.361263e-03
<VARIANCE> 26
 1.641389e+01 8.675061e+00 1.338721e+01 2.783977e+01 5.799002e+01 4.472425e+01 4.212349e+01 2.818183e+01 1.676514e+01 7.334647e+00 1.245199e+01 1.433387e+01 5.000000e-02 2.177994e-01 4.772481e-01 8.231223e-01 1.455406e+00 8.691580e-01 3.674006e+00 3.129172e-01 7.843863e-01 1.240237e+00 3.866315e-01 1.051896e+00 3.661996e-01 5.000000e-02
<GCONST> 7.359333e+01
<STATE> 11
<MEAN> 26
 1.974338e+00 -1.093527e+01 -2.247482e+01 -2.732775e+01 -2.961707e+00 5.417822e+00 -4.472690e-01 -4.696452e+00 -6.100563e+00 8.723594e+00 -2.668958e+00 -5.590774e+00 9.741643e-01 -5.153592e-01 6.356446e-01 8.459809e-02 -2.363626e-01 -2.694039e-01 -4.781431e-01 -1.069515e+00 1.239953e+00 -7.806690e-01 -5.064620e-01 1.494680e-01 3.866195e-01 -9.533918e-03
<VARIANCE> 26
 9.884822e+00 8.861650e+00 6.789235e+00 3.286681e+01 3.313096e+01 3.214342e+01 3.128287e+01 3.505692e+01 2.362023e+01 6.893810e+00 9.780688e+00 6.268867e+00 5.000000e-02 1.364118e-01 4.023425e-01 9.292808e-01 9.880943e-01 3.059624e+00 3.433254e+00 1.279910e+00 5.076207e-01 2.279351e+00 3.165559e-01 4.064237e-01 2.673554e+00 5.000000e-02
<GCONST> 7.354272e+01
<STATE> 12
<MEAN> 26
 -1.018120e-01 -1.179816e+01 -2.041559e+01 -2.816160e+01 -2.879482e+00 3.037731e+00 1.313896e+00 -4.272991e+00 -4.195928e+00 7.886628e+00 -3.148131e+00 -1.475823e+00 9.643822e-01 -4.641555e-02 1.458012e-02 4.856255e-01 -3.619739e-01 2.397531e-01 -7.641059e-01 -3.122481e-01 8.501952e-01 -3.902692e-01 -9.104076e-01 -2.665538e-01 1.590626e+00 -8.119768e-03
<VARIANCE> 26
 1.688326e+01 8.209697e+00 1.860789e+01 6.751023e+00 4.794381e+00 1.495103e+01 3.457150e+01 1.176584e+01 2.715310e+01 4.638480e+00 4.833209e+00 1.781931e+01 5.000000e-02 5.934048e-02 7.580531e-02 2.651721e-01 8.235903e-01 4.078741e-01 1.135959e+00 4.613924e-01 8.298002e-01 1.500478e+00 3.642425e-01 3.837615e-01 1.252790e+00 5.000000e-02
<GCONST> 6.113896e+01
<STATE> 13
<MEAN> 26
 1.293197e+00 -1.051039e+01 -2.081024e+01 -2.803728e+01 -9.817532e-01 8.422234e-01 2.158906e+00 -2.229854e+00 -5.891233e+00 6.493696e+00 -4.033780e+00 8.376510e-01 9.409248e-01 1.928975e-02 -1.559020e-01 8.055773e-01 -8.339006e-01 1.134832e+00 -1.228080e+00 4.565184e-01 1.008615e+00 2.878348e-01 -1.585214e+00 2.931286e-01 1.736600e+00 -1.184001e-02
<VARIANCE> 26
 1.966858e+01 1.131787e+01 9.247705e+00 1.081964e+01 9.908820e+00 2.924407e+01 2.448164e+01 4.090340e+01 2.434100e+01 4.689257e+00 2.424849e+01 2.019241e+01 5.000000e-02 6.508066e-02 8.362496e-01 8.064560e-01 3.816653e-01 6.868193e-02 3.199483e+00 9.912666e-01 2.596602e+00 2.838995e-01 8.870324e-01 2.206220e-01 6.447365e-01 5.000000e-02
<GCONST> 6.732548e+01
<STATE> 14
<MEAN> 26
 1.782754e+00 -1.179485e+01 -1.887411e+01 -3.106536e+01 1.121686e+00 -6.780399e-02 8.282571e-01 -9.553458e-01 -5.747347e+00 3.761774e+00 -2.267007e+00 2.535795e+00 9.278255e-01 1.991090e-01 -5.011407e-01 6.608213e-01 -8.474171e-01 1.289009e+00 -9.311966e-01 3.191619e-01 1.307189e+00 5.241635e-01 -1.682957e+00 7.662792e-01 1.147231e+00 -1.327935e-02
<VARIANCE> 26
 1.530868e+01 1.490137e+01 1.076560e+01 1.431825e+01 1.593148e+01 5.275220e+01 4.194943e+01 7.939468e+01 4.024504e+01 4.631102e+00 1.035181e+01 2.438116e+01 5.000000e-02 2.579449e-01 5.862571e-01 9.170539e-01 1.022644e+00 5.931534e-01 6.161385e-01 1.005205e+00 3.463511e+00 9.716070e-01 7.081864e-01 8.938097e-01 1.325516e+00 5.000000e-02
<GCONST> 7.594801e+01
<STATE> 15
<MEAN> 26
 2.056693e+00 -1.246300e+01 -1.799772e+01 -3.094001e+01 1.564605e+00 -3.965732e-01 3.427482e+00 8.778495e-01 -4.147300e+00 2.095829e+00 -2.012903e+00 4.081381e+00 9.104475e-01 4.584980e-01 -4.332123e-01 3.546378e-02 -4.274746e-01 2.610993e-01 6.708787e-01 1.589227e-01 1.363435e+00 -6.947078e-01 -7.926348e-01 2.130300e-01 5.376868e-01 -1.013493e-02
<VARIANCE> 26
 8.363951e+00 1.090913e+01 4.624451e+00 1.292962e+01 1.324137e+01 1.557133e+01 4.788524e+01 5.310046e+01 2.152676e+01 5.254753e+00 1.071878e+01 5.551904e+00 5.000000e-02 5.452878e-01 4.558879e-01 4.131950e-01 1.340120e+00 2.437481e+00 1.870119e+00 9.357929e-01 5.349831e-01 9.842235e-01 4.012528e-01 1.199668e+00 8.869018e-01 5.000000e-02
<GCONST> 7.035712e+01
<STATE> 16
<MEAN> 26
 2.178875e+00 -1.337127e+01 -1.919635e+01 -3.374195e+01 4.319633e+00 1.268681e+00 2.681174e+00 2.780133e+00 -6.421636e+00 4.435964e-01 -8.315765e-01 4.604582e+00 8.897431e-01 7.424212e-01 4.446706e-03 -6.673648e-01 3.394559e-01 1.603462e-01 6.553389e-01 1.285141e+00 8.899761e-01 -6.792530e-02 -8.018711e-01 5.141991e-01 -3.008994e-02 -7.074344e-03
<VARIANCE> 26
 8.542250e+00 4.352128e+00 1.704772e+01 2.374787e+01 7.588365e+00 1.657885e+01 5.481341e+01 1.258376e+02 3.232269e+01 9.961420e+00 2.180688e+01 7.884346e+00 5.000000e-02 4.923940e-01 1.209498e+00 3.283385e-01 1.036824e+00 2.822257e+00 1.666727e+00 1.513794e+00 3.018049e+00 1.101164e+00 3.166099e-01 1.644810e+00 1.896864e+00 5.000000e-02
<GCONST> 7.756374e+01
<STATE> 17
<MEAN> 26
 4.883731e+00 -1.292997e+01 -2.071943e+01 -3.024905e+01 2.512377e+00 3.771039e-01 5.311611e+00 5.402997e+00 -6.074283e+00 -2.231023e+00 9.956290e-01 4.508489e+00 8.762710e-01 1.018349e+00 -4.280321e-01 1.535606e-01 1.890874e+00 -1.803235e+00 -8.787158e-01 1.390913e-01 7.878370e-01 6.782376e-01 -1.897206e+00 -4.976417e-01 -1.320386e+00 -2.186045e-02
<VARIANCE> 26
 4.594471e+00 5.690517e+00 7.401610e+00 3.814201e+01 2.379761e+01 1.465018e+01 5.670753e+01 2.894910e+01 2.814380e+01 2.531245e+00 2.445658e+01 1.397306e+01 5.000000e-02 8.870711e-01 8.438850e-01 1.680287e+00 5.268895e-01 1.871778e+00 1.244622e+00 1.232087e+00 1.775228e+01 1.978671e+00 1.601358e+00 1.426229e+00 2.449042e+00 5.000000e-02
<GCONST> 7.998115e+01
<STATE> 18
<MEAN> 26
 6.444957e+00 -1.547201e+01 -1.969249e+01 -2.591376e+01 -2.652140e+00 -1.050694e+00 4.605178e+00 5.574930e+00 -4.961433e+00 -2.111172e+00 -2.706424e+00 2.260963e-01 8.470333e-01 1.089550e+00 -6.608286e-01 4.845208e-01 2.138923e+00 -2.536767e+00 -4.718173e-01 -1.193714e+00 -6.493285e-01 9.049893e-01 -1.757574e+00 -1.353550e+00 -1.754330e+00 -2.925694e-02
<VARIANCE> 26
 2.186869e+00 1.150824e+01 6.992458e+00 1.737494e+01 4.905972e+01 4.113573e+01 2.002841e+01 5.928778e+01 1.124583e+01 1.718269e+01 9.438919e+00 8.885213e+00 5.000000e-02 5.310214e-01 6.598673e-01 9.554023e-01 1.975869e+00 6.735577e-02 1.407629e+00 3.171700e+00 4.241654e+00 1.649244e+00 1.188917e+00 1.487342e+00 7.888460e-01 5.000000e-02
<GCONST> 7.486457e+01
<STATE> 19
<MEAN> 26
 6.965041e+00 -1.503061e+01 -1.606642e+01 -2.444834e+01 -6.482117e+00 -2.626167e-01 -8.705702e-01 1.231162e+00 -1.606454e+00 -8.725707e+00 -5.232552e+00 -1.782602e+00 7.570331e-01 1.644334e-01 -4.449689e-01 1.254124e+00 1.521364e+00 -1.862696e+00 -5.194239e-01 -8.419804e-01 -1.454661e+00 5.772014e-01 -1.060248e+00 -3.590535e-01 -8.251208e-01 -3.880158e-02
<VARIANCE> 26
 6.084798e-01 4.227574e+00 1.484024e+01 7.469746e+00 3.112540e+01 8.119639e+00 4.179032e+01 7.192387e+01 1.553525e+01 1.382812e+01 2.319830e+01 1.591674e+01 5.000000e-02 1.240812e+00 1.094527e+00 1.671400e+00 2.905681e+00 2.683900e+00 2.871245e+00 1.001874e+00 8.811151e-01 1.898017e+00 4.591375e+00 1.805904e+00 6.356747e-01 5.000000e-02
<GCONST> 7.837495e+01
<STATE> 20
<MEAN> 26
 6.661176e+00 -1.573009e+01 -1.422736e+01 -2.252173e+01 -5.285799e+00 3.700965e-01 1.666250e+00 3.356220e-01 -2.246904e+00 -4.817124e+00 -2.393689e+00 -3.348046e+00 6.989519e-01 -2.179230e-01 8.220100e-02 1.024024e+00 1.125270e+00 4.231899e-01 3.016895e-01 7.359551e-01 -7.402545e-01 8.749777e-02 9.464374e-01 8.407900e-01 -1.110647e+00 -3.336761e-02
<VARIANCE> 26
 1.361150e+01 4.395523e+00 5.466980e+01 2.314571e+01 1.981606e+01 2.032290e+01 6.116107e+01 1.399325e+01 1.112515e+01 9.320601e+00 8.501847e+00 1.408951e+01 5.000000e-02 7.134148e-01 2.176951e-01 3.601211e+00 2.247406e+00 2.286792e+00 2.481539e+00 1.653846e+00 1.157765e+01 9.492539e-01 1.076972e+00 1.013444e+00 1.713127e+00 5.000000e-02
<GCONST> 8.069608e+01
<STATE> 21
<MEAN> 26
 6.765547e+00 -1.371281e+01 -1.594070e+01 -1.861040e+01 -3.866222e+00 -2.666301e+00 4.324004e+00 2.199637e+00 -1.638409e+00 -3.395260e+00 7.157895e-01 -2.706238e+00 6.233973e-01 1.025588e-01 5.925881e-01 -1.432332e+00 1.715895e+00 3.023843e-02 -1.799642e+00 5.385082e-01 -1.093157e+00 -9.737112e-01 -4.669041e-01 7.941558e-01 -1.294959e-01 -3.735121e-02
<VARIANCE> 26
 7.455257e+00 3.586825e+00 1.308321e+01 4.116887e+01 1.837573e+01 9.557775e+00 2.973847e+01 3.302442e+01 8.462757e+00 8.502313e+00 1.201913e+01 2.245282e+00 5.000000e-02 1.113047e+00 7.972043e-01 6.883738e+00 3.369708e+00 1.350487e+00 5.220912e-01 9.001258e+00 3.476274e+00 9.973706e-01 5.687853e-01 1.544699e+00 4.694752e+00 5.000000e-02
<GCONST> 7.853066e+01
<STATE> 22
<MEAN> 26
 6.397396e+00 -1.460123e+01 -1.523514e+01 -1.856911e+01 -5.420306e+00 -6.085784e+00 2.585952e+00 -3.220610e+00 -7.263111e+00 -7.146951e+00 -1.237664e+00 -6.664735e+00 6.157683e-01 -9.613048e-01 8.530673e-02 7.408208e-02 -2.591363e-01 3.617303e-01 -3.589939e-01 -1.344250e+00 -7.861404e-01 6.074249e-01 1.950349e-01 1.802217e-01 -9.232477e-01 -4.362791e-02
<VARIANCE> 26
 8.959182e+00 6.452780e+00 3.461786e+01 2.576778e+01 1.721020e+01 1.300853e+01 5.792457e+00 1.462090e+01 1.270681e+01 4.440187e+00 9.294043e+00 2.022961e+01 5.000000e-02 1.342732e+00 2.288576e-01 2.202790e+00 4.057272e+00 4.171659e+00 2.448606e+00 2.317038e+00 2.154969e+00 1.255971e+00 7.072973e+00 6.216551e+00 1.749853e+00 5.000000e-02
<GCONST> 8.127661e+01
<STATE> 23
<MEAN> 26
 4.417237e+00 -1.386840e+01 -1.912118e+01 -1.855027e+01 -2.857657e+00 -2.361194e+00 2.097404e+00 -3.620183e+00 7.718518e-02 -2.315952e+00 3.716612e+00 -2.778716e+00 4.831850e-01 -4.984376e-01 -1.253986e-01 -3.571552e-01 2.737436e-01 3.252124e-01 3.042580e-01 -2.670468e-01 -6.142839e-01 4.644247e-01 3.074668e-01 4.577517e-01 -2.884131e-01 -2.992927e-02
<VARIANCE> 26
 9.256402e+00 2.997427e+00 2.879037e+01 9.918808e+00 4.816862e+00 8.227545e+00 7.047670e+00 5.792247e+00 1.245087e+01 2.046777e+01 3.922701e+01 2.530847e+01 5.000000e-02 2.012075e-01 3.171387e-01 6.535403e-01 8.635029e-01 8.601460e-01 1.075339e+00 5.841431e-01 1.881393e+00 1.359042e+00 1.334701e+00 2.588395e+00 2.903012e-01 5.000000e-02
<GCONST> 6.760298e+01
<STATE> 24
<MEAN> 26
 3.634279e+00 -1.452867e+01 -1.704640e+01 -1.956200e+01 -4.628050e+00 -2.720539e+00 7.622129e-01 -2.153101e+00 -2.051217e+00 -4.214033e+00 1.511596e+00 -6.926095e+00 4.682093e-01 3.923044e-02 3.710087e-01 -4.162872e-01 1.144900e+00 5.264434e-01 9.383068e-01 6.229981e-01 3.609326e-01 -2.214426e-01 -2.328430e-01 7.293414e-01 8.508304e-01 -4.362862e-02
<VARIANCE> 26
 1.120924e+01 2.428570e+00 1.328337e+01 1.892838e+01 1.716903e+01 1.111598e+01 1.508683e+01 3.289714e+01 7.240820e+00 4.740670e+01 2.748694e+01 1.510177e+01 5.000000e-02 1.091263e+00 7.678590e-01 5.397111e+00 2.526023e+00 3.652636e-01 3.804855e-01 6.732007e-01 8.464365e-01 8.980815e-01 3.747287e+00 4.992082e+00 2.403195e+00 5.000000e-02
<GCONST> 7.754829e+01
<STATE> 25
<MEAN> 26
 4.651663e+00 -1.404122e+01 -1.716854e+01 -1.501660e+01 -2.660954e+00 -3.726843e+00 1.879477e+00 -2.982778e+00 -3.874828e+00 -5.066442e+00 1.076116e+00 -5.701558e+00 4.380140e-01 -1.641910e-01 7.828798e-01 1.335942e+00 5.242682e-01 1.500690e+00 5.750908e-01 4.065768e-01 1.096244e+00 -5.847986e-01 8.489202e-02 1.059103e+00 2.224279e-01 -3.209147e-02
<VARIANCE> 26
 6.512407e+00 4.349755e+00 6.366518e+00 7.184964e-01 1.159240e+01 2.099095e+01 1.154910e+01 2.560076e+01 1.655866e+01 1.327467e+01 1.208230e+01 1.512333e+01 5.000000e-02 1.348351e+00 1.916501e-01 2.667316e+00 3.231461e+00 1.249600e+00 1.297173e+00 2.282221e+00 2.744790e+00 2.463128e-01 3.485947e+00 4.190147e+00 3.141029e+00 5.000000e-02
<GCONST> 7.398559e+01
<STATE> 26
<MEAN> 26
 4.571499e+00 -1.178783e+01 -1.522914e+01 -1.797065e+01 -3.514520e-01 -6.516920e-01 4.367083e+00 9.153937e-01 -3.457906e+00 -5.436283e+00 3.471155e+00 -3.448817e+00 3.896349e-01 5.500115e-02 8.193193e-01 1.023257e+00 9.757695e-01 -3.676604e-01 -5.462136e-01 5.396537e-01 4.381903e-01 1.931324e-01 -3.256052e-02 7.441140e-02 1.395412e+00 -2.069372e-02
<VARIANCE> 26
 2.239688e+00 8.149183e-01 1.367742e+01 1.771844e+01 6.734658e+00 1.280067e+01 7.734294e+00 2.054120e+01 1.130261e+01 6.395546e+00 1.006403e+01 1.213133e+01 5.000000e-02 2.487279e-01 2.542315e-01 6.328236e-01 1.227088e+00 5.988467e-01 1.860238e+00 1.852176e+00 3.141250e+00 1.032839e+00 9.103175e-01 1.609077e+00 7.080783e-01 5.000000e-02
<GCONST> 6.541954e+01
<STATE> 27
<MEAN> 26
 4.295751e+00 -1.139836e+01 -1.372332e+01 -1.187683e+01 -2.576035e+00 -3.519143e+00 2.958464e+00 -3.801014e+00 -4.851746e+00 -4.878360e+00 2.465373e+00 -1.928335e+00 3.693064e-01 -7.398127e-01 5.016968e-01 1.173848e+00 1.274014e+00 -6.856890e-02 -2.968868e-01 -2.588098e-01 -4.259419e-01 1.226638e+00 6.199760e-01 -1.833533e-01 7.931125e-01 -3.833255e-02
<VARIANCE> 26
 1.741474e+00 1.698147e+00 4.504341e+00 1.071297e+01 1.207761e+01 3.864905e+00 1.015284e+01 5.760521e+00 2.885690e+00 5.629104e+00 6.071980e+00 1.057180e+01 5.000000e-02 6.293992e-01 4.849598e-01 1.894946e+00 5.895113e-01 1.095578e+00 2.712950e+00 1.728067e+00 1.597088e+00 2.884493e+00 2.307993e-01 4.558599e-01 1.588656e+00 5.000000e-02
<GCONST> 6.191479e+01
<STATE> 28
<MEAN> 26
 1.474811e+00 -1.040250e+01 -1.159154e+01 -1.233695e+01 -1.933837e+00 -3.800620e+00 2.492598e+00 -5.830008e-01 8.001642e-01 -2.051408e+00 3.359957e+00 -1.210373e+00 2.587203e-01 -1.111093e+00 4.358856e-02 6.831929e-01 7.139857e-01 2.608560e-01 4.105772e-01 3.989051e-01 4.802484e-01 6.845170e-01 3.497511e-01 -2.389056e-01 -2.914073e-02 -3.993222e-02
<VARIANCE> 26
 5.657998e+00 2.548433e+00 2.127314e+01 1.281427e+01 6.325157e+00 1.402977e+01 8.603368e+00 7.986191e+00 1.056690e+01 1.229472e+00 8.330217e+00 4.718905e+00 5.000000e-02 3.172135e-01 4.321209e-01 1.655796e+00 3.452118e-01 6.351239e-01 1.146891e+00 8.191615e-01 1.105290e+00 1.474473e+00 4.357465e-01 1.304291e+00 9.791015e-01 5.000000e-02
<GCONST> 6.186061e+01
<STATE> 29
<MEAN> 26
 9.958584e-01 -1.136916e+01 -1.141943e+01 -1.106287e+01 -1.552311e+00 -4.061067e-01 4.121302e+00 -2.937913e-01 -6.807098e-01 -4.287088e+00 1.895779e+00 -1.266083e+00 2.357564e-01 -7.677146e-01 -3.273065e-01 5.335686e-02 9.105697e-01 7.359819e-01 4.020026e-01 2.608291e-01 1.934570e-01 3.032654e-01 3.062893e-02 2.319976e-01 3.374480e-01 -2.982665e-02
<VARIANCE> 26
 9.659293e+00 9.941024e+00 3.440284e+01 1.278397e+01 3.832298e+00 5.528001e+00 5.098701e-01 2.537205e+00 1.299404e+01 8.129607e+00 1.141830e+01 2.622221e+00 5.000000e-02 2.409232e-01 3.354135e-01 1.384036e+00 8.641934e-01 9.972716e-01 1.202126e+00 1.677561e+00 8.225682e-01 1.599893e+00 1.808424e+00 2.126633e+00 1.704663e+00 5.000000e-02
<GCONST> 6.433131e+01
<STATE> 30
<MEAN> 26
 -4.998404e-01 -1.189295e+01 -1.220080e+01 -9.726651e+00 -6.635942e-01 -2.592795e+00 3.962307e+00 -3.497986e-01 2.118247e+00 -1.720610e+00 4.123547e+00 7.156538e-02 1.836237e-01 -6.784247e-01 -5.716053e-02 1.479103e-01 6.402182e-04 3.336509e-01 5.354019e-01 1.640009e-01 2.435723e-01 -2.564897e-02 -8.283783e-02 5.888121e-01 4.578745e-02 -3.416197e-02
<VARIANCE> 26
 9.671605e+00 2.347086e+00 1.518221e+01 5.557382e+00 7.692201e+00 7.983059e+00 6.808598e+00 8.188094e+00 1.763132e+01 1.624071e+01 1.292808e+01 1.059772e+01 5.000000e-02 5.205520e-01 5.205712e-01 2.245613e+00 1.762271e+00 1.534353e-01 3.283461e+00 9.866530e-01 7.227635e-01 2.079101e+00 1.133340e+00 1.414950e+00 1.726834e+00 5.000000e-02
<GCONST> 6.886327e+01
<STATE> 31
<MEAN> 26
 -1.612864e+00 -1.090159e+01 -1.044060e+01 -1.113770e+01 9.485580e-01 1.532559e+00 5.658764e+00 6.321506e-01 -1.128003e+00 -4.460023e+00 4.285539e+00 -1.898324e+00 1.029339e-01 -5.856523e-01 2.801914e-01 1.200225e+00 3.591992e-01 6.080150e-01 6.014864e-01 7.780705e-02 3.064590e-01 -4.747116e-01 -4.233143e-01 3.701592e-01 -2.657761e-02 -2.650334e-02
<VARIANCE> 26
 5.232728e+00 1.574785e+00 3.381221e+00 1.059430e+01 6.198158e+00 1.048264e+01 1.322841e+01 1.082703e+01 1.840924e+01 1.280190e+01 2.834067e+01 1.772103e+01 5.000000e-02 4.134877e-01 3.429702e-01 1.243592e+00 4.466502e-01 2.358977e-01 3.306583e-01 7.189198e-01 1.230729e+00 9.319956e-01 1.335626e+00 4.232478e+00 1.480676e+00 5.000000e-02
<GCONST> 6.514045e+01
<STATE> 32
<MEAN> 26
 -1.777641e+00 -1.089337e+01 -8.610580e+00 -9.160124e+00 7.239851e-01 3.992668e-01 3.570412e+00 -9.516422e-01 -1.681833e+00 -5.164948e+00 3.283629e+00 -7.001017e-01 1.088555e-01 -6.656242e-01 2.798195e-01 4.796418e-01 4.756425e-01 -1.042902e-01 3.352563e-01 5.712515e-01 2.430570e-01 4.631462e-01 1.226021e-01 -8.863528e-01 -3.175122e-01 -2.255808e-02
<VARIANCE> 26
 6.042116e+00 2.350131e+00 3.090880e+00 2.187878e+00 6.660705e+00 3.296873e+00 7.920934e+00 2.852614e+00 1.618751e+01 7.466633e+00 2.058308e+01 1.105328e+01 5.000000e-02 2.838728e-01 3.381203e-01 4.526321e-01 5.414914e-01 6.732756e-01 1.902888e+00 7.270240e-01 5.236879e-01 1.230105e+00 1.136855e+00 1.670581e+00 3.275920e+00 5.000000e-02
<GCONST> 6.035435e+01
<STATE> 33
<MEAN> 26
 -4.124177e+00 -1.040017e+01 -8.772954e+00 -1.028950e+01 -1.057312e+00 9.809045e-01 6.916577e+00 2.732565e+00 2.436422e+00 -7.676260e-01 2.219463e+00 -2.030317e+00 4.787408e-02 -5.027995e-01 3.287325e-01 6.421908e-01 5.502907e-01 -5.610806e-01 -8.099163e-01 5.176799e-01 9.478359e-02 5.407954e-01 4.459942e-01 -6.715906e-01 -1.640000e-01 -2.154298e-02
<VARIANCE> 26
 5.251638e+00 1.685134e+00 1.875832e+00 1.892456e+00 8.975002e+00 1.775997e+00 7.579149e+00 3.715499e+00 3.123312e+00 4.150764e+00 9.278772e+00 1.857149e+01 5.000000e-02 5.042126e-01 3.358186e-01 3.159134e-01 2.267544e-01 3.037420e-01 3.635727e-01 9.849041e-01 1.474646e+00 1.109114e+00 1.191700e+00 4.572510e+00 2.135343e+00 5.000000e-02
<GCONST> 5.537429e+01
<STATE> 34
<MEAN> 26
 -3.895055e+00 -9.676985e+00 -6.332093e+00 -7.341237e+00 -3.231537e-01 -1.228565e+00 5.399395e+00 9.642427e-02 5.090857e-01 -4.293139e+00 5.334305e-01 -2.743545e+00 1.416555e-02 -8.201273e-02 2.800129e-01 1.229011e+00 7.541925e-01 -3.504918e-01 -1.124693e+00 -1.154226e+00 -6.908780e-01 5.285372e-01 4.217917e-01 8.769374e-02 -7.364742e-02 -5.162119e-03
<VARIANCE> 26
 2.944295e+00 2.238070e+00 3.521141e+00 3.353534e+00 8.202571e+00 1.018248e+01 8.273773e+00 7.317695e+00 1.238764e+01 1.075770e+01 7.133578e+00 4.509598e+00 5.000000e-02 4.908905e-01 1.520651e-01 4.384823e-01 2.734772e-01 3.928259e-01 6.583988e-01 9.201522e-01 9.063880e-01 1.312276e+00 1.145331e+00 2.478707e+00 1.812637e+00 5.000000e-02
<GCONST> 5.869965e+01
<STATE> 35
<MEAN> 26
 -3.964107e+00 -9.186027e+00 -3.471696e+00 -6.809919e+00 -3.327162e-01 -4.438493e+00 1.194241e+00 -1.962581e+00 3.340442e+00 -5.661702e-01 5.498658e+00 8.685663e-01 5.288782e-02 2.609106e-02 3.287160e-01 5.745870e-01 -1.627425e-01 1.911544e-01 -1.001312e+00 -6.007469e-01 -8.027102e-01 -1.929798e-01 1.360303e-01 4.285416e-01 8.004221e-01 5.751011e-03
<VARIANCE> 26
 1.699516e+00 1.908483e+00 4.612241e+00 7.185843e+00 8.045055e+00 4.163969e+00 1.420275e+01 1.127977e+01 5.077560e+00 1.402390e+01 1.698084e+01 9.342131e+00 5.000000e-02 7.871207e-02 2.175169e-01 7.222282e-01 1.056577e+00 7.222561e-01 9.539977e-01 2.279543e-01 9.349904e-01 1.718037e+00 9.226440e-01 1.218036e+00 1.600556e+00 5.000000e-02
<GCONST> 5.926315e+01
<STATE> 36
<MEAN> 26
 -2.882777e+00 -7.699125e+00 -3.821992e+00 -7.128208e+00 -1.561455e+00 -5.570853e+00 3.288579e+00 -2.652696e+00 6.751210e-01 -2.673197e+00 2.032503e+00 -2.232919e+00 4.319417e-02 -1.497615e-01 2.250386e-01 2.495207e-01 9.029244e-01 6.792959e-01 1.975968e-01 2.707972e-01 -2.666177e-01 -6.572538e-01 -8.351330e-01 -4.049061e-01 5.541274e-02 -7.282159e-03
<VARIANCE> 26
 2.500794e+00 2.097197e+00 5.407549e+00 7.265667e+00 1.857517e+00 9.095749e+00 6.230878e+00 6.623362e+00 1.734296e+01 5.564888e+00 6.002714e+00 1.239375e+01 5.000000e-02 2.165599e-01 2.452801e-01 6.251577e-01 1.046066e+00 1.081609e+00 2.457547e-01 6.000257e-02 9.972893e-01 1.588258e+00 1.665268e+00 1.923074e+00 7.587592e-01 5.000000e-02
<GCONST> 5.639721e+01
<STATE> 37
<MEAN> 26
 -4.917818e+00 -9.080781e+00 -4.743418e+00 -4.691319e+00 3.016890e+00 -2.870683e+00 2.065277e+00 -2.821671e+00 9.832100e-01 -3.623512e+00 2.090153e+00 4.504521e-01 1.826537e-02 -2.010009e-01 -2.670446e-02 3.183114e-01 1.155017e+00 9.655222e-01 5.196896e-01 -5.147842e-01 -2.684339e-01 -1.257093e+00 -1.010109e+00 -6.242992e-01 7.179929e-02 -1.400913e-02
<VARIANCE> 26
 1.664790e-01 9.607523e-01 1.243247e+00 7.598822e+00 4.346114e+00 1.897668e+01 1.220791e+01 1.442050e+00 6.527989e+00 6.154970e+00 1.347088e+01 6.544548e+00 5.000000e-02 2.554437e-01 3.049419e-01 7.564518e-01 9.967473e-01 2.002643e-01 1.044241e+00 9.243174e-01 4.726233e-01 2.525787e+00 1.840523e+00 1.884318e+00 1.706903e+00 5.000000e-02
<GCONST> 5.513639e+01
<TRANSP> 38
 0.000000e+00 1.000000e+00 0.000000e+00 0.000000e+00 0.000000e+00 0.000000e+00 0.000000e+00 0.000000e+00 0.000000e+00 0.000000e+00 0.000000e+00 0.000000e+00 0.000000e+00 0.000000e+00 0.000000e+00 0.000000e+00 0.000000e+00 0.000000e+00 0.000000e+00 0.000000e+00 0.000000e+00 0.000000e+00 0.000000e+00 0.000000e+00 0.000000e+00 0.000000e+00 0.000000e+00 0.000000e+00 0.000000e+00 0.000000e+00 0.000000e+00 0.000000e+00 0.000000e+00 0.000000e+00 0.000000e+00 0.000000e+00 0.000000e+00 0.000000e+00
 0.000000e+00 3.740090e-01 6.259911e-01 0.000000e+00 0.000000e+00 0.000000e+00 0.000000e+00 0.000000e+00 0.000000e+00 0.000000e+00 0.000000e+00 0.000000e+00 0.000000e+00 0.000000e+00 0.000000e+00 0.000000e+00 0.000000e+00 0.000000e+00 0.000000e+00 0.000000e+00 0.000000e+00 0.000000e+00 0.000000e+00 0.000000e+00 0.000000e+00 0.000000e+00 0.000000e+00 0.000000e+00 0.000000e+00 0.000000e+00 0.000000e+00 0.000000e+00 0.000000e+00 0.000000e+00 0.000000e+00 0.000000e+00 0.000000e+00 0.000000e+00
 0.000000e+00 0.000000e+00 2.857071e-01 7.142928e-01 0.000000e+00 0.000000e+00 0.000000e+00 0.000000e+00 0.000000e+00 0.000000e+00 0.000000e+00 0.000000e+00 0.000000e+00 0.000000e+00 0.000000e+00 0.000000e+00 0.000000e+00 0.000000e+00 0.000000e+00 0.000000e+00 0.000000e+00 0.000000e+00 0.000000e+00 0.000000e+00 0.000000e+00 0.000000e+00 0.000000e+00 0.000000e+00 0.000000e+00 0.000000e+00 0.000000e+00 0.000000e+00 0.000000e+00 0.000000e+00 0.000000e+00 0.000000e+00 0.000000e+00 0.000000e+00
 0.000000e+00 0.000000e+00 0.000000e+00 3.749926e-01 6.250074e-01 0.000000e+00 0.000000e+00 0.000000e+00 0.000000e+00 0.000000e+00 0.000000e+00 0.000000e+00 0.000000e+00 0.000000e+00 0.000000e+00 0.000000e+00 0.000000e+00 0.000000e+00 0.000000e+00 0.000000e+00 0.000000e+00 0.000000e+00 0.000000e+00 0.000000e+00 0.000000e+00 0.000000e+00 0.000000e+00 0.000000e+00 0.000000e+00 0.000000e+00 0.000000e+00 0.000000e+00 0.000000e+00 0.000000e+00 0.000000e+00 0.000000e+00 0.000000e+00 0.000000e+00
 0.000000e+00 0.000000e+00 0.000000e+00 0.000000e+00 0.000000e+00 1.000000e+00 0.000000e+00 0.000000e+00 0.000000e+00 0.000000e+00 0.000000e+00 0.000000e+00 0.000000e+00 0.000000e+00 0.000000e+00 0.000000e+00 0.000000e+00 0.000000e+00 0.000000e+00 0.000000e+00 0.000000e+00 0.000000e+00 0.000000e+00 0.000000e+00 0.000000e+00 0.000000e+00 0.000000e+00 0.000000e+00 0.000000e+00 0.000000e+00 0.000000e+00 0.000000e+00 0.000000e+00 0.000000e+00 0.000000e+00 0.000000e+00 0.000000e+00 0.000000e+00
 0.000000e+00 0.000000e+00 0.000000e+00 0.000000e+00 0.000000e+00 3.748229e-01 6.251771e-01 0.000000e+00 0.000000e+00 0.000000e+00 0.000000e+00 0.000000e+00 0.000000e+00 0.000000e+00 0.000000e+00 0.000000e+00 0.000000e+00 0.000000e+00 0.000000e+00 0.000000e+00 0.000000e+00 0.000000e+00 0.000000e+00 0.000000e+00 0.000000e+00 0.000000e+00 0.000000e+00 0.000000e+00 0.000000e+00 0.000000e+00 0.000000e+00 0.000000e+00 0.000000e+00 0.000000e+00 0.000000e+00 0.000000e+00 0.000000e+00 0.000000e+00
 0.000000e+00 0.000000e+00 0.000000e+00 0.000000e+00 0.000000e+00 0.000000e+00 3.751067e-01 6.248933e-01 0.000000e+00 0.000000e+00 0.000000e+00 0.000000e+00 0.000000e+00 0.000000e+00 0.000000e+00 0.000000e+00 0.000000e+00 0.000000e+00 0.000000e+00 0.000000e+00 0.000000e+00 0.000000e+00 0.000000e+00 0.000000e+00 0.000000e+00 0.000000e+00 0.000000e+00 0.000000e+00 0.000000e+00 0.000000e+00 0.000000e+00 0.000000e+00 0.000000e+00 0.000000e+00 0.000000e+00 0.000000e+00 0.000000e+00 0.000000e+00
 0.000000e+00 0.000000e+00 0.000000e+00 0.000000e+00 0.000000e+00 0.000000e+00 0.000000e+00 3.750847e-01 6.249153e-01 0.000000e+00 0.000000e+00 0.000000e+00 0.000000e+00 0.000000e+00 0.000000e+00 0.000000e+00 0.000000e+00 0.000000e+00 0.000000e+00 0.000000e+00 0.000000e+00 0.000000e+00 0.000000e+00 0.000000e+00 0.000000e+00 0.000000e+00 0.000000e+00 0.000000e+00 0.000000e+00 0.000000e+00 0.000000e+00 0.000000e+00 0.000000e+00 0.000000e+00 0.000000e+00 0.000000e+00 0.000000e+00 0.000000e+00
 0.000000e+00 0.000000e+00 0.000000e+00 0.000000e+00 0.000000e+00 0.000000e+00 0.000000e+00 0.000000e+00 2.845008e-01 7.154992e-01 0.000000e+00 0.000000e+00 0.000000e+00 0.000000e+00 0.000000e+00 0.000000e+00 0.000000e+00 0.000000e+00 0.000000e+00 0.000000e+00 0.000000e+00 0.000000e+00 0.000000e+00 0.000000e+00 0.000000e+00 0.000000e+00 0.000000e+00 0.000000e+00 0.000000e+00 0.000000e+00 0.000000e+00 0.000000e+00 0.000000e+00 0.000000e+00 0.000000e+00 0.000000e+00 0.000000e+00 0.000000e+00
 0.000000e+00 0.000000e+00 0.000000e+00 0.000000e+00 0.000000e+00 0.000000e+00 0.000000e+00 0.000000e+00 0.000000e+00 3.711008e-01 6.288993e-01 0.000000e+00 0.000000e+00 0.000000e+00 0.000000e+00 0.000000e+00 0.000000e+00 0.000000e+00 0.000000e+00 0.000000e+00 0.000000e+00 0.000000e+00 0.000000e+00 0.000000e+00 0.000000e+00 0.000000e+00 0.000000e+00 0.000000e+00 0.000000e+00 0.000000e+00 0.000000e+00 0.000000e+00 0.000000e+00 0.000000e+00 0.000000e+00 0.000000e+00 0.000000e+00 0.000000e+00
 0.000000e+00 0.000000e+00 0.000000e+00 0.000000e+00 0.000000e+00 0.000000e+00 0.000000e+00 0.000000e+00 0.000000e+00 0.000000e+00 4.478219e-01 5.521781e-01 0.000000e+00 0.000000e+00 0.000000e+00 0.000000e+00 0.000000e+00 0.000000e+00 0.000000e+00 0.000000e+00 0.000000e+00 0.000000e+00 0.000000e+00 0.000000e+00 0.000000e+00 0.000000e+00 0.000000e+00 0.000000e+00 0.000000e+00 0.000000e+00 0.000000e+00 0.000000e+00 0.000000e+00 0.000000e+00 0.000000e+00 0.000000e+00 0.000000e+00 0.000000e+00
 0.000000e+00 0.000000e+00 0.000000e+00 0.000000e+00 0.000000e+00 0.000000e+00 0.000000e+00 0.000000e+00 0.000000e+00 0.000000e+00 0.000000e+00 5.003164e-01 4.996836e-01 0.000000e+00 0.000000e+00 0.000000e+00 0.000000e+00 0.000000e+00 0.000000e+00 0.000000e+00 0.000000e+00 0.000000e+00 0.000000e+00 0.000000e+00 0.000000e+00 0.000000e+00 0.000000e+00 0.000000e+00 0.000000e+00 0.000000e+00 0.000000e+00 0.000000e+00 0.000000e+00 0.000000e+00 0.000000e+00 0.000000e+00 0.000000e+00 0.000000e+00
 0.000000e+00 0.000000e+00 0.000000e+00 0.000000e+00 0.000000e+00 0.000000e+00 0.000000e+00 0.000000e+00 0.000000e+00 0.000000e+00 0.000000e+00 0.000000e+00 0.000000e+00 1.000000e+00 0.000000e+00 0.000000e+00 0.000000e+00 0.000000e+00 0.000000e+00 0.000000e+00 0.000000e+00 0.000000e+00 0.000000e+00 0.000000e+00 0.000000e+00 0.000000e+00 0.000000e+00 0.000000e+00 0.000000e+00 0.000000e+00 0.000000e+00 0.000000e+00 0.000000e+00 0.000000e+00 0.000000e+00 0.000000e+00 0.000000e+00 0.000000e+00
 0.000000e+00 0.000000e+00 0.000000e+00 0.000000e+00 0.000000e+00 0.000000e+00 0.000000e+00 0.000000e+00 0.000000e+00 0.000000e+00 0.000000e+00 0.000000e+00 0.000000e+00 4.443774e-01 5.556227e-01 0.000000e+00 0.000000e+00 0.000000e+00 0.000000e+00 0.000000e+00 0.000000e+00 0.000000e+00 0.000000e+00 0.000000e+00 0.000000e+00 0.000000e+00 0.000000e+00 0.000000e+00 0.000000e+00 0.000000e+00 0.000000e+00 0.000000e+00 0.000000e+00 0.000000e+00 0.000000e+00 0.000000e+00 0.000000e+00 0.000000e+00
 0.000000e+00 0.000000e+00 0.000000e+00 0.000000e+00 0.000000e+00 0.000000e+00 0.000000e+00 0.000000e+00 0.000000e+00 0.000000e+00 0.000000e+00 0.000000e+00 0.000000e+00 0.000000e+00 4.435998e-01 5.564002e-01 0.000000e+00 0.000000e+00 0.000000e+00 0.000000e+00 0.000000e+00 0.000000e+00 0.000000e+00 0.000000e+00 0.000000e+00 0.000000e+00 0.000000e+00 0.000000e+00 0.000000e+00 0.000000e+00 0.000000e+00 0.000000e+00 0.000000e+00 0.000000e+00 0.000000e+00 0.000000e+00 0.000000e+00 0.000000e+00
 0.000000e+00 0.000000e+00 0.000000e+00 0.000000e+00 0.000000e+00 0.000000e+00 0.000000e+00 0.000000e+00 0.000000e+00 0.000000e+00 0.000000e+00 0.000000e+00 0.000000e+00 0.000000e+00 0.000000e+00 2.957130e-01 7.042871e-01 0.000000e+00 0.000000e+00 0.000000e+00 0.000000e+00 0.000000e+00 0.000000e+00 0.000000e+00 0.000000e+00 0.000000e+00 0.000000e+00 0.000000e+00 0.000000e+00 0.000000e+00 0.000000e+00 0.000000e+00 0.000000e+00 0.000000e+00 0.000000e+00 0.000000e+00 0.000000e+00 0.000000e+00
 0.000000e+00 0.000000e+00 0.000000e+00 0.000000e+00 0.000000e+00 0.000000e+00 0.000000e+00 0.000000e+00 0.000000e+00 0.000000e+00 0.000000e+00 0.000000e+00 0.000000e+00 0.000000e+00 0.000000e+00 0.000000e+00 3.675382e-01 6.324617e-01 0.000000e+00 0.000000e+00 0.000000e+00 0.000000e+00 0.000000e+00 0.000000e+00 0.000000e+00 0.000000e+00 0.000000e+00 0.000000e+00 0.000000e+00 0.000000e+00 0.000000e+00 0.000000e+00 0.000000e+00 0.000000e+00 0.000000e+00 0.000000e+00 0.000000e+00 0.000000e+00
 0.000000e+00 0.000000e+00 0.000000e+00 0.000000e+00 0.000000e+00 0.000000e+00 0.000000e+00 0.000000e+00 0.000000e+00 0.000000e+00 0.000000e+00 0.000000e+00 0.000000e+00 0.000000e+00 0.000000e+00 0.000000e+00 0.000000e+00 1.682634e-01 8.317366e-01 0.000000e+00 0.000000e+00 0.000000e+00 0.000000e+00 0.000000e+00 0.000000e+00 0.000000e+00 0.000000e+00 0.000000e+00 0.000000e+00 0.000000e+00 0.000000e+00 0.000000e+00 0.000000e+00 0.000000e+00 0.000000e+00 0.000000e+00 0.000000e+00 0.000000e+00
 0.000000e+00 0.000000e+00 0.000000e+00 0.000000e+00 0.000000e+00 0.000000e+00 0.000000e+00 0.000000e+00 0.000000e+00 0.000000e+00 0.000000e+00 0.000000e+00 0.000000e+00 0.000000e+00 0.000000e+00 0.000000e+00 0.000000e+00 0.000000e+00 3.750286e-01 6.249714e-01 0.000000e+00 0.000000e+00 0.000000e+00 0.000000e+00 0.000000e+00 0.000000e+00 0.000000e+00 0.000000e+00 0.000000e+00 0.000000e+00 0.000000e+00 0.000000e+00 0.000000e+00 0.000000e+00 0.000000e+00 0.000000e+00 0.000000e+00 0.000000e+00
 0.000000e+00 0.000000e+00 0.000000e+00 0.000000e+00 0.000000e+00 0.000000e+00 0.000000e+00 0.000000e+00 0.000000e+00 0.000000e+00 0.000000e+00 0.000000e+00 0.000000e+00 0.000000e+00 0.000000e+00 0.000000e+00 0.000000e+00 0.000000e+00 0.000000e+00 5.449815e-01 4.550185e-01 0.000000e+00 0.000000e+00 0.000000e+00 0.000000e+00 0.000000e+00 0.000000e+00 0.000000e+00 0.000000e+00 0.000000e+00 0.000000e+00 0.000000e+00 0.000000e+00 0.000000e+00 0.000000e+00 0.000000e+00 0.000000e+00 0.000000e+00
 0.000000e+00 0.000000e+00 0.000000e+00 0.000000e+00 0.000000e+00 0.000000e+00 0.000000e+00 0.000000e+00 0.000000e+00 0.000000e+00 0.000000e+00 0.000000e+00 0.000000e+00 0.000000e+00 0.000000e+00 0.000000e+00 0.000000e+00 0.000000e+00 0.000000e+00 0.000000e+00 2.907622e-01 7.092378e-01 0.000000e+00 0.000000e+00 0.000000e+00 0.000000e+00 0.000000e+00 0.000000e+00 0.000000e+00 0.000000e+00 0.000000e+00 0.000000e+00 0.000000e+00 0.000000e+00 0.000000e+00 0.000000e+00 0.000000e+00 0.000000e+00
 0.000000e+00 0.000000e+00 0.000000e+00 0.000000e+00 0.000000e+00 0.000000e+00 0.000000e+00 0.000000e+00 0.000000e+00 0.000000e+00 0.000000e+00 0.000000e+00 0.000000e+00 0.000000e+00 0.000000e+00 0.000000e+00 0.000000e+00 0.000000e+00 0.000000e+00 0.000000e+00 0.000000e+00 3.719346e-01 6.280654e-01 0.000000e+00 0.000000e+00 0.000000e+00 0.000000e+00 0.000000e+00 0.000000e+00 0.000000e+00 0.000000e+00 0.000000e+00 0.000000e+00 0.000000e+00 0.000000e+00 0.000000e+00 0.000000e+00 0.000000e+00
 0.000000e+00 0.000000e+00 0.000000e+00 0.000000e+00 0.000000e+00 0.000000e+00 0.000000e+00 0.000000e+00 0.000000e+00 0.000000e+00 0.000000e+00 0.000000e+00 0.000000e+00 0.000000e+00 0.000000e+00 0.000000e+00 0.000000e+00 0.000000e+00 0.000000e+00 0.000000e+00 0.000000e+00 0.000000e+00 4.444990e-01 5.555010e-01 0.000000e+00 0.000000e+00 0.000000e+00 0.000000e+00 0.000000e+00 0.000000e+00 0.000000e+00 0.000000e+00 0.000000e+00 0.000000e+00 0.000000e+00 0.000000e+00 0.000000e+00 0.000000e+00
 0.000000e+00 0.000000e+00 0.000000e+00 0.000000e+00 0.000000e+00 0.000000e+00 0.000000e+00 0.000000e+00 0.000000e+00 0.000000e+00 0.000000e+00 0.000000e+00 0.000000e+00 0.000000e+00 0.000000e+00 0.000000e+00 0.000000e+00 0.000000e+00 0.000000e+00 0.000000e+00 0.000000e+00 0.000000e+00 0.000000e+00 2.853632e-01 7.146368e-01 0.000000e+00 0.000000e+00 0.000000e+00 0.000000e+00 0.000000e+00 0.000000e+00 0.000000e+00 0.000000e+00 0.000000e+00 0.000000e+00 0.000000e+00 0.000000e+00 0.000000e+00
 0.000000e+00 0.000000e+00 0.000000e+00 0.000000e+00 0.000000e+00 0.000000e+00 0.000000e+00 0.000000e+00 0.000000e+00 0.000000e+00 0.000000e+00 0.000000e+00 0.000000e+00 0.000000e+00 0.000000e+00 0.000000e+00 0.000000e+00 0.000000e+00 0.000000e+00 0.000000e+00 0.000000e+00 0.000000e+00 0.000000e+00 0.000000e+00 1.668191e-01 8.331809e-01 0.000000e+00 0.000000e+00 0.000000e+00 0.000000e+00 0.000000e+00 0.000000e+00 0.000000e+00 0.000000e+00 0.000000e+00 0.000000e+00 0.000000e+00 0.000000e+00
 0.000000e+00 0.000000e+00 0.000000e+00 0.000000e+00 0.000000e+00 0.000000e+00 0.000000e+00 0.000000e+00 0.000000e+00 0.000000e+00 0.000000e+00 0.000000e+00 0.000000e+00 0.000000e+00 0.000000e+00 0.000000e+00 0.000000e+00 0.000000e+00 0.000000e+00 0.000000e+00 0.000000e+00 0.000000e+00 0.000000e+00 0.000000e+00 0.000000e+00 2.873355e-01 7.126645e-01 0.000000e+00 0.000000e+00 0.000000e+00 0.000000e+00 0.000000e+00 0.000000e+00 0.000000e+00 0.000000e+00 0.000000e+00 0.000000e+00 0.000000e+00
 0.000000e+00 0.000000e+00 0.000000e+00 0.000000e+00 0.000000e+00 0.000000e+00 0.000000e+00 0.000000e+00 0.000000e+00 0.000000e+00 0.000000e+00 0.000000e+00 0.000000e+00 0.000000e+00 0.000000e+00 0.000000e+00 0.000000e+00 0.000000e+00 0.000000e+00 0.000000e+00 0.000000e+00 0.000000e+00 0.000000e+00 0.000000e+00 0.000000e+00 0.000000e+00 3.707605e-01 6.292396e-01 0.000000e+00 0.000000e+00 0.000000e+00 0.000000e+00 0.000000e+00 0.000000e+00 0.000000e+00 0.000000e+00 0.000000e+00 0.000000e+00
 0.000000e+00 0.000000e+00 0.000000e+00 0.000000e+00 0.000000e+00 0.000000e+00 0.000000e+00 0.000000e+00 0.000000e+00 0.000000e+00 0.000000e+00 0.000000e+00 0.000000e+00 0.000000e+00 0.000000e+00 0.000000e+00 0.000000e+00 0.000000e+00 0.000000e+00 0.000000e+00 0.000000e+00 0.000000e+00 0.000000e+00 0.000000e+00 0.000000e+00 0.000000e+00 0.000000e+00 4.467807e-01 5.532193e-01 0.000000e+00 0.000000e+00 0.000000e+00 0.000000e+00 0.000000e+00 0.000000e+00 0.000000e+00 0.000000e+00 0.000000e+00
 0.000000e+00 0.000000e+00 0.000000e+00 0.000000e+00 0.000000e+00 0.000000e+00 0.000000e+00 0.000000e+00 0.000000e+00 0.000000e+00 0.000000e+00 0.000000e+00 0.000000e+00 0.000000e+00 0.000000e+00 0.000000e+00 0.000000e+00 0.000000e+00 0.000000e+00 0.000000e+00 0.000000e+00 0.000000e+00 0.000000e+00 0.000000e+00 0.000000e+00 0.000000e+00 0.000000e+00 0.000000e+00 0.000000e+00 1.000000e+00 0.000000e+00 0.000000e+00 0.000000e+00 0.000000e+00 0.000000e+00 0.000000e+00 0.000000e+00 0.000000e+00
 0.000000e+00 0.000000e+00 0.000000e+00 0.000000e+00 0.000000e+00 0.000000e+00 0.000000e+00 0.000000e+00 0.000000e+00 0.000000e+00 0.000000e+00 0.000000e+00 0.000000e+00 0.000000e+00 0.000000e+00 0.000000e+00 0.000000e+00 0.000000e+00 0.000000e+00 0.000000e+00 0.000000e+00 0.000000e+00 0.000000e+00 0.000000e+00 0.000000e+00 0.000000e+00 0.000000e+00 0.000000e+00 0.000000e+00 4.439521e-01 5.560480e-01 0.000000e+00 0.000000e+00 0.000000e+00 0.000000e+00 0.000000e+00 0.000000e+00 0.000000e+00
 0.000000e+00 0.000000e+00 0.000000e+00 0.000000e+00 0.000000e+00 0.000000e+00 0.000000e+00 0.000000e+00 0.000000e+00 0.000000e+00 0.000000e+00 0.000000e+00 0.000000e+00 0.000000e+00 0.000000e+00 0.000000e+00 0.000000e+00 0.000000e+00 0.000000e+00 0.000000e+00 0.000000e+00 0.000000e+00 0.000000e+00 0.000000e+00 0.000000e+00 0.000000e+00 0.000000e+00 0.000000e+00 0.000000e+00 0.000000e+00 3.720500e-01 6.279500e-01 0.000000e+00 0.000000e+00 0.000000e+00 0.000000e+00 0.000000e+00 0.000000e+00
 0.000000e+00 0.000000e+00 0.000000e+00 0.000000e+00 0.000000e+00 0.000000e+00 0.000000e+00 0.000000e+00 0.000000e+00 0.000000e+00 0.000000e+00 0.000000e+00 0.000000e+00 0.000000e+00 0.000000e+00 0.000000e+00 0.000000e+00 0.000000e+00 0.000000e+00 0.000000e+00 0.000000e+00 0.000000e+00 0.000000e+00 0.000000e+00 0.000000e+00 0.000000e+00 0.000000e+00 0.000000e+00 0.000000e+00 0.000000e+00 0.000000e+00 3.785357e-01 6.214643e-01 0.000000e+00 0.000000e+00 0.000000e+00 0.000000e+00 0.000000e+00
 0.000000e+00 0.000000e+00 0.000000e+00 0.000000e+00 0.000000e+00 0.000000e+00 0.000000e+00 0.000000e+00 0.000000e+00 0.000000e+00 0.000000e+00 0.000000e+00 0.000000e+00 0.000000e+00 0.000000e+00 0.000000e+00 0.000000e+00 0.000000e+00 0.000000e+00 0.000000e+00 0.000000e+00 0.000000e+00 0.000000e+00 0.000000e+00 0.000000e+00 0.000000e+00 0.000000e+00 0.000000e+00 0.000000e+00 0.000000e+00 0.000000e+00 0.000000e+00 1.667251e-01 8.332750e-01 0.000000e+00 0.000000e+00 0.000000e+00 0.000000e+00
 0.000000e+00 0.000000e+00 0.000000e+00 0.000000e+00 0.000000e+00 0.000000e+00 0.000000e+00 0.000000e+00 0.000000e+00 0.000000e+00 0.000000e+00 0.000000e+00 0.000000e+00 0.000000e+00 0.000000e+00 0.000000e+00 0.000000e+00 0.000000e+00 0.000000e+00 0.000000e+00 0.000000e+00 0.000000e+00 0.000000e+00 0.000000e+00 0.000000e+00 0.000000e+00 0.000000e+00 0.000000e+00 0.000000e+00 0.000000e+00 0.000000e+00 0.000000e+00 0.000000e+00 5.833103e-01 4.166897e-01 0.000000e+00 0.000000e+00 0.000000e+00
 0.000000e+00 0.000000e+00 0.000000e+00 0.000000e+00 0.000000e+00 0.000000e+00 0.000000e+00 0.000000e+00 0.000000e+00 0.000000e+00 0.000000e+00 0.000000e+00 0.000000e+00 0.000000e+00 0.000000e+00 0.000000e+00 0.000000e+00 0.000000e+00 0.000000e+00 0.000000e+00 0.000000e+00 0.000000e+00 0.000000e+00 0.000000e+00 0.000000e+00 0.000000e+00 0.000000e+00 0.000000e+00 0.000000e+00 0.000000e+00 0.000000e+00 0.000000e+00 0.000000e+00 0.000000e+00 2.858224e-01 7.141777e-01 0.000000e+00 0.000000e+00
 0.000000e+00 0.000000e+00 0.000000e+00 0.000000e+00 0.000000e+00 0.000000e+00 0.000000e+00 0.000000e+00 0.000000e+00 0.000000e+00 0.000000e+00 0.000000e+00 0.000000e+00 0.000000e+00 0.000000e+00 0.000000e+00 0.000000e+00 0.000000e+00 0.000000e+00 0.000000e+00 0.000000e+00 0.000000e+00 0.000000e+00 0.000000e+00 0.000000e+00 0.000000e+00 0.000000e+00 0.000000e+00 0.000000e+00 0.000000e+00 0.000000e+00 0.000000e+00 0.000000e+00 0.000000e+00 0.000000e+00 2.856290e-01 7.143710e-01 0.000000e+00
 0.000000e+00 0.000000e+00 0.000000e+00 0.000000e+00 0.000000e+00 0.000000e+00 0.000000e+00 0.000000e+00 0.000000e+00 0.000000e+00 0.000000e+00 0.000000e+00 0.000000e+00 0.000000e+00 0.000000e+00 0.000000e+00 0.000000e+00 0.000000e+00 0.000000e+00 0.000000e+00 0.000000e+00 0.000000e+00 0.000000e+00 0.000000e+00 0.000000e+00 0.000000e+00 0.000000e+00 0.000000e+00 0.000000e+00 0.000000e+00 0.000000e+00 0.000000e+00 0.000000e+00 0.000000e+00 0.000000e+00 0.000000e+00 0.000000e+00 1.000000e+00
 0.000000e+00 0.000000e+00 0.000000e+00 0.000000e+00 0.000000e+00 0.000000e+00 0.000000e+00 0.000000e+00 0.000000e+00 0.000000e+00 0.000000e+00 0.000000e+00 0.000000e+00 0.000000e+00 0.000000e+00 0.000000e+00 0.000000e+00 0.000000e+00 0.000000e+00 0.000000e+00 0.000000e+00 0.000000e+00 0.000000e+00 0.000000e+00 0.000000e+00 0.000000e+00 0.000000e+00 0.000000e+00 0.000000e+00 0.000000e+00 0.000000e+00 0.000000e+00 0.000000e+00 0.000000e+00 0.000000e+00 0.000000e+00 0.000000e+00 0.000000e+00
<ENDHMM>
