~o
<STREAMINFO> 1 13
<VECSIZE> 13<NULLD><MFCC_E><DIAGC>
~h "Chay"
<BEGINHMM>
<NUMSTATES> 38
<STATE> 2
<MEAN> 13
 -5.082662e+00 -8.102030e+00 -5.956799e-01 -2.429598e+00 1.505876e-02 -4.099355e+00 1.126131e+00 -3.774390e+00 -1.600314e+00 -4.122137e+00 1.037685e+00 -2.571572e+00 -4.636912e-02
<VARIANCE> 13
 1.977454e+00 2.743249e+00 1.464171e+00 2.309131e+00 6.164244e+00 5.410948e+00 3.009235e+00 1.236159e+00 3.611418e+00 4.701807e+00 7.415801e+00 6.752018e+00 5.000000e-02
<GCONST> 3.537217e+01
<STATE> 3
<MEAN> 13
 -7.595725e+00 -9.514853e+00 -1.751492e+00 -2.205287e+00 5.866170e-01 -3.918902e+00 1.117174e+00 -8.476906e-01 2.503154e+00 -5.921671e-01 2.072138e+00 -1.066579e+00 -8.538234e-02
<VARIANCE> 13
 1.036707e+00 1.443067e+00 5.317213e+00 6.591831e+00 4.933997e+00 5.401309e+00 1.356084e+01 6.316374e+00 1.115765e+01 5.818056e+00 2.288787e+01 1.610377e+01 5.000000e-02
<GCONST> 4.267215e+01
<STATE> 4
<MEAN> 13
 -1.317882e+01 -2.952187e+00 -5.608185e+00 -1.633714e+01 4.625886e+00 -6.237187e+00 -1.549649e+00 -8.268617e-01 2.740188e+00 -1.661083e+00 -1.956189e+00 -7.775101e-01 4.270477e-01
<VARIANCE> 13
 7.846244e+00 5.762555e+00 6.393149e+00 2.874327e+01 2.837253e+01 3.861977e+01 3.530621e+01 2.688650e+01 2.803250e+00 3.078484e+01 1.402291e+01 2.492838e+01 5.000000e-02
<GCONST> 5.409109e+01
<STATE> 5
<MEAN> 13
 -1.431035e+01 -6.586637e+00 -5.932254e+00 -2.011282e+01 -6.956924e+00 -1.073078e+01 1.054411e+00 -4.485072e+00 6.159536e+00 2.745993e+00 -2.736715e+00 -1.699302e+00 6.155151e-01
<VARIANCE> 13
 1.224385e+01 1.534626e+01 1.787020e+01 8.834040e+00 7.526643e+01 3.546966e+01 2.003772e+01 1.290351e+01 4.016425e+00 1.327857e+01 4.116505e+00 8.259797e+00 5.000000e-02
<GCONST> 5.214209e+01
<STATE> 6
<MEAN> 13
 -1.136857e+01 -1.564770e+01 -8.061164e+00 -1.950532e+01 -1.558204e+01 -8.436524e+00 6.673305e+00 8.395662e-01 3.530590e+00 2.250431e+00 -9.312292e-01 -4.221402e+00 8.296533e-01
<VARIANCE> 13
 1.079260e+01 7.781291e+00 7.888526e+00 2.526127e+00 1.256933e+01 5.947364e+01 6.090584e+00 1.090280e+00 5.750215e+00 1.232873e+01 1.095754e+01 5.027044e+00 5.000000e-02
<GCONST> 4.509935e+01
<STATE> 7
<MEAN> 13
 -1.067653e+01 -2.090062e+01 -1.260154e+01 -1.643064e+01 -1.299371e+01 -5.740497e+00 1.274865e+01 2.776837e-01 -1.793976e+00 -4.746144e+00 -3.628076e+00 -7.255448e+00 8.942254e-01
<VARIANCE> 13
 2.009991e+01 5.271241e+00 4.702244e+00 6.208689e+00 5.335914e+00 5.613483e+01 6.287497e+00 6.838305e+00 4.646962e+00 2.259316e+01 5.934304e+00 9.257545e+00 5.000000e-02
<GCONST> 4.705701e+01
<STATE> 8
<MEAN> 13
 -1.013714e+01 -2.284077e+01 -1.370043e+01 -1.127722e+01 -6.712221e+00 -2.900077e+00 1.513203e+01 1.255403e-01 -4.745025e+00 -7.637739e+00 -2.037264e+00 -3.324927e+00 9.302736e-01
<VARIANCE> 13
 2.629152e+01 1.153914e+01 3.676795e+00 8.360856e+00 2.219648e+01 2.161276e+01 4.422062e+01 1.401774e+01 7.671751e+00 1.338424e+01 8.112323e+00 2.558968e+01 5.000000e-02
<GCONST> 5.260719e+01
<STATE> 9
<MEAN> 13
 -1.081880e+01 -2.622383e+01 -1.524109e+01 -8.005217e+00 -3.897972e+00 -1.765553e+00 1.230623e+01 -6.421673e-01 -5.172869e+00 -8.114018e+00 6.433135e-01 -2.270103e-01 9.622287e-01
<VARIANCE> 13
 1.618848e+01 1.168721e+01 4.411254e+00 5.732148e+00 3.477978e+00 2.491695e+01 3.393431e+01 8.622392e+00 3.895564e+00 9.467086e+00 6.278786e+00 1.483180e+01 5.000000e-02
<GCONST> 4.765212e+01
<STATE> 10
<MEAN> 13
 -7.829630e+00 -2.653826e+01 -1.624445e+01 -3.714463e+00 7.355331e+00 -6.114765e+00 1.540410e+01 -1.044534e+00 -6.079808e+00 -8.451574e+00 1.895222e+00 -6.845608e-01 9.832219e-01
<VARIANCE> 13
 1.441987e+01 4.456666e+00 5.089092e+00 6.923306e+00 3.801574e+01 3.767752e+01 2.925611e+01 1.021722e+01 1.249830e+01 4.328845e+00 7.263463e+00 8.871489e+00 5.000000e-02
<GCONST> 4.974549e+01
<STATE> 11
<MEAN> 13
 -1.243205e+01 -2.386966e+01 -1.799964e+01 -2.321611e+00 4.437756e+00 7.625545e-01 5.563406e+00 -3.724510e+00 -2.399776e+00 -5.680226e+00 3.461031e-01 2.006675e+00 9.881980e-01
<VARIANCE> 13
 7.726598e+00 1.236393e+01 4.865574e+00 9.696146e+00 2.349532e+01 6.500059e+01 2.637770e+01 3.228974e+00 6.469366e+00 5.727471e+00 3.905686e+00 1.440845e+01 5.000000e-02
<GCONST> 4.872852e+01
<STATE> 12
<MEAN> 13
 -1.305426e+01 -2.601653e+01 -1.860069e+01 -5.827671e+00 5.163636e+00 -3.708681e+00 8.945804e+00 -5.572189e+00 1.218108e+00 -8.290370e+00 -2.262310e+00 2.644769e-01 9.840050e-01
<VARIANCE> 13
 1.233235e+01 2.524136e+00 4.605285e+00 7.391840e+00 3.150788e+01 3.199101e+01 1.365156e+01 1.041521e+01 1.581834e+01 4.375025e+00 7.418465e-01 9.120993e+00 5.000000e-02
<GCONST> 4.588424e+01
<STATE> 13
<MEAN> 13
 -1.222212e+01 -2.537502e+01 -1.871298e+01 -2.820084e+00 9.545489e+00 -5.514893e+00 1.232569e+01 -5.416357e+00 -6.117685e-01 -9.797871e+00 -1.202786e+00 -9.453141e-01 9.562605e-01
<VARIANCE> 13
 7.760697e+00 2.069417e+00 1.214909e+01 4.026170e+00 3.875341e+01 4.025662e+01 1.941933e+01 5.218980e+00 6.452795e+00 3.265831e+00 7.847657e-01 5.015489e+00 5.000000e-02
<GCONST> 4.395233e+01
<STATE> 14
<MEAN> 13
 -1.436212e+01 -2.453983e+01 -1.554026e+01 -3.317831e+00 5.234241e+00 -3.992129e+00 1.157842e+01 -5.810510e+00 1.349059e+00 -1.045777e+01 -5.117605e-01 9.928931e-02 9.382944e-01
<VARIANCE> 13
 5.237773e+00 5.317070e+00 2.261191e+00 5.793848e+00 4.097001e+01 1.365827e+01 1.313883e+01 2.115481e+00 1.313915e+01 2.027172e+00 1.265895e+00 7.802921e+00 5.000000e-02
<GCONST> 4.202073e+01
<STATE> 15
<MEAN> 13
 -1.373590e+01 -2.480846e+01 -1.559445e+01 -5.942194e+00 2.599251e+00 -5.596604e+00 1.250812e+01 -4.115726e+00 -2.713911e+00 -1.211053e+01 -6.544254e-01 -4.232586e-01 9.296839e-01
<VARIANCE> 13
 2.335001e+00 4.924612e+00 1.285384e+01 5.629255e+00 4.475560e+01 3.285788e+01 1.085164e+01 4.267891e+00 5.432837e+00 7.581379e+00 4.216299e+00 1.908049e+01 5.000000e-02
<GCONST> 4.685518e+01
<STATE> 16
<MEAN> 13
 -1.040533e+01 -2.448279e+01 -1.451612e+01 -6.521801e+00 2.851788e+00 -8.896842e+00 1.832491e+01 -8.692581e-01 -4.647177e+00 -1.229190e+01 6.924271e-01 -2.909915e+00 9.026902e-01
<VARIANCE> 13
 3.330448e+00 5.557013e+00 7.397361e+00 1.056339e+01 3.880191e+01 2.531339e+01 1.244861e+01 1.237889e+01 5.974859e+00 1.456068e+01 5.602988e+00 9.121787e+00 5.000000e-02
<GCONST> 4.850061e+01
<STATE> 17
<MEAN> 13
 -1.222942e+01 -2.241899e+01 -1.006700e+01 -1.130654e+01 -6.536466e+00 -6.356815e+00 1.520868e+01 3.906902e-01 -1.820104e+00 -7.084801e+00 -2.271172e+00 -5.256825e+00 8.506004e-01
<VARIANCE> 13
 8.061979e+00 4.165056e+00 1.135708e+01 4.125280e+00 8.463824e+00 2.100012e+01 1.121977e+01 2.089358e+01 1.163355e+01 8.452081e+00 1.443098e+01 7.285052e+00 5.000000e-02
<GCONST> 4.813849e+01
<STATE> 18
<MEAN> 13
 -1.141087e+01 -2.096640e+01 -6.991086e+00 -1.343518e+01 -9.055933e+00 -9.592795e+00 1.585512e+01 -3.317848e-01 1.831981e+00 -1.455289e+00 4.841982e-01 -6.874375e+00 8.045747e-01
<VARIANCE> 13
 9.261990e+00 1.878637e-01 2.405098e+00 7.947147e+00 1.145299e+01 4.589059e+01 8.620792e+00 2.198147e+01 7.294597e+00 1.053404e+01 1.221609e+01 4.155755e+00 5.000000e-02
<GCONST> 4.417883e+01
<STATE> 19
<MEAN> 13
 -1.101977e+01 -1.963760e+01 -4.552052e+00 -1.473976e+01 -1.191086e+01 -1.164521e+01 1.254553e+01 -7.740051e-01 4.365263e+00 2.416610e+00 1.092133e+00 -6.501298e+00 8.054578e-01
<VARIANCE> 13
 6.023767e+00 3.873765e+00 4.704941e+00 7.608972e-01 1.141227e+01 7.269665e+01 8.114859e+00 1.343274e+01 7.271683e+00 6.241889e+00 1.535161e+01 6.070717e+00 5.000000e-02
<GCONST> 4.508431e+01
<STATE> 20
<MEAN> 13
 -1.048988e+01 -1.939375e+01 -4.722464e+00 -1.892781e+01 -1.329378e+01 -1.637597e+01 1.020738e+01 -1.340656e+00 6.956622e+00 4.988078e+00 3.044146e+00 -5.317473e+00 8.006487e-01
<VARIANCE> 13
 4.574997e+00 3.190870e+00 5.848930e+00 2.559860e+00 1.687407e+01 4.185511e+01 1.604651e+01 1.622130e+01 1.423716e+01 5.922324e+00 1.132140e+01 4.195396e+00 5.000000e-02
<GCONST> 4.670086e+01
<STATE> 21
<MEAN> 13
 -1.351657e+01 -1.693125e+01 -3.255971e+00 -1.936120e+01 -1.483103e+01 -1.360957e+01 4.868873e+00 -5.875974e+00 6.262930e+00 5.554199e+00 1.991580e+00 -1.236402e+00 7.234899e-01
<VARIANCE> 13
 4.822115e+00 9.821614e-01 3.959723e+00 8.484730e+00 1.295491e+01 3.259201e+01 9.351259e+00 8.654600e+00 5.801216e+00 9.062099e+00 1.357645e+01 1.031382e+01 5.000000e-02
<GCONST> 4.530946e+01
<STATE> 22
<MEAN> 13
 -1.268438e+01 -1.501649e+01 -1.772845e+00 -2.049468e+01 -1.056358e+01 -1.486166e+01 4.304364e+00 -6.319706e+00 3.767954e+00 1.176871e+00 9.322929e-01 1.184935e+00 7.130691e-01
<VARIANCE> 13
 2.392622e+00 3.370198e+00 1.557350e+01 6.817776e+00 9.306343e+00 6.152077e+01 1.378888e+01 3.035961e+00 3.617152e+00 9.992195e+00 1.227203e+01 8.169315e+00 5.000000e-02
<GCONST> 4.592879e+01
<STATE> 23
<MEAN> 13
 -1.111638e+01 -1.438062e+01 -7.556044e-01 -1.817805e+01 -1.059004e+01 -1.323442e+01 3.957251e+00 -8.085333e+00 3.104773e+00 -2.322357e-02 -2.909780e-01 1.860672e+00 5.964014e-01
<VARIANCE> 13
 8.043717e+00 5.430034e+00 1.959497e+01 8.349417e+00 2.131041e+00 3.224929e+01 2.212191e+01 2.091274e+00 2.477376e+00 1.286164e+01 8.971002e+00 3.879424e+00 5.000000e-02
<GCONST> 4.484655e+01
<STATE> 24
<MEAN> 13
 -8.559381e+00 -1.737223e+01 -2.739666e+00 -1.674049e+01 -8.107742e+00 -1.313957e+01 4.925507e+00 -5.150393e+00 3.884015e+00 -9.554417e-01 -5.458947e-01 3.348727e+00 5.419565e-01
<VARIANCE> 13
 4.827258e+00 3.898120e+00 7.126732e+00 2.918795e+01 1.699884e+01 1.349959e+01 1.381800e+01 1.650551e+01 7.016769e+00 1.658102e+01 9.780407e+00 6.353531e+00 5.000000e-02
<GCONST> 4.892048e+01
<STATE> 25
<MEAN> 13
 -3.740055e+00 -2.153325e+01 -2.761253e+00 -1.263931e+01 -1.027106e+01 -8.095978e+00 4.236565e+00 -6.991116e+00 -2.494038e-01 -1.041667e+00 -2.907690e+00 3.417601e+00 4.671010e-01
<VARIANCE> 13
 6.354684e+00 6.046588e+00 5.393190e+00 5.416677e+00 3.231177e+00 2.497733e+01 3.859430e+00 7.513429e+00 4.880238e+00 7.128338e+00 1.450532e+01 9.230710e+00 5.000000e-02
<GCONST> 4.412432e+01
<STATE> 26
<MEAN> 13
 -1.987036e+00 -2.462070e+01 -2.796437e+00 -9.200526e+00 -1.265673e+01 -6.626648e+00 3.333309e+00 -3.999585e+00 1.990837e+00 -1.621207e+00 -1.776134e+00 2.108143e+00 4.110008e-01
<VARIANCE> 13
 7.064966e+00 4.075974e+00 2.070222e+00 1.293399e+01 1.170489e+01 9.183361e+00 4.486075e+00 2.418819e+00 1.357930e+01 1.883151e+01 8.991291e+00 1.979141e+01 5.000000e-02
<GCONST> 4.533168e+01
<STATE> 27
<MEAN> 13
 -1.963863e-01 -2.601281e+01 -5.431898e+00 -3.045850e+00 -6.793136e+00 -6.384004e-01 8.498243e+00 -1.664095e+00 8.309642e-01 -5.809803e+00 -1.138891e+00 1.939104e+00 3.694753e-01
<VARIANCE> 13
 2.591012e+00 6.460145e+00 4.503923e+00 5.221180e+00 1.017643e+01 4.707164e+00 1.162331e+01 3.777949e+00 8.804493e+00 9.759278e+00 3.015097e+00 8.341744e+00 5.000000e-02
<GCONST> 4.220179e+01
<STATE> 28
<MEAN> 13
 -1.670483e+00 -2.533930e+01 -7.175263e+00 -5.837365e+00 -8.651326e+00 -7.227161e+00 6.662917e+00 -1.106588e+00 3.779198e-01 -3.025627e+00 4.207956e-01 4.914241e+00 3.327942e-01
<VARIANCE> 13
 5.696182e+00 5.435020e+00 4.705372e+00 8.160153e+00 7.184138e+00 2.984754e+00 2.895010e+00 1.906561e+01 1.859757e+01 2.504560e+01 8.052867e+00 5.682619e+00 5.000000e-02
<GCONST> 4.502074e+01
<STATE> 29
<MEAN> 13
 -1.293860e+00 -2.600920e+01 -9.570037e+00 -1.740310e+00 -5.011558e+00 -4.351231e+00 9.252881e+00 -8.953109e-01 8.412212e-01 -3.446349e+00 8.149149e-02 1.120412e+00 2.870552e-01
<VARIANCE> 13
 1.614129e+00 7.592531e-01 4.524189e+00 6.759961e+00 1.309951e+01 1.271568e+01 9.126796e-01 2.036610e+00 1.602433e+01 1.171920e+01 1.278692e+01 1.437100e+01 5.000000e-02
<GCONST> 4.070480e+01
<STATE> 30
<MEAN> 13
 -1.523766e+00 -2.500124e+01 -7.152246e+00 -2.219027e+00 -8.033761e+00 -7.364519e+00 5.377366e+00 -4.914829e+00 -7.756171e-01 -5.676774e+00 -1.133037e+00 1.112501e+00 2.536199e-01
<VARIANCE> 13
 1.059972e+00 7.604654e+00 7.594580e+00 1.024399e+01 9.446638e+00 8.800134e+00 9.276570e+00 1.463695e+01 8.158863e+00 2.450360e+01 8.503973e+00 1.184494e+01 5.000000e-02
<GCONST> 4.657963e+01
<STATE> 31
<MEAN> 13
 -2.676729e+00 -2.337509e+01 -6.990423e+00 -1.623390e+00 -4.910751e+00 -5.014640e+00 6.294849e+00 -2.879514e+00 -1.345037e+00 -6.321555e+00 -3.897770e-01 4.748581e+00 2.136337e-01
<VARIANCE> 13
 8.700368e-02 1.524305e+01 2.462668e+00 4.583458e+00 7.361823e+00 2.098764e+00 1.551612e+01 8.222169e+00 6.489556e+00 1.118536e+01 5.461578e+00 3.542806e+01 5.000000e-02
<GCONST> 4.073910e+01
<STATE> 32
<MEAN> 13
 -1.311074e+00 -2.107377e+01 -2.278911e+00 1.337986e+00 -4.923794e+00 -5.666217e+00 6.656184e+00 -2.930550e+00 5.850724e-02 -2.942267e+00 3.020597e-01 1.519302e+00 2.389760e-01
<VARIANCE> 13
 2.972118e+00 1.444162e+01 5.564361e+00 1.425765e+01 1.294264e+01 9.955950e+00 9.147350e+00 1.132776e+01 1.682937e+01 1.401166e+01 5.999227e+00 3.522002e+00 5.000000e-02
<GCONST> 4.704283e+01
<STATE> 33
<MEAN> 13
 1.376507e-01 -1.821133e+01 -1.765266e+00 4.105016e-01 -5.205001e+00 -7.927932e+00 4.926422e+00 -3.157403e+00 -1.035466e+00 -5.705955e+00 -1.719140e+00 -9.122058e-01 2.472605e-01
<VARIANCE> 13
 4.208164e+00 1.133561e+01 1.288444e+01 1.380875e+01 1.166359e+01 4.064302e+00 8.198342e+00 9.562875e+00 6.290564e+00 3.516170e+00 1.022654e+00 5.023235e+00 5.000000e-02
<GCONST> 4.289640e+01
<STATE> 34
<MEAN> 13
 -2.244448e+00 -1.968203e+01 -4.029821e+00 2.241147e+00 -2.261818e+00 -7.195711e+00 5.578902e+00 -1.225923e+00 9.537390e-01 -4.023806e+00 -1.938880e+00 -8.026594e-01 1.514285e-01
<VARIANCE> 13
 6.229827e+00 7.651735e+00 1.280070e+01 5.242929e+00 6.973525e+00 6.300005e+00 6.660568e+00 9.391357e+00 8.138792e+00 6.232223e+00 7.421488e+00 1.880088e+01 5.000000e-02
<GCONST> 4.575066e+01
<STATE> 35
<MEAN> 13
 -5.744742e+00 -1.555516e+01 -3.611212e+00 -1.394150e+00 -8.768540e-01 -5.016342e+00 4.011842e+00 -2.611220e+00 -3.157958e+00 -4.392218e+00 -1.313678e-01 2.891192e-01 8.534565e-03
<VARIANCE> 13
 6.268816e+00 1.904973e+00 4.615630e+00 1.663733e+01 3.933173e+00 3.488007e+00 8.454317e+00 8.410416e+00 1.440513e+00 3.527212e+00 1.005497e+01 8.336898e+00 5.000000e-02
<GCONST> 4.065502e+01
<STATE> 36
<MEAN> 13
 -6.740405e+00 -1.444128e+01 -4.322455e+00 -1.415284e+00 4.957431e-01 -2.815356e+00 4.306845e+00 -2.094622e+00 3.655249e-01 -3.757733e+00 5.354651e-01 7.690629e-01 -7.320264e-02
<VARIANCE> 13
 8.406594e-01 2.191531e+00 1.397143e+00 3.428134e+00 2.710644e+00 5.724529e+00 1.466450e+01 1.898587e+00 7.788162e+00 1.373382e+01 1.456732e+01 5.053716e+00 5.000000e-02
<GCONST> 3.811401e+01
<STATE> 37
<MEAN> 13
 -7.434892e+00 -1.392020e+01 -3.499134e+00 -2.168201e+00 -1.146720e+00 -1.795139e+00 7.684004e+00 -2.591749e+00 3.209965e-01 -2.141527e+00 -3.004656e-01 -7.365533e-01 -7.202053e-02
<VARIANCE> 13
 1.294225e+00 3.446915e+00 2.528899e+00 1.726472e+00 2.262765e+00 6.960212e+00 8.482635e+00 4.065578e-01 3.018589e+00 2.745517e+00 4.985675e+00 1.559608e+01 5.000000e-02
<GCONST> 3.432906e+01
<TRANSP> 38
 0.000000e+00 1.000000e+00 0.000000e+00 0.000000e+00 0.000000e+00 0.000000e+00 0.000000e+00 0.000000e+00 0.000000e+00 0.000000e+00 0.000000e+00 0.000000e+00 0.000000e+00 0.000000e+00 0.000000e+00 0.000000e+00 0.000000e+00 0.000000e+00 0.000000e+00 0.000000e+00 0.000000e+00 0.000000e+00 0.000000e+00 0.000000e+00 0.000000e+00 0.000000e+00 0.000000e+00 0.000000e+00 0.000000e+00 0.000000e+00 0.000000e+00 0.000000e+00 0.000000e+00 0.000000e+00 0.000000e+00 0.000000e+00 0.000000e+00 0.000000e+00
 0.000000e+00 6.103263e-01 3.896737e-01 0.000000e+00 0.000000e+00 0.000000e+00 0.000000e+00 0.000000e+00 0.000000e+00 0.000000e+00 0.000000e+00 0.000000e+00 0.000000e+00 0.000000e+00 0.000000e+00 0.000000e+00 0.000000e+00 0.000000e+00 0.000000e+00 0.000000e+00 0.000000e+00 0.000000e+00 0.000000e+00 0.000000e+00 0.000000e+00 0.000000e+00 0.000000e+00 0.000000e+00 0.000000e+00 0.000000e+00 0.000000e+00 0.000000e+00 0.000000e+00 0.000000e+00 0.000000e+00 0.000000e+00 0.000000e+00 0.000000e+00
 0.000000e+00 0.000000e+00 5.490536e-01 4.509464e-01 0.000000e+00 0.000000e+00 0.000000e+00 0.000000e+00 0.000000e+00 0.000000e+00 0.000000e+00 0.000000e+00 0.000000e+00 0.000000e+00 0.000000e+00 0.000000e+00 0.000000e+00 0.000000e+00 0.000000e+00 0.000000e+00 0.000000e+00 0.000000e+00 0.000000e+00 0.000000e+00 0.000000e+00 0.000000e+00 0.000000e+00 0.000000e+00 0.000000e+00 0.000000e+00 0.000000e+00 0.000000e+00 0.000000e+00 0.000000e+00 0.000000e+00 0.000000e+00 0.000000e+00 0.000000e+00
 0.000000e+00 0.000000e+00 0.000000e+00 1.659741e-01 8.340259e-01 0.000000e+00 0.000000e+00 0.000000e+00 0.000000e+00 0.000000e+00 0.000000e+00 0.000000e+00 0.000000e+00 0.000000e+00 0.000000e+00 0.000000e+00 0.000000e+00 0.000000e+00 0.000000e+00 0.000000e+00 0.000000e+00 0.000000e+00 0.000000e+00 0.000000e+00 0.000000e+00 0.000000e+00 0.000000e+00 0.000000e+00 0.000000e+00 0.000000e+00 0.000000e+00 0.000000e+00 0.000000e+00 0.000000e+00 0.000000e+00 0.000000e+00 0.000000e+00 0.000000e+00
 0.000000e+00 0.000000e+00 0.000000e+00 0.000000e+00 3.777933e-01 6.222067e-01 0.000000e+00 0.000000e+00 0.000000e+00 0.000000e+00 0.000000e+00 0.000000e+00 0.000000e+00 0.000000e+00 0.000000e+00 0.000000e+00 0.000000e+00 0.000000e+00 0.000000e+00 0.000000e+00 0.000000e+00 0.000000e+00 0.000000e+00 0.000000e+00 0.000000e+00 0.000000e+00 0.000000e+00 0.000000e+00 0.000000e+00 0.000000e+00 0.000000e+00 0.000000e+00 0.000000e+00 0.000000e+00 0.000000e+00 0.000000e+00 0.000000e+00 0.000000e+00
 0.000000e+00 0.000000e+00 0.000000e+00 0.000000e+00 0.000000e+00 3.725679e-01 6.274321e-01 0.000000e+00 0.000000e+00 0.000000e+00 0.000000e+00 0.000000e+00 0.000000e+00 0.000000e+00 0.000000e+00 0.000000e+00 0.000000e+00 0.000000e+00 0.000000e+00 0.000000e+00 0.000000e+00 0.000000e+00 0.000000e+00 0.000000e+00 0.000000e+00 0.000000e+00 0.000000e+00 0.000000e+00 0.000000e+00 0.000000e+00 0.000000e+00 0.000000e+00 0.000000e+00 0.000000e+00 0.000000e+00 0.000000e+00 0.000000e+00 0.000000e+00
 0.000000e+00 0.000000e+00 0.000000e+00 0.000000e+00 0.000000e+00 0.000000e+00 0.000000e+00 1.000000e+00 0.000000e+00 0.000000e+00 0.000000e+00 0.000000e+00 0.000000e+00 0.000000e+00 0.000000e+00 0.000000e+00 0.000000e+00 0.000000e+00 0.000000e+00 0.000000e+00 0.000000e+00 0.000000e+00 0.000000e+00 0.000000e+00 0.000000e+00 0.000000e+00 0.000000e+00 0.000000e+00 0.000000e+00 0.000000e+00 0.000000e+00 0.000000e+00 0.000000e+00 0.000000e+00 0.000000e+00 0.000000e+00 0.000000e+00 0.000000e+00
 0.000000e+00 0.000000e+00 0.000000e+00 0.000000e+00 0.000000e+00 0.000000e+00 0.000000e+00 4.725569e-06 9.999953e-01 0.000000e+00 0.000000e+00 0.000000e+00 0.000000e+00 0.000000e+00 0.000000e+00 0.000000e+00 0.000000e+00 0.000000e+00 0.000000e+00 0.000000e+00 0.000000e+00 0.000000e+00 0.000000e+00 0.000000e+00 0.000000e+00 0.000000e+00 0.000000e+00 0.000000e+00 0.000000e+00 0.000000e+00 0.000000e+00 0.000000e+00 0.000000e+00 0.000000e+00 0.000000e+00 0.000000e+00 0.000000e+00 0.000000e+00
 0.000000e+00 0.000000e+00 0.000000e+00 0.000000e+00 0.000000e+00 0.000000e+00 0.000000e+00 0.000000e+00 1.657415e-01 8.342584e-01 0.000000e+00 0.000000e+00 0.000000e+00 0.000000e+00 0.000000e+00 0.000000e+00 0.000000e+00 0.000000e+00 0.000000e+00 0.000000e+00 0.000000e+00 0.000000e+00 0.000000e+00 0.000000e+00 0.000000e+00 0.000000e+00 0.000000e+00 0.000000e+00 0.000000e+00 0.000000e+00 0.000000e+00 0.000000e+00 0.000000e+00 0.000000e+00 0.000000e+00 0.000000e+00 0.000000e+00 0.000000e+00
 0.000000e+00 0.000000e+00 0.000000e+00 0.000000e+00 0.000000e+00 0.000000e+00 0.000000e+00 0.000000e+00 0.000000e+00 5.003420e-01 4.996580e-01 0.000000e+00 0.000000e+00 0.000000e+00 0.000000e+00 0.000000e+00 0.000000e+00 0.000000e+00 0.000000e+00 0.000000e+00 0.000000e+00 0.000000e+00 0.000000e+00 0.000000e+00 0.000000e+00 0.000000e+00 0.000000e+00 0.000000e+00 0.000000e+00 0.000000e+00 0.000000e+00 0.000000e+00 0.000000e+00 0.000000e+00 0.000000e+00 0.000000e+00 0.000000e+00 0.000000e+00
 0.000000e+00 0.000000e+00 0.000000e+00 0.000000e+00 0.000000e+00 0.000000e+00 0.000000e+00 0.000000e+00 0.000000e+00 0.000000e+00 5.022885e-01 4.977115e-01 0.000000e+00 0.000000e+00 0.000000e+00 0.000000e+00 0.000000e+00 0.000000e+00 0.000000e+00 0.000000e+00 0.000000e+00 0.000000e+00 0.000000e+00 0.000000e+00 0.000000e+00 0.000000e+00 0.000000e+00 0.000000e+00 0.000000e+00 0.000000e+00 0.000000e+00 0.000000e+00 0.000000e+00 0.000000e+00 0.000000e+00 0.000000e+00 0.000000e+00 0.000000e+00
 0.000000e+00 0.000000e+00 0.000000e+00 0.000000e+00 0.000000e+00 0.000000e+00 0.000000e+00 0.000000e+00 0.000000e+00 0.000000e+00 0.000000e+00 3.716703e-01 6.283296e-01 0.000000e+00 0.000000e+00 0.000000e+00 0.000000e+00 0.000000e+00 0.000000e+00 0.000000e+00 0.000000e+00 0.000000e+00 0.000000e+00 0.000000e+00 0.000000e+00 0.000000e+00 0.000000e+00 0.000000e+00 0.000000e+00 0.000000e+00 0.000000e+00 0.000000e+00 0.000000e+00 0.000000e+00 0.000000e+00 0.000000e+00 0.000000e+00 0.000000e+00
 0.000000e+00 0.000000e+00 0.000000e+00 0.000000e+00 0.000000e+00 0.000000e+00 0.000000e+00 0.000000e+00 0.000000e+00 0.000000e+00 0.000000e+00 0.000000e+00 2.872136e-01 7.127864e-01 0.000000e+00 0.000000e+00 0.000000e+00 0.000000e+00 0.000000e+00 0.000000e+00 0.000000e+00 0.000000e+00 0.000000e+00 0.000000e+00 0.000000e+00 0.000000e+00 0.000000e+00 0.000000e+00 0.000000e+00 0.000000e+00 0.000000e+00 0.000000e+00 0.000000e+00 0.000000e+00 0.000000e+00 0.000000e+00 0.000000e+00 0.000000e+00
 0.000000e+00 0.000000e+00 0.000000e+00 0.000000e+00 0.000000e+00 0.000000e+00 0.000000e+00 0.000000e+00 0.000000e+00 0.000000e+00 0.000000e+00 0.000000e+00 0.000000e+00 4.298304e-01 5.701696e-01 0.000000e+00 0.000000e+00 0.000000e+00 0.000000e+00 0.000000e+00 0.000000e+00 0.000000e+00 0.000000e+00 0.000000e+00 0.000000e+00 0.000000e+00 0.000000e+00 0.000000e+00 0.000000e+00 0.000000e+00 0.000000e+00 0.000000e+00 0.000000e+00 0.000000e+00 0.000000e+00 0.000000e+00 0.000000e+00 0.000000e+00
 0.000000e+00 0.000000e+00 0.000000e+00 0.000000e+00 0.000000e+00 0.000000e+00 0.000000e+00 0.000000e+00 0.000000e+00 0.000000e+00 0.000000e+00 0.000000e+00 0.000000e+00 0.000000e+00 1.057471e-01 8.942530e-01 0.000000e+00 0.000000e+00 0.000000e+00 0.000000e+00 0.000000e+00 0.000000e+00 0.000000e+00 0.000000e+00 0.000000e+00 0.000000e+00 0.000000e+00 0.000000e+00 0.000000e+00 0.000000e+00 0.000000e+00 0.000000e+00 0.000000e+00 0.000000e+00 0.000000e+00 0.000000e+00 0.000000e+00 0.000000e+00
 0.000000e+00 0.000000e+00 0.000000e+00 0.000000e+00 0.000000e+00 0.000000e+00 0.000000e+00 0.000000e+00 0.000000e+00 0.000000e+00 0.000000e+00 0.000000e+00 0.000000e+00 0.000000e+00 0.000000e+00 5.719266e-01 4.280734e-01 0.000000e+00 0.000000e+00 0.000000e+00 0.000000e+00 0.000000e+00 0.000000e+00 0.000000e+00 0.000000e+00 0.000000e+00 0.000000e+00 0.000000e+00 0.000000e+00 0.000000e+00 0.000000e+00 0.000000e+00 0.000000e+00 0.000000e+00 0.000000e+00 0.000000e+00 0.000000e+00 0.000000e+00
 0.000000e+00 0.000000e+00 0.000000e+00 0.000000e+00 0.000000e+00 0.000000e+00 0.000000e+00 0.000000e+00 0.000000e+00 0.000000e+00 0.000000e+00 0.000000e+00 0.000000e+00 0.000000e+00 0.000000e+00 0.000000e+00 2.796054e-01 7.203946e-01 0.000000e+00 0.000000e+00 0.000000e+00 0.000000e+00 0.000000e+00 0.000000e+00 0.000000e+00 0.000000e+00 0.000000e+00 0.000000e+00 0.000000e+00 0.000000e+00 0.000000e+00 0.000000e+00 0.000000e+00 0.000000e+00 0.000000e+00 0.000000e+00 0.000000e+00 0.000000e+00
 0.000000e+00 0.000000e+00 0.000000e+00 0.000000e+00 0.000000e+00 0.000000e+00 0.000000e+00 0.000000e+00 0.000000e+00 0.000000e+00 0.000000e+00 0.000000e+00 0.000000e+00 0.000000e+00 0.000000e+00 0.000000e+00 0.000000e+00 3.071245e-05 9.999693e-01 0.000000e+00 0.000000e+00 0.000000e+00 0.000000e+00 0.000000e+00 0.000000e+00 0.000000e+00 0.000000e+00 0.000000e+00 0.000000e+00 0.000000e+00 0.000000e+00 0.000000e+00 0.000000e+00 0.000000e+00 0.000000e+00 0.000000e+00 0.000000e+00 0.000000e+00
 0.000000e+00 0.000000e+00 0.000000e+00 0.000000e+00 0.000000e+00 0.000000e+00 0.000000e+00 0.000000e+00 0.000000e+00 0.000000e+00 0.000000e+00 0.000000e+00 0.000000e+00 0.000000e+00 0.000000e+00 0.000000e+00 0.000000e+00 0.000000e+00 4.855785e-13 1.000000e+00 0.000000e+00 0.000000e+00 0.000000e+00 0.000000e+00 0.000000e+00 0.000000e+00 0.000000e+00 0.000000e+00 0.000000e+00 0.000000e+00 0.000000e+00 0.000000e+00 0.000000e+00 0.000000e+00 0.000000e+00 0.000000e+00 0.000000e+00 0.000000e+00
 0.000000e+00 0.000000e+00 0.000000e+00 0.000000e+00 0.000000e+00 0.000000e+00 0.000000e+00 0.000000e+00 0.000000e+00 0.000000e+00 0.000000e+00 0.000000e+00 0.000000e+00 0.000000e+00 0.000000e+00 0.000000e+00 0.000000e+00 0.000000e+00 0.000000e+00 5.493770e-01 4.506231e-01 0.000000e+00 0.000000e+00 0.000000e+00 0.000000e+00 0.000000e+00 0.000000e+00 0.000000e+00 0.000000e+00 0.000000e+00 0.000000e+00 0.000000e+00 0.000000e+00 0.000000e+00 0.000000e+00 0.000000e+00 0.000000e+00 0.000000e+00
 0.000000e+00 0.000000e+00 0.000000e+00 0.000000e+00 0.000000e+00 0.000000e+00 0.000000e+00 0.000000e+00 0.000000e+00 0.000000e+00 0.000000e+00 0.000000e+00 0.000000e+00 0.000000e+00 0.000000e+00 0.000000e+00 0.000000e+00 0.000000e+00 0.000000e+00 0.000000e+00 5.313857e-01 4.686143e-01 0.000000e+00 0.000000e+00 0.000000e+00 0.000000e+00 0.000000e+00 0.000000e+00 0.000000e+00 0.000000e+00 0.000000e+00 0.000000e+00 0.000000e+00 0.000000e+00 0.000000e+00 0.000000e+00 0.000000e+00 0.000000e+00
 0.000000e+00 0.000000e+00 0.000000e+00 0.000000e+00 0.000000e+00 0.000000e+00 0.000000e+00 0.000000e+00 0.000000e+00 0.000000e+00 0.000000e+00 0.000000e+00 0.000000e+00 0.000000e+00 0.000000e+00 0.000000e+00 0.000000e+00 0.000000e+00 0.000000e+00 0.000000e+00 0.000000e+00 5.119680e-01 4.880320e-01 0.000000e+00 0.000000e+00 0.000000e+00 0.000000e+00 0.000000e+00 0.000000e+00 0.000000e+00 0.000000e+00 0.000000e+00 0.000000e+00 0.000000e+00 0.000000e+00 0.000000e+00 0.000000e+00 0.000000e+00
 0.000000e+00 0.000000e+00 0.000000e+00 0.000000e+00 0.000000e+00 0.000000e+00 0.000000e+00 0.000000e+00 0.000000e+00 0.000000e+00 0.000000e+00 0.000000e+00 0.000000e+00 0.000000e+00 0.000000e+00 0.000000e+00 0.000000e+00 0.000000e+00 0.000000e+00 0.000000e+00 0.000000e+00 0.000000e+00 0.000000e+00 1.000000e+00 0.000000e+00 0.000000e+00 0.000000e+00 0.000000e+00 0.000000e+00 0.000000e+00 0.000000e+00 0.000000e+00 0.000000e+00 0.000000e+00 0.000000e+00 0.000000e+00 0.000000e+00 0.000000e+00
 0.000000e+00 0.000000e+00 0.000000e+00 0.000000e+00 0.000000e+00 0.000000e+00 0.000000e+00 0.000000e+00 0.000000e+00 0.000000e+00 0.000000e+00 0.000000e+00 0.000000e+00 0.000000e+00 0.000000e+00 0.000000e+00 0.000000e+00 0.000000e+00 0.000000e+00 0.000000e+00 0.000000e+00 0.000000e+00 0.000000e+00 1.651638e-01 8.348361e-01 0.000000e+00 0.000000e+00 0.000000e+00 0.000000e+00 0.000000e+00 0.000000e+00 0.000000e+00 0.000000e+00 0.000000e+00 0.000000e+00 0.000000e+00 0.000000e+00 0.000000e+00
 0.000000e+00 0.000000e+00 0.000000e+00 0.000000e+00 0.000000e+00 0.000000e+00 0.000000e+00 0.000000e+00 0.000000e+00 0.000000e+00 0.000000e+00 0.000000e+00 0.000000e+00 0.000000e+00 0.000000e+00 0.000000e+00 0.000000e+00 0.000000e+00 0.000000e+00 0.000000e+00 0.000000e+00 0.000000e+00 0.000000e+00 0.000000e+00 0.000000e+00 1.000000e+00 0.000000e+00 0.000000e+00 0.000000e+00 0.000000e+00 0.000000e+00 0.000000e+00 0.000000e+00 0.000000e+00 0.000000e+00 0.000000e+00 0.000000e+00 0.000000e+00
 0.000000e+00 0.000000e+00 0.000000e+00 0.000000e+00 0.000000e+00 0.000000e+00 0.000000e+00 0.000000e+00 0.000000e+00 0.000000e+00 0.000000e+00 0.000000e+00 0.000000e+00 0.000000e+00 0.000000e+00 0.000000e+00 0.000000e+00 0.000000e+00 0.000000e+00 0.000000e+00 0.000000e+00 0.000000e+00 0.000000e+00 0.000000e+00 0.000000e+00 2.859091e-01 7.140909e-01 0.000000e+00 0.000000e+00 0.000000e+00 0.000000e+00 0.000000e+00 0.000000e+00 0.000000e+00 0.000000e+00 0.000000e+00 0.000000e+00 0.000000e+00
 0.000000e+00 0.000000e+00 0.000000e+00 0.000000e+00 0.000000e+00 0.000000e+00 0.000000e+00 0.000000e+00 0.000000e+00 0.000000e+00 0.000000e+00 0.000000e+00 0.000000e+00 0.000000e+00 0.000000e+00 0.000000e+00 0.000000e+00 0.000000e+00 0.000000e+00 0.000000e+00 0.000000e+00 0.000000e+00 0.000000e+00 0.000000e+00 0.000000e+00 0.000000e+00 2.894394e-01 7.105606e-01 0.000000e+00 0.000000e+00 0.000000e+00 0.000000e+00 0.000000e+00 0.000000e+00 0.000000e+00 0.000000e+00 0.000000e+00 0.000000e+00
 0.000000e+00 0.000000e+00 0.000000e+00 0.000000e+00 0.000000e+00 0.000000e+00 0.000000e+00 0.000000e+00 0.000000e+00 0.000000e+00 0.000000e+00 0.000000e+00 0.000000e+00 0.000000e+00 0.000000e+00 0.000000e+00 0.000000e+00 0.000000e+00 0.000000e+00 0.000000e+00 0.000000e+00 0.000000e+00 0.000000e+00 0.000000e+00 0.000000e+00 0.000000e+00 0.000000e+00 5.457298e-01 4.542703e-01 0.000000e+00 0.000000e+00 0.000000e+00 0.000000e+00 0.000000e+00 0.000000e+00 0.000000e+00 0.000000e+00 0.000000e+00
 0.000000e+00 0.000000e+00 0.000000e+00 0.000000e+00 0.000000e+00 0.000000e+00 0.000000e+00 0.000000e+00 0.000000e+00 0.000000e+00 0.000000e+00 0.000000e+00 0.000000e+00 0.000000e+00 0.000000e+00 0.000000e+00 0.000000e+00 0.000000e+00 0.000000e+00 0.000000e+00 0.000000e+00 0.000000e+00 0.000000e+00 0.000000e+00 0.000000e+00 0.000000e+00 0.000000e+00 0.000000e+00 3.714522e-01 6.285478e-01 0.000000e+00 0.000000e+00 0.000000e+00 0.000000e+00 0.000000e+00 0.000000e+00 0.000000e+00 0.000000e+00
 0.000000e+00 0.000000e+00 0.000000e+00 0.000000e+00 0.000000e+00 0.000000e+00 0.000000e+00 0.000000e+00 0.000000e+00 0.000000e+00 0.000000e+00 0.000000e+00 0.000000e+00 0.000000e+00 0.000000e+00 0.000000e+00 0.000000e+00 0.000000e+00 0.000000e+00 0.000000e+00 0.000000e+00 0.000000e+00 0.000000e+00 0.000000e+00 0.000000e+00 0.000000e+00 0.000000e+00 0.000000e+00 0.000000e+00 2.013348e-14 1.000000e+00 0.000000e+00 0.000000e+00 0.000000e+00 0.000000e+00 0.000000e+00 0.000000e+00 0.000000e+00
 0.000000e+00 0.000000e+00 0.000000e+00 0.000000e+00 0.000000e+00 0.000000e+00 0.000000e+00 0.000000e+00 0.000000e+00 0.000000e+00 0.000000e+00 0.000000e+00 0.000000e+00 0.000000e+00 0.000000e+00 0.000000e+00 0.000000e+00 0.000000e+00 0.000000e+00 0.000000e+00 0.000000e+00 0.000000e+00 0.000000e+00 0.000000e+00 0.000000e+00 0.000000e+00 0.000000e+00 0.000000e+00 0.000000e+00 0.000000e+00 2.854865e-01 7.145135e-01 0.000000e+00 0.000000e+00 0.000000e+00 0.000000e+00 0.000000e+00 0.000000e+00
 0.000000e+00 0.000000e+00 0.000000e+00 0.000000e+00 0.000000e+00 0.000000e+00 0.000000e+00 0.000000e+00 0.000000e+00 0.000000e+00 0.000000e+00 0.000000e+00 0.000000e+00 0.000000e+00 0.000000e+00 0.000000e+00 0.000000e+00 0.000000e+00 0.000000e+00 0.000000e+00 0.000000e+00 0.000000e+00 0.000000e+00 0.000000e+00 0.000000e+00 0.000000e+00 0.000000e+00 0.000000e+00 0.000000e+00 0.000000e+00 0.000000e+00 4.404998e-01 5.595003e-01 0.000000e+00 0.000000e+00 0.000000e+00 0.000000e+00 0.000000e+00
 0.000000e+00 0.000000e+00 0.000000e+00 0.000000e+00 0.000000e+00 0.000000e+00 0.000000e+00 0.000000e+00 0.000000e+00 0.000000e+00 0.000000e+00 0.000000e+00 0.000000e+00 0.000000e+00 0.000000e+00 0.000000e+00 0.000000e+00 0.000000e+00 0.000000e+00 0.000000e+00 0.000000e+00 0.000000e+00 0.000000e+00 0.000000e+00 0.000000e+00 0.000000e+00 0.000000e+00 0.000000e+00 0.000000e+00 0.000000e+00 0.000000e+00 0.000000e+00 1.715918e-01 8.284082e-01 0.000000e+00 0.000000e+00 0.000000e+00 0.000000e+00
 0.000000e+00 0.000000e+00 0.000000e+00 0.000000e+00 0.000000e+00 0.000000e+00 0.000000e+00 0.000000e+00 0.000000e+00 0.000000e+00 0.000000e+00 0.000000e+00 0.000000e+00 0.000000e+00 0.000000e+00 0.000000e+00 0.000000e+00 0.000000e+00 0.000000e+00 0.000000e+00 0.000000e+00 0.000000e+00 0.000000e+00 0.000000e+00 0.000000e+00 0.000000e+00 0.000000e+00 0.000000e+00 0.000000e+00 0.000000e+00 0.000000e+00 0.000000e+00 0.000000e+00 5.582212e-01 4.417788e-01 0.000000e+00 0.000000e+00 0.000000e+00
 0.000000e+00 0.000000e+00 0.000000e+00 0.000000e+00 0.000000e+00 0.000000e+00 0.000000e+00 0.000000e+00 0.000000e+00 0.000000e+00 0.000000e+00 0.000000e+00 0.000000e+00 0.000000e+00 0.000000e+00 0.000000e+00 0.000000e+00 0.000000e+00 0.000000e+00 0.000000e+00 0.000000e+00 0.000000e+00 0.000000e+00 0.000000e+00 0.000000e+00 0.000000e+00 0.000000e+00 0.000000e+00 0.000000e+00 0.000000e+00 0.000000e+00 0.000000e+00 0.000000e+00 0.000000e+00 3.517393e-01 6.482607e-01 0.000000e+00 0.000000e+00
 0.000000e+00 0.000000e+00 0.000000e+00 0.000000e+00 0.000000e+00 0.000000e+00 0.000000e+00 0.000000e+00 0.000000e+00 0.000000e+00 0.000000e+00 0.000000e+00 0.000000e+00 0.000000e+00 0.000000e+00 0.000000e+00 0.000000e+00 0.000000e+00 0.000000e+00 0.000000e+00 0.000000e+00 0.000000e+00 0.000000e+00 0.000000e+00 0.000000e+00 0.000000e+00 0.000000e+00 0.000000e+00 0.000000e+00 0.000000e+00 0.000000e+00 0.000000e+00 0.000000e+00 0.000000e+00 0.000000e+00 3.038750e-01 6.961250e-01 0.000000e+00
 0.000000e+00 0.000000e+00 0.000000e+00 0.000000e+00 0.000000e+00 0.000000e+00 0.000000e+00 0.000000e+00 0.000000e+00 0.000000e+00 0.000000e+00 0.000000e+00 0.000000e+00 0.000000e+00 0.000000e+00 0.000000e+00 0.000000e+00 0.000000e+00 0.000000e+00 0.000000e+00 0.000000e+00 0.000000e+00 0.000000e+00 0.000000e+00 0.000000e+00 0.000000e+00 0.000000e+00 0.000000e+00 0.000000e+00 0.000000e+00 0.000000e+00 0.000000e+00 0.000000e+00 0.000000e+00 0.000000e+00 0.000000e+00 0.000000e+00 1.000000e+00
 0.000000e+00 0.000000e+00 0.000000e+00 0.000000e+00 0.000000e+00 0.000000e+00 0.000000e+00 0.000000e+00 0.000000e+00 0.000000e+00 0.000000e+00 0.000000e+00 0.000000e+00 0.000000e+00 0.000000e+00 0.000000e+00 0.000000e+00 0.000000e+00 0.000000e+00 0.000000e+00 0.000000e+00 0.000000e+00 0.000000e+00 0.000000e+00 0.000000e+00 0.000000e+00 0.000000e+00 0.000000e+00 0.000000e+00 0.000000e+00 0.000000e+00 0.000000e+00 0.000000e+00 0.000000e+00 0.000000e+00 0.000000e+00 0.000000e+00 0.000000e+00
<ENDHMM>
