~o
<STREAMINFO> 1 39
<VECSIZE> 39<NULLD><MFCC_E_D_A><DIAGC>
~h "Chin"
<BEGINHMM>
<NUMSTATES> 19
<STATE> 2
<MEAN> 39
 -5.762799e+00 -8.288274e+00 -4.878751e-01 -1.669615e+00 1.446376e+00 -3.810322e+00 1.295010e+00 -1.919351e+00 1.221167e+00 -3.413596e+00 2.325981e+00 -1.403818e+00 7.503448e-02 -9.998626e-01 1.570100e+00 -3.645650e-01 -1.850569e+00 5.688033e-01 -9.433522e-01 -1.358612e-01 5.184662e-01 2.207697e-02 -5.900937e-01 4.119141e-01 3.597301e-01 7.569800e-02 -8.610455e-01 5.627072e-01 -4.885509e-01 -1.448694e+00 1.680779e-01 -6.331546e-01 -3.113737e-01 1.516084e-01 -1.802599e-01 -2.469575e-01 -1.293522e-01 -5.111485e-02 3.240690e-02
<VARIANCE> 39
 3.083076e+00 3.656446e+00 2.341113e+00 4.920316e+00 7.949528e+00 3.355456e+00 1.097463e+01 5.933561e+00 1.878537e+01 4.890818e+00 7.678352e+00 6.776876e+00 5.000000e-02 2.681380e+00 2.154749e+00 1.243880e+00 2.663577e+00 1.955314e+00 1.869260e+00 1.456966e+00 9.116434e-01 1.331264e+00 7.306721e-01 4.297888e-01 3.951273e-01 5.000000e-02 2.378510e-01 2.129088e-01 2.031617e-01 1.506981e-01 1.284894e-01 5.771481e-01 4.492236e-01 1.389724e-01 2.946427e-01 2.109335e-01 3.518605e-01 9.618649e-02 5.000000e-02
<GCONST> 6.821116e+01
<STATE> 3
<MEAN> 39
 -1.534171e+01 -2.744637e-01 -4.657951e+00 -1.442286e+01 6.964215e+00 -8.851413e+00 -1.902241e+00 8.542336e-01 -1.295251e+00 -5.260268e+00 2.069274e+00 -1.399226e+00 4.391733e-01 -2.188938e+00 1.460307e+00 -5.844662e-01 -5.740143e+00 -1.351521e+00 -2.468071e+00 -1.875952e+00 -7.959130e-01 -1.227784e-02 -1.038436e+00 -1.367301e+00 -3.957548e-01 1.558429e-01 8.792968e-01 -1.322860e+00 6.626547e-01 9.640592e-02 -1.656067e+00 6.179556e-02 2.864092e-01 -4.924708e-01 7.253549e-01 4.465607e-01 -3.885410e-01 -4.510346e-01 3.130844e-03
<VARIANCE> 39
 4.204972e+01 2.361369e+01 3.081214e+01 6.082547e+01 2.617417e+01 3.083148e+01 4.054508e+01 1.534613e+01 9.876125e+00 2.683968e+01 6.533613e+00 8.079359e+00 5.000000e-02 3.338544e+00 2.597449e+00 3.677443e+00 4.141329e-01 6.150754e+00 5.225675e+00 1.440287e+00 1.605112e+00 2.024933e+00 1.530408e+00 2.680527e+00 7.098957e-01 5.000000e-02 7.337379e-01 7.616248e-01 4.912078e-01 9.238656e-01 3.542477e-01 4.067975e-01 6.307517e-01 3.626445e-01 1.906081e-01 5.232531e-01 3.213260e-01 5.949237e-02 5.000000e-02
<GCONST> 9.741603e+01
<STATE> 4
<MEAN> 39
 -1.239160e+01 -4.866868e+00 -2.392648e+00 -2.475768e+01 -6.969433e+00 -1.612630e+01 -3.525506e+00 -4.442430e+00 2.125042e+00 -7.179204e+00 -2.914221e+00 -4.249612e+00 7.811974e-01 1.078101e+00 -3.542377e+00 1.607396e+00 -2.330527e+00 -4.664620e+00 -4.954726e-01 1.179439e+00 8.180988e-02 2.696458e+00 2.115590e+00 -7.043764e-01 -1.373548e+00 1.028638e-01 2.071726e-01 -4.760020e-01 3.302408e-01 1.283748e+00 3.763795e-01 9.440280e-01 7.891422e-01 6.866918e-01 4.881576e-01 1.043690e+00 5.703322e-01 1.407620e-01 -2.672852e-02
<VARIANCE> 39
 9.993080e+00 2.750588e+01 2.850123e+01 7.918897e+00 1.784547e+01 3.425132e+01 2.304444e+01 1.553285e+01 1.508815e+01 1.712818e+01 2.948674e+01 1.116962e+01 5.000000e-02 1.249745e+00 1.973371e+00 2.817115e+00 2.123898e+00 2.206396e+00 1.979092e+00 1.511820e+00 4.345708e+00 4.455170e-01 2.876308e+00 1.177434e+00 7.308819e-01 5.000000e-02 3.982856e-01 1.125046e+00 4.083522e-01 1.030042e-01 7.227568e-01 4.837881e-01 1.874069e-01 2.283278e-01 3.240820e-01 3.323138e-01 4.148219e-01 1.684352e-01 5.000000e-02
<GCONST> 9.045592e+01
<STATE> 5
<MEAN> 39
 -1.271896e+01 -1.067302e+01 9.400112e-01 -2.725221e+01 -1.178082e+01 -1.310885e+01 8.889019e-01 -2.944976e-01 9.069256e+00 1.397465e+00 -1.182696e+00 -6.174238e+00 9.309852e-01 -9.349672e-02 -1.087050e+00 8.638644e-01 -4.781903e-01 -1.199000e+00 4.218097e-01 1.337861e+00 8.649433e-01 2.132973e+00 2.651364e+00 7.278636e-01 -6.667695e-02 4.968879e-02 -1.794102e-01 8.947729e-01 -4.178243e-01 5.560070e-01 1.088306e+00 1.259307e-01 -3.624940e-01 -1.061590e-01 -4.975638e-01 -4.651130e-01 2.788667e-01 3.613488e-01 -2.214975e-02
<VARIANCE> 39
 7.239709e+00 1.032248e+01 2.916151e+01 8.969007e+00 1.308450e+01 2.629619e+01 2.219965e+01 3.769933e+01 3.471438e+00 1.934289e+00 2.415117e+01 2.608586e+00 5.000000e-02 7.006397e-01 1.366136e+00 3.410043e-01 5.495764e-01 1.431040e+00 1.126628e+00 1.096631e+00 3.168395e+00 1.135198e+00 1.156553e+00 1.029393e+00 8.957791e-01 5.000000e-02 1.238640e-01 2.885408e-01 1.988787e-01 9.972025e-02 1.396151e-01 1.681752e-01 2.829601e-01 4.577524e-01 1.107462e-01 5.798087e-01 3.155363e-01 9.761743e-02 5.000000e-02
<GCONST> 7.211139e+01
<STATE> 6
<MEAN> 39
 -1.194298e+01 -1.122206e+01 2.018480e+00 -2.600356e+01 -1.459407e+01 -1.165419e+01 7.290576e-01 -9.167351e-01 1.232665e+01 4.465881e+00 1.705984e-01 -6.656101e+00 9.892163e-01 2.649274e-01 -1.865781e-01 1.075490e-02 1.152084e-01 -5.806344e-01 5.713359e-01 3.273660e-01 -1.543738e-01 6.846383e-01 -7.926510e-02 7.153042e-02 -4.057891e-01 2.968895e-03 6.521974e-02 9.577019e-02 -1.749330e-01 -3.935617e-02 1.799017e-01 7.459613e-02 -3.247362e-02 -1.156754e-01 -5.581831e-01 -9.134430e-01 -4.444241e-01 1.168531e-02 -1.342220e-02
<VARIANCE> 39
 7.988491e+00 2.937270e+00 2.380332e+01 8.939752e+00 1.926346e+01 5.743131e+01 1.997877e+01 5.141921e+01 3.657871e+00 6.594946e+00 1.384127e+01 8.461727e+00 5.000000e-02 3.726769e-01 3.879032e-01 9.129290e-01 7.852340e-01 5.433761e-01 5.557584e-01 1.688048e+00 1.187273e+00 6.979514e-01 1.677436e+00 1.295165e+00 4.220409e-01 5.000000e-02 7.770602e-02 8.364047e-02 1.513105e-01 1.767212e-01 1.369165e-01 1.312722e-01 4.847514e-01 5.946357e-01 3.257277e-01 1.696961e-01 2.369533e-01 1.606257e-01 5.000000e-02
<GCONST> 6.979581e+01
<STATE> 7
<MEAN> 39
 -1.154791e+01 -1.196514e+01 1.243739e+00 -2.699933e+01 -1.571334e+01 -7.508643e+00 1.557335e+00 -1.867850e+00 1.095006e+01 -2.051363e+00 -3.433790e+00 -7.398815e+00 9.217962e-01 6.851507e-01 -5.137930e-02 -2.354582e-01 -4.608867e-01 8.706957e-01 6.249325e-01 -5.843732e-01 -6.648186e-01 -1.985003e+00 -1.769336e+00 -1.513184e+00 4.499447e-01 -2.779470e-02 3.835009e-01 -6.452277e-02 -3.724058e-02 4.690078e-02 3.343601e-01 -1.071847e-01 -5.345832e-01 -2.581924e-01 -6.379729e-01 3.456028e-01 -2.532053e-01 2.745084e-01 -2.588255e-03
<VARIANCE> 39
 3.289516e+00 6.112071e+00 6.259520e+00 9.929369e+00 3.530455e+01 8.054460e+01 3.932652e+01 3.666768e+01 9.854658e+00 1.674518e+01 1.190906e+01 4.520700e+00 5.000000e-02 3.562649e-01 2.612420e-01 7.791477e-01 9.744765e-01 1.386831e+00 9.533556e-01 1.930696e+00 3.332814e+00 1.701505e+00 1.840005e+00 7.067494e-01 1.116094e+00 5.000000e-02 5.000000e-02 5.732955e-02 1.372766e-01 3.190162e-01 3.456454e-01 2.979755e-01 3.308775e-01 2.843546e-01 4.278521e-01 3.027682e-01 1.126325e-01 1.665879e-01 5.000000e-02
<GCONST> 7.489524e+01
<STATE> 8
<MEAN> 39
 -7.489588e+00 -1.211638e+01 2.262425e-01 -2.850274e+01 -9.754931e+00 -9.731835e+00 -1.159758e+00 -3.679295e+00 1.837772e+00 -2.919775e+00 -8.079884e+00 -4.788228e+00 8.669440e-01 2.037173e+00 -6.657224e-01 -2.895208e-01 5.051864e-01 6.212679e-01 -7.400132e-02 -9.280890e-01 -1.075910e+00 -2.022806e+00 -2.839879e-01 -2.103475e+00 1.131705e+00 -2.442957e-02 2.563054e-01 -1.407092e-01 -2.004068e-02 1.917577e-01 -3.203531e-01 7.519671e-02 1.821159e-01 -6.652333e-02 4.840217e-01 3.314167e-02 1.934678e-01 1.643861e-01 1.860797e-03
<VARIANCE> 39
 6.391803e+00 7.327404e+00 1.057913e+01 1.065702e+01 8.391219e+00 4.466473e+01 2.522829e+01 1.358314e+01 1.087754e+01 2.597579e+01 1.419240e+01 1.163133e+01 5.000000e-02 2.143326e-01 1.066361e-01 6.178685e-01 1.702274e+00 2.271027e+00 1.589145e+00 2.505804e+00 7.978770e-01 1.654384e+00 1.825328e+00 5.777702e-01 9.348991e-01 5.000000e-02 6.929018e-02 5.937674e-02 1.107438e-01 3.551403e-01 4.400554e-01 1.977012e-01 3.742157e-01 5.074107e-01 2.066110e-01 4.189732e-01 2.397796e-01 1.829752e-01 5.000000e-02
<GCONST> 7.410706e+01
<STATE> 9
<MEAN> 39
 -6.160059e-01 -1.473763e+01 -4.459949e-01 -2.689243e+01 -9.792434e+00 -9.219804e+00 -1.095642e+00 -6.988554e+00 -8.856790e-01 -4.529438e+00 -1.381572e+01 -2.703711e-01 8.093886e-01 1.818627e+00 -5.749699e-01 -1.158316e-01 1.421040e-01 -1.006960e+00 1.204858e+00 -8.280609e-01 -8.191199e-01 -6.930058e-01 -1.116678e+00 -4.224103e-01 1.208537e+00 -1.579338e-02 -3.013459e-01 5.143141e-02 5.416654e-02 -1.176129e-02 -6.755185e-01 3.612707e-01 -2.563795e-01 4.118448e-02 2.905479e-01 -6.212750e-02 7.809389e-01 -4.083941e-01 2.013753e-03
<VARIANCE> 39
 5.302088e+00 3.787441e+00 8.395702e+00 5.563739e+00 2.041588e+01 3.242439e+01 2.370756e+01 1.462910e+01 7.340646e+00 2.219155e+01 3.425013e+00 1.544865e+01 5.000000e-02 9.003422e-01 4.103873e-01 5.690429e-01 1.514253e+00 1.718158e+00 1.445274e+00 6.557464e-01 1.336228e+00 4.782181e-01 1.449125e+00 1.572887e+00 7.945359e-01 5.000000e-02 5.000000e-02 5.000000e-02 6.820312e-02 2.672307e-01 2.862796e-01 3.112703e-01 2.524884e-01 3.106779e-01 1.986868e-01 4.582009e-01 7.281324e-02 2.585189e-01 5.000000e-02
<GCONST> 6.909991e+01
<STATE> 10
<MEAN> 39
 2.964253e+00 -1.608831e+01 -3.098279e-01 -2.614265e+01 -1.616716e+01 -3.433406e+00 -7.095571e+00 -9.591380e+00 -1.539642e+00 -1.037320e+01 -1.102684e+01 5.020722e-01 7.549422e-01 1.024352e+00 -4.748222e-01 1.503784e-01 3.823866e-01 -1.937633e+00 1.806762e+00 -1.349770e+00 -1.003335e+00 6.672456e-02 -1.357193e-01 1.221969e+00 -3.510009e-01 -1.398970e-02 -5.415949e-01 1.521147e-01 4.730802e-02 2.904307e-01 4.796335e-01 -3.245774e-01 4.205550e-01 1.338233e-01 7.128244e-01 8.800847e-01 1.701922e-01 -6.254665e-01 -3.044739e-04
<VARIANCE> 39
 3.511045e+00 4.508610e+00 3.432347e+00 7.341988e+00 3.133587e+01 1.813710e+01 1.699463e+01 7.099784e+00 2.046880e+01 2.058284e+01 1.295949e+01 1.100060e+01 5.000000e-02 7.465400e-01 7.189764e-01 5.829840e-01 2.248893e-01 9.381554e-01 1.439238e+00 3.038227e+00 1.939833e+00 8.132302e-01 3.714669e+00 6.076406e-01 1.247095e+00 5.000000e-02 8.637269e-02 5.879115e-02 1.350812e-01 2.479026e-01 2.677570e-01 2.743875e-01 2.883558e-01 1.357563e-01 1.385254e-01 5.842121e-01 2.368941e-01 1.062194e-01 5.000000e-02
<GCONST> 7.033859e+01
<STATE> 11
<MEAN> 39
 3.028937e+00 -1.658141e+01 -1.492422e+00 -2.230221e+01 -1.664834e+01 -1.981679e+00 -5.690722e+00 -1.039332e+01 2.636747e+00 -4.853608e+00 -8.810890e+00 -2.469675e+00 6.746998e-01 -1.578879e-01 1.065108e-02 -1.285422e-01 1.051470e+00 4.502997e-01 1.559480e-02 3.715372e-01 4.798101e-01 1.152676e+00 5.471420e-01 4.302454e-01 -3.560973e-01 -3.233006e-02 -1.762777e-01 3.198427e-01 4.590392e-02 2.627589e-01 5.175115e-01 -3.226812e-01 1.056561e-01 2.483745e-01 5.008008e-02 7.579279e-02 1.207998e-01 2.956646e-01 -8.415650e-03
<VARIANCE> 39
 4.231729e+00 3.186523e+00 1.556250e+01 1.482008e+01 1.786282e+01 2.438849e+01 2.715463e+01 1.519513e+01 1.532554e+01 1.162936e+01 6.821160e+00 4.091348e+00 5.000000e-02 1.579763e-01 6.068997e-01 7.118165e-01 1.297563e+00 7.362908e-01 7.721171e-01 1.800716e+00 1.364304e+00 1.099764e+00 1.838862e+00 8.022259e-01 1.118541e+00 5.000000e-02 5.000000e-02 1.792416e-01 1.338081e-01 2.788760e-01 1.708682e-01 2.842813e-01 5.327957e-01 3.274562e-01 3.132713e-01 3.268784e-01 2.208459e-01 2.292746e-01 5.000000e-02
<GCONST> 7.181382e+01
<STATE> 12
<MEAN> 39
 9.106773e-01 -1.313521e+01 3.373359e-02 -1.826883e+01 -1.181923e+01 -2.878026e+00 -5.946971e+00 -8.394071e+00 5.537319e+00 -1.756620e+00 -5.642638e+00 -5.000972e-01 4.978055e-01 -1.925271e-01 1.687833e+00 -2.579170e-01 3.072303e+00 2.572732e+00 -1.178624e+00 3.263182e-02 1.088246e-01 9.195410e-03 1.311108e+00 2.572458e+00 4.907048e-01 -5.807552e-02 -1.825497e-03 5.095012e-02 4.696620e-02 1.375526e-03 8.734062e-02 1.658933e-01 4.184482e-01 1.562352e-01 -2.436250e-01 -1.445542e-01 1.396485e-01 -2.201014e-01 5.104029e-03
<VARIANCE> 39
 5.460004e+00 5.497091e+00 7.360288e+00 2.455337e+01 1.742325e+01 1.755555e+01 1.276510e+01 2.253831e+00 2.733403e+01 1.307707e+01 1.623286e+01 3.193602e+00 5.000000e-02 2.584836e-01 4.534806e-01 6.508489e-01 8.349845e-01 1.207428e+00 2.460763e+00 2.349803e+00 2.138856e+00 3.629757e+00 7.257156e-01 6.464673e-01 1.108460e+00 5.000000e-02 5.079058e-02 2.996472e-01 6.024943e-02 4.752377e-01 3.162159e-01 4.091142e-01 1.275382e-01 2.649384e-01 5.379260e-01 3.375283e-01 4.337736e-01 1.174542e-01 5.000000e-02
<GCONST> 7.292950e+01
<STATE> 13
<MEAN> 39
 2.194176e+00 -1.325580e+01 -6.183624e-01 -1.627661e+01 -8.443217e+00 -4.111022e+00 -3.300784e+00 -4.548618e+00 4.379247e+00 -3.375975e+00 -3.386131e+00 -3.431978e+00 5.645050e-01 -2.518197e-01 1.290305e+00 4.795237e-01 1.534646e+00 1.190906e+00 3.454035e-01 5.226020e-01 7.719215e-01 9.515786e-01 9.588936e-01 1.378455e+00 5.344960e-02 -5.095126e-02 -1.874073e-01 9.389374e-02 1.177419e-01 -2.047923e-01 -2.878039e-01 -1.751614e-01 -1.124448e-01 -2.279665e-01 -2.566313e-01 -4.285656e-02 -4.167131e-01 1.161955e-01 -5.591018e-03
<VARIANCE> 39
 2.936926e+00 1.021356e+01 9.453239e+00 3.242150e+01 1.866638e+01 9.569675e+00 7.908914e+00 2.684573e+01 1.274442e+01 1.637389e+01 2.177541e+01 1.443060e+01 5.000000e-02 2.817676e-01 1.970684e+00 7.213880e-01 9.898030e-01 1.803109e+00 1.958258e+00 3.586976e+00 2.708159e+00 1.328203e+00 1.426899e+00 4.903778e-01 1.966320e+00 5.000000e-02 6.671081e-02 3.099296e-01 1.709363e-01 3.760958e-01 4.890408e-01 1.795917e-01 3.831303e-01 9.514695e-01 1.454972e-01 3.188504e-01 3.181892e-01 3.320776e-01 5.000000e-02
<GCONST> 8.128073e+01
<STATE> 14
<MEAN> 39
 -2.220921e+00 -8.723320e+00 8.666292e-01 -9.452146e+00 -6.463899e+00 -5.730475e+00 -2.443486e+00 -5.212601e+00 5.737893e+00 -3.627322e-01 -3.771951e-01 -9.937899e-01 2.483805e-01 -8.722786e-01 3.719716e-01 2.509339e-01 5.850019e-01 -2.198662e-02 -5.358513e-01 1.343029e-02 2.776278e-01 -2.996843e-01 2.156643e-01 -3.143880e-02 -3.762498e-01 -3.875756e-02 -4.713144e-02 -2.176493e-01 -9.479781e-02 -1.365515e-01 -1.237007e-01 1.794190e-01 -3.913204e-02 -1.288033e-01 -5.723132e-02 9.529986e-03 -1.304790e-02 -3.654439e-02 3.086022e-03
<VARIANCE> 39
 1.231062e+01 4.275176e+00 3.684509e+00 6.125919e+00 1.550353e+01 1.058088e+01 1.335307e+01 8.503950e+00 9.764757e+00 7.043495e+00 6.577758e+00 5.394635e+00 5.000000e-02 4.297749e-01 9.027145e-01 4.796759e-01 4.957853e-01 1.058154e+00 1.009094e+00 7.298084e-01 1.466710e+00 3.757260e-01 1.445129e+00 9.868502e-01 5.433745e-01 5.000000e-02 2.051368e-01 2.214633e-01 1.016081e-01 1.212737e-01 3.454652e-01 2.652751e-01 3.949916e-01 2.376274e-01 1.513089e-01 2.209087e-01 2.527145e-01 1.109263e-01 5.000000e-02
<GCONST> 6.470245e+01
<STATE> 15
<MEAN> 39
 -3.300136e+00 -7.812417e+00 5.043218e-01 -7.761151e+00 -6.996544e+00 -6.794354e+00 -2.723248e+00 -7.021791e+00 3.982312e+00 2.314255e+00 6.236899e-01 -1.435209e+00 1.799271e-01 -8.529938e-01 -1.291897e-01 -4.096659e-01 7.237812e-01 5.380281e-01 4.075128e-01 1.843020e-01 -2.090279e-01 -5.709022e-01 1.050878e-01 1.091036e+00 3.875180e-01 -3.792840e-02 -2.127163e-02 -2.854451e-01 -1.467889e-01 -1.860516e-01 8.055469e-02 1.435100e-01 1.574462e-01 4.538109e-01 7.746717e-03 -5.032959e-01 -8.946159e-02 9.720223e-02 2.614313e-04
<VARIANCE> 39
 4.966694e+00 3.066565e+00 1.570449e+01 1.406472e+01 1.804106e+01 1.518107e+01 8.699655e+00 6.144917e+00 5.076031e+00 8.578221e+00 1.319934e+01 1.317332e+01 5.000000e-02 1.784738e+00 4.224769e-01 4.763697e-01 1.367630e+00 1.289981e+00 1.124608e+00 9.942246e-01 6.682888e-01 4.615054e-01 7.461434e-01 1.248992e+00 2.541129e-01 5.000000e-02 6.066337e-02 1.047087e-01 2.664659e-01 2.334786e-01 2.842669e-01 1.781731e-01 3.822731e-01 4.145719e-01 1.039764e-01 6.120662e-02 1.699207e-01 1.177388e-01 5.000000e-02
<GCONST> 6.474337e+01
<STATE> 16
<MEAN> 39
 -5.405986e+00 -8.935599e+00 3.892542e-01 -7.433877e+00 -3.573299e+00 -3.234822e+00 -1.579842e+00 -4.903971e+00 3.074525e+00 -6.442200e-01 8.146750e-01 -1.841063e+00 1.008958e-01 -6.873073e-01 -2.278515e-01 -2.879355e-01 5.197573e-01 6.521072e-01 5.362724e-01 1.312683e+00 1.274005e+00 5.759475e-01 1.745645e-01 1.398505e-01 2.252281e-01 -3.185823e-02 1.122932e-01 1.708821e-02 1.324125e-02 1.259809e-01 4.075619e-02 -1.452247e-01 1.036534e-01 3.280791e-01 1.501401e-01 1.214708e-01 -7.826564e-02 -6.793727e-02 6.081066e-03
<VARIANCE> 39
 1.193861e+00 1.416273e+00 4.374985e+00 9.334184e+00 1.272464e+01 4.688991e+00 7.824002e+00 5.774213e+00 8.617311e+00 5.689991e+00 4.521680e+00 3.620099e+00 5.000000e-02 5.984669e-01 1.575370e-01 5.800677e-01 1.431600e+00 7.810488e-01 3.926437e-01 1.434267e+00 2.231511e+00 9.289118e-01 8.727056e-01 3.829853e-01 1.800697e-01 5.000000e-02 1.682329e-01 5.000000e-02 1.402790e-01 2.239270e-01 1.829852e-01 1.133432e-01 2.142895e-01 3.067777e-01 2.585566e-01 1.771385e-01 1.118660e-01 5.000000e-02 5.000000e-02
<GCONST> 5.295597e+01
<STATE> 17
<MEAN> 39
 -6.102247e+00 -9.344568e+00 -1.475599e+00 -5.221726e+00 -2.711415e+00 -4.834536e+00 1.917652e+00 5.313025e-01 4.793081e+00 1.044863e+00 2.814687e+00 -2.821544e-02 6.370391e-02 1.174136e-01 -4.856206e-02 6.384572e-02 3.417864e-01 1.076777e-02 -4.716358e-01 -2.762605e-01 -9.700581e-02 -8.879868e-01 -6.601251e-01 -1.755383e-01 -1.657519e-01 -1.454191e-04 1.167909e-01 3.582352e-02 1.457769e-01 -1.407917e-01 -1.390385e-01 -3.834122e-02 -4.034892e-01 -6.804983e-01 -3.010044e-01 -2.078018e-01 -2.310071e-01 -1.391915e-01 3.865262e-03
<VARIANCE> 39
 7.878548e+00 1.175256e+00 3.023045e+00 6.083376e+00 9.271413e+00 8.814652e+00 1.602404e+01 1.359373e+01 9.299214e+00 6.941633e+00 6.470427e+00 2.495048e+00 5.000000e-02 5.591601e-01 2.139008e-01 8.423273e-01 5.012411e-01 8.178788e-01 3.716238e-01 9.742464e-01 2.335518e+00 9.874326e-01 6.243232e-01 7.180899e-01 4.571729e-01 5.000000e-02 2.698135e-01 5.000000e-02 1.219410e-01 1.067779e-01 1.794392e-01 1.551013e-01 2.969340e-01 2.847848e-01 1.893651e-01 1.230920e-01 8.267614e-02 5.000000e-02 5.000000e-02
<GCONST> 5.566503e+01
<STATE> 18
<MEAN> 39
 -6.449211e+00 -9.122918e+00 5.255708e-01 -4.888355e+00 -3.867915e+00 -6.278419e+00 -1.294808e+00 -4.640526e+00 1.315470e+00 -1.462430e+00 2.681560e-01 -1.480402e+00 1.386575e-02 -2.471391e-01 7.297713e-02 1.521708e-01 9.964948e-01 8.767183e-01 2.485363e-01 -1.513352e-01 -6.685578e-01 -5.401404e-01 -4.614401e-01 -2.695004e-01 -1.101295e-01 -1.781552e-02 3.552156e-02 3.930552e-02 -2.080520e-01 6.853710e-02 3.169291e-01 2.202398e-01 3.864214e-01 3.959313e-01 3.415088e-01 2.002070e-01 1.907368e-01 3.219040e-02 3.162343e-03
<VARIANCE> 39
 1.859153e+00 1.410876e+00 2.774828e+00 9.101291e+00 1.179912e+01 4.295170e+00 5.638532e+00 7.816756e+00 9.118769e+00 4.135456e+00 3.840651e+00 9.421054e+00 5.000000e-02 6.908123e-01 9.103155e-02 1.191420e-01 6.387965e-01 1.156350e+00 1.272076e+00 2.517720e+00 1.557990e+00 5.728801e-01 2.879850e-01 8.716873e-01 1.035947e+00 5.000000e-02 6.045852e-02 5.000000e-02 5.000000e-02 1.605273e-01 1.494764e-01 1.143162e-01 1.459153e-01 2.677500e-01 1.096291e-01 7.330666e-02 8.530715e-02 1.674511e-01 5.000000e-02
<GCONST> 4.930926e+01
<TRANSP> 19
 0.000000e+00 1.000000e+00 0.000000e+00 0.000000e+00 0.000000e+00 0.000000e+00 0.000000e+00 0.000000e+00 0.000000e+00 0.000000e+00 0.000000e+00 0.000000e+00 0.000000e+00 0.000000e+00 0.000000e+00 0.000000e+00 0.000000e+00 0.000000e+00 0.000000e+00
 0.000000e+00 6.419410e-01 3.580590e-01 0.000000e+00 0.000000e+00 0.000000e+00 0.000000e+00 0.000000e+00 0.000000e+00 0.000000e+00 0.000000e+00 0.000000e+00 0.000000e+00 0.000000e+00 0.000000e+00 0.000000e+00 0.000000e+00 0.000000e+00 0.000000e+00
 0.000000e+00 0.000000e+00 6.150473e-01 3.849527e-01 0.000000e+00 0.000000e+00 0.000000e+00 0.000000e+00 0.000000e+00 0.000000e+00 0.000000e+00 0.000000e+00 0.000000e+00 0.000000e+00 0.000000e+00 0.000000e+00 0.000000e+00 0.000000e+00 0.000000e+00
 0.000000e+00 0.000000e+00 0.000000e+00 5.454543e-01 4.545457e-01 0.000000e+00 0.000000e+00 0.000000e+00 0.000000e+00 0.000000e+00 0.000000e+00 0.000000e+00 0.000000e+00 0.000000e+00 0.000000e+00 0.000000e+00 0.000000e+00 0.000000e+00 0.000000e+00
 0.000000e+00 0.000000e+00 0.000000e+00 0.000000e+00 4.999726e-01 5.000275e-01 0.000000e+00 0.000000e+00 0.000000e+00 0.000000e+00 0.000000e+00 0.000000e+00 0.000000e+00 0.000000e+00 0.000000e+00 0.000000e+00 0.000000e+00 0.000000e+00 0.000000e+00
 0.000000e+00 0.000000e+00 0.000000e+00 0.000000e+00 0.000000e+00 7.367831e-01 2.632169e-01 0.000000e+00 0.000000e+00 0.000000e+00 0.000000e+00 0.000000e+00 0.000000e+00 0.000000e+00 0.000000e+00 0.000000e+00 0.000000e+00 0.000000e+00 0.000000e+00
 0.000000e+00 0.000000e+00 0.000000e+00 0.000000e+00 0.000000e+00 0.000000e+00 6.875957e-01 3.124043e-01 0.000000e+00 0.000000e+00 0.000000e+00 0.000000e+00 0.000000e+00 0.000000e+00 0.000000e+00 0.000000e+00 0.000000e+00 0.000000e+00 0.000000e+00
 0.000000e+00 0.000000e+00 0.000000e+00 0.000000e+00 0.000000e+00 0.000000e+00 0.000000e+00 6.427569e-01 3.572431e-01 0.000000e+00 0.000000e+00 0.000000e+00 0.000000e+00 0.000000e+00 0.000000e+00 0.000000e+00 0.000000e+00 0.000000e+00 0.000000e+00
 0.000000e+00 0.000000e+00 0.000000e+00 0.000000e+00 0.000000e+00 0.000000e+00 0.000000e+00 0.000000e+00 6.136865e-01 3.863135e-01 0.000000e+00 0.000000e+00 0.000000e+00 0.000000e+00 0.000000e+00 0.000000e+00 0.000000e+00 0.000000e+00 0.000000e+00
 0.000000e+00 0.000000e+00 0.000000e+00 0.000000e+00 0.000000e+00 0.000000e+00 0.000000e+00 0.000000e+00 0.000000e+00 4.482740e-01 5.517260e-01 0.000000e+00 0.000000e+00 0.000000e+00 0.000000e+00 0.000000e+00 0.000000e+00 0.000000e+00 0.000000e+00
 0.000000e+00 0.000000e+00 0.000000e+00 0.000000e+00 0.000000e+00 0.000000e+00 0.000000e+00 0.000000e+00 0.000000e+00 0.000000e+00 7.618873e-01 2.381128e-01 0.000000e+00 0.000000e+00 0.000000e+00 0.000000e+00 0.000000e+00 0.000000e+00 0.000000e+00
 0.000000e+00 0.000000e+00 0.000000e+00 0.000000e+00 0.000000e+00 0.000000e+00 0.000000e+00 0.000000e+00 0.000000e+00 0.000000e+00 0.000000e+00 4.583118e-01 5.416882e-01 0.000000e+00 0.000000e+00 0.000000e+00 0.000000e+00 0.000000e+00 0.000000e+00
 0.000000e+00 0.000000e+00 0.000000e+00 0.000000e+00 0.000000e+00 0.000000e+00 0.000000e+00 0.000000e+00 0.000000e+00 0.000000e+00 0.000000e+00 0.000000e+00 5.749130e-01 4.250870e-01 0.000000e+00 0.000000e+00 0.000000e+00 0.000000e+00 0.000000e+00
 0.000000e+00 0.000000e+00 0.000000e+00 0.000000e+00 0.000000e+00 0.000000e+00 0.000000e+00 0.000000e+00 0.000000e+00 0.000000e+00 0.000000e+00 0.000000e+00 0.000000e+00 7.500089e-01 2.499911e-01 0.000000e+00 0.000000e+00 0.000000e+00 0.000000e+00
 0.000000e+00 0.000000e+00 0.000000e+00 0.000000e+00 0.000000e+00 0.000000e+00 0.000000e+00 0.000000e+00 0.000000e+00 0.000000e+00 0.000000e+00 0.000000e+00 0.000000e+00 0.000000e+00 5.026754e-01 4.973246e-01 0.000000e+00 0.000000e+00 0.000000e+00
 0.000000e+00 0.000000e+00 0.000000e+00 0.000000e+00 0.000000e+00 0.000000e+00 0.000000e+00 0.000000e+00 0.000000e+00 0.000000e+00 0.000000e+00 0.000000e+00 0.000000e+00 0.000000e+00 0.000000e+00 6.655849e-01 3.344151e-01 0.000000e+00 0.000000e+00
 0.000000e+00 0.000000e+00 0.000000e+00 0.000000e+00 0.000000e+00 0.000000e+00 0.000000e+00 0.000000e+00 0.000000e+00 0.000000e+00 0.000000e+00 0.000000e+00 0.000000e+00 0.000000e+00 0.000000e+00 0.000000e+00 7.214364e-01 2.785636e-01 0.000000e+00
 0.000000e+00 0.000000e+00 0.000000e+00 0.000000e+00 0.000000e+00 0.000000e+00 0.000000e+00 0.000000e+00 0.000000e+00 0.000000e+00 0.000000e+00 0.000000e+00 0.000000e+00 0.000000e+00 0.000000e+00 0.000000e+00 0.000000e+00 5.439805e-01 4.560196e-01
 0.000000e+00 0.000000e+00 0.000000e+00 0.000000e+00 0.000000e+00 0.000000e+00 0.000000e+00 0.000000e+00 0.000000e+00 0.000000e+00 0.000000e+00 0.000000e+00 0.000000e+00 0.000000e+00 0.000000e+00 0.000000e+00 0.000000e+00 0.000000e+00 0.000000e+00
<ENDHMM>
