~o
<STREAMINFO> 1 39
<VECSIZE> 39<NULLD><MFCC_E_D_A><DIAGC>
~h "Chu"
<BEGINHMM>
<NUMSTATES> 16
<STATE> 2
<MEAN> 39
 -4.679238e+00 -6.866543e+00 4.987095e-01 -5.381016e-01 1.901868e+00 -4.699778e+00 1.830843e+00 -2.242423e+00 7.810849e-01 -1.760394e+00 3.869770e+00 -1.826669e+00 5.097886e-02 -1.755263e+00 5.925677e-03 -2.713385e-01 -2.868015e+00 3.561720e-01 -2.549796e-01 -1.409320e+00 1.614796e+00 1.027815e-01 6.780162e-02 -3.894457e-03 1.360510e-01 6.589918e-02 -5.704331e-01 -1.779355e-02 -1.048461e-01 -1.529482e+00 -3.511102e-01 -3.527459e-01 -4.249081e-01 3.031404e-01 -2.622634e-01 -1.007672e-02 -3.958861e-01 -8.179305e-02 4.200872e-02
<VARIANCE> 39
 2.434581e+00 4.124380e+00 3.560482e+00 3.585312e+00 4.968332e+00 7.538703e+00 4.858792e+00 1.271534e+01 1.377191e+01 1.187016e+01 8.609344e+00 4.892861e+00 5.000000e-02 1.879367e+00 2.493829e-01 6.307067e-01 7.272194e+00 9.860589e-01 1.522871e+00 2.309460e+00 1.359001e+00 1.213957e+00 8.470615e-01 8.070174e-01 6.639584e-01 5.000000e-02 2.258623e-01 8.990386e-02 7.457932e-02 1.503113e-01 3.422029e-01 3.917534e-01 3.174819e-01 3.494594e-01 1.374287e-01 1.511144e-01 1.898631e-01 1.273822e-01 5.000000e-02
<GCONST> 6.565470e+01
<STATE> 3
<MEAN> 39
 -1.474298e+01 -6.528126e+00 -1.871883e-01 -2.185377e+01 -2.897848e-01 -7.106757e+00 -5.342870e+00 3.513916e+00 -1.857477e+00 -1.747721e+00 6.251228e-01 -2.668061e+00 6.061983e-01 2.721573e-01 -1.425547e+00 -2.490614e-02 -3.435380e+00 -3.249304e+00 -3.379810e+00 1.002749e+00 -3.160273e-01 -7.556613e-01 1.962478e+00 -1.601461e+00 6.397661e-02 1.423239e-01 1.486974e+00 -1.055076e+00 -3.487502e-01 1.796240e+00 -2.139837e-01 -9.004528e-01 1.240509e+00 -2.953585e-01 3.804980e-01 4.717656e-01 -3.305962e-01 3.654952e-01 -1.951444e-02
<VARIANCE> 39
 1.203530e+01 5.892855e+00 1.351034e+01 8.885532e+00 6.251085e+01 3.727412e+01 2.477418e+01 2.023638e+01 1.958628e+01 1.597692e+01 1.329194e+01 1.546530e+01 5.000000e-02 7.585406e+00 3.219060e+00 4.518005e-01 8.944666e+00 3.631667e+00 4.750141e+00 6.333838e+00 1.566933e+00 8.993226e-01 3.941825e+00 8.454303e-01 1.942210e+00 5.000000e-02 2.853325e-01 2.135722e-01 2.233991e-01 4.609725e-01 1.828833e+00 4.557011e-01 7.039077e-01 5.395560e-01 3.955078e-01 5.819277e-01 1.581469e-01 3.556902e-01 5.000000e-02
<GCONST> 9.770996e+01
<STATE> 4
<MEAN> 39
 -4.372729e+00 -1.920112e+01 -4.300621e+00 -1.878133e+01 -7.541739e+00 -2.215633e+01 4.149997e+00 3.895509e+00 -5.348455e-01 5.883316e+00 -4.201728e+00 1.582475e+00 8.501103e-01 1.545973e+00 -2.843483e+00 -2.532831e+00 1.362254e+00 2.165026e+00 -1.760761e+00 1.142021e+00 1.472201e+00 2.473859e+00 3.098468e-01 -3.464930e+00 -4.431674e-02 5.082859e-02 -7.684063e-01 1.033449e+00 -3.377005e-01 -2.502187e-01 1.778380e+00 1.837901e+00 -7.770281e-01 -9.390812e-02 8.004436e-01 -2.234565e-01 -4.151984e-01 -1.067927e+00 -1.947994e-02
<VARIANCE> 39
 9.787575e+00 9.990284e+00 1.284335e+01 7.539666e+00 4.143752e+01 4.996568e+01 1.802975e+01 1.669742e+01 2.028824e+01 2.427129e+01 1.854478e+01 9.278203e+00 5.000000e-02 2.203523e+00 3.716626e+00 9.524529e-01 7.844149e-01 5.897911e+00 4.871805e+00 3.699502e+00 1.236511e+00 2.089658e+00 2.064076e+00 1.982758e+00 4.099020e+00 5.000000e-02 2.320977e-01 4.953252e-01 2.586322e-01 9.129680e-01 6.953083e-01 3.328738e-01 4.702852e-01 7.755821e-01 5.328614e-01 9.471942e-01 3.564936e-01 4.322658e-01 5.000000e-02
<GCONST> 9.815015e+01
<STATE> 5
<MEAN> 39
 -5.606467e+00 -1.861252e+01 -1.186294e+01 -2.002603e+01 5.297309e+00 -1.643938e+01 3.198429e+00 4.128769e+00 1.059124e+01 8.381777e+00 -1.627411e+01 -7.468510e+00 9.407957e-01 -2.891353e-01 1.164453e+00 -1.395796e+00 -2.530768e+00 3.219162e+00 3.266128e+00 1.043868e-01 -2.130942e+00 1.698504e+00 3.098809e+00 -1.668915e-01 -2.571087e+00 2.168024e-02 8.713935e-02 4.932753e-01 6.381164e-01 -6.698476e-01 -7.252125e-01 4.570915e-01 1.439980e-01 -6.693197e-01 -1.181499e+00 4.184126e-01 1.811146e+00 8.440556e-01 -9.219651e-03
<VARIANCE> 39
 8.629447e+00 4.121768e+00 1.244478e+01 1.460926e+01 2.973818e+01 3.589791e+01 7.445144e+00 1.385921e+01 1.950355e+01 1.953902e+01 9.677337e+00 2.331293e+01 5.000000e-02 5.002773e-01 3.760546e-01 1.111457e+00 9.473900e-01 1.319535e+00 1.116717e+00 9.517744e-01 1.812650e+00 4.584488e+00 1.448020e+00 8.122643e+00 2.645035e+00 5.000000e-02 1.855022e-01 2.954460e-01 1.874058e-01 3.895934e-01 2.398787e-01 6.918619e-01 2.968124e-01 5.788531e-01 3.926048e-01 7.061858e-01 2.853440e-01 1.073553e+00 5.000000e-02
<GCONST> 8.716576e+01
<STATE> 6
<MEAN> 39
 -4.080404e+00 -1.462514e+01 -1.275523e+01 -2.947978e+01 9.266953e+00 -6.161343e+00 4.476631e+00 -1.445245e+00 6.847339e+00 1.661635e+01 -7.683366e+00 -3.161371e+00 9.482939e-01 6.419982e-01 7.223894e-01 1.064376e-01 -1.591045e+00 -3.752098e-01 1.342558e+00 6.304488e-02 -9.556899e-02 -2.020044e+00 -3.929192e-01 1.858648e+00 2.880848e+00 -1.406479e-02 6.299573e-03 -1.953529e-01 2.460940e-01 3.235635e-01 -6.283112e-01 -8.405854e-01 -1.414839e-01 5.705023e-01 -3.887625e-01 -1.104057e+00 -2.863991e-01 5.923722e-01 -5.129050e-03
<VARIANCE> 39
 7.422940e+00 2.915884e+00 5.690015e+00 1.434400e+01 1.469901e+01 3.700901e+01 2.766014e+01 1.721705e+01 2.063814e+01 7.390151e+00 2.575762e+01 4.403333e+01 5.000000e-02 3.846964e-01 3.609891e-01 8.058160e-01 4.303355e-01 1.293950e+00 2.813905e+00 1.528432e+00 1.510763e+00 1.404579e+00 3.800735e+00 1.681439e+00 1.403085e+00 5.000000e-02 8.962876e-02 5.000000e-02 1.529557e-01 1.583343e-01 2.470864e-01 4.582169e-01 1.285451e-01 3.499600e-01 4.163852e-01 2.609304e-01 4.738899e-01 8.743758e-01 5.000000e-02
<GCONST> 7.881272e+01
<STATE> 7
<MEAN> 39
 -2.434649e+00 -1.314903e+01 -1.059038e+01 -3.354343e+01 5.263151e+00 -8.737893e+00 4.004197e+00 -4.171306e-01 -1.271454e+00 8.202374e+00 -3.684809e+00 6.600236e+00 8.776388e-01 5.055901e-01 2.555402e-02 5.238463e-01 -5.334078e-01 -1.120388e+00 -9.910731e-01 -5.367827e-01 8.243386e-01 -1.505947e+00 -1.479201e+00 6.263908e-01 2.614598e+00 -4.833071e-03 1.728484e-01 -1.221004e-01 -3.430761e-01 4.707597e-01 -5.976224e-02 9.527244e-02 -1.038296e-01 1.483837e-01 4.807372e-01 5.973601e-01 -5.611750e-02 -1.628721e-01 8.266406e-03
<VARIANCE> 39
 5.111838e+00 3.811952e+00 6.603549e+00 8.947548e+00 1.252254e+01 3.401389e+01 4.409727e+01 1.555083e+01 4.775201e+00 7.083449e+00 2.080496e+01 2.028590e+01 5.000000e-02 9.310359e-01 3.286787e-01 4.994898e-01 3.303922e+00 9.506794e-01 1.485675e+00 3.936124e-01 4.012237e-01 6.553389e-01 1.341444e+00 8.441288e-01 2.088786e+00 5.000000e-02 1.904772e-01 9.429704e-02 1.589932e-01 1.972702e-01 8.019602e-02 2.898673e-01 1.304695e-01 1.415413e-01 1.031024e-01 9.006260e-02 2.152824e-01 1.963212e-01 5.000000e-02
<GCONST> 6.706647e+01
<STATE> 8
<MEAN> 39
 6.581426e-01 -1.343663e+01 -1.254291e+01 -3.232088e+01 1.017985e+00 -9.140856e+00 2.193949e+00 3.229164e+00 -3.699639e+00 8.407795e+00 -1.317365e+00 1.503141e+01 9.239447e-01 1.096494e+00 4.673009e-01 -8.132545e-01 1.474892e+00 -1.383358e+00 -5.885449e-01 7.300609e-02 1.148968e+00 7.209989e-01 3.371979e-01 -1.442560e-01 -5.518202e-01 7.824871e-03 -5.503062e-02 1.125213e-01 7.445737e-02 2.273914e-01 1.783481e-01 -1.368132e-01 2.579210e-01 1.752769e-01 3.954804e-01 -1.223427e-01 -5.916663e-01 -1.359281e+00 -7.031967e-03
<VARIANCE> 39
 9.229953e+00 6.887203e+00 6.234180e+00 2.419622e+01 3.009178e+01 2.663109e+01 5.962900e+01 2.287574e+01 1.332580e+01 1.230477e+01 1.112938e+01 1.350187e+01 5.000000e-02 1.011488e+00 7.746565e-01 9.585842e-01 1.701250e+00 1.285138e+00 1.198278e+00 1.041929e+00 2.873475e+00 1.854284e+00 5.718917e-01 1.590691e+00 6.018540e+00 5.000000e-02 1.264039e-01 1.139255e-01 2.802021e-01 4.729990e-01 2.999829e-01 3.108218e-01 2.556154e-01 4.418376e-01 2.660396e-01 2.502349e-01 1.329225e-01 4.667138e-01 5.000000e-02
<GCONST> 8.366187e+01
<STATE> 9
<MEAN> 39
 3.430917e+00 -1.153609e+01 -1.329422e+01 -2.686981e+01 -1.904578e+00 -1.236140e+01 3.693122e+00 9.373646e+00 2.834159e-02 7.211871e+00 -5.600208e+00 5.936149e+00 8.849570e-01 3.591219e-01 -2.680889e-01 -3.820322e-01 2.066516e-01 1.685877e-01 -3.194229e-01 3.836785e-01 3.866143e-01 -4.879584e-01 -1.734618e+00 -1.797323e+00 -1.892820e+00 -2.352509e-02 -1.070936e-01 -2.695573e-01 -1.827441e-01 -3.477179e-01 2.905996e-01 2.855070e-01 3.076296e-02 -9.550349e-01 -7.956499e-01 -4.968487e-01 2.963175e-02 5.206988e-01 -2.338144e-03
<VARIANCE> 39
 1.333929e+01 6.086754e+00 8.035188e+00 2.692218e+01 3.597264e+01 1.718946e+01 4.557802e+01 3.546755e+01 2.915890e+01 1.994586e+01 1.785908e+01 1.129982e+01 5.000000e-02 9.687709e-02 4.190968e-01 1.799141e+00 9.187915e-01 3.043088e+00 2.314913e+00 2.452517e+00 3.097888e+00 1.641744e+00 6.041377e-01 3.448421e-01 1.492422e+00 5.000000e-02 6.988913e-02 6.724060e-02 2.249393e-01 2.510602e-01 4.923918e-01 1.550927e-01 2.656948e-01 4.021627e-01 1.336080e-01 1.646673e-01 2.064187e-01 1.854621e-01 5.000000e-02
<GCONST> 7.843581e+01
<STATE> 10
<MEAN> 39
 3.552874e+00 -1.310529e+01 -1.469246e+01 -2.963135e+01 1.558275e+00 -1.218002e+01 3.634340e+00 3.971539e+00 -6.078096e+00 9.169049e-01 -1.047192e+01 5.195444e+00 8.216865e-01 1.017458e+00 -1.308435e-01 -1.404896e+00 1.550104e+00 -7.607265e-01 3.203539e-02 5.917380e-01 -1.578189e+00 -1.367185e+00 -1.832628e+00 1.192440e-01 -6.513512e-01 -1.976361e-02 1.500373e-01 2.333751e-01 -2.052490e-01 7.850851e-01 -5.842023e-01 3.915738e-01 -2.245379e-01 -1.372550e-01 2.837668e-01 1.953439e-01 9.877654e-01 -1.880651e-01 -5.176280e-03
<VARIANCE> 39
 8.187179e+00 8.079247e+00 2.458834e+01 1.696069e+01 2.599966e+01 3.520135e+00 2.883417e+01 2.005133e+01 3.946833e+01 1.234782e+01 7.536970e+00 2.465776e+00 5.000000e-02 2.509082e-01 5.333192e-01 9.515823e-01 2.002322e+00 2.398470e+00 9.766386e-01 1.492963e+00 1.325958e+00 7.750193e-01 9.896870e-01 1.951260e+00 7.068225e-01 5.000000e-02 5.000000e-02 1.438870e-01 4.688757e-01 2.384167e-01 5.681667e-01 1.693301e-01 5.341491e-01 1.378695e-01 3.860555e-01 7.891939e-02 5.094682e-02 1.977917e-01 5.000000e-02
<GCONST> 7.296252e+01
<STATE> 11
<MEAN> 39
 7.746726e+00 -1.199167e+01 -1.913526e+01 -2.027607e+01 -5.418191e+00 -8.512120e+00 4.138587e+00 1.585910e-01 -6.241246e+00 -2.984982e+00 -4.363640e+00 -1.119132e+00 7.127142e-01 8.685941e-02 4.404984e-01 1.545977e-01 1.645981e+00 -3.558303e-01 1.383033e+00 -8.307003e-01 -1.365461e+00 2.442031e-01 -7.486618e-01 1.178772e+00 -1.148328e+00 -5.034281e-02 -2.861763e-01 -4.689703e-03 6.101834e-01 3.823765e-02 3.571715e-01 -5.229584e-02 -1.098893e-01 1.284345e-01 6.685687e-01 3.354967e-01 1.651456e-02 2.163969e-01 -6.668571e-03
<VARIANCE> 39
 1.710649e+00 6.601144e+00 4.758988e+00 5.864017e+00 1.035289e+01 1.531430e+01 2.035333e+01 1.952377e+01 1.718498e+01 1.292918e+01 8.699192e+00 1.604209e+01 5.000000e-02 4.724378e-01 6.755121e-01 1.924855e+00 2.773494e+00 2.349102e+00 1.649971e+00 1.247458e+00 1.079553e+00 3.616385e+00 9.401196e-01 1.149085e+00 1.519943e+00 5.000000e-02 5.113335e-02 9.435607e-02 1.501514e-01 3.668115e-01 3.109301e-01 3.959738e-01 3.165067e-01 1.765803e-01 2.803390e-01 2.516350e-01 1.689349e-01 3.460279e-01 5.000000e-02
<GCONST> 7.509953e+01
<STATE> 12
<MEAN> 39
 5.661443e+00 -1.141703e+01 -1.443883e+01 -1.324543e+01 -3.058610e+00 -6.273917e+00 6.996355e-01 -3.691438e+00 -4.449054e-01 -3.666587e+00 -5.774786e-01 -1.686927e+00 4.951259e-01 -5.689095e-01 2.186573e-01 1.613783e+00 1.949930e+00 5.611211e-01 -2.134794e-01 -7.343508e-02 -3.074077e-02 1.622549e+00 4.450181e-01 7.912118e-01 1.018501e-01 -4.900731e-02 -1.607546e-01 2.549789e-02 -8.896577e-03 -3.268010e-01 7.369122e-02 -1.055546e-01 3.022079e-01 4.738419e-01 -3.722855e-01 1.836829e-01 -1.306639e-01 2.744539e-01 3.370826e-03
<VARIANCE> 39
 2.277364e+00 7.150024e+00 8.486297e+00 1.160946e+01 6.245212e+00 1.356930e+01 2.579420e+01 1.173828e+01 2.137210e+01 9.999976e+00 6.744072e+00 6.974274e+00 5.000000e-02 2.838308e-01 2.574897e-01 6.952069e-01 7.377757e-01 4.528266e-01 9.636100e-01 1.116619e+00 1.208925e+00 1.208759e+00 1.527250e+00 4.995090e-01 1.278844e+00 5.000000e-02 5.000000e-02 7.944351e-02 1.897034e-01 2.513612e-01 1.847744e-01 3.827992e-01 2.579732e-01 2.623539e-01 1.900558e-01 2.536605e-01 1.532581e-01 1.259936e-01 5.000000e-02
<GCONST> 6.489763e+01
<STATE> 13
<MEAN> 39
 2.651349e+00 -9.959166e+00 -9.182157e+00 -8.965549e+00 -5.840906e-01 -5.217808e+00 2.718730e+00 -1.615267e+00 2.762235e+00 -1.482345e+00 1.332078e+00 -6.967273e-01 2.922224e-01 -8.542224e-01 1.727394e-01 7.484038e-01 -1.158522e-01 -4.591837e-02 2.399508e-01 1.796071e-01 8.644267e-01 2.740650e-01 5.511988e-01 1.100256e+00 8.155828e-01 -3.769781e-02 1.635028e-01 -2.967245e-02 -3.098822e-01 -3.169902e-01 -2.259206e-01 -4.200624e-02 -2.698262e-01 -2.879584e-01 -3.500493e-01 4.522335e-02 8.880451e-02 -1.581664e-01 7.388358e-03
<VARIANCE> 39
 3.990261e+00 7.487736e+00 8.530828e+00 4.798242e+00 1.087266e+01 3.208939e+00 4.342513e+00 1.611459e+01 7.423649e+00 6.550132e+00 4.011013e+00 1.001323e+01 5.000000e-02 3.272245e-01 4.622679e-01 1.288320e+00 7.587352e-01 1.242475e+00 1.509674e+00 1.978773e+00 1.679806e+00 1.349456e+00 9.578246e-01 6.248952e-01 1.709699e-01 5.000000e-02 9.130085e-02 7.575557e-02 1.512628e-01 1.782444e-01 1.680557e-01 2.161425e-01 2.949019e-01 4.846527e-01 1.556222e-01 3.104259e-01 1.184570e-01 1.787993e-01 5.000000e-02
<GCONST> 6.238268e+01
<STATE> 14
<MEAN> 39
 1.067342e+00 -9.756393e+00 -9.289452e+00 -1.072060e+01 -3.265399e+00 -6.618893e+00 1.173799e+00 -1.821305e+00 1.355350e+00 8.009802e-01 5.563337e+00 6.799162e-01 2.378601e-01 -7.252649e-01 4.518065e-01 1.029290e+00 8.743872e-01 3.508447e-01 3.571438e-01 1.227932e-01 -4.671966e-01 -3.365326e-01 7.328205e-01 4.994497e-01 -5.784000e-01 -3.768066e-02 -9.572808e-02 1.112085e-01 3.406029e-01 3.279757e-01 1.751654e-01 2.066867e-01 2.355899e-01 3.724105e-02 1.137404e-02 -3.298237e-01 -4.428347e-01 -2.933546e-01 -1.842043e-03
<VARIANCE> 39
 4.643744e+00 7.401394e+00 1.603904e+01 8.884351e+00 1.386900e+01 7.981044e+00 8.509619e+00 1.207079e+01 7.247160e+00 7.651086e+00 3.207965e+00 4.047281e+00 5.000000e-02 8.244765e-01 4.755014e-01 7.489004e-01 5.738669e-01 6.260613e-01 1.001417e+00 1.039333e+00 2.007674e+00 9.469530e-01 9.177265e-01 6.249482e-01 9.428114e-01 5.000000e-02 7.214089e-02 6.043627e-02 1.321646e-01 1.406831e-01 1.291167e-01 2.535703e-01 2.125940e-01 2.295561e-01 1.486941e-01 2.007816e-01 8.725664e-02 7.701965e-02 5.000000e-02
<GCONST> 6.054942e+01
<STATE> 15
<MEAN> 39
 -1.339237e+00 -8.291717e+00 -3.816516e+00 -5.907574e+00 -3.979766e-01 -2.894470e+00 3.725247e+00 -1.551539e+00 7.356949e-01 -1.093958e+00 2.989763e+00 -2.206736e+00 1.496432e-01 -8.884231e-01 5.776794e-02 1.038428e+00 9.731025e-01 3.845314e-01 2.050742e-01 3.127986e-01 1.676182e-01 -3.363708e-01 -1.171164e+00 -7.314529e-01 -5.549054e-01 -2.764363e-02 5.602547e-02 -9.989583e-02 -3.263757e-01 -2.614470e-01 -7.386375e-02 -4.141961e-01 -2.312871e-01 1.261458e-01 7.051213e-02 -3.746737e-02 8.651648e-02 2.331503e-01 4.263371e-03
<VARIANCE> 39
 6.258341e+00 2.371529e+00 7.635182e+00 1.073737e+01 8.110318e+00 1.165648e+01 1.256053e+01 1.970977e+01 1.048589e+01 1.582418e+01 9.221583e+00 9.642660e+00 5.000000e-02 2.272671e-01 1.640942e-01 6.057174e-01 6.889083e-01 3.994164e-01 1.984213e+00 1.015493e+00 1.923044e+00 9.784192e-01 3.775548e-01 4.211455e-01 6.102926e-01 5.000000e-02 1.003497e-01 5.000000e-02 6.207999e-02 1.797430e-01 5.000000e-02 2.240680e-01 2.022218e-01 5.562925e-01 2.787802e-01 3.715449e-01 2.305631e-01 1.739949e-01 5.000000e-02
<GCONST> 6.142316e+01
<TRANSP> 16
 0.000000e+00 1.000000e+00 0.000000e+00 0.000000e+00 0.000000e+00 0.000000e+00 0.000000e+00 0.000000e+00 0.000000e+00 0.000000e+00 0.000000e+00 0.000000e+00 0.000000e+00 0.000000e+00 0.000000e+00 0.000000e+00
 0.000000e+00 7.064006e-01 2.935994e-01 0.000000e+00 0.000000e+00 0.000000e+00 0.000000e+00 0.000000e+00 0.000000e+00 0.000000e+00 0.000000e+00 0.000000e+00 0.000000e+00 0.000000e+00 0.000000e+00 0.000000e+00
 0.000000e+00 0.000000e+00 6.874812e-01 3.125189e-01 0.000000e+00 0.000000e+00 0.000000e+00 0.000000e+00 0.000000e+00 0.000000e+00 0.000000e+00 0.000000e+00 0.000000e+00 0.000000e+00 0.000000e+00 0.000000e+00
 0.000000e+00 0.000000e+00 0.000000e+00 6.666873e-01 3.333127e-01 0.000000e+00 0.000000e+00 0.000000e+00 0.000000e+00 0.000000e+00 0.000000e+00 0.000000e+00 0.000000e+00 0.000000e+00 0.000000e+00 0.000000e+00
 0.000000e+00 0.000000e+00 0.000000e+00 0.000000e+00 6.667231e-01 3.332769e-01 0.000000e+00 0.000000e+00 0.000000e+00 0.000000e+00 0.000000e+00 0.000000e+00 0.000000e+00 0.000000e+00 0.000000e+00 0.000000e+00
 0.000000e+00 0.000000e+00 0.000000e+00 0.000000e+00 0.000000e+00 7.617614e-01 2.382386e-01 0.000000e+00 0.000000e+00 0.000000e+00 0.000000e+00 0.000000e+00 0.000000e+00 0.000000e+00 0.000000e+00 0.000000e+00
 0.000000e+00 0.000000e+00 0.000000e+00 0.000000e+00 0.000000e+00 0.000000e+00 7.062716e-01 2.937284e-01 0.000000e+00 0.000000e+00 0.000000e+00 0.000000e+00 0.000000e+00 0.000000e+00 0.000000e+00 0.000000e+00
 0.000000e+00 0.000000e+00 0.000000e+00 0.000000e+00 0.000000e+00 0.000000e+00 0.000000e+00 7.056693e-01 2.943307e-01 0.000000e+00 0.000000e+00 0.000000e+00 0.000000e+00 0.000000e+00 0.000000e+00 0.000000e+00
 0.000000e+00 0.000000e+00 0.000000e+00 0.000000e+00 0.000000e+00 0.000000e+00 0.000000e+00 0.000000e+00 6.428453e-01 3.571547e-01 0.000000e+00 0.000000e+00 0.000000e+00 0.000000e+00 0.000000e+00 0.000000e+00
 0.000000e+00 0.000000e+00 0.000000e+00 0.000000e+00 0.000000e+00 0.000000e+00 0.000000e+00 0.000000e+00 0.000000e+00 5.833463e-01 4.166537e-01 0.000000e+00 0.000000e+00 0.000000e+00 0.000000e+00 0.000000e+00
 0.000000e+00 0.000000e+00 0.000000e+00 0.000000e+00 0.000000e+00 0.000000e+00 0.000000e+00 0.000000e+00 0.000000e+00 0.000000e+00 7.724523e-01 2.275477e-01 0.000000e+00 0.000000e+00 0.000000e+00 0.000000e+00
 0.000000e+00 0.000000e+00 0.000000e+00 0.000000e+00 0.000000e+00 0.000000e+00 0.000000e+00 0.000000e+00 0.000000e+00 0.000000e+00 0.000000e+00 7.236826e-01 2.763174e-01 0.000000e+00 0.000000e+00 0.000000e+00
 0.000000e+00 0.000000e+00 0.000000e+00 0.000000e+00 0.000000e+00 0.000000e+00 0.000000e+00 0.000000e+00 0.000000e+00 0.000000e+00 0.000000e+00 0.000000e+00 6.410969e-01 3.589032e-01 0.000000e+00 0.000000e+00
 0.000000e+00 0.000000e+00 0.000000e+00 0.000000e+00 0.000000e+00 0.000000e+00 0.000000e+00 0.000000e+00 0.000000e+00 0.000000e+00 0.000000e+00 0.000000e+00 0.000000e+00 6.430514e-01 3.569486e-01 0.000000e+00
 0.000000e+00 0.000000e+00 0.000000e+00 0.000000e+00 0.000000e+00 0.000000e+00 0.000000e+00 0.000000e+00 0.000000e+00 0.000000e+00 0.000000e+00 0.000000e+00 0.000000e+00 0.000000e+00 6.941536e-01 3.058464e-01
 0.000000e+00 0.000000e+00 0.000000e+00 0.000000e+00 0.000000e+00 0.000000e+00 0.000000e+00 0.000000e+00 0.000000e+00 0.000000e+00 0.000000e+00 0.000000e+00 0.000000e+00 0.000000e+00 0.000000e+00 0.000000e+00
<ENDHMM>
