~o
<STREAMINFO> 1 39
<VECSIZE> 39<NULLD><MFCC_E_D_A><DIAGC>
~h "Co"
<BEGINHMM>
<NUMSTATES> 33
<STATE> 2
<MEAN> 39
 -8.230494e+00 -7.536612e+00 -1.830516e+00 -5.998532e-01 1.985859e-01 -1.404317e+00 2.169910e+00 7.291633e-01 3.209806e+00 -3.718246e+00 2.681673e+00 7.825621e-01 -1.069021e-01 -3.257214e-01 -2.594427e-01 4.440413e-02 3.125289e-01 1.259129e-01 -1.036424e-01 -5.127171e-01 4.405881e-01 5.246006e-01 3.717527e-01 -4.054397e-01 1.725059e-01 4.934818e-02 -7.106703e-02 -4.690144e-01 -5.882056e-01 -4.815044e-01 5.127749e-01 -8.583479e-01 -4.924726e-01 1.785277e-01 9.705824e-02 2.907822e-01 -7.935043e-01 -1.323393e-01 3.742383e-02
<VARIANCE> 39
 5.752393e+00 2.890516e+00 8.689419e+00 3.670038e+00 1.419914e+01 2.375744e+01 1.159711e+01 1.140292e+01 1.800319e+01 1.076955e+01 8.978996e+00 2.263036e+01 5.000000e-02 3.151436e-01 6.625832e-01 1.697938e+00 6.684080e-01 1.012820e+00 9.749688e-01 1.930631e+00 1.289201e+00 1.260325e+00 2.900733e-01 1.414685e+00 9.893877e-01 5.000000e-02 5.351581e-02 1.428211e-01 1.106614e+00 2.788222e-01 6.785392e-01 2.974516e-01 3.743291e-01 4.924059e-01 2.311138e-01 1.406181e-01 5.007091e-01 2.431663e-01 5.000000e-02
<GCONST> 7.416649e+01
<STATE> 3
<MEAN> 39
 -7.331812e+00 -8.425559e+00 4.012926e-02 -1.460989e+00 1.436831e-01 -3.045589e+00 1.315912e+00 4.879863e-01 5.141445e+00 -3.296185e+00 -1.380896e-01 2.229801e+00 1.638310e-02 -2.522861e-01 -1.552468e+00 -3.007185e+00 -1.580761e+00 3.244072e+00 -3.278524e+00 -1.608073e+00 1.339923e+00 9.066843e-01 1.114346e+00 -2.899150e+00 -9.156647e-02 1.509003e-01 3.225850e-01 -4.475121e-01 -1.039592e+00 -7.075042e-01 4.502980e-01 -6.937256e-01 2.630653e-01 -1.360717e-01 -3.628734e-01 2.816848e-01 -4.384964e-01 -4.085581e-01 2.931069e-02
<VARIANCE> 39
 3.426968e+00 3.247769e+00 1.292653e+01 7.353872e+00 2.275000e+01 1.209955e+01 1.349660e+01 6.702428e+00 3.068572e+01 1.285012e+01 4.406621e+00 2.322843e+01 5.000000e-02 6.338815e-01 5.682516e-01 9.495420e+00 8.825195e-01 5.136083e+00 4.345356e+00 3.068744e+00 1.391243e+00 2.570268e+00 8.181474e-01 1.616035e+00 1.007376e+00 5.000000e-02 5.000000e-02 1.028836e-01 7.261480e-01 2.324469e-01 3.455623e-01 4.821044e-01 4.016091e-01 2.965365e-01 4.192039e-01 6.808557e-02 4.259031e-01 1.485808e-01 5.000000e-02
<GCONST> 7.998909e+01
<STATE> 4
<MEAN> 39
 -9.660591e+00 -1.378653e+01 -1.402828e+01 -6.115962e+00 1.007813e+01 -1.250027e+01 -5.753521e+00 5.843430e+00 5.683745e+00 8.312241e-01 -8.126045e+00 -4.258018e-01 5.454801e-01 7.347649e-01 -2.193928e+00 -4.117623e+00 -2.970809e+00 1.659122e+00 -2.680008e+00 1.026435e+00 2.396088e-01 -1.029749e-01 1.500912e+00 -2.662013e+00 -1.432515e+00 1.733005e-01 4.816447e-01 2.018113e-02 5.284395e-01 3.475023e-02 -7.412047e-01 9.307199e-01 1.745189e+00 -1.192392e+00 -6.606690e-01 -3.115959e-01 1.137422e+00 -6.170698e-01 -2.632611e-02
<VARIANCE> 39
 1.884086e+01 1.436293e+01 6.032422e+01 8.764452e+00 3.774788e+01 1.092394e+02 1.609838e+01 7.172361e+00 3.530505e+01 1.662704e+01 1.271918e+01 1.032661e+01 6.644854e-02 8.729760e-01 1.154920e+00 3.896717e+00 1.924788e+00 9.907357e-01 2.987283e+00 3.238677e+00 2.045505e+00 1.654195e+00 7.919007e-01 3.303796e+00 1.051494e+00 5.000000e-02 1.326832e-01 2.734927e-01 7.673926e-01 4.125963e-01 6.896861e-01 1.703970e+00 7.074094e-01 3.955048e-01 9.226959e-01 2.332696e-01 4.462576e-01 1.293687e-01 5.000000e-02
<GCONST> 9.571955e+01
<STATE> 5
<MEAN> 39
 -5.644515e+00 -1.344436e+01 -8.882740e+00 -9.045084e+00 5.663051e+00 -1.118507e+01 2.971100e+00 9.842140e-01 3.693802e+00 1.295705e+00 -6.909845e+00 -1.029105e+00 3.908354e-01 7.382802e-01 -1.023327e+00 -9.051149e-01 -6.086591e-01 -2.113669e-01 5.409322e-01 2.655031e+00 -1.525696e+00 -1.584643e+00 -3.844475e-01 5.354987e-01 -1.245717e+00 4.490910e-02 -2.243763e-01 2.431809e-01 2.584023e-01 5.971412e-01 -2.115882e-01 8.872208e-01 2.627790e-04 -4.736744e-01 -1.646624e-01 -4.838930e-01 6.321560e-01 1.491861e-01 -2.188902e-02
<VARIANCE> 39
 1.657142e+01 2.954667e+01 1.234301e+02 4.367775e+01 2.852202e+01 5.036323e+01 3.984679e+01 2.305626e+01 2.133869e+01 1.713352e+01 4.076116e+01 4.185609e+01 2.145041e-01 1.323064e+00 1.681523e+00 1.358381e+00 2.304755e+00 1.068278e+00 4.306190e+00 6.639970e+00 4.914018e+00 3.183032e+00 1.894517e+00 1.807655e+00 2.436552e+00 5.000000e-02 1.698464e-01 3.698337e-01 3.844967e-01 4.037194e-01 3.462597e-01 4.511549e-01 3.414028e-01 7.979613e-01 3.297521e-01 1.725740e-01 8.438373e-01 4.726644e-01 5.000000e-02
<GCONST> 1.050277e+02
<STATE> 6
<MEAN> 39
 -5.609046e+00 -1.992785e+01 -2.011792e+01 -1.041347e+01 8.909771e+00 -9.444746e+00 8.750350e+00 -5.168195e+00 -4.767397e-01 -1.372246e+00 -5.454257e+00 -8.056820e+00 8.278066e-01 3.200952e-01 -3.583821e-01 -2.087143e+00 7.827934e-01 1.390687e-01 1.655697e+00 1.079233e+00 -2.919101e+00 -1.626806e+00 -1.647865e-01 1.567216e+00 -7.676547e-01 3.569045e-02 -1.450454e-01 6.611673e-01 1.850688e-01 4.006340e-01 -2.905241e-02 1.390731e-01 -8.657690e-01 2.710568e-01 1.637951e-01 6.890796e-01 -1.759073e-01 6.888678e-01 -1.415040e-02
<VARIANCE> 39
 1.024125e+01 1.359539e+01 7.319915e+01 2.729579e+01 2.883784e+01 2.632585e+01 3.443510e+01 1.134498e+01 3.957800e+01 1.783076e+01 8.503991e-01 8.675950e+00 1.128511e-01 3.046362e-01 1.803561e+00 2.293867e+00 1.001940e+00 7.690422e-01 8.912982e-01 1.686597e+00 9.271359e-01 1.681957e+00 1.199798e+00 8.263644e-01 1.813283e+00 5.000000e-02 5.000000e-02 2.763476e-01 3.594058e-01 3.362825e-01 1.511679e-01 3.489769e-01 2.719314e-01 1.472771e-01 4.949314e-01 3.685246e-01 1.538254e-01 5.055285e-02 5.000000e-02
<GCONST> 7.949417e+01
<STATE> 7
<MEAN> 39
 -6.274915e+00 -1.571439e+01 -1.566806e+01 -7.517591e+00 6.908938e+00 -4.805850e+00 5.862619e+00 -5.949524e+00 -2.178206e+00 -4.546148e-01 -3.538484e+00 -2.724124e+00 5.718940e-01 -3.361865e-01 -7.555744e-02 -1.810296e+00 -2.279945e-01 1.171891e+00 2.447064e-01 1.902361e-01 -8.380475e-01 -7.440879e-01 1.935283e+00 -5.534528e-01 1.317854e+00 7.539149e-02 -2.422012e-02 5.146286e-02 -1.389109e-02 -4.746023e-01 2.067145e-02 -6.036969e-01 -1.768557e-01 6.026934e-01 5.764421e-01 3.842177e-01 -3.953454e-01 5.948737e-02 1.032152e-02
<VARIANCE> 39
 1.593088e+01 2.497764e+01 1.677071e+02 3.048928e+01 3.798829e+01 2.862304e+01 5.526575e+01 1.801443e+01 3.741066e+01 1.657755e+01 7.945629e+00 6.265927e+01 2.469300e-01 9.461515e-01 2.346105e+00 1.429809e+00 1.750057e+00 4.031275e+00 3.876896e+00 1.300509e+00 3.538828e+00 6.558771e-01 1.449714e+00 2.496167e+00 2.793152e+00 5.000000e-02 1.183290e-01 2.729178e-01 9.159313e-01 5.000000e-02 5.154983e-01 5.492527e-01 2.600818e-01 2.673625e-01 2.834804e-01 3.508406e-01 1.864712e-01 1.194423e+00 5.000000e-02
<GCONST> 9.897584e+01
<STATE> 8
<MEAN> 39
 -7.074968e+00 -1.940752e+01 -2.189546e+01 -1.116848e+01 8.788041e+00 -9.458412e+00 6.568675e+00 -6.054058e+00 7.357030e-01 1.977599e+00 -6.717247e+00 -4.487070e+00 8.305121e-01 5.268264e-01 -8.603128e-02 -1.836352e+00 -4.786519e-01 -2.289563e-01 1.131073e+00 1.427985e+00 -1.835447e+00 6.946251e-01 4.913630e-01 1.375480e+00 -2.219352e+00 6.164880e-02 3.779283e-02 2.843024e-01 6.381276e-01 1.942498e-01 -1.010592e-01 7.947534e-01 9.262888e-03 -1.191418e-01 2.744673e-01 -1.499474e-01 3.959252e-01 7.223977e-02 -1.847769e-02
<VARIANCE> 39
 2.118492e+01 8.711936e+00 3.815830e+01 3.614439e+01 9.996966e+00 1.270580e+01 7.315920e+01 5.036528e+01 4.041561e+01 1.885755e+01 2.955051e+01 9.015249e+01 5.000000e-02 2.285234e-01 2.057896e+00 4.194687e+00 3.400913e+00 1.090594e+00 9.024817e+00 1.289879e+00 1.707760e+00 1.382667e+00 2.325763e+00 4.433435e+00 8.843768e+00 5.000000e-02 1.488294e-01 1.697330e-01 1.975696e-01 7.325985e-01 4.568222e-01 1.010704e+00 5.794811e-01 8.210416e-01 1.645921e-01 5.911852e-01 1.192629e+00 2.759801e+00 5.000000e-02
<GCONST> 1.042686e+02
<STATE> 9
<MEAN> 39
 -5.550908e+00 -1.814586e+01 -2.442896e+01 -8.498174e+00 7.762364e+00 8.239563e-01 9.846251e+00 -1.343714e+01 5.129877e-01 1.876654e+00 -2.195529e+00 -8.049949e+00 9.674435e-01 -1.656678e-01 4.335398e-01 4.275714e-01 -4.897905e-01 4.992114e-02 1.682755e+00 2.519655e-01 -6.647081e-01 2.191947e-01 -3.723602e-02 3.876477e-01 4.005881e-01 3.870782e-05 -4.171426e-02 -1.474279e-01 1.600368e-01 -1.922743e-01 -3.820632e-02 -3.239781e-01 -1.563186e-01 1.628150e-01 9.415687e-02 -2.953247e-01 -1.934393e-01 8.511819e-02 -3.117220e-03
<VARIANCE> 39
 6.006277e+00 3.036799e+00 6.072364e+00 1.954136e+01 4.591095e+00 2.402950e+01 1.567752e+01 4.684137e+00 2.783393e+01 2.058847e+01 3.378564e+00 1.101146e+01 5.000000e-02 2.086191e-01 3.863066e-01 6.946260e-01 7.436776e-01 2.844553e-01 6.494912e-01 1.860770e-01 5.623860e-01 2.641292e-01 1.488789e+00 2.444179e-01 2.758158e-01 5.000000e-02 5.000000e-02 7.391765e-02 1.380587e-01 1.648961e-01 1.057574e-01 2.557413e-01 5.000000e-02 1.372710e-01 1.756690e-01 4.319410e-01 1.706107e-01 1.260427e-01 5.000000e-02
<GCONST> 5.418912e+01
<STATE> 10
<MEAN> 39
 -1.731941e+00 -1.652657e+01 -2.423161e+01 -1.576922e+01 1.098873e+01 -1.825456e+00 1.582067e+01 -1.390501e+01 -4.203196e+00 5.850345e+00 7.774390e-02 -5.859493e+00 9.746503e-01 1.361860e-01 -3.058228e-01 -1.485156e-01 -3.566135e-01 -7.880436e-01 7.925179e-01 8.986396e-02 -1.642664e+00 1.038257e+00 -1.676872e-01 4.232819e-01 1.679968e-01 -9.405889e-04 -9.424954e-02 -2.311466e-01 -6.997363e-02 1.373425e-01 -2.670716e-01 -1.357134e-01 -5.167474e-02 -1.057005e-01 2.758568e-01 -4.414325e-01 -1.120870e-01 -2.282699e-01 -1.523915e-03
<VARIANCE> 39
 1.429504e+01 2.707935e+00 7.650004e+00 6.553809e+01 6.926413e+00 1.846146e+01 3.626079e+01 1.139219e+01 3.839706e+01 3.757005e+01 2.978643e+00 2.260435e+01 5.000000e-02 2.042110e-01 2.028024e-01 6.524028e-01 2.275316e-01 1.338183e+00 2.966777e-01 2.001095e-01 1.389248e+00 1.252117e+00 1.037570e+00 7.219533e-01 4.460505e-01 5.000000e-02 5.000000e-02 5.000000e-02 2.049132e-01 1.262157e-01 2.062945e-01 9.990659e-02 9.242387e-02 2.911730e-01 6.759986e-02 1.066526e-01 5.000000e-02 6.410027e-02 5.000000e-02
<GCONST> 5.893597e+01
<STATE> 11
<MEAN> 39
 -4.379449e+00 -1.758609e+01 -2.535893e+01 -1.228625e+01 6.083766e+00 1.856407e+00 1.282805e+01 -1.847246e+01 2.097087e+00 1.695476e+00 -7.507989e-01 -8.160748e+00 9.496571e-01 -8.975969e-02 -6.300864e-02 1.923316e-01 8.838716e-02 -2.168849e-01 9.562629e-01 -1.416632e-02 -8.770617e-01 1.489506e+00 -9.678327e-01 -2.490094e-02 -3.684233e-02 -1.771049e-03 -2.491242e-02 -8.428438e-02 -1.054300e-02 2.140842e-02 3.860625e-01 -1.568930e-01 3.191834e-02 4.148139e-01 -4.235349e-02 3.824915e-02 2.055113e-02 3.134817e-02 2.839154e-03
<VARIANCE> 39
 1.475933e+01 1.029070e+00 4.076935e+00 3.555128e+01 2.985521e+00 1.296818e+01 2.446281e+01 1.678514e+01 9.003099e+00 2.808726e+01 1.407156e+01 1.749974e+01 5.000000e-02 1.480213e-01 8.102836e-02 4.130447e-01 3.458794e-01 9.005359e-01 1.321466e-01 7.160504e-01 1.023159e+00 1.052313e+00 5.432120e-01 6.749206e-01 1.028037e+00 5.000000e-02 5.000000e-02 5.000000e-02 1.419133e-01 9.808858e-02 1.826012e-01 5.000000e-02 5.000000e-02 3.798496e-01 1.160214e-01 1.328463e-01 8.339226e-02 5.000000e-02 5.000000e-02
<GCONST> 5.278802e+01
<STATE> 12
<MEAN> 39
 -4.696184e+00 -1.804495e+01 -2.392878e+01 -1.181546e+01 7.780723e+00 3.990886e+00 1.264338e+01 -1.805756e+01 5.803843e+00 7.507527e-01 -1.434744e-01 -6.254161e+00 9.610120e-01 -1.854957e-01 -5.520135e-01 5.512378e-02 -5.539054e-01 4.023456e-01 2.565941e-01 2.389899e-02 1.632610e-01 4.057423e-01 -4.846120e-01 1.756386e-01 -1.366589e-02 6.142678e-03 -2.832634e-02 6.148247e-02 -7.548677e-02 -2.477386e-02 5.287099e-02 -1.260370e-01 -1.373440e-01 1.712336e-01 -4.192255e-01 3.448749e-02 -1.134167e-02 -3.185422e-01 -3.858854e-04
<VARIANCE> 39
 8.598453e+00 3.184802e+00 4.891651e+00 3.227902e+01 1.072870e+01 1.552175e+01 2.541308e+01 8.707739e+00 8.915544e+00 1.606390e+01 1.665614e+01 1.264139e+01 5.000000e-02 1.076100e-01 2.183872e-01 5.123498e-01 7.063448e-01 4.674348e-01 3.406893e-01 3.210983e-01 1.340850e+00 1.180722e+00 1.208166e+00 4.574994e-01 2.887450e-01 5.000000e-02 5.000000e-02 5.000000e-02 9.683463e-02 1.327494e-01 1.160597e-01 1.139898e-01 5.402046e-02 1.692296e-01 2.359185e-01 7.506041e-02 2.194865e-01 1.078853e-01 5.000000e-02
<GCONST> 5.563206e+01
<STATE> 13
<MEAN> 39
 -6.973641e+00 -2.002774e+01 -2.440395e+01 -1.348078e+01 7.431230e+00 6.671034e+00 9.371059e+00 -1.732471e+01 5.710588e+00 -9.921556e-01 -1.372185e+00 -7.126587e+00 9.795298e-01 -1.402239e-01 2.885737e-01 -1.241574e-01 -2.311403e-01 4.285049e-01 4.325420e-01 -4.910366e-01 -4.096211e-01 -7.215922e-02 -5.983073e-01 1.754634e-01 -9.010608e-01 1.951647e-03 1.988534e-02 2.093075e-01 9.736715e-03 2.100669e-01 6.859229e-02 -2.711898e-01 4.594272e-02 -1.709771e-02 1.897958e-02 -2.247248e-01 -1.074917e-01 -1.454328e-01 -3.357335e-03
<VARIANCE> 39
 4.696934e+00 2.726623e+00 6.226401e+00 1.485948e+01 4.485840e+00 1.872225e+01 2.577256e+01 5.177361e+00 7.723234e+00 2.802170e+00 8.303774e+00 6.147315e+00 5.000000e-02 6.521015e-02 1.240474e-01 1.902005e-01 6.489009e-01 7.135409e-01 1.451247e+00 1.769423e-01 9.265818e-01 6.720408e-01 1.298061e+00 7.978605e-01 8.828337e-01 5.000000e-02 5.000000e-02 9.633794e-02 1.014955e-01 1.622232e-01 5.000000e-02 1.462701e-01 1.095556e-01 1.401357e-01 3.009380e-01 2.324547e-01 6.587943e-02 5.000000e-02 5.000000e-02
<GCONST> 5.001712e+01
<STATE> 14
<MEAN> 39
 -5.854381e+00 -1.761189e+01 -2.380335e+01 -1.200780e+01 9.624695e+00 5.857510e+00 1.023540e+01 -2.023055e+01 6.116506e+00 -3.138177e+00 1.768341e-01 -1.106142e+01 9.679629e-01 -1.347394e-01 4.772571e-01 1.273394e-01 8.413168e-01 2.858885e-01 -5.679185e-01 1.167005e-01 4.150081e-01 4.569409e-01 -1.429200e+00 -6.899600e-01 -5.488445e-01 -1.166185e-02 3.780695e-02 -6.273948e-02 -5.521240e-02 1.474901e-01 -8.897336e-02 -1.059971e-01 -6.266575e-02 4.987848e-01 -1.451117e-01 -5.222010e-02 -2.055795e-01 4.854707e-01 -2.270530e-03
<VARIANCE> 39
 6.135363e+00 1.237405e+00 1.822454e+00 1.637618e+01 6.421428e+00 1.577800e+01 2.811896e+01 5.997970e+00 2.264619e+01 1.735514e+01 1.347112e+01 5.901014e+00 5.000000e-02 6.052105e-02 2.332402e-01 4.011916e-01 1.126155e+00 5.954679e-01 2.498457e-01 5.761949e-01 1.579411e+00 1.837757e+00 8.326124e-01 6.253229e-01 8.676616e-01 5.000000e-02 5.000000e-02 5.000000e-02 5.000000e-02 1.237595e-01 1.736810e-01 3.106679e-01 1.066581e-01 6.506082e-02 2.841298e-01 3.223195e-01 1.849319e-01 1.221836e-01 5.000000e-02
<GCONST> 5.582088e+01
<STATE> 15
<MEAN> 39
 -4.369808e+00 -1.769660e+01 -2.586729e+01 -1.233685e+01 1.207161e+01 -4.003358e-01 1.281420e+01 -1.669547e+01 3.579854e+00 -5.884408e+00 -1.208604e+00 -1.247385e+01 9.350230e-01 1.413225e-01 1.745076e-01 -3.997687e-01 -1.009188e-01 7.400237e-01 -1.247084e+00 -9.076374e-01 1.024522e+00 -7.405306e-01 -1.580163e+00 2.164254e-01 1.912711e-01 -6.618374e-03 1.774651e-01 2.029326e-01 6.116502e-03 -2.350023e-01 -2.690718e-02 1.818468e-01 -1.506394e-01 -9.015412e-02 -2.952709e-01 2.526712e-01 5.997409e-01 3.359564e-01 -2.330999e-04
<VARIANCE> 39
 7.392816e+00 2.407073e+00 6.802744e+00 2.909852e+01 1.094686e+01 2.130143e+01 1.327204e+01 1.302445e+01 2.032363e+01 1.031532e+01 4.590428e+00 1.920835e+01 5.000000e-02 8.194147e-02 6.108435e-01 4.366421e-01 6.378598e-01 6.200436e-01 7.111329e-01 5.642147e-01 8.093722e-01 8.588257e-01 5.128416e-01 1.441696e+00 6.205918e-01 5.000000e-02 5.000000e-02 1.456730e-01 5.000000e-02 2.450956e-01 1.619636e-01 2.149327e-01 1.149614e-01 1.309787e-01 1.675753e-01 2.143760e-01 1.084301e-01 1.060919e-01 5.000000e-02
<GCONST> 5.981004e+01
<STATE> 16
<MEAN> 39
 -5.161989e+00 -1.591099e+01 -2.512072e+01 -1.270688e+01 1.181883e+01 1.849677e+00 8.801093e+00 -1.413489e+01 3.453907e+00 -8.595742e+00 1.011437e+00 -8.402013e+00 9.258803e-01 5.992143e-01 7.702584e-01 -5.133622e-03 4.853672e-01 9.170205e-02 6.068243e-01 -6.407745e-01 2.438154e-01 -7.450178e-01 5.670820e-02 1.056740e+00 6.682197e-01 -1.244532e-02 1.776195e-03 -2.725139e-01 2.259342e-01 -5.554422e-02 -3.413773e-03 3.667154e-01 -1.139950e-01 -3.389438e-01 1.468112e-01 3.905955e-01 -3.848092e-02 -2.491034e-01 -1.760460e-03
<VARIANCE> 39
 1.246580e+01 7.158515e+00 1.552459e+01 1.953632e+01 1.878484e+01 4.886967e+01 7.582943e+00 1.568578e+01 3.222051e+01 3.190948e+00 2.315686e+01 1.262642e+01 5.000000e-02 1.355859e-01 9.119928e-01 3.614100e-01 1.728654e+00 8.759805e-01 6.500848e-01 1.557476e+00 1.384290e+00 6.816315e-01 6.914339e-01 5.149308e-01 1.117699e+00 5.000000e-02 5.000000e-02 2.094616e-01 2.534778e-01 1.899212e-01 6.152870e-02 2.815638e-01 1.935009e-01 3.319083e-01 2.937214e-01 2.205936e-01 3.296675e-01 1.062392e-01 5.000000e-02
<GCONST> 7.066579e+01
<STATE> 17
<MEAN> 39
 -5.046049e+00 -1.643400e+01 -2.419083e+01 -1.052927e+01 1.043215e+01 4.999440e+00 5.695343e+00 -1.717324e+01 3.611316e+00 -8.387299e+00 9.835684e-01 -7.940251e+00 8.882054e-01 2.095231e-01 -2.210235e-01 3.772971e-01 -3.181798e-01 6.356075e-01 3.314182e-01 -8.318309e-01 5.991927e-01 -3.167627e-01 -6.717591e-01 8.072428e-01 -2.075120e-01 -1.863712e-02 -2.814595e-01 -3.834504e-01 2.437829e-01 -2.165875e-01 9.326145e-02 7.478040e-02 -3.879155e-01 4.816186e-01 3.335768e-01 -4.032121e-02 -3.381001e-01 -1.342338e-02 -4.374317e-03
<VARIANCE> 39
 6.501761e+00 5.091289e+00 6.147398e+00 1.363572e+01 1.238780e+01 1.801503e+01 2.065473e+01 1.778809e+01 4.993032e+00 9.258350e+00 7.377242e+00 9.303874e+00 5.000000e-02 4.811173e-01 6.979426e-01 8.774773e-01 1.410378e+00 6.794155e-01 6.538607e-01 4.313160e-01 1.429316e+00 1.471793e+00 1.217557e+00 6.896135e-01 8.932063e-01 5.000000e-02 1.599400e-01 1.278087e-01 6.655317e-02 4.277169e-01 2.163084e-01 1.220583e-01 3.399682e-01 2.277862e-01 1.262190e-01 2.873580e-01 1.795827e-01 2.556526e-01 5.000000e-02
<GCONST> 6.788108e+01
<STATE> 18
<MEAN> 39
 -2.796598e+00 -1.611985e+01 -2.455727e+01 -1.364824e+01 1.384695e+01 1.157029e+00 6.184710e+00 -1.284815e+01 -2.161077e-01 -8.679883e+00 3.649373e+00 -1.006468e+01 8.601744e-01 -8.499659e-01 -1.495305e+00 1.241096e+00 -1.200852e+00 7.411678e-01 3.823114e-01 -2.405223e+00 1.444553e+00 7.066486e-02 4.475892e-01 -8.015580e-01 8.005912e-02 -2.595029e-02 -1.222092e-01 -4.208748e-01 1.399980e-01 8.188316e-02 -2.374090e-01 -7.426883e-02 -4.243311e-01 3.480679e-01 8.515947e-02 4.381574e-01 -6.688136e-01 -1.717888e-01 -1.101727e-02
<VARIANCE> 39
 1.243879e+01 9.225654e+00 1.440510e+01 1.804842e+01 2.000284e+01 1.704684e+01 2.101303e+01 1.636042e+01 3.139098e+01 9.310726e+00 4.629495e+00 1.105023e+01 5.000000e-02 3.571404e-01 4.253268e-01 3.658273e-01 1.516578e+00 1.175171e+00 7.324616e-01 2.350662e+00 2.613545e+00 1.216228e+00 5.626656e-01 6.469702e-01 1.014937e+00 5.000000e-02 2.139775e-01 3.486797e-01 1.608846e-01 4.675706e-01 3.303187e-01 1.757459e-01 2.069035e-01 1.697728e-01 1.251718e-01 1.303413e-01 2.058756e-01 2.366889e-01 5.000000e-02
<GCONST> 7.415462e+01
<STATE> 19
<MEAN> 39
 -6.600905e+00 -2.000068e+01 -2.113333e+01 -1.534239e+01 1.543772e+01 3.867057e+00 -2.588529e-01 -1.017339e+01 3.034847e+00 -9.001664e+00 7.257673e-01 -9.250108e+00 7.949610e-01 -1.077113e-01 -1.240969e+00 1.071044e+00 6.213341e-02 -5.486493e-01 7.672158e-01 -2.388841e+00 2.231346e+00 2.058369e-01 1.319966e+00 -1.695030e+00 7.152198e-02 -5.559812e-02 8.847339e-01 1.394498e-01 -3.558948e-01 7.343236e-01 -8.490912e-01 1.185872e-02 7.470621e-01 -2.194288e-01 -2.138197e-01 4.366257e-01 -1.143960e-01 2.611600e-01 -1.430279e-02
<VARIANCE> 39
 1.406676e+01 2.612072e+00 7.298840e+00 2.132624e+01 2.562629e+01 2.940945e+01 4.142055e+01 1.313761e+01 2.579952e+01 1.736811e+01 6.325783e+00 9.362384e+00 5.000000e-02 2.127399e+00 8.490371e-01 5.281566e-01 1.963767e+00 1.563783e+00 8.994060e-01 5.686586e-01 2.093154e+00 1.101263e+00 2.175855e-01 5.421866e-01 8.601837e-01 5.000000e-02 1.601405e-01 6.039684e-02 1.271773e-01 5.396014e-01 4.408962e-01 1.457384e-01 5.436878e-01 4.911296e-01 5.308734e-01 2.287643e-01 1.486585e-01 1.688749e-01 5.000000e-02
<GCONST> 7.622778e+01
<STATE> 20
<MEAN> 39
 -3.385770e+00 -2.150477e+01 -1.931997e+01 -1.286813e+01 1.075722e+01 6.539318e+00 -3.367968e+00 -4.830737e+00 2.179872e+00 -3.861567e+00 -2.512850e+00 -8.455285e+00 6.284978e-01 2.718104e+00 -9.309716e-01 -2.131935e-01 1.593260e+00 -2.184800e+00 3.367009e-01 9.115827e-01 2.699929e-01 -1.243604e-01 1.255550e+00 -7.739999e-01 1.235116e+00 -7.975594e-02 4.788695e-01 2.482344e-01 -5.252087e-01 3.889623e-01 -8.999382e-02 -4.923458e-01 9.134251e-01 -8.774887e-01 -4.650447e-02 -3.449312e-01 4.706202e-01 2.656003e-01 2.707010e-03
<VARIANCE> 39
 2.215055e+01 5.621356e+00 4.051435e+00 4.313274e+00 1.402935e+01 3.280516e+01 2.039237e+01 1.495626e+01 3.995747e+01 9.104911e+00 4.873768e+00 1.589282e+01 5.000000e-02 9.249571e-01 3.825627e-01 5.217632e-01 2.401949e+00 3.065052e+00 1.284141e+00 3.170466e+00 1.926376e+00 1.829849e+00 1.123323e+00 5.049734e-01 8.786398e-01 5.000000e-02 4.839282e-01 1.354371e-01 1.095475e-01 2.111218e-01 2.290345e-01 3.953737e-01 4.211698e-01 3.428580e-01 1.346036e-01 8.815975e-02 5.000000e-02 1.688406e-01 5.000000e-02
<GCONST> 7.471073e+01
<STATE> 21
<MEAN> 39
 3.420142e+00 -2.241822e+01 -2.058621e+01 -6.792407e+00 7.565920e+00 4.721002e+00 3.522468e+00 -8.082524e+00 8.470217e-01 -4.202309e+00 -2.247778e+00 -5.148069e+00 5.006644e-01 1.087622e+00 2.986248e-01 -3.508677e-01 1.124770e+00 -6.414172e-01 -1.005323e+00 6.623995e-01 -6.128660e-01 -3.420031e-01 2.495789e-01 5.779501e-01 7.809329e-01 -3.681543e-02 -6.659942e-01 1.986966e-01 1.103875e-01 -5.713161e-01 4.085669e-01 -1.513669e-01 -4.834196e-01 -9.679078e-02 1.479230e-01 -1.606752e-01 2.122276e-01 -1.278020e-01 1.315476e-02
<VARIANCE> 39
 1.391382e+00 6.485900e+00 1.634362e+01 8.350266e+00 5.332476e+00 8.619630e+00 7.993765e+00 6.608924e+00 2.590116e+01 7.983234e+00 1.363972e+01 7.816202e+00 5.000000e-02 1.088108e+00 8.254405e-01 1.562359e+00 1.003305e+00 1.363238e+00 1.774679e+00 2.116788e+00 8.455094e-01 2.231635e+00 4.456068e-01 5.681726e-01 5.260477e-01 5.000000e-02 7.596470e-02 2.755423e-01 3.455713e-01 9.843412e-02 2.904615e-01 2.232082e-01 5.629848e-01 1.751646e-01 3.541268e-01 1.692673e-01 3.488831e-01 1.371895e-01 5.000000e-02
<GCONST> 7.004253e+01
<STATE> 22
<MEAN> 39
 2.485685e+00 -2.246732e+01 -2.195335e+01 -8.864927e+00 5.970284e+00 1.375972e+00 -2.692443e-01 -9.672303e+00 2.658947e+00 -3.096282e+00 -1.409136e+00 -3.781036e+00 4.281686e-01 -3.280420e-01 -1.178075e-01 9.348934e-03 -4.342537e-01 -1.781526e-02 -1.620227e-01 -9.623021e-01 5.692797e-02 -2.810550e-03 3.399701e-01 1.539092e-01 4.576837e-01 -1.388254e-02 -2.414390e-01 1.297370e-01 5.328903e-01 8.480752e-02 3.126103e-01 3.471460e-01 -4.825288e-02 3.920968e-01 -1.543179e-01 -5.290075e-02 7.049209e-02 -1.784516e-01 5.913211e-03
<VARIANCE> 39
 8.803098e-01 4.252316e+00 1.281239e+01 4.988226e+00 6.379247e+00 1.001952e+01 2.514257e+01 1.822483e+01 8.993544e+00 9.210855e+00 6.891877e+00 7.160425e+00 5.000000e-02 3.003205e-01 6.092176e-01 1.298480e+00 3.976208e-01 2.429740e-01 9.962993e-01 9.403986e-01 7.500353e-01 1.837223e+00 8.322480e-01 9.959521e-01 1.471661e+00 5.000000e-02 7.780248e-02 1.258201e-01 3.892682e-01 1.501699e-01 6.729122e-02 2.624570e-01 3.526760e-01 1.273610e-01 1.708914e-01 1.282120e-01 6.508219e-02 5.000000e-02 5.000000e-02
<GCONST> 5.929412e+01
<STATE> 23
<MEAN> 39
 2.489234e+00 -2.141143e+01 -2.056627e+01 -8.547814e+00 7.734323e+00 2.941573e+00 -4.793013e-01 -7.662988e+00 3.062582e-01 -2.471860e+00 1.868347e-01 -3.333729e+00 4.166676e-01 4.218378e-02 6.553330e-01 1.346351e+00 9.957323e-01 2.097213e-01 -3.697400e-01 -3.417561e-01 2.980731e-01 -2.012765e-01 1.008756e-01 5.783970e-01 2.938687e-01 -1.625694e-02 1.397589e-01 2.759403e-01 4.442998e-01 4.948019e-01 9.218209e-02 -9.426977e-02 2.538478e-01 2.123027e-02 -1.220524e-01 -2.544851e-01 -7.443420e-02 -5.731723e-02 -4.962052e-04
<VARIANCE> 39
 3.650276e+00 6.376958e+00 8.644574e+00 3.255349e+00 3.425759e+00 1.171193e+01 9.660303e+00 5.847310e+00 1.224118e+01 8.419491e+00 5.681125e+00 1.201473e+01 5.000000e-02 3.220011e-01 7.041548e-01 3.215574e+00 1.534878e+00 2.081395e-01 3.481431e-01 5.047826e-01 1.264233e+00 5.718433e-01 6.561434e-01 4.403281e-01 5.476133e-01 5.000000e-02 1.018613e-01 1.751605e-01 2.973965e-01 1.390308e-01 1.342161e-01 2.215634e-01 7.733501e-02 3.787609e-01 2.015360e-01 1.093755e-01 1.620464e-01 4.672899e-01 5.000000e-02
<GCONST> 5.974208e+01
<STATE> 24
<MEAN> 39
 2.810031e+00 -1.986789e+01 -1.736236e+01 -3.590973e+00 7.545586e+00 7.316629e-01 -3.308382e-02 -6.877763e+00 1.710219e+00 -1.638972e+00 6.048612e-01 -3.207022e+00 3.667664e-01 1.343818e-01 8.675988e-01 1.677578e+00 1.239854e+00 3.714564e-01 -1.184459e-01 3.150685e-01 2.264146e-01 -7.224730e-01 -8.877677e-01 -2.229005e-01 -5.591018e-02 -1.678482e-02 -8.739383e-02 -1.143624e-01 -3.655782e-01 -4.491815e-01 -5.538681e-02 1.890855e-01 -5.119683e-03 -1.390629e-01 -2.236604e-01 -2.511846e-01 -2.555914e-01 1.967750e-02 4.980543e-04
<VARIANCE> 39
 4.452426e+00 1.013000e+01 2.110638e+01 4.598712e+00 8.323500e+00 2.867226e+00 1.164995e+01 1.704765e+01 9.536979e+00 7.434890e+00 9.083087e+00 3.285582e+00 5.000000e-02 4.688583e-01 8.152734e-01 1.089860e+00 1.237739e+00 9.519417e-01 1.450358e+00 8.297595e-01 2.221849e+00 9.946956e-01 2.999390e-01 7.782774e-01 1.683177e+00 5.000000e-02 1.122328e-01 1.871828e-01 7.812325e-01 2.841318e-01 9.349104e-02 1.536556e-01 1.202228e-01 4.077853e-01 1.647829e-01 8.204878e-02 5.783592e-02 6.166058e-02 5.000000e-02
<GCONST> 6.396161e+01
<STATE> 25
<MEAN> 39
 3.483246e+00 -1.765293e+01 -1.310607e+01 -2.877810e+00 7.852815e+00 6.860329e-01 4.893348e-01 -7.665560e+00 -3.537679e+00 -6.458696e+00 -1.834240e-01 -2.348855e+00 3.507090e-01 -6.456447e-02 5.899557e-01 5.569511e-01 -1.929375e-02 -7.722141e-02 7.444251e-02 -2.004500e-01 -2.122356e-01 -5.073953e-01 -4.462484e-01 -1.202547e-01 2.393800e-02 -1.461145e-02 -2.833231e-01 -3.954059e-01 -8.384617e-01 -5.624091e-01 -3.424045e-02 2.293703e-01 3.331202e-02 2.297595e-01 3.995081e-01 5.383592e-01 1.902300e-01 -1.978011e-01 -1.040518e-04
<VARIANCE> 39
 5.013957e-01 3.764415e+00 7.466537e+00 9.980172e+00 5.832377e+00 1.071031e+01 1.507475e+01 1.157465e+01 3.467627e+00 1.466359e+00 3.356172e+00 8.903831e+00 5.000000e-02 3.576034e-01 5.512121e-01 2.484767e+00 1.111634e+00 4.289705e-01 1.048638e+00 6.355743e-01 1.118675e+00 1.312839e+00 1.029266e+00 4.685168e-01 9.305517e-01 5.000000e-02 5.000000e-02 8.192741e-02 1.522952e-01 2.202235e-01 1.894099e-01 4.061619e-01 2.660491e-01 4.366820e-01 1.107293e-01 5.000000e-02 8.227089e-02 4.797508e-01 5.000000e-02
<GCONST> 5.764044e+01
<STATE> 26
<MEAN> 39
 1.287279e+00 -1.856322e+01 -1.581837e+01 -4.918222e+00 8.945551e+00 3.859855e+00 -1.599375e+00 -7.139685e+00 5.698987e-01 -4.049966e+00 8.518265e-03 -3.743523e+00 3.086736e-01 -7.406856e-01 -6.387461e-01 -1.200305e+00 -7.745169e-01 3.212942e-01 2.961259e-01 -4.031003e-02 5.330830e-01 3.811493e-01 5.693818e-01 2.557364e-01 -9.976746e-02 -1.359039e-02 -1.857450e-02 -1.207198e-01 -1.397842e-01 -7.260369e-02 -7.548510e-02 -1.849214e-01 1.417494e-01 1.571374e-01 4.562579e-02 1.349797e-01 5.998381e-03 1.980248e-01 -8.197700e-04
<VARIANCE> 39
 7.425940e-01 2.166786e+00 3.417920e+00 4.759207e+00 6.528404e+00 1.129966e+01 1.294148e+01 5.833345e+00 8.276962e+00 4.334987e+00 8.406292e+00 2.372252e+01 5.000000e-02 2.219914e-01 1.922976e-01 7.369466e-01 9.431718e-01 5.310716e-01 1.413013e+00 1.574440e+00 1.437370e+00 7.725926e-01 2.856312e-01 3.752822e-01 1.448784e+00 5.000000e-02 5.000000e-02 7.517831e-02 1.489950e-01 9.282838e-02 6.096531e-02 1.441144e-01 1.762070e-01 1.408073e-01 1.385449e-01 1.249628e-01 5.923755e-02 2.953676e-01 5.000000e-02
<GCONST> 5.194937e+01
<STATE> 27
<MEAN> 39
 2.587806e-01 -2.034154e+01 -1.930318e+01 -7.515119e+00 8.542492e+00 3.103705e+00 1.115422e+00 -4.824848e+00 1.345302e+00 -1.047984e+00 4.558321e-01 -1.519716e+00 2.706908e-01 -5.006091e-01 -1.322296e-01 -4.908064e-01 -5.263425e-01 -3.520328e-01 2.338927e-01 8.127374e-01 8.813183e-01 2.410564e-01 6.502655e-01 1.820769e-01 2.571180e-01 -1.827199e-02 1.434214e-01 4.096703e-01 6.797350e-01 4.491034e-01 -1.683949e-01 -3.399315e-02 -1.706973e-01 -1.214271e-01 -3.293754e-01 -3.846602e-01 6.420790e-02 -1.772208e-01 -1.767548e-03
<VARIANCE> 39
 2.743264e+00 4.224268e+00 4.614704e+00 2.969369e+00 7.060925e+00 1.226485e+01 1.088569e+01 3.960104e+00 2.730267e+01 7.248626e+00 4.925223e+00 4.414926e+00 5.000000e-02 8.046696e-02 2.181491e-01 5.414065e-01 4.024831e-01 2.795748e-01 2.261188e-01 3.176018e-01 9.098322e-01 6.505558e-01 1.157420e+00 6.017863e-01 8.349835e-01 5.000000e-02 5.000000e-02 6.781838e-02 1.933544e-01 5.000000e-02 6.467943e-02 3.781292e-01 6.243449e-01 2.219150e-01 1.810994e-01 1.967479e-01 5.000000e-02 8.980568e-02 5.000000e-02
<GCONST> 4.905571e+01
<STATE> 28
<MEAN> 39
 -5.551972e-01 -1.905179e+01 -1.778952e+01 -7.226351e+00 7.760500e+00 2.983475e+00 -7.622626e-01 -3.497201e+00 -3.837387e-01 -3.651142e+00 7.104399e-01 -3.560796e+00 2.107543e-01 6.266701e-02 1.059573e+00 1.333317e+00 7.342700e-01 -4.575483e-01 -8.957729e-01 -7.240639e-01 -4.796676e-01 -1.409383e+00 -5.040054e-01 5.115905e-01 -1.534633e-01 -2.034020e-02 1.766519e-01 3.068130e-01 4.167015e-01 2.704600e-01 1.212717e-01 -1.108911e-01 -9.942170e-04 -4.424615e-01 -1.242608e-01 -5.713948e-03 4.781507e-02 1.594478e-01 1.913996e-03
<VARIANCE> 39
 1.193739e+00 1.713325e+00 4.975359e+00 4.183692e+00 2.793499e+00 1.161291e+01 4.094409e+00 9.534031e+00 2.726487e+01 5.990591e+00 9.591138e+00 6.611787e+00 5.000000e-02 3.281376e-01 8.114712e-01 1.808533e+00 5.769162e-01 4.675319e-01 2.218751e+00 2.572932e+00 1.702320e+00 1.088396e+00 4.165299e-01 2.397685e-01 1.219840e+00 5.000000e-02 5.000000e-02 5.000000e-02 1.237235e-01 1.319294e-01 7.698375e-02 1.843574e-01 3.008042e-01 2.773124e-01 3.807214e-01 1.793150e-01 9.150141e-02 2.145896e-01 5.000000e-02
<GCONST> 5.758274e+01
<STATE> 29
<MEAN> 39
 8.627962e-01 -1.475790e+01 -1.282445e+01 -4.495948e+00 8.023923e+00 2.690391e-03 -1.723313e+00 -8.125342e+00 -4.736513e+00 -4.475333e+00 2.198501e+00 -1.601801e+00 2.020599e-01 -1.458329e-01 8.012263e-01 8.730938e-01 1.570075e-01 -3.305204e-01 2.862837e-01 6.572840e-01 2.222187e-01 -3.696631e-01 8.414736e-02 7.142671e-02 7.840434e-01 -2.067840e-02 -3.969615e-01 -1.566001e-01 1.485076e-02 -1.476015e-01 -7.060531e-02 4.118939e-01 3.991275e-01 5.027703e-01 6.363450e-01 2.500045e-01 -3.491316e-01 -1.511809e-01 -1.232274e-02
<VARIANCE> 39
 1.719026e+00 4.614979e+00 6.763286e+00 5.849859e+00 3.742901e+00 1.036973e+01 2.816427e+01 9.732704e+00 1.452368e+01 7.699144e+00 1.835133e+01 6.355216e+00 5.000000e-02 4.052290e-01 1.818805e-01 6.868150e-02 5.299835e-01 9.040793e-01 9.920507e-01 9.934650e-01 1.698894e+00 1.420346e+00 1.266289e+00 7.466431e-01 5.738323e-01 5.000000e-02 8.909907e-02 1.287808e-01 2.488004e-01 1.763860e-01 7.183431e-02 2.136268e-01 2.229516e-01 2.405172e-01 2.511040e-01 1.214207e-01 1.183765e-01 2.710921e-01 5.000000e-02
<GCONST> 5.979416e+01
<STATE> 30
<MEAN> 39
 -1.425544e+00 -1.608067e+01 -1.374924e+01 -4.843213e+00 6.427866e+00 2.479655e+00 2.944950e+00 -2.921622e+00 -1.636155e+00 -2.428778e+00 3.909556e-01 -2.751089e+00 1.385391e-01 -1.210103e+00 1.092055e+00 1.917295e+00 3.038587e-01 -1.805820e-01 6.013658e-02 5.534249e-01 3.141396e-01 6.766487e-01 3.412409e-01 -1.721675e-01 -3.965810e-01 -5.864116e-02 -1.801479e-01 1.381016e-01 2.955042e-01 -1.694667e-02 -7.870700e-02 -3.993339e-01 -4.348409e-01 -4.057729e-01 7.218616e-02 9.522021e-02 3.105308e-01 4.303363e-02 -5.420978e-03
<VARIANCE> 39
 2.578400e+00 1.019181e+01 1.376516e+01 6.723548e+00 1.599168e+01 5.888937e+00 2.576992e+01 7.449680e+00 3.180362e+00 4.330375e+00 4.660259e+00 6.920505e+00 5.000000e-02 3.919092e-01 1.025568e+00 1.147495e+00 4.574061e-01 5.372783e-01 6.611702e-01 9.631370e-01 1.651404e+00 1.768288e+00 9.927906e-01 9.371927e-01 4.330718e-01 5.000000e-02 7.612356e-02 1.558123e-01 2.169644e-01 7.913408e-02 1.710924e-01 7.650506e-02 1.565496e-01 2.470381e-01 1.261115e-01 6.176748e-02 1.355709e-01 1.990091e-01 5.000000e-02
<GCONST> 5.936402e+01
<STATE> 31
<MEAN> 39
 -4.863189e+00 -1.258776e+01 -6.967759e+00 -4.847894e+00 4.503703e+00 1.185457e+00 1.590179e+00 -5.765847e+00 -1.053356e+00 -1.324318e+00 1.687867e+00 -2.099686e+00 -4.508667e-02 -1.070597e+00 7.225446e-01 1.482720e+00 4.418843e-01 -5.310167e-01 -4.823342e-01 -3.938912e-01 -9.838727e-01 5.329452e-01 3.027987e-01 3.660876e-01 5.544580e-01 -4.521678e-02 2.792109e-01 -2.351119e-01 -4.832715e-01 4.823195e-02 -4.756147e-03 -7.083866e-02 -1.124104e-01 2.387502e-02 1.586021e-02 -1.005133e-01 1.019017e-01 1.554535e-01 1.589455e-02
<VARIANCE> 39
 2.599248e+00 4.484242e+00 6.604228e+00 6.179512e+00 7.199394e+00 3.368834e+00 8.255287e+00 1.067353e+01 1.631046e+01 8.819278e+00 2.926470e+00 7.701289e+00 5.000000e-02 4.736879e-01 1.190009e+00 1.434502e+00 3.690650e-01 3.145387e-01 1.166848e+00 1.066937e+00 7.958942e-01 6.379619e-01 3.886617e-01 1.261578e+00 1.348215e+00 5.000000e-02 5.000000e-02 1.920137e-01 1.374075e-01 9.603418e-02 8.306690e-02 7.039671e-02 1.254559e-01 4.071563e-01 1.855491e-01 1.369564e-01 8.066589e-02 1.336170e-01 5.000000e-02
<GCONST> 5.607486e+01
<STATE> 32
<MEAN> 39
 -5.845268e+00 -1.212912e+01 -6.695034e+00 -3.721421e+00 5.159802e+00 1.107436e-02 7.698268e-01 -5.523670e+00 1.351546e-01 -8.836305e-01 2.728435e+00 -4.610234e-01 -4.935559e-02 -4.741963e-01 -9.372929e-02 8.801140e-02 5.436794e-02 -7.649668e-01 -6.492344e-01 -4.155041e-01 5.822411e-01 1.150528e+00 5.990400e-01 2.659542e-01 -5.676867e-02 -1.378975e-02 2.536738e-01 -1.494188e-01 -2.570239e-01 3.039447e-02 7.622340e-02 1.030197e-01 3.499996e-02 2.046721e-01 -2.131277e-01 -3.195114e-01 -3.735893e-01 -3.563369e-01 7.619903e-03
<VARIANCE> 39
 1.676751e+00 1.623222e+00 4.805504e+00 2.080109e+00 8.246916e+00 1.661864e+01 8.739050e+00 2.326884e+01 1.497579e+01 1.244694e+01 7.290575e+00 6.983973e+00 5.000000e-02 1.160934e-01 2.668346e-01 3.416515e-01 3.081349e-01 2.802044e-01 2.533278e-01 2.921766e-01 1.717579e+00 8.860399e-01 2.399742e-01 7.840878e-01 7.962204e-01 5.000000e-02 5.000000e-02 1.749614e-01 2.927718e-01 5.215850e-02 1.219281e-01 9.849723e-02 1.023860e-01 3.702862e-01 1.795274e-01 1.086008e-01 7.573843e-02 1.990480e-01 5.000000e-02
<GCONST> 4.955959e+01
<TRANSP> 33
 0.000000e+00 1.000000e+00 0.000000e+00 0.000000e+00 0.000000e+00 0.000000e+00 0.000000e+00 0.000000e+00 0.000000e+00 0.000000e+00 0.000000e+00 0.000000e+00 0.000000e+00 0.000000e+00 0.000000e+00 0.000000e+00 0.000000e+00 0.000000e+00 0.000000e+00 0.000000e+00 0.000000e+00 0.000000e+00 0.000000e+00 0.000000e+00 0.000000e+00 0.000000e+00 0.000000e+00 0.000000e+00 0.000000e+00 0.000000e+00 0.000000e+00 0.000000e+00 0.000000e+00
 0.000000e+00 5.838282e-01 4.161719e-01 0.000000e+00 0.000000e+00 0.000000e+00 0.000000e+00 0.000000e+00 0.000000e+00 0.000000e+00 0.000000e+00 0.000000e+00 0.000000e+00 0.000000e+00 0.000000e+00 0.000000e+00 0.000000e+00 0.000000e+00 0.000000e+00 0.000000e+00 0.000000e+00 0.000000e+00 0.000000e+00 0.000000e+00 0.000000e+00 0.000000e+00 0.000000e+00 0.000000e+00 0.000000e+00 0.000000e+00 0.000000e+00 0.000000e+00 0.000000e+00
 0.000000e+00 0.000000e+00 3.751281e-01 6.248719e-01 0.000000e+00 0.000000e+00 0.000000e+00 0.000000e+00 0.000000e+00 0.000000e+00 0.000000e+00 0.000000e+00 0.000000e+00 0.000000e+00 0.000000e+00 0.000000e+00 0.000000e+00 0.000000e+00 0.000000e+00 0.000000e+00 0.000000e+00 0.000000e+00 0.000000e+00 0.000000e+00 0.000000e+00 0.000000e+00 0.000000e+00 0.000000e+00 0.000000e+00 0.000000e+00 0.000000e+00 0.000000e+00 0.000000e+00
 0.000000e+00 0.000000e+00 0.000000e+00 4.444451e-01 5.555549e-01 0.000000e+00 0.000000e+00 0.000000e+00 0.000000e+00 0.000000e+00 0.000000e+00 0.000000e+00 0.000000e+00 0.000000e+00 0.000000e+00 0.000000e+00 0.000000e+00 0.000000e+00 0.000000e+00 0.000000e+00 0.000000e+00 0.000000e+00 0.000000e+00 0.000000e+00 0.000000e+00 0.000000e+00 0.000000e+00 0.000000e+00 0.000000e+00 0.000000e+00 0.000000e+00 0.000000e+00 0.000000e+00
 0.000000e+00 0.000000e+00 0.000000e+00 0.000000e+00 6.153829e-01 3.846172e-01 0.000000e+00 0.000000e+00 0.000000e+00 0.000000e+00 0.000000e+00 0.000000e+00 0.000000e+00 0.000000e+00 0.000000e+00 0.000000e+00 0.000000e+00 0.000000e+00 0.000000e+00 0.000000e+00 0.000000e+00 0.000000e+00 0.000000e+00 0.000000e+00 0.000000e+00 0.000000e+00 0.000000e+00 0.000000e+00 0.000000e+00 0.000000e+00 0.000000e+00 0.000000e+00 0.000000e+00
 0.000000e+00 0.000000e+00 0.000000e+00 0.000000e+00 0.000000e+00 4.834459e-01 5.165541e-01 0.000000e+00 0.000000e+00 0.000000e+00 0.000000e+00 0.000000e+00 0.000000e+00 0.000000e+00 0.000000e+00 0.000000e+00 0.000000e+00 0.000000e+00 0.000000e+00 0.000000e+00 0.000000e+00 0.000000e+00 0.000000e+00 0.000000e+00 0.000000e+00 0.000000e+00 0.000000e+00 0.000000e+00 0.000000e+00 0.000000e+00 0.000000e+00 0.000000e+00 0.000000e+00
 0.000000e+00 0.000000e+00 0.000000e+00 0.000000e+00 0.000000e+00 0.000000e+00 2.857167e-01 7.142833e-01 0.000000e+00 0.000000e+00 0.000000e+00 0.000000e+00 0.000000e+00 0.000000e+00 0.000000e+00 0.000000e+00 0.000000e+00 0.000000e+00 0.000000e+00 0.000000e+00 0.000000e+00 0.000000e+00 0.000000e+00 0.000000e+00 0.000000e+00 0.000000e+00 0.000000e+00 0.000000e+00 0.000000e+00 0.000000e+00 0.000000e+00 0.000000e+00 0.000000e+00
 0.000000e+00 0.000000e+00 0.000000e+00 0.000000e+00 0.000000e+00 0.000000e+00 0.000000e+00 4.444457e-01 5.555543e-01 0.000000e+00 0.000000e+00 0.000000e+00 0.000000e+00 0.000000e+00 0.000000e+00 0.000000e+00 0.000000e+00 0.000000e+00 0.000000e+00 0.000000e+00 0.000000e+00 0.000000e+00 0.000000e+00 0.000000e+00 0.000000e+00 0.000000e+00 0.000000e+00 0.000000e+00 0.000000e+00 0.000000e+00 0.000000e+00 0.000000e+00 0.000000e+00
 0.000000e+00 0.000000e+00 0.000000e+00 0.000000e+00 0.000000e+00 0.000000e+00 0.000000e+00 0.000000e+00 6.739969e-01 3.260031e-01 0.000000e+00 0.000000e+00 0.000000e+00 0.000000e+00 0.000000e+00 0.000000e+00 0.000000e+00 0.000000e+00 0.000000e+00 0.000000e+00 0.000000e+00 0.000000e+00 0.000000e+00 0.000000e+00 0.000000e+00 0.000000e+00 0.000000e+00 0.000000e+00 0.000000e+00 0.000000e+00 0.000000e+00 0.000000e+00 0.000000e+00
 0.000000e+00 0.000000e+00 0.000000e+00 0.000000e+00 0.000000e+00 0.000000e+00 0.000000e+00 0.000000e+00 0.000000e+00 4.989747e-01 5.010253e-01 0.000000e+00 0.000000e+00 0.000000e+00 0.000000e+00 0.000000e+00 0.000000e+00 0.000000e+00 0.000000e+00 0.000000e+00 0.000000e+00 0.000000e+00 0.000000e+00 0.000000e+00 0.000000e+00 0.000000e+00 0.000000e+00 0.000000e+00 0.000000e+00 0.000000e+00 0.000000e+00 0.000000e+00 0.000000e+00
 0.000000e+00 0.000000e+00 0.000000e+00 0.000000e+00 0.000000e+00 0.000000e+00 0.000000e+00 0.000000e+00 0.000000e+00 0.000000e+00 5.453598e-01 4.546402e-01 0.000000e+00 0.000000e+00 0.000000e+00 0.000000e+00 0.000000e+00 0.000000e+00 0.000000e+00 0.000000e+00 0.000000e+00 0.000000e+00 0.000000e+00 0.000000e+00 0.000000e+00 0.000000e+00 0.000000e+00 0.000000e+00 0.000000e+00 0.000000e+00 0.000000e+00 0.000000e+00 0.000000e+00
 0.000000e+00 0.000000e+00 0.000000e+00 0.000000e+00 0.000000e+00 0.000000e+00 0.000000e+00 0.000000e+00 0.000000e+00 0.000000e+00 0.000000e+00 5.453339e-01 4.546661e-01 0.000000e+00 0.000000e+00 0.000000e+00 0.000000e+00 0.000000e+00 0.000000e+00 0.000000e+00 0.000000e+00 0.000000e+00 0.000000e+00 0.000000e+00 0.000000e+00 0.000000e+00 0.000000e+00 0.000000e+00 0.000000e+00 0.000000e+00 0.000000e+00 0.000000e+00 0.000000e+00
 0.000000e+00 0.000000e+00 0.000000e+00 0.000000e+00 0.000000e+00 0.000000e+00 0.000000e+00 0.000000e+00 0.000000e+00 0.000000e+00 0.000000e+00 0.000000e+00 5.836778e-01 4.163222e-01 0.000000e+00 0.000000e+00 0.000000e+00 0.000000e+00 0.000000e+00 0.000000e+00 0.000000e+00 0.000000e+00 0.000000e+00 0.000000e+00 0.000000e+00 0.000000e+00 0.000000e+00 0.000000e+00 0.000000e+00 0.000000e+00 0.000000e+00 0.000000e+00 0.000000e+00
 0.000000e+00 0.000000e+00 0.000000e+00 0.000000e+00 0.000000e+00 0.000000e+00 0.000000e+00 0.000000e+00 0.000000e+00 0.000000e+00 0.000000e+00 0.000000e+00 0.000000e+00 4.992813e-01 5.007188e-01 0.000000e+00 0.000000e+00 0.000000e+00 0.000000e+00 0.000000e+00 0.000000e+00 0.000000e+00 0.000000e+00 0.000000e+00 0.000000e+00 0.000000e+00 0.000000e+00 0.000000e+00 0.000000e+00 0.000000e+00 0.000000e+00 0.000000e+00 0.000000e+00
 0.000000e+00 0.000000e+00 0.000000e+00 0.000000e+00 0.000000e+00 0.000000e+00 0.000000e+00 0.000000e+00 0.000000e+00 0.000000e+00 0.000000e+00 0.000000e+00 0.000000e+00 0.000000e+00 5.833454e-01 4.166546e-01 0.000000e+00 0.000000e+00 0.000000e+00 0.000000e+00 0.000000e+00 0.000000e+00 0.000000e+00 0.000000e+00 0.000000e+00 0.000000e+00 0.000000e+00 0.000000e+00 0.000000e+00 0.000000e+00 0.000000e+00 0.000000e+00 0.000000e+00
 0.000000e+00 0.000000e+00 0.000000e+00 0.000000e+00 0.000000e+00 0.000000e+00 0.000000e+00 0.000000e+00 0.000000e+00 0.000000e+00 0.000000e+00 0.000000e+00 0.000000e+00 0.000000e+00 0.000000e+00 4.429136e-01 5.570865e-01 0.000000e+00 0.000000e+00 0.000000e+00 0.000000e+00 0.000000e+00 0.000000e+00 0.000000e+00 0.000000e+00 0.000000e+00 0.000000e+00 0.000000e+00 0.000000e+00 0.000000e+00 0.000000e+00 0.000000e+00 0.000000e+00
 0.000000e+00 0.000000e+00 0.000000e+00 0.000000e+00 0.000000e+00 0.000000e+00 0.000000e+00 0.000000e+00 0.000000e+00 0.000000e+00 0.000000e+00 0.000000e+00 0.000000e+00 0.000000e+00 0.000000e+00 0.000000e+00 5.846504e-01 4.153496e-01 0.000000e+00 0.000000e+00 0.000000e+00 0.000000e+00 0.000000e+00 0.000000e+00 0.000000e+00 0.000000e+00 0.000000e+00 0.000000e+00 0.000000e+00 0.000000e+00 0.000000e+00 0.000000e+00 0.000000e+00
 0.000000e+00 0.000000e+00 0.000000e+00 0.000000e+00 0.000000e+00 0.000000e+00 0.000000e+00 0.000000e+00 0.000000e+00 0.000000e+00 0.000000e+00 0.000000e+00 0.000000e+00 0.000000e+00 0.000000e+00 0.000000e+00 0.000000e+00 2.872696e-01 7.127304e-01 0.000000e+00 0.000000e+00 0.000000e+00 0.000000e+00 0.000000e+00 0.000000e+00 0.000000e+00 0.000000e+00 0.000000e+00 0.000000e+00 0.000000e+00 0.000000e+00 0.000000e+00 0.000000e+00
 0.000000e+00 0.000000e+00 0.000000e+00 0.000000e+00 0.000000e+00 0.000000e+00 0.000000e+00 0.000000e+00 0.000000e+00 0.000000e+00 0.000000e+00 0.000000e+00 0.000000e+00 0.000000e+00 0.000000e+00 0.000000e+00 0.000000e+00 0.000000e+00 4.992172e-01 5.007828e-01 0.000000e+00 0.000000e+00 0.000000e+00 0.000000e+00 0.000000e+00 0.000000e+00 0.000000e+00 0.000000e+00 0.000000e+00 0.000000e+00 0.000000e+00 0.000000e+00 0.000000e+00
 0.000000e+00 0.000000e+00 0.000000e+00 0.000000e+00 0.000000e+00 0.000000e+00 0.000000e+00 0.000000e+00 0.000000e+00 0.000000e+00 0.000000e+00 0.000000e+00 0.000000e+00 0.000000e+00 0.000000e+00 0.000000e+00 0.000000e+00 0.000000e+00 0.000000e+00 5.000040e-01 4.999960e-01 0.000000e+00 0.000000e+00 0.000000e+00 0.000000e+00 0.000000e+00 0.000000e+00 0.000000e+00 0.000000e+00 0.000000e+00 0.000000e+00 0.000000e+00 0.000000e+00
 0.000000e+00 0.000000e+00 0.000000e+00 0.000000e+00 0.000000e+00 0.000000e+00 0.000000e+00 0.000000e+00 0.000000e+00 0.000000e+00 0.000000e+00 0.000000e+00 0.000000e+00 0.000000e+00 0.000000e+00 0.000000e+00 0.000000e+00 0.000000e+00 0.000000e+00 0.000000e+00 6.428730e-01 3.571270e-01 0.000000e+00 0.000000e+00 0.000000e+00 0.000000e+00 0.000000e+00 0.000000e+00 0.000000e+00 0.000000e+00 0.000000e+00 0.000000e+00 0.000000e+00
 0.000000e+00 0.000000e+00 0.000000e+00 0.000000e+00 0.000000e+00 0.000000e+00 0.000000e+00 0.000000e+00 0.000000e+00 0.000000e+00 0.000000e+00 0.000000e+00 0.000000e+00 0.000000e+00 0.000000e+00 0.000000e+00 0.000000e+00 0.000000e+00 0.000000e+00 0.000000e+00 0.000000e+00 5.008059e-01 4.991942e-01 0.000000e+00 0.000000e+00 0.000000e+00 0.000000e+00 0.000000e+00 0.000000e+00 0.000000e+00 0.000000e+00 0.000000e+00 0.000000e+00
 0.000000e+00 0.000000e+00 0.000000e+00 0.000000e+00 0.000000e+00 0.000000e+00 0.000000e+00 0.000000e+00 0.000000e+00 0.000000e+00 0.000000e+00 0.000000e+00 0.000000e+00 0.000000e+00 0.000000e+00 0.000000e+00 0.000000e+00 0.000000e+00 0.000000e+00 0.000000e+00 0.000000e+00 0.000000e+00 5.442523e-01 4.557478e-01 0.000000e+00 0.000000e+00 0.000000e+00 0.000000e+00 0.000000e+00 0.000000e+00 0.000000e+00 0.000000e+00 0.000000e+00
 0.000000e+00 0.000000e+00 0.000000e+00 0.000000e+00 0.000000e+00 0.000000e+00 0.000000e+00 0.000000e+00 0.000000e+00 0.000000e+00 0.000000e+00 0.000000e+00 0.000000e+00 0.000000e+00 0.000000e+00 0.000000e+00 0.000000e+00 0.000000e+00 0.000000e+00 0.000000e+00 0.000000e+00 0.000000e+00 0.000000e+00 5.009097e-01 4.990903e-01 0.000000e+00 0.000000e+00 0.000000e+00 0.000000e+00 0.000000e+00 0.000000e+00 0.000000e+00 0.000000e+00
 0.000000e+00 0.000000e+00 0.000000e+00 0.000000e+00 0.000000e+00 0.000000e+00 0.000000e+00 0.000000e+00 0.000000e+00 0.000000e+00 0.000000e+00 0.000000e+00 0.000000e+00 0.000000e+00 0.000000e+00 0.000000e+00 0.000000e+00 0.000000e+00 0.000000e+00 0.000000e+00 0.000000e+00 0.000000e+00 0.000000e+00 0.000000e+00 4.996930e-01 5.003070e-01 0.000000e+00 0.000000e+00 0.000000e+00 0.000000e+00 0.000000e+00 0.000000e+00 0.000000e+00
 0.000000e+00 0.000000e+00 0.000000e+00 0.000000e+00 0.000000e+00 0.000000e+00 0.000000e+00 0.000000e+00 0.000000e+00 0.000000e+00 0.000000e+00 0.000000e+00 0.000000e+00 0.000000e+00 0.000000e+00 0.000000e+00 0.000000e+00 0.000000e+00 0.000000e+00 0.000000e+00 0.000000e+00 0.000000e+00 0.000000e+00 0.000000e+00 0.000000e+00 6.155543e-01 3.844457e-01 0.000000e+00 0.000000e+00 0.000000e+00 0.000000e+00 0.000000e+00 0.000000e+00
 0.000000e+00 0.000000e+00 0.000000e+00 0.000000e+00 0.000000e+00 0.000000e+00 0.000000e+00 0.000000e+00 0.000000e+00 0.000000e+00 0.000000e+00 0.000000e+00 0.000000e+00 0.000000e+00 0.000000e+00 0.000000e+00 0.000000e+00 0.000000e+00 0.000000e+00 0.000000e+00 0.000000e+00 0.000000e+00 0.000000e+00 0.000000e+00 0.000000e+00 0.000000e+00 5.001799e-01 4.998201e-01 0.000000e+00 0.000000e+00 0.000000e+00 0.000000e+00 0.000000e+00
 0.000000e+00 0.000000e+00 0.000000e+00 0.000000e+00 0.000000e+00 0.000000e+00 0.000000e+00 0.000000e+00 0.000000e+00 0.000000e+00 0.000000e+00 0.000000e+00 0.000000e+00 0.000000e+00 0.000000e+00 0.000000e+00 0.000000e+00 0.000000e+00 0.000000e+00 0.000000e+00 0.000000e+00 0.000000e+00 0.000000e+00 0.000000e+00 0.000000e+00 0.000000e+00 0.000000e+00 4.438717e-01 5.561283e-01 0.000000e+00 0.000000e+00 0.000000e+00 0.000000e+00
 0.000000e+00 0.000000e+00 0.000000e+00 0.000000e+00 0.000000e+00 0.000000e+00 0.000000e+00 0.000000e+00 0.000000e+00 0.000000e+00 0.000000e+00 0.000000e+00 0.000000e+00 0.000000e+00 0.000000e+00 0.000000e+00 0.000000e+00 0.000000e+00 0.000000e+00 0.000000e+00 0.000000e+00 0.000000e+00 0.000000e+00 0.000000e+00 0.000000e+00 0.000000e+00 0.000000e+00 0.000000e+00 5.000009e-01 4.999991e-01 0.000000e+00 0.000000e+00 0.000000e+00
 0.000000e+00 0.000000e+00 0.000000e+00 0.000000e+00 0.000000e+00 0.000000e+00 0.000000e+00 0.000000e+00 0.000000e+00 0.000000e+00 0.000000e+00 0.000000e+00 0.000000e+00 0.000000e+00 0.000000e+00 0.000000e+00 0.000000e+00 0.000000e+00 0.000000e+00 0.000000e+00 0.000000e+00 0.000000e+00 0.000000e+00 0.000000e+00 0.000000e+00 0.000000e+00 0.000000e+00 0.000000e+00 0.000000e+00 5.832189e-01 4.167811e-01 0.000000e+00 0.000000e+00
 0.000000e+00 0.000000e+00 0.000000e+00 0.000000e+00 0.000000e+00 0.000000e+00 0.000000e+00 0.000000e+00 0.000000e+00 0.000000e+00 0.000000e+00 0.000000e+00 0.000000e+00 0.000000e+00 0.000000e+00 0.000000e+00 0.000000e+00 0.000000e+00 0.000000e+00 0.000000e+00 0.000000e+00 0.000000e+00 0.000000e+00 0.000000e+00 0.000000e+00 0.000000e+00 0.000000e+00 0.000000e+00 0.000000e+00 0.000000e+00 4.450159e-01 5.549841e-01 0.000000e+00
 0.000000e+00 0.000000e+00 0.000000e+00 0.000000e+00 0.000000e+00 0.000000e+00 0.000000e+00 0.000000e+00 0.000000e+00 0.000000e+00 0.000000e+00 0.000000e+00 0.000000e+00 0.000000e+00 0.000000e+00 0.000000e+00 0.000000e+00 0.000000e+00 0.000000e+00 0.000000e+00 0.000000e+00 0.000000e+00 0.000000e+00 0.000000e+00 0.000000e+00 0.000000e+00 0.000000e+00 0.000000e+00 0.000000e+00 0.000000e+00 0.000000e+00 5.263136e-01 4.736864e-01
 0.000000e+00 0.000000e+00 0.000000e+00 0.000000e+00 0.000000e+00 0.000000e+00 0.000000e+00 0.000000e+00 0.000000e+00 0.000000e+00 0.000000e+00 0.000000e+00 0.000000e+00 0.000000e+00 0.000000e+00 0.000000e+00 0.000000e+00 0.000000e+00 0.000000e+00 0.000000e+00 0.000000e+00 0.000000e+00 0.000000e+00 0.000000e+00 0.000000e+00 0.000000e+00 0.000000e+00 0.000000e+00 0.000000e+00 0.000000e+00 0.000000e+00 0.000000e+00 0.000000e+00
<ENDHMM>
