~o
<STREAMINFO> 1 39
<VECSIZE> 39<NULLD><MFCC_E_D_A><DIAGC>
~h "Cuo^i"
<BEGINHMM>
<NUMSTATES> 22
<STATE> 2
<MEAN> 39
 -4.173703e+00 -6.606341e+00 -1.380928e-01 -1.134827e+00 3.541901e-01 -6.381950e+00 7.875517e-01 -3.577380e+00 1.256311e+00 -1.504526e+00 4.673691e+00 -1.113875e+00 4.473422e-02 -5.541214e-01 1.144205e-01 -1.215213e+00 3.997449e-01 6.669688e-02 -6.764412e-01 -5.406257e-01 -4.574639e-01 -9.486435e-02 -1.533861e-01 -1.690924e-01 5.693566e-01 2.469980e-02 -2.182799e-01 -1.056490e-01 -6.313812e-01 -1.611131e-01 3.316106e-01 6.198905e-03 6.154759e-02 -4.663252e-02 -2.891012e-01 1.099267e-01 -3.529449e-01 4.456449e-02 1.326595e-02
<VARIANCE> 39
 2.551872e+00 4.333545e+00 4.965597e+00 2.577218e+00 1.390767e+01 9.082828e+00 7.223677e+00 7.587933e+00 5.508596e+00 6.519837e+00 3.669838e+00 1.272598e+01 5.000000e-02 1.528138e+00 5.555085e+00 2.356987e+00 9.292825e-01 1.358681e+00 8.908110e-01 5.921957e-01 9.288466e-01 2.037546e+00 1.317409e+00 3.717285e-01 3.096476e+00 5.000000e-02 2.469446e-01 6.777183e-01 4.985525e-01 2.355319e-01 6.015919e-01 5.545086e-01 1.255553e-01 6.688135e-02 8.585884e-01 1.984195e-01 1.177215e-01 5.314102e-01 5.000000e-02
<GCONST> 7.320544e+01
<STATE> 3
<MEAN> 39
 -7.960369e+00 -7.267887e+00 -1.303189e+00 -7.777380e-01 1.077486e+00 -3.264284e+00 -1.055796e+00 -3.279076e+00 2.797627e+00 -3.392115e+00 3.907925e+00 -1.810208e+00 7.911538e-02 2.375336e-01 -4.309406e-01 -2.051338e-01 -4.677485e-01 3.973337e-01 7.992410e-02 1.528348e-01 8.337969e-02 -4.155248e-01 1.392657e-01 -4.460996e-01 2.731107e-01 1.495160e-03 2.355535e-01 -9.144776e-02 -1.740196e-01 -3.102527e-01 2.445823e-01 -1.124157e-01 3.460865e-02 8.254169e-04 -3.272189e-01 2.853412e-01 -1.321869e-01 6.314806e-03 6.844952e-03
<VARIANCE> 39
 1.200882e+01 5.273703e+01 2.247391e+01 1.122770e+01 8.770765e+00 2.501790e+01 2.787423e+01 1.430105e+01 1.176249e+01 1.790144e+01 1.593105e+01 8.827022e+00 5.000000e-02 1.725212e+00 6.097913e+00 3.664303e+00 1.191461e+00 2.014306e+00 5.475641e+00 4.196007e+00 1.834896e+00 3.010960e+00 1.717012e+00 2.036968e+00 7.809398e-01 5.000000e-02 4.427239e-01 1.774313e+00 5.144247e-01 3.371866e-01 3.064409e-01 1.129440e+00 9.832373e-01 4.449568e-01 4.320718e-01 4.185192e-01 3.574404e-01 1.774448e-01 5.000000e-02
<GCONST> 9.837350e+01
<STATE> 4
<MEAN> 39
 1.439998e-01 -9.787216e+00 -1.267910e+01 -9.179348e+00 8.316959e+00 -1.279332e+01 3.240290e+00 -7.491194e+00 -1.010411e+01 4.072175e+00 -4.077291e+00 2.960591e+00 4.411964e-01 2.067348e+00 -1.519600e-01 -2.243574e+00 -2.560796e+00 3.009409e-01 -1.513880e+00 2.482669e-01 1.427553e-02 -1.480668e+00 1.165624e+00 -1.420397e+00 3.920671e-01 1.194093e-01 8.452994e-02 -2.136449e-01 6.151895e-01 -1.609924e-01 -1.496751e+00 4.850725e-01 -5.925964e-01 8.015651e-01 1.068748e+00 -2.366324e-01 8.885430e-01 -2.004826e-02 4.807460e-03
<VARIANCE> 39
 2.200426e+01 9.121115e+00 6.228986e+01 3.318337e+01 3.541055e+01 5.158257e+01 1.233370e+01 9.377923e+00 3.841672e+01 2.224676e+01 2.555567e+01 1.243716e+01 9.092308e-02 1.021137e+00 6.714803e-01 5.221687e+00 1.452606e+00 1.969284e+01 6.133291e+00 3.842906e+00 2.420100e+00 1.069019e+01 3.873316e+00 3.693679e+00 1.849752e+00 5.000000e-02 1.201789e-01 4.487804e-01 1.528562e+00 1.018290e+00 3.366861e+00 8.996629e-01 4.642387e-01 3.844435e-01 1.492511e+00 1.285554e+00 1.396956e+00 2.596969e-01 5.000000e-02
<GCONST> 1.118599e+02
<STATE> 5
<MEAN> 39
 -1.338898e+00 -1.046860e+01 -9.511442e+00 -8.656805e+00 4.971687e+00 -7.363739e+00 -9.687265e-01 -2.089398e+00 -3.842829e+00 1.735312e+00 -9.609344e-01 3.544310e-01 4.029270e-01 8.597801e-01 -2.317066e+00 -2.980158e+00 -3.924216e+00 7.805917e-01 -6.489625e-01 -2.000558e+00 1.412049e+00 -1.458476e+00 3.205194e+00 -3.372588e-01 1.157852e+00 1.664772e-01 1.915920e-02 6.444081e-02 2.230088e-01 -2.912846e-01 -4.074165e-01 -4.062677e-01 9.526663e-02 1.948485e-01 1.441976e-01 2.701615e-01 3.529319e-01 3.634653e-01 3.666045e-03
<VARIANCE> 39
 4.384403e+01 1.676834e+01 5.576615e+01 3.484065e+01 1.042687e+02 7.744500e+01 5.460125e+01 1.326117e+01 4.152560e+01 3.052244e+01 1.633554e+01 1.561324e+01 1.054945e-01 7.446528e-01 1.060335e+00 6.318943e+00 4.536190e+00 2.898819e+01 2.713537e+00 4.257743e+00 3.190951e+00 9.291782e+00 8.028213e+00 9.263537e+00 1.471286e+00 5.000000e-02 2.675554e-01 4.764533e-01 6.002355e-01 8.707204e-01 1.145666e+00 9.311471e-01 6.203344e-01 1.564268e-01 1.019681e+00 5.027334e-01 3.927333e-01 9.429932e-02 5.000000e-02
<GCONST> 1.139535e+02
<STATE> 6
<MEAN> 39
 -2.240098e-01 -1.296261e+01 -1.435527e+01 -1.959465e+01 8.788980e+00 -1.190458e+01 -3.683545e+00 -5.946862e-01 -9.757908e+00 1.061948e+01 -4.433571e+00 3.097981e+00 6.992609e-01 2.251379e+00 8.789958e-01 -1.570713e-01 -2.287574e+00 -2.969027e+00 -1.827081e+00 -2.228819e-01 2.875434e-01 1.277025e-01 3.050325e-01 1.048320e+00 7.327403e-01 7.446273e-02 1.566286e-01 5.298553e-01 1.020362e+00 6.296464e-01 -1.256288e+00 4.085585e-01 2.969030e-03 -3.776204e-02 8.289493e-01 -1.094905e+00 8.549232e-01 3.972638e-02 -2.607369e-02
<VARIANCE> 39
 3.904589e+01 2.656041e+01 1.459129e+01 1.845625e+01 1.447789e+02 2.664485e+01 4.366230e+01 1.483473e+01 1.426845e+01 2.978922e+01 1.571458e+01 2.103251e+01 5.000000e-02 1.167106e+00 3.212158e+00 2.908954e+00 5.827741e+00 1.195217e+01 4.980314e+00 2.729171e+00 1.690007e+00 5.607622e+00 6.390099e+00 5.729792e+00 1.098461e+00 5.000000e-02 4.020855e-01 5.793053e-01 5.103047e-01 3.680954e-01 3.493335e+00 6.244659e-01 1.149706e+00 2.884128e-01 6.340209e-01 1.410577e+00 5.752347e-01 5.140688e-01 5.000000e-02
<GCONST> 1.122165e+02
<STATE> 7
<MEAN> 39
 7.175922e+00 -1.052090e+01 -1.220070e+01 -2.405322e+01 -3.947007e+00 -1.271090e+01 -5.768090e+00 -1.606135e-01 -5.708409e+00 5.532375e+00 2.755034e+00 5.168775e+00 8.584495e-01 6.583621e-01 -2.412024e-01 1.274270e+00 -2.606388e+00 -2.540634e+00 1.056665e+00 -1.784695e+00 1.816734e+00 7.252955e-01 -3.583039e-01 2.456939e+00 1.894865e+00 6.806436e-02 -9.270107e-01 -2.401312e-01 -9.014544e-02 -3.554549e-02 1.540380e+00 2.117279e-01 1.999418e-01 1.301099e-01 -5.263869e-01 4.998385e-01 -5.504312e-01 4.976795e-01 -6.512143e-03
<VARIANCE> 39
 1.004614e+01 1.761055e+01 1.391552e+01 3.505865e+01 2.113755e+01 1.337328e+01 2.878364e+01 1.795535e+01 1.203621e+01 3.669503e+01 1.641499e+01 2.357450e+01 5.000000e-02 1.440321e+00 6.553684e-01 3.936552e-01 2.078621e+00 4.282828e+00 1.446670e+00 2.235287e+00 8.425677e-01 1.692406e+00 2.837464e+00 4.350793e-01 4.553033e+00 5.000000e-02 8.280163e-02 2.771904e-01 6.835641e-02 4.913771e-01 3.313558e-01 7.908005e-01 3.386757e-01 4.213362e-01 2.365789e-01 6.471093e-01 5.331967e-01 6.258959e-01 5.000000e-02
<GCONST> 8.901955e+01
<STATE> 8
<MEAN> 39
 8.141810e+00 -1.392351e+01 -1.342150e+01 -1.953202e+01 -1.282473e+01 -1.388004e+01 1.096522e-01 6.247688e+00 1.168666e+00 9.674746e+00 4.907522e+00 9.192581e+00 9.686372e-01 -5.706446e-01 5.681008e-02 1.345849e-01 -8.857020e-01 7.199329e-01 2.113385e-02 3.246972e-01 4.845094e-01 3.233889e-01 1.069591e+00 -3.710800e-01 2.741086e-01 1.201146e-02 -1.459680e-01 1.558075e-01 -1.272170e-01 5.115168e-04 7.557287e-01 -1.960303e-01 1.487738e-01 -4.556307e-01 -2.933603e-01 1.290773e-01 -4.740865e-01 -2.480404e-01 -6.927195e-03
<VARIANCE> 39
 4.787868e+00 1.026402e+01 7.938658e+00 3.233609e+01 2.607532e+01 1.836308e+01 2.175188e+01 6.224641e+00 3.519343e+01 1.693510e+01 5.839405e+00 1.196854e+01 5.000000e-02 2.935706e-01 3.505813e-01 3.588298e-01 1.347453e+00 2.264552e+00 1.653068e+00 6.464674e-01 1.647953e+00 2.389128e+00 2.343059e+00 9.351468e-01 4.021051e+00 5.000000e-02 5.000000e-02 6.060044e-02 5.000000e-02 3.296238e-01 1.299342e-01 5.649124e-01 1.668508e-01 8.070873e-02 2.568287e-01 3.789352e-01 3.498052e-01 2.075773e-01 5.000000e-02
<GCONST> 7.350258e+01
<STATE> 9
<MEAN> 39
 3.171619e+00 -1.148170e+01 -1.167512e+01 -3.106740e+01 -1.293277e+00 -1.147543e+01 -4.568811e+00 2.548444e+00 -7.515484e+00 1.065560e+01 2.127395e+00 1.538647e+01 9.871128e-01 -5.303394e-01 3.849215e-01 -1.531495e-01 -6.307902e-01 1.707145e+00 -2.462465e-01 -8.919586e-03 -4.111583e-01 1.410430e-01 1.205517e+00 -8.782008e-01 3.530260e-01 5.795670e-03 5.077233e-02 1.990174e-02 -7.317756e-02 6.662794e-01 -1.390976e-01 -5.665942e-02 -1.605431e-01 2.883545e-01 8.998795e-01 1.563797e-01 -4.025699e-01 -1.186930e+00 -9.978752e-03
<VARIANCE> 39
 4.045626e+00 8.648634e+00 9.806653e+00 2.639331e+01 8.348819e+00 2.492022e+01 4.007451e+01 1.023654e+01 5.146982e+01 5.015734e+01 1.383277e+01 7.370240e+01 5.000000e-02 1.871320e-01 2.199022e-01 5.121171e-01 3.598661e-01 2.771267e+00 1.364297e+00 1.458365e+00 2.281521e+00 2.942692e+00 3.515176e+00 3.778390e-01 6.024091e+00 5.000000e-02 5.000000e-02 8.761304e-02 1.498044e-01 1.239327e-01 2.315084e-01 1.536158e-01 1.395952e-01 2.531186e-01 4.098568e-01 6.065463e-01 2.494505e-01 3.808821e-01 5.000000e-02
<GCONST> 7.890617e+01
<STATE> 10
<MEAN> 39
 3.899568e+00 -9.590871e+00 -1.311888e+01 -2.711394e+01 -5.753279e-02 -1.339514e+01 -5.728062e+00 6.046607e+00 1.766747e+00 1.528183e+01 -2.230172e+00 3.768160e+00 9.818090e-01 -4.418333e-01 -5.044274e-01 -7.959945e-02 9.945401e-01 2.005053e-01 -1.984030e-01 -8.802301e-02 9.577525e-01 1.616576e+00 -3.954473e-01 -1.533575e+00 -2.064846e+00 -7.500992e-03 4.681619e-02 -4.693598e-01 2.990991e-01 1.990402e-01 -3.359924e-01 -4.804061e-03 7.416309e-01 -5.995826e-02 -6.903242e-01 -9.337731e-01 3.989013e-01 -1.726386e-01 -3.853098e-03
<VARIANCE> 39
 6.655913e+00 1.816812e+01 2.671984e+01 4.278575e+01 2.350026e+01 2.926468e+01 4.776453e+01 3.358083e+01 5.758280e+01 6.338066e+01 1.898122e+01 5.045456e+01 5.000000e-02 2.688169e-01 1.033786e+00 1.112000e+00 6.974335e-01 2.406677e+00 2.827245e+00 1.502765e+00 1.227122e+00 2.788498e+00 5.484199e+00 2.979289e+00 6.835437e-01 5.000000e-02 9.118241e-02 7.231620e-02 2.834459e-01 2.423202e-01 5.168198e-01 4.503966e-01 3.884745e-01 6.827397e-01 1.046182e+00 1.050959e+00 3.724752e-01 2.221815e-01 5.000000e-02
<GCONST> 9.505908e+01
<STATE> 11
<MEAN> 39
 2.762449e+00 -1.125654e+01 -1.120649e+01 -2.841326e+01 2.923210e-01 -1.081597e+01 -6.275332e+00 7.534869e+00 8.420613e-02 1.208575e+01 -2.496867e-01 2.665556e+00 9.658247e-01 -5.462742e-01 -9.440128e-01 9.564582e-01 -1.390050e-01 1.056985e+00 -6.333565e-01 1.417542e+00 -9.468177e-01 -7.581050e-01 -3.476162e-01 -6.735814e-01 -1.671238e+00 -1.291170e-02 -1.766048e-01 -1.386656e-01 2.052488e-01 -1.061078e-01 -1.520050e-01 -9.607033e-02 2.562710e-01 -7.287557e-01 -8.013211e-01 -7.104325e-02 -5.468207e-01 3.285949e-01 -3.334583e-03
<VARIANCE> 39
 8.105252e+00 2.106910e+01 1.242300e+01 5.253800e+01 3.025741e+01 6.698221e+01 2.546340e+01 9.188737e+00 1.569515e+01 1.225206e+01 3.923397e+01 7.786958e+01 5.000000e-02 4.447839e-01 5.330896e-01 5.955780e-01 1.436715e+00 1.048419e+00 1.442654e+00 1.527402e+00 3.800945e+00 6.423607e+00 8.439260e+00 2.820823e+00 2.033887e+00 5.000000e-02 7.866412e-02 7.499869e-02 1.722371e-01 4.308793e-01 4.802440e-01 4.038937e-01 3.502401e-01 3.582074e-01 4.922619e-01 2.232783e-01 1.176368e+00 9.108222e-02 5.000000e-02
<GCONST> 9.109061e+01
<STATE> 12
<MEAN> 39
 -2.639253e-02 -1.712616e+01 -8.911038e+00 -2.302791e+01 8.023862e-01 -2.051145e+01 7.404971e+00 3.529006e+00 -5.997798e+00 6.464263e+00 -6.822005e+00 -2.176268e+00 8.948826e-01 -7.939130e-01 -6.048462e-01 1.742317e+00 -1.933009e-01 -8.514391e-01 7.274704e-02 2.352020e+00 -1.567473e+00 -1.990390e+00 -8.374025e-01 -7.122900e-01 -5.902920e-01 -2.229362e-02 9.744900e-03 1.139624e-01 2.896262e-02 -7.716363e-02 -1.951448e-01 5.059146e-01 -5.428345e-01 -2.062287e-01 1.016175e+00 8.019153e-01 4.671040e-02 4.064446e-01 3.679843e-04
<VARIANCE> 39
 3.182630e+00 2.064646e+01 9.780263e+00 4.850892e+01 1.014093e+01 5.840663e+01 1.101296e+02 1.201658e+01 1.455709e+01 1.568636e+01 1.387233e+01 4.621027e+01 5.000000e-02 3.311875e-01 3.346610e-01 1.109201e+00 5.818877e-01 1.252998e+00 2.504062e+00 2.443432e+00 1.309137e+00 6.052393e+00 4.317625e+00 2.820011e+00 1.611078e+00 5.000000e-02 5.000000e-02 1.555990e-01 1.686350e-01 4.764338e-01 3.657130e-01 3.121830e-01 4.939246e-01 5.263289e-01 8.893062e-01 6.592239e-01 7.136595e-02 1.627916e-01 5.000000e-02
<GCONST> 8.706461e+01
<STATE> 13
<MEAN> 39
 2.342280e-01 -1.472019e+01 -5.840117e+00 -3.020881e+01 1.792143e+00 -1.059647e+01 -1.141742e+00 -6.210608e-01 -2.445617e+00 1.338272e+01 -4.280683e+00 3.195623e+00 9.144992e-01 -8.305375e-01 -1.633445e+00 6.564710e-01 1.585058e+00 -5.522403e-01 -6.065879e-01 -1.602266e-01 -1.099532e-01 1.933162e+00 3.455952e-01 -2.203315e+00 -1.010155e+00 -1.347972e-02 -1.385494e-01 -3.701152e-02 2.095571e-01 4.338095e-01 -3.736736e-01 -4.916500e-01 -1.176386e-01 5.285879e-01 2.002989e-01 -5.904498e-01 1.291929e-01 8.749306e-02 -1.510529e-03
<VARIANCE> 39
 4.210098e+00 1.458010e+01 8.231250e+00 3.289108e+01 1.294533e+01 3.126610e+01 8.852393e+01 4.077023e+00 2.166294e+01 2.397217e+01 7.800012e+01 2.689852e+01 5.000000e-02 2.608465e-01 7.461259e-01 1.779425e+00 4.255451e+00 7.826628e-01 3.036024e+00 1.031075e+00 1.535705e+00 7.635977e-01 2.931233e+00 6.119442e+00 2.450629e+00 5.000000e-02 5.000000e-02 1.468438e-01 1.443285e-01 3.605851e-01 2.695729e-01 1.728853e-01 5.029973e-01 2.183792e-01 5.327631e-01 5.577415e-01 1.408955e+00 2.746545e-01 5.000000e-02
<GCONST> 8.812042e+01
<STATE> 14
<MEAN> 39
 -3.178923e+00 -1.910218e+01 -2.739762e+00 -2.081464e+01 -4.272962e+00 -1.536295e+01 3.903191e-01 1.330758e+00 6.999721e-01 8.303455e+00 -1.072512e+01 -1.436480e+00 8.611063e-01 -9.020370e-01 -3.002536e-01 1.730875e+00 1.105957e+00 -1.490452e+00 -7.850896e-01 2.224290e+00 -7.094277e-01 1.001521e-04 -1.106176e+00 7.337139e-01 -9.321390e-01 -2.320834e-02 1.189436e-01 4.808637e-01 -2.831187e-02 -5.437968e-01 7.253660e-02 3.397672e-01 2.479313e-01 -6.056120e-01 -3.530926e-01 2.548481e-01 5.425937e-01 1.334198e-02 -5.067435e-03
<VARIANCE> 39
 1.143079e+00 2.683855e+00 1.228817e+01 1.275382e+01 2.596965e+01 1.201363e+01 8.628012e+01 5.493587e+00 2.613967e+01 9.536900e+00 1.386184e+01 2.172518e+01 5.000000e-02 3.180659e-01 8.909154e-01 1.771395e+00 4.566825e+00 2.782023e+00 1.132870e+00 4.460832e+00 1.784633e+00 4.893821e+00 3.246438e+00 1.644206e+00 1.905843e+00 5.000000e-02 5.000000e-02 5.000000e-02 1.665724e-01 4.806272e-01 3.918841e-01 2.503505e-01 8.674247e-01 1.417611e-01 5.272825e-01 3.464794e-01 6.319521e-01 2.783920e-01 5.000000e-02
<GCONST> 8.358401e+01
<STATE> 15
<MEAN> 39
 -5.389989e+00 -1.807989e+01 2.420452e+00 -2.316866e+01 -4.259154e+00 -1.906537e+01 9.719696e+00 -4.008167e+00 8.757424e-01 8.773171e+00 -6.485639e+00 -2.281919e+00 7.089931e-01 2.250436e-01 5.141264e-01 1.034914e+00 1.232733e+00 -1.534863e+00 1.439069e+00 -1.378633e+00 -2.096053e+00 3.688060e-01 -3.978657e-01 5.729817e-01 4.731759e-01 -6.138788e-02 4.165944e-01 3.122991e-02 -4.865454e-01 8.572162e-01 -3.616516e-01 7.202046e-01 -6.251700e-01 1.987867e-01 -5.526160e-02 -2.569044e-01 7.710532e-02 7.692742e-02 -5.882299e-03
<VARIANCE> 39
 5.701461e+00 6.395881e+00 1.320103e+01 2.666636e+01 9.506607e+00 8.224036e+00 2.003981e+01 1.573469e+01 1.433792e+01 6.683400e+00 1.087785e+01 1.576981e+01 5.000000e-02 2.305514e+00 8.350667e-01 1.275963e+00 9.752001e+00 2.521243e+00 2.561851e+00 5.305423e+00 3.803429e-01 1.996762e+00 1.399145e+00 7.180192e-01 2.236078e+00 5.000000e-02 3.939354e-01 1.123590e-01 1.785153e-01 1.492083e+00 4.467821e-01 9.846333e-02 5.631312e-01 3.560652e-01 7.085921e-01 4.046669e-01 2.300649e-01 4.744056e-01 5.000000e-02
<GCONST> 8.657925e+01
<STATE> 16
<MEAN> 39
 -6.703248e+00 -1.723410e+01 3.782260e+00 -1.962584e+01 -1.027717e+01 -1.190282e+01 4.912670e+00 -7.150601e+00 1.210936e-01 6.673548e+00 -8.192842e+00 -3.536124e+00 6.814885e-01 -4.099024e-01 6.775874e-01 8.691853e-01 2.741595e-01 -6.959281e-01 1.599407e+00 -6.393353e-01 -4.385064e-01 1.349062e+00 5.666248e-01 7.439052e-01 7.783968e-01 -3.759873e-02 4.416206e-01 9.828792e-02 -3.868540e-01 3.050965e-01 3.338327e-01 -3.733741e-02 -2.686034e-01 5.138257e-01 2.181016e-01 -1.201943e-01 1.927410e-01 2.647493e-01 -1.614822e-03
<VARIANCE> 39
 1.517557e+01 1.211848e+01 3.471327e+01 4.732598e+01 1.621029e+01 7.083672e+00 2.591379e+01 1.257733e+01 1.209479e+01 2.634186e+01 5.257491e+00 1.288079e+01 5.000000e-02 1.875920e+00 3.720367e-01 1.755084e+00 6.085482e+00 1.902083e+00 1.380040e+00 1.732410e+00 3.719788e-01 2.373227e+00 2.309697e+00 1.395250e+00 7.289411e-01 5.000000e-02 3.461935e-01 1.567344e-01 4.922677e-01 1.062840e+00 2.932641e-01 2.762624e-01 7.402655e-01 3.387841e-01 6.635243e-01 6.685991e-01 5.000000e-02 2.507803e-01 5.000000e-02
<GCONST> 8.742107e+01
<STATE> 17
<MEAN> 39
 -3.913555e+00 -1.482091e+01 4.252009e+00 -1.683711e+01 -1.079538e+01 -8.639429e+00 2.436268e+00 -6.328508e+00 5.142757e+00 7.938063e+00 -4.239881e+00 2.504984e-01 5.371715e-01 2.801060e+00 3.639799e-01 -1.688600e+00 3.078507e+00 6.259886e-02 1.783266e+00 -1.240439e+00 2.475644e-03 6.490982e-02 -1.913694e+00 1.623890e+00 2.249844e-01 -5.927243e-02 2.398731e-01 7.066689e-03 -5.583445e-01 2.009257e-01 2.473787e-01 -3.146119e-01 1.033244e-01 2.512072e-01 -4.108139e-01 -4.607072e-01 1.030529e-01 -4.751949e-01 3.955789e-03
<VARIANCE> 39
 3.140703e+01 1.249203e+01 1.772475e+01 3.064143e+01 1.682464e+01 8.642113e+00 8.641113e+00 3.559747e+00 1.739983e+01 1.620397e+01 2.482406e+01 8.329569e+00 5.000000e-02 1.260616e+00 2.311069e+00 1.534401e+00 1.467276e+00 1.320688e+00 6.793840e-01 1.790569e+00 2.629393e+00 1.820771e+00 2.472840e+00 5.636084e-01 1.619238e+00 5.000000e-02 7.290514e-01 3.054965e-01 3.392978e-01 9.836938e-01 4.579621e-01 5.350718e-01 3.356418e-01 2.769609e-01 1.856077e-01 4.660779e-01 2.007513e-01 2.072661e-01 5.000000e-02
<GCONST> 8.706538e+01
<STATE> 18
<MEAN> 39
 3.121728e+00 -1.279333e+01 -1.105052e+00 -7.779842e+00 -9.868476e+00 -6.994479e+00 6.573453e-01 -4.164275e+00 3.605240e+00 1.309231e+00 9.801010e-01 -1.034550e+00 3.921591e-01 5.346792e-01 9.765798e-01 -1.112412e+00 9.429924e-01 2.316365e-01 -8.990527e-01 -8.783209e-02 1.297682e+00 -3.630933e-01 -5.153772e-01 8.982401e-01 -2.950035e-01 -2.077141e-02 -7.106432e-01 -1.813167e-01 2.603667e-01 -8.188117e-01 7.355526e-02 -5.510727e-01 3.627824e-01 -1.271594e-01 -1.318434e-01 6.862084e-01 -2.710801e-01 1.577744e-01 4.439649e-03
<VARIANCE> 39
 1.713283e+00 5.940814e+00 4.396332e+00 1.069035e+01 7.985016e+00 2.158487e+01 6.577663e+00 3.158113e+01 2.723322e+01 1.099082e+01 1.022542e+01 6.097505e+00 5.000000e-02 5.707790e-01 7.270481e-01 1.535299e+00 2.122402e+00 1.355405e+00 1.999128e+00 1.514742e+00 1.906396e+00 1.618912e+00 1.622149e+00 1.273180e+00 7.819198e-01 5.000000e-02 1.347151e-01 2.011239e-01 1.496957e-01 3.234740e-01 3.569846e-01 5.912924e-01 2.315950e-01 6.020921e-01 3.917724e-01 2.539520e-01 2.069962e-01 1.594531e-01 5.000000e-02
<GCONST> 7.661989e+01
<STATE> 19
<MEAN> 39
 1.091326e+00 -1.332850e+01 -4.434134e+00 -9.124529e+00 -1.135805e+01 -1.159494e+01 1.390998e+00 -2.800150e+00 1.984916e+00 3.636886e+00 2.495343e+00 -1.897080e-01 3.309791e-01 -1.304389e+00 -5.631335e-02 -3.186594e-01 -2.781429e-01 1.032903e-01 1.262787e-01 4.978468e-01 -4.377313e-01 -4.385833e-01 3.470543e-01 6.288424e-01 2.787151e-01 -4.374622e-02 -2.194050e-01 1.787560e-01 5.438587e-01 2.751436e-01 6.425381e-01 8.014182e-01 -7.321689e-02 -2.276901e-01 2.890186e-02 -2.352044e-01 -9.162216e-02 -1.512670e-01 -1.009011e-02
<VARIANCE> 39
 4.680518e+00 8.102711e+00 7.436022e+00 1.730045e+01 1.840303e+01 5.473957e+00 5.838189e+00 1.158220e+01 2.503253e+01 5.431330e+00 6.737941e+00 1.049158e+01 5.000000e-02 4.520243e-01 3.297468e-01 1.246566e+00 1.590186e+00 2.775065e+00 1.713189e+00 6.325593e-01 6.961343e-01 1.416828e+00 8.045073e-01 5.207738e-01 7.524058e-01 5.000000e-02 1.669026e-01 1.154930e-01 1.644666e-01 4.401396e-01 5.598266e-01 1.275821e-01 1.177882e-01 2.050658e-01 2.377349e-01 1.384765e-01 2.002358e-01 9.549747e-02 5.000000e-02
<GCONST> 6.758577e+01
<STATE> 20
<MEAN> 39
 -7.882892e-01 -9.647561e+00 -1.580901e+00 -5.921323e+00 -4.716125e+00 -6.242839e+00 1.770791e+00 -3.543301e+00 1.089867e+00 1.857577e+00 3.586020e+00 -2.656335e+00 1.931624e-01 -9.687278e-01 5.956600e-01 5.353297e-01 8.515519e-01 1.211546e+00 1.035048e+00 -2.556481e-01 2.173430e-01 3.916078e-01 -1.441087e-01 -9.280687e-02 3.864174e-03 -5.090927e-02 -3.367582e-02 -1.585342e-01 4.135009e-02 5.338676e-02 -2.773716e-01 -2.410466e-01 6.368217e-03 2.243319e-01 3.279880e-01 -4.130246e-03 -1.696072e-01 2.960352e-01 -8.911278e-04
<VARIANCE> 39
 4.245579e+00 4.280890e+00 7.819266e+00 9.737518e+00 1.435516e+01 7.086889e+00 1.526171e+01 1.479604e+01 1.506400e+01 1.506671e+01 5.651857e+00 1.181068e+01 5.000000e-02 9.244835e-01 8.006875e-01 1.073966e+00 1.168654e+00 3.206115e+00 1.307540e+00 9.538973e-01 6.734784e-01 2.445349e+00 1.636741e+00 7.692759e-01 1.431612e+00 5.000000e-02 1.882475e-01 1.051523e-01 2.637617e-01 2.797287e-01 6.332516e-01 2.380099e-01 2.687746e-01 7.464229e-02 3.657221e-01 1.541491e-01 1.083294e-01 1.919459e-01 5.000000e-02
<GCONST> 7.291189e+01
<STATE> 21
<MEAN> 39
 -5.100766e+00 -1.004121e+01 -1.128464e+00 -5.051222e+00 -4.339476e+00 -6.543069e+00 2.258075e+00 -3.126845e+00 4.483911e+00 4.071898e+00 3.792725e+00 3.245190e-01 1.265496e-02 -3.250576e-01 4.529477e-01 3.450987e-01 5.309191e-01 9.385338e-01 8.347066e-02 2.828853e-01 2.111409e-01 2.795733e-01 1.694281e-01 1.902465e-01 1.975647e-01 -1.266361e-02 2.902248e-01 5.424216e-02 -5.306216e-02 -4.400682e-02 1.033267e-01 9.475655e-02 1.692378e-02 -2.956352e-02 -3.697751e-01 -3.655125e-01 -2.061814e-01 -2.575464e-01 1.408752e-02
<VARIANCE> 39
 1.190038e+00 3.120273e+00 3.273796e+00 2.202835e+00 5.803709e+00 4.737461e+00 3.970667e+00 1.000866e+01 2.221163e+01 1.522207e+01 7.221491e+00 4.025360e+00 5.000000e-02 4.676570e-01 4.526183e-01 7.760864e-01 9.437326e-01 1.408279e+00 8.783081e-01 7.670935e-01 5.396886e-01 2.267583e+00 1.397056e+00 5.299729e-01 1.222211e+00 5.000000e-02 8.898235e-02 8.694547e-02 1.034141e-01 1.343810e-01 2.014762e-01 1.702440e-01 1.658778e-01 1.401269e-01 4.157375e-01 5.460857e-01 2.017254e-01 2.474906e-01 5.000000e-02
<GCONST> 5.960032e+01
<TRANSP> 22
 0.000000e+00 1.000000e+00 0.000000e+00 0.000000e+00 0.000000e+00 0.000000e+00 0.000000e+00 0.000000e+00 0.000000e+00 0.000000e+00 0.000000e+00 0.000000e+00 0.000000e+00 0.000000e+00 0.000000e+00 0.000000e+00 0.000000e+00 0.000000e+00 0.000000e+00 0.000000e+00 0.000000e+00 0.000000e+00
 0.000000e+00 6.511397e-01 3.488603e-01 0.000000e+00 0.000000e+00 0.000000e+00 0.000000e+00 0.000000e+00 0.000000e+00 0.000000e+00 0.000000e+00 0.000000e+00 0.000000e+00 0.000000e+00 0.000000e+00 0.000000e+00 0.000000e+00 0.000000e+00 0.000000e+00 0.000000e+00 0.000000e+00 0.000000e+00
 0.000000e+00 0.000000e+00 8.355719e-01 1.644281e-01 0.000000e+00 0.000000e+00 0.000000e+00 0.000000e+00 0.000000e+00 0.000000e+00 0.000000e+00 0.000000e+00 0.000000e+00 0.000000e+00 0.000000e+00 0.000000e+00 0.000000e+00 0.000000e+00 0.000000e+00 0.000000e+00 0.000000e+00 0.000000e+00
 0.000000e+00 0.000000e+00 0.000000e+00 4.999956e-01 5.000044e-01 0.000000e+00 0.000000e+00 0.000000e+00 0.000000e+00 0.000000e+00 0.000000e+00 0.000000e+00 0.000000e+00 0.000000e+00 0.000000e+00 0.000000e+00 0.000000e+00 0.000000e+00 0.000000e+00 0.000000e+00 0.000000e+00 0.000000e+00
 0.000000e+00 0.000000e+00 0.000000e+00 0.000000e+00 3.725423e-01 6.274577e-01 0.000000e+00 0.000000e+00 0.000000e+00 0.000000e+00 0.000000e+00 0.000000e+00 0.000000e+00 0.000000e+00 0.000000e+00 0.000000e+00 0.000000e+00 0.000000e+00 0.000000e+00 0.000000e+00 0.000000e+00 0.000000e+00
 0.000000e+00 0.000000e+00 0.000000e+00 0.000000e+00 0.000000e+00 5.467443e-01 4.532557e-01 0.000000e+00 0.000000e+00 0.000000e+00 0.000000e+00 0.000000e+00 0.000000e+00 0.000000e+00 0.000000e+00 0.000000e+00 0.000000e+00 0.000000e+00 0.000000e+00 0.000000e+00 0.000000e+00 0.000000e+00
 0.000000e+00 0.000000e+00 0.000000e+00 0.000000e+00 0.000000e+00 0.000000e+00 5.000027e-01 4.999972e-01 0.000000e+00 0.000000e+00 0.000000e+00 0.000000e+00 0.000000e+00 0.000000e+00 0.000000e+00 0.000000e+00 0.000000e+00 0.000000e+00 0.000000e+00 0.000000e+00 0.000000e+00 0.000000e+00
 0.000000e+00 0.000000e+00 0.000000e+00 0.000000e+00 0.000000e+00 0.000000e+00 0.000000e+00 7.222720e-01 2.777280e-01 0.000000e+00 0.000000e+00 0.000000e+00 0.000000e+00 0.000000e+00 0.000000e+00 0.000000e+00 0.000000e+00 0.000000e+00 0.000000e+00 0.000000e+00 0.000000e+00 0.000000e+00
 0.000000e+00 0.000000e+00 0.000000e+00 0.000000e+00 0.000000e+00 0.000000e+00 0.000000e+00 0.000000e+00 5.831863e-01 4.168137e-01 0.000000e+00 0.000000e+00 0.000000e+00 0.000000e+00 0.000000e+00 0.000000e+00 0.000000e+00 0.000000e+00 0.000000e+00 0.000000e+00 0.000000e+00 0.000000e+00
 0.000000e+00 0.000000e+00 0.000000e+00 0.000000e+00 0.000000e+00 0.000000e+00 0.000000e+00 0.000000e+00 0.000000e+00 5.818779e-01 4.181220e-01 0.000000e+00 0.000000e+00 0.000000e+00 0.000000e+00 0.000000e+00 0.000000e+00 0.000000e+00 0.000000e+00 0.000000e+00 0.000000e+00 0.000000e+00
 0.000000e+00 0.000000e+00 0.000000e+00 0.000000e+00 0.000000e+00 0.000000e+00 0.000000e+00 0.000000e+00 0.000000e+00 0.000000e+00 3.783272e-01 6.216728e-01 0.000000e+00 0.000000e+00 0.000000e+00 0.000000e+00 0.000000e+00 0.000000e+00 0.000000e+00 0.000000e+00 0.000000e+00 0.000000e+00
 0.000000e+00 0.000000e+00 0.000000e+00 0.000000e+00 0.000000e+00 0.000000e+00 0.000000e+00 0.000000e+00 0.000000e+00 0.000000e+00 0.000000e+00 5.454544e-01 4.545456e-01 0.000000e+00 0.000000e+00 0.000000e+00 0.000000e+00 0.000000e+00 0.000000e+00 0.000000e+00 0.000000e+00 0.000000e+00
 0.000000e+00 0.000000e+00 0.000000e+00 0.000000e+00 0.000000e+00 0.000000e+00 0.000000e+00 0.000000e+00 0.000000e+00 0.000000e+00 0.000000e+00 0.000000e+00 5.826257e-01 4.173743e-01 0.000000e+00 0.000000e+00 0.000000e+00 0.000000e+00 0.000000e+00 0.000000e+00 0.000000e+00 0.000000e+00
 0.000000e+00 0.000000e+00 0.000000e+00 0.000000e+00 0.000000e+00 0.000000e+00 0.000000e+00 0.000000e+00 0.000000e+00 0.000000e+00 0.000000e+00 0.000000e+00 0.000000e+00 6.432009e-01 3.567991e-01 0.000000e+00 0.000000e+00 0.000000e+00 0.000000e+00 0.000000e+00 0.000000e+00 0.000000e+00
 0.000000e+00 0.000000e+00 0.000000e+00 0.000000e+00 0.000000e+00 0.000000e+00 0.000000e+00 0.000000e+00 0.000000e+00 0.000000e+00 0.000000e+00 0.000000e+00 0.000000e+00 0.000000e+00 5.454014e-01 4.545986e-01 0.000000e+00 0.000000e+00 0.000000e+00 0.000000e+00 0.000000e+00 0.000000e+00
 0.000000e+00 0.000000e+00 0.000000e+00 0.000000e+00 0.000000e+00 0.000000e+00 0.000000e+00 0.000000e+00 0.000000e+00 0.000000e+00 0.000000e+00 0.000000e+00 0.000000e+00 0.000000e+00 0.000000e+00 6.154726e-01 3.845275e-01 0.000000e+00 0.000000e+00 0.000000e+00 0.000000e+00 0.000000e+00
 0.000000e+00 0.000000e+00 0.000000e+00 0.000000e+00 0.000000e+00 0.000000e+00 0.000000e+00 0.000000e+00 0.000000e+00 0.000000e+00 0.000000e+00 0.000000e+00 0.000000e+00 0.000000e+00 0.000000e+00 0.000000e+00 5.453658e-01 4.546342e-01 0.000000e+00 0.000000e+00 0.000000e+00 0.000000e+00
 0.000000e+00 0.000000e+00 0.000000e+00 0.000000e+00 0.000000e+00 0.000000e+00 0.000000e+00 0.000000e+00 0.000000e+00 0.000000e+00 0.000000e+00 0.000000e+00 0.000000e+00 0.000000e+00 0.000000e+00 0.000000e+00 0.000000e+00 7.060127e-01 2.939873e-01 0.000000e+00 0.000000e+00 0.000000e+00
 0.000000e+00 0.000000e+00 0.000000e+00 0.000000e+00 0.000000e+00 0.000000e+00 0.000000e+00 0.000000e+00 0.000000e+00 0.000000e+00 0.000000e+00 0.000000e+00 0.000000e+00 0.000000e+00 0.000000e+00 0.000000e+00 0.000000e+00 0.000000e+00 5.862610e-01 4.137390e-01 0.000000e+00 0.000000e+00
 0.000000e+00 0.000000e+00 0.000000e+00 0.000000e+00 0.000000e+00 0.000000e+00 0.000000e+00 0.000000e+00 0.000000e+00 0.000000e+00 0.000000e+00 0.000000e+00 0.000000e+00 0.000000e+00 0.000000e+00 0.000000e+00 0.000000e+00 0.000000e+00 0.000000e+00 6.665590e-01 3.334409e-01 0.000000e+00
 0.000000e+00 0.000000e+00 0.000000e+00 0.000000e+00 0.000000e+00 0.000000e+00 0.000000e+00 0.000000e+00 0.000000e+00 0.000000e+00 0.000000e+00 0.000000e+00 0.000000e+00 0.000000e+00 0.000000e+00 0.000000e+00 0.000000e+00 0.000000e+00 0.000000e+00 0.000000e+00 7.310976e-01 2.689023e-01
 0.000000e+00 0.000000e+00 0.000000e+00 0.000000e+00 0.000000e+00 0.000000e+00 0.000000e+00 0.000000e+00 0.000000e+00 0.000000e+00 0.000000e+00 0.000000e+00 0.000000e+00 0.000000e+00 0.000000e+00 0.000000e+00 0.000000e+00 0.000000e+00 0.000000e+00 0.000000e+00 0.000000e+00 0.000000e+00
<ENDHMM>
