~o
<STREAMINFO> 1 26
<VECSIZE> 26<NULLD><MFCC_E_D><DIAGC>
~h "Du*ng"
<BEGINHMM>
<NUMSTATES> 39
<STATE> 2
<MEAN> 26
 -7.561333e+00 -8.621342e+00 -9.538610e-01 -4.639346e+00 2.646679e+00 -4.337637e+00 2.203735e+00 4.839867e-01 9.833943e-02 -9.516171e-01 4.171954e+00 -1.346601e+00 1.047048e-02 -1.208486e-01 1.724761e-02 -2.769922e-01 -8.226751e-01 -4.754673e-01 -4.446949e-01 -1.736340e-01 3.691408e-01 -8.010743e-01 -7.273709e-02 -1.090937e+00 -3.033262e-01 1.665918e-02
<VARIANCE> 26
 9.652533e+00 2.968079e+00 8.356645e+00 1.482057e+01 2.174483e+01 1.807374e+01 3.692822e+00 2.447108e+01 6.827183e+00 1.374275e+01 5.009181e+00 5.261391e+00 5.000000e-02 1.757528e+00 9.190373e-01 6.389397e-01 3.744315e-01 1.964592e+00 2.716909e+00 7.687261e-01 1.287843e+00 1.163635e+00 8.599815e-01 1.469972e+00 1.220745e+00 5.000000e-02
<GCONST> 6.955769e+01
<STATE> 3
<MEAN> 26
 -6.769519e+00 -8.342293e+00 -2.661075e+00 -4.684890e+00 8.901568e-01 -6.661335e+00 7.702537e-01 -1.480294e+00 -9.860640e-01 -1.535061e+00 -2.917922e+00 -4.399289e+00 4.337342e-02 2.018236e+00 1.389759e+00 -3.716297e-01 -1.388080e+00 -7.605386e-01 -5.832254e-01 -1.508100e+00 -9.280456e-01 -1.906186e+00 -1.104197e+00 -2.733824e+00 -1.286574e+00 9.678526e-02
<VARIANCE> 26
 1.249929e+01 6.892475e+00 1.502931e+01 3.925386e+00 5.164425e+00 1.803545e+01 6.337948e+00 5.536581e+00 3.101155e+00 1.246438e+01 5.879363e+00 5.092746e+00 5.000000e-02 6.251857e-01 2.671867e-01 1.593058e+00 2.407876e+00 2.222949e+00 1.441976e+00 7.570192e-01 3.250149e+00 1.029819e+00 2.587989e+00 4.431533e-01 2.352093e-01 5.000000e-02
<GCONST> 6.581209e+01
<STATE> 4
<MEAN> 26
 -2.056475e+00 -5.766121e+00 -9.102300e-01 -6.760801e+00 -7.181166e-01 -6.996481e+00 -2.164663e+00 -2.200344e+00 -3.154099e+00 -2.056236e+00 -2.145889e+00 -5.397958e+00 2.162156e-01 1.901198e+00 1.422341e+00 -1.077610e-01 -2.320415e+00 -5.124639e-01 -1.554353e+00 -1.840541e+00 1.058293e-01 -2.243229e+00 -1.527223e+00 -2.297488e+00 -7.571924e-01 1.258685e-01
<VARIANCE> 26
 2.352205e+01 5.791648e+00 1.590516e+00 1.092500e+01 6.581847e+00 2.022758e+01 5.645304e-01 7.189940e+00 1.109327e+01 1.784095e+01 1.871588e+01 7.915862e+00 5.000000e-02 1.525287e+00 2.148485e-01 1.204400e+00 3.039905e+00 7.442992e-01 3.453713e+00 3.746401e-01 1.299148e+00 2.001384e+00 6.424484e+00 1.390614e+00 5.663160e-01 5.000000e-02
<GCONST> 6.886248e+01
<STATE> 5
<MEAN> 26
 2.397455e-01 -3.370018e+00 -2.463681e+00 -1.097838e+01 -1.500787e-01 -9.669597e+00 -4.136951e+00 -2.271245e+00 -8.124608e+00 -7.058369e+00 -6.188347e+00 -5.315611e+00 4.067394e-01 1.145867e+00 8.081538e-01 2.809467e-02 -3.338625e+00 -2.195718e-02 -1.193965e+00 -1.420670e+00 7.711465e-02 -1.833443e+00 -1.248421e+00 -1.270342e+00 -1.808296e-01 1.185193e-01
<VARIANCE> 26
 2.730158e+01 5.755349e+00 3.800541e+00 2.157375e+01 3.862183e+00 2.862707e+01 1.773013e+01 1.844641e+01 1.944366e+01 2.524062e+01 3.214552e+00 7.039399e+00 6.261746e-02 1.584329e+00 2.248020e+00 7.666544e-01 1.420364e+00 2.481295e+00 1.947093e+00 7.033966e-01 1.148580e+00 2.024593e+00 7.050341e+00 1.683368e+00 5.000000e-02 5.000000e-02
<GCONST> 7.419368e+01
<STATE> 6
<MEAN> 26
 6.312656e-02 -4.502846e+00 -1.856687e+00 -1.367693e+01 -1.321302e+00 -7.964051e+00 -5.284230e+00 -2.061105e-01 -6.423521e+00 -6.104620e+00 -7.404740e+00 -4.668145e+00 5.018726e-01 2.077189e-01 -4.594081e-01 6.352525e-01 -2.207034e+00 -1.028022e+00 -3.270534e-01 -1.793255e+00 7.375546e-01 -2.117932e-01 -2.211290e-01 -1.883915e+00 9.745539e-02 9.957340e-02
<VARIANCE> 26
 1.840405e+01 7.402421e+00 2.089263e+00 3.052214e+01 1.676142e+01 1.592744e+01 1.486104e+01 1.433483e+01 1.596926e+01 2.423463e+01 2.419177e+01 2.214604e+00 5.000000e-02 1.550699e+00 1.619279e+00 1.493746e+00 2.383491e+00 5.026767e+00 3.844316e+00 5.990239e-01 1.594030e+00 2.467845e+00 5.071252e+00 1.223173e+00 5.433451e-01 5.000000e-02
<GCONST> 7.897517e+01
<STATE> 7
<MEAN> 26
 -1.607582e+00 -4.028498e+00 8.008797e-02 -2.061880e+01 8.261602e-01 -1.325258e+01 -8.283761e+00 3.045541e-01 -8.878114e+00 -7.765852e+00 -1.164177e+01 -6.471663e+00 6.892027e-01 -1.619858e+00 -1.153254e+00 8.321545e-01 -1.931902e+00 -3.446841e+00 -2.696699e-01 -9.357871e-01 -9.658138e-01 1.250602e+00 2.234231e+00 1.001808e+00 3.161999e-01 5.733672e-02
<VARIANCE> 26
 1.111527e+01 2.337947e+01 1.328633e+01 9.930553e+00 6.695251e+01 7.279664e+01 1.938212e+01 1.934297e+01 5.486190e+01 5.398639e+01 7.141272e+00 8.688396e+00 5.000000e-02 4.913640e-01 1.790266e+00 2.816302e+00 7.562905e+00 7.375804e+00 1.156422e+00 1.686555e+00 7.920244e-01 2.035040e+00 3.000821e+00 1.456454e+00 4.686477e-01 5.000000e-02
<GCONST> 8.556667e+01
<STATE> 8
<MEAN> 26
 -2.219673e+00 -7.446008e+00 1.853756e+00 -2.071015e+01 -8.685884e+00 -9.111100e+00 -9.830457e+00 -4.323130e-01 -5.643202e+00 -1.477340e+00 -8.972929e+00 -4.015550e+00 7.377362e-01 -1.586260e+00 -1.259263e+00 4.855827e-01 -9.657547e-03 -5.607454e+00 1.303791e-02 -1.908628e-01 -1.811209e+00 1.801371e+00 3.087586e+00 3.579683e+00 1.307235e+00 7.833550e-02
<VARIANCE> 26
 8.649653e+00 9.243439e+00 1.862044e+01 1.194158e+01 5.835351e+01 4.467860e+01 3.541409e+01 8.896982e+00 3.244123e+01 3.758371e+01 1.814862e+01 9.697285e+00 5.000000e-02 1.235119e+00 1.032200e+00 2.144541e+00 4.117286e+00 1.973271e+00 1.517151e+00 5.362196e-01 2.749900e+00 1.041316e+00 7.934822e-01 1.353915e+00 5.673345e-01 5.000000e-02
<GCONST> 8.092555e+01
<STATE> 9
<MEAN> 26
 -5.181373e+00 -7.868769e+00 1.089356e+00 -1.989023e+01 -1.649783e+01 -1.105352e+01 -9.002978e+00 -5.508646e+00 -3.233065e+00 1.048202e+00 -3.898159e+00 -3.295983e+00 8.394357e-01 -1.285753e+00 -1.477784e+00 -7.837884e-01 5.360957e-01 -4.937750e+00 -1.001467e+00 1.370863e+00 -1.285938e+00 1.574509e+00 2.724722e+00 5.464382e+00 1.603574e+00 8.282981e-02
<VARIANCE> 26
 1.167810e+00 2.285266e+01 5.991930e+01 3.430615e+01 4.585916e+01 3.728537e+01 3.055085e+01 4.017672e+00 2.304691e+01 3.923327e+01 3.042021e+01 6.269809e+00 5.000000e-02 5.200860e-01 1.066208e+00 3.615146e-01 8.828648e-01 2.757722e+00 2.185522e+00 2.991283e+00 1.869931e+00 3.941346e-01 1.320852e+00 9.372798e-01 4.827749e-01 5.000000e-02
<GCONST> 7.735844e+01
<STATE> 10
<MEAN> 26
 -6.022536e+00 -1.017113e+01 1.701415e-01 -1.838794e+01 -2.029741e+01 -1.205731e+01 -7.781465e+00 -6.600930e+00 -1.775488e+00 3.928412e+00 4.739159e+00 8.837846e-01 9.506519e-01 -7.273242e-01 -2.021159e+00 -1.619451e+00 7.454773e-01 -1.770246e+00 -2.205683e+00 3.746360e+00 5.048267e-01 7.547230e-01 1.498340e+00 4.085197e+00 7.077955e-01 5.701933e-02
<VARIANCE> 26
 2.203170e+00 1.809207e+01 2.707698e+01 1.965339e+00 2.346290e+01 1.558849e+01 2.202625e+01 7.985711e+00 2.004480e+01 2.847294e+01 1.647226e+01 2.173921e+01 5.000000e-02 9.377267e-02 2.165880e-01 1.449221e+00 7.716184e-01 8.568136e+00 8.459827e-01 3.064425e+00 1.376648e+00 3.150970e+00 3.660230e+00 2.424196e+00 1.051085e+00 5.000000e-02
<GCONST> 7.576859e+01
<STATE> 11
<MEAN> 26
 -5.568995e+00 -1.245009e+01 -2.375226e+00 -1.855422e+01 -1.996894e+01 -1.519825e+01 -1.069720e+00 -1.948241e+00 -1.036351e+00 6.074472e+00 8.935269e+00 -8.215036e-01 9.851730e-01 -4.932472e-01 -2.189252e+00 -2.048790e+00 1.145265e+00 1.884944e-01 -1.711775e+00 3.567916e+00 2.591764e+00 7.357320e-01 3.407474e-01 6.132628e-01 -5.331406e-01 1.980015e-02
<VARIANCE> 26
 8.766329e-01 2.055357e+01 1.476452e+01 2.002925e+00 6.354987e+00 2.638536e+01 2.142829e+01 5.295171e+00 1.717282e+01 5.688761e+00 2.072621e+01 8.678689e+00 5.000000e-02 5.150025e-02 3.548730e-01 2.118167e+00 1.734376e-01 6.826687e+00 4.292655e-01 2.621830e-01 1.569897e+00 1.462255e+00 4.353008e+00 5.022288e+00 1.771824e+00 5.000000e-02
<GCONST> 6.691983e+01
<STATE> 12
<MEAN> 26
 -6.172844e+00 -1.467352e+01 -7.044829e+00 -1.516148e+01 -1.809558e+01 -1.915729e+01 5.634308e+00 -2.503200e-01 -2.050742e+00 3.264597e+00 4.895336e+00 -4.992463e+00 9.679233e-01 -2.553833e-01 -1.565414e+00 -1.747583e+00 1.723346e+00 1.650969e+00 -2.645142e-01 2.295258e+00 3.865569e+00 7.629533e-01 -1.407029e+00 -3.282483e+00 -7.863821e-01 -2.766950e-03
<VARIANCE> 26
 3.016536e+00 1.643594e+01 3.021048e+01 1.448176e+01 1.385340e+01 2.130311e+01 2.537739e+01 5.158010e+00 1.700504e+01 6.753168e+00 2.232612e+01 2.297629e+01 5.000000e-02 9.273458e-02 3.249212e-01 5.029131e-01 7.293081e-01 1.219004e+00 1.176228e+00 2.629217e+00 1.314101e+00 2.073513e-01 1.505890e+00 3.123029e+00 1.518130e+00 5.000000e-02
<GCONST> 7.081085e+01
<STATE> 13
<MEAN> 26
 -6.626250e+00 -1.683991e+01 -8.012901e+00 -1.346592e+01 -1.447719e+01 -1.645833e+01 4.164543e+00 8.796853e+00 -1.037805e+00 1.532159e+00 -2.127600e+00 -3.492093e+00 9.588986e-01 -2.028000e-01 -5.640326e-01 -1.880781e+00 8.491062e-01 2.874519e+00 1.265274e+00 -8.354672e-01 4.007558e+00 1.225030e+00 -1.924139e+00 -4.116682e+00 1.009464e-01 6.107704e-04
<VARIANCE> 26
 5.234139e+00 9.314975e+00 1.989755e+01 2.559011e+01 1.038408e+01 4.176714e+00 2.023464e+01 1.946223e+01 8.884335e+00 1.929143e+00 1.815128e+01 2.819671e+01 5.000000e-02 1.632908e-01 5.290846e-01 3.098125e-01 3.765278e-01 6.303302e-01 2.020469e+00 2.666454e-01 1.956229e+00 8.912860e-01 1.034906e+00 7.174821e-01 1.494989e-01 5.000000e-02
<GCONST> 6.341831e+01
<STATE> 14
<MEAN> 26
 -7.961908e+00 -1.672096e+01 -9.747385e+00 -1.474404e+01 -1.133727e+01 -1.307804e+01 -1.137799e+00 1.061866e+01 5.088771e+00 -1.336295e+00 -7.140771e+00 -1.468766e+00 9.722245e-01 -2.024377e-01 1.574092e-01 -2.159303e+00 -1.275398e-02 3.221820e+00 1.808093e+00 -1.170925e+00 1.242079e+00 2.326151e+00 -1.048718e+00 -3.556096e+00 -1.011512e+00 4.956163e-03
<VARIANCE> 26
 4.893132e+00 5.982354e+00 1.720055e+01 7.814222e+00 9.918232e+00 1.354157e+01 1.818394e+01 1.437762e+01 1.863576e+01 6.539341e+00 2.081304e+01 1.923234e+01 5.000000e-02 1.003209e-01 4.378512e-01 3.498941e-01 1.010224e+00 9.319355e-01 1.237552e+00 4.748011e-01 3.482376e+00 1.258394e+00 8.906659e-01 1.304212e+00 6.315612e-01 5.000000e-02
<GCONST> 6.773269e+01
<STATE> 15
<MEAN> 26
 -7.024292e+00 -1.634712e+01 -1.374174e+01 -1.395662e+01 -3.119836e+00 -8.580543e+00 -2.566354e-01 1.279389e+01 8.129103e+00 -2.857096e+00 -1.410427e+01 -5.672437e+00 9.816308e-01 1.795183e-01 -1.553814e-01 -1.179356e+00 -2.636014e-01 3.586505e+00 2.814412e+00 -1.422890e+00 -3.250319e-01 9.239620e-01 -9.484568e-01 -2.835869e+00 -1.914395e+00 -1.304734e-02
<VARIANCE> 26
 5.114143e+00 3.744634e+00 6.595154e+00 2.015747e+01 1.133965e+01 5.645912e+00 1.978439e+01 2.207417e+01 3.974401e+01 1.520476e+01 1.004591e+01 1.675796e+01 5.000000e-02 1.473482e-01 4.016897e-01 6.644151e-01 6.691210e-01 1.664115e+00 1.567025e+00 1.540707e+00 1.727362e+00 7.017349e-01 1.360858e+00 4.775642e-01 2.434547e-01 5.000000e-02
<GCONST> 6.750588e+01
<STATE> 16
<MEAN> 26
 -7.121863e+00 -1.634076e+01 -1.493056e+01 -1.411749e+01 1.195188e+00 -6.536149e+00 -1.393295e+00 1.170269e+01 9.008801e+00 -3.946489e+00 -1.639002e+01 -7.299657e+00 9.587507e-01 6.318057e-01 -9.761587e-02 -3.638607e-01 -2.473474e-01 2.293392e+00 2.493655e+00 -1.862621e+00 -1.154419e+00 -6.620102e-01 -1.269543e-01 -1.039824e+00 -1.741055e+00 -2.956313e-02
<VARIANCE> 26
 3.315544e+00 9.845572e-01 8.249880e+00 3.289566e+01 8.662506e+00 3.839391e+00 2.270222e+01 2.054185e+01 3.114411e+01 1.469138e+01 6.661500e+00 2.166071e+01 5.000000e-02 1.290217e-01 5.000000e-02 9.477404e-01 7.260432e-01 4.985398e+00 2.436142e+00 1.929499e+00 8.454230e-01 4.001094e+00 3.582854e-01 2.914779e+00 1.976842e-01 5.000000e-02
<GCONST> 6.670470e+01
<STATE> 17
<MEAN> 26
 -6.133429e+00 -1.612665e+01 -1.677147e+01 -1.343336e+01 1.045346e+00 -3.802440e+00 -4.722886e+00 9.071166e+00 5.343825e+00 -3.911939e+00 -1.662333e+01 -1.025807e+01 9.183938e-01 1.048547e+00 1.847721e-01 8.736803e-02 -2.935873e-01 -5.917109e-01 1.900808e+00 -3.022370e+00 -2.641586e+00 -1.844947e+00 8.813350e-01 6.301655e-01 -9.193402e-01 -4.086359e-02
<VARIANCE> 26
 3.033962e+00 4.544444e+00 1.632558e+01 3.346911e+01 2.681083e+01 8.402789e+00 2.093649e+01 7.870363e+00 4.407690e+00 1.362947e+01 7.406917e+00 2.251594e+01 5.000000e-02 1.752596e-01 2.427358e-01 1.144142e+00 1.260611e+00 6.126464e+00 1.219907e+00 3.662132e+00 3.954691e+00 5.094329e+00 1.103099e+00 3.368489e+00 6.148258e-01 5.000000e-02
<GCONST> 7.480226e+01
<STATE> 18
<MEAN> 26
 -4.395366e+00 -1.642020e+01 -1.156594e+01 -1.710620e+01 2.239125e-01 -4.084911e+00 -8.979539e+00 4.441651e+00 3.955987e-01 -2.354078e-01 -1.253911e+01 -1.020243e+01 8.249779e-01 2.089421e+00 -4.336715e-01 2.141022e+00 3.642031e-01 -1.924876e+00 1.249391e+00 -1.937658e+00 -1.722900e+00 -1.664106e+00 1.036376e+00 1.800639e+00 7.844666e-01 -4.800931e-02
<VARIANCE> 26
 3.350601e+00 4.813477e+00 4.026797e+01 3.811980e+01 4.602016e+01 2.646186e+01 8.390826e+00 2.530660e+01 1.248217e+01 1.984470e+01 2.185068e+01 1.911165e+01 5.000000e-02 3.944745e-01 9.039476e-01 2.916917e+00 2.049488e+00 4.733077e+00 1.007743e+00 4.266791e+00 2.820475e+00 4.204758e+00 1.314375e+00 1.175945e+00 1.716265e+00 5.000000e-02
<GCONST> 8.313873e+01
<STATE> 19
<MEAN> 26
 3.757408e-01 -1.757356e+01 -8.876884e+00 -1.206783e+01 -7.820450e+00 -3.573048e-01 -9.691379e+00 1.391485e+00 2.304698e+00 -1.604625e+00 -1.016718e+01 -6.895217e+00 7.641736e-01 1.945493e+00 -6.095381e-01 1.485264e+00 -4.239523e-02 -2.465502e+00 3.821313e-01 -6.753687e-01 -1.567595e+00 -8.192908e-01 -1.455703e+00 1.565296e+00 1.255367e+00 -3.062366e-02
<VARIANCE> 26
 8.142262e+00 1.107080e+01 8.480197e+01 6.140480e+01 7.505141e+01 1.332847e+01 2.220994e+01 2.560383e+01 6.458672e+00 1.070375e+01 1.846921e+01 8.291836e+00 5.000000e-02 6.678566e-01 7.013391e-01 1.187804e+00 1.628656e+00 2.970759e+00 1.374512e+00 4.099249e+00 2.964931e+00 1.936319e+00 4.006018e+00 2.341700e+00 2.447426e+00 5.000000e-02
<GCONST> 8.497176e+01
<STATE> 20
<MEAN> 26
 2.673700e+00 -1.795717e+01 -7.916195e+00 -1.544622e+01 -8.560204e+00 -1.152341e+00 -1.038291e+01 1.639821e+00 8.911593e-03 -5.270710e+00 -9.457013e+00 -6.230979e+00 7.554836e-01 1.564557e+00 9.789944e-02 9.506069e-01 1.209353e-01 -2.069168e+00 -4.589210e-01 1.458122e-01 -1.178450e+00 -1.216518e+00 -1.173068e+00 1.943053e+00 2.726472e-01 -2.102450e-02
<VARIANCE> 26
 1.922169e+01 1.440510e+01 5.104911e+01 2.850551e+01 4.620661e+01 1.735970e+01 4.439433e+01 4.979606e+01 4.524758e+00 3.725483e+01 1.114346e+01 1.150489e+01 5.000000e-02 5.228547e-01 4.981317e-01 2.252632e+00 2.681365e+00 3.710601e+00 1.316938e+00 3.233122e+00 2.075193e+00 7.626405e-01 7.121046e-01 2.612644e+00 9.442653e-01 5.000000e-02
<GCONST> 8.330474e+01
<STATE> 21
<MEAN> 26
 2.614237e+00 -1.737650e+01 -8.320911e+00 -1.382387e+01 -1.095045e+01 -3.013750e+00 -1.067638e+01 1.164938e-01 -2.129428e+00 -3.796060e+00 -4.753906e+00 -5.763360e+00 7.348655e-01 1.339231e+00 6.325719e-01 3.563615e-01 1.431364e+00 -2.257753e+00 9.587703e-02 4.502876e-01 -1.068407e+00 -1.302685e-01 -4.742234e-01 1.860078e+00 7.662972e-01 -2.037652e-02
<VARIANCE> 26
 2.101143e+01 2.081525e+01 6.752553e+01 3.178882e+01 3.399422e+01 1.490946e+01 5.290535e+01 1.148288e+02 7.718743e+00 2.668717e+01 4.167749e+00 1.285851e+01 5.000000e-02 3.577111e-01 8.540519e-02 6.286833e-01 1.234354e+00 2.458052e+00 1.964003e+00 5.054006e-01 1.463022e-01 1.775903e+00 4.099493e-01 7.393452e-01 5.208572e-01 5.000000e-02
<GCONST> 7.375129e+01
<STATE> 22
<MEAN> 26
 4.925919e+00 -1.734158e+01 -6.115845e+00 -1.157130e+01 -1.229821e+01 -5.007032e-01 -7.569415e+00 -1.822992e+00 1.103963e+00 -5.183908e+00 -5.406608e+00 -5.452838e+00 6.925520e-01 1.055802e+00 4.832063e-01 4.872122e-01 1.247760e+00 -7.790945e-01 2.723968e-01 1.363239e+00 -5.919392e-01 1.173726e+00 -5.397317e-01 1.779627e-01 6.688540e-01 -1.654062e-02
<VARIANCE> 26
 1.077483e+01 1.787445e+01 4.949783e+01 1.318380e+01 9.644689e+00 7.277880e+00 5.275307e+01 6.641987e+01 1.943899e+01 8.797171e+00 1.110556e+01 3.465846e+00 5.000000e-02 1.127042e+00 1.912596e-01 2.285232e-01 1.321286e+00 2.583526e+00 1.373739e+00 1.440054e+00 3.250518e+00 2.002234e+00 2.105232e+00 2.239319e+00 1.205669e+00 5.000000e-02
<GCONST> 7.724987e+01
<STATE> 23
<MEAN> 26
 5.998117e+00 -1.532205e+01 -8.413777e+00 -9.521810e+00 -1.425641e+01 -1.316229e+00 -9.653694e+00 -1.421115e+00 -6.510243e-01 -5.647122e+00 -5.493593e+00 -2.922221e+00 7.091970e-01 1.212108e+00 -2.544274e-01 6.073152e-01 7.463071e-02 1.044634e-02 -1.043664e+00 1.473079e+00 -1.129011e+00 7.616636e-01 -2.989575e-01 -9.316906e-01 5.358722e-01 -1.134460e-02
<VARIANCE> 26
 5.280419e+00 9.219556e+00 4.940492e+01 1.888245e+01 1.944079e+01 1.690025e+00 2.196228e+01 1.736478e+01 1.825661e+01 6.324294e+00 1.311558e+01 3.934088e+00 5.000000e-02 1.392187e+00 7.070864e-01 1.130799e+00 1.227445e+00 6.739326e-01 7.052581e-01 4.049088e+00 8.149472e+00 7.328550e-01 1.424866e+00 3.306475e+00 1.036238e+00 5.000000e-02
<GCONST> 7.498476e+01
<STATE> 24
<MEAN> 26
 7.483338e+00 -1.691284e+01 -5.847820e+00 -1.139726e+01 -1.215815e+01 -3.444413e+00 -3.834544e+00 -3.105703e+00 3.046800e+00 -7.095480e+00 -8.072209e+00 -4.597686e+00 6.735423e-01 6.392570e-01 8.105451e-02 -2.060127e-01 4.494643e-01 6.349998e-01 -1.995177e+00 1.203122e+00 -1.927955e-02 6.245686e-02 -9.142345e-01 -7.057165e-02 -1.392468e-01 -1.282782e-02
<VARIANCE> 26
 8.001860e+00 5.754359e+00 3.367832e+01 9.304361e+00 1.232993e+01 6.243613e+00 1.982606e+00 1.058362e+01 3.001967e+01 7.201033e+00 2.017264e+01 4.893592e+00 5.000000e-02 4.464493e-01 4.612042e-01 2.106921e+00 1.086998e+00 4.640069e-01 4.285782e-01 7.348971e+00 4.506289e+00 1.016005e+00 4.660654e-01 1.245773e+00 2.995158e-01 5.000000e-02
<GCONST> 6.812577e+01
<STATE> 25
<MEAN> 26
 7.847061e+00 -1.662067e+01 -7.256200e+00 -1.074646e+01 -1.134102e+01 -6.225992e+00 -5.020379e+00 -2.970365e+00 2.877006e+00 -8.125893e+00 -6.879524e+00 -5.713852e+00 6.735437e-01 2.282542e-01 -9.264696e-02 3.242197e-01 2.021781e-01 2.741229e-01 -2.105838e+00 1.561097e+00 -1.717218e-01 1.965171e-01 -4.890722e-01 3.894965e-01 1.751773e-01 -1.592889e-02
<VARIANCE> 26
 5.146112e+00 7.942062e+00 4.171467e+01 1.259133e+00 9.709046e+00 1.532600e+01 4.799706e+00 1.074376e+01 3.116705e+01 5.681239e+00 1.771652e+01 3.878373e+00 5.000000e-02 5.000000e-02 4.715725e-01 1.739700e+00 2.204938e+00 5.253439e-01 1.372263e+00 2.288176e+00 1.897751e+00 5.797310e-01 3.997738e-01 5.723461e-02 1.121109e+00 5.000000e-02
<GCONST> 6.234681e+01
<STATE> 26
<MEAN> 26
 7.050601e+00 -1.639028e+01 -6.417196e+00 -9.177865e+00 -1.083877e+01 -9.290144e+00 -2.341128e+00 -1.419550e+00 2.995370e+00 -8.647706e+00 -5.522704e+00 -1.343404e+00 6.282460e-01 -9.766424e-02 3.396841e-01 3.435958e-01 3.186687e-01 6.211414e-01 -1.255467e+00 5.569363e-01 2.646982e-01 2.226482e-01 3.189290e-02 3.662555e-01 4.205650e-01 -1.815684e-02
<VARIANCE> 26
 5.153833e+00 5.770750e+00 9.935420e+00 1.564887e+00 1.711423e+00 2.000834e+01 1.273489e+01 1.019856e+01 3.178250e+01 9.183130e+00 2.596863e+01 1.814755e+01 5.000000e-02 5.552404e-02 4.840672e-01 1.763306e+00 1.232353e+00 1.830520e-01 2.240587e+00 5.653157e-01 3.372251e-01 2.638455e-01 7.218126e-01 5.510675e-01 2.905183e-01 5.000000e-02
<GCONST> 5.928225e+01
<STATE> 27
<MEAN> 26
 8.179462e+00 -1.529796e+01 -6.038438e+00 -1.033147e+01 -1.059267e+01 -9.153423e+00 -5.130087e-01 -2.633291e+00 1.065485e+00 -6.348528e+00 -5.905568e+00 -5.186323e+00 6.375067e-01 -2.126840e-01 2.620118e-01 -7.790968e-02 -2.215785e-01 6.673217e-01 3.767072e-01 4.358444e-01 1.349508e-02 6.994932e-01 1.023500e+00 6.758803e-01 2.854932e-01 -2.004527e-02
<VARIANCE> 26
 3.752708e+00 5.587396e+00 1.493303e+01 7.420870e+00 8.353968e+00 2.116007e+01 2.971726e+00 2.157393e+01 2.083507e+01 7.327036e+00 7.212724e+00 9.418248e-01 5.000000e-02 6.919393e-02 3.341824e-01 6.179940e-01 9.375550e-02 3.405292e-01 5.534977e-01 1.779373e+00 4.477951e-01 5.524712e-01 1.358345e+00 1.762977e+00 8.042346e-01 5.000000e-02
<GCONST> 5.737468e+01
<STATE> 28
<MEAN> 26
 7.229252e+00 -1.628334e+01 -6.108916e+00 -9.548603e+00 -9.325300e+00 -7.851287e+00 -1.913454e+00 -2.118602e+00 3.887877e+00 -5.782690e+00 -3.295424e+00 -2.812837e+00 5.861711e-01 -2.833749e-01 4.301678e-01 -9.868174e-01 -1.356273e-01 6.579384e-01 3.038667e-01 -4.330001e-01 -4.828640e-01 4.312574e-01 1.951108e-01 4.868353e-01 6.628750e-02 -2.502448e-02
<VARIANCE> 26
 3.038231e+00 3.150918e+00 1.323344e+01 2.424814e+00 8.859923e+00 8.163619e+00 2.289741e+01 4.909081e+00 2.965520e+01 7.269612e+00 6.905231e+00 2.645036e+00 5.000000e-02 5.000000e-02 2.467379e-01 3.627536e-01 8.272768e-01 2.501943e-01 8.727707e-01 3.670417e-01 4.515968e-01 8.312060e-01 9.703692e-01 1.564584e+00 1.762590e+00 5.000000e-02
<GCONST> 5.668425e+01
<STATE> 29
<MEAN> 26
 6.195954e+00 -1.494286e+01 -8.536597e+00 -1.011250e+01 -8.452160e+00 -8.895960e+00 -2.756989e+00 -2.083063e+00 5.322984e+00 -5.508607e+00 -4.525625e+00 -1.730044e+00 5.317769e-01 -4.272426e-01 5.555427e-01 -4.300956e-01 -2.620020e-02 2.000193e-01 -3.167349e-01 -8.905203e-02 -5.383214e-02 -7.183694e-01 -6.381059e-01 2.656009e-01 4.007230e-01 -2.812354e-02
<VARIANCE> 26
 5.576122e+00 7.274818e+00 4.445961e+00 5.073441e+00 3.077928e+00 9.463810e+00 5.717166e+00 1.086828e+01 8.408839e+00 9.206916e+00 5.639414e+00 7.719838e+00 5.000000e-02 1.247487e-01 2.044308e-01 1.733915e-01 1.050360e+00 1.019053e+00 6.977961e-01 8.317052e-01 1.513454e-01 1.113557e+00 5.354559e-01 3.072249e-01 1.377639e+00 5.000000e-02
<GCONST> 5.507378e+01
<STATE> 30
<MEAN> 26
 5.987844e+00 -1.367494e+01 -7.425659e+00 -9.900765e+00 -7.509254e+00 -8.342291e+00 -2.795644e+00 -2.734457e+00 2.036302e+00 -7.906332e+00 -3.232879e+00 -2.998909e+00 5.261418e-01 -3.931201e-01 1.176433e+00 5.898467e-01 8.388229e-01 9.373407e-01 -2.100841e-01 4.349917e-01 2.925106e-01 -1.005328e+00 1.055366e-01 -3.815508e-02 -5.481391e-01 -3.287767e-02
<VARIANCE> 26
 4.995142e+00 1.200055e+01 6.121700e+00 1.435102e+01 1.810753e+00 8.303900e+00 3.938229e+00 1.199126e+01 8.386159e+00 7.381063e+00 3.638290e+00 1.776847e+01 5.000000e-02 3.314145e-01 1.267927e-01 1.081736e+00 1.159763e+00 7.770631e-01 9.805830e-01 1.101614e+00 1.880593e+00 5.378159e-01 1.088106e+00 2.268677e-01 3.397927e-01 5.000000e-02
<GCONST> 5.963735e+01
<STATE> 31
<MEAN> 26
 5.627683e+00 -1.140162e+01 -6.530857e+00 -8.714410e+00 -7.714198e+00 -9.239161e+00 -1.235420e+00 -6.300447e-01 9.244720e-01 -6.349196e+00 -3.480278e+00 -2.977251e+00 4.526233e-01 -1.071807e+00 1.220980e+00 7.683074e-01 8.803843e-01 8.519651e-01 1.478094e-01 5.056624e-01 -2.096908e-01 -9.863026e-01 -6.916394e-01 -2.924626e-01 -4.619652e-01 -4.843528e-02
<VARIANCE> 26
 1.219130e+01 1.681707e+01 8.940165e+00 2.140803e+01 6.331023e+00 1.278030e+01 8.231703e+00 1.896966e+01 1.514068e+01 1.220155e+01 1.318682e+01 6.430507e+00 5.000000e-02 4.634339e-01 1.460493e-01 7.647143e-01 5.005778e-01 1.144621e-01 1.741537e+00 6.995238e-01 6.567531e-01 1.029300e+00 5.030938e-01 1.396945e+00 8.568990e-01 5.000000e-02
<GCONST> 6.495226e+01
<STATE> 32
<MEAN> 26
 3.765957e+00 -9.899404e+00 -6.011306e+00 -6.674806e+00 -4.609679e+00 -6.917860e+00 -1.022456e-02 -3.258970e+00 3.455076e-01 -6.904353e+00 -5.145416e+00 -4.232622e+00 4.051183e-01 -1.255248e+00 9.708158e-01 1.177433e+00 1.477049e+00 1.037271e+00 -2.641136e-01 5.296499e-01 3.367276e-01 -5.474509e-01 -4.923171e-02 -4.934381e-01 -3.741114e-01 -5.722985e-02
<VARIANCE> 26
 1.738774e+01 1.081256e+01 1.168684e+01 1.470977e+01 4.129746e+00 8.619716e+00 9.473029e+00 1.430064e+01 2.019394e+01 7.572403e+00 1.151260e+01 7.042855e+00 5.000000e-02 2.803515e-01 2.863327e-01 3.754534e-01 4.479081e-01 7.407882e-01 1.529677e+00 1.434465e-01 1.137938e+00 6.506075e-01 1.106891e+00 1.424866e+00 1.841847e+00 5.000000e-02
<GCONST> 6.472705e+01
<STATE> 33
<MEAN> 26
 2.614132e+00 -1.016804e+01 -5.255957e+00 -6.384183e+00 -4.989675e+00 -1.085556e+01 -1.199157e+00 -2.974140e+00 -2.383993e+00 -1.053632e+01 -6.415002e+00 -4.582091e+00 3.458800e-01 -1.542176e+00 7.234397e-01 1.399663e+00 1.417655e+00 1.169945e+00 3.786830e-02 4.797748e-01 5.254487e-01 -2.229590e-02 1.868854e-01 4.262860e-01 -4.524856e-01 -6.394861e-02
<VARIANCE> 26
 2.312835e+01 5.467058e+00 1.028925e+01 2.006889e+01 1.902959e+00 1.133072e+01 3.459402e+00 3.620532e+00 1.668032e+01 2.498340e+00 4.252481e+00 2.950023e+00 5.000000e-02 4.705510e-01 7.637539e-01 8.322549e-01 1.490153e+00 6.152796e-01 9.096466e-01 2.441613e-01 6.280497e-01 1.143257e+00 5.403624e-01 6.578557e-01 5.204881e-01 5.000000e-02
<GCONST> 5.900429e+01
<STATE> 34
<MEAN> 26
 -1.334286e-01 -9.478251e+00 -1.842238e+00 -2.681165e+00 -2.430302e+00 -8.406026e+00 7.717094e-01 -1.036074e-01 7.772757e-01 -5.630378e+00 -3.272695e+00 -4.409175e+00 2.285562e-01 -1.094520e+00 4.326310e-01 7.306394e-01 8.622785e-01 1.828448e+00 1.160464e+00 2.101681e-01 6.193982e-01 9.583179e-01 1.437742e+00 1.037428e+00 -9.890191e-02 -4.553001e-02
<VARIANCE> 26
 3.329180e+00 5.464174e+00 3.199588e+00 2.303925e+00 6.106248e+00 5.883615e+00 1.071475e+01 1.028964e+01 9.838062e+00 1.307645e+01 2.163977e+01 1.387800e+01 5.000000e-02 9.124831e-01 3.731484e-01 1.094961e+00 1.392238e+00 7.480251e-01 1.348559e+00 2.818044e-01 7.055408e-01 5.799615e-01 1.399417e+00 2.774388e+00 9.545659e-01 5.000000e-02
<GCONST> 6.404089e+01
<STATE> 35
<MEAN> 26
 -1.260399e+00 -7.359244e+00 -7.445941e-01 -2.807773e+00 3.086897e-01 -4.414935e+00 1.330560e+00 4.851069e-01 2.835453e+00 -4.960681e+00 -2.971253e+00 -6.741938e+00 1.963272e-01 -1.468845e+00 -1.212253e-01 1.976307e-01 -8.932533e-03 5.102718e-01 1.193489e+00 -2.273092e-01 5.165469e-01 1.095291e+00 5.481053e-01 6.808599e-01 1.992375e-01 -6.014755e-02
<VARIANCE> 26
 4.155804e+00 7.519237e+00 6.353527e+00 5.587411e+00 1.339499e+01 3.318746e+00 4.311985e+00 7.163487e+00 1.719137e+01 8.394288e+00 1.431293e+01 1.344665e+01 5.000000e-02 3.842780e-01 4.119152e-01 8.634179e-01 1.106689e+00 6.595836e-01 2.883223e-01 6.653289e-01 6.572690e-01 1.772879e+00 1.717925e+00 1.212578e+00 5.022212e-01 5.000000e-02
<GCONST> 6.250353e+01
<STATE> 36
<MEAN> 26
 -2.971565e+00 -8.550467e+00 -1.652634e+00 -2.487711e+00 5.389024e-01 -5.731837e+00 -1.915434e+00 -9.546216e-01 2.888103e+00 -3.931651e+00 -1.611058e+00 -3.626662e+00 1.143914e-01 -1.044547e+00 -9.563931e-02 1.069719e-01 -6.277775e-02 -1.444755e-01 4.284839e-02 1.986341e-01 6.496459e-01 5.214260e-01 1.844055e-01 7.789491e-01 9.698999e-01 -4.383979e-02
<VARIANCE> 26
 5.353420e-01 2.817297e+00 4.917521e+00 9.734373e+00 6.296562e+00 4.574955e+00 3.665908e+00 6.547513e+00 3.866193e+01 7.309875e+00 1.883694e+01 9.485964e+00 5.000000e-02 2.256009e-01 9.287688e-01 1.288305e+00 3.064101e-01 1.400663e+00 4.579181e-01 6.745329e-01 1.467989e+00 1.322006e+00 2.341269e+00 2.022307e+00 5.862925e-01 5.000000e-02
<GCONST> 6.179500e+01
<STATE> 37
<MEAN> 26
 -4.362926e+00 -9.642060e+00 -2.264352e+00 -3.510634e+00 -9.511814e-01 -6.155998e+00 5.508602e-01 2.552161e+00 4.283036e+00 -4.762819e+00 -5.369655e-01 -3.094555e+00 6.330473e-02 -8.621414e-01 -5.350813e-01 3.293989e-02 2.275468e-01 -4.193449e-02 2.452803e-01 5.057624e-01 1.842112e-01 -2.101156e-01 2.920670e-01 9.050112e-01 1.091167e+00 -3.425282e-02
<VARIANCE> 26
 2.353817e+00 2.030306e+00 4.099036e+00 7.644070e+00 1.253272e+01 2.930234e+00 9.284466e+00 5.223179e+00 6.042511e+00 1.209374e+01 5.154143e+00 1.160781e+01 5.000000e-02 1.493481e-01 5.503225e-01 7.989230e-01 9.068179e-02 3.452023e-01 4.363191e-01 9.331625e-01 4.075879e-01 2.152534e+00 5.259303e-01 1.094029e+00 8.527324e-01 5.000000e-02
<GCONST> 5.474143e+01
<STATE> 38
<MEAN> 26
 -4.814317e+00 -9.706406e+00 -1.925494e+00 -3.381087e+00 -7.308179e-02 -5.311967e+00 2.535750e+00 1.928474e+00 2.628057e+00 -3.039685e+00 1.147387e+00 -1.358032e+00 3.769466e-02 -3.849525e-01 -2.725214e-01 2.655884e-02 2.445655e-01 2.161898e-01 3.110706e-01 6.583051e-01 8.128239e-02 -3.762904e-01 4.197604e-03 3.518447e-01 8.749549e-01 -1.619608e-02
<VARIANCE> 26
 1.294727e+00 1.682795e+00 4.287335e+00 5.916704e+00 9.846505e+00 8.707636e+00 2.172260e+01 2.039617e+01 7.560296e+00 1.101894e+00 9.273997e+00 6.849844e+00 5.000000e-02 8.167856e-02 1.174059e-01 4.453754e-01 1.120304e+00 9.470515e-01 9.093714e-01 1.002574e+00 5.477658e-01 4.044688e+00 1.051422e+00 1.049875e+00 2.045968e-01 5.000000e-02
<GCONST> 5.644038e+01
<TRANSP> 39
 0.000000e+00 1.000000e+00 0.000000e+00 0.000000e+00 0.000000e+00 0.000000e+00 0.000000e+00 0.000000e+00 0.000000e+00 0.000000e+00 0.000000e+00 0.000000e+00 0.000000e+00 0.000000e+00 0.000000e+00 0.000000e+00 0.000000e+00 0.000000e+00 0.000000e+00 0.000000e+00 0.000000e+00 0.000000e+00 0.000000e+00 0.000000e+00 0.000000e+00 0.000000e+00 0.000000e+00 0.000000e+00 0.000000e+00 0.000000e+00 0.000000e+00 0.000000e+00 0.000000e+00 0.000000e+00 0.000000e+00 0.000000e+00 0.000000e+00 0.000000e+00 0.000000e+00
 0.000000e+00 3.680889e-01 6.319111e-01 0.000000e+00 0.000000e+00 0.000000e+00 0.000000e+00 0.000000e+00 0.000000e+00 0.000000e+00 0.000000e+00 0.000000e+00 0.000000e+00 0.000000e+00 0.000000e+00 0.000000e+00 0.000000e+00 0.000000e+00 0.000000e+00 0.000000e+00 0.000000e+00 0.000000e+00 0.000000e+00 0.000000e+00 0.000000e+00 0.000000e+00 0.000000e+00 0.000000e+00 0.000000e+00 0.000000e+00 0.000000e+00 0.000000e+00 0.000000e+00 0.000000e+00 0.000000e+00 0.000000e+00 0.000000e+00 0.000000e+00 0.000000e+00
 0.000000e+00 0.000000e+00 0.000000e+00 1.000000e+00 0.000000e+00 0.000000e+00 0.000000e+00 0.000000e+00 0.000000e+00 0.000000e+00 0.000000e+00 0.000000e+00 0.000000e+00 0.000000e+00 0.000000e+00 0.000000e+00 0.000000e+00 0.000000e+00 0.000000e+00 0.000000e+00 0.000000e+00 0.000000e+00 0.000000e+00 0.000000e+00 0.000000e+00 0.000000e+00 0.000000e+00 0.000000e+00 0.000000e+00 0.000000e+00 0.000000e+00 0.000000e+00 0.000000e+00 0.000000e+00 0.000000e+00 0.000000e+00 0.000000e+00 0.000000e+00 0.000000e+00
 0.000000e+00 0.000000e+00 0.000000e+00 1.897145e-23 1.000000e+00 0.000000e+00 0.000000e+00 0.000000e+00 0.000000e+00 0.000000e+00 0.000000e+00 0.000000e+00 0.000000e+00 0.000000e+00 0.000000e+00 0.000000e+00 0.000000e+00 0.000000e+00 0.000000e+00 0.000000e+00 0.000000e+00 0.000000e+00 0.000000e+00 0.000000e+00 0.000000e+00 0.000000e+00 0.000000e+00 0.000000e+00 0.000000e+00 0.000000e+00 0.000000e+00 0.000000e+00 0.000000e+00 0.000000e+00 0.000000e+00 0.000000e+00 0.000000e+00 0.000000e+00 0.000000e+00
 0.000000e+00 0.000000e+00 0.000000e+00 0.000000e+00 2.837576e-01 7.162424e-01 0.000000e+00 0.000000e+00 0.000000e+00 0.000000e+00 0.000000e+00 0.000000e+00 0.000000e+00 0.000000e+00 0.000000e+00 0.000000e+00 0.000000e+00 0.000000e+00 0.000000e+00 0.000000e+00 0.000000e+00 0.000000e+00 0.000000e+00 0.000000e+00 0.000000e+00 0.000000e+00 0.000000e+00 0.000000e+00 0.000000e+00 0.000000e+00 0.000000e+00 0.000000e+00 0.000000e+00 0.000000e+00 0.000000e+00 0.000000e+00 0.000000e+00 0.000000e+00 0.000000e+00
 0.000000e+00 0.000000e+00 0.000000e+00 0.000000e+00 0.000000e+00 5.002562e-01 4.997438e-01 0.000000e+00 0.000000e+00 0.000000e+00 0.000000e+00 0.000000e+00 0.000000e+00 0.000000e+00 0.000000e+00 0.000000e+00 0.000000e+00 0.000000e+00 0.000000e+00 0.000000e+00 0.000000e+00 0.000000e+00 0.000000e+00 0.000000e+00 0.000000e+00 0.000000e+00 0.000000e+00 0.000000e+00 0.000000e+00 0.000000e+00 0.000000e+00 0.000000e+00 0.000000e+00 0.000000e+00 0.000000e+00 0.000000e+00 0.000000e+00 0.000000e+00 0.000000e+00
 0.000000e+00 0.000000e+00 0.000000e+00 0.000000e+00 0.000000e+00 0.000000e+00 1.686097e-01 8.313903e-01 0.000000e+00 0.000000e+00 0.000000e+00 0.000000e+00 0.000000e+00 0.000000e+00 0.000000e+00 0.000000e+00 0.000000e+00 0.000000e+00 0.000000e+00 0.000000e+00 0.000000e+00 0.000000e+00 0.000000e+00 0.000000e+00 0.000000e+00 0.000000e+00 0.000000e+00 0.000000e+00 0.000000e+00 0.000000e+00 0.000000e+00 0.000000e+00 0.000000e+00 0.000000e+00 0.000000e+00 0.000000e+00 0.000000e+00 0.000000e+00 0.000000e+00
 0.000000e+00 0.000000e+00 0.000000e+00 0.000000e+00 0.000000e+00 0.000000e+00 0.000000e+00 0.000000e+00 1.000000e+00 0.000000e+00 0.000000e+00 0.000000e+00 0.000000e+00 0.000000e+00 0.000000e+00 0.000000e+00 0.000000e+00 0.000000e+00 0.000000e+00 0.000000e+00 0.000000e+00 0.000000e+00 0.000000e+00 0.000000e+00 0.000000e+00 0.000000e+00 0.000000e+00 0.000000e+00 0.000000e+00 0.000000e+00 0.000000e+00 0.000000e+00 0.000000e+00 0.000000e+00 0.000000e+00 0.000000e+00 0.000000e+00 0.000000e+00 0.000000e+00
 0.000000e+00 0.000000e+00 0.000000e+00 0.000000e+00 0.000000e+00 0.000000e+00 0.000000e+00 0.000000e+00 0.000000e+00 1.000000e+00 0.000000e+00 0.000000e+00 0.000000e+00 0.000000e+00 0.000000e+00 0.000000e+00 0.000000e+00 0.000000e+00 0.000000e+00 0.000000e+00 0.000000e+00 0.000000e+00 0.000000e+00 0.000000e+00 0.000000e+00 0.000000e+00 0.000000e+00 0.000000e+00 0.000000e+00 0.000000e+00 0.000000e+00 0.000000e+00 0.000000e+00 0.000000e+00 0.000000e+00 0.000000e+00 0.000000e+00 0.000000e+00 0.000000e+00
 0.000000e+00 0.000000e+00 0.000000e+00 0.000000e+00 0.000000e+00 0.000000e+00 0.000000e+00 0.000000e+00 0.000000e+00 1.666678e-01 8.333321e-01 0.000000e+00 0.000000e+00 0.000000e+00 0.000000e+00 0.000000e+00 0.000000e+00 0.000000e+00 0.000000e+00 0.000000e+00 0.000000e+00 0.000000e+00 0.000000e+00 0.000000e+00 0.000000e+00 0.000000e+00 0.000000e+00 0.000000e+00 0.000000e+00 0.000000e+00 0.000000e+00 0.000000e+00 0.000000e+00 0.000000e+00 0.000000e+00 0.000000e+00 0.000000e+00 0.000000e+00 0.000000e+00
 0.000000e+00 0.000000e+00 0.000000e+00 0.000000e+00 0.000000e+00 0.000000e+00 0.000000e+00 0.000000e+00 0.000000e+00 0.000000e+00 0.000000e+00 1.000000e+00 0.000000e+00 0.000000e+00 0.000000e+00 0.000000e+00 0.000000e+00 0.000000e+00 0.000000e+00 0.000000e+00 0.000000e+00 0.000000e+00 0.000000e+00 0.000000e+00 0.000000e+00 0.000000e+00 0.000000e+00 0.000000e+00 0.000000e+00 0.000000e+00 0.000000e+00 0.000000e+00 0.000000e+00 0.000000e+00 0.000000e+00 0.000000e+00 0.000000e+00 0.000000e+00 0.000000e+00
 0.000000e+00 0.000000e+00 0.000000e+00 0.000000e+00 0.000000e+00 0.000000e+00 0.000000e+00 0.000000e+00 0.000000e+00 0.000000e+00 0.000000e+00 2.857113e-01 7.142887e-01 0.000000e+00 0.000000e+00 0.000000e+00 0.000000e+00 0.000000e+00 0.000000e+00 0.000000e+00 0.000000e+00 0.000000e+00 0.000000e+00 0.000000e+00 0.000000e+00 0.000000e+00 0.000000e+00 0.000000e+00 0.000000e+00 0.000000e+00 0.000000e+00 0.000000e+00 0.000000e+00 0.000000e+00 0.000000e+00 0.000000e+00 0.000000e+00 0.000000e+00 0.000000e+00
 0.000000e+00 0.000000e+00 0.000000e+00 0.000000e+00 0.000000e+00 0.000000e+00 0.000000e+00 0.000000e+00 0.000000e+00 0.000000e+00 0.000000e+00 0.000000e+00 1.666337e-01 8.333663e-01 0.000000e+00 0.000000e+00 0.000000e+00 0.000000e+00 0.000000e+00 0.000000e+00 0.000000e+00 0.000000e+00 0.000000e+00 0.000000e+00 0.000000e+00 0.000000e+00 0.000000e+00 0.000000e+00 0.000000e+00 0.000000e+00 0.000000e+00 0.000000e+00 0.000000e+00 0.000000e+00 0.000000e+00 0.000000e+00 0.000000e+00 0.000000e+00 0.000000e+00
 0.000000e+00 0.000000e+00 0.000000e+00 0.000000e+00 0.000000e+00 0.000000e+00 0.000000e+00 0.000000e+00 0.000000e+00 0.000000e+00 0.000000e+00 0.000000e+00 0.000000e+00 5.454659e-01 4.545341e-01 0.000000e+00 0.000000e+00 0.000000e+00 0.000000e+00 0.000000e+00 0.000000e+00 0.000000e+00 0.000000e+00 0.000000e+00 0.000000e+00 0.000000e+00 0.000000e+00 0.000000e+00 0.000000e+00 0.000000e+00 0.000000e+00 0.000000e+00 0.000000e+00 0.000000e+00 0.000000e+00 0.000000e+00 0.000000e+00 0.000000e+00 0.000000e+00
 0.000000e+00 0.000000e+00 0.000000e+00 0.000000e+00 0.000000e+00 0.000000e+00 0.000000e+00 0.000000e+00 0.000000e+00 0.000000e+00 0.000000e+00 0.000000e+00 0.000000e+00 0.000000e+00 2.839550e-12 1.000000e+00 0.000000e+00 0.000000e+00 0.000000e+00 0.000000e+00 0.000000e+00 0.000000e+00 0.000000e+00 0.000000e+00 0.000000e+00 0.000000e+00 0.000000e+00 0.000000e+00 0.000000e+00 0.000000e+00 0.000000e+00 0.000000e+00 0.000000e+00 0.000000e+00 0.000000e+00 0.000000e+00 0.000000e+00 0.000000e+00 0.000000e+00
 0.000000e+00 0.000000e+00 0.000000e+00 0.000000e+00 0.000000e+00 0.000000e+00 0.000000e+00 0.000000e+00 0.000000e+00 0.000000e+00 0.000000e+00 0.000000e+00 0.000000e+00 0.000000e+00 0.000000e+00 0.000000e+00 1.000000e+00 0.000000e+00 0.000000e+00 0.000000e+00 0.000000e+00 0.000000e+00 0.000000e+00 0.000000e+00 0.000000e+00 0.000000e+00 0.000000e+00 0.000000e+00 0.000000e+00 0.000000e+00 0.000000e+00 0.000000e+00 0.000000e+00 0.000000e+00 0.000000e+00 0.000000e+00 0.000000e+00 0.000000e+00 0.000000e+00
 0.000000e+00 0.000000e+00 0.000000e+00 0.000000e+00 0.000000e+00 0.000000e+00 0.000000e+00 0.000000e+00 0.000000e+00 0.000000e+00 0.000000e+00 0.000000e+00 0.000000e+00 0.000000e+00 0.000000e+00 0.000000e+00 1.666634e-01 8.333366e-01 0.000000e+00 0.000000e+00 0.000000e+00 0.000000e+00 0.000000e+00 0.000000e+00 0.000000e+00 0.000000e+00 0.000000e+00 0.000000e+00 0.000000e+00 0.000000e+00 0.000000e+00 0.000000e+00 0.000000e+00 0.000000e+00 0.000000e+00 0.000000e+00 0.000000e+00 0.000000e+00 0.000000e+00
 0.000000e+00 0.000000e+00 0.000000e+00 0.000000e+00 0.000000e+00 0.000000e+00 0.000000e+00 0.000000e+00 0.000000e+00 0.000000e+00 0.000000e+00 0.000000e+00 0.000000e+00 0.000000e+00 0.000000e+00 0.000000e+00 0.000000e+00 2.856868e-01 7.143133e-01 0.000000e+00 0.000000e+00 0.000000e+00 0.000000e+00 0.000000e+00 0.000000e+00 0.000000e+00 0.000000e+00 0.000000e+00 0.000000e+00 0.000000e+00 0.000000e+00 0.000000e+00 0.000000e+00 0.000000e+00 0.000000e+00 0.000000e+00 0.000000e+00 0.000000e+00 0.000000e+00
 0.000000e+00 0.000000e+00 0.000000e+00 0.000000e+00 0.000000e+00 0.000000e+00 0.000000e+00 0.000000e+00 0.000000e+00 0.000000e+00 0.000000e+00 0.000000e+00 0.000000e+00 0.000000e+00 0.000000e+00 0.000000e+00 0.000000e+00 0.000000e+00 2.853436e-01 7.146565e-01 0.000000e+00 0.000000e+00 0.000000e+00 0.000000e+00 0.000000e+00 0.000000e+00 0.000000e+00 0.000000e+00 0.000000e+00 0.000000e+00 0.000000e+00 0.000000e+00 0.000000e+00 0.000000e+00 0.000000e+00 0.000000e+00 0.000000e+00 0.000000e+00 0.000000e+00
 0.000000e+00 0.000000e+00 0.000000e+00 0.000000e+00 0.000000e+00 0.000000e+00 0.000000e+00 0.000000e+00 0.000000e+00 0.000000e+00 0.000000e+00 0.000000e+00 0.000000e+00 0.000000e+00 0.000000e+00 0.000000e+00 0.000000e+00 0.000000e+00 0.000000e+00 1.672131e-01 8.327869e-01 0.000000e+00 0.000000e+00 0.000000e+00 0.000000e+00 0.000000e+00 0.000000e+00 0.000000e+00 0.000000e+00 0.000000e+00 0.000000e+00 0.000000e+00 0.000000e+00 0.000000e+00 0.000000e+00 0.000000e+00 0.000000e+00 0.000000e+00 0.000000e+00
 0.000000e+00 0.000000e+00 0.000000e+00 0.000000e+00 0.000000e+00 0.000000e+00 0.000000e+00 0.000000e+00 0.000000e+00 0.000000e+00 0.000000e+00 0.000000e+00 0.000000e+00 0.000000e+00 0.000000e+00 0.000000e+00 0.000000e+00 0.000000e+00 0.000000e+00 0.000000e+00 2.687422e-38 1.000000e+00 0.000000e+00 0.000000e+00 0.000000e+00 0.000000e+00 0.000000e+00 0.000000e+00 0.000000e+00 0.000000e+00 0.000000e+00 0.000000e+00 0.000000e+00 0.000000e+00 0.000000e+00 0.000000e+00 0.000000e+00 0.000000e+00 0.000000e+00
 0.000000e+00 0.000000e+00 0.000000e+00 0.000000e+00 0.000000e+00 0.000000e+00 0.000000e+00 0.000000e+00 0.000000e+00 0.000000e+00 0.000000e+00 0.000000e+00 0.000000e+00 0.000000e+00 0.000000e+00 0.000000e+00 0.000000e+00 0.000000e+00 0.000000e+00 0.000000e+00 0.000000e+00 2.854411e-01 7.145589e-01 0.000000e+00 0.000000e+00 0.000000e+00 0.000000e+00 0.000000e+00 0.000000e+00 0.000000e+00 0.000000e+00 0.000000e+00 0.000000e+00 0.000000e+00 0.000000e+00 0.000000e+00 0.000000e+00 0.000000e+00 0.000000e+00
 0.000000e+00 0.000000e+00 0.000000e+00 0.000000e+00 0.000000e+00 0.000000e+00 0.000000e+00 0.000000e+00 0.000000e+00 0.000000e+00 0.000000e+00 0.000000e+00 0.000000e+00 0.000000e+00 0.000000e+00 0.000000e+00 0.000000e+00 0.000000e+00 0.000000e+00 0.000000e+00 0.000000e+00 0.000000e+00 1.667242e-01 8.332759e-01 0.000000e+00 0.000000e+00 0.000000e+00 0.000000e+00 0.000000e+00 0.000000e+00 0.000000e+00 0.000000e+00 0.000000e+00 0.000000e+00 0.000000e+00 0.000000e+00 0.000000e+00 0.000000e+00 0.000000e+00
 0.000000e+00 0.000000e+00 0.000000e+00 0.000000e+00 0.000000e+00 0.000000e+00 0.000000e+00 0.000000e+00 0.000000e+00 0.000000e+00 0.000000e+00 0.000000e+00 0.000000e+00 0.000000e+00 0.000000e+00 0.000000e+00 0.000000e+00 0.000000e+00 0.000000e+00 0.000000e+00 0.000000e+00 0.000000e+00 0.000000e+00 2.858892e-01 7.141108e-01 0.000000e+00 0.000000e+00 0.000000e+00 0.000000e+00 0.000000e+00 0.000000e+00 0.000000e+00 0.000000e+00 0.000000e+00 0.000000e+00 0.000000e+00 0.000000e+00 0.000000e+00 0.000000e+00
 0.000000e+00 0.000000e+00 0.000000e+00 0.000000e+00 0.000000e+00 0.000000e+00 0.000000e+00 0.000000e+00 0.000000e+00 0.000000e+00 0.000000e+00 0.000000e+00 0.000000e+00 0.000000e+00 0.000000e+00 0.000000e+00 0.000000e+00 0.000000e+00 0.000000e+00 0.000000e+00 0.000000e+00 0.000000e+00 0.000000e+00 0.000000e+00 0.000000e+00 1.000000e+00 0.000000e+00 0.000000e+00 0.000000e+00 0.000000e+00 0.000000e+00 0.000000e+00 0.000000e+00 0.000000e+00 0.000000e+00 0.000000e+00 0.000000e+00 0.000000e+00 0.000000e+00
 0.000000e+00 0.000000e+00 0.000000e+00 0.000000e+00 0.000000e+00 0.000000e+00 0.000000e+00 0.000000e+00 0.000000e+00 0.000000e+00 0.000000e+00 0.000000e+00 0.000000e+00 0.000000e+00 0.000000e+00 0.000000e+00 0.000000e+00 0.000000e+00 0.000000e+00 0.000000e+00 0.000000e+00 0.000000e+00 0.000000e+00 0.000000e+00 0.000000e+00 2.858515e-01 7.141485e-01 0.000000e+00 0.000000e+00 0.000000e+00 0.000000e+00 0.000000e+00 0.000000e+00 0.000000e+00 0.000000e+00 0.000000e+00 0.000000e+00 0.000000e+00 0.000000e+00
 0.000000e+00 0.000000e+00 0.000000e+00 0.000000e+00 0.000000e+00 0.000000e+00 0.000000e+00 0.000000e+00 0.000000e+00 0.000000e+00 0.000000e+00 0.000000e+00 0.000000e+00 0.000000e+00 0.000000e+00 0.000000e+00 0.000000e+00 0.000000e+00 0.000000e+00 0.000000e+00 0.000000e+00 0.000000e+00 0.000000e+00 0.000000e+00 0.000000e+00 0.000000e+00 2.855430e-01 7.144570e-01 0.000000e+00 0.000000e+00 0.000000e+00 0.000000e+00 0.000000e+00 0.000000e+00 0.000000e+00 0.000000e+00 0.000000e+00 0.000000e+00 0.000000e+00
 0.000000e+00 0.000000e+00 0.000000e+00 0.000000e+00 0.000000e+00 0.000000e+00 0.000000e+00 0.000000e+00 0.000000e+00 0.000000e+00 0.000000e+00 0.000000e+00 0.000000e+00 0.000000e+00 0.000000e+00 0.000000e+00 0.000000e+00 0.000000e+00 0.000000e+00 0.000000e+00 0.000000e+00 0.000000e+00 0.000000e+00 0.000000e+00 0.000000e+00 0.000000e+00 0.000000e+00 1.667729e-01 8.332271e-01 0.000000e+00 0.000000e+00 0.000000e+00 0.000000e+00 0.000000e+00 0.000000e+00 0.000000e+00 0.000000e+00 0.000000e+00 0.000000e+00
 0.000000e+00 0.000000e+00 0.000000e+00 0.000000e+00 0.000000e+00 0.000000e+00 0.000000e+00 0.000000e+00 0.000000e+00 0.000000e+00 0.000000e+00 0.000000e+00 0.000000e+00 0.000000e+00 0.000000e+00 0.000000e+00 0.000000e+00 0.000000e+00 0.000000e+00 0.000000e+00 0.000000e+00 0.000000e+00 0.000000e+00 0.000000e+00 0.000000e+00 0.000000e+00 0.000000e+00 0.000000e+00 1.666981e-01 8.333019e-01 0.000000e+00 0.000000e+00 0.000000e+00 0.000000e+00 0.000000e+00 0.000000e+00 0.000000e+00 0.000000e+00 0.000000e+00
 0.000000e+00 0.000000e+00 0.000000e+00 0.000000e+00 0.000000e+00 0.000000e+00 0.000000e+00 0.000000e+00 0.000000e+00 0.000000e+00 0.000000e+00 0.000000e+00 0.000000e+00 0.000000e+00 0.000000e+00 0.000000e+00 0.000000e+00 0.000000e+00 0.000000e+00 0.000000e+00 0.000000e+00 0.000000e+00 0.000000e+00 0.000000e+00 0.000000e+00 0.000000e+00 0.000000e+00 0.000000e+00 0.000000e+00 2.862645e-01 7.137355e-01 0.000000e+00 0.000000e+00 0.000000e+00 0.000000e+00 0.000000e+00 0.000000e+00 0.000000e+00 0.000000e+00
 0.000000e+00 0.000000e+00 0.000000e+00 0.000000e+00 0.000000e+00 0.000000e+00 0.000000e+00 0.000000e+00 0.000000e+00 0.000000e+00 0.000000e+00 0.000000e+00 0.000000e+00 0.000000e+00 0.000000e+00 0.000000e+00 0.000000e+00 0.000000e+00 0.000000e+00 0.000000e+00 0.000000e+00 0.000000e+00 0.000000e+00 0.000000e+00 0.000000e+00 0.000000e+00 0.000000e+00 0.000000e+00 0.000000e+00 0.000000e+00 2.852154e-01 7.147846e-01 0.000000e+00 0.000000e+00 0.000000e+00 0.000000e+00 0.000000e+00 0.000000e+00 0.000000e+00
 0.000000e+00 0.000000e+00 0.000000e+00 0.000000e+00 0.000000e+00 0.000000e+00 0.000000e+00 0.000000e+00 0.000000e+00 0.000000e+00 0.000000e+00 0.000000e+00 0.000000e+00 0.000000e+00 0.000000e+00 0.000000e+00 0.000000e+00 0.000000e+00 0.000000e+00 0.000000e+00 0.000000e+00 0.000000e+00 0.000000e+00 0.000000e+00 0.000000e+00 0.000000e+00 0.000000e+00 0.000000e+00 0.000000e+00 0.000000e+00 0.000000e+00 0.000000e+00 1.000000e+00 0.000000e+00 0.000000e+00 0.000000e+00 0.000000e+00 0.000000e+00 0.000000e+00
 0.000000e+00 0.000000e+00 0.000000e+00 0.000000e+00 0.000000e+00 0.000000e+00 0.000000e+00 0.000000e+00 0.000000e+00 0.000000e+00 0.000000e+00 0.000000e+00 0.000000e+00 0.000000e+00 0.000000e+00 0.000000e+00 0.000000e+00 0.000000e+00 0.000000e+00 0.000000e+00 0.000000e+00 0.000000e+00 0.000000e+00 0.000000e+00 0.000000e+00 0.000000e+00 0.000000e+00 0.000000e+00 0.000000e+00 0.000000e+00 0.000000e+00 0.000000e+00 1.665842e-01 8.334158e-01 0.000000e+00 0.000000e+00 0.000000e+00 0.000000e+00 0.000000e+00
 0.000000e+00 0.000000e+00 0.000000e+00 0.000000e+00 0.000000e+00 0.000000e+00 0.000000e+00 0.000000e+00 0.000000e+00 0.000000e+00 0.000000e+00 0.000000e+00 0.000000e+00 0.000000e+00 0.000000e+00 0.000000e+00 0.000000e+00 0.000000e+00 0.000000e+00 0.000000e+00 0.000000e+00 0.000000e+00 0.000000e+00 0.000000e+00 0.000000e+00 0.000000e+00 0.000000e+00 0.000000e+00 0.000000e+00 0.000000e+00 0.000000e+00 0.000000e+00 0.000000e+00 3.751109e-01 6.248891e-01 0.000000e+00 0.000000e+00 0.000000e+00 0.000000e+00
 0.000000e+00 0.000000e+00 0.000000e+00 0.000000e+00 0.000000e+00 0.000000e+00 0.000000e+00 0.000000e+00 0.000000e+00 0.000000e+00 0.000000e+00 0.000000e+00 0.000000e+00 0.000000e+00 0.000000e+00 0.000000e+00 0.000000e+00 0.000000e+00 0.000000e+00 0.000000e+00 0.000000e+00 0.000000e+00 0.000000e+00 0.000000e+00 0.000000e+00 0.000000e+00 0.000000e+00 0.000000e+00 0.000000e+00 0.000000e+00 0.000000e+00 0.000000e+00 0.000000e+00 0.000000e+00 1.664941e-01 8.335059e-01 0.000000e+00 0.000000e+00 0.000000e+00
 0.000000e+00 0.000000e+00 0.000000e+00 0.000000e+00 0.000000e+00 0.000000e+00 0.000000e+00 0.000000e+00 0.000000e+00 0.000000e+00 0.000000e+00 0.000000e+00 0.000000e+00 0.000000e+00 0.000000e+00 0.000000e+00 0.000000e+00 0.000000e+00 0.000000e+00 0.000000e+00 0.000000e+00 0.000000e+00 0.000000e+00 0.000000e+00 0.000000e+00 0.000000e+00 0.000000e+00 0.000000e+00 0.000000e+00 0.000000e+00 0.000000e+00 0.000000e+00 0.000000e+00 0.000000e+00 0.000000e+00 1.666483e-01 8.333517e-01 0.000000e+00 0.000000e+00
 0.000000e+00 0.000000e+00 0.000000e+00 0.000000e+00 0.000000e+00 0.000000e+00 0.000000e+00 0.000000e+00 0.000000e+00 0.000000e+00 0.000000e+00 0.000000e+00 0.000000e+00 0.000000e+00 0.000000e+00 0.000000e+00 0.000000e+00 0.000000e+00 0.000000e+00 0.000000e+00 0.000000e+00 0.000000e+00 0.000000e+00 0.000000e+00 0.000000e+00 0.000000e+00 0.000000e+00 0.000000e+00 0.000000e+00 0.000000e+00 0.000000e+00 0.000000e+00 0.000000e+00 0.000000e+00 0.000000e+00 0.000000e+00 0.000000e+00 1.000000e+00 0.000000e+00
 0.000000e+00 0.000000e+00 0.000000e+00 0.000000e+00 0.000000e+00 0.000000e+00 0.000000e+00 0.000000e+00 0.000000e+00 0.000000e+00 0.000000e+00 0.000000e+00 0.000000e+00 0.000000e+00 0.000000e+00 0.000000e+00 0.000000e+00 0.000000e+00 0.000000e+00 0.000000e+00 0.000000e+00 0.000000e+00 0.000000e+00 0.000000e+00 0.000000e+00 0.000000e+00 0.000000e+00 0.000000e+00 0.000000e+00 0.000000e+00 0.000000e+00 0.000000e+00 0.000000e+00 0.000000e+00 0.000000e+00 0.000000e+00 0.000000e+00 0.000000e+00 1.000000e+00
 0.000000e+00 0.000000e+00 0.000000e+00 0.000000e+00 0.000000e+00 0.000000e+00 0.000000e+00 0.000000e+00 0.000000e+00 0.000000e+00 0.000000e+00 0.000000e+00 0.000000e+00 0.000000e+00 0.000000e+00 0.000000e+00 0.000000e+00 0.000000e+00 0.000000e+00 0.000000e+00 0.000000e+00 0.000000e+00 0.000000e+00 0.000000e+00 0.000000e+00 0.000000e+00 0.000000e+00 0.000000e+00 0.000000e+00 0.000000e+00 0.000000e+00 0.000000e+00 0.000000e+00 0.000000e+00 0.000000e+00 0.000000e+00 0.000000e+00 0.000000e+00 0.000000e+00
<ENDHMM>
