~o
<STREAMINFO> 1 26
<VECSIZE> 26<NULLD><MFCC_E_D><DIAGC>
~h "D~a^u"
<BEGINHMM>
<NUMSTATES> 32
<STATE> 2
<MEAN> 26
 -4.774101e+00 -8.500832e+00 -2.289441e+00 -1.957443e+00 2.608570e+00 -4.118031e+00 6.246079e-01 -2.143658e+00 1.075162e+00 -2.495185e+00 1.217694e+00 -1.830249e+00 4.729462e-02 8.280369e-01 2.044558e-02 -5.254679e-01 -7.090937e-01 -2.332706e-01 -9.218075e-01 -2.288395e-01 -1.027799e-01 -1.262003e-03 -4.399485e-01 -8.344055e-01 -4.461360e-01 4.218667e-02
<VARIANCE> 26
 5.087346e+00 1.149462e+01 1.058098e+01 1.260484e+01 1.686333e+01 2.135592e+01 1.783042e+01 2.497820e+01 9.066912e+00 1.430029e+01 1.370564e+01 8.063407e+00 5.000000e-02 8.776101e-01 7.728356e-01 4.676965e-01 1.061513e+00 8.259821e-01 8.077099e-01 3.969005e-01 1.725634e+00 2.705040e-01 8.542485e-01 7.632762e-01 4.886068e-01 5.000000e-02
<GCONST> 6.798750e+01
<STATE> 3
<MEAN> 26
 -3.548228e+00 -7.667254e+00 -5.238693e-01 -2.284754e+00 1.279744e+00 -6.274542e+00 8.134278e-01 6.113055e-01 2.217130e+00 -1.161328e+00 2.271028e+00 -3.183189e+00 1.466797e-01 1.743949e+00 3.694216e-01 -7.072183e-01 -1.375183e+00 -3.419533e+00 -2.376816e+00 -1.821918e-01 1.589796e+00 -9.893749e-01 -2.331699e+00 -1.489501e+00 -3.333054e-01 1.026860e-01
<VARIANCE> 26
 5.824868e+00 1.907974e+00 2.635405e+00 1.046583e+01 9.873625e+00 3.799043e+00 3.216799e+00 1.795560e+01 6.472919e+00 1.001981e+01 6.555662e+00 5.103316e+00 5.000000e-02 6.004452e+00 1.708567e+00 2.707844e+00 5.363067e-01 8.166004e-01 1.159221e+00 1.040485e+00 4.447498e+00 1.942301e+00 8.589178e-01 2.272689e+00 1.498167e+00 5.000000e-02
<GCONST> 6.879740e+01
<STATE> 4
<MEAN> 26
 6.348215e+00 -1.011835e+01 -5.696869e+00 -5.510193e+00 -7.076856e+00 -1.283145e+01 -8.054025e-01 -1.110923e+00 -4.212242e+00 -1.039687e+01 -4.723821e+00 -4.919882e+00 5.195702e-01 1.016325e+00 -2.038620e+00 4.951709e-01 -2.165017e+00 -9.719566e-01 -6.202622e-01 -2.511176e+00 1.561253e+00 -1.480118e+00 -1.873141e+00 -8.874524e-03 -8.041023e-02 1.115870e-01
<VARIANCE> 26
 2.989330e+01 8.168621e+00 9.458004e+00 4.645960e+00 1.066833e+01 1.455223e+01 9.600105e+00 1.545474e+01 1.163511e+01 9.140063e+00 1.189118e+01 2.049836e+01 5.000000e-02 5.716127e+00 2.212881e+00 2.505087e+00 2.678581e+00 3.090210e+00 2.633649e+00 3.478301e+00 6.777694e+00 1.791424e+00 2.351163e+00 3.622397e+00 2.150102e+00 5.000000e-02
<GCONST> 8.447024e+01
<STATE> 5
<MEAN> 26
 -2.632230e+00 -1.598399e+01 3.618858e+00 -1.518399e+01 -5.306648e+00 -7.794769e+00 -1.338976e+01 7.692310e+00 -4.411018e+00 -1.102503e+01 -6.147494e-03 -3.057061e+00 6.567448e-01 -1.727408e+00 -3.120862e+00 -1.678235e+00 -2.032587e+00 -9.630405e-01 7.308605e-01 4.263243e-01 2.812588e+00 7.673814e-01 6.435282e-01 -1.110646e+00 1.277108e+00 1.066718e-01
<VARIANCE> 26
 6.149997e+01 4.947811e+01 1.269329e+01 1.212441e+01 2.376605e+01 5.105510e+01 1.425653e+01 1.653763e+01 3.290493e+01 1.862641e+01 5.472509e+00 2.869496e+01 5.000000e-02 1.934179e+00 2.194921e+00 2.570138e+00 1.422811e+00 1.731729e+00 1.864950e+00 3.347587e+00 7.801703e+00 1.241654e+00 1.408740e+00 3.849137e+00 1.036455e+00 5.000000e-02
<GCONST> 8.800904e+01
<STATE> 6
<MEAN> 26
 -7.054369e-01 -2.130370e+01 -7.058965e+00 -1.497769e+01 -1.018962e+01 -1.179068e+01 -4.276272e+00 1.240065e+01 -6.064636e-01 -6.368510e+00 -3.600956e+00 6.886523e-01 7.825225e-01 -1.094835e+00 -1.743555e+00 -5.799058e+00 1.453803e+00 1.068843e+00 2.221326e-01 4.890911e+00 1.345922e+00 1.910442e-01 9.395152e-01 -2.408989e+00 1.454405e+00 6.968381e-02
<VARIANCE> 26
 3.911778e+01 3.076152e+01 5.886865e+00 1.359709e+01 1.161202e+01 3.844359e+01 1.231499e+01 5.362306e+01 2.379019e+01 1.814707e+01 5.468021e+01 1.868393e+01 5.000000e-02 3.660195e+00 2.415448e+00 9.165972e-01 9.475408e-01 4.968384e-01 1.425750e+00 2.410175e+00 8.695522e+00 1.283812e+00 1.660134e+00 9.074079e-01 3.653757e+00 5.000000e-02
<GCONST> 8.555119e+01
<STATE> 7
<MEAN> 26
 -2.869257e+00 -2.023495e+01 -1.772826e+01 -8.362171e+00 -2.169609e+00 -7.875049e+00 5.651054e+00 9.594307e+00 -3.608677e+00 -8.432283e+00 -9.113215e+00 7.226726e-01 8.771704e-01 -8.840322e-01 -1.608069e-01 -4.656384e+00 1.975730e+00 3.900416e+00 1.029382e+00 3.594288e+00 -1.507333e+00 -1.696934e+00 1.326090e+00 -2.876757e+00 -1.295573e-01 5.271108e-02
<VARIANCE> 26
 1.866801e+01 6.285189e+00 9.116709e+00 1.349333e+01 1.172919e+01 1.271697e+01 5.400779e+00 4.677346e+01 6.150000e+01 5.493557e+00 1.243060e+01 3.195177e+01 5.000000e-02 2.619169e+00 2.377208e+00 2.576980e+00 1.419642e+00 8.215794e-01 3.612335e-01 4.802715e+00 3.157581e+00 1.316067e+00 1.412352e+00 4.725469e+00 2.383518e+00 5.000000e-02
<GCONST> 8.138600e+01
<STATE> 8
<MEAN> 26
 -3.329498e+00 -2.020099e+01 -2.169082e+01 -7.715670e+00 5.843871e+00 -8.762016e+00 7.507557e+00 6.007098e+00 -7.787709e+00 -3.592738e+00 -1.311367e+01 -1.211889e+00 9.566703e-01 -2.066713e-01 9.512129e-02 -1.047483e+00 -3.358686e-02 3.449781e+00 3.095949e-01 3.632203e-01 -2.151867e+00 -3.813595e-01 2.550243e+00 -5.071375e-01 -1.599531e+00 2.897022e-02
<VARIANCE> 26
 6.538496e+00 2.236306e+00 8.005133e+00 1.231297e+01 4.111827e+00 3.276769e+01 2.180260e+01 1.960261e+01 3.047465e+01 2.421583e+00 2.738362e+01 1.354019e+01 5.000000e-02 4.083986e-01 8.067626e-01 3.481013e-01 6.068665e-01 1.017814e+00 7.183072e-01 2.011338e+00 8.444729e-01 4.812854e+00 8.594484e-01 1.378269e+00 1.774612e+00 5.000000e-02
<GCONST> 7.011038e+01
<STATE> 9
<MEAN> 26
 -4.800900e+00 -2.044134e+01 -2.130069e+01 -8.588321e+00 8.995219e+00 -4.553040e+00 5.387432e+00 1.533338e+00 -4.850320e+00 1.167773e+00 -1.078793e+01 -5.163292e+00 9.797720e-01 2.706098e-01 4.403846e-02 -7.108352e-01 -5.056227e-02 3.912054e-01 1.441657e+00 2.339138e-02 -3.074318e+00 2.154289e+00 1.905098e+00 4.701374e-01 -1.938310e+00 1.110549e-02
<VARIANCE> 26
 1.010864e+01 1.959040e+00 3.754279e+00 9.126674e+00 1.496842e+01 4.427512e+01 2.547961e+01 2.490683e+01 9.955718e+00 3.855404e+00 1.182687e+01 9.722054e+00 5.000000e-02 3.125928e-01 4.662126e-01 1.271276e-01 6.893790e-01 1.148469e+00 1.070862e+00 4.859823e-01 7.844389e-01 1.695581e+00 1.662435e+00 9.514521e-01 2.403715e-01 5.000000e-02
<GCONST> 6.409806e+01
<STATE> 10
<MEAN> 26
 -2.921262e+00 -1.920745e+01 -2.438435e+01 -7.885546e+00 8.585727e+00 -3.099100e+00 6.828058e+00 -5.206987e+00 -2.468190e-01 4.500036e+00 -1.119492e+01 -9.571650e+00 9.964936e-01 4.092265e-01 4.573764e-01 -8.770061e-01 1.977357e-01 -1.275237e+00 2.783556e+00 -4.821737e-01 -2.017570e+00 2.206257e+00 5.008000e-01 1.087051e+00 -1.549773e+00 3.016479e-03
<VARIANCE> 26
 8.418797e+00 4.013561e+00 6.118676e+00 1.311252e+01 1.470169e+01 1.576259e+01 2.355895e+01 1.947769e+01 1.016583e+01 1.328190e+01 3.237495e+00 2.102474e+01 5.000000e-02 1.598762e-01 4.714221e-01 3.691838e-01 7.474518e-01 1.502224e+00 1.380453e+00 1.155530e+00 1.779169e-01 3.031636e-01 1.666985e+00 1.887971e+00 1.182996e+00 5.000000e-02
<GCONST> 6.579436e+01
<STATE> 11
<MEAN> 26
 -2.724401e+00 -1.804014e+01 -2.547613e+01 -8.391153e+00 4.651299e+00 4.005529e+00 4.657080e+00 -1.019144e+01 3.156776e+00 5.785997e+00 -7.893710e+00 -7.489638e+00 9.938101e-01 2.143124e-01 7.396126e-01 -1.103846e+00 -1.131989e+00 -1.446868e+00 1.983665e+00 -7.659542e-01 -7.445181e-01 2.175053e-02 -1.155959e-01 1.128250e+00 -6.049840e-01 -1.949403e-03
<VARIANCE> 26
 3.945764e+00 7.031268e+00 9.726121e+00 1.028445e+01 2.097009e+01 1.745469e+01 1.752562e+01 1.240271e+01 2.454462e+00 1.670263e+01 9.801311e+00 1.236010e+01 5.000000e-02 1.763054e-01 8.230913e-02 8.108563e-01 8.427574e-01 4.310446e-01 7.297820e-01 1.581913e+00 5.585672e-01 1.501800e+00 5.462754e-01 4.572667e-01 1.265852e+00 5.000000e-02
<GCONST> 6.287799e+01
<STATE> 12
<MEAN> 26
 -7.421387e-01 -1.725077e+01 -2.605887e+01 -1.294329e+01 3.126439e+00 6.736443e+00 2.703864e+00 -5.264988e+00 2.171722e-01 1.252233e+00 -3.851419e+00 -1.305463e+01 9.777088e-01 6.141313e-01 8.946300e-01 -2.286910e-01 -1.827317e+00 -7.572606e-01 1.821976e+00 -1.293386e+00 -3.014367e-02 -4.131306e-01 3.917347e-01 2.161295e+00 -4.077419e-01 -1.127628e-02
<VARIANCE> 26
 1.257435e+01 4.632785e+00 1.140167e+01 1.843165e+01 2.060298e+01 1.548435e+01 1.432462e+01 2.386501e+01 2.306702e+01 1.958549e+01 8.182796e+00 1.737397e+01 5.000000e-02 2.423170e-01 5.608001e-01 4.358996e-01 7.863948e-01 1.071105e+00 6.844562e-01 7.001139e-01 1.538180e+00 7.928035e-01 1.559257e+00 3.491459e-01 6.682701e-01 5.000000e-02
<GCONST> 6.932965e+01
<STATE> 13
<MEAN> 26
 6.402557e-02 -1.398124e+01 -2.879229e+01 -1.416236e+01 -3.250118e+00 1.129036e+01 -1.130090e+00 -6.565536e+00 -2.835327e-01 2.910847e+00 1.624377e+00 -1.130015e+01 9.469750e-01 6.656941e-01 5.640032e-01 5.788600e-01 -8.928433e-01 -1.191999e+00 4.759132e-01 -1.534779e-01 1.278969e+00 8.064926e-02 -1.444020e-01 1.685502e+00 1.076586e+00 -1.574248e-02
<VARIANCE> 26
 8.096915e+00 2.399268e+00 1.683743e+01 6.128428e+00 4.027240e+01 1.827822e+01 2.272057e+01 8.591553e+00 1.035308e+01 1.356347e+01 1.489986e+01 1.698326e+01 5.000000e-02 1.792222e-01 4.197308e-01 4.210438e-01 2.155473e+00 3.137287e-01 5.447774e-01 5.218964e-01 9.002255e-01 1.579060e+00 9.925045e-01 9.259685e-01 1.425082e+00 5.000000e-02
<GCONST> 6.727055e+01
<STATE> 14
<MEAN> 26
 2.526855e-01 -1.476916e+01 -2.436093e+01 -1.751400e+01 -1.098173e-01 1.004420e+01 1.306644e+00 -4.939791e+00 8.880568e-01 4.299125e+00 1.483703e+00 -7.648401e+00 9.216522e-01 1.105282e+00 -6.483170e-01 7.607738e-01 -1.172108e+00 -9.983728e-01 -3.734578e-01 -5.901880e-01 6.669046e-01 1.367708e-01 7.046697e-01 -7.960495e-01 2.709060e+00 -1.975378e-02
<VARIANCE> 26
 7.386255e+00 4.899310e+00 1.070140e+01 2.151641e+00 1.961837e+01 2.175781e+01 2.779792e+01 4.126132e+01 2.779057e+01 3.021924e+01 5.819174e+01 5.074211e+01 5.000000e-02 9.836976e-02 1.602180e-01 6.725216e-01 7.974303e-01 5.473098e-01 5.975980e-01 5.111373e-01 1.077639e+00 1.441182e+00 1.543248e+00 1.177062e+00 6.675036e-01 5.000000e-02
<GCONST> 7.041458e+01
<STATE> 15
<MEAN> 26
 2.579006e+00 -1.577493e+01 -2.484943e+01 -1.901017e+01 -5.448567e+00 8.713336e+00 -2.108072e+00 -3.193485e+00 2.421721e+00 4.608332e+00 -1.533210e+00 -2.492535e+00 8.811407e-01 1.379303e+00 -7.509436e-01 9.317022e-01 -9.206766e-01 -3.920810e-01 -1.687677e+00 -9.459415e-01 2.038996e+00 -7.732220e-01 8.022507e-01 -7.427633e-01 1.818820e+00 -2.434909e-02
<VARIANCE> 26
 4.603303e+00 8.070949e+00 3.714229e+01 1.188473e+01 2.662050e+01 1.564205e+01 7.769263e+00 3.703159e+01 2.254080e+01 8.155162e+00 5.675738e+01 2.925062e+01 5.000000e-02 2.441711e-01 1.437306e-01 6.338176e-01 8.411427e-01 1.480152e+00 1.368573e+00 2.037002e+00 6.006224e-01 3.706125e+00 3.237353e+00 1.324913e+00 2.608824e+00 5.000000e-02
<GCONST> 7.647456e+01
<STATE> 16
<MEAN> 26
 5.032748e+00 -1.749999e+01 -2.065187e+01 -2.182070e+01 -1.022937e+00 4.960968e+00 -2.176494e+00 1.746385e+00 -2.839862e+00 8.036542e+00 1.523813e-01 -1.685892e+00 8.416694e-01 1.296538e+00 4.081624e-01 6.812891e-01 2.485737e-02 -6.023749e-01 -2.520112e+00 -2.569244e-01 1.871747e+00 -3.907006e-01 -6.886033e-02 1.250859e+00 2.107741e+00 -1.996494e-02
<VARIANCE> 26
 6.346381e+00 6.332334e+00 3.044526e+01 1.596332e+01 1.311062e+01 3.798529e+00 2.306860e+01 2.249177e+01 8.103105e+00 1.669552e+01 3.499848e+01 3.690798e+01 5.000000e-02 2.765010e-01 2.700591e-01 2.103289e-01 2.175225e-01 3.197071e-01 1.508863e+00 3.490496e-01 2.773926e+00 2.540575e+00 1.255453e+00 2.217022e+00 1.731413e+00 5.000000e-02
<GCONST> 6.996841e+01
<STATE> 17
<MEAN> 26
 8.083619e+00 -1.571340e+01 -2.055960e+01 -1.989908e+01 -4.579809e+00 1.313157e+00 -3.588966e+00 1.353756e+00 1.901239e+00 3.884307e+00 1.201199e+00 1.018098e+00 8.045428e-01 1.078523e+00 5.210339e-01 -5.913415e-02 6.860400e-01 -4.248563e-01 -2.071171e+00 7.579650e-02 2.765706e-01 5.571940e-01 -7.809058e-01 9.286093e-01 6.493639e-01 -2.160395e-02
<VARIANCE> 26
 3.792063e+00 1.561018e+00 2.903068e+01 5.851421e+00 7.981335e+00 8.597100e+00 2.068409e+01 3.479772e+01 5.486130e+01 5.776570e+00 2.962391e+01 7.036898e+00 5.000000e-02 2.855932e-01 2.132767e-01 1.057419e+00 1.263041e+00 1.780915e+00 8.353129e-01 8.401745e-01 9.860572e-01 2.176241e+00 4.942150e-01 1.638512e+00 2.317362e+00 5.000000e-02
<GCONST> 6.971944e+01
<STATE> 18
<MEAN> 26
 9.806391e+00 -1.416545e+01 -2.358072e+01 -1.737735e+01 -5.606566e+00 -3.838204e+00 6.454474e-01 2.867018e+00 -1.260291e+00 2.769004e+00 3.692891e+00 2.491978e+00 8.132284e-01 6.713203e-01 2.412849e-01 3.737198e-01 2.518870e-01 -2.042474e-01 -2.083209e+00 6.111077e-01 -2.700983e-01 -4.304141e-01 -2.010016e+00 8.914149e-02 2.111631e-01 -2.344430e-02
<VARIANCE> 26
 2.265117e+00 3.209136e+00 8.747309e+00 3.589514e+00 8.383934e+00 8.994333e+00 6.516960e+00 9.824670e+00 1.123043e+01 3.883492e+00 3.631325e+00 5.875716e+00 5.000000e-02 1.684971e-01 1.272661e-01 1.998292e+00 8.060452e-01 1.190668e+00 1.290955e+00 9.756374e-01 1.139509e+00 1.591853e+00 1.515580e+00 6.202254e-01 8.694136e-01 5.000000e-02
<GCONST> 5.997501e+01
<STATE> 19
<MEAN> 26
 1.053777e+01 -1.447872e+01 -2.231191e+01 -1.833165e+01 -4.834415e+00 -7.124846e+00 -4.272297e-01 1.410590e+00 -1.836400e+00 -1.725544e+00 3.616905e+00 3.005188e+00 7.264206e-01 5.641787e-02 1.443708e-01 -9.766453e-02 5.171536e-01 -5.293909e-01 -1.388164e+00 6.746976e-01 -1.174857e+00 -5.329196e-01 -1.022128e+00 -3.024592e-01 -7.502932e-01 -3.404786e-02
<VARIANCE> 26
 2.460376e+00 2.478432e+00 1.369364e+00 8.691968e-01 2.567836e+00 4.752072e+00 1.015334e+01 6.501764e+00 1.121803e+01 8.728241e+00 8.484632e+00 4.866772e+00 5.000000e-02 1.306481e-01 1.658098e-01 1.117364e+00 2.209033e+00 3.333730e-01 7.758832e-01 4.793594e-01 9.634013e-01 3.873625e-01 4.554603e-01 4.443387e-01 6.008914e-01 5.000000e-02
<GCONST> 5.066291e+01
<STATE> 20
<MEAN> 26
 1.001873e+01 -1.433561e+01 -2.162570e+01 -1.594817e+01 -8.557550e+00 -8.524831e+00 1.012365e+00 -6.991462e-01 -2.159247e+00 -2.487817e+00 8.347561e-01 5.747074e-01 6.654882e-01 -2.268538e-01 9.619801e-02 9.292613e-01 1.477923e+00 -1.170002e-01 -6.251691e-01 -3.035994e-01 -1.016611e+00 8.550662e-01 2.847276e-02 -1.346009e+00 -1.473513e+00 -3.622451e-02
<VARIANCE> 26
 2.687619e+00 3.610096e+00 5.631043e+00 8.994572e+00 6.492956e+00 6.172427e+00 6.090173e+00 1.126120e+01 1.615653e+01 1.508318e+01 7.608275e+00 1.325063e+01 5.000000e-02 1.099868e-01 2.316034e-01 6.079835e-01 6.697192e-01 1.106074e+00 7.464952e-01 1.484161e+00 9.961011e-01 5.616009e-01 1.011807e+00 3.241707e-01 1.446780e+00 5.000000e-02
<GCONST> 6.032707e+01
<STATE> 21
<MEAN> 26
 8.766871e+00 -1.377699e+01 -1.661982e+01 -1.001693e+01 -3.573071e+00 -7.236912e+00 4.542718e-03 -3.304029e+00 3.884209e-01 -1.169026e+00 -1.079206e+00 -3.790302e+00 5.368313e-01 -5.427662e-01 4.823326e-01 1.632986e+00 1.559238e+00 1.177390e+00 1.373154e+00 6.519023e-02 -2.571783e-01 2.687739e-01 -2.906661e-01 -2.086152e-01 -1.335584e+00 -4.124646e-02
<VARIANCE> 26
 1.414945e+00 2.648278e+00 4.618145e+00 6.996328e+00 9.424659e+00 9.290857e+00 6.313045e+00 8.819753e+00 2.315357e+01 3.060681e+00 7.848387e+00 1.411133e+01 5.000000e-02 7.876281e-02 1.631589e-01 3.717931e-01 7.150276e-01 5.639379e-01 6.845735e-01 4.976081e-01 5.866541e-01 1.307504e+00 1.847921e-01 2.054649e-01 1.294949e+00 5.000000e-02
<GCONST> 5.344313e+01
<STATE> 22
<MEAN> 26
 7.789706e+00 -1.183645e+01 -1.539191e+01 -1.054840e+01 -1.897961e+00 -4.573807e+00 -7.080327e-01 -1.463493e+00 1.763815e+00 -2.231730e+00 -2.745502e+00 -7.527230e+00 4.821412e-01 -1.003350e+00 -2.454621e-02 6.043924e-01 2.367396e-01 1.660744e+00 1.798404e+00 9.402525e-01 -4.816688e-01 -5.456925e-01 -4.886845e-01 -6.150735e-01 -1.023349e+00 -3.970923e-02
<VARIANCE> 26
 1.228654e+00 3.398069e+00 9.158256e+00 4.204557e+00 8.203799e+00 2.378739e+01 7.466971e+00 3.559354e+00 1.498323e+01 2.660677e+00 5.801210e+00 7.290431e+00 5.000000e-02 9.596048e-02 4.266900e-01 2.341522e+00 9.052607e-01 3.301066e-01 8.828688e-01 4.884968e-01 3.684441e-01 1.662891e+00 8.374910e-01 3.552614e-01 7.959720e-01 5.000000e-02
<GCONST> 5.653332e+01
<STATE> 23
<MEAN> 26
 4.925029e+00 -1.462459e+01 -1.533917e+01 -9.051907e+00 9.709687e-01 -1.190534e+00 2.205733e+00 -5.024175e+00 4.044845e-01 -1.136068e+00 -2.465520e+00 -8.030241e+00 3.966901e-01 -1.179180e+00 -7.079527e-01 -4.324616e-02 2.614630e-01 1.228782e+00 4.654735e-01 -2.361260e-01 -5.594062e-01 -7.068382e-02 1.685327e-01 5.748726e-01 7.413877e-01 -4.062535e-02
<VARIANCE> 26
 2.548446e+00 3.382316e+00 1.268922e+01 8.486510e+00 6.206089e+00 1.405932e+01 3.606702e+00 5.399295e+00 1.594245e+01 2.094262e+01 1.645641e+01 1.701803e+01 5.000000e-02 2.495873e-01 4.344493e-01 1.817976e+00 2.924213e+00 4.389762e-01 2.208838e+00 2.104877e+00 1.143093e+00 9.490721e-01 2.194037e+00 4.779081e-01 7.127920e-01 5.000000e-02
<GCONST> 6.746309e+01
<STATE> 24
<MEAN> 26
 3.267355e+00 -1.493119e+01 -1.558412e+01 -8.332750e+00 4.596003e+00 -4.897533e-01 2.626604e-01 -5.232194e+00 2.299249e-01 -2.138396e+00 3.697621e-01 -5.935204e+00 3.280181e-01 -1.083680e+00 4.622017e-01 1.338458e+00 1.025177e+00 7.287114e-01 2.518088e-01 1.752189e-01 2.814030e-01 -8.672594e-02 -5.441282e-01 8.472244e-01 1.441141e+00 -4.574575e-02
<VARIANCE> 26
 3.316884e+00 5.602076e+00 7.890547e+00 1.738193e+01 1.454896e+01 1.209623e+01 2.615128e+01 7.863834e+00 1.455549e+01 1.414076e+01 1.052332e+01 6.825750e+00 5.000000e-02 5.701609e-01 2.575821e-01 1.327730e+00 9.694554e-01 9.094346e-01 1.778923e+00 1.428662e+00 4.120115e-01 1.122973e+00 3.480738e+00 1.197448e+00 2.186646e+00 5.000000e-02
<GCONST> 7.034560e+01
<STATE> 25
<MEAN> 26
 1.938934e+00 -1.266376e+01 -1.140404e+01 -7.206658e+00 2.011777e+00 -2.717326e+00 1.976365e+00 -2.403476e+00 -2.264551e-02 -3.431401e+00 -4.936788e-02 -1.876313e+00 2.629186e-01 -1.028609e+00 5.266043e-01 6.256269e-01 -2.132308e-01 -1.749805e-02 3.332123e-01 7.718706e-01 9.157441e-01 -1.047862e-01 -1.609708e-01 6.460668e-01 1.085257e+00 -3.749325e-02
<VARIANCE> 26
 4.246154e+00 4.807364e+00 1.569742e+01 6.602932e+00 2.501049e+00 9.783161e+00 1.921789e+01 5.153498e+00 1.502343e+01 1.605803e+01 2.832409e+00 5.753906e+00 5.000000e-02 1.249853e-01 9.106306e-01 5.624235e+00 2.383492e+00 1.416663e+00 1.072767e+00 2.638628e-01 6.542622e-01 6.829574e-01 1.452753e+00 1.813485e+00 1.434544e+00 5.000000e-02
<GCONST> 6.555290e+01
<STATE> 26
<MEAN> 26
 1.059001e+00 -1.130404e+01 -9.218842e+00 -7.313364e+00 1.813754e+00 -5.002461e-01 1.578287e+00 -2.294662e+00 -1.189073e+00 -4.710929e+00 8.638068e-01 -2.182428e+00 2.381892e-01 -1.584941e-01 9.553424e-01 1.859720e+00 8.149098e-01 1.088051e-01 -2.536911e-02 -3.650383e-01 -3.123744e-01 -3.099122e-01 -2.206360e-01 1.055981e-01 1.425856e-02 -1.608180e-02
<VARIANCE> 26
 5.123618e+00 3.165706e+00 3.220817e+01 2.039341e+01 8.582906e+00 1.052503e+01 1.281335e+01 7.829265e+00 1.128208e+01 5.229239e+00 8.135492e+00 1.019401e+01 5.000000e-02 4.031830e-01 5.187330e-01 3.222635e+00 2.260137e+00 5.927627e-01 6.909169e-01 1.345904e+00 5.655968e-01 3.311408e-01 3.383425e-01 1.191107e+00 5.467802e-01 5.000000e-02
<GCONST> 6.531207e+01
<STATE> 27
<MEAN> 26
 -2.170911e-01 -8.810238e+00 -5.887063e+00 -6.175244e+00 2.686966e+00 -1.585122e+00 3.168517e+00 -3.827829e+00 -5.259902e-01 -3.071370e+00 8.535655e-01 -2.346067e+00 1.417706e-01 -1.117246e+00 -4.812010e-01 -1.084964e+00 -7.295669e-01 2.557697e-01 6.450214e-01 1.289209e+00 2.878083e-01 3.028567e-01 7.924997e-01 7.077599e-01 7.845879e-01 -3.451958e-02
<VARIANCE> 26
 8.440878e+00 7.354708e+00 2.242722e+01 3.972306e+00 2.651313e+00 5.648890e+00 3.920757e+00 4.754413e+00 1.475466e+01 9.608684e+00 2.297610e+01 1.066737e+01 5.000000e-02 4.695986e-01 3.777254e-01 1.187537e+00 4.903522e-01 4.670673e-01 1.172919e+00 2.129550e+00 9.163116e-01 2.329134e+00 1.350817e+00 5.553201e-01 6.211129e-01 5.000000e-02
<GCONST> 6.437739e+01
<STATE> 28
<MEAN> 26
 -2.319127e+00 -1.222390e+01 -1.068336e+01 -7.870403e+00 4.279166e+00 1.871032e+00 4.479196e+00 -2.399253e+00 6.053885e-01 -1.235704e+00 3.524035e+00 -9.090216e-01 1.158862e-01 -7.012208e-01 -9.762836e-02 -1.929257e-02 -1.445436e-01 5.397123e-03 6.313111e-01 4.684044e-01 -1.310377e-01 8.510469e-01 1.971804e-01 -1.352015e-02 -1.332582e-01 -3.240719e-02
<VARIANCE> 26
 5.130271e+00 3.459331e+00 2.570415e+01 1.953063e+01 5.514970e+00 1.912101e+01 1.871218e+01 9.358212e+00 2.527489e+01 2.072633e+01 5.714711e+00 6.444096e+00 5.000000e-02 1.864869e-01 4.481189e-01 1.038750e+00 5.763069e-01 2.042961e-01 8.789641e-02 1.016979e-01 1.740554e-01 4.015731e-01 3.733385e-01 7.658790e-01 4.250997e-01 5.000000e-02
<GCONST> 5.651040e+01
<STATE> 29
<MEAN> 26
 -2.424950e+00 -1.049994e+01 -8.379025e+00 -7.674255e+00 2.508184e+00 8.450361e-01 4.507821e+00 -3.295092e+00 2.356051e-01 -3.555577e+00 2.299120e+00 -9.084409e-01 6.853025e-02 -3.970918e-01 7.713357e-01 1.619190e+00 6.284931e-01 -6.128021e-01 -7.969912e-01 -6.432748e-01 -5.192009e-01 1.423117e-01 6.230614e-01 2.885939e-01 -7.947683e-01 -2.409501e-02
<VARIANCE> 26
 4.602559e+00 2.896881e+00 1.195424e+01 1.175773e+01 4.046623e+00 5.071440e+00 2.612979e+00 1.053615e+01 4.050460e+00 2.986282e+00 9.288096e+00 8.240852e+00 5.000000e-02 6.121415e-01 6.196281e-01 1.459595e+00 1.111601e+00 2.404789e-01 1.017170e+00 1.484574e+00 5.900456e-01 5.650427e-01 8.467041e-01 5.940341e-01 3.135811e-01 5.000000e-02
<GCONST> 5.805293e+01
<STATE> 30
<MEAN> 26
 -3.709693e+00 -8.284236e+00 -2.849783e+00 -4.637322e+00 2.354811e+00 -1.484010e+00 1.565222e+00 -4.686599e+00 2.419043e+00 7.477660e-01 3.052494e+00 -3.926688e+00 3.000051e-02 -8.822218e-01 -2.645732e-01 3.792202e-01 7.505033e-01 -1.110235e-01 -6.741925e-01 -2.769718e-01 1.150427e+00 7.724205e-01 5.164894e-01 -1.429686e-01 -2.283576e-01 -3.622947e-02
<VARIANCE> 26
 1.312446e+00 4.707232e+00 1.072217e+01 4.637589e+00 2.941740e+00 4.706756e+00 5.330308e+00 4.993423e+00 5.438917e+00 5.745079e+00 2.946917e+00 3.436757e+00 5.000000e-02 2.614552e-01 5.072840e-01 1.586219e+00 1.202129e+00 2.955189e-01 1.545433e+00 1.547325e+00 5.305008e-01 5.752953e-01 1.599594e+00 8.646594e-01 8.038355e-01 5.000000e-02
<GCONST> 5.638483e+01
<STATE> 31
<MEAN> 26
 -5.733356e+00 -1.135063e+01 -6.751341e+00 -5.892217e+00 1.061884e+00 -8.361394e-01 4.256325e+00 -2.318937e-01 3.350141e+00 -3.738647e-01 1.737275e+00 -2.952672e+00 -6.744911e-02 -7.567155e-01 -5.708955e-01 -3.469265e-01 -1.681895e-01 -5.666673e-01 -3.361750e-01 1.482380e-01 4.869622e-01 -2.542705e-01 -1.052257e+00 -7.331235e-01 5.120087e-01 -2.873298e-02
<VARIANCE> 26
 3.658911e-01 2.469329e+00 3.670422e+00 6.206976e+00 5.708484e+00 1.836624e+01 2.384155e+01 9.123385e+00 1.430337e+01 6.513812e+00 1.064934e+01 1.897570e+01 5.000000e-02 2.021850e-01 5.353589e-01 1.681422e+00 5.805535e-01 8.100950e-02 1.071692e-01 3.796997e-01 4.055809e-01 4.108115e-01 5.007196e-01 4.658903e-01 1.063160e+00 5.000000e-02
<GCONST> 5.354691e+01
<TRANSP> 32
 0.000000e+00 1.000000e+00 0.000000e+00 0.000000e+00 0.000000e+00 0.000000e+00 0.000000e+00 0.000000e+00 0.000000e+00 0.000000e+00 0.000000e+00 0.000000e+00 0.000000e+00 0.000000e+00 0.000000e+00 0.000000e+00 0.000000e+00 0.000000e+00 0.000000e+00 0.000000e+00 0.000000e+00 0.000000e+00 0.000000e+00 0.000000e+00 0.000000e+00 0.000000e+00 0.000000e+00 0.000000e+00 0.000000e+00 0.000000e+00 0.000000e+00 0.000000e+00
 0.000000e+00 6.105936e-01 3.894064e-01 0.000000e+00 0.000000e+00 0.000000e+00 0.000000e+00 0.000000e+00 0.000000e+00 0.000000e+00 0.000000e+00 0.000000e+00 0.000000e+00 0.000000e+00 0.000000e+00 0.000000e+00 0.000000e+00 0.000000e+00 0.000000e+00 0.000000e+00 0.000000e+00 0.000000e+00 0.000000e+00 0.000000e+00 0.000000e+00 0.000000e+00 0.000000e+00 0.000000e+00 0.000000e+00 0.000000e+00 0.000000e+00 0.000000e+00
 0.000000e+00 0.000000e+00 2.857149e-01 7.142852e-01 0.000000e+00 0.000000e+00 0.000000e+00 0.000000e+00 0.000000e+00 0.000000e+00 0.000000e+00 0.000000e+00 0.000000e+00 0.000000e+00 0.000000e+00 0.000000e+00 0.000000e+00 0.000000e+00 0.000000e+00 0.000000e+00 0.000000e+00 0.000000e+00 0.000000e+00 0.000000e+00 0.000000e+00 0.000000e+00 0.000000e+00 0.000000e+00 0.000000e+00 0.000000e+00 0.000000e+00 0.000000e+00
 0.000000e+00 0.000000e+00 0.000000e+00 6.153623e-01 3.846377e-01 0.000000e+00 0.000000e+00 0.000000e+00 0.000000e+00 0.000000e+00 0.000000e+00 0.000000e+00 0.000000e+00 0.000000e+00 0.000000e+00 0.000000e+00 0.000000e+00 0.000000e+00 0.000000e+00 0.000000e+00 0.000000e+00 0.000000e+00 0.000000e+00 0.000000e+00 0.000000e+00 0.000000e+00 0.000000e+00 0.000000e+00 0.000000e+00 0.000000e+00 0.000000e+00 0.000000e+00
 0.000000e+00 0.000000e+00 0.000000e+00 0.000000e+00 3.750583e-01 6.249417e-01 0.000000e+00 0.000000e+00 0.000000e+00 0.000000e+00 0.000000e+00 0.000000e+00 0.000000e+00 0.000000e+00 0.000000e+00 0.000000e+00 0.000000e+00 0.000000e+00 0.000000e+00 0.000000e+00 0.000000e+00 0.000000e+00 0.000000e+00 0.000000e+00 0.000000e+00 0.000000e+00 0.000000e+00 0.000000e+00 0.000000e+00 0.000000e+00 0.000000e+00 0.000000e+00
 0.000000e+00 0.000000e+00 0.000000e+00 0.000000e+00 0.000000e+00 0.000000e+00 1.000000e+00 0.000000e+00 0.000000e+00 0.000000e+00 0.000000e+00 0.000000e+00 0.000000e+00 0.000000e+00 0.000000e+00 0.000000e+00 0.000000e+00 0.000000e+00 0.000000e+00 0.000000e+00 0.000000e+00 0.000000e+00 0.000000e+00 0.000000e+00 0.000000e+00 0.000000e+00 0.000000e+00 0.000000e+00 0.000000e+00 0.000000e+00 0.000000e+00 0.000000e+00
 0.000000e+00 0.000000e+00 0.000000e+00 0.000000e+00 0.000000e+00 0.000000e+00 5.000001e-01 5.000000e-01 0.000000e+00 0.000000e+00 0.000000e+00 0.000000e+00 0.000000e+00 0.000000e+00 0.000000e+00 0.000000e+00 0.000000e+00 0.000000e+00 0.000000e+00 0.000000e+00 0.000000e+00 0.000000e+00 0.000000e+00 0.000000e+00 0.000000e+00 0.000000e+00 0.000000e+00 0.000000e+00 0.000000e+00 0.000000e+00 0.000000e+00 0.000000e+00
 0.000000e+00 0.000000e+00 0.000000e+00 0.000000e+00 0.000000e+00 0.000000e+00 0.000000e+00 3.747861e-01 6.252139e-01 0.000000e+00 0.000000e+00 0.000000e+00 0.000000e+00 0.000000e+00 0.000000e+00 0.000000e+00 0.000000e+00 0.000000e+00 0.000000e+00 0.000000e+00 0.000000e+00 0.000000e+00 0.000000e+00 0.000000e+00 0.000000e+00 0.000000e+00 0.000000e+00 0.000000e+00 0.000000e+00 0.000000e+00 0.000000e+00 0.000000e+00
 0.000000e+00 0.000000e+00 0.000000e+00 0.000000e+00 0.000000e+00 0.000000e+00 0.000000e+00 0.000000e+00 5.436118e-01 4.563882e-01 0.000000e+00 0.000000e+00 0.000000e+00 0.000000e+00 0.000000e+00 0.000000e+00 0.000000e+00 0.000000e+00 0.000000e+00 0.000000e+00 0.000000e+00 0.000000e+00 0.000000e+00 0.000000e+00 0.000000e+00 0.000000e+00 0.000000e+00 0.000000e+00 0.000000e+00 0.000000e+00 0.000000e+00 0.000000e+00
 0.000000e+00 0.000000e+00 0.000000e+00 0.000000e+00 0.000000e+00 0.000000e+00 0.000000e+00 0.000000e+00 0.000000e+00 2.903380e-01 7.096620e-01 0.000000e+00 0.000000e+00 0.000000e+00 0.000000e+00 0.000000e+00 0.000000e+00 0.000000e+00 0.000000e+00 0.000000e+00 0.000000e+00 0.000000e+00 0.000000e+00 0.000000e+00 0.000000e+00 0.000000e+00 0.000000e+00 0.000000e+00 0.000000e+00 0.000000e+00 0.000000e+00 0.000000e+00
 0.000000e+00 0.000000e+00 0.000000e+00 0.000000e+00 0.000000e+00 0.000000e+00 0.000000e+00 0.000000e+00 0.000000e+00 0.000000e+00 5.832784e-01 4.167216e-01 0.000000e+00 0.000000e+00 0.000000e+00 0.000000e+00 0.000000e+00 0.000000e+00 0.000000e+00 0.000000e+00 0.000000e+00 0.000000e+00 0.000000e+00 0.000000e+00 0.000000e+00 0.000000e+00 0.000000e+00 0.000000e+00 0.000000e+00 0.000000e+00 0.000000e+00 0.000000e+00
 0.000000e+00 0.000000e+00 0.000000e+00 0.000000e+00 0.000000e+00 0.000000e+00 0.000000e+00 0.000000e+00 0.000000e+00 0.000000e+00 0.000000e+00 5.830830e-01 4.169170e-01 0.000000e+00 0.000000e+00 0.000000e+00 0.000000e+00 0.000000e+00 0.000000e+00 0.000000e+00 0.000000e+00 0.000000e+00 0.000000e+00 0.000000e+00 0.000000e+00 0.000000e+00 0.000000e+00 0.000000e+00 0.000000e+00 0.000000e+00 0.000000e+00 0.000000e+00
 0.000000e+00 0.000000e+00 0.000000e+00 0.000000e+00 0.000000e+00 0.000000e+00 0.000000e+00 0.000000e+00 0.000000e+00 0.000000e+00 0.000000e+00 0.000000e+00 4.450914e-01 5.549086e-01 0.000000e+00 0.000000e+00 0.000000e+00 0.000000e+00 0.000000e+00 0.000000e+00 0.000000e+00 0.000000e+00 0.000000e+00 0.000000e+00 0.000000e+00 0.000000e+00 0.000000e+00 0.000000e+00 0.000000e+00 0.000000e+00 0.000000e+00 0.000000e+00
 0.000000e+00 0.000000e+00 0.000000e+00 0.000000e+00 0.000000e+00 0.000000e+00 0.000000e+00 0.000000e+00 0.000000e+00 0.000000e+00 0.000000e+00 0.000000e+00 0.000000e+00 2.851172e-01 7.148828e-01 0.000000e+00 0.000000e+00 0.000000e+00 0.000000e+00 0.000000e+00 0.000000e+00 0.000000e+00 0.000000e+00 0.000000e+00 0.000000e+00 0.000000e+00 0.000000e+00 0.000000e+00 0.000000e+00 0.000000e+00 0.000000e+00 0.000000e+00
 0.000000e+00 0.000000e+00 0.000000e+00 0.000000e+00 0.000000e+00 0.000000e+00 0.000000e+00 0.000000e+00 0.000000e+00 0.000000e+00 0.000000e+00 0.000000e+00 0.000000e+00 0.000000e+00 4.447934e-01 5.552066e-01 0.000000e+00 0.000000e+00 0.000000e+00 0.000000e+00 0.000000e+00 0.000000e+00 0.000000e+00 0.000000e+00 0.000000e+00 0.000000e+00 0.000000e+00 0.000000e+00 0.000000e+00 0.000000e+00 0.000000e+00 0.000000e+00
 0.000000e+00 0.000000e+00 0.000000e+00 0.000000e+00 0.000000e+00 0.000000e+00 0.000000e+00 0.000000e+00 0.000000e+00 0.000000e+00 0.000000e+00 0.000000e+00 0.000000e+00 0.000000e+00 0.000000e+00 2.857232e-01 7.142768e-01 0.000000e+00 0.000000e+00 0.000000e+00 0.000000e+00 0.000000e+00 0.000000e+00 0.000000e+00 0.000000e+00 0.000000e+00 0.000000e+00 0.000000e+00 0.000000e+00 0.000000e+00 0.000000e+00 0.000000e+00
 0.000000e+00 0.000000e+00 0.000000e+00 0.000000e+00 0.000000e+00 0.000000e+00 0.000000e+00 0.000000e+00 0.000000e+00 0.000000e+00 0.000000e+00 0.000000e+00 0.000000e+00 0.000000e+00 0.000000e+00 0.000000e+00 5.006246e-01 4.993755e-01 0.000000e+00 0.000000e+00 0.000000e+00 0.000000e+00 0.000000e+00 0.000000e+00 0.000000e+00 0.000000e+00 0.000000e+00 0.000000e+00 0.000000e+00 0.000000e+00 0.000000e+00 0.000000e+00
 0.000000e+00 0.000000e+00 0.000000e+00 0.000000e+00 0.000000e+00 0.000000e+00 0.000000e+00 0.000000e+00 0.000000e+00 0.000000e+00 0.000000e+00 0.000000e+00 0.000000e+00 0.000000e+00 0.000000e+00 0.000000e+00 0.000000e+00 5.456213e-01 4.543787e-01 0.000000e+00 0.000000e+00 0.000000e+00 0.000000e+00 0.000000e+00 0.000000e+00 0.000000e+00 0.000000e+00 0.000000e+00 0.000000e+00 0.000000e+00 0.000000e+00 0.000000e+00
 0.000000e+00 0.000000e+00 0.000000e+00 0.000000e+00 0.000000e+00 0.000000e+00 0.000000e+00 0.000000e+00 0.000000e+00 0.000000e+00 0.000000e+00 0.000000e+00 0.000000e+00 0.000000e+00 0.000000e+00 0.000000e+00 0.000000e+00 0.000000e+00 1.645664e-01 8.354337e-01 0.000000e+00 0.000000e+00 0.000000e+00 0.000000e+00 0.000000e+00 0.000000e+00 0.000000e+00 0.000000e+00 0.000000e+00 0.000000e+00 0.000000e+00 0.000000e+00
 0.000000e+00 0.000000e+00 0.000000e+00 0.000000e+00 0.000000e+00 0.000000e+00 0.000000e+00 0.000000e+00 0.000000e+00 0.000000e+00 0.000000e+00 0.000000e+00 0.000000e+00 0.000000e+00 0.000000e+00 0.000000e+00 0.000000e+00 0.000000e+00 0.000000e+00 6.140475e-01 3.859526e-01 0.000000e+00 0.000000e+00 0.000000e+00 0.000000e+00 0.000000e+00 0.000000e+00 0.000000e+00 0.000000e+00 0.000000e+00 0.000000e+00 0.000000e+00
 0.000000e+00 0.000000e+00 0.000000e+00 0.000000e+00 0.000000e+00 0.000000e+00 0.000000e+00 0.000000e+00 0.000000e+00 0.000000e+00 0.000000e+00 0.000000e+00 0.000000e+00 0.000000e+00 0.000000e+00 0.000000e+00 0.000000e+00 0.000000e+00 0.000000e+00 0.000000e+00 5.472950e-01 4.527050e-01 0.000000e+00 0.000000e+00 0.000000e+00 0.000000e+00 0.000000e+00 0.000000e+00 0.000000e+00 0.000000e+00 0.000000e+00 0.000000e+00
 0.000000e+00 0.000000e+00 0.000000e+00 0.000000e+00 0.000000e+00 0.000000e+00 0.000000e+00 0.000000e+00 0.000000e+00 0.000000e+00 0.000000e+00 0.000000e+00 0.000000e+00 0.000000e+00 0.000000e+00 0.000000e+00 0.000000e+00 0.000000e+00 0.000000e+00 0.000000e+00 0.000000e+00 4.438607e-01 5.561393e-01 0.000000e+00 0.000000e+00 0.000000e+00 0.000000e+00 0.000000e+00 0.000000e+00 0.000000e+00 0.000000e+00 0.000000e+00
 0.000000e+00 0.000000e+00 0.000000e+00 0.000000e+00 0.000000e+00 0.000000e+00 0.000000e+00 0.000000e+00 0.000000e+00 0.000000e+00 0.000000e+00 0.000000e+00 0.000000e+00 0.000000e+00 0.000000e+00 0.000000e+00 0.000000e+00 0.000000e+00 0.000000e+00 0.000000e+00 0.000000e+00 0.000000e+00 3.768895e-01 6.231105e-01 0.000000e+00 0.000000e+00 0.000000e+00 0.000000e+00 0.000000e+00 0.000000e+00 0.000000e+00 0.000000e+00
 0.000000e+00 0.000000e+00 0.000000e+00 0.000000e+00 0.000000e+00 0.000000e+00 0.000000e+00 0.000000e+00 0.000000e+00 0.000000e+00 0.000000e+00 0.000000e+00 0.000000e+00 0.000000e+00 0.000000e+00 0.000000e+00 0.000000e+00 0.000000e+00 0.000000e+00 0.000000e+00 0.000000e+00 0.000000e+00 0.000000e+00 2.864577e-01 7.135423e-01 0.000000e+00 0.000000e+00 0.000000e+00 0.000000e+00 0.000000e+00 0.000000e+00 0.000000e+00
 0.000000e+00 0.000000e+00 0.000000e+00 0.000000e+00 0.000000e+00 0.000000e+00 0.000000e+00 0.000000e+00 0.000000e+00 0.000000e+00 0.000000e+00 0.000000e+00 0.000000e+00 0.000000e+00 0.000000e+00 0.000000e+00 0.000000e+00 0.000000e+00 0.000000e+00 0.000000e+00 0.000000e+00 0.000000e+00 0.000000e+00 0.000000e+00 4.990628e-01 5.009372e-01 0.000000e+00 0.000000e+00 0.000000e+00 0.000000e+00 0.000000e+00 0.000000e+00
 0.000000e+00 0.000000e+00 0.000000e+00 0.000000e+00 0.000000e+00 0.000000e+00 0.000000e+00 0.000000e+00 0.000000e+00 0.000000e+00 0.000000e+00 0.000000e+00 0.000000e+00 0.000000e+00 0.000000e+00 0.000000e+00 0.000000e+00 0.000000e+00 0.000000e+00 0.000000e+00 0.000000e+00 0.000000e+00 0.000000e+00 0.000000e+00 0.000000e+00 6.150724e-01 3.849277e-01 0.000000e+00 0.000000e+00 0.000000e+00 0.000000e+00 0.000000e+00
 0.000000e+00 0.000000e+00 0.000000e+00 0.000000e+00 0.000000e+00 0.000000e+00 0.000000e+00 0.000000e+00 0.000000e+00 0.000000e+00 0.000000e+00 0.000000e+00 0.000000e+00 0.000000e+00 0.000000e+00 0.000000e+00 0.000000e+00 0.000000e+00 0.000000e+00 0.000000e+00 0.000000e+00 0.000000e+00 0.000000e+00 0.000000e+00 0.000000e+00 0.000000e+00 3.766185e-01 6.233815e-01 0.000000e+00 0.000000e+00 0.000000e+00 0.000000e+00
 0.000000e+00 0.000000e+00 0.000000e+00 0.000000e+00 0.000000e+00 0.000000e+00 0.000000e+00 0.000000e+00 0.000000e+00 0.000000e+00 0.000000e+00 0.000000e+00 0.000000e+00 0.000000e+00 0.000000e+00 0.000000e+00 0.000000e+00 0.000000e+00 0.000000e+00 0.000000e+00 0.000000e+00 0.000000e+00 0.000000e+00 0.000000e+00 0.000000e+00 0.000000e+00 0.000000e+00 4.435390e-01 5.564610e-01 0.000000e+00 0.000000e+00 0.000000e+00
 0.000000e+00 0.000000e+00 0.000000e+00 0.000000e+00 0.000000e+00 0.000000e+00 0.000000e+00 0.000000e+00 0.000000e+00 0.000000e+00 0.000000e+00 0.000000e+00 0.000000e+00 0.000000e+00 0.000000e+00 0.000000e+00 0.000000e+00 0.000000e+00 0.000000e+00 0.000000e+00 0.000000e+00 0.000000e+00 0.000000e+00 0.000000e+00 0.000000e+00 0.000000e+00 0.000000e+00 0.000000e+00 4.444262e-01 5.555738e-01 0.000000e+00 0.000000e+00
 0.000000e+00 0.000000e+00 0.000000e+00 0.000000e+00 0.000000e+00 0.000000e+00 0.000000e+00 0.000000e+00 0.000000e+00 0.000000e+00 0.000000e+00 0.000000e+00 0.000000e+00 0.000000e+00 0.000000e+00 0.000000e+00 0.000000e+00 0.000000e+00 0.000000e+00 0.000000e+00 0.000000e+00 0.000000e+00 0.000000e+00 0.000000e+00 0.000000e+00 0.000000e+00 0.000000e+00 0.000000e+00 0.000000e+00 3.744217e-01 6.255783e-01 0.000000e+00
 0.000000e+00 0.000000e+00 0.000000e+00 0.000000e+00 0.000000e+00 0.000000e+00 0.000000e+00 0.000000e+00 0.000000e+00 0.000000e+00 0.000000e+00 0.000000e+00 0.000000e+00 0.000000e+00 0.000000e+00 0.000000e+00 0.000000e+00 0.000000e+00 0.000000e+00 0.000000e+00 0.000000e+00 0.000000e+00 0.000000e+00 0.000000e+00 0.000000e+00 0.000000e+00 0.000000e+00 0.000000e+00 0.000000e+00 0.000000e+00 3.412138e-01 6.587862e-01
 0.000000e+00 0.000000e+00 0.000000e+00 0.000000e+00 0.000000e+00 0.000000e+00 0.000000e+00 0.000000e+00 0.000000e+00 0.000000e+00 0.000000e+00 0.000000e+00 0.000000e+00 0.000000e+00 0.000000e+00 0.000000e+00 0.000000e+00 0.000000e+00 0.000000e+00 0.000000e+00 0.000000e+00 0.000000e+00 0.000000e+00 0.000000e+00 0.000000e+00 0.000000e+00 0.000000e+00 0.000000e+00 0.000000e+00 0.000000e+00 0.000000e+00 0.000000e+00
<ENDHMM>
