~o
<STREAMINFO> 1 39
<VECSIZE> 39<NULLD><MFCC_E_D_A><DIAGC>
~h "D~ung"
<BEGINHMM>
<NUMSTATES> 12
<STATE> 2
<MEAN> 39
 -4.636712e+00 -7.201045e+00 -2.886099e+00 -3.780523e+00 -2.128650e-01 -5.510269e+00 9.043350e-01 -8.901868e-01 1.283272e-01 -4.579151e+00 1.046181e+00 -1.290255e+00 9.009539e-02 1.649139e+00 1.214034e-01 -1.013817e+00 -1.268677e+00 -1.618360e+00 -1.835649e+00 -1.906464e-01 1.277530e-01 -4.747627e-01 -1.077893e+00 -1.461823e+00 -4.937643e-01 7.520296e-02 2.824106e-01 -1.127286e-01 -3.563803e-02 -2.034519e-01 -1.155855e-01 -3.787902e-01 -2.029810e-01 -1.453829e-01 -1.907143e-01 -2.771491e-01 -3.760190e-01 -2.828732e-01 2.412640e-02
<VARIANCE> 39
 2.743850e+01 9.185967e+00 8.951585e+00 1.660123e+01 1.571551e+01 1.430592e+01 7.734143e+00 6.877458e+00 1.206390e+01 1.234084e+01 1.292550e+01 6.297518e+00 5.000000e-02 3.556721e+00 1.127912e+00 1.538254e+00 9.470161e-01 1.908487e+00 3.020749e+00 1.530113e+00 1.169640e+00 2.370742e+00 2.004642e+00 2.225314e+00 1.333513e+00 5.000000e-02 7.857757e-01 2.880536e-01 4.089741e-01 1.748928e-01 5.022621e-01 3.994104e-01 3.145205e-01 1.954291e-01 3.967661e-01 2.561091e-01 2.489800e-01 1.983409e-01 5.000000e-02
<GCONST> 8.494454e+01
<STATE> 3
<MEAN> 39
 3.212782e+00 -9.198437e+00 -4.975143e+00 -1.017441e+01 -7.184722e+00 -1.702782e+01 -2.876220e+00 -2.410652e+00 -3.736241e+00 -1.305763e+01 -9.121979e+00 -7.152206e+00 6.908177e-01 -5.410776e-01 -2.119847e+00 5.918406e-01 -7.787702e-01 -1.034447e+00 6.805446e-01 -2.256586e+00 9.417968e-01 7.361790e-01 -2.062434e-01 -4.029768e-01 -2.230817e-01 8.652329e-02 -5.151445e-01 -7.037124e-01 -2.893658e-01 1.930580e-01 2.180472e-01 1.091876e+00 -1.565338e-01 7.561686e-01 8.131678e-01 1.340405e+00 6.672376e-01 4.395916e-01 -2.118198e-02
<VARIANCE> 39
 4.981047e+01 3.855276e+01 2.099594e+01 2.414471e+01 2.944302e+01 3.818965e+01 2.574081e+01 1.595441e+01 1.176071e+01 1.681861e+01 2.186263e+01 7.694115e+00 5.000000e-02 3.247713e+00 5.946655e+00 3.514932e+00 2.307699e+00 3.711574e+00 7.397513e+00 4.160703e+00 7.001457e+00 3.142831e+00 4.575163e+00 4.807157e+00 2.775754e+00 5.000000e-02 1.082216e+00 8.590205e-01 1.677918e+00 4.191662e-01 7.854530e-01 8.935350e-01 8.232391e-01 7.351217e-01 3.105310e-01 6.123513e-01 7.408847e-01 4.808014e-01 5.000000e-02
<GCONST> 1.129559e+02
<STATE> 4
<MEAN> 39
 3.502381e-01 -2.024122e+01 -1.282465e+01 -1.351941e+01 -7.888001e+00 -9.373600e+00 -8.245133e+00 6.667919e+00 5.802205e+00 3.708978e-01 -9.204742e+00 -6.986952e+00 9.284089e-01 -6.521313e-01 -4.600411e-01 -3.096642e+00 -1.401614e+00 2.522660e+00 1.351829e+00 1.375839e+00 -5.093868e-01 1.495965e+00 4.557103e+00 -6.629689e-01 -1.462999e+00 4.332669e-02 1.022158e-01 9.571824e-01 1.924320e-01 -3.029242e-01 6.716231e-01 1.968113e-01 5.156631e-01 -1.205110e+00 -7.291158e-01 -2.225625e-01 1.392612e-01 -3.463930e-02 -1.209958e-02
<VARIANCE> 39
 1.452410e+01 6.366815e+00 4.987056e+01 1.363561e+01 5.277649e+01 2.528009e+01 7.934609e+01 2.357320e+01 2.414098e+01 5.063687e+01 2.674760e+01 5.473346e+01 5.000000e-02 1.641067e+00 4.750654e+00 2.734233e+00 1.584591e+00 5.051206e+00 3.337553e+00 4.197556e+00 8.468684e+00 2.189886e+00 4.017141e+00 4.931108e+00 5.738183e+00 5.000000e-02 2.278033e-01 4.762501e-01 1.316458e+00 3.500849e-01 1.506654e+00 7.554080e-01 1.787255e+00 1.051176e+00 6.112826e-01 1.592527e+00 1.033682e+00 1.625406e+00 5.000000e-02
<GCONST> 1.165555e+02
<STATE> 5
<MEAN> 39
 -6.783871e-01 -1.639514e+01 -1.817393e+01 -2.228185e+01 1.268165e+00 2.056678e+00 -6.942917e+00 -7.433621e-01 1.315001e+00 9.540055e+00 -8.300716e+00 -4.037769e+00 9.762498e-01 5.058483e-01 4.070067e-01 -1.923105e-01 -1.214374e+00 -2.985030e-01 2.861007e+00 -7.906940e-01 8.803473e-01 -2.390362e+00 -1.604566e+00 1.050543e+00 2.058154e+00 -1.146607e-02 1.816666e-01 -2.653970e-01 4.307620e-01 3.782816e-01 -9.428557e-01 -3.906862e-01 -1.052344e-01 1.080888e+00 1.152644e-01 -1.032797e+00 -4.297503e-02 1.647751e-01 -6.595027e-03
<VARIANCE> 39
 2.773370e+00 2.466677e+00 6.382983e+00 1.376454e+01 8.810096e+00 3.569155e+01 2.545204e+01 1.865057e+01 3.205999e+01 4.358588e+01 2.968123e+01 7.826240e+01 5.000000e-02 1.859911e-01 4.040699e-01 1.114586e+00 7.585931e-01 1.908112e+00 9.535108e-01 2.598496e+00 8.206501e+00 2.702839e+00 6.408016e+00 1.509888e+00 1.396408e+00 5.000000e-02 5.014263e-02 5.000000e-02 1.089551e-01 1.197211e-01 3.489027e-01 5.826479e-01 9.270661e-01 7.657169e-01 1.392873e+00 1.196077e+00 6.806187e-01 1.084652e+00 5.000000e-02
<GCONST> 8.843829e+01
<STATE> 6
<MEAN> 39
 3.565280e+00 -1.814569e+01 -1.452454e+01 -2.225486e+01 -9.803423e+00 4.555379e+00 -5.663361e+00 7.996149e+00 -9.330708e-01 -2.484111e+00 -4.944539e+00 -9.492695e-01 8.772202e-01 1.096738e+00 -3.623728e-01 1.515473e+00 8.771526e-01 -1.707397e+00 -2.119719e+00 9.430137e-02 -1.096658e+00 1.104735e+00 -1.583293e+00 -9.769548e-02 -2.845171e-01 -2.794226e-02 5.054072e-02 1.571037e-01 -3.042896e-02 3.309827e-01 7.659571e-01 -6.026006e-01 -2.878832e-01 -1.408007e+00 -2.386862e-01 1.081873e-01 -5.545832e-02 -3.734650e-01 -3.282179e-03
<VARIANCE> 39
 6.319229e+00 9.377664e+00 1.145458e+01 2.792869e+01 3.820776e+01 3.312881e+01 4.121568e+01 5.060610e+01 3.097252e+01 8.000261e+00 1.178677e+01 2.430439e+01 5.000000e-02 1.729065e-01 6.819949e-01 4.911613e-01 2.212731e+00 5.722372e+00 2.736213e+00 1.675658e+00 1.244664e+01 3.783636e+00 1.848855e+00 1.874020e+00 2.820815e+00 5.000000e-02 5.000000e-02 1.371810e-01 1.894241e-01 3.462860e-01 9.116195e-01 8.709344e-01 4.257669e-01 1.258136e+00 1.620028e+00 3.790642e-01 3.450831e-01 2.567187e-01 5.000000e-02
<GCONST> 9.436824e+01
<STATE> 7
<MEAN> 39
 7.034491e+00 -1.688725e+01 -1.011539e+01 -1.803257e+01 -5.093315e+00 -5.332849e+00 -1.233858e+01 -5.916766e+00 -4.138807e+00 -1.148946e+01 -4.452036e+00 -4.168890e+00 7.114092e-01 -1.904458e-01 -3.992661e-02 4.913439e-01 -7.644790e-02 5.925705e-01 -5.519605e-01 -5.409985e-01 -9.964897e-01 -9.041928e-01 -3.658017e-01 2.858262e-01 -4.960370e-01 -1.688663e-02 -3.482910e-01 -1.199550e-01 1.022680e-01 -4.526837e-01 -9.546293e-02 3.572359e-01 2.370599e-01 6.599386e-01 2.553979e-01 5.773264e-01 5.936910e-02 1.680488e-02 1.261336e-03
<VARIANCE> 39
 3.336010e+00 2.253927e+00 7.821654e+00 1.869534e+01 2.309052e+01 1.249638e+01 3.323912e+01 2.189183e+01 2.201942e+01 1.213572e+01 8.113235e+00 1.221753e+01 5.000000e-02 6.145101e-01 4.576860e-01 1.125840e+00 2.375418e+00 2.569931e+00 1.812692e+00 2.005821e+00 3.998456e+00 1.870451e+00 3.784786e+00 7.834403e-01 9.748700e-01 5.000000e-02 7.292511e-02 7.158252e-02 2.751366e-01 3.972316e-01 5.918860e-01 4.621861e-01 4.025308e-01 5.282725e-01 3.008581e-01 4.666848e-01 1.373937e-01 2.099658e-01 5.000000e-02
<GCONST> 8.133304e+01
<STATE> 8
<MEAN> 39
 1.968668e+00 -1.859698e+01 -4.256387e+00 -2.328603e+01 -2.901347e+00 -5.273352e+00 -1.100796e+01 -4.487914e+00 -4.454342e+00 -5.256770e+00 -2.490247e+00 -7.337830e+00 6.059204e-01 -7.815914e-01 7.652521e-01 6.932071e-03 7.116996e-01 1.459838e+00 -8.836848e-02 9.472365e-01 1.142930e+00 1.317009e+00 1.302421e+00 6.194298e-01 -1.480470e-01 -5.643672e-02 4.735364e-01 5.220630e-01 -9.761344e-01 1.470932e+00 -4.782431e-02 -1.092981e-01 5.739950e-01 -1.681777e-02 3.614225e-01 -3.276836e-01 -2.049092e-02 4.639780e-01 -1.040836e-02
<VARIANCE> 39
 5.727302e+00 4.075792e+00 7.490619e+00 2.674034e+01 1.790145e+01 1.532162e+01 5.167679e+01 3.904494e+01 2.869946e+01 2.960740e+01 1.208584e+01 1.548404e+01 5.000000e-02 1.413461e+00 1.201724e+00 3.709616e+00 9.375945e+00 8.682667e-01 1.421366e+00 3.162203e+00 1.681814e+00 2.397937e+00 2.863691e+00 5.428324e-01 1.903771e+00 5.000000e-02 1.187163e-01 1.670879e-01 3.216048e-01 7.177609e-01 2.625200e-01 2.706558e-01 5.514730e-01 6.630199e-01 3.441860e-01 6.535384e-01 1.188537e-01 2.988774e-01 5.000000e-02
<GCONST> 9.039445e+01
<STATE> 9
<MEAN> 39
 3.059261e+00 -1.314385e+01 -1.175679e+01 -9.032586e+00 -5.404447e-01 -6.591729e+00 -2.401253e+00 -2.564255e+00 2.118697e+00 -3.036537e+00 -4.451644e-01 -3.749466e+00 3.461962e-01 -4.136192e-01 5.075098e-01 -8.934146e-01 1.730751e+00 -4.900944e-02 6.449328e-02 1.452579e+00 -4.411899e-03 7.840449e-01 5.796368e-01 3.713046e-01 8.467088e-01 -4.998261e-02 -3.258525e-01 -2.042490e-01 5.996406e-01 -8.501175e-01 -1.532904e-01 6.665067e-02 -4.855535e-01 -2.448239e-02 -3.796302e-01 -1.084925e-01 3.238297e-02 -7.640795e-02 4.200010e-03
<VARIANCE> 39
 3.237777e+00 7.587076e+00 9.878325e+00 1.181155e+01 4.708841e+00 1.036879e+01 2.425494e+01 7.469497e+00 6.955533e+00 1.273392e+01 2.282310e+01 9.311603e+00 5.000000e-02 8.803928e-01 1.245056e+00 2.416747e+00 6.507892e+00 9.886499e-01 1.605105e+00 3.956326e+00 1.295461e+00 5.327157e-01 2.041157e+00 1.511770e+00 1.312316e+00 5.000000e-02 6.535309e-02 2.441431e-01 2.639938e-01 6.447214e-01 2.254713e-01 3.594398e-01 3.730158e-01 2.752066e-01 6.531625e-02 2.530285e-01 3.206339e-01 2.805929e-01 5.000000e-02
<GCONST> 7.808436e+01
<STATE> 10
<MEAN> 39
 -2.572728e+00 -1.106286e+01 -7.871879e+00 -8.947515e+00 -1.673787e+00 -5.864394e+00 -3.991005e-01 -1.428304e+00 1.158017e+00 -1.887410e+00 1.898459e+00 -1.615898e+00 1.111528e-01 -5.960565e-01 3.859650e-01 8.206796e-01 4.693990e-01 1.317836e-01 2.357069e-01 2.403602e-01 2.423105e-01 -2.313581e-01 -2.061651e-03 4.130230e-01 -5.359030e-02 -2.740603e-02 1.221106e-01 9.246158e-03 1.013079e-01 2.611754e-01 1.963420e-01 5.582289e-02 -3.827844e-02 -9.015752e-02 1.055938e-01 1.318111e-02 -8.930331e-02 -1.879870e-01 4.801626e-03
<VARIANCE> 39
 5.465108e+00 3.508068e+00 1.316381e+01 7.090440e+00 1.053551e+01 1.162079e+01 6.429307e+00 1.666070e+01 1.335880e+01 1.215612e+01 1.033273e+01 8.592800e+00 5.000000e-02 3.906394e-01 8.112584e-01 1.200461e+00 1.451389e+00 1.513656e+00 1.214431e+00 5.552341e-01 1.253425e+00 1.017935e+00 8.089510e-01 1.131971e+00 1.384301e+00 5.000000e-02 7.331359e-02 1.378121e-01 1.992519e-01 2.917413e-01 2.862926e-01 1.914084e-01 8.761875e-02 1.787018e-01 1.601279e-01 1.959624e-01 3.071656e-01 2.711783e-01 5.000000e-02
<GCONST> 6.869695e+01
<STATE> 11
<MEAN> 39
 -3.932494e+00 -9.626586e+00 -3.340600e+00 -3.773552e+00 1.795185e+00 -4.722108e+00 -2.535624e-01 -1.610501e+00 3.038909e+00 -2.858024e-01 3.151817e+00 -3.147862e+00 5.938038e-02 -5.973216e-01 1.466830e-01 6.231178e-01 4.796486e-01 4.800632e-01 2.380900e-01 -1.313619e-01 -4.084733e-01 4.826705e-02 -1.091207e-02 -3.607517e-01 -6.004440e-01 -2.100451e-02 -2.863934e-02 -1.734619e-01 -4.594780e-01 -4.374899e-01 -3.073757e-01 -2.491821e-02 3.652060e-02 -2.468431e-02 -2.788644e-01 -2.077508e-01 -9.601120e-02 1.473957e-01 -1.013404e-03
<VARIANCE> 39
 2.014240e+00 4.513165e+00 1.169076e+01 4.344202e+00 5.619344e+00 1.105492e+01 5.455788e+00 1.228883e+01 5.559644e+00 1.529584e+01 7.492972e+00 1.087374e+01 5.000000e-02 4.725883e-01 8.139494e-01 2.692106e+00 1.585323e+00 8.300310e-01 1.467848e+00 4.384904e-01 4.025140e-01 9.843470e-01 2.375525e+00 1.560476e+00 8.542477e-01 5.000000e-02 9.599862e-02 1.297487e-01 3.397327e-01 1.923843e-01 6.467652e-02 3.016540e-01 1.546916e-01 1.205758e-01 1.481478e-01 3.691499e-01 2.246578e-01 2.834476e-01 5.000000e-02
<GCONST> 6.540639e+01
<TRANSP> 12
 0.000000e+00 1.000000e+00 0.000000e+00 0.000000e+00 0.000000e+00 0.000000e+00 0.000000e+00 0.000000e+00 0.000000e+00 0.000000e+00 0.000000e+00 0.000000e+00
 0.000000e+00 8.275846e-01 1.724154e-01 0.000000e+00 0.000000e+00 0.000000e+00 0.000000e+00 0.000000e+00 0.000000e+00 0.000000e+00 0.000000e+00 0.000000e+00
 0.000000e+00 0.000000e+00 7.500860e-01 2.499140e-01 0.000000e+00 0.000000e+00 0.000000e+00 0.000000e+00 0.000000e+00 0.000000e+00 0.000000e+00 0.000000e+00
 0.000000e+00 0.000000e+00 0.000000e+00 7.619068e-01 2.380932e-01 0.000000e+00 0.000000e+00 0.000000e+00 0.000000e+00 0.000000e+00 0.000000e+00 0.000000e+00
 0.000000e+00 0.000000e+00 0.000000e+00 0.000000e+00 7.956724e-01 2.043277e-01 0.000000e+00 0.000000e+00 0.000000e+00 0.000000e+00 0.000000e+00 0.000000e+00
 0.000000e+00 0.000000e+00 0.000000e+00 0.000000e+00 0.000000e+00 7.960850e-01 2.039149e-01 0.000000e+00 0.000000e+00 0.000000e+00 0.000000e+00 0.000000e+00
 0.000000e+00 0.000000e+00 0.000000e+00 0.000000e+00 0.000000e+00 0.000000e+00 8.529906e-01 1.470093e-01 0.000000e+00 0.000000e+00 0.000000e+00 0.000000e+00
 0.000000e+00 0.000000e+00 0.000000e+00 0.000000e+00 0.000000e+00 0.000000e+00 0.000000e+00 7.221891e-01 2.778110e-01 0.000000e+00 0.000000e+00 0.000000e+00
 0.000000e+00 0.000000e+00 0.000000e+00 0.000000e+00 0.000000e+00 0.000000e+00 0.000000e+00 0.000000e+00 7.812530e-01 2.187470e-01 0.000000e+00 0.000000e+00
 0.000000e+00 0.000000e+00 0.000000e+00 0.000000e+00 0.000000e+00 0.000000e+00 0.000000e+00 0.000000e+00 0.000000e+00 8.302354e-01 1.697646e-01 0.000000e+00
 0.000000e+00 0.000000e+00 0.000000e+00 0.000000e+00 0.000000e+00 0.000000e+00 0.000000e+00 0.000000e+00 0.000000e+00 0.000000e+00 7.140027e-01 2.859973e-01
 0.000000e+00 0.000000e+00 0.000000e+00 0.000000e+00 0.000000e+00 0.000000e+00 0.000000e+00 0.000000e+00 0.000000e+00 0.000000e+00 0.000000e+00 0.000000e+00
<ENDHMM>
