~o
<STREAMINFO> 1 26
<VECSIZE> 26<NULLD><MFCC_E_D><DIAGC>
~h "Hai"
<BEGINHMM>
<NUMSTATES> 38
<STATE> 2
<MEAN> 26
 -6.734492e+00 -9.227818e+00 6.848237e-01 -2.401380e-01 3.268282e+00 -5.478577e+00 1.856223e+00 -1.892190e+00 -5.929038e-01 -6.233795e+00 2.074991e+00 -1.648027e+00 1.442165e-02 -8.498163e-01 -8.235376e-01 3.035516e-01 -2.931469e-01 -8.767099e-02 -1.150028e+00 -5.445223e-01 -4.978643e-02 -1.388408e-01 -8.811737e-01 1.158035e-01 2.584113e-01 3.092723e-03
<VARIANCE> 26
 4.169609e+00 8.779243e+00 1.662306e+01 1.029315e+00 6.354527e+00 8.662743e+00 1.887069e+01 1.759832e+01 1.273221e+01 2.563401e+01 4.640683e+00 8.040630e+00 5.000000e-02 5.790107e-01 5.411364e-01 3.366484e-01 3.181904e-01 6.806970e-01 2.411115e+00 1.042739e+00 9.446628e-01 1.018983e+00 5.734022e-01 1.616768e+00 1.383489e+00 5.000000e-02
<GCONST> 6.480798e+01
<STATE> 3
<MEAN> 26
 -9.634034e+00 -7.702860e+00 -2.439485e+00 -1.350772e+00 2.478952e+00 -7.487771e+00 6.479928e-01 -1.514742e+00 2.134769e+00 -4.727601e+00 3.926741e+00 -2.314974e+00 4.521767e-02 -2.263921e+00 8.465593e-01 -2.218594e+00 5.676913e-01 -1.136927e-01 -9.946518e-04 8.527585e-01 1.090901e+00 1.379752e-01 -1.715694e+00 -8.248412e-02 -1.135762e-01 5.825961e-02
<VARIANCE> 26
 2.395029e+01 5.953466e+01 3.880581e+01 9.636147e+00 9.846440e+00 1.664675e+01 1.037366e+01 1.168261e+01 1.724055e+01 1.149359e+01 1.934649e+01 8.183270e+00 5.000000e-02 3.199617e+00 8.249844e+00 3.606689e+00 1.650778e+00 1.404279e+00 1.871318e+00 8.266016e-01 3.388440e-01 1.297241e+00 6.543331e-01 5.820972e-01 5.549695e-01 5.000000e-02
<GCONST> 7.868723e+01
<STATE> 4
<MEAN> 26
 -1.276490e+01 -1.215482e+01 -2.926546e+00 -1.694860e+00 4.953216e+00 -5.504493e+00 3.739713e+00 -9.379050e-02 -1.284108e+00 -1.195310e+01 2.340117e+00 -4.299237e-01 1.867197e-01 -1.209576e+00 -2.108842e+00 -1.249205e+00 -4.220155e-01 4.625860e-01 6.056233e-01 6.474914e-01 8.362992e-01 -2.545383e-01 -1.560530e+00 -8.395534e-01 -1.042097e-01 7.583862e-02
<VARIANCE> 26
 2.479776e+01 9.443094e+01 4.691442e+01 7.336508e+00 1.721701e+01 5.051347e+01 1.282576e+01 1.335488e+01 5.935035e+00 9.207530e+00 3.926206e+00 5.252480e+00 5.000000e-02 3.250093e-01 6.806618e-01 5.226330e-01 2.336084e+00 7.400778e-01 7.507087e-01 3.249262e-01 4.733692e-01 6.109014e-01 7.160028e-01 1.646232e+00 2.650679e-01 5.000000e-02
<GCONST> 6.890696e+01
<STATE> 5
<MEAN> 26
 -1.262972e+01 -1.380627e+01 -4.788036e+00 4.939241e-02 2.838505e+00 -4.297189e+00 1.690398e+00 2.183208e-01 1.085106e+00 -1.014648e+01 -2.431114e-01 -2.836007e+00 1.704442e-01 7.060366e-01 -2.571653e+00 6.254174e-01 -1.080419e+00 5.655972e-01 6.678374e-01 -8.081136e-01 -4.235589e-01 3.301532e-01 1.066395e+00 5.704367e-01 4.149059e-01 -5.938428e-03
<VARIANCE> 26
 1.346445e+01 6.000311e+01 3.593892e+01 3.970971e+01 1.192268e+01 2.437932e+01 9.280884e+00 1.211366e+01 1.613640e+01 2.704315e+01 8.763072e+00 9.877524e+00 5.640917e-02 4.235149e+00 2.240280e+00 4.296897e+00 1.654018e+00 3.087331e-01 9.271602e-01 5.716747e-01 1.558049e+00 5.350989e-01 1.170847e+00 1.554716e+00 2.389632e-01 5.000000e-02
<GCONST> 7.819232e+01
<STATE> 6
<MEAN> 26
 -1.222850e+01 -1.873617e+01 -4.747563e+00 -3.179072e+00 5.082739e+00 -4.058808e+00 1.400379e+00 -1.307806e+00 1.181640e+00 -7.278855e+00 2.988698e+00 -5.024828e-01 2.523448e-01 -8.214712e-01 -5.459304e-01 -6.152453e-01 -2.857039e-01 6.027678e-01 7.758758e-01 -9.895222e-01 6.377521e-02 5.727611e-01 -3.438035e-02 -1.868631e-01 2.796112e-01 2.749160e-02
<VARIANCE> 26
 3.140226e+01 3.605407e+01 1.353437e+01 8.369596e+00 2.385395e+01 4.608295e+01 8.193077e+00 8.177208e+00 7.173900e+00 1.271476e+01 9.142359e+00 5.158260e+00 7.290469e-02 5.945561e-01 2.925851e-01 4.738635e-01 3.535334e-01 9.076361e-01 1.151348e+00 1.398439e+00 1.360097e+00 3.536187e-01 1.277035e+00 5.000000e-02 4.230175e-01 5.000000e-02
<GCONST> 6.600628e+01
<STATE> 7
<MEAN> 26
 -1.349764e+01 -1.659441e+01 -2.372080e+00 -4.238412e+00 5.911838e+00 -2.671920e+00 -6.917892e-01 6.408937e-01 3.506359e+00 -8.755211e+00 2.988316e+00 1.170374e+00 1.309640e-01 -5.754058e-01 -6.687462e-01 1.022987e-01 5.841135e-01 1.306892e-01 1.307112e+00 6.652833e-01 3.519450e-01 -2.434117e-01 -1.284469e+00 -4.182316e-01 9.839603e-01 3.848717e-02
<VARIANCE> 26
 1.872113e+01 3.162245e+01 2.815936e+01 6.915034e+00 1.504535e+01 4.116717e+01 1.325838e+01 1.986431e+01 6.028653e+00 1.714912e+01 5.842443e+00 1.715295e+01 7.816339e-02 6.475797e-01 4.615165e-01 3.398207e+00 8.595635e-01 2.781712e+00 5.344234e-01 6.975204e-01 1.514810e+00 3.052768e+00 1.732265e+00 2.729489e-01 7.871006e-01 5.000000e-02
<GCONST> 7.558662e+01
<STATE> 8
<MEAN> 26
 -1.385422e+01 -2.199472e+01 -8.464552e+00 -6.289463e-01 2.783807e+00 8.612928e-01 -5.645299e-01 -9.463810e-01 1.612121e+00 -1.403648e+01 -3.624752e-01 1.001512e+00 4.619157e-01 1.182560e+00 -1.288944e-01 -3.067966e+00 1.227983e+00 -1.758602e+00 1.368875e+00 -4.657762e-01 -1.198667e+00 2.541110e-02 -1.673356e+00 -9.669572e-01 -1.046468e+00 4.694159e-02
<VARIANCE> 26
 1.433092e+01 1.699843e+01 4.654745e+01 1.539580e+01 4.856746e+01 1.237157e+01 3.529906e+01 1.564425e+01 5.701895e+00 2.577419e+01 1.332090e+01 9.826396e+00 5.000000e-02 1.027947e+00 4.141258e-01 3.880491e+00 3.085445e+00 2.676199e+00 1.640115e+00 1.669711e+00 3.479701e+00 1.835181e+00 2.015441e+00 7.226620e-01 2.693512e-01 5.000000e-02
<GCONST> 8.097917e+01
<STATE> 9
<MEAN> 26
 -9.573089e+00 -2.017383e+01 -1.335100e+01 7.267094e-01 -2.308963e-01 7.081678e+00 1.231716e+00 -3.404523e+00 1.053290e+00 -1.764599e+01 -1.018473e+00 -3.547236e+00 4.930076e-01 7.504360e-01 5.749359e-01 -2.075925e+00 1.768761e+00 -9.310833e-01 1.328526e+00 4.086969e-01 -2.106086e+00 8.308594e-01 -1.245443e+00 -2.414196e-01 -1.390416e+00 6.468080e-02
<VARIANCE> 26
 2.129515e+01 1.910781e+01 1.332000e+02 1.073211e+01 4.042230e+01 8.969157e+01 1.173347e+01 6.295709e+00 3.514496e+01 3.822001e+01 2.815724e+00 1.769745e+01 7.353685e-02 1.607143e+00 1.738831e+00 2.916604e+00 1.490959e+00 2.622119e+00 3.319828e+00 2.318540e+00 1.408938e+00 1.212684e+00 1.545589e+00 1.141925e+00 1.742244e-01 5.000000e-02
<GCONST> 8.392103e+01
<STATE> 10
<MEAN> 26
 -1.316702e+01 -1.892974e+01 -1.433804e+01 3.214381e+00 -1.029283e+00 3.879594e+00 1.315712e-01 -7.560036e+00 4.218201e+00 -1.712951e+01 -2.255746e+00 -4.806793e-01 5.500187e-01 7.266271e-01 2.266976e-01 -3.118115e+00 1.353040e+00 -1.263559e+00 2.036663e-01 -1.474086e-01 -1.410879e+00 1.689589e+00 -7.200114e-01 4.682354e-01 -1.803024e-01 6.383572e-02
<VARIANCE> 26
 2.473183e+01 7.087148e+00 8.076905e+01 1.619704e+01 2.992528e+01 3.442364e+01 1.888107e+01 2.856822e+01 1.489590e+01 3.685707e+01 7.998032e+00 1.057652e+01 5.000000e-02 3.163478e+00 1.477104e+00 3.456932e+00 5.294078e-01 1.408383e+00 1.102294e+00 8.698676e-01 2.338534e+00 2.672449e+00 2.684707e+00 2.000587e+00 6.088965e-01 5.000000e-02
<GCONST> 8.357400e+01
<STATE> 11
<MEAN> 26
 -7.202950e+00 -1.730017e+01 -1.741108e+01 3.010473e+00 1.035825e+00 5.381342e+00 1.142300e+00 -6.867789e+00 6.377873e+00 -1.338172e+01 1.012784e+00 -4.114070e+00 4.942414e-01 5.736527e-02 -4.681522e-01 1.083040e-01 -2.713788e-01 -1.636115e-01 -2.169500e-01 -9.933531e-02 1.271413e+00 1.927387e+00 7.222835e-01 1.443083e+00 5.735405e-01 3.571770e-02
<VARIANCE> 26
 4.639045e+00 5.929598e+00 6.591884e+01 4.388953e+01 3.955387e+01 2.837735e+01 1.613985e+01 1.428318e+01 3.095019e+01 8.126797e+01 1.166221e+01 5.706661e+00 1.799776e-01 3.805563e-01 3.220447e-01 2.461398e+00 7.568506e-01 2.510300e+00 3.926687e-01 4.758161e-01 2.200022e-01 4.319512e-01 1.177487e+00 4.716392e-01 6.657217e-01 5.000000e-02
<GCONST> 7.326770e+01
<STATE> 12
<MEAN> 26
 -1.041031e+01 -2.222333e+01 -2.173643e+01 3.501320e+00 -4.532275e-01 8.332646e-01 -2.536266e-03 -4.746751e+00 8.440097e+00 -1.768973e+01 2.255483e+00 -2.864969e+00 8.613392e-01 -5.930882e-01 -7.681081e-01 8.666973e-01 -1.389595e+00 1.147351e+00 -7.043981e-01 -6.261042e-01 1.442587e+00 -5.844185e-01 4.550205e-01 -1.244956e-01 6.959796e-02 2.066884e-02
<VARIANCE> 26
 2.912534e+00 3.201125e+00 1.849331e+01 1.310231e+01 2.122172e+01 6.979635e+01 1.319775e+01 8.388403e+00 1.328217e+01 3.587723e+01 5.156664e+00 1.353790e+01 5.340806e-02 2.412418e-01 6.087669e-01 1.165115e+00 8.622385e-01 7.762597e-01 1.240492e+00 5.521801e-01 5.247219e-01 1.284983e+00 2.157840e+00 4.304549e-01 2.100899e-01 5.000000e-02
<GCONST> 6.742831e+01
<STATE> 13
<MEAN> 26
 -7.744381e+00 -1.891483e+01 -1.277885e+01 -1.148958e+00 3.949631e+00 3.158410e+00 -7.874629e-01 -2.125416e+00 7.165252e+00 -1.000573e+01 2.375699e+00 -1.508262e+00 4.833080e-01 -9.731726e-02 -2.286487e-02 7.151526e-01 7.859232e-02 6.468394e-01 -1.542727e-02 2.192223e-01 3.982624e-01 -1.023143e+00 -1.289784e-02 -1.774905e-02 1.078248e-01 7.591183e-03
<VARIANCE> 26
 1.523277e+01 1.744710e+01 4.281039e+01 2.090631e+01 1.873735e+01 1.287173e+01 1.464713e+01 5.793136e+00 1.306413e+01 5.478565e+01 3.916658e+00 4.752344e+00 2.212791e-01 2.412442e-01 4.841999e-01 5.315061e-01 9.760797e-01 5.000000e-02 7.054797e-01 7.110015e-01 1.121422e+00 6.056373e-01 1.609490e+00 4.266339e-01 2.349009e-01 5.000000e-02
<GCONST> 6.638332e+01
<STATE> 14
<MEAN> 26
 -1.216967e+01 -2.318852e+01 -1.676357e+01 1.598473e+00 3.402059e+00 2.313784e+00 -9.091116e-01 -1.003833e+00 3.632794e+00 -1.790033e+01 -4.451989e-01 -4.149858e+00 8.612374e-01 -7.991815e-02 -4.920090e-01 5.085011e-01 3.963728e-01 -2.323388e-01 6.260266e-01 -9.798549e-02 6.607262e-01 -7.425497e-01 -2.577563e-01 -5.852876e-01 -1.211815e-01 1.042278e-02
<VARIANCE> 26
 8.681081e+00 6.967594e+00 3.522295e+01 7.912482e+00 1.690034e+01 2.482725e+01 2.076444e+01 4.916515e+00 3.909258e+00 3.213676e+01 1.658169e+01 1.133375e+01 8.954993e-02 1.185058e-01 3.362118e-01 9.078036e-01 9.895346e-01 3.220791e-01 2.645388e-01 1.370972e-01 7.765976e-01 4.966725e-01 8.135265e-01 1.026551e+00 3.752366e-01 5.000000e-02
<GCONST> 6.295037e+01
<STATE> 15
<MEAN> 26
 -1.052818e+01 -2.275814e+01 -1.467810e+01 1.205420e+00 2.111932e+00 3.683291e+00 -2.474975e+00 8.729313e-02 3.264236e+00 -1.453337e+01 7.614334e-01 -1.573570e+00 7.832001e-01 -2.531768e-01 -4.093426e-01 4.028649e-01 -5.718052e-01 -1.209267e-01 2.223570e-01 2.168982e-01 7.677258e-01 -5.417249e-01 9.039434e-01 -3.879497e-01 1.434698e-01 1.650187e-03
<VARIANCE> 26
 8.573016e+00 1.092145e+01 3.593404e+01 1.466354e+01 6.290112e+00 2.458664e+01 2.421468e+01 6.801826e+00 1.335296e+01 4.208048e+01 1.276616e+01 1.875556e+01 1.683398e-01 2.667485e-01 2.868821e-01 4.807858e-01 2.637262e-01 3.465134e-01 7.149923e-01 2.476407e-01 4.011270e-01 6.133368e-01 1.502765e-01 7.617521e-01 8.292022e-01 5.000000e-02
<GCONST> 6.458523e+01
<STATE> 16
<MEAN> 26
 -1.163906e+01 -2.388519e+01 -1.941556e+01 -1.827144e-01 -3.306559e-01 3.367235e-01 3.740366e+00 -1.780694e+00 5.143591e+00 -1.474070e+01 3.478480e+00 -3.782633e-01 9.031061e-01 1.187432e-02 4.420795e-01 1.817061e-01 -1.580244e-01 -2.244317e-01 -3.605498e-01 1.518690e+00 -2.093082e-01 -7.237388e-01 -2.338197e-01 5.019848e-01 -1.220831e-01 -4.011882e-03
<VARIANCE> 26
 8.654474e+00 1.036940e+01 2.438426e+01 1.220925e+01 1.588500e+01 1.953568e+01 2.160544e+01 1.013099e+01 1.756523e+01 2.739318e+01 2.041558e+01 2.312141e+01 7.571863e-02 2.218522e-01 3.006009e-01 4.608364e-01 6.800145e-01 3.485782e-01 9.048261e-01 5.379855e-01 2.908156e-01 5.916771e-01 4.433418e-01 3.039283e-01 5.000000e-02 5.000000e-02
<GCONST> 6.345897e+01
<STATE> 17
<MEAN> 26
 -1.222164e+01 -2.415532e+01 -1.537877e+01 3.333580e-01 3.266567e-01 6.485766e+00 -6.030991e-01 5.515617e-02 2.332228e+00 -1.515797e+01 8.334255e-01 -2.131418e+00 8.867471e-01 -2.190923e-01 3.047347e-02 -1.416643e-01 -2.794718e-01 -1.107400e+00 -4.296165e-02 1.291485e+00 -3.190739e-01 -6.615520e-01 -1.113092e-01 2.873614e-01 -4.671538e-01 -7.108216e-03
<VARIANCE> 26
 7.815092e+00 1.355162e+01 2.758636e+01 4.959219e+00 1.020184e+01 3.192940e+01 4.885682e+01 6.481072e+00 3.139585e+01 3.291616e+01 2.253717e+01 1.039523e+01 7.862887e-02 9.690813e-02 3.450091e-01 5.875530e-01 2.684947e-01 9.864832e-01 9.942291e-01 5.231613e-01 3.231812e-01 1.306003e+00 5.826390e-01 2.212775e-01 3.355712e-01 5.000000e-02
<GCONST> 6.585306e+01
<STATE> 18
<MEAN> 26
 -1.003925e+01 -2.052992e+01 -1.374927e+01 -1.632555e-01 -6.809350e-05 8.103454e-01 6.461773e+00 -3.515312e-01 -1.502198e-02 -1.423750e+01 2.547509e+00 -3.322857e+00 6.399524e-01 -2.123739e-01 -4.038829e-02 3.767198e-01 -2.614203e-01 -1.007286e+00 -1.365576e+00 1.221457e+00 4.075020e-01 -8.991391e-01 -1.359866e-01 8.304424e-01 -2.280845e-01 3.955221e-03
<VARIANCE> 26
 1.261785e+01 1.917861e+01 3.749675e+01 1.263899e+01 2.353625e+01 5.865593e+01 4.906306e+01 8.335633e+00 3.503999e+01 7.493551e+01 2.321000e+01 1.197094e+01 1.960775e-01 1.631708e-01 8.141613e-01 8.763944e-02 2.499724e-01 1.466139e+00 2.958599e+00 7.384657e-01 4.748453e-01 2.429324e-01 1.648067e+00 8.721910e-01 1.233218e+00 5.000000e-02
<GCONST> 7.529125e+01
<STATE> 19
<MEAN> 26
 -1.239296e+01 -2.212962e+01 -1.264660e+01 -1.435619e+00 -2.625082e+00 -3.421038e+00 8.954141e+00 1.005612e+00 -2.787714e+00 -1.491829e+01 2.059127e+00 -5.641824e+00 7.373398e-01 -8.570677e-01 -1.561738e-01 9.810660e-01 -1.193554e+00 -1.099288e+00 -1.675113e+00 9.724755e-01 6.343294e-01 4.673423e-01 1.660468e+00 -5.319992e-01 -1.226825e+00 1.308870e-02
<VARIANCE> 26
 1.260291e+01 1.288386e+01 6.703743e+01 1.181071e+01 5.379095e+01 8.801797e+01 5.413992e+01 1.952672e+01 3.377098e+01 4.077488e+01 3.304642e+01 1.982720e+01 9.604891e-02 2.450470e+00 7.601249e-01 3.677563e-01 1.920107e+00 3.697670e+00 2.330160e+00 1.067360e+00 3.520988e-01 3.102790e+00 4.703242e+00 1.499231e+00 8.623393e-01 5.000000e-02
<GCONST> 8.773540e+01
<STATE> 20
<MEAN> 26
 -1.605565e+01 -2.127317e+01 -9.211009e+00 -1.721809e+00 8.271579e-01 -5.063601e+00 9.184559e+00 6.214736e-01 -3.408396e-01 -1.136159e+01 3.795422e+00 -5.075399e+00 7.049315e-01 -1.308918e-01 5.648423e-01 2.848052e-01 -3.264694e-01 -7.836605e-01 -3.678516e-01 1.879885e-01 -4.547063e-01 2.015604e-01 1.029269e+00 -1.338258e-01 -5.589620e-01 2.320212e-03
<VARIANCE> 26
 2.222875e+01 1.070121e+01 4.357498e+01 2.566099e+01 1.211031e+02 1.079318e+02 3.786227e+01 3.744890e+00 1.325944e+01 1.932152e+00 2.845603e+01 3.055374e+01 5.000000e-02 1.422555e+00 7.699657e-01 3.911119e+00 2.642091e+00 1.092775e+00 1.292279e+00 1.694934e-01 1.474916e+00 3.054290e+00 3.335769e+00 2.336328e+00 1.550271e+00 5.000000e-02
<GCONST> 8.372172e+01
<STATE> 21
<MEAN> 26
 -1.174054e+01 -2.162751e+01 -1.254412e+01 -4.675987e+00 -7.728725e+00 -4.340261e+00 1.158803e+01 -5.169150e-01 1.907982e+00 -1.013809e+01 1.238739e+00 -1.012719e+01 7.676314e-01 1.222450e+00 -3.741546e-01 5.090687e-01 -1.993506e+00 -2.068516e+00 -8.582134e-01 1.555991e-01 -1.738472e-01 8.563784e-01 1.181231e+00 -8.769364e-01 -4.337152e-01 -1.536066e-02
<VARIANCE> 26
 2.557915e+01 1.888312e+00 2.086134e+01 1.367306e+01 8.922054e+01 8.143646e+01 5.393310e+01 1.039288e+01 6.464386e+00 1.891604e+01 1.328175e+01 5.761727e+01 5.000000e-02 1.767952e+00 1.005693e+00 5.032352e+00 7.518346e-02 1.145431e+00 1.576977e+00 1.706860e+00 1.511055e+00 1.231049e+00 2.915262e+00 4.948252e-01 4.314509e+00 5.000000e-02
<GCONST> 8.116904e+01
<STATE> 22
<MEAN> 26
 -9.334818e+00 -2.047634e+01 -1.661316e+01 -3.524473e+00 -4.705051e+00 -8.859695e+00 8.979188e+00 -5.389256e+00 1.629451e+00 -1.259259e+01 1.877479e-01 -9.003444e+00 7.536945e-01 1.937609e+00 -9.104477e-02 -1.048070e+00 2.727949e-01 -7.087514e-01 -1.518435e-01 -7.134244e-02 -1.010286e+00 1.183473e+00 7.232231e-01 -9.746794e-01 5.343569e-01 1.931433e-02
<VARIANCE> 26
 3.285281e+01 9.689830e+00 9.798198e+01 4.456532e+01 9.795616e+01 2.875459e+01 1.053685e+01 5.322049e+01 1.990505e+01 8.122204e+01 7.731150e+00 9.584914e+00 5.000000e-02 2.095624e+00 1.550020e+00 6.745022e+00 5.849569e+00 1.537989e+00 1.862212e+00 2.264342e+00 2.450253e+00 2.459765e+00 4.707343e+00 7.391422e-01 3.607553e+00 5.000000e-02
<GCONST> 9.295341e+01
<STATE> 23
<MEAN> 26
 -7.320668e+00 -2.522516e+01 -2.678380e+00 -1.567140e+01 -9.963557e+00 -5.253848e+00 6.911407e+00 2.622795e+00 1.739764e+00 -1.974247e+00 -5.555343e+00 -3.455365e+00 7.622452e-01 1.216935e+00 -3.313234e-01 6.901893e-01 3.706957e-01 -5.462893e-02 3.803029e-01 -2.498301e-01 -2.572693e-01 3.239731e-01 3.973714e-01 -3.388925e-01 -2.915906e-02 -2.944643e-02
<VARIANCE> 26
 2.364824e+01 1.328053e+01 1.128222e+02 1.112443e+02 3.089996e+01 1.081789e+01 2.081357e+01 3.080568e+01 2.004971e+01 3.969442e+01 2.623882e+01 1.520998e+01 5.000000e-02 3.677223e-01 5.568314e-01 1.623826e+00 1.158875e+01 1.301893e+00 2.568653e+00 1.245907e+00 8.859916e-01 1.479754e+00 1.878367e+00 2.011528e+00 1.991977e+00 5.000000e-02
<GCONST> 8.698956e+01
<STATE> 24
<MEAN> 26
 -4.888629e+00 -2.374606e+01 -1.807864e+01 2.232157e-01 -4.284207e+00 -4.317192e+00 7.579037e+00 -5.505822e+00 5.901473e+00 -1.380150e+01 -1.597803e+00 -1.010028e+01 8.443297e-01 -4.516695e-02 -1.568435e-01 7.370533e-01 -2.143136e-01 2.406077e-01 7.159099e-01 -8.794968e-01 3.589065e-01 -7.400068e-01 -1.199306e-01 -2.587760e-01 -2.080457e-01 -8.513355e-03
<VARIANCE> 26
 2.276041e+01 8.346274e+00 1.050815e+02 7.397096e+01 7.440978e+01 1.368116e+01 4.630465e+00 2.394596e+01 6.807464e+00 9.352200e+01 1.710979e+01 7.253103e+00 5.000000e-02 4.744467e-01 3.937251e-01 4.318729e-01 2.326308e+00 4.296506e-01 2.884325e-01 1.466874e+00 1.888195e+00 4.470661e-01 1.261412e+00 7.878985e-01 2.658139e-01 5.000000e-02
<GCONST> 7.403140e+01
<STATE> 25
<MEAN> 26
 -6.626956e+00 -2.327990e+01 -7.306432e+00 -9.811944e+00 -1.218261e+01 -3.249900e+00 4.954235e+00 -1.321236e+00 5.346002e-01 -4.123076e+00 -3.954109e+00 -5.914575e+00 6.671461e-01 1.066527e+00 -6.800625e-01 1.632003e+00 -4.950720e-01 1.480373e+00 -1.107007e+00 -5.538068e-01 -1.751849e-01 -1.021746e+00 -9.062080e-01 -1.222057e+00 1.232533e+00 -3.496033e-02
<VARIANCE> 26
 3.113975e+01 8.619474e+00 5.872079e+01 5.650164e+01 5.431656e+01 1.781963e+01 2.573000e+01 3.683733e+00 8.201025e+00 4.286549e+01 3.170740e+01 1.941182e+01 5.000000e-02 8.013917e-01 1.299171e-01 2.903645e+00 1.267348e+00 1.782774e+00 1.281501e+00 2.446865e+00 1.682684e+00 1.092351e+00 1.849281e+00 3.657306e+00 6.573625e-01 5.000000e-02
<GCONST> 8.206674e+01
<STATE> 26
<MEAN> 26
 -2.812011e+00 -2.558524e+01 -3.776983e+00 -8.394632e+00 -6.337607e+00 -4.228157e+00 4.121103e+00 -2.621665e+00 2.026684e+00 -8.036212e+00 -7.423764e+00 -5.100316e+00 6.060798e-01 8.520560e-01 -2.892472e-01 7.843532e-01 1.150166e+00 7.394934e-01 3.943736e-01 -4.355850e-01 2.617962e-01 -8.912998e-01 -1.695782e+00 -3.237141e-01 4.833039e-01 -2.492584e-02
<VARIANCE> 26
 1.768785e+01 1.025358e+01 8.274500e+01 4.274718e+01 1.993476e+01 2.284095e+01 2.685158e+00 6.621988e-01 5.674194e+00 5.966291e+01 3.414664e+01 1.959199e+01 5.000000e-02 1.113413e+00 2.174098e-01 2.615234e+00 1.539950e+00 1.875484e+00 7.473103e-01 1.819280e+00 8.225098e-01 2.255358e+00 1.669045e+00 3.122045e+00 9.485855e-01 5.000000e-02
<GCONST> 7.731837e+01
<STATE> 27
<MEAN> 26
 -3.078354e+00 -2.428631e+01 -8.973175e+00 -1.602256e+00 -5.085849e+00 -4.252930e+00 6.690917e+00 7.938123e-01 -4.298131e+00 -1.365076e+01 -2.148613e+00 -7.122066e+00 6.735743e-01 2.766104e-01 1.728135e-01 1.581953e-01 1.026273e+00 1.271113e-01 -5.344918e-01 3.197160e-01 6.556282e-01 -1.121200e+00 -4.867913e-02 4.992222e-01 3.790691e-01 -2.594955e-02
<VARIANCE> 26
 1.677708e+01 9.773313e+00 5.626864e+01 4.130620e+01 4.261963e+01 2.102386e+01 1.597423e+01 3.649196e+00 2.594184e+01 1.877930e+01 8.959971e+01 2.234503e+01 6.482513e-02 7.980836e-01 6.451205e-01 3.764365e+00 3.037282e+00 1.219076e+00 1.265853e+00 1.471406e+00 3.513438e-01 2.243399e+00 8.073189e-01 1.674787e+00 2.485077e+00 5.000000e-02
<GCONST> 8.312454e+01
<STATE> 28
<MEAN> 26
 -4.658108e+00 -2.397537e+01 -7.338003e+00 -4.810846e+00 -9.067417e+00 -5.311338e+00 9.492622e+00 1.877886e+00 -2.970657e+00 -1.046950e+01 -2.516883e+00 -1.319368e+01 6.959055e-01 4.399626e-01 -1.604956e-01 3.266436e-01 -6.993271e-01 -1.511079e+00 -1.082320e-01 3.580838e-01 -5.140404e-01 1.712413e+00 1.262564e+00 1.457803e-01 2.803327e-01 -2.525798e-02
<VARIANCE> 26
 1.195349e+01 4.910218e+00 3.532862e+01 1.279940e+01 2.070156e+01 1.362332e+01 2.934717e+01 1.265355e+01 2.755659e+01 1.150127e+01 3.107866e+01 9.857914e+01 5.000000e-02 6.434413e-01 5.156933e-01 2.975556e+00 3.158045e+00 1.997233e+00 2.346853e+00 1.369203e-01 2.462273e+00 3.214312e+00 1.479227e+00 5.898611e+00 6.761823e+00 5.000000e-02
<GCONST> 8.416489e+01
<STATE> 29
<MEAN> 26
 -1.247229e+00 -2.651152e+01 -4.987609e+00 -4.069806e+00 -8.561728e+00 -2.055053e+00 6.598098e+00 -1.836561e+00 1.041647e+00 -7.076569e+00 -1.678941e+00 9.732205e-01 4.711257e-01 3.380474e-01 -2.230363e-01 -1.785677e+00 4.643645e-01 -1.820844e-01 5.874795e-01 1.460830e+00 -5.777478e-01 6.541383e-01 5.591795e-01 1.550420e+00 5.692050e-01 -1.781758e-02
<VARIANCE> 26
 2.861892e+00 8.324031e+00 2.171819e+01 8.036798e+00 9.406123e+00 2.968988e+01 3.600319e+01 1.197039e+01 4.761897e+00 5.538278e+00 1.016242e+01 4.955127e+01 5.000000e-02 6.698370e-01 4.322084e-01 5.708348e-01 5.116162e-01 4.607531e-01 4.967884e+00 2.990691e+00 1.647904e+00 9.096201e-01 8.321626e-01 2.724137e+00 3.058239e+00 5.000000e-02
<GCONST> 7.311264e+01
<STATE> 30
<MEAN> 26
 3.044345e-01 -2.542609e+01 -8.818651e+00 -3.289219e+00 -1.028346e+01 -6.391246e+00 9.008452e+00 -2.199317e+00 4.068829e+00 -6.395082e+00 -7.612836e-01 -3.415981e+00 4.696294e-01 4.628111e-01 2.180265e-01 -6.709028e-02 7.261189e-01 1.226723e+00 -4.142607e-01 -4.195840e-01 1.217085e-02 -3.154213e-01 1.228353e-01 -4.420497e-01 1.913006e-01 -2.574519e-02
<VARIANCE> 26
 2.412120e+00 5.147104e+00 1.113015e+01 2.098004e+01 1.511369e+01 2.172699e+01 6.126779e+00 2.326147e+01 1.278936e+01 2.026654e+01 2.433740e+01 4.348110e+01 5.000000e-02 1.447497e+00 7.895414e-01 1.853375e+00 2.807321e-01 1.198403e+00 1.021532e+00 8.718659e-01 6.065610e-01 1.235152e+00 2.250700e+00 2.131080e+00 3.954355e+00 5.000000e-02
<GCONST> 7.524034e+01
<STATE> 31
<MEAN> 26
 1.404785e+00 -2.406490e+01 -6.084901e+00 -1.928700e+00 -6.940265e+00 -4.725628e+00 7.257831e+00 -2.318469e+00 -5.673283e-01 -5.650446e+00 -3.154036e+00 -3.790469e+00 4.386645e-01 -1.822164e-01 9.043051e-01 2.878002e-01 1.428718e+00 2.084021e+00 8.488864e-01 -2.155679e-02 6.168852e-01 -1.185525e+00 3.215741e-01 8.739703e-01 -1.789551e-01 -3.857970e-02
<VARIANCE> 26
 8.167378e+00 4.950687e+00 1.381107e+01 1.553603e+01 3.357439e+01 2.091452e+01 4.072955e+00 8.558638e+00 1.086217e+01 9.984174e+00 2.530371e+01 1.668744e+01 5.000000e-02 3.485992e-01 5.305248e-01 9.242498e-01 5.997017e-01 6.610708e-01 3.351837e+00 1.208142e+00 5.235429e-01 2.363402e+00 1.830519e+00 2.845180e+00 3.981060e-01 5.000000e-02
<GCONST> 7.134809e+01
<STATE> 32
<MEAN> 26
 -5.261868e-01 -2.234865e+01 -6.675311e+00 2.357375e+00 -2.008486e+00 -3.428019e+00 8.322618e+00 -3.917095e-02 -1.207355e+00 -6.289413e+00 6.579952e-02 -3.924639e+00 3.045441e-01 -8.065370e-01 5.159908e-01 -3.057784e-01 -1.490814e-01 2.064738e-01 -1.086139e+00 -7.894111e-01 5.417434e-02 2.829022e-01 -2.056476e-01 -3.298724e-02 6.654744e-01 -4.061927e-02
<VARIANCE> 26
 1.104150e+01 7.979342e+00 2.268331e+01 7.857986e+00 1.623244e+01 9.632002e+00 1.412816e+01 1.061595e+01 1.367666e+01 2.766631e+00 4.469064e+00 8.411832e+00 5.000000e-02 2.464714e-01 7.698441e-01 4.112026e-01 1.220924e+00 4.931435e-01 1.731717e+00 1.139191e+00 1.412102e+00 1.914235e+00 5.394394e-01 1.995693e+00 9.178591e-01 5.000000e-02
<GCONST> 6.738156e+01
<STATE> 33
<MEAN> 26
 -2.162086e+00 -2.223902e+01 -9.914610e+00 -2.081834e+00 -3.227269e+00 -4.888165e+00 5.574370e+00 -1.201923e+00 1.175870e+00 -4.796150e+00 -2.301052e-01 3.493938e-01 2.307119e-01 -7.420210e-01 9.548773e-01 6.196096e-01 3.189224e-01 2.264573e-01 -5.178583e-01 -5.813578e-01 5.286589e-01 1.020717e-01 -1.027241e-01 9.436747e-01 2.659064e-01 -3.950784e-02
<VARIANCE> 26
 5.275230e+00 8.867570e+00 4.328855e+00 3.406177e+00 7.930008e+00 2.473413e+01 5.845485e+00 2.200254e+01 2.451003e+01 1.021459e+01 6.126245e+00 9.738403e+00 5.000000e-02 7.407511e-01 6.959270e-01 1.475090e+00 2.183333e+00 8.492163e-01 2.601205e+00 1.873822e+00 2.778273e+00 2.792103e+00 9.354936e-01 1.618399e+00 1.603620e+00 5.000000e-02
<GCONST> 7.294001e+01
<STATE> 34
<MEAN> 26
 -3.324007e+00 -1.815891e+01 -4.643376e+00 8.110206e-01 -1.017344e+00 -6.454057e+00 3.776904e+00 -1.096093e+00 -1.861458e+00 -6.241651e+00 3.479439e+00 -5.870598e-01 1.714879e-01 -2.283979e-01 1.160973e+00 8.903193e-01 3.176446e-01 8.351257e-01 -1.059440e-01 -3.370121e-01 -6.720473e-01 -6.832708e-01 -1.398965e-01 4.864841e-01 4.276179e-01 -1.910221e-02
<VARIANCE> 26
 1.078517e+01 1.216012e+01 1.256143e+01 5.157083e+00 4.436128e+00 3.747411e+00 1.111423e+01 1.228271e+01 1.826900e+01 9.572552e+00 1.315164e+01 1.330399e+01 5.000000e-02 8.246870e-01 5.684088e-01 9.293341e-01 1.201132e+00 1.952582e+00 1.100171e+00 1.958101e-01 1.186101e+00 2.486157e+00 6.804171e-01 1.047011e+00 2.077561e+00 5.000000e-02
<GCONST> 6.885647e+01
<STATE> 35
<MEAN> 26
 -4.301017e+00 -1.497826e+01 -3.967479e+00 1.990103e+00 8.744470e-01 -5.968001e+00 5.601381e+00 -8.981752e-01 -9.851139e-01 -7.397449e+00 1.624381e+00 -9.017969e-01 8.689296e-02 -1.114058e-01 1.646422e+00 9.627002e-01 1.460734e-01 6.444268e-01 5.206084e-01 -3.688928e-02 -8.232506e-02 5.133405e-01 -4.665705e-02 -1.007007e+00 -4.839518e-01 -2.731678e-02
<VARIANCE> 26
 5.317070e+00 1.202759e+01 5.145789e+00 1.275528e+01 1.798127e+01 5.874032e+00 1.086271e+01 1.691304e+01 9.963704e+00 4.606097e+00 1.153586e+01 2.211577e+01 5.000000e-02 4.918420e-01 8.407693e-01 4.946932e-01 6.607990e-01 8.559723e-01 3.365407e-01 7.395395e-01 9.744279e-01 1.215897e+00 3.662720e-01 3.607262e-01 7.799168e-01 5.000000e-02
<GCONST> 6.372651e+01
<STATE> 36
<MEAN> 26
 -4.660874e+00 -1.358526e+01 -2.793463e+00 1.078206e+00 7.532961e-01 -3.626866e+00 3.542758e+00 -6.222648e-01 -5.978665e-02 -5.335992e+00 1.635577e-01 -1.071586e+00 1.158650e-02 -5.497265e-01 1.755396e-01 6.193002e-02 -6.533997e-01 -3.877255e-01 6.848462e-01 -6.116580e-02 1.046273e-01 4.447062e-01 8.862418e-01 -3.027156e-01 -2.863351e-02 -2.657116e-02
<VARIANCE> 26
 4.427477e+00 4.903107e+00 4.860558e+00 5.137341e+00 1.067148e+01 9.592890e+00 2.545023e+00 1.394804e+01 2.140115e+00 9.913563e+00 4.732971e+00 6.589303e-01 5.000000e-02 2.411996e-01 8.895202e-01 5.720416e-01 6.414133e-01 1.538738e+00 8.095983e-02 1.876386e+00 2.505408e+00 4.913681e-01 6.246533e-01 9.740686e-01 2.000003e+00 5.000000e-02
<GCONST> 5.688787e+01
<STATE> 37
<MEAN> 26
 -5.838323e+00 -1.319991e+01 -3.216268e+00 -1.676750e-01 1.630439e+00 -1.646567e+00 5.497759e+00 -1.171909e+00 6.129669e-01 -3.443845e+00 4.565153e-01 -7.515813e-01 -1.591711e-02 -2.349921e-01 5.522732e-01 1.037005e-01 -1.342865e-01 7.820169e-02 -2.223886e-01 -3.573343e-01 -4.024480e-01 4.319467e-02 3.156330e-01 5.777482e-01 5.635510e-01 -1.437433e-02
<VARIANCE> 26
 6.091368e-01 6.798277e+00 8.482676e+00 1.051722e+00 6.925786e+00 8.617311e+00 6.903324e+00 6.880545e+00 1.398698e+00 7.406329e+00 1.346912e+01 4.124438e+00 5.000000e-02 4.281015e-01 1.239079e-01 1.634529e-01 6.977310e-01 5.263028e-01 3.461286e-01 7.656751e-01 1.384821e+00 3.842577e-01 5.156327e-01 3.131870e-01 7.390971e-01 5.000000e-02
<GCONST> 4.987360e+01
<TRANSP> 38
 0.000000e+00 1.000000e+00 0.000000e+00 0.000000e+00 0.000000e+00 0.000000e+00 0.000000e+00 0.000000e+00 0.000000e+00 0.000000e+00 0.000000e+00 0.000000e+00 0.000000e+00 0.000000e+00 0.000000e+00 0.000000e+00 0.000000e+00 0.000000e+00 0.000000e+00 0.000000e+00 0.000000e+00 0.000000e+00 0.000000e+00 0.000000e+00 0.000000e+00 0.000000e+00 0.000000e+00 0.000000e+00 0.000000e+00 0.000000e+00 0.000000e+00 0.000000e+00 0.000000e+00 0.000000e+00 0.000000e+00 0.000000e+00 0.000000e+00 0.000000e+00
 0.000000e+00 5.216122e-01 4.783878e-01 0.000000e+00 0.000000e+00 0.000000e+00 0.000000e+00 0.000000e+00 0.000000e+00 0.000000e+00 0.000000e+00 0.000000e+00 0.000000e+00 0.000000e+00 0.000000e+00 0.000000e+00 0.000000e+00 0.000000e+00 0.000000e+00 0.000000e+00 0.000000e+00 0.000000e+00 0.000000e+00 0.000000e+00 0.000000e+00 0.000000e+00 0.000000e+00 0.000000e+00 0.000000e+00 0.000000e+00 0.000000e+00 0.000000e+00 0.000000e+00 0.000000e+00 0.000000e+00 0.000000e+00 0.000000e+00 0.000000e+00
 0.000000e+00 0.000000e+00 2.857459e-01 7.142541e-01 0.000000e+00 0.000000e+00 0.000000e+00 0.000000e+00 0.000000e+00 0.000000e+00 0.000000e+00 0.000000e+00 0.000000e+00 0.000000e+00 0.000000e+00 0.000000e+00 0.000000e+00 0.000000e+00 0.000000e+00 0.000000e+00 0.000000e+00 0.000000e+00 0.000000e+00 0.000000e+00 0.000000e+00 0.000000e+00 0.000000e+00 0.000000e+00 0.000000e+00 0.000000e+00 0.000000e+00 0.000000e+00 0.000000e+00 0.000000e+00 0.000000e+00 0.000000e+00 0.000000e+00 0.000000e+00
 0.000000e+00 0.000000e+00 0.000000e+00 4.444083e-01 5.555917e-01 0.000000e+00 0.000000e+00 0.000000e+00 0.000000e+00 0.000000e+00 0.000000e+00 0.000000e+00 0.000000e+00 0.000000e+00 0.000000e+00 0.000000e+00 0.000000e+00 0.000000e+00 0.000000e+00 0.000000e+00 0.000000e+00 0.000000e+00 0.000000e+00 0.000000e+00 0.000000e+00 0.000000e+00 0.000000e+00 0.000000e+00 0.000000e+00 0.000000e+00 0.000000e+00 0.000000e+00 0.000000e+00 0.000000e+00 0.000000e+00 0.000000e+00 0.000000e+00 0.000000e+00
 0.000000e+00 0.000000e+00 0.000000e+00 0.000000e+00 4.444002e-01 5.555999e-01 0.000000e+00 0.000000e+00 0.000000e+00 0.000000e+00 0.000000e+00 0.000000e+00 0.000000e+00 0.000000e+00 0.000000e+00 0.000000e+00 0.000000e+00 0.000000e+00 0.000000e+00 0.000000e+00 0.000000e+00 0.000000e+00 0.000000e+00 0.000000e+00 0.000000e+00 0.000000e+00 0.000000e+00 0.000000e+00 0.000000e+00 0.000000e+00 0.000000e+00 0.000000e+00 0.000000e+00 0.000000e+00 0.000000e+00 0.000000e+00 0.000000e+00 0.000000e+00
 0.000000e+00 0.000000e+00 0.000000e+00 0.000000e+00 0.000000e+00 4.595167e-08 1.000000e+00 0.000000e+00 0.000000e+00 0.000000e+00 0.000000e+00 0.000000e+00 0.000000e+00 0.000000e+00 0.000000e+00 0.000000e+00 0.000000e+00 0.000000e+00 0.000000e+00 0.000000e+00 0.000000e+00 0.000000e+00 0.000000e+00 0.000000e+00 0.000000e+00 0.000000e+00 0.000000e+00 0.000000e+00 0.000000e+00 0.000000e+00 0.000000e+00 0.000000e+00 0.000000e+00 0.000000e+00 0.000000e+00 0.000000e+00 0.000000e+00 0.000000e+00
 0.000000e+00 0.000000e+00 0.000000e+00 0.000000e+00 0.000000e+00 0.000000e+00 3.755001e-01 6.244999e-01 0.000000e+00 0.000000e+00 0.000000e+00 0.000000e+00 0.000000e+00 0.000000e+00 0.000000e+00 0.000000e+00 0.000000e+00 0.000000e+00 0.000000e+00 0.000000e+00 0.000000e+00 0.000000e+00 0.000000e+00 0.000000e+00 0.000000e+00 0.000000e+00 0.000000e+00 0.000000e+00 0.000000e+00 0.000000e+00 0.000000e+00 0.000000e+00 0.000000e+00 0.000000e+00 0.000000e+00 0.000000e+00 0.000000e+00 0.000000e+00
 0.000000e+00 0.000000e+00 0.000000e+00 0.000000e+00 0.000000e+00 0.000000e+00 0.000000e+00 4.997544e-01 5.002456e-01 0.000000e+00 0.000000e+00 0.000000e+00 0.000000e+00 0.000000e+00 0.000000e+00 0.000000e+00 0.000000e+00 0.000000e+00 0.000000e+00 0.000000e+00 0.000000e+00 0.000000e+00 0.000000e+00 0.000000e+00 0.000000e+00 0.000000e+00 0.000000e+00 0.000000e+00 0.000000e+00 0.000000e+00 0.000000e+00 0.000000e+00 0.000000e+00 0.000000e+00 0.000000e+00 0.000000e+00 0.000000e+00 0.000000e+00
 0.000000e+00 0.000000e+00 0.000000e+00 0.000000e+00 0.000000e+00 0.000000e+00 0.000000e+00 0.000000e+00 1.671123e-01 8.328877e-01 0.000000e+00 0.000000e+00 0.000000e+00 0.000000e+00 0.000000e+00 0.000000e+00 0.000000e+00 0.000000e+00 0.000000e+00 0.000000e+00 0.000000e+00 0.000000e+00 0.000000e+00 0.000000e+00 0.000000e+00 0.000000e+00 0.000000e+00 0.000000e+00 0.000000e+00 0.000000e+00 0.000000e+00 0.000000e+00 0.000000e+00 0.000000e+00 0.000000e+00 0.000000e+00 0.000000e+00 0.000000e+00
 0.000000e+00 0.000000e+00 0.000000e+00 0.000000e+00 0.000000e+00 0.000000e+00 0.000000e+00 0.000000e+00 0.000000e+00 5.832052e-01 4.167948e-01 0.000000e+00 0.000000e+00 0.000000e+00 0.000000e+00 0.000000e+00 0.000000e+00 0.000000e+00 0.000000e+00 0.000000e+00 0.000000e+00 0.000000e+00 0.000000e+00 0.000000e+00 0.000000e+00 0.000000e+00 0.000000e+00 0.000000e+00 0.000000e+00 0.000000e+00 0.000000e+00 0.000000e+00 0.000000e+00 0.000000e+00 0.000000e+00 0.000000e+00 0.000000e+00 0.000000e+00
 0.000000e+00 0.000000e+00 0.000000e+00 0.000000e+00 0.000000e+00 0.000000e+00 0.000000e+00 0.000000e+00 0.000000e+00 0.000000e+00 2.857190e-01 7.142810e-01 0.000000e+00 0.000000e+00 0.000000e+00 0.000000e+00 0.000000e+00 0.000000e+00 0.000000e+00 0.000000e+00 0.000000e+00 0.000000e+00 0.000000e+00 0.000000e+00 0.000000e+00 0.000000e+00 0.000000e+00 0.000000e+00 0.000000e+00 0.000000e+00 0.000000e+00 0.000000e+00 0.000000e+00 0.000000e+00 0.000000e+00 0.000000e+00 0.000000e+00 0.000000e+00
 0.000000e+00 0.000000e+00 0.000000e+00 0.000000e+00 0.000000e+00 0.000000e+00 0.000000e+00 0.000000e+00 0.000000e+00 0.000000e+00 0.000000e+00 6.666763e-01 3.333237e-01 0.000000e+00 0.000000e+00 0.000000e+00 0.000000e+00 0.000000e+00 0.000000e+00 0.000000e+00 0.000000e+00 0.000000e+00 0.000000e+00 0.000000e+00 0.000000e+00 0.000000e+00 0.000000e+00 0.000000e+00 0.000000e+00 0.000000e+00 0.000000e+00 0.000000e+00 0.000000e+00 0.000000e+00 0.000000e+00 0.000000e+00 0.000000e+00 0.000000e+00
 0.000000e+00 0.000000e+00 0.000000e+00 0.000000e+00 0.000000e+00 0.000000e+00 0.000000e+00 0.000000e+00 0.000000e+00 0.000000e+00 0.000000e+00 0.000000e+00 3.750245e-01 6.249756e-01 0.000000e+00 0.000000e+00 0.000000e+00 0.000000e+00 0.000000e+00 0.000000e+00 0.000000e+00 0.000000e+00 0.000000e+00 0.000000e+00 0.000000e+00 0.000000e+00 0.000000e+00 0.000000e+00 0.000000e+00 0.000000e+00 0.000000e+00 0.000000e+00 0.000000e+00 0.000000e+00 0.000000e+00 0.000000e+00 0.000000e+00 0.000000e+00
 0.000000e+00 0.000000e+00 0.000000e+00 0.000000e+00 0.000000e+00 0.000000e+00 0.000000e+00 0.000000e+00 0.000000e+00 0.000000e+00 0.000000e+00 0.000000e+00 0.000000e+00 4.445519e-01 5.554481e-01 0.000000e+00 0.000000e+00 0.000000e+00 0.000000e+00 0.000000e+00 0.000000e+00 0.000000e+00 0.000000e+00 0.000000e+00 0.000000e+00 0.000000e+00 0.000000e+00 0.000000e+00 0.000000e+00 0.000000e+00 0.000000e+00 0.000000e+00 0.000000e+00 0.000000e+00 0.000000e+00 0.000000e+00 0.000000e+00 0.000000e+00
 0.000000e+00 0.000000e+00 0.000000e+00 0.000000e+00 0.000000e+00 0.000000e+00 0.000000e+00 0.000000e+00 0.000000e+00 0.000000e+00 0.000000e+00 0.000000e+00 0.000000e+00 0.000000e+00 1.242155e-09 1.000000e+00 0.000000e+00 0.000000e+00 0.000000e+00 0.000000e+00 0.000000e+00 0.000000e+00 0.000000e+00 0.000000e+00 0.000000e+00 0.000000e+00 0.000000e+00 0.000000e+00 0.000000e+00 0.000000e+00 0.000000e+00 0.000000e+00 0.000000e+00 0.000000e+00 0.000000e+00 0.000000e+00 0.000000e+00 0.000000e+00
 0.000000e+00 0.000000e+00 0.000000e+00 0.000000e+00 0.000000e+00 0.000000e+00 0.000000e+00 0.000000e+00 0.000000e+00 0.000000e+00 0.000000e+00 0.000000e+00 0.000000e+00 0.000000e+00 0.000000e+00 5.819985e-01 4.180016e-01 0.000000e+00 0.000000e+00 0.000000e+00 0.000000e+00 0.000000e+00 0.000000e+00 0.000000e+00 0.000000e+00 0.000000e+00 0.000000e+00 0.000000e+00 0.000000e+00 0.000000e+00 0.000000e+00 0.000000e+00 0.000000e+00 0.000000e+00 0.000000e+00 0.000000e+00 0.000000e+00 0.000000e+00
 0.000000e+00 0.000000e+00 0.000000e+00 0.000000e+00 0.000000e+00 0.000000e+00 0.000000e+00 0.000000e+00 0.000000e+00 0.000000e+00 0.000000e+00 0.000000e+00 0.000000e+00 0.000000e+00 0.000000e+00 0.000000e+00 5.457594e-01 4.542406e-01 0.000000e+00 0.000000e+00 0.000000e+00 0.000000e+00 0.000000e+00 0.000000e+00 0.000000e+00 0.000000e+00 0.000000e+00 0.000000e+00 0.000000e+00 0.000000e+00 0.000000e+00 0.000000e+00 0.000000e+00 0.000000e+00 0.000000e+00 0.000000e+00 0.000000e+00 0.000000e+00
 0.000000e+00 0.000000e+00 0.000000e+00 0.000000e+00 0.000000e+00 0.000000e+00 0.000000e+00 0.000000e+00 0.000000e+00 0.000000e+00 0.000000e+00 0.000000e+00 0.000000e+00 0.000000e+00 0.000000e+00 0.000000e+00 0.000000e+00 1.909474e-01 8.090526e-01 0.000000e+00 0.000000e+00 0.000000e+00 0.000000e+00 0.000000e+00 0.000000e+00 0.000000e+00 0.000000e+00 0.000000e+00 0.000000e+00 0.000000e+00 0.000000e+00 0.000000e+00 0.000000e+00 0.000000e+00 0.000000e+00 0.000000e+00 0.000000e+00 0.000000e+00
 0.000000e+00 0.000000e+00 0.000000e+00 0.000000e+00 0.000000e+00 0.000000e+00 0.000000e+00 0.000000e+00 0.000000e+00 0.000000e+00 0.000000e+00 0.000000e+00 0.000000e+00 0.000000e+00 0.000000e+00 0.000000e+00 0.000000e+00 0.000000e+00 5.375271e-01 4.624729e-01 0.000000e+00 0.000000e+00 0.000000e+00 0.000000e+00 0.000000e+00 0.000000e+00 0.000000e+00 0.000000e+00 0.000000e+00 0.000000e+00 0.000000e+00 0.000000e+00 0.000000e+00 0.000000e+00 0.000000e+00 0.000000e+00 0.000000e+00 0.000000e+00
 0.000000e+00 0.000000e+00 0.000000e+00 0.000000e+00 0.000000e+00 0.000000e+00 0.000000e+00 0.000000e+00 0.000000e+00 0.000000e+00 0.000000e+00 0.000000e+00 0.000000e+00 0.000000e+00 0.000000e+00 0.000000e+00 0.000000e+00 0.000000e+00 0.000000e+00 4.445817e-01 5.554183e-01 0.000000e+00 0.000000e+00 0.000000e+00 0.000000e+00 0.000000e+00 0.000000e+00 0.000000e+00 0.000000e+00 0.000000e+00 0.000000e+00 0.000000e+00 0.000000e+00 0.000000e+00 0.000000e+00 0.000000e+00 0.000000e+00 0.000000e+00
 0.000000e+00 0.000000e+00 0.000000e+00 0.000000e+00 0.000000e+00 0.000000e+00 0.000000e+00 0.000000e+00 0.000000e+00 0.000000e+00 0.000000e+00 0.000000e+00 0.000000e+00 0.000000e+00 0.000000e+00 0.000000e+00 0.000000e+00 0.000000e+00 0.000000e+00 0.000000e+00 4.423259e-01 5.576741e-01 0.000000e+00 0.000000e+00 0.000000e+00 0.000000e+00 0.000000e+00 0.000000e+00 0.000000e+00 0.000000e+00 0.000000e+00 0.000000e+00 0.000000e+00 0.000000e+00 0.000000e+00 0.000000e+00 0.000000e+00 0.000000e+00
 0.000000e+00 0.000000e+00 0.000000e+00 0.000000e+00 0.000000e+00 0.000000e+00 0.000000e+00 0.000000e+00 0.000000e+00 0.000000e+00 0.000000e+00 0.000000e+00 0.000000e+00 0.000000e+00 0.000000e+00 0.000000e+00 0.000000e+00 0.000000e+00 0.000000e+00 0.000000e+00 0.000000e+00 3.775027e-01 6.224973e-01 0.000000e+00 0.000000e+00 0.000000e+00 0.000000e+00 0.000000e+00 0.000000e+00 0.000000e+00 0.000000e+00 0.000000e+00 0.000000e+00 0.000000e+00 0.000000e+00 0.000000e+00 0.000000e+00 0.000000e+00
 0.000000e+00 0.000000e+00 0.000000e+00 0.000000e+00 0.000000e+00 0.000000e+00 0.000000e+00 0.000000e+00 0.000000e+00 0.000000e+00 0.000000e+00 0.000000e+00 0.000000e+00 0.000000e+00 0.000000e+00 0.000000e+00 0.000000e+00 0.000000e+00 0.000000e+00 0.000000e+00 0.000000e+00 0.000000e+00 5.470279e-01 4.529721e-01 0.000000e+00 0.000000e+00 0.000000e+00 0.000000e+00 0.000000e+00 0.000000e+00 0.000000e+00 0.000000e+00 0.000000e+00 0.000000e+00 0.000000e+00 0.000000e+00 0.000000e+00 0.000000e+00
 0.000000e+00 0.000000e+00 0.000000e+00 0.000000e+00 0.000000e+00 0.000000e+00 0.000000e+00 0.000000e+00 0.000000e+00 0.000000e+00 0.000000e+00 0.000000e+00 0.000000e+00 0.000000e+00 0.000000e+00 0.000000e+00 0.000000e+00 0.000000e+00 0.000000e+00 0.000000e+00 0.000000e+00 0.000000e+00 0.000000e+00 6.666040e-01 3.333960e-01 0.000000e+00 0.000000e+00 0.000000e+00 0.000000e+00 0.000000e+00 0.000000e+00 0.000000e+00 0.000000e+00 0.000000e+00 0.000000e+00 0.000000e+00 0.000000e+00 0.000000e+00
 0.000000e+00 0.000000e+00 0.000000e+00 0.000000e+00 0.000000e+00 0.000000e+00 0.000000e+00 0.000000e+00 0.000000e+00 0.000000e+00 0.000000e+00 0.000000e+00 0.000000e+00 0.000000e+00 0.000000e+00 0.000000e+00 0.000000e+00 0.000000e+00 0.000000e+00 0.000000e+00 0.000000e+00 0.000000e+00 0.000000e+00 0.000000e+00 3.750106e-01 6.249894e-01 0.000000e+00 0.000000e+00 0.000000e+00 0.000000e+00 0.000000e+00 0.000000e+00 0.000000e+00 0.000000e+00 0.000000e+00 0.000000e+00 0.000000e+00 0.000000e+00
 0.000000e+00 0.000000e+00 0.000000e+00 0.000000e+00 0.000000e+00 0.000000e+00 0.000000e+00 0.000000e+00 0.000000e+00 0.000000e+00 0.000000e+00 0.000000e+00 0.000000e+00 0.000000e+00 0.000000e+00 0.000000e+00 0.000000e+00 0.000000e+00 0.000000e+00 0.000000e+00 0.000000e+00 0.000000e+00 0.000000e+00 0.000000e+00 0.000000e+00 2.858276e-01 7.141724e-01 0.000000e+00 0.000000e+00 0.000000e+00 0.000000e+00 0.000000e+00 0.000000e+00 0.000000e+00 0.000000e+00 0.000000e+00 0.000000e+00 0.000000e+00
 0.000000e+00 0.000000e+00 0.000000e+00 0.000000e+00 0.000000e+00 0.000000e+00 0.000000e+00 0.000000e+00 0.000000e+00 0.000000e+00 0.000000e+00 0.000000e+00 0.000000e+00 0.000000e+00 0.000000e+00 0.000000e+00 0.000000e+00 0.000000e+00 0.000000e+00 0.000000e+00 0.000000e+00 0.000000e+00 0.000000e+00 0.000000e+00 0.000000e+00 0.000000e+00 4.999442e-01 5.000558e-01 0.000000e+00 0.000000e+00 0.000000e+00 0.000000e+00 0.000000e+00 0.000000e+00 0.000000e+00 0.000000e+00 0.000000e+00 0.000000e+00
 0.000000e+00 0.000000e+00 0.000000e+00 0.000000e+00 0.000000e+00 0.000000e+00 0.000000e+00 0.000000e+00 0.000000e+00 0.000000e+00 0.000000e+00 0.000000e+00 0.000000e+00 0.000000e+00 0.000000e+00 0.000000e+00 0.000000e+00 0.000000e+00 0.000000e+00 0.000000e+00 0.000000e+00 0.000000e+00 0.000000e+00 0.000000e+00 0.000000e+00 0.000000e+00 0.000000e+00 5.000598e-01 4.999402e-01 0.000000e+00 0.000000e+00 0.000000e+00 0.000000e+00 0.000000e+00 0.000000e+00 0.000000e+00 0.000000e+00 0.000000e+00
 0.000000e+00 0.000000e+00 0.000000e+00 0.000000e+00 0.000000e+00 0.000000e+00 0.000000e+00 0.000000e+00 0.000000e+00 0.000000e+00 0.000000e+00 0.000000e+00 0.000000e+00 0.000000e+00 0.000000e+00 0.000000e+00 0.000000e+00 0.000000e+00 0.000000e+00 0.000000e+00 0.000000e+00 0.000000e+00 0.000000e+00 0.000000e+00 0.000000e+00 0.000000e+00 0.000000e+00 0.000000e+00 5.003394e-01 4.996606e-01 0.000000e+00 0.000000e+00 0.000000e+00 0.000000e+00 0.000000e+00 0.000000e+00 0.000000e+00 0.000000e+00
 0.000000e+00 0.000000e+00 0.000000e+00 0.000000e+00 0.000000e+00 0.000000e+00 0.000000e+00 0.000000e+00 0.000000e+00 0.000000e+00 0.000000e+00 0.000000e+00 0.000000e+00 0.000000e+00 0.000000e+00 0.000000e+00 0.000000e+00 0.000000e+00 0.000000e+00 0.000000e+00 0.000000e+00 0.000000e+00 0.000000e+00 0.000000e+00 0.000000e+00 0.000000e+00 0.000000e+00 0.000000e+00 0.000000e+00 5.800575e-01 4.199425e-01 0.000000e+00 0.000000e+00 0.000000e+00 0.000000e+00 0.000000e+00 0.000000e+00 0.000000e+00
 0.000000e+00 0.000000e+00 0.000000e+00 0.000000e+00 0.000000e+00 0.000000e+00 0.000000e+00 0.000000e+00 0.000000e+00 0.000000e+00 0.000000e+00 0.000000e+00 0.000000e+00 0.000000e+00 0.000000e+00 0.000000e+00 0.000000e+00 0.000000e+00 0.000000e+00 0.000000e+00 0.000000e+00 0.000000e+00 0.000000e+00 0.000000e+00 0.000000e+00 0.000000e+00 0.000000e+00 0.000000e+00 0.000000e+00 0.000000e+00 5.042679e-01 4.957321e-01 0.000000e+00 0.000000e+00 0.000000e+00 0.000000e+00 0.000000e+00 0.000000e+00
 0.000000e+00 0.000000e+00 0.000000e+00 0.000000e+00 0.000000e+00 0.000000e+00 0.000000e+00 0.000000e+00 0.000000e+00 0.000000e+00 0.000000e+00 0.000000e+00 0.000000e+00 0.000000e+00 0.000000e+00 0.000000e+00 0.000000e+00 0.000000e+00 0.000000e+00 0.000000e+00 0.000000e+00 0.000000e+00 0.000000e+00 0.000000e+00 0.000000e+00 0.000000e+00 0.000000e+00 0.000000e+00 0.000000e+00 0.000000e+00 0.000000e+00 5.009386e-01 4.990614e-01 0.000000e+00 0.000000e+00 0.000000e+00 0.000000e+00 0.000000e+00
 0.000000e+00 0.000000e+00 0.000000e+00 0.000000e+00 0.000000e+00 0.000000e+00 0.000000e+00 0.000000e+00 0.000000e+00 0.000000e+00 0.000000e+00 0.000000e+00 0.000000e+00 0.000000e+00 0.000000e+00 0.000000e+00 0.000000e+00 0.000000e+00 0.000000e+00 0.000000e+00 0.000000e+00 0.000000e+00 0.000000e+00 0.000000e+00 0.000000e+00 0.000000e+00 0.000000e+00 0.000000e+00 0.000000e+00 0.000000e+00 0.000000e+00 0.000000e+00 5.447021e-01 4.552979e-01 0.000000e+00 0.000000e+00 0.000000e+00 0.000000e+00
 0.000000e+00 0.000000e+00 0.000000e+00 0.000000e+00 0.000000e+00 0.000000e+00 0.000000e+00 0.000000e+00 0.000000e+00 0.000000e+00 0.000000e+00 0.000000e+00 0.000000e+00 0.000000e+00 0.000000e+00 0.000000e+00 0.000000e+00 0.000000e+00 0.000000e+00 0.000000e+00 0.000000e+00 0.000000e+00 0.000000e+00 0.000000e+00 0.000000e+00 0.000000e+00 0.000000e+00 0.000000e+00 0.000000e+00 0.000000e+00 0.000000e+00 0.000000e+00 0.000000e+00 5.811988e-01 4.188012e-01 0.000000e+00 0.000000e+00 0.000000e+00
 0.000000e+00 0.000000e+00 0.000000e+00 0.000000e+00 0.000000e+00 0.000000e+00 0.000000e+00 0.000000e+00 0.000000e+00 0.000000e+00 0.000000e+00 0.000000e+00 0.000000e+00 0.000000e+00 0.000000e+00 0.000000e+00 0.000000e+00 0.000000e+00 0.000000e+00 0.000000e+00 0.000000e+00 0.000000e+00 0.000000e+00 0.000000e+00 0.000000e+00 0.000000e+00 0.000000e+00 0.000000e+00 0.000000e+00 0.000000e+00 0.000000e+00 0.000000e+00 0.000000e+00 0.000000e+00 5.443867e-01 4.556132e-01 0.000000e+00 0.000000e+00
 0.000000e+00 0.000000e+00 0.000000e+00 0.000000e+00 0.000000e+00 0.000000e+00 0.000000e+00 0.000000e+00 0.000000e+00 0.000000e+00 0.000000e+00 0.000000e+00 0.000000e+00 0.000000e+00 0.000000e+00 0.000000e+00 0.000000e+00 0.000000e+00 0.000000e+00 0.000000e+00 0.000000e+00 0.000000e+00 0.000000e+00 0.000000e+00 0.000000e+00 0.000000e+00 0.000000e+00 0.000000e+00 0.000000e+00 0.000000e+00 0.000000e+00 0.000000e+00 0.000000e+00 0.000000e+00 0.000000e+00 5.359052e-01 4.640948e-01 0.000000e+00
 0.000000e+00 0.000000e+00 0.000000e+00 0.000000e+00 0.000000e+00 0.000000e+00 0.000000e+00 0.000000e+00 0.000000e+00 0.000000e+00 0.000000e+00 0.000000e+00 0.000000e+00 0.000000e+00 0.000000e+00 0.000000e+00 0.000000e+00 0.000000e+00 0.000000e+00 0.000000e+00 0.000000e+00 0.000000e+00 0.000000e+00 0.000000e+00 0.000000e+00 0.000000e+00 0.000000e+00 0.000000e+00 0.000000e+00 0.000000e+00 0.000000e+00 0.000000e+00 0.000000e+00 0.000000e+00 0.000000e+00 0.000000e+00 3.979733e-01 6.020266e-01
 0.000000e+00 0.000000e+00 0.000000e+00 0.000000e+00 0.000000e+00 0.000000e+00 0.000000e+00 0.000000e+00 0.000000e+00 0.000000e+00 0.000000e+00 0.000000e+00 0.000000e+00 0.000000e+00 0.000000e+00 0.000000e+00 0.000000e+00 0.000000e+00 0.000000e+00 0.000000e+00 0.000000e+00 0.000000e+00 0.000000e+00 0.000000e+00 0.000000e+00 0.000000e+00 0.000000e+00 0.000000e+00 0.000000e+00 0.000000e+00 0.000000e+00 0.000000e+00 0.000000e+00 0.000000e+00 0.000000e+00 0.000000e+00 0.000000e+00 0.000000e+00
<ENDHMM>
