~o
<STREAMINFO> 1 39
<VECSIZE> 39<NULLD><MFCC_E_D_A><DIAGC>
~h "Huy"
<BEGINHMM>
<NUMSTATES> 22
<STATE> 2
<MEAN> 39
 -5.991221e+00 -9.554526e+00 -2.716508e+00 -3.234471e+00 2.340661e+00 -2.803138e+00 2.801472e+00 -2.114420e+00 -1.019544e+00 -2.047173e+00 3.067755e+00 -2.099465e+00 2.938772e-02 -4.340470e-01 -4.613181e-01 -6.824014e-01 -3.303801e-01 1.467133e+00 6.782661e-01 3.571612e-01 3.471782e-01 6.096562e-01 3.395991e-01 2.460179e-01 1.568126e-01 7.374921e-03 -1.245853e-01 -2.366393e-01 -1.891666e-01 -9.026869e-02 6.555640e-01 6.262595e-02 -6.192369e-02 1.677427e-01 2.326559e-01 -1.997645e-01 -3.231634e-01 7.826602e-02 1.405677e-02
<VARIANCE> 39
 1.707723e+00 1.856395e+00 4.821133e+00 5.250589e+00 1.116693e+01 8.310288e+00 8.733232e+00 7.970759e+00 4.964740e+00 1.355043e+01 9.559482e+00 7.826339e+00 5.000000e-02 1.418631e-01 8.898914e-01 7.556899e-01 7.982048e-01 1.971636e+00 8.204515e-01 8.918038e-01 1.337763e+00 1.018337e+00 1.343530e+00 9.947430e-01 9.693316e-01 5.000000e-02 5.000000e-02 2.100361e-01 1.621441e-01 1.674288e-01 1.886527e-01 2.078908e-01 9.895477e-02 3.105522e-01 2.993375e-01 2.853648e-01 4.186800e-01 1.962395e-01 5.000000e-02
<GCONST> 6.288877e+01
<STATE> 3
<MEAN> 39
 -7.869047e+00 -1.349328e+01 -6.275802e+00 -5.775394e+00 1.112572e+01 -9.031328e-01 3.759667e+00 -5.402046e-02 2.825872e-01 -4.034466e+00 7.378905e-01 -8.236462e-01 1.819531e-01 6.690054e-02 -1.742814e+00 -1.537241e+00 -1.104499e+00 1.225528e+00 3.582447e-01 -9.979523e-02 5.481026e-01 -5.549783e-01 -4.289564e-01 -1.617036e+00 -5.465940e-01 7.555159e-02 4.082800e-01 1.572333e-01 -7.986829e-02 1.466297e-01 -8.745983e-01 -7.500475e-02 -2.412202e-01 -2.611997e-01 -1.524211e-01 -1.991401e-02 -2.556147e-01 -3.652768e-01 8.935796e-03
<VARIANCE> 39
 5.034470e+00 3.025775e+01 1.229551e+01 1.557302e+01 9.577209e+00 2.065302e+01 3.538024e+01 1.115476e+01 1.373923e+01 1.561133e+01 3.190391e+01 1.157304e+01 5.000000e-02 1.208641e+00 1.586330e+00 1.210677e+00 8.469332e-01 3.711061e+00 1.399616e+00 3.537854e+00 2.515176e+00 2.611982e+00 8.467077e-01 3.183756e+00 1.810428e+00 5.000000e-02 1.058632e-01 5.835570e-01 1.350087e-01 2.444537e-01 4.577504e-01 1.653733e-01 5.701421e-01 4.353021e-01 6.419824e-01 1.778051e-01 5.644307e-01 3.323131e-01 5.000000e-02
<GCONST> 8.855663e+01
<STATE> 4
<MEAN> 39
 -4.784387e+00 -1.696832e+01 -1.177346e+01 -7.806525e+00 9.653573e+00 2.323727e-01 3.452867e-01 -7.175633e-01 -2.180912e+00 -5.272360e+00 -5.497892e+00 -4.747808e+00 4.782401e-01 9.436884e-01 8.430422e-01 -1.885280e+00 1.212399e-01 -2.255014e+00 2.416590e-02 -1.841998e-02 -1.424204e+00 1.911137e+00 -4.804939e-01 -1.208982e+00 -9.138857e-01 7.264247e-02 -2.784000e-01 2.915247e-01 -1.998870e-03 -3.427152e-02 -4.198308e-01 -4.527622e-01 3.811870e-01 -2.040793e-03 9.181539e-01 2.562408e-01 3.256221e-01 6.925166e-02 -1.935667e-03
<VARIANCE> 39
 7.457173e+00 2.652308e+01 2.642777e+01 1.027191e+01 4.803970e+01 2.982131e+01 4.252963e+01 2.464908e+01 1.552322e+01 1.486160e+01 2.610795e+01 7.830020e+00 5.133355e-02 6.204432e-01 1.773276e+00 3.285664e+00 5.393722e-01 2.503176e+00 1.590994e+00 3.006320e+00 1.586834e+00 4.612180e+00 9.201561e-01 1.703968e+00 2.207229e+00 5.000000e-02 2.549732e-01 5.379102e-01 4.557961e-01 2.354866e-01 7.530726e-01 3.955747e-01 4.530781e-01 8.129308e-01 7.233807e-01 1.870007e-01 7.380210e-01 3.191810e-01 5.000000e-02
<GCONST> 9.509863e+01
<STATE> 5
<MEAN> 39
 -5.707442e+00 -1.123808e+01 -1.085099e+01 -4.430208e+00 4.413747e+00 -4.206471e+00 3.868630e+00 -1.349235e+00 4.578313e+00 -5.062239e+00 -9.972494e-01 -3.803710e+00 3.278288e-01 -3.675099e-01 -1.129982e+00 -1.359689e+00 -9.964209e-01 1.737459e-01 -7.046091e-01 6.365979e-01 3.013140e-01 8.312726e-01 2.220683e-01 -3.563607e-01 -5.670856e-01 5.791029e-02 -4.161561e-01 -5.488083e-01 4.486017e-01 -3.849628e-01 4.071883e-01 -3.582402e-01 2.101871e-01 5.090546e-01 -4.093065e-01 1.768101e-01 -1.012096e-01 -5.333002e-02 3.513958e-03
<VARIANCE> 39
 6.878836e+00 1.284823e+01 1.150479e+02 2.170172e+01 3.336168e+01 5.222159e+01 2.684366e+01 4.211374e+01 3.001177e+01 2.141704e+01 3.236064e+01 1.798227e+01 1.490788e-01 8.724917e-01 1.524721e+00 2.403920e+00 1.774517e+00 5.125879e+00 6.268855e+00 1.637967e+00 1.785605e+00 5.419834e+00 2.398795e+00 3.204295e+00 1.842750e+00 5.000000e-02 2.743322e-01 2.577987e-01 1.117893e+00 8.012178e-02 4.346158e-01 1.370568e+00 3.346186e-01 1.004174e+00 5.964800e-01 3.805407e-01 2.617923e-01 2.300578e-01 5.000000e-02
<GCONST> 1.030693e+02
<STATE> 6
<MEAN> 39
 -6.049328e+00 -2.089233e+01 -1.840456e+01 -1.319143e+01 4.565905e+00 -6.047469e+00 4.374988e+00 9.071711e-01 7.275612e+00 -2.372531e+00 -1.015138e+01 -1.016723e+01 8.639029e-01 -2.169358e+00 -1.461646e+00 2.201110e+00 -1.344567e+00 -9.669358e-01 -2.994310e+00 9.704527e-01 2.837353e+00 1.535966e-01 7.865254e-01 -3.615904e-01 -2.163643e-01 5.583471e-02 -4.448144e-01 4.473984e-01 1.134712e+00 3.905835e-01 -2.881501e-01 -4.478523e-02 2.754570e-01 1.402418e-01 -7.641925e-01 -1.092538e-01 6.275622e-01 4.793730e-01 -2.229651e-02
<VARIANCE> 39
 1.017889e+01 4.827322e+00 1.027139e+01 1.881730e+01 6.687497e+01 1.741514e+01 2.425557e+01 2.920523e+01 3.683663e+01 3.098730e+01 7.839110e+00 3.759254e+01 5.000000e-02 4.328194e-01 1.252172e+00 2.849535e+00 8.372949e-01 2.427978e+00 9.154750e-01 1.837725e+00 4.665854e+00 1.323670e+00 2.198293e+00 1.423763e+00 2.142430e+00 5.000000e-02 2.333031e-01 2.155524e-01 2.679886e-01 2.344394e-01 3.823107e-01 2.817073e-01 2.650343e-01 5.844581e-01 8.596066e-01 7.050889e-01 9.392232e-02 5.142993e-01 5.000000e-02
<GCONST> 9.020415e+01
<STATE> 7
<MEAN> 39
 -1.204100e+01 -2.022049e+01 -1.177989e+01 -1.372003e+01 1.883217e+00 -1.237345e+01 9.412756e+00 7.069657e+00 6.658840e+00 -2.738595e+00 -7.936019e+00 -7.981673e+00 8.876346e-01 -1.604900e+00 5.848359e-01 2.063606e+00 -7.425145e-02 -2.702155e+00 -1.367419e+00 1.744838e+00 6.659680e-01 -8.153269e-01 5.723432e-01 9.999344e-01 6.201894e-03 8.611866e-03 5.309649e-01 6.009612e-01 -2.180159e-01 1.582960e-01 -5.406281e-01 5.635436e-01 -1.253333e-01 -8.674518e-01 -3.326406e-01 3.355368e-01 4.355052e-01 -4.594382e-02 -1.500113e-02
<VARIANCE> 39
 4.120880e+00 4.899562e+00 4.524167e+00 2.744595e+00 7.846615e+01 3.834880e+01 1.413966e+01 6.390747e+01 2.330663e+01 3.776681e+00 6.978197e+00 1.533541e+01 5.000000e-02 9.214938e-01 4.760101e-01 7.638419e-01 6.320680e-01 2.307689e+00 2.089358e+00 1.892494e+00 3.967435e+00 1.903059e+00 1.548840e+00 1.832782e+00 2.105346e+00 5.000000e-02 1.882705e-01 2.802071e-01 9.233983e-02 2.083997e-01 7.135468e-01 1.108661e-01 2.371086e-01 2.581710e-01 2.677949e-01 2.916528e-01 6.131929e-02 2.312029e-01 5.000000e-02
<GCONST> 7.761996e+01
<STATE> 8
<MEAN> 39
 -8.005832e+00 -1.894226e+01 -1.391662e+01 -1.208291e+01 1.550770e+00 -1.355537e+01 9.658671e+00 2.705419e+00 1.961717e+00 -2.624918e+00 -9.367983e+00 -8.621484e+00 8.396199e-01 -3.696376e-01 4.698372e-01 7.342702e-01 -3.488760e-01 -2.158256e+00 -2.058208e+00 1.361908e+00 8.356860e-01 8.190487e-02 1.255577e+00 1.313333e+00 4.536856e-01 2.329389e-02 -5.402778e-02 -3.108821e-02 1.754740e-01 -1.377973e-01 5.681912e-02 -3.416889e-02 7.311495e-04 -9.510610e-02 1.826156e-01 3.257439e-01 4.992734e-01 1.060434e-01 -4.371538e-03
<VARIANCE> 39
 4.570596e+01 5.854599e+00 3.761297e+01 5.091573e+00 7.092374e+01 6.066793e+01 2.229364e+01 6.719877e+01 1.516984e+01 1.184129e+01 3.356171e+01 1.580866e+01 5.000000e-02 6.028091e+00 1.125979e+00 6.200377e+00 2.193931e-01 2.071787e+00 2.149744e+00 2.341088e+00 6.335315e+00 1.997928e+00 2.127730e+00 7.148924e+00 1.120090e+00 5.000000e-02 1.171602e+00 2.234480e-01 9.224752e-01 5.060886e-02 5.095668e-01 5.545883e-01 5.741519e-01 1.762156e+00 2.065629e-01 2.203870e-01 6.537779e-01 3.290306e-01 5.000000e-02
<GCONST> 1.003364e+02
<STATE> 9
<MEAN> 39
 -1.520816e+01 -1.676608e+01 -4.378024e+00 -1.544720e+01 -1.179900e+01 -1.745717e+01 1.402315e+01 4.370326e+00 3.856937e+00 5.299292e+00 1.107764e+00 -6.539757e+00 8.951179e-01 -2.163665e-01 6.620366e-01 1.417639e+00 -9.566584e-01 -2.084192e+00 -6.150964e-01 -2.100106e-01 -1.747731e+00 3.027267e-01 2.341691e+00 1.656827e+00 1.512554e-01 1.250547e-03 2.832206e-01 -3.090499e-03 -3.163495e-01 -1.632702e-01 2.130757e-01 2.120742e-01 -5.975633e-01 -1.636271e-01 3.928767e-01 -1.647828e-01 -6.126806e-01 -8.923224e-02 6.810199e-03
<VARIANCE> 39
 9.438001e+00 3.641576e+00 8.210347e+00 9.537749e+00 2.147548e+01 4.274146e+01 9.243363e+00 1.727799e+01 1.313425e+01 1.026698e+01 1.066204e+01 4.176031e+00 5.000000e-02 2.828957e-01 3.232788e-01 8.038409e-01 3.684438e-01 7.762857e-01 2.927585e-01 1.506766e+00 1.122936e+00 1.073390e+00 2.447739e-01 1.059920e+00 1.684153e+00 5.000000e-02 5.000000e-02 8.221718e-02 1.571479e-01 6.066853e-02 1.616480e-01 1.018446e-01 2.481892e-01 2.227816e-01 2.400969e-01 1.226450e-01 2.547683e-01 2.994639e-01 5.000000e-02
<GCONST> 6.261470e+01
<STATE> 10
<MEAN> 39
 -1.535011e+01 -1.397907e+01 -6.262890e-01 -1.989168e+01 -1.884285e+01 -1.677928e+01 8.521898e+00 -2.820895e+00 7.124710e+00 1.219256e+01 2.722472e+00 -5.491673e+00 9.490690e-01 5.370666e-01 3.922695e-01 7.046301e-01 -8.436217e-01 -2.144348e-01 1.424376e-01 -6.656215e-01 -9.153417e-01 1.545819e-01 1.727172e-01 -5.267248e-01 8.071441e-02 3.893655e-03 1.535040e-01 -1.898257e-01 -1.007686e-01 1.550263e-01 4.836369e-01 1.718129e-01 1.372520e-01 1.859226e-01 -2.976618e-01 -6.889812e-01 -3.870710e-01 -4.381285e-02 -6.797849e-03
<VARIANCE> 39
 1.275371e+01 3.746088e+00 9.720695e+00 8.960193e+00 2.118391e+01 3.160639e+01 2.242716e+01 1.784334e+01 2.550833e+00 8.551512e+00 9.128810e+00 8.079457e+00 5.000000e-02 6.343478e-01 5.749966e-01 1.056177e+00 5.017131e-01 2.540687e+00 1.001424e+00 1.173387e+00 2.141645e-01 5.998912e-01 2.949477e+00 5.650010e-01 8.761141e-01 5.000000e-02 9.060067e-02 9.880099e-02 2.256546e-01 7.482336e-02 2.295970e-01 1.855958e-01 2.379557e-01 9.284904e-02 1.360464e-01 2.403895e-01 1.171160e-01 1.774185e-01 5.000000e-02
<GCONST> 6.562249e+01
<STATE> 11
<MEAN> 39
 -1.100709e+01 -1.554110e+01 9.781142e-01 -2.263533e+01 -1.268186e+01 -1.678345e+01 1.084317e+01 -2.005314e+00 3.075162e+00 5.744934e+00 -3.442307e+00 -6.572449e+00 8.714517e-01 5.848348e-01 -3.241869e-01 3.720557e-01 2.826543e-01 -1.248526e-01 1.123527e+00 -1.249518e+00 -6.390042e-01 -8.970004e-01 -8.461164e-01 -1.436694e+00 2.371441e-01 -2.344034e-02 3.124229e-02 1.699820e-01 -2.680492e-01 4.661811e-01 -3.930636e-01 1.434130e-01 -3.719213e-01 -4.304375e-02 3.219540e-01 3.435865e-01 1.541981e-01 2.807080e-01 1.608639e-03
<VARIANCE> 39
 2.655273e+00 3.377316e+00 1.090838e+01 1.407992e+01 3.569343e+01 3.639395e+01 3.705844e+01 2.393155e+01 8.659921e+00 1.194062e+01 2.713822e+01 1.666540e+01 5.000000e-02 3.343829e-01 8.010839e-01 4.485868e-01 1.697405e+00 2.187057e+00 1.321371e+00 1.977438e+00 1.156088e+00 1.506377e+00 3.177640e+00 1.404727e+00 1.007163e+00 5.000000e-02 6.402861e-02 1.492478e-01 8.869778e-02 1.292583e-01 1.736818e-01 1.145133e-01 2.846720e-01 2.895278e-01 2.430086e-01 2.525549e-01 1.900501e-01 1.850058e-01 5.000000e-02
<GCONST> 7.516782e+01
<STATE> 12
<MEAN> 39
 -9.200795e+00 -1.407533e+01 -5.672563e-01 -1.914210e+01 -1.725875e+01 -1.417444e+01 5.581926e+00 -3.872577e+00 5.086139e+00 6.975272e+00 -2.960824e+00 -4.666676e+00 8.825299e-01 3.283809e-01 7.247488e-01 -8.451713e-01 5.236441e-01 -8.364765e-02 1.165021e+00 1.155582e-01 -5.719541e-01 2.232941e-01 -1.088656e+00 -7.354490e-01 -6.012399e-03 -1.965776e-02 -1.784841e-01 -4.971792e-02 -2.506818e-02 -2.282578e-01 3.882586e-01 -1.807125e-01 5.719565e-01 -6.416882e-02 -2.252906e-01 -2.318627e-01 -1.587521e-01 -1.579111e-01 -6.448550e-03
<VARIANCE> 39
 3.905914e+00 9.190818e+00 6.801443e+00 2.033391e+01 3.070461e+01 4.161311e+01 1.151926e+01 2.276890e+01 7.324565e+00 2.421196e+01 1.832952e+01 6.331323e+00 5.000000e-02 3.989035e-01 4.051572e-01 1.244032e-01 1.338344e+00 2.174792e+00 2.673713e-01 1.633179e+00 1.920256e+00 1.014661e+00 1.645825e+00 9.294589e-01 1.049602e+00 5.000000e-02 6.738228e-02 1.206248e-01 9.094117e-02 3.931520e-01 5.527837e-01 2.312027e-01 2.468936e-01 2.512708e-01 2.460226e-01 3.087364e-01 1.625835e-01 1.699006e-01 5.000000e-02
<GCONST> 7.218052e+01
<STATE> 13
<MEAN> 39
 -9.875382e+00 -1.254398e+01 -1.411464e+00 -1.886862e+01 -1.468140e+01 -1.179496e+01 8.071409e+00 -7.950896e+00 1.912350e+00 2.208003e+00 -8.082872e+00 -5.834144e+00 7.709492e-01 6.156633e-01 -4.603671e-01 6.697199e-01 -7.674370e-01 7.951776e-01 -1.640139e-01 -7.025731e-02 -5.891213e-01 -9.391754e-01 -5.770064e-01 -9.908355e-01 4.473791e-01 -3.651859e-02 3.442389e-01 -4.501663e-01 5.698054e-01 -1.598369e-01 -3.263792e-01 -3.177032e-02 -4.439401e-01 3.589847e-01 -1.824332e-02 3.334659e-01 2.298088e-01 2.769165e-01 -3.326239e-03
<VARIANCE> 39
 3.641485e+00 4.750205e+00 7.916363e+00 1.467064e+01 1.347247e+01 1.165417e+01 1.462810e+01 7.622050e+00 9.031996e+00 7.442103e+00 1.654026e+01 1.935658e+01 5.000000e-02 2.215416e-01 5.381110e-01 6.252557e-01 1.410529e+00 3.340340e+00 5.510423e-01 1.891641e+00 5.695820e-01 1.110354e+00 1.300874e+00 1.109470e+00 1.265865e+00 5.000000e-02 5.031810e-02 1.054316e-01 5.000000e-02 3.291311e-01 2.990273e-01 1.810879e-01 1.802159e-01 3.779804e-01 2.602771e-01 1.316037e-01 1.971342e-01 2.120355e-01 5.000000e-02
<GCONST> 6.768458e+01
<STATE> 14
<MEAN> 39
 -5.458016e+00 -1.702908e+01 2.978412e+00 -2.021246e+01 -1.534875e+01 -1.081035e+01 4.105683e+00 -7.323484e+00 8.505060e-01 1.613363e+00 -1.055313e+01 -2.637109e+00 6.423403e-01 1.749899e+00 -9.950362e-01 1.620096e+00 1.023539e+00 -1.990700e+00 9.118758e-01 -1.233395e+00 1.306291e+00 1.046428e-01 2.776911e-02 1.106918e-01 6.469533e-01 -4.509063e-02 1.766384e-02 2.782733e-01 -1.152763e-01 6.315097e-01 -4.174407e-01 2.550282e-01 1.233849e-01 2.656073e-01 2.912177e-01 -1.018916e-01 6.166162e-01 -1.034006e-01 -1.011847e-03
<VARIANCE> 39
 3.364751e+00 3.830077e+00 1.381285e+01 1.132464e+01 1.249583e+01 1.203070e+01 2.250457e+01 3.071678e+01 6.250549e+00 1.343214e+01 8.602199e+00 1.134330e+01 5.000000e-02 2.379008e-01 6.601506e-01 7.936654e-01 1.099956e+00 1.706544e+00 9.883460e-01 1.308228e+00 1.581161e+00 1.835891e+00 7.074102e-01 9.512357e-01 6.899924e-01 5.000000e-02 8.258001e-02 8.764337e-02 1.890579e-01 3.375040e-01 6.652976e-01 8.271999e-02 4.241252e-01 3.895330e-01 1.628015e-01 1.804554e-01 1.770462e-01 6.893173e-02 5.000000e-02
<GCONST> 6.964988e+01
<STATE> 15
<MEAN> 39
 -1.627247e+00 -1.764088e+01 5.991094e+00 -1.642836e+01 -2.231700e+01 -6.880880e+00 3.249990e+00 -3.462199e+00 2.782692e+00 1.127950e+00 -6.916760e+00 -9.204593e-01 5.088148e-01 7.394697e-01 5.143974e-01 1.817687e-01 1.696933e+00 1.613123e-01 6.674112e-01 -4.613683e-02 -3.804044e-01 -5.573130e-02 -4.070196e-01 1.657553e+00 2.492952e-01 -4.219634e-02 -2.499561e-01 4.247966e-01 -5.447816e-01 2.919804e-01 1.156256e+00 -3.348307e-01 1.572206e-02 -7.678556e-01 -1.645411e-01 1.190096e-01 8.997665e-02 -1.969140e-01 2.593840e-03
<VARIANCE> 39
 1.573584e+00 4.418848e+00 8.177541e+00 1.677142e+01 9.997070e+00 2.028179e+01 1.583201e+01 1.267017e+01 2.051635e+01 1.285914e+01 5.666113e+00 1.510487e+01 5.000000e-02 2.519684e-01 7.990628e-01 6.350650e-01 1.185355e+00 3.728591e+00 1.757657e+00 1.420907e+00 2.054511e+00 1.214139e+00 9.373533e-01 5.521442e-01 1.049372e+00 5.000000e-02 5.000000e-02 8.846096e-02 1.050841e-01 2.861297e-01 3.091593e-01 2.243017e-01 3.122108e-01 2.548282e-01 2.650378e-01 1.750381e-01 2.216158e-01 2.898439e-01 5.000000e-02
<GCONST> 7.089559e+01
<STATE> 16
<MEAN> 39
 -2.438055e-01 -1.456996e+01 4.022239e+00 -9.667445e+00 -1.617419e+01 -8.057954e+00 1.340033e+00 -7.783110e+00 1.776122e+00 4.237057e-01 -3.105440e+00 -1.402876e+00 4.051390e-01 3.968892e-01 6.730325e-01 -7.326083e-01 1.764644e+00 1.071735e+00 -5.109397e-01 -2.562997e-01 -8.436670e-01 1.300502e-01 2.646638e-02 4.951934e-01 -1.107077e-03 -2.626328e-02 -1.834435e-01 -3.278578e-02 -1.087177e-01 -4.906996e-01 -5.332597e-02 -7.132950e-02 2.537293e-01 3.911270e-01 1.563829e-01 1.142308e-01 -4.220485e-01 -1.900329e-01 4.639883e-03
<VARIANCE> 39
 7.666959e-01 7.092183e+00 5.799273e+00 1.419438e+01 2.088671e+01 1.316802e+01 6.216908e+00 8.045207e+00 1.567461e+01 1.369605e+01 3.517974e+00 1.408629e+01 5.000000e-02 1.997023e-01 8.375863e-01 2.280411e-01 2.532448e+00 2.283248e+00 1.559557e+00 8.956341e-01 1.367550e+00 1.012929e+00 7.667331e-01 1.742531e+00 1.645216e+00 5.000000e-02 6.857361e-02 1.156407e-01 1.165568e-01 2.652203e-01 3.833281e-01 5.413691e-01 1.426594e-01 2.473738e-01 2.204184e-01 1.927683e-01 1.536724e-01 3.413071e-01 5.000000e-02
<GCONST> 6.819469e+01
<STATE> 17
<MEAN> 39
 9.778867e-01 -1.216263e+01 2.919827e+00 -6.775512e+00 -1.286798e+01 -8.370127e+00 2.410827e+00 -7.735207e+00 2.819770e+00 1.714500e+00 -2.850148e+00 -1.648885e+00 3.815772e-01 -1.545800e-01 6.100979e-01 -5.506298e-01 -2.313016e-01 3.983073e-01 5.055984e-01 5.261401e-01 5.686159e-01 3.084656e-01 5.395647e-01 4.415752e-02 -5.562558e-01 -2.562703e-02 -3.904969e-01 -1.118398e-01 6.765619e-02 -2.692496e-01 -9.965953e-02 1.422388e-01 5.580931e-02 1.436777e-01 -1.648218e-01 -5.166388e-02 -5.072476e-02 -8.630954e-03 -1.111966e-02
<VARIANCE> 39
 3.597535e+00 8.539441e+00 4.736440e+00 1.219989e+01 1.411657e+01 9.805449e+00 4.364896e+00 2.299853e+01 1.097115e+01 1.346873e+01 7.476934e+00 8.517546e+00 5.000000e-02 4.413456e-01 5.475334e-01 1.019676e+00 1.334962e+00 2.365652e+00 1.584226e+00 8.483356e-01 8.581704e-01 2.307578e+00 9.618763e-01 1.616293e+00 7.283154e-01 5.000000e-02 5.608107e-02 1.693652e-01 1.701650e-01 3.652775e-01 3.210900e-01 2.002400e-01 6.939042e-02 2.384150e-01 2.420967e-01 1.245787e-01 3.579418e-01 5.000000e-02 5.000000e-02
<GCONST> 6.790774e+01
<STATE> 18
<MEAN> 39
 -2.476103e+00 -1.166509e+01 8.376094e-01 -8.877055e+00 -1.253622e+01 -7.049191e+00 4.047503e+00 -5.939616e+00 1.951146e+00 2.890312e+00 -3.109390e+00 -3.555253e+00 2.066251e-01 -1.218304e+00 2.368263e-01 -1.892705e-01 6.744894e-01 1.099168e+00 -1.841097e-02 2.000714e-01 6.355594e-01 9.916601e-02 5.880683e-01 7.318043e-01 1.440129e-01 -5.626687e-02 -2.156119e-02 -1.722688e-01 1.021769e-01 2.917956e-01 4.662601e-02 -2.394579e-01 -1.788681e-01 3.846521e-02 1.925048e-01 1.988155e-01 4.425641e-01 2.480068e-01 3.922064e-03
<VARIANCE> 39
 5.711170e+00 4.220257e+00 4.581050e+00 6.176535e+00 1.230471e+01 1.469094e+01 6.458484e+00 1.654176e+01 8.989073e+00 1.093724e+01 1.263385e+01 4.567700e+00 5.000000e-02 4.443084e-01 6.068367e-01 2.934014e-01 1.359199e+00 1.036900e+00 1.032349e+00 7.052453e-01 1.675719e+00 1.502438e+00 8.082616e-01 7.377229e-01 7.237437e-01 5.000000e-02 7.835223e-02 5.000000e-02 1.021705e-01 1.911692e-01 3.020136e-01 2.067951e-01 1.681932e-01 4.070247e-01 4.323035e-01 1.910838e-01 1.204724e-01 1.881814e-01 5.000000e-02
<GCONST> 6.408567e+01
<STATE> 19
<MEAN> 39
 -4.562754e+00 -1.094383e+01 6.384920e-01 -5.995171e+00 -1.020767e+01 -7.414127e+00 5.115989e+00 -2.986098e+00 5.594236e+00 7.168333e+00 2.573659e+00 -2.024013e+00 1.029090e-01 -7.577628e-01 -2.523531e-01 -2.533680e-01 6.621497e-01 9.542343e-01 -5.683062e-01 -4.623876e-01 6.759385e-01 3.617580e-01 3.325780e-01 1.162859e+00 2.992792e-01 -2.660272e-02 1.380694e-01 -4.726008e-02 1.173248e-01 -3.725093e-02 1.233549e-01 1.563852e-01 -2.387824e-01 -3.064890e-01 -3.648893e-01 -7.113006e-01 -4.728529e-01 -9.437882e-02 5.482454e-03
<VARIANCE> 39
 3.410130e+00 9.166545e-01 4.979012e+00 6.638852e+00 1.189534e+01 4.800047e+00 1.238971e+01 9.319027e+00 8.231297e+00 1.740782e+01 5.645609e+00 8.414098e+00 5.000000e-02 2.148106e-01 2.657543e-01 6.181091e-01 5.975296e-01 7.245454e-01 4.667236e-01 1.082257e+00 1.553369e+00 8.490965e-01 2.159805e+00 8.175275e-01 1.020760e+00 5.000000e-02 8.415823e-02 7.616425e-02 6.256912e-02 1.806822e-01 8.144042e-02 1.552903e-01 2.321303e-01 1.087436e-01 1.206691e-01 2.028080e-01 1.815861e-01 1.403067e-01 5.000000e-02
<GCONST> 5.598666e+01
<STATE> 20
<MEAN> 39
 -7.037365e+00 -1.264536e+01 3.428737e-01 -4.256032e+00 -6.398081e+00 -7.879976e+00 1.869375e+00 -3.899155e+00 3.233333e+00 3.154810e+00 4.276091e-01 -1.897533e+00 3.840373e-03 -2.316968e-01 3.546600e-01 2.062665e-01 5.096161e-01 9.537740e-01 6.835040e-01 -7.015405e-01 -2.464575e-01 -2.414571e-02 -5.729663e-01 1.263675e-02 2.125672e-01 -1.654987e-02 2.750580e-01 2.843824e-01 2.880683e-02 -6.117708e-02 2.107925e-02 2.397538e-01 1.563808e-01 3.922860e-02 1.581418e-02 9.250816e-02 1.256981e-01 5.300782e-02 1.232536e-02
<VARIANCE> 39
 9.339039e-01 3.133130e+00 3.433397e+00 3.186327e+00 6.700461e+00 2.179366e+01 8.644440e+00 1.654954e+01 1.561766e+01 1.358940e+01 9.860462e+00 6.959979e+00 5.000000e-02 3.699024e-01 5.205236e-01 1.468515e-01 4.055270e-01 7.781992e-01 1.585645e+00 1.045593e+00 3.693902e-01 7.542688e-01 1.958158e+00 1.529649e+00 4.991814e-01 5.000000e-02 5.630510e-02 5.655796e-02 5.000000e-02 5.000000e-02 1.170130e-01 3.391967e-01 1.630959e-01 7.869940e-02 1.626202e-01 1.759494e-01 1.979320e-01 1.222007e-01 5.000000e-02
<GCONST> 5.400144e+01
<STATE> 21
<MEAN> 39
 -6.699115e+00 -9.933386e+00 1.816887e+00 -1.931658e+00 -2.879641e+00 -5.604355e+00 2.134380e+00 -3.804791e+00 2.536543e+00 2.155510e+00 3.463517e+00 -1.064850e+00 6.192900e-02 6.953584e-02 1.029749e-01 -1.198730e-01 5.965733e-01 1.382557e+00 8.633818e-01 6.580427e-01 1.005153e-02 -5.963905e-01 -6.431233e-01 9.593325e-02 -4.452017e-01 9.533147e-03 5.002638e-03 -2.212020e-01 -1.908736e-01 -1.878425e-01 -1.466838e-01 8.238078e-02 1.421368e-01 -7.845818e-02 -1.442760e-01 -1.157598e-01 -4.409048e-01 -2.306348e-01 -2.282099e-03
<VARIANCE> 39
 2.136759e+00 5.768079e-01 3.232246e+00 5.550556e+00 3.770614e+00 1.008055e+01 6.729058e+00 1.193713e+01 6.674183e+00 1.876002e+01 1.012326e+01 8.242733e+00 5.000000e-02 1.451344e-01 2.212268e-01 2.272457e-01 3.277501e-01 5.521548e-01 9.714499e-01 1.386510e-01 1.372516e+00 1.291104e+00 1.500317e+00 1.663376e+00 1.007098e+00 5.000000e-02 5.000000e-02 5.000000e-02 5.000000e-02 1.032602e-01 9.915279e-02 2.506653e-01 1.914182e-01 9.965774e-02 2.664785e-01 3.541852e-01 1.952972e-01 1.380105e-01 5.000000e-02
<GCONST> 5.103757e+01
<TRANSP> 22
 0.000000e+00 1.000000e+00 0.000000e+00 0.000000e+00 0.000000e+00 0.000000e+00 0.000000e+00 0.000000e+00 0.000000e+00 0.000000e+00 0.000000e+00 0.000000e+00 0.000000e+00 0.000000e+00 0.000000e+00 0.000000e+00 0.000000e+00 0.000000e+00 0.000000e+00 0.000000e+00 0.000000e+00 0.000000e+00
 0.000000e+00 6.970412e-01 3.029588e-01 0.000000e+00 0.000000e+00 0.000000e+00 0.000000e+00 0.000000e+00 0.000000e+00 0.000000e+00 0.000000e+00 0.000000e+00 0.000000e+00 0.000000e+00 0.000000e+00 0.000000e+00 0.000000e+00 0.000000e+00 0.000000e+00 0.000000e+00 0.000000e+00 0.000000e+00
 0.000000e+00 0.000000e+00 7.226549e-01 2.773452e-01 0.000000e+00 0.000000e+00 0.000000e+00 0.000000e+00 0.000000e+00 0.000000e+00 0.000000e+00 0.000000e+00 0.000000e+00 0.000000e+00 0.000000e+00 0.000000e+00 0.000000e+00 0.000000e+00 0.000000e+00 0.000000e+00 0.000000e+00 0.000000e+00
 0.000000e+00 0.000000e+00 0.000000e+00 6.423718e-01 3.576282e-01 0.000000e+00 0.000000e+00 0.000000e+00 0.000000e+00 0.000000e+00 0.000000e+00 0.000000e+00 0.000000e+00 0.000000e+00 0.000000e+00 0.000000e+00 0.000000e+00 0.000000e+00 0.000000e+00 0.000000e+00 0.000000e+00 0.000000e+00
 0.000000e+00 0.000000e+00 0.000000e+00 0.000000e+00 6.668187e-01 3.331813e-01 0.000000e+00 0.000000e+00 0.000000e+00 0.000000e+00 0.000000e+00 0.000000e+00 0.000000e+00 0.000000e+00 0.000000e+00 0.000000e+00 0.000000e+00 0.000000e+00 0.000000e+00 0.000000e+00 0.000000e+00 0.000000e+00
 0.000000e+00 0.000000e+00 0.000000e+00 0.000000e+00 0.000000e+00 5.000499e-01 4.999500e-01 0.000000e+00 0.000000e+00 0.000000e+00 0.000000e+00 0.000000e+00 0.000000e+00 0.000000e+00 0.000000e+00 0.000000e+00 0.000000e+00 0.000000e+00 0.000000e+00 0.000000e+00 0.000000e+00 0.000000e+00
 0.000000e+00 0.000000e+00 0.000000e+00 0.000000e+00 0.000000e+00 0.000000e+00 5.850994e-01 4.149006e-01 0.000000e+00 0.000000e+00 0.000000e+00 0.000000e+00 0.000000e+00 0.000000e+00 0.000000e+00 0.000000e+00 0.000000e+00 0.000000e+00 0.000000e+00 0.000000e+00 0.000000e+00 0.000000e+00
 0.000000e+00 0.000000e+00 0.000000e+00 0.000000e+00 0.000000e+00 0.000000e+00 0.000000e+00 5.834236e-01 4.165764e-01 0.000000e+00 0.000000e+00 0.000000e+00 0.000000e+00 0.000000e+00 0.000000e+00 0.000000e+00 0.000000e+00 0.000000e+00 0.000000e+00 0.000000e+00 0.000000e+00 0.000000e+00
 0.000000e+00 0.000000e+00 0.000000e+00 0.000000e+00 0.000000e+00 0.000000e+00 0.000000e+00 0.000000e+00 6.874143e-01 3.125856e-01 0.000000e+00 0.000000e+00 0.000000e+00 0.000000e+00 0.000000e+00 0.000000e+00 0.000000e+00 0.000000e+00 0.000000e+00 0.000000e+00 0.000000e+00 0.000000e+00
 0.000000e+00 0.000000e+00 0.000000e+00 0.000000e+00 0.000000e+00 0.000000e+00 0.000000e+00 0.000000e+00 0.000000e+00 7.821134e-01 2.178865e-01 0.000000e+00 0.000000e+00 0.000000e+00 0.000000e+00 0.000000e+00 0.000000e+00 0.000000e+00 0.000000e+00 0.000000e+00 0.000000e+00 0.000000e+00
 0.000000e+00 0.000000e+00 0.000000e+00 0.000000e+00 0.000000e+00 0.000000e+00 0.000000e+00 0.000000e+00 0.000000e+00 0.000000e+00 6.881730e-01 3.118270e-01 0.000000e+00 0.000000e+00 0.000000e+00 0.000000e+00 0.000000e+00 0.000000e+00 0.000000e+00 0.000000e+00 0.000000e+00 0.000000e+00
 0.000000e+00 0.000000e+00 0.000000e+00 0.000000e+00 0.000000e+00 0.000000e+00 0.000000e+00 0.000000e+00 0.000000e+00 0.000000e+00 0.000000e+00 6.659697e-01 3.340304e-01 0.000000e+00 0.000000e+00 0.000000e+00 0.000000e+00 0.000000e+00 0.000000e+00 0.000000e+00 0.000000e+00 0.000000e+00
 0.000000e+00 0.000000e+00 0.000000e+00 0.000000e+00 0.000000e+00 0.000000e+00 0.000000e+00 0.000000e+00 0.000000e+00 0.000000e+00 0.000000e+00 0.000000e+00 6.666668e-01 3.333332e-01 0.000000e+00 0.000000e+00 0.000000e+00 0.000000e+00 0.000000e+00 0.000000e+00 0.000000e+00 0.000000e+00
 0.000000e+00 0.000000e+00 0.000000e+00 0.000000e+00 0.000000e+00 0.000000e+00 0.000000e+00 0.000000e+00 0.000000e+00 0.000000e+00 0.000000e+00 0.000000e+00 0.000000e+00 6.152692e-01 3.847308e-01 0.000000e+00 0.000000e+00 0.000000e+00 0.000000e+00 0.000000e+00 0.000000e+00 0.000000e+00
 0.000000e+00 0.000000e+00 0.000000e+00 0.000000e+00 0.000000e+00 0.000000e+00 0.000000e+00 0.000000e+00 0.000000e+00 0.000000e+00 0.000000e+00 0.000000e+00 0.000000e+00 0.000000e+00 6.154977e-01 3.845023e-01 0.000000e+00 0.000000e+00 0.000000e+00 0.000000e+00 0.000000e+00 0.000000e+00
 0.000000e+00 0.000000e+00 0.000000e+00 0.000000e+00 0.000000e+00 0.000000e+00 0.000000e+00 0.000000e+00 0.000000e+00 0.000000e+00 0.000000e+00 0.000000e+00 0.000000e+00 0.000000e+00 0.000000e+00 6.879231e-01 3.120769e-01 0.000000e+00 0.000000e+00 0.000000e+00 0.000000e+00 0.000000e+00
 0.000000e+00 0.000000e+00 0.000000e+00 0.000000e+00 0.000000e+00 0.000000e+00 0.000000e+00 0.000000e+00 0.000000e+00 0.000000e+00 0.000000e+00 0.000000e+00 0.000000e+00 0.000000e+00 0.000000e+00 0.000000e+00 6.399878e-01 3.600122e-01 0.000000e+00 0.000000e+00 0.000000e+00 0.000000e+00
 0.000000e+00 0.000000e+00 0.000000e+00 0.000000e+00 0.000000e+00 0.000000e+00 0.000000e+00 0.000000e+00 0.000000e+00 0.000000e+00 0.000000e+00 0.000000e+00 0.000000e+00 0.000000e+00 0.000000e+00 0.000000e+00 0.000000e+00 6.887186e-01 3.112814e-01 0.000000e+00 0.000000e+00 0.000000e+00
 0.000000e+00 0.000000e+00 0.000000e+00 0.000000e+00 0.000000e+00 0.000000e+00 0.000000e+00 0.000000e+00 0.000000e+00 0.000000e+00 0.000000e+00 0.000000e+00 0.000000e+00 0.000000e+00 0.000000e+00 0.000000e+00 0.000000e+00 0.000000e+00 5.465568e-01 4.534432e-01 0.000000e+00 0.000000e+00
 0.000000e+00 0.000000e+00 0.000000e+00 0.000000e+00 0.000000e+00 0.000000e+00 0.000000e+00 0.000000e+00 0.000000e+00 0.000000e+00 0.000000e+00 0.000000e+00 0.000000e+00 0.000000e+00 0.000000e+00 0.000000e+00 0.000000e+00 0.000000e+00 0.000000e+00 6.670570e-01 3.329429e-01 0.000000e+00
 0.000000e+00 0.000000e+00 0.000000e+00 0.000000e+00 0.000000e+00 0.000000e+00 0.000000e+00 0.000000e+00 0.000000e+00 0.000000e+00 0.000000e+00 0.000000e+00 0.000000e+00 0.000000e+00 0.000000e+00 0.000000e+00 0.000000e+00 0.000000e+00 0.000000e+00 0.000000e+00 6.657875e-01 3.342125e-01
 0.000000e+00 0.000000e+00 0.000000e+00 0.000000e+00 0.000000e+00 0.000000e+00 0.000000e+00 0.000000e+00 0.000000e+00 0.000000e+00 0.000000e+00 0.000000e+00 0.000000e+00 0.000000e+00 0.000000e+00 0.000000e+00 0.000000e+00 0.000000e+00 0.000000e+00 0.000000e+00 0.000000e+00 0.000000e+00
<ENDHMM>
