~o
<STREAMINFO> 1 39
<VECSIZE> 39<NULLD><MFCC_E_D_A><DIAGC>
~h "Ke^"
<BEGINHMM>
<NUMSTATES> 35
<STATE> 2
<MEAN> 39
 -5.159441e+00 -7.918318e+00 -3.583130e-01 -1.755220e-01 3.442920e+00 -3.933611e+00 7.377917e-01 -2.828538e+00 -9.171524e-02 -3.481921e+00 3.971714e+00 -1.571300e+00 7.742968e-02 -2.046016e-01 4.579087e-02 2.429062e-01 2.072166e-01 8.023059e-01 -1.105114e-02 -3.022254e-01 -2.387123e-01 -1.021266e-01 9.405687e-03 -8.911350e-01 1.878322e-01 7.419729e-03 -4.855103e-01 1.345677e-01 -1.399880e-01 -8.361327e-01 -8.231168e-01 -4.626598e-01 3.341215e-01 -3.346976e-02 -1.432478e-02 5.776938e-01 -5.928461e-01 -2.095817e-01 3.129339e-02
<VARIANCE> 39
 4.161430e+00 5.801142e-01 2.776945e+00 3.574694e+00 7.193261e+00 7.446054e+00 1.421852e+01 3.385067e+00 1.757038e+01 1.065774e+01 1.187602e+01 2.456798e+00 5.000000e-02 1.706555e-01 3.501219e-01 6.540025e-01 3.089129e-01 2.377845e-01 9.175609e-01 9.748222e-01 1.281539e+00 6.271781e-01 3.819363e-01 5.901030e-01 1.021779e-01 5.000000e-02 2.124206e-01 6.480617e-02 6.047373e-02 2.186334e-01 2.490817e-01 5.443084e-01 6.572271e-01 4.504524e-01 4.107560e-01 5.936043e-01 2.447010e-01 2.124421e-01 5.000000e-02
<GCONST> 5.617789e+01
<STATE> 3
<MEAN> 39
 -5.460357e+00 -7.591748e+00 7.172911e-01 -8.763117e-01 4.385814e+00 -4.291499e+00 2.712161e+00 -9.999958e-01 8.576677e-01 -2.432881e+00 1.502105e+00 -1.741223e+00 9.449290e-02 -1.732640e+00 5.555506e-01 -6.298854e-01 -2.613307e+00 -2.557762e+00 -1.557509e+00 4.955947e-01 -4.528997e-01 -7.633850e-01 1.786763e+00 -1.534160e+00 -5.508522e-01 1.188322e-01 -2.118915e-01 -2.486720e-01 -6.252363e-01 -1.300746e+00 -1.617365e+00 -9.196575e-01 6.156305e-02 -1.181140e-01 -1.295395e-01 7.737779e-01 -6.779034e-02 -5.585229e-02 5.605546e-02
<VARIANCE> 39
 2.103655e+00 2.197521e+00 8.390200e+00 4.794621e+00 4.071230e+00 5.752786e+00 8.093050e+00 1.555724e+01 1.520009e+01 1.011877e+01 1.593800e+01 1.009512e+01 5.000000e-02 1.611858e+00 8.676914e-01 5.880303e-01 2.760398e+00 2.844067e+00 4.525837e+00 3.079049e+00 2.023649e+00 1.992573e+00 2.830768e+00 1.469266e+00 2.554805e+00 5.000000e-02 1.701675e-01 1.098207e-01 5.000000e-02 1.375154e-01 2.350667e-01 3.427367e-01 2.626189e-01 3.995511e-01 2.528125e-01 1.283322e-01 1.602862e-01 1.065222e-01 5.000000e-02
<GCONST> 7.304712e+01
<STATE> 4
<MEAN> 39
 -1.258347e+01 -5.474635e+00 -2.098302e+00 -8.448302e+00 -4.915356e+00 -1.031461e+01 4.744676e+00 -4.464988e+00 -2.150502e+00 3.503419e+00 -9.616777e-01 -3.941645e+00 4.694119e-01 -9.586239e-01 -4.836448e-01 -2.310314e+00 -4.722598e+00 -4.808493e+00 -3.891221e+00 6.084948e-01 -6.895849e-01 -8.932181e-01 2.655379e+00 -1.394927e+00 -3.603260e-01 2.103473e-01 7.882369e-01 -1.007220e+00 -2.707619e-01 -2.585941e-01 -1.429462e-01 -1.664961e-01 -6.053380e-02 2.661761e-01 5.041461e-01 1.356513e-02 3.301788e-01 2.048753e-01 8.859366e-03
<VARIANCE> 39
 1.341967e+01 1.715390e+01 6.495439e+00 1.973164e+01 1.208914e+01 5.669736e+01 2.301208e+01 2.550024e+01 2.934123e+01 3.106535e+01 1.355192e+01 2.225787e+01 5.000000e-02 1.413757e+00 2.960716e-01 4.801925e-01 6.624535e-01 2.952467e+00 6.016630e+00 2.266676e+00 1.704964e+00 1.614682e+00 2.974411e-01 1.437631e+00 9.684660e-01 5.000000e-02 4.949586e-01 2.071190e-01 1.533816e-01 2.164861e-01 5.101718e-01 3.517161e-01 1.474124e-01 2.801864e-01 1.718909e-01 9.381185e-01 2.393478e-01 3.919676e-01 5.000000e-02
<GCONST> 8.544289e+01
<STATE> 5
<MEAN> 39
 -1.050889e+01 -8.235337e+00 -7.178566e+00 -1.546836e+01 -1.302099e+01 -1.503998e+01 3.019471e+00 -4.359253e+00 -2.537332e+00 4.841224e+00 -3.915153e+00 -4.278951e+00 7.701759e-01 1.997868e-01 -2.356191e+00 -1.413619e+00 -3.608818e+00 -4.302226e+00 -2.716290e+00 -1.278140e-01 2.940314e-01 1.003846e+00 2.679895e+00 -7.309979e-02 2.250765e-01 1.762183e-01 4.801171e-01 -7.455972e-01 7.841522e-01 1.067000e+00 1.200110e+00 1.037712e+00 1.821291e-01 4.312657e-01 5.204396e-01 -7.372875e-01 3.630495e-01 1.488307e-01 -3.992219e-02
<VARIANCE> 39
 1.127627e+01 9.179586e+00 1.454494e+01 2.145442e+01 1.902928e+01 5.810725e+01 2.324308e+01 9.163113e+00 4.018577e+00 1.556055e+01 8.164751e+00 2.090099e+01 5.000000e-02 2.184861e+00 7.583144e-01 2.345371e+00 5.737046e-01 4.148337e+00 2.100590e+00 1.447360e+00 1.738410e+00 8.370862e-01 3.146015e+00 1.593274e+00 7.246337e-01 5.000000e-02 1.717809e-01 1.686549e-01 9.855931e-02 1.863359e-01 3.019644e-01 6.903358e-01 1.830975e-01 2.281932e-01 1.807437e-01 5.346416e-01 1.580592e-01 3.495283e-01 5.000000e-02
<GCONST> 8.220409e+01
<STATE> 6
<MEAN> 39
 -8.524179e+00 -1.451389e+01 -5.744493e+00 -1.941118e+01 -1.500959e+01 -1.748219e+01 4.057154e+00 -1.979627e+00 2.457409e+00 1.153617e+01 -1.734315e+00 -1.607377e+00 9.423496e-01 4.782324e-01 -3.104669e+00 4.299605e-01 -7.466801e-01 -7.422304e-01 3.796827e-01 7.916725e-01 6.402171e-01 8.685945e-01 8.008534e-02 -2.466561e-01 -3.230970e-02 6.188857e-02 -9.695554e-02 1.697634e-01 5.007900e-01 1.317008e+00 1.184390e+00 1.428357e+00 1.448066e-01 9.233697e-02 -3.669285e-01 -1.448318e+00 8.451253e-02 -2.018970e-01 -4.985659e-02
<VARIANCE> 39
 8.686255e+00 9.833155e+00 2.727083e+01 4.506342e+00 5.242679e+01 9.933351e+01 7.226833e+01 1.003286e+01 1.185929e+01 8.258642e+00 2.520845e+01 5.165941e+00 5.000000e-02 5.354961e-01 1.032095e+00 1.558766e+00 6.128370e-01 7.039099e-01 1.254157e+00 8.791000e-01 1.708135e-01 2.462804e-01 3.781013e+00 1.907753e-01 1.247147e+00 5.000000e-02 2.882381e-01 1.392120e-01 3.062072e-01 1.108835e-01 6.197215e-01 5.305549e-01 3.563870e-01 2.055299e-01 2.168350e-01 1.588814e-01 3.028478e-01 7.288615e-02 5.000000e-02
<GCONST> 7.487379e+01
<STATE> 7
<MEAN> 39
 -9.173152e+00 -1.852067e+01 -5.704135e+00 -1.784062e+01 -1.416255e+01 -1.464400e+01 7.363675e+00 -2.182319e+00 4.686516e-01 4.806029e+00 -3.355245e+00 -4.227632e+00 9.606351e-01 -3.331459e-01 -1.449004e+00 4.636666e-01 5.945517e-01 4.822566e-01 2.181246e+00 8.684880e-01 5.297568e-01 -3.537913e-01 -2.606307e+00 -7.442543e-01 -7.552465e-01 5.654720e-03 -1.931855e-01 7.478028e-01 -7.531074e-02 5.246261e-01 5.044632e-01 3.005482e-01 6.904563e-02 1.035723e-02 -2.887259e-01 -4.193838e-01 -3.129755e-02 -2.472879e-01 -1.844179e-02
<VARIANCE> 39
 5.651332e+00 3.710740e+00 2.452251e+01 2.844353e+00 1.957547e+01 5.283704e+01 2.738210e+01 5.443845e+00 3.942569e+00 1.688312e+01 9.285073e+00 2.136176e+01 5.000000e-02 1.233285e-01 5.084558e-01 2.987591e-01 3.780288e-01 7.142364e-01 9.076623e-01 6.392036e-01 6.837175e-01 8.191490e-01 1.121934e+00 6.605843e-01 6.802704e-01 5.000000e-02 5.693926e-02 9.232546e-02 1.751075e-01 9.435382e-02 1.421401e-01 2.400388e-01 9.940010e-02 5.000000e-02 5.000000e-02 4.317662e-01 1.697852e-01 1.779302e-01 5.000000e-02
<GCONST> 5.894771e+01
<STATE> 8
<MEAN> 39
 -9.588617e+00 -1.926189e+01 -3.270398e+00 -1.671534e+01 -1.589812e+01 -7.635695e+00 4.684833e+00 -1.370134e-01 5.171388e-01 3.294815e+00 -5.121993e+00 -3.652498e+00 9.583594e-01 9.824497e-02 -7.971522e-01 -5.524684e-02 6.368449e-01 1.080627e-01 1.371471e+00 7.236083e-01 5.327125e-01 2.152657e-01 -1.402013e+00 2.178177e-01 -7.011229e-01 4.519268e-03 -4.173114e-02 4.445017e-01 -2.903069e-01 -5.291455e-02 -9.560186e-02 -4.150744e-01 -7.409697e-02 -1.940760e-01 2.155236e-01 1.378263e-01 2.656475e-01 -9.964405e-02 -2.006367e-03
<VARIANCE> 39
 5.491893e+00 3.997460e+00 8.850129e+00 5.676651e-01 2.244045e+01 3.688355e+01 3.101351e+01 3.672448e+00 1.513155e+00 1.198378e+01 9.195808e+00 9.381548e+00 5.000000e-02 2.686558e-01 3.891405e-01 1.921642e-01 5.781878e-01 6.255907e-01 3.322473e-01 7.739428e-02 3.691280e-01 9.604632e-01 3.030852e-01 5.088831e-01 2.857176e-01 5.000000e-02 5.000000e-02 5.000000e-02 5.000000e-02 5.000000e-02 9.943257e-02 9.154923e-02 1.233419e-01 5.000000e-02 1.753953e-01 1.169381e-01 5.000000e-02 8.841100e-02 5.000000e-02
<GCONST> 4.237921e+01
<STATE> 9
<MEAN> 39
 -8.929709e+00 -1.973111e+01 -7.189588e+00 -1.506553e+01 -8.602904e+00 -1.310628e+01 1.419973e+01 4.745965e-01 5.783947e-01 -1.479428e+00 -7.347961e-02 -7.369912e+00 9.708234e-01 -3.135366e-01 6.973347e-02 -3.495554e-01 5.646901e-01 9.279496e-03 6.353016e-01 6.807587e-01 -1.557988e-01 -1.410758e-01 -7.322832e-01 1.520672e-01 -5.385845e-01 3.355358e-05 1.826704e-02 9.528714e-02 -7.818575e-02 -1.572951e-01 -1.866592e-01 -2.578530e-01 -2.123867e-01 -2.178665e-01 -1.528424e-01 2.448734e-01 -1.074248e-01 5.460126e-02 -1.533944e-03
<VARIANCE> 39
 1.665163e+00 3.877383e+00 1.741376e+01 4.950819e+00 4.599413e+01 4.595478e+01 4.799128e+01 3.113678e+00 6.066541e+00 2.514181e+01 2.739282e+01 1.545032e+01 5.000000e-02 5.000000e-02 2.490495e-01 3.974966e-01 4.346721e-01 9.526520e-01 3.565360e-01 5.412717e-01 5.256313e-01 5.034850e-01 8.743491e-01 6.741814e-01 3.722000e-01 5.000000e-02 5.000000e-02 7.439349e-02 5.000000e-02 5.000000e-02 1.323081e-01 8.305120e-02 7.280228e-02 5.000000e-02 5.000000e-02 1.718116e-01 2.494620e-01 5.000000e-02 5.000000e-02
<GCONST> 5.121517e+01
<STATE> 10
<MEAN> 39
 -1.058399e+01 -2.052352e+01 -6.033693e+00 -1.551734e+01 -1.734401e+01 -6.411611e+00 6.580665e+00 -1.268495e+00 9.654146e-01 -1.162395e+00 -4.415431e+00 -7.628928e+00 9.745433e-01 -1.374945e-01 7.628162e-02 -4.598648e-01 3.479284e-01 4.052512e-02 1.590064e-01 3.138132e-01 -2.058568e-01 -1.616736e-01 -1.212513e+00 9.278299e-02 -8.574623e-01 -9.005890e-04 -2.147072e-03 2.576740e-01 1.347647e-01 9.312855e-03 2.727984e-01 -9.225018e-02 1.266394e-01 9.882504e-02 -1.970623e-01 2.392179e-01 6.067234e-03 2.400415e-01 -2.650798e-03
<VARIANCE> 39
 2.785656e+00 4.045637e+00 1.133505e+01 9.111609e+00 3.276338e+01 2.010389e+01 3.658490e+01 3.788929e+00 1.158169e+01 2.143713e+01 1.368287e+01 8.055856e+00 5.000000e-02 5.000000e-02 2.778383e-01 1.375465e-01 2.581536e-01 4.301993e-01 8.880829e-01 3.062501e-01 3.711714e-01 2.532002e-01 2.739215e-01 9.709649e-01 4.171570e-01 5.000000e-02 5.000000e-02 5.000000e-02 1.003269e-01 7.404091e-02 7.838346e-02 1.340798e-01 7.579026e-02 1.400228e-01 1.018967e-01 1.923173e-01 2.169210e-01 5.676122e-02 5.000000e-02
<GCONST> 4.874063e+01
<STATE> 11
<MEAN> 39
 -1.004058e+01 -1.834430e+01 -5.544430e+00 -1.349855e+01 -1.350316e+01 -7.307568e+00 9.465680e+00 -4.686831e-01 9.068945e-01 -1.321653e+00 -3.310230e+00 -7.382286e+00 9.592703e-01 -1.713588e-01 4.131142e-01 -6.894744e-02 1.323680e-01 5.411723e-01 1.475514e-01 7.469054e-01 2.373542e-01 -4.907613e-01 -3.704941e-01 7.578959e-03 -5.835750e-02 -3.909905e-03 -2.550812e-02 4.016330e-02 2.733690e-03 -2.032747e-01 -1.159129e-01 7.354586e-02 2.070231e-02 8.463855e-02 -1.010670e-01 3.369904e-01 -4.801535e-02 2.450142e-01 -8.299847e-04
<VARIANCE> 39
 1.210337e+00 3.078742e+00 1.454928e+01 5.310585e+00 3.599154e+01 4.769698e+01 3.480220e+01 5.996165e+00 1.219108e+01 6.509375e+00 1.278641e+01 5.131435e+00 5.000000e-02 5.000000e-02 5.157081e-02 9.917625e-01 1.856790e-01 2.810102e-01 9.204589e-01 4.879701e-01 6.328610e-01 6.169324e-01 6.164188e-01 1.678387e+00 2.996010e-01 5.000000e-02 5.000000e-02 7.200740e-02 5.179482e-02 7.680652e-02 9.537760e-02 1.679491e-01 5.000000e-02 1.340609e-01 5.000000e-02 5.000000e-02 1.438882e-01 5.000000e-02 5.000000e-02
<GCONST> 4.664648e+01
<STATE> 12
<MEAN> 39
 -1.082218e+01 -1.894732e+01 -6.359986e+00 -1.502920e+01 -1.364803e+01 -6.729957e+00 1.092166e+01 -6.229258e-01 -2.687610e-01 -2.715373e+00 -3.484399e+00 -7.523092e+00 9.583170e-01 -3.037461e-01 3.535661e-01 -5.061039e-01 -2.498750e-01 -2.614820e-02 2.680507e-01 4.852611e-01 1.682147e-01 -7.791481e-01 1.588941e-01 -1.485965e-01 9.917650e-02 -5.120790e-03 -5.638289e-02 -5.221355e-02 -3.004785e-02 -1.113452e-01 -1.622077e-01 -9.524773e-03 -7.582900e-02 9.158818e-02 -6.678867e-02 2.416127e-01 -6.682479e-02 1.188158e-01 2.004801e-04
<VARIANCE> 39
 2.467432e+00 3.604994e+00 1.122854e+01 3.468435e+00 3.603590e+01 4.593240e+01 2.554708e+01 2.314545e+00 1.478453e+01 1.087812e+01 1.060049e+01 4.711751e+00 5.000000e-02 1.637517e-01 3.726754e-01 3.009484e-01 4.957380e-01 2.641431e-01 3.231153e-01 8.283150e-01 6.317528e-01 3.641419e-01 2.361661e-01 5.345011e-01 2.711736e-01 5.000000e-02 5.000000e-02 5.000000e-02 1.776145e-01 5.000000e-02 5.000000e-02 1.632589e-01 5.000000e-02 1.250575e-01 2.036849e-01 1.533165e-01 4.679483e-01 5.609349e-02 5.000000e-02
<GCONST> 4.912317e+01
<STATE> 13
<MEAN> 39
 -1.075375e+01 -1.780059e+01 -9.111488e+00 -1.412446e+01 -1.177421e+01 -9.197019e+00 1.314351e+01 3.978539e-01 -3.240076e+00 -2.325572e+00 -2.078939e+00 -8.089698e+00 9.319115e-01 -2.971900e-01 1.359326e-01 -4.102054e-01 -4.146363e-02 -5.619745e-01 6.166676e-01 2.189462e-01 5.130118e-01 -3.090034e-01 7.669618e-01 -7.243101e-02 4.556508e-01 -5.650584e-03 4.636641e-02 -1.485677e-01 1.880939e-01 -5.635807e-02 5.753093e-02 -4.565368e-02 -1.233054e-01 -1.167332e-01 1.596963e-01 2.765187e-02 -1.788421e-01 1.386817e-01 6.348079e-04
<VARIANCE> 39
 3.015574e+00 2.977926e+00 6.503623e+00 3.741585e+00 4.019223e+01 3.770646e+01 1.407469e+01 5.280563e+00 1.185856e+01 5.155280e+00 1.665958e+01 2.084179e+00 5.000000e-02 9.917971e-02 4.437328e-01 4.905103e-01 2.812648e-01 3.508732e-01 6.664822e-01 7.074553e-01 5.924675e-01 9.803212e-01 6.857554e-01 1.917713e+00 3.123620e-01 5.000000e-02 5.000000e-02 5.000000e-02 5.927642e-02 5.000000e-02 5.064927e-02 5.000000e-02 6.005678e-02 5.504419e-02 7.965787e-02 5.000000e-02 1.352297e-01 5.858463e-02 5.000000e-02
<GCONST> 4.516573e+01
<STATE> 14
<MEAN> 39
 -1.178537e+01 -1.800920e+01 -8.308588e+00 -1.511145e+01 -1.446937e+01 -6.454872e+00 1.224041e+01 7.268261e-01 -3.112368e+00 -8.650737e-01 -3.896439e+00 -7.074262e+00 9.369798e-01 -4.281359e-02 -1.171605e-01 3.434809e-01 -3.268987e-01 1.321704e-01 7.792935e-02 3.550844e-02 -2.538630e-02 -3.453584e-01 2.297408e-01 -6.540130e-01 7.090887e-01 -2.992917e-03 1.689229e-01 2.634994e-02 5.307091e-02 2.022022e-01 1.763711e-01 -6.997801e-02 -1.446844e-01 -2.383190e-01 3.757649e-01 -1.662734e-01 1.907178e-01 -5.332104e-02 8.250729e-04
<VARIANCE> 39
 2.798566e+00 4.904815e+00 1.539042e+01 7.376441e+00 2.010109e+01 4.028866e+01 1.117332e+01 5.295115e+00 4.022190e+00 1.585786e+01 3.173136e+01 2.155952e+00 5.000000e-02 8.647703e-02 1.303098e-01 1.350055e-01 3.148901e-01 9.172504e-02 5.276703e-02 7.899476e-01 1.088471e-01 1.125402e+00 4.288968e-01 9.401505e-01 1.275244e-01 5.000000e-02 5.000000e-02 1.105738e-01 5.000000e-02 1.046495e-01 6.881416e-02 1.317296e-01 6.816159e-02 7.347719e-02 2.258657e-01 1.783796e-01 4.910249e-01 7.324902e-02 5.000000e-02
<GCONST> 4.393436e+01
<STATE> 15
<MEAN> 39
 -1.207567e+01 -1.866985e+01 -5.336963e+00 -1.653753e+01 -1.431647e+01 -4.351342e+00 1.081329e+01 2.438170e-01 -2.200530e+00 -1.207955e+00 -5.989609e+00 -4.491002e+00 9.403496e-01 1.453214e-01 8.016257e-02 -2.624873e-01 2.910658e-01 3.813829e-02 2.831359e-02 -4.333264e-01 -7.284837e-01 7.417476e-01 -2.927568e-01 6.445579e-01 7.526476e-02 -3.364982e-03 1.420421e-01 7.760189e-02 -1.983791e-01 -1.214913e-02 -8.550486e-02 -6.699974e-02 -1.984500e-01 -3.527501e-01 2.318402e-01 1.036210e-01 4.185572e-02 -3.986072e-01 2.111338e-03
<VARIANCE> 39
 3.027265e+00 1.106196e+00 7.638457e+00 4.520590e+00 2.402983e+01 3.142079e+01 1.114196e+01 2.311537e+00 7.023902e+00 1.072973e+01 1.023072e+01 5.648218e+00 5.000000e-02 1.340593e-01 3.470848e-01 1.026704e-01 7.653666e-01 4.644656e-01 2.683805e-01 2.877567e-01 6.136944e-01 7.320379e-01 1.285626e+00 1.524374e+00 3.054831e-01 5.000000e-02 5.000000e-02 5.000000e-02 5.000000e-02 1.325208e-01 5.000000e-02 5.000000e-02 1.323191e-01 6.069743e-02 1.425880e-01 1.564396e-01 1.599644e-01 5.000000e-02 5.000000e-02
<GCONST> 4.498704e+01
<STATE> 16
<MEAN> 39
 -1.109383e+01 -1.743119e+01 -8.284030e+00 -1.356401e+01 -1.477655e+01 -5.595130e+00 1.124315e+01 -2.674431e+00 4.466860e-01 -1.122051e+00 -2.852331e+00 -5.917976e+00 9.221861e-01 4.425299e-01 4.135192e-01 -4.227343e-01 -3.096185e-02 2.097183e-01 2.968281e-02 -4.780465e-01 -1.109312e+00 5.584053e-01 7.056725e-01 -5.009881e-01 -6.442371e-01 3.612962e-03 5.298268e-02 4.660316e-02 -3.578021e-02 -3.189709e-01 9.423047e-02 9.705719e-02 -6.634784e-02 4.528270e-01 -3.867130e-01 2.188137e-01 -5.704751e-01 -2.386011e-01 2.664660e-03
<VARIANCE> 39
 2.716325e+00 2.228925e+00 8.890998e+00 4.667052e+00 3.230289e+01 4.544175e+01 1.184724e+01 1.325000e+01 1.067243e+01 4.664429e+00 2.642048e+00 2.523174e+00 5.000000e-02 5.000000e-02 2.407567e-01 1.487976e-01 6.472824e-01 1.584098e-01 6.273834e-01 1.890133e-01 1.125316e+00 3.364154e-01 6.265492e-01 7.323406e-01 7.247668e-02 5.000000e-02 5.000000e-02 5.000000e-02 5.000000e-02 5.000000e-02 1.124381e-01 5.000000e-02 1.341413e-01 1.938832e-01 5.000000e-02 3.785012e-01 1.869705e-01 5.000000e-02 5.000000e-02
<GCONST> 4.180615e+01
<STATE> 17
<MEAN> 39
 -9.253054e+00 -1.697163e+01 -1.029620e+01 -1.478897e+01 -1.061943e+01 -8.054861e+00 1.345570e+01 1.699644e-01 -2.789543e+00 8.607427e-01 -4.414287e+00 -8.758975e+00 9.535092e-01 2.347469e-01 1.690662e-01 -1.050828e-02 -7.371351e-01 6.744440e-02 1.920463e-01 1.063048e-01 8.975709e-01 -4.214578e-01 7.106317e-01 -1.150588e+00 -6.067681e-01 7.464638e-03 -1.824762e-01 -8.154933e-02 1.550229e-01 -2.426881e-01 1.843607e-01 6.412930e-03 -2.129132e-02 4.268184e-01 1.685512e-02 -1.122830e-01 2.912696e-02 2.723103e-01 -5.348041e-03
<VARIANCE> 39
 3.943964e+00 4.753854e+00 1.116886e+01 9.534880e+00 2.921488e+01 1.593340e+01 2.315692e+01 4.168230e+01 1.454354e+01 2.449889e+00 6.536031e+00 6.738161e+00 5.000000e-02 2.784204e-01 1.339815e-01 5.304937e-01 4.860270e-01 6.397477e-01 1.971234e-01 1.294304e+00 1.210822e+00 3.501708e-01 8.109836e-01 5.428098e-01 3.721808e-01 5.000000e-02 5.000000e-02 5.000000e-02 6.733122e-02 9.746298e-02 1.382997e-01 1.091541e-01 1.189993e-01 3.424836e-01 1.749781e-01 8.131599e-02 1.968758e-01 8.389478e-02 5.000000e-02
<GCONST> 5.477208e+01
<STATE> 18
<MEAN> 39
 -1.030023e+01 -1.760515e+01 -7.998564e+00 -1.718587e+01 -1.486036e+01 -4.453791e+00 7.977137e+00 -1.907300e+00 -4.106153e-01 2.161572e+00 -8.313457e+00 -7.671897e+00 9.662357e-01 -7.865956e-02 2.002703e-01 -4.133992e-01 -7.571347e-01 5.177163e-01 4.236576e-01 -4.404752e-01 9.780101e-01 2.681938e-01 -8.772428e-02 -6.738186e-01 -2.837415e-01 -4.710555e-03 -1.264444e-01 1.234542e-01 4.787103e-02 2.145144e-01 -4.652844e-02 1.208465e-01 1.529826e-01 2.282582e-01 4.635195e-02 -3.777410e-01 3.246334e-01 1.071047e-01 -8.130477e-03
<VARIANCE> 39
 2.446051e+00 6.812550e+00 1.106221e+01 2.824809e+01 1.593687e+01 2.911493e+01 2.849882e+01 2.904441e+01 1.002664e+01 8.153983e+00 8.619732e+00 7.978610e+00 5.000000e-02 4.367865e-01 1.319396e-01 4.926292e-01 8.575116e-01 6.485635e-01 5.062260e-01 3.684340e-01 5.665585e-01 7.491912e-01 5.938793e-01 1.083174e+00 7.779603e-01 5.000000e-02 5.000000e-02 5.000000e-02 7.491938e-02 1.609847e-01 5.000000e-02 9.922910e-02 1.715791e-01 5.704038e-01 6.168957e-02 1.131040e-01 1.092749e-01 9.227350e-02 5.000000e-02
<GCONST> 5.776264e+01
<STATE> 19
<MEAN> 39
 -1.058823e+01 -1.547213e+01 -8.554124e+00 -1.758542e+01 -1.025324e+01 -2.934151e+00 9.812224e+00 2.497419e+00 -3.830233e-01 -3.609439e-02 -7.046675e+00 -8.357368e+00 9.034542e-01 5.178120e-02 3.676240e-01 4.264311e-01 -2.982902e-01 3.042974e-01 2.669106e-01 -3.001031e-01 4.802826e-01 6.313479e-02 -1.776365e-01 1.316435e-01 1.984510e-01 -3.091431e-02 2.414154e-01 -1.142680e-01 3.348247e-01 5.266528e-01 -5.408881e-01 -2.089670e-02 -2.635586e-02 -4.977449e-01 -3.798272e-03 1.358982e-01 2.730685e-01 1.426967e-01 -1.138165e-02
<VARIANCE> 39
 4.872016e+00 7.065190e+00 6.837875e+00 8.276230e+00 2.832236e+01 3.212170e+01 4.410292e+01 1.245321e+01 9.793775e+00 7.217032e+00 5.996755e+00 6.093806e+00 5.000000e-02 6.242242e-01 1.068010e-01 1.254614e+00 8.568534e-01 5.663392e-01 7.256867e-01 9.278038e-01 4.123693e+00 7.944117e-01 7.312753e-01 2.698749e-01 1.517421e+00 5.000000e-02 5.185886e-01 1.361859e-01 5.000000e-02 1.559538e-01 1.552324e-01 9.378809e-02 2.855163e-01 2.668744e-01 7.429315e-02 1.705741e-01 1.533570e-01 1.061607e-01 5.000000e-02
<GCONST> 6.482954e+01
<STATE> 20
<MEAN> 39
 -9.945011e+00 -1.696412e+01 -7.636982e+00 -1.866747e+01 -1.168492e+01 -6.357861e+00 9.921505e+00 1.251617e+00 -1.020791e+00 9.290019e-01 -6.710866e+00 -6.974072e+00 8.470072e-01 6.730800e-01 7.016518e-02 9.475652e-01 1.260507e+00 -7.616097e-01 7.508217e-01 -4.802481e-01 -2.536521e-01 6.892385e-02 1.305167e-01 3.929228e-01 1.922655e-01 -4.964536e-02 2.769312e-01 -2.263055e-02 3.090583e-01 5.284764e-01 -3.853360e-01 4.030044e-01 1.059651e-01 9.255090e-02 2.021565e-01 1.347235e-01 1.654729e-01 -3.083991e-02 -9.394929e-03
<VARIANCE> 39
 1.457990e+01 5.975280e+00 1.914259e+01 1.773682e+01 3.197934e+01 3.294218e+01 1.058912e+01 1.271358e+01 1.011174e+01 4.375386e+00 1.069469e+01 9.282958e+00 5.000000e-02 3.966924e+00 1.944798e+00 7.108881e-01 1.014974e+00 8.626954e-01 3.931938e-01 1.847312e+00 3.900613e+00 3.850619e-01 6.094350e-01 5.340070e-01 3.820384e-01 5.000000e-02 4.025351e-01 1.286045e-01 3.090959e-01 1.280627e-01 1.839426e-01 1.966710e-01 1.894385e-01 4.095945e-01 3.740947e-01 1.314976e-01 9.639799e-02 2.596290e-01 5.000000e-02
<GCONST> 7.404040e+01
<STATE> 21
<MEAN> 39
 -7.323761e+00 -1.664956e+01 -5.754370e+00 -1.342191e+01 -1.458909e+01 -1.746403e+00 8.039999e+00 1.955738e-01 -5.085248e-01 9.073958e-01 -6.366434e+00 -7.439361e+00 7.645542e-01 1.027218e+00 1.152399e-01 1.320014e+00 1.292410e+00 -1.115936e+00 1.279395e+00 -9.266174e-02 6.848261e-01 6.152661e-01 3.390247e-01 2.195963e-01 8.253633e-02 -5.289271e-02 6.481345e-02 -2.349773e-01 1.661315e-01 -2.328124e-01 2.259614e-02 -1.406555e-01 2.537776e-01 1.602308e-01 2.812869e-01 -5.046699e-02 -6.836002e-02 2.385637e-01 -3.138528e-03
<VARIANCE> 39
 2.942688e+01 1.591877e+01 1.593872e+01 9.207821e+00 1.098953e+01 1.639139e+01 7.894516e+00 9.165689e+00 6.871466e+00 4.239661e+00 2.534180e+01 9.171222e+00 5.000000e-02 3.141364e+00 1.036455e+00 7.011120e-01 1.197637e+00 1.524855e+00 1.116540e+00 1.016768e+00 1.069010e+00 1.683058e+00 1.979965e+00 1.088750e+00 5.885144e-01 5.000000e-02 6.304246e-01 4.208911e-01 3.458562e-01 1.337854e-01 1.843823e-01 1.970078e-01 1.687428e-01 4.576299e-01 8.830139e-02 3.234774e-01 1.530043e-01 2.250219e-01 5.000000e-02
<GCONST> 7.730294e+01
<STATE> 22
<MEAN> 39
 -9.415517e+00 -1.426508e+01 -4.317397e+00 -1.474407e+01 -1.539166e+01 1.150583e-01 8.730981e+00 3.848144e+00 1.919908e+00 3.735168e+00 -6.383711e+00 -6.838867e+00 7.003022e-01 1.001985e+00 -7.143739e-01 1.633162e+00 4.159324e-01 -1.072396e+00 7.828605e-01 6.977519e-01 3.670758e-01 1.090669e+00 -2.654183e-02 2.845872e-01 1.139888e+00 -6.884300e-02 6.559920e-01 -5.740632e-01 -1.065056e-01 -1.594707e-02 7.738933e-02 -2.401889e-01 2.688021e-01 -5.081918e-01 -2.159949e-01 -5.647527e-01 2.300166e-01 1.195366e-01 -1.585647e-03
<VARIANCE> 39
 2.454156e+01 9.622723e+00 1.205497e+01 1.645445e+01 2.185512e+01 1.588086e+01 3.490213e+01 1.236393e+01 9.684925e+00 1.895320e+01 2.601600e+01 6.111346e+00 5.000000e-02 2.513238e+00 1.216365e+00 8.850728e-01 1.461519e-01 2.371653e+00 2.096864e+00 1.062384e+00 8.005868e-01 1.948350e+00 9.898299e-01 5.120640e-01 1.309992e+00 5.000000e-02 5.532265e-01 2.652726e-01 1.549379e-01 2.062454e-01 3.726203e-01 2.008805e-01 6.875084e-01 1.845183e-01 3.574359e-01 2.134761e-01 2.953959e-01 7.351040e-02 5.000000e-02
<GCONST> 7.999259e+01
<STATE> 23
<MEAN> 39
 -4.854203e+00 -1.857760e+01 1.163048e-01 -1.261459e+01 -1.726376e+01 -3.496225e-01 9.690886e+00 2.452408e+00 2.864298e+00 -9.398668e-01 -7.349661e+00 -5.702497e+00 5.807838e-01 2.500176e+00 -1.476166e+00 7.745054e-01 9.352341e-01 -4.189051e-01 1.844357e-01 9.686102e-01 -4.522649e-01 4.738960e-01 -1.181043e+00 1.190762e+00 7.176802e-01 -5.494386e-02 9.733536e-03 1.407393e-02 -5.717533e-01 -1.344005e-01 3.601878e-01 -2.475600e-01 -3.290716e-01 -8.031341e-01 -3.996416e-01 8.160601e-03 2.154166e-01 -1.567244e-01 8.560287e-03
<VARIANCE> 39
 2.445565e+01 1.529002e+01 9.568236e+00 1.185333e+01 2.676760e+01 7.897154e+00 2.120534e+01 5.753609e+00 1.097990e+01 1.753710e+01 1.366039e+01 1.168984e+01 5.000000e-02 1.487545e+00 2.378108e+00 1.564497e+00 8.074272e-01 2.759469e+00 1.800302e+00 3.110018e+00 1.083876e+00 4.553102e-01 7.427467e-01 1.936446e+00 6.393276e-01 5.000000e-02 4.998466e-01 3.730419e-01 1.737537e-01 1.242583e-01 9.285566e-01 3.094254e-01 4.292009e-01 1.448120e-01 2.749173e-01 4.095387e-01 7.352740e-02 3.413645e-01 5.000000e-02
<GCONST> 8.187184e+01
<STATE> 24
<MEAN> 39
 -2.336544e-01 -2.134934e+01 -4.227270e-01 -1.181765e+01 -1.843338e+01 1.229873e+00 1.237806e+01 1.003177e+00 2.283987e+00 -6.376573e-01 -2.891093e+00 -3.517244e+00 5.038095e-01 1.691619e+00 -1.051113e+00 1.483774e-01 4.166674e-01 5.420247e-02 -5.333462e-01 -5.653557e-01 -2.613946e+00 -9.334580e-01 -7.976493e-01 9.360613e-01 -8.557556e-02 -3.883810e-02 -6.889565e-01 7.633027e-01 -4.975579e-01 6.012032e-03 6.815550e-01 -3.409659e-01 -3.871444e-01 -1.837209e-01 -2.440713e-01 3.614590e-01 -1.947192e-01 -2.928497e-01 7.949911e-03
<VARIANCE> 39
 1.996890e+00 3.023035e+00 6.813544e+00 3.603669e+00 1.370116e+01 1.462162e+01 7.241448e+00 1.003064e+01 4.585715e+00 6.724861e+00 4.388297e+00 6.960148e+00 5.000000e-02 9.242413e-01 2.638878e+00 1.915205e+00 1.654582e+00 4.741460e+00 1.020666e+00 4.685297e+00 9.639422e-01 5.067087e-01 1.213928e+00 7.361876e-01 5.997409e-01 5.000000e-02 7.058227e-02 3.608204e-01 9.577623e-02 1.860087e-01 4.825261e-01 4.324324e-01 4.806745e-01 2.084248e-01 9.539018e-02 2.566666e-01 1.521281e-01 7.434542e-02 5.000000e-02
<GCONST> 6.819036e+01
<STATE> 25
<MEAN> 39
 6.881468e-01 -2.074326e+01 -4.767175e+00 -1.087850e+01 -1.599428e+01 -2.988699e+00 9.628176e+00 -2.217099e+00 7.766867e-01 -2.409523e+00 -1.759421e+00 -4.835742e+00 4.349196e-01 -1.682142e-01 6.915835e-01 -7.718986e-01 5.932941e-01 1.277616e+00 -4.092403e-01 -1.173733e-01 -5.856000e-01 -1.925096e-01 1.424866e-01 4.104986e-01 1.710121e-01 -3.551463e-02 -3.764598e-01 4.890925e-01 1.299338e-01 7.075457e-02 3.676268e-01 2.881261e-01 1.009761e-01 4.486275e-01 2.748533e-01 4.426520e-01 -9.151822e-02 -3.893042e-02 -1.039276e-03
<VARIANCE> 39
 3.481726e+00 8.789222e+00 1.580094e+01 8.370564e+00 1.334927e+01 7.272790e+00 1.658741e+01 1.427161e+01 2.023900e+00 4.742846e+00 2.371200e+00 5.714180e+00 5.000000e-02 5.102885e-01 1.063208e+00 1.153859e+00 2.430557e+00 1.268081e+00 1.118031e+00 4.929902e-01 1.581230e+00 4.166316e-01 1.112606e+00 4.456620e-01 2.305482e-01 5.000000e-02 6.623400e-02 2.091711e-01 3.110537e-01 1.741810e-01 3.808038e-01 8.290830e-02 5.247077e-01 2.310907e-01 5.000000e-02 1.876751e-01 1.170248e-01 7.203800e-02 5.000000e-02
<GCONST> 6.117713e+01
<STATE> 26
<MEAN> 39
 4.734326e-01 -1.707501e+01 -1.240498e+00 -8.534429e+00 -1.167697e+01 -1.281235e+00 7.861346e+00 -5.228345e+00 8.427753e-01 -1.410615e+00 -2.603684e+00 -4.484710e+00 3.892813e-01 -5.455153e-03 1.375757e+00 2.319961e-01 8.145950e-01 1.197191e+00 3.960690e-01 -4.230506e-01 -1.105703e-01 3.007462e-01 6.606797e-01 -1.443476e-02 -3.655349e-01 -2.641751e-02 -1.605324e-01 -9.865172e-02 -6.030096e-02 -6.278463e-02 -2.732664e-01 5.883519e-02 2.866004e-01 6.286640e-01 -2.911348e-02 -8.908872e-02 -1.335250e-02 -3.892621e-02 3.817532e-03
<VARIANCE> 39
 2.364674e+00 9.442909e+00 2.332895e+01 2.228122e+01 1.250309e+01 1.268678e+01 8.881264e+00 2.046686e+01 5.248502e+00 1.026084e+01 1.013432e+01 5.845417e+00 5.000000e-02 5.014948e-01 6.318755e-01 1.593206e+00 1.056854e+00 1.224469e+00 2.399864e-01 1.046804e+00 1.719691e+00 1.759916e-01 1.617994e+00 3.713008e-01 4.872215e-01 5.000000e-02 6.764675e-02 1.687260e-01 3.481671e-01 5.234138e-01 3.077658e-01 1.540442e-01 1.351089e-01 2.235861e-01 1.089769e-01 3.133682e-01 2.024832e-01 1.462798e-01 5.000000e-02
<GCONST> 6.653534e+01
<STATE> 27
<MEAN> 39
 -4.544280e-01 -1.644162e+01 -2.947994e+00 -8.314223e+00 -1.139780e+01 4.404987e-01 1.010759e+01 -1.911187e+00 2.184609e+00 2.082040e+00 -1.505035e+00 -6.086409e+00 3.211518e-01 -4.801716e-01 2.359786e-01 -8.730580e-01 2.431870e-01 4.311002e-01 1.908523e-01 1.184960e+00 1.108090e+00 -1.143014e-01 -4.298141e-01 3.199967e-01 4.395560e-01 -2.401419e-02 -9.390216e-04 -1.299132e-01 -8.280788e-02 -2.010903e-01 -2.114790e-01 -3.206676e-01 9.615000e-02 4.567035e-02 -1.386449e-01 -5.439418e-01 -2.178279e-02 3.218760e-01 3.407540e-03
<VARIANCE> 39
 1.103140e+01 1.813244e+01 1.128111e+01 1.208488e+01 3.761660e+01 1.463507e+01 1.224140e+01 2.594812e+01 6.172220e+00 1.609079e+01 5.089202e+00 3.945779e+00 5.000000e-02 2.098268e-01 9.243824e-02 1.579592e+00 1.452481e+00 1.060694e+00 1.024858e+00 1.187020e+00 7.058060e-01 5.813346e-01 2.036582e+00 7.613319e-01 1.363349e+00 5.000000e-02 9.519840e-02 1.538532e-01 3.382823e-01 2.461425e-01 4.235191e-01 7.303546e-02 1.717205e-01 3.626343e-01 1.632283e-01 2.952438e-01 6.387103e-02 5.000000e-02 5.000000e-02
<GCONST> 6.783310e+01
<STATE> 28
<MEAN> 39
 -1.433155e+00 -1.727758e+01 -4.414453e+00 -8.088727e+00 -1.257130e+01 -1.582724e+00 1.217053e+01 1.620293e-02 1.457549e+00 -2.433039e+00 -1.563587e+00 -3.275546e+00 2.930467e-01 2.968260e-02 7.225082e-01 -1.951878e-02 3.200911e-01 7.784953e-01 -7.061385e-01 2.128952e-01 1.049708e-01 -5.290094e-01 -7.690367e-01 3.766816e-01 1.864088e-01 -1.504399e-02 4.256532e-02 1.734779e-01 3.578289e-01 -3.009425e-03 3.230316e-01 -1.032507e-01 -3.843847e-01 -1.775876e-01 -5.584325e-02 1.510314e-01 2.580583e-02 -1.704964e-01 -6.865347e-05
<VARIANCE> 39
 2.813924e+00 5.976105e+00 1.043431e+01 7.114217e+00 2.949196e+01 6.785851e+00 1.349377e+01 9.187718e+00 1.134864e+01 1.793393e+01 4.150732e+00 1.312292e+01 5.000000e-02 4.615641e-01 5.212685e-01 1.008194e+00 1.412307e+00 2.516284e+00 8.049117e-01 1.108585e+00 1.531028e+00 1.256212e+00 1.695141e+00 8.690162e-01 3.576803e-01 5.000000e-02 5.000000e-02 8.672202e-02 1.373577e-01 1.289614e-01 3.138340e-01 9.589975e-02 1.759477e-01 5.000000e-02 1.170990e-01 4.202760e-01 1.231174e-01 2.504443e-01 5.000000e-02
<GCONST> 6.480138e+01
<STATE> 29
<MEAN> 39
 -1.348921e+00 -1.347305e+01 -2.635814e+00 -6.788519e+00 -7.131982e+00 -3.160778e-01 1.163079e+01 -2.418510e+00 -6.783468e-01 -2.227307e+00 -2.075498e-01 -4.735324e+00 2.324591e-01 -4.922529e-02 9.720842e-01 3.134121e-01 4.931604e-01 1.286201e+00 -5.046492e-01 -4.990599e-01 1.992576e-01 -8.681984e-02 2.735387e-01 4.472906e-01 1.739779e-01 -1.350408e-02 -1.276747e-02 -4.635277e-02 1.594922e-01 1.213393e-01 -5.624638e-02 1.881854e-02 -3.049157e-01 1.273828e-01 3.310927e-01 3.729466e-02 -2.321536e-01 1.091434e-01 1.741123e-03
<VARIANCE> 39
 6.782654e+00 6.490801e+00 1.413285e+01 3.398026e+00 1.336137e+01 1.657208e+00 1.156854e+01 2.724518e+01 5.068893e+00 1.755985e+01 4.791629e+00 2.979998e+00 5.000000e-02 1.168352e-01 6.239524e-01 5.886797e-01 6.153773e-01 1.204391e+00 3.748762e-01 8.499925e-01 7.076216e-01 3.295138e-01 1.512333e+00 6.379076e-01 7.858070e-01 5.000000e-02 5.000000e-02 5.000000e-02 1.611366e-01 1.782960e-01 1.993028e-01 9.997107e-02 1.565403e-01 1.507135e-01 2.028169e-01 3.849642e-01 2.802792e-01 1.326336e-01 5.000000e-02
<GCONST> 5.697385e+01
<STATE> 30
<MEAN> 39
 -5.780732e-01 -1.241097e+01 -2.851790e+00 -7.541934e+00 -8.956205e+00 -6.218450e+00 7.797624e+00 1.133392e-01 1.827455e+00 -6.954032e-01 4.972866e-01 -2.570049e+00 2.603478e-01 -3.335217e-01 3.738522e-01 1.053436e+00 7.839706e-01 4.578535e-01 -6.452914e-01 -1.262693e+00 4.884012e-01 8.704914e-01 -4.269808e-01 -5.948476e-01 4.766855e-01 -2.345807e-02 -1.054435e-01 -1.792310e-01 1.502802e-01 2.940084e-01 3.435287e-02 3.314606e-01 4.913246e-02 -1.899176e-01 2.775547e-02 -7.699640e-02 -3.507654e-01 -2.241947e-01 -3.856724e-03
<VARIANCE> 39
 1.659090e+00 9.176207e+00 1.068509e+01 1.366992e+01 1.421542e+01 9.926439e+00 2.556428e+01 1.664803e+01 2.732047e+00 1.219854e+01 1.456705e+00 2.840552e+00 5.000000e-02 7.121037e-01 3.604133e-01 9.577938e-01 1.030627e+00 9.353209e-02 8.915619e-01 1.273317e+00 2.241399e+00 4.719166e-01 1.989292e+00 6.805577e-01 9.094833e-01 5.000000e-02 5.000000e-02 1.019006e-01 1.460131e-01 2.586132e-01 4.563900e-01 8.091303e-02 1.872014e-01 5.000000e-02 6.819849e-02 2.495540e-01 5.000000e-02 6.669511e-02 5.000000e-02
<GCONST> 5.667228e+01
<STATE> 31
<MEAN> 39
 -1.968738e+00 -1.295379e+01 -8.305500e-02 -4.194801e+00 -6.034338e+00 -1.552468e+00 8.108679e+00 1.108829e-01 3.045233e+00 -2.519572e+00 -2.924047e+00 -4.998560e+00 2.207129e-01 -6.011286e-01 5.757179e-01 5.406898e-01 7.300414e-01 6.066701e-01 2.070626e-01 -6.391340e-01 9.397906e-02 3.295303e-01 -1.262124e-01 -7.401087e-01 -2.855083e-01 -3.002203e-02 -1.530421e-01 5.678890e-02 -1.081886e-01 -1.296965e-01 -1.735884e-01 1.650215e-02 1.989051e-01 -4.657452e-01 -4.871667e-01 7.234727e-02 3.526410e-01 2.298570e-01 -3.550771e-03
<VARIANCE> 39
 5.790503e+00 4.297864e+00 8.422341e+00 8.848898e+00 2.185863e+01 8.675151e+00 7.297742e+00 3.753157e+00 5.129726e+00 5.082840e+00 9.087609e+00 1.032842e+01 5.000000e-02 7.750480e-01 9.816986e-01 3.495257e-01 1.135571e+00 1.423582e+00 3.887912e-01 9.004326e-01 9.801337e-01 1.171453e+00 7.670596e-01 2.042442e-01 9.155838e-01 5.000000e-02 8.130767e-02 1.032488e-01 2.376313e-01 2.375496e-01 3.429343e-01 1.861972e-01 1.946991e-01 3.294347e-01 1.131984e-01 3.643947e-01 2.511991e-01 3.814968e-01 5.000000e-02
<GCONST> 6.419039e+01
<STATE> 32
<MEAN> 39
 -1.753945e+00 -1.033807e+01 -3.008693e-01 -4.160936e+00 -4.499634e+00 -2.729309e+00 7.575644e+00 -1.555248e+00 8.048115e-01 -6.677179e-01 -1.523761e+00 -3.399155e+00 1.839826e-01 -6.396506e-01 4.800483e-01 -1.303523e-01 3.821824e-01 7.394184e-01 1.818751e-01 3.302834e-01 -5.926539e-02 -4.295978e-01 2.286642e-01 9.769006e-02 1.641652e-01 -2.972804e-02 -2.054517e-01 -1.636114e-01 -3.038556e-01 -3.455181e-01 -8.229207e-02 1.146191e-01 2.668444e-01 1.553737e-01 7.465614e-02 5.315716e-02 4.023398e-01 1.717196e-01 -2.182699e-03
<VARIANCE> 39
 6.001880e+00 6.230389e+00 3.264255e+00 2.905551e+00 3.108718e+00 1.644139e+01 6.768893e+00 2.924883e+01 1.073778e+01 8.246743e+00 2.287555e+00 6.233587e+00 5.000000e-02 1.783320e-01 7.031094e-01 1.095063e+00 9.533299e-01 3.202762e+00 1.208692e+00 5.347922e-01 1.030013e+00 4.458763e-01 6.892177e-01 8.563889e-01 1.926150e+00 5.000000e-02 1.330189e-01 9.430076e-02 1.817482e-01 7.587155e-02 8.418135e-02 1.752470e-01 9.398710e-02 5.016462e-01 2.389402e-01 3.670250e-01 5.000000e-02 3.332176e-01 5.000000e-02
<GCONST> 6.050714e+01
<STATE> 33
<MEAN> 39
 -4.106118e+00 -1.070522e+01 -7.895595e-01 -3.294676e+00 -5.111256e+00 -3.495713e+00 7.524776e+00 8.481783e-02 1.008633e+00 -2.790550e+00 -1.011060e+00 -1.852185e+00 1.003203e-01 -9.225570e-01 2.114909e-01 1.664561e-01 -7.907363e-02 3.097292e-01 7.923511e-02 -2.833683e-01 -2.587508e-01 3.224872e-02 -2.947934e-02 8.349596e-01 8.210030e-01 -2.490853e-02 1.307960e-01 -8.171253e-02 6.265561e-02 -1.584634e-01 -6.070450e-02 -7.987219e-03 -1.435725e-01 -9.589664e-03 2.199670e-01 1.812192e-01 6.635457e-02 -1.826136e-01 8.589028e-03
<VARIANCE> 39
 2.973987e+00 4.509089e+00 8.919716e+00 2.644339e+00 9.457205e+00 5.407176e+00 8.401256e+00 1.662397e+01 1.025676e+01 4.219499e+00 5.994100e+00 8.238683e+00 5.000000e-02 3.565980e-01 2.740124e-01 9.993777e-01 6.583058e-01 1.012417e+00 8.545288e-01 6.721150e-01 2.635528e+00 1.623599e+00 1.543851e+00 7.832983e-01 1.575915e+00 5.000000e-02 5.000000e-02 6.977375e-02 7.336382e-02 8.556768e-02 4.233669e-01 1.619235e-01 6.885491e-02 2.483567e-01 2.665739e-01 1.485530e-01 2.224436e-01 2.356254e-01 5.000000e-02
<GCONST> 6.014437e+01
<STATE> 34
<MEAN> 39
 -6.286760e+00 -1.061135e+01 6.626195e-01 -3.786182e+00 -2.364956e+00 -9.870472e-01 8.584193e+00 -1.167845e+00 2.695816e+00 9.515160e-02 2.793861e+00 -1.129122e+00 7.479613e-02 -2.620820e-01 1.709346e-01 2.174368e-01 -2.951666e-01 5.481080e-01 3.519624e-01 -3.691729e-01 6.097737e-02 6.659031e-01 7.668231e-01 5.455025e-01 -5.851121e-02 -2.731726e-03 3.811891e-01 -7.551109e-02 -1.566989e-01 8.335356e-02 1.097405e-01 -1.021237e-02 -1.706701e-01 3.876903e-03 4.545290e-02 -1.609033e-01 -3.281018e-01 -3.774479e-01 8.390493e-03
<VARIANCE> 39
 7.618154e-01 4.594217e-01 7.482695e+00 6.544643e+00 4.862016e+00 4.597493e+00 5.784383e+00 3.514548e+01 1.058512e+01 1.785759e+01 7.053913e+00 4.940269e+00 5.000000e-02 1.615408e-01 1.126997e-01 2.481276e-01 3.955804e-01 6.310039e-01 1.281617e+00 1.136934e+00 1.744048e+00 1.593587e+00 1.037223e+00 1.667464e+00 9.816230e-01 5.000000e-02 5.000000e-02 5.000000e-02 1.529610e-01 8.352130e-02 1.827370e-01 6.812999e-02 5.793585e-02 4.107086e-01 3.331015e-01 2.571536e-01 5.000000e-02 2.579600e-01 5.000000e-02
<GCONST> 5.260210e+01
<TRANSP> 35
 0.000000e+00 1.000000e+00 0.000000e+00 0.000000e+00 0.000000e+00 0.000000e+00 0.000000e+00 0.000000e+00 0.000000e+00 0.000000e+00 0.000000e+00 0.000000e+00 0.000000e+00 0.000000e+00 0.000000e+00 0.000000e+00 0.000000e+00 0.000000e+00 0.000000e+00 0.000000e+00 0.000000e+00 0.000000e+00 0.000000e+00 0.000000e+00 0.000000e+00 0.000000e+00 0.000000e+00 0.000000e+00 0.000000e+00 0.000000e+00 0.000000e+00 0.000000e+00 0.000000e+00 0.000000e+00 0.000000e+00
 0.000000e+00 3.744918e-01 6.255082e-01 0.000000e+00 0.000000e+00 0.000000e+00 0.000000e+00 0.000000e+00 0.000000e+00 0.000000e+00 0.000000e+00 0.000000e+00 0.000000e+00 0.000000e+00 0.000000e+00 0.000000e+00 0.000000e+00 0.000000e+00 0.000000e+00 0.000000e+00 0.000000e+00 0.000000e+00 0.000000e+00 0.000000e+00 0.000000e+00 0.000000e+00 0.000000e+00 0.000000e+00 0.000000e+00 0.000000e+00 0.000000e+00 0.000000e+00 0.000000e+00 0.000000e+00 0.000000e+00
 0.000000e+00 0.000000e+00 5.000003e-01 4.999997e-01 0.000000e+00 0.000000e+00 0.000000e+00 0.000000e+00 0.000000e+00 0.000000e+00 0.000000e+00 0.000000e+00 0.000000e+00 0.000000e+00 0.000000e+00 0.000000e+00 0.000000e+00 0.000000e+00 0.000000e+00 0.000000e+00 0.000000e+00 0.000000e+00 0.000000e+00 0.000000e+00 0.000000e+00 0.000000e+00 0.000000e+00 0.000000e+00 0.000000e+00 0.000000e+00 0.000000e+00 0.000000e+00 0.000000e+00 0.000000e+00 0.000000e+00
 0.000000e+00 0.000000e+00 0.000000e+00 1.670106e-01 8.329894e-01 0.000000e+00 0.000000e+00 0.000000e+00 0.000000e+00 0.000000e+00 0.000000e+00 0.000000e+00 0.000000e+00 0.000000e+00 0.000000e+00 0.000000e+00 0.000000e+00 0.000000e+00 0.000000e+00 0.000000e+00 0.000000e+00 0.000000e+00 0.000000e+00 0.000000e+00 0.000000e+00 0.000000e+00 0.000000e+00 0.000000e+00 0.000000e+00 0.000000e+00 0.000000e+00 0.000000e+00 0.000000e+00 0.000000e+00 0.000000e+00
 0.000000e+00 0.000000e+00 0.000000e+00 0.000000e+00 3.748064e-01 6.251936e-01 0.000000e+00 0.000000e+00 0.000000e+00 0.000000e+00 0.000000e+00 0.000000e+00 0.000000e+00 0.000000e+00 0.000000e+00 0.000000e+00 0.000000e+00 0.000000e+00 0.000000e+00 0.000000e+00 0.000000e+00 0.000000e+00 0.000000e+00 0.000000e+00 0.000000e+00 0.000000e+00 0.000000e+00 0.000000e+00 0.000000e+00 0.000000e+00 0.000000e+00 0.000000e+00 0.000000e+00 0.000000e+00 0.000000e+00
 0.000000e+00 0.000000e+00 0.000000e+00 0.000000e+00 0.000000e+00 3.750000e-01 6.250000e-01 0.000000e+00 0.000000e+00 0.000000e+00 0.000000e+00 0.000000e+00 0.000000e+00 0.000000e+00 0.000000e+00 0.000000e+00 0.000000e+00 0.000000e+00 0.000000e+00 0.000000e+00 0.000000e+00 0.000000e+00 0.000000e+00 0.000000e+00 0.000000e+00 0.000000e+00 0.000000e+00 0.000000e+00 0.000000e+00 0.000000e+00 0.000000e+00 0.000000e+00 0.000000e+00 0.000000e+00 0.000000e+00
 0.000000e+00 0.000000e+00 0.000000e+00 0.000000e+00 0.000000e+00 0.000000e+00 3.744324e-01 6.255676e-01 0.000000e+00 0.000000e+00 0.000000e+00 0.000000e+00 0.000000e+00 0.000000e+00 0.000000e+00 0.000000e+00 0.000000e+00 0.000000e+00 0.000000e+00 0.000000e+00 0.000000e+00 0.000000e+00 0.000000e+00 0.000000e+00 0.000000e+00 0.000000e+00 0.000000e+00 0.000000e+00 0.000000e+00 0.000000e+00 0.000000e+00 0.000000e+00 0.000000e+00 0.000000e+00 0.000000e+00
 0.000000e+00 0.000000e+00 0.000000e+00 0.000000e+00 0.000000e+00 0.000000e+00 0.000000e+00 4.448969e-01 5.551031e-01 0.000000e+00 0.000000e+00 0.000000e+00 0.000000e+00 0.000000e+00 0.000000e+00 0.000000e+00 0.000000e+00 0.000000e+00 0.000000e+00 0.000000e+00 0.000000e+00 0.000000e+00 0.000000e+00 0.000000e+00 0.000000e+00 0.000000e+00 0.000000e+00 0.000000e+00 0.000000e+00 0.000000e+00 0.000000e+00 0.000000e+00 0.000000e+00 0.000000e+00 0.000000e+00
 0.000000e+00 0.000000e+00 0.000000e+00 0.000000e+00 0.000000e+00 0.000000e+00 0.000000e+00 0.000000e+00 5.001734e-01 4.998267e-01 0.000000e+00 0.000000e+00 0.000000e+00 0.000000e+00 0.000000e+00 0.000000e+00 0.000000e+00 0.000000e+00 0.000000e+00 0.000000e+00 0.000000e+00 0.000000e+00 0.000000e+00 0.000000e+00 0.000000e+00 0.000000e+00 0.000000e+00 0.000000e+00 0.000000e+00 0.000000e+00 0.000000e+00 0.000000e+00 0.000000e+00 0.000000e+00 0.000000e+00
 0.000000e+00 0.000000e+00 0.000000e+00 0.000000e+00 0.000000e+00 0.000000e+00 0.000000e+00 0.000000e+00 0.000000e+00 3.664812e-01 6.335189e-01 0.000000e+00 0.000000e+00 0.000000e+00 0.000000e+00 0.000000e+00 0.000000e+00 0.000000e+00 0.000000e+00 0.000000e+00 0.000000e+00 0.000000e+00 0.000000e+00 0.000000e+00 0.000000e+00 0.000000e+00 0.000000e+00 0.000000e+00 0.000000e+00 0.000000e+00 0.000000e+00 0.000000e+00 0.000000e+00 0.000000e+00 0.000000e+00
 0.000000e+00 0.000000e+00 0.000000e+00 0.000000e+00 0.000000e+00 0.000000e+00 0.000000e+00 0.000000e+00 0.000000e+00 0.000000e+00 3.732620e-01 6.267380e-01 0.000000e+00 0.000000e+00 0.000000e+00 0.000000e+00 0.000000e+00 0.000000e+00 0.000000e+00 0.000000e+00 0.000000e+00 0.000000e+00 0.000000e+00 0.000000e+00 0.000000e+00 0.000000e+00 0.000000e+00 0.000000e+00 0.000000e+00 0.000000e+00 0.000000e+00 0.000000e+00 0.000000e+00 0.000000e+00 0.000000e+00
 0.000000e+00 0.000000e+00 0.000000e+00 0.000000e+00 0.000000e+00 0.000000e+00 0.000000e+00 0.000000e+00 0.000000e+00 0.000000e+00 0.000000e+00 4.510736e-01 5.489264e-01 0.000000e+00 0.000000e+00 0.000000e+00 0.000000e+00 0.000000e+00 0.000000e+00 0.000000e+00 0.000000e+00 0.000000e+00 0.000000e+00 0.000000e+00 0.000000e+00 0.000000e+00 0.000000e+00 0.000000e+00 0.000000e+00 0.000000e+00 0.000000e+00 0.000000e+00 0.000000e+00 0.000000e+00 0.000000e+00
 0.000000e+00 0.000000e+00 0.000000e+00 0.000000e+00 0.000000e+00 0.000000e+00 0.000000e+00 0.000000e+00 0.000000e+00 0.000000e+00 0.000000e+00 0.000000e+00 2.935995e-01 7.064005e-01 0.000000e+00 0.000000e+00 0.000000e+00 0.000000e+00 0.000000e+00 0.000000e+00 0.000000e+00 0.000000e+00 0.000000e+00 0.000000e+00 0.000000e+00 0.000000e+00 0.000000e+00 0.000000e+00 0.000000e+00 0.000000e+00 0.000000e+00 0.000000e+00 0.000000e+00 0.000000e+00 0.000000e+00
 0.000000e+00 0.000000e+00 0.000000e+00 0.000000e+00 0.000000e+00 0.000000e+00 0.000000e+00 0.000000e+00 0.000000e+00 0.000000e+00 0.000000e+00 0.000000e+00 0.000000e+00 4.405536e-01 5.594463e-01 0.000000e+00 0.000000e+00 0.000000e+00 0.000000e+00 0.000000e+00 0.000000e+00 0.000000e+00 0.000000e+00 0.000000e+00 0.000000e+00 0.000000e+00 0.000000e+00 0.000000e+00 0.000000e+00 0.000000e+00 0.000000e+00 0.000000e+00 0.000000e+00 0.000000e+00 0.000000e+00
 0.000000e+00 0.000000e+00 0.000000e+00 0.000000e+00 0.000000e+00 0.000000e+00 0.000000e+00 0.000000e+00 0.000000e+00 0.000000e+00 0.000000e+00 0.000000e+00 0.000000e+00 0.000000e+00 4.445321e-01 5.554679e-01 0.000000e+00 0.000000e+00 0.000000e+00 0.000000e+00 0.000000e+00 0.000000e+00 0.000000e+00 0.000000e+00 0.000000e+00 0.000000e+00 0.000000e+00 0.000000e+00 0.000000e+00 0.000000e+00 0.000000e+00 0.000000e+00 0.000000e+00 0.000000e+00 0.000000e+00
 0.000000e+00 0.000000e+00 0.000000e+00 0.000000e+00 0.000000e+00 0.000000e+00 0.000000e+00 0.000000e+00 0.000000e+00 0.000000e+00 0.000000e+00 0.000000e+00 0.000000e+00 0.000000e+00 0.000000e+00 3.750180e-01 6.249820e-01 0.000000e+00 0.000000e+00 0.000000e+00 0.000000e+00 0.000000e+00 0.000000e+00 0.000000e+00 0.000000e+00 0.000000e+00 0.000000e+00 0.000000e+00 0.000000e+00 0.000000e+00 0.000000e+00 0.000000e+00 0.000000e+00 0.000000e+00 0.000000e+00
 0.000000e+00 0.000000e+00 0.000000e+00 0.000000e+00 0.000000e+00 0.000000e+00 0.000000e+00 0.000000e+00 0.000000e+00 0.000000e+00 0.000000e+00 0.000000e+00 0.000000e+00 0.000000e+00 0.000000e+00 0.000000e+00 4.444188e-01 5.555813e-01 0.000000e+00 0.000000e+00 0.000000e+00 0.000000e+00 0.000000e+00 0.000000e+00 0.000000e+00 0.000000e+00 0.000000e+00 0.000000e+00 0.000000e+00 0.000000e+00 0.000000e+00 0.000000e+00 0.000000e+00 0.000000e+00 0.000000e+00
 0.000000e+00 0.000000e+00 0.000000e+00 0.000000e+00 0.000000e+00 0.000000e+00 0.000000e+00 0.000000e+00 0.000000e+00 0.000000e+00 0.000000e+00 0.000000e+00 0.000000e+00 0.000000e+00 0.000000e+00 0.000000e+00 0.000000e+00 3.756756e-01 6.243244e-01 0.000000e+00 0.000000e+00 0.000000e+00 0.000000e+00 0.000000e+00 0.000000e+00 0.000000e+00 0.000000e+00 0.000000e+00 0.000000e+00 0.000000e+00 0.000000e+00 0.000000e+00 0.000000e+00 0.000000e+00 0.000000e+00
 0.000000e+00 0.000000e+00 0.000000e+00 0.000000e+00 0.000000e+00 0.000000e+00 0.000000e+00 0.000000e+00 0.000000e+00 0.000000e+00 0.000000e+00 0.000000e+00 0.000000e+00 0.000000e+00 0.000000e+00 0.000000e+00 0.000000e+00 0.000000e+00 3.750718e-01 6.249282e-01 0.000000e+00 0.000000e+00 0.000000e+00 0.000000e+00 0.000000e+00 0.000000e+00 0.000000e+00 0.000000e+00 0.000000e+00 0.000000e+00 0.000000e+00 0.000000e+00 0.000000e+00 0.000000e+00 0.000000e+00
 0.000000e+00 0.000000e+00 0.000000e+00 0.000000e+00 0.000000e+00 0.000000e+00 0.000000e+00 0.000000e+00 0.000000e+00 0.000000e+00 0.000000e+00 0.000000e+00 0.000000e+00 0.000000e+00 0.000000e+00 0.000000e+00 0.000000e+00 0.000000e+00 0.000000e+00 3.746762e-01 6.253238e-01 0.000000e+00 0.000000e+00 0.000000e+00 0.000000e+00 0.000000e+00 0.000000e+00 0.000000e+00 0.000000e+00 0.000000e+00 0.000000e+00 0.000000e+00 0.000000e+00 0.000000e+00 0.000000e+00
 0.000000e+00 0.000000e+00 0.000000e+00 0.000000e+00 0.000000e+00 0.000000e+00 0.000000e+00 0.000000e+00 0.000000e+00 0.000000e+00 0.000000e+00 0.000000e+00 0.000000e+00 0.000000e+00 0.000000e+00 0.000000e+00 0.000000e+00 0.000000e+00 0.000000e+00 0.000000e+00 3.712988e-01 6.287012e-01 0.000000e+00 0.000000e+00 0.000000e+00 0.000000e+00 0.000000e+00 0.000000e+00 0.000000e+00 0.000000e+00 0.000000e+00 0.000000e+00 0.000000e+00 0.000000e+00 0.000000e+00
 0.000000e+00 0.000000e+00 0.000000e+00 0.000000e+00 0.000000e+00 0.000000e+00 0.000000e+00 0.000000e+00 0.000000e+00 0.000000e+00 0.000000e+00 0.000000e+00 0.000000e+00 0.000000e+00 0.000000e+00 0.000000e+00 0.000000e+00 0.000000e+00 0.000000e+00 0.000000e+00 0.000000e+00 3.782555e-01 6.217446e-01 0.000000e+00 0.000000e+00 0.000000e+00 0.000000e+00 0.000000e+00 0.000000e+00 0.000000e+00 0.000000e+00 0.000000e+00 0.000000e+00 0.000000e+00 0.000000e+00
 0.000000e+00 0.000000e+00 0.000000e+00 0.000000e+00 0.000000e+00 0.000000e+00 0.000000e+00 0.000000e+00 0.000000e+00 0.000000e+00 0.000000e+00 0.000000e+00 0.000000e+00 0.000000e+00 0.000000e+00 0.000000e+00 0.000000e+00 0.000000e+00 0.000000e+00 0.000000e+00 0.000000e+00 0.000000e+00 2.858315e-01 7.141685e-01 0.000000e+00 0.000000e+00 0.000000e+00 0.000000e+00 0.000000e+00 0.000000e+00 0.000000e+00 0.000000e+00 0.000000e+00 0.000000e+00 0.000000e+00
 0.000000e+00 0.000000e+00 0.000000e+00 0.000000e+00 0.000000e+00 0.000000e+00 0.000000e+00 0.000000e+00 0.000000e+00 0.000000e+00 0.000000e+00 0.000000e+00 0.000000e+00 0.000000e+00 0.000000e+00 0.000000e+00 0.000000e+00 0.000000e+00 0.000000e+00 0.000000e+00 0.000000e+00 0.000000e+00 0.000000e+00 3.751313e-01 6.248688e-01 0.000000e+00 0.000000e+00 0.000000e+00 0.000000e+00 0.000000e+00 0.000000e+00 0.000000e+00 0.000000e+00 0.000000e+00 0.000000e+00
 0.000000e+00 0.000000e+00 0.000000e+00 0.000000e+00 0.000000e+00 0.000000e+00 0.000000e+00 0.000000e+00 0.000000e+00 0.000000e+00 0.000000e+00 0.000000e+00 0.000000e+00 0.000000e+00 0.000000e+00 0.000000e+00 0.000000e+00 0.000000e+00 0.000000e+00 0.000000e+00 0.000000e+00 0.000000e+00 0.000000e+00 0.000000e+00 4.442921e-01 5.557079e-01 0.000000e+00 0.000000e+00 0.000000e+00 0.000000e+00 0.000000e+00 0.000000e+00 0.000000e+00 0.000000e+00 0.000000e+00
 0.000000e+00 0.000000e+00 0.000000e+00 0.000000e+00 0.000000e+00 0.000000e+00 0.000000e+00 0.000000e+00 0.000000e+00 0.000000e+00 0.000000e+00 0.000000e+00 0.000000e+00 0.000000e+00 0.000000e+00 0.000000e+00 0.000000e+00 0.000000e+00 0.000000e+00 0.000000e+00 0.000000e+00 0.000000e+00 0.000000e+00 0.000000e+00 0.000000e+00 5.454449e-01 4.545551e-01 0.000000e+00 0.000000e+00 0.000000e+00 0.000000e+00 0.000000e+00 0.000000e+00 0.000000e+00 0.000000e+00
 0.000000e+00 0.000000e+00 0.000000e+00 0.000000e+00 0.000000e+00 0.000000e+00 0.000000e+00 0.000000e+00 0.000000e+00 0.000000e+00 0.000000e+00 0.000000e+00 0.000000e+00 0.000000e+00 0.000000e+00 0.000000e+00 0.000000e+00 0.000000e+00 0.000000e+00 0.000000e+00 0.000000e+00 0.000000e+00 0.000000e+00 0.000000e+00 0.000000e+00 0.000000e+00 3.749293e-01 6.250706e-01 0.000000e+00 0.000000e+00 0.000000e+00 0.000000e+00 0.000000e+00 0.000000e+00 0.000000e+00
 0.000000e+00 0.000000e+00 0.000000e+00 0.000000e+00 0.000000e+00 0.000000e+00 0.000000e+00 0.000000e+00 0.000000e+00 0.000000e+00 0.000000e+00 0.000000e+00 0.000000e+00 0.000000e+00 0.000000e+00 0.000000e+00 0.000000e+00 0.000000e+00 0.000000e+00 0.000000e+00 0.000000e+00 0.000000e+00 0.000000e+00 0.000000e+00 0.000000e+00 0.000000e+00 0.000000e+00 3.754030e-01 6.245971e-01 0.000000e+00 0.000000e+00 0.000000e+00 0.000000e+00 0.000000e+00 0.000000e+00
 0.000000e+00 0.000000e+00 0.000000e+00 0.000000e+00 0.000000e+00 0.000000e+00 0.000000e+00 0.000000e+00 0.000000e+00 0.000000e+00 0.000000e+00 0.000000e+00 0.000000e+00 0.000000e+00 0.000000e+00 0.000000e+00 0.000000e+00 0.000000e+00 0.000000e+00 0.000000e+00 0.000000e+00 0.000000e+00 0.000000e+00 0.000000e+00 0.000000e+00 0.000000e+00 0.000000e+00 0.000000e+00 5.452952e-01 4.547048e-01 0.000000e+00 0.000000e+00 0.000000e+00 0.000000e+00 0.000000e+00
 0.000000e+00 0.000000e+00 0.000000e+00 0.000000e+00 0.000000e+00 0.000000e+00 0.000000e+00 0.000000e+00 0.000000e+00 0.000000e+00 0.000000e+00 0.000000e+00 0.000000e+00 0.000000e+00 0.000000e+00 0.000000e+00 0.000000e+00 0.000000e+00 0.000000e+00 0.000000e+00 0.000000e+00 0.000000e+00 0.000000e+00 0.000000e+00 0.000000e+00 0.000000e+00 0.000000e+00 0.000000e+00 0.000000e+00 2.857129e-01 7.142871e-01 0.000000e+00 0.000000e+00 0.000000e+00 0.000000e+00
 0.000000e+00 0.000000e+00 0.000000e+00 0.000000e+00 0.000000e+00 0.000000e+00 0.000000e+00 0.000000e+00 0.000000e+00 0.000000e+00 0.000000e+00 0.000000e+00 0.000000e+00 0.000000e+00 0.000000e+00 0.000000e+00 0.000000e+00 0.000000e+00 0.000000e+00 0.000000e+00 0.000000e+00 0.000000e+00 0.000000e+00 0.000000e+00 0.000000e+00 0.000000e+00 0.000000e+00 0.000000e+00 0.000000e+00 0.000000e+00 2.857053e-01 7.142947e-01 0.000000e+00 0.000000e+00 0.000000e+00
 0.000000e+00 0.000000e+00 0.000000e+00 0.000000e+00 0.000000e+00 0.000000e+00 0.000000e+00 0.000000e+00 0.000000e+00 0.000000e+00 0.000000e+00 0.000000e+00 0.000000e+00 0.000000e+00 0.000000e+00 0.000000e+00 0.000000e+00 0.000000e+00 0.000000e+00 0.000000e+00 0.000000e+00 0.000000e+00 0.000000e+00 0.000000e+00 0.000000e+00 0.000000e+00 0.000000e+00 0.000000e+00 0.000000e+00 0.000000e+00 0.000000e+00 2.931660e-01 7.068340e-01 0.000000e+00 0.000000e+00
 0.000000e+00 0.000000e+00 0.000000e+00 0.000000e+00 0.000000e+00 0.000000e+00 0.000000e+00 0.000000e+00 0.000000e+00 0.000000e+00 0.000000e+00 0.000000e+00 0.000000e+00 0.000000e+00 0.000000e+00 0.000000e+00 0.000000e+00 0.000000e+00 0.000000e+00 0.000000e+00 0.000000e+00 0.000000e+00 0.000000e+00 0.000000e+00 0.000000e+00 0.000000e+00 0.000000e+00 0.000000e+00 0.000000e+00 0.000000e+00 0.000000e+00 0.000000e+00 5.424345e-01 4.575655e-01 0.000000e+00
 0.000000e+00 0.000000e+00 0.000000e+00 0.000000e+00 0.000000e+00 0.000000e+00 0.000000e+00 0.000000e+00 0.000000e+00 0.000000e+00 0.000000e+00 0.000000e+00 0.000000e+00 0.000000e+00 0.000000e+00 0.000000e+00 0.000000e+00 0.000000e+00 0.000000e+00 0.000000e+00 0.000000e+00 0.000000e+00 0.000000e+00 0.000000e+00 0.000000e+00 0.000000e+00 0.000000e+00 0.000000e+00 0.000000e+00 0.000000e+00 0.000000e+00 0.000000e+00 0.000000e+00 0.000000e+00 1.000000e+00
 0.000000e+00 0.000000e+00 0.000000e+00 0.000000e+00 0.000000e+00 0.000000e+00 0.000000e+00 0.000000e+00 0.000000e+00 0.000000e+00 0.000000e+00 0.000000e+00 0.000000e+00 0.000000e+00 0.000000e+00 0.000000e+00 0.000000e+00 0.000000e+00 0.000000e+00 0.000000e+00 0.000000e+00 0.000000e+00 0.000000e+00 0.000000e+00 0.000000e+00 0.000000e+00 0.000000e+00 0.000000e+00 0.000000e+00 0.000000e+00 0.000000e+00 0.000000e+00 0.000000e+00 0.000000e+00 0.000000e+00
<ENDHMM>
