~o
<STREAMINFO> 1 39
<VECSIZE> 39<NULLD><MFCC_E_D_A><DIAGC>
~h "Kho^ng"
<BEGINHMM>
<NUMSTATES> 7
<STATE> 2
<MEAN> 39
 -5.974829e+00 -1.522036e+01 -1.303691e+01 -6.135203e+00 1.101199e+01 -1.122169e+01 -3.066307e-01 3.836314e+00 4.480301e+00 2.546771e+00 -8.162140e+00 -1.422629e+00 2.730682e-01 1.795751e-01 -4.853716e-01 -1.030103e+00 -8.273484e-01 6.114835e-01 -4.278224e-01 3.898105e-01 -1.941433e-01 2.158917e-02 9.935607e-02 -7.324611e-01 -5.141723e-01 5.648175e-02 4.775950e-02 -2.339723e-02 3.815212e-02 -6.644821e-02 -1.250434e-01 1.735358e-01 2.172265e-01 -3.601946e-01 -1.328661e-01 -1.457753e-01 2.422833e-01 -2.558219e-01 6.296620e-03
<VARIANCE> 39
 9.904993e+00 1.306312e+01 2.810710e+01 1.470944e+01 2.618093e+01 4.464510e+01 3.595810e+01 1.556272e+01 2.212666e+01 1.342547e+01 3.392491e+01 1.031416e+01 5.764143e-02 1.097995e+00 1.690989e+00 2.371906e+00 1.658239e+00 2.643761e+00 3.229718e+00 2.616566e+00 3.218469e+00 2.260422e+00 1.584485e+00 3.559752e+00 2.146292e+00 5.000000e-02 2.081867e-01 3.627344e-01 4.653038e-01 1.902037e-01 4.048513e-01 4.715536e-01 3.748933e-01 3.422884e-01 4.656715e-01 2.184876e-01 7.670391e-01 3.434674e-01 5.000000e-02
<GCONST> 9.589853e+01
<STATE> 3
<MEAN> 39
 -6.025888e+00 -1.992419e+01 -1.909324e+01 -1.607004e+01 1.131984e+01 7.534669e-01 8.669588e+00 -1.140277e+01 -7.279859e-01 -7.956433e-01 -1.995872e+00 -1.232996e+01 9.219614e-01 1.093667e-01 -3.215355e-01 1.351633e-01 -9.145375e-01 -1.655781e-01 1.860135e+00 2.434408e-02 -4.797591e-01 -5.831125e-01 -4.695217e-01 7.288104e-01 -1.149230e-01 1.893890e-02 1.198011e-01 3.333953e-02 2.046410e-01 4.898388e-02 -1.202666e-01 -7.647154e-02 -3.188371e-01 4.383814e-01 4.849510e-02 6.725711e-02 -1.948149e-01 2.749025e-01 -1.101976e-02
<VARIANCE> 39
 1.148433e+01 9.205727e+00 2.165498e+01 6.386769e+01 1.453823e+01 8.451047e+01 1.848792e+01 2.147204e+01 2.596983e+01 3.248346e+01 1.736505e+01 2.425583e+01 5.000000e-02 8.249676e-01 1.026844e+00 1.984022e+00 2.218145e+00 9.637839e-01 1.275919e+00 2.289777e+00 3.699281e+00 1.162571e+00 2.479020e+00 2.462305e+00 2.902012e+00 5.000000e-02 1.562659e-01 1.885132e-01 2.537172e-01 4.522530e-01 1.888088e-01 2.942730e-01 3.410984e-01 2.635993e-01 2.969507e-01 4.947579e-01 3.348668e-01 3.003986e-01 5.000000e-02
<GCONST> 9.194186e+01
<STATE> 4
<MEAN> 39
 1.951730e+00 -2.229563e+01 -1.117969e+01 -2.197500e+01 1.861449e+00 7.569727e+00 -2.585602e-01 -5.256979e+00 -2.217373e+00 -3.727973e+00 -3.798946e+00 -9.003810e+00 7.652653e-01 1.506400e+00 -2.533468e-02 1.536638e+00 1.598440e+00 -2.531199e+00 -1.953371e+00 -2.951225e+00 -3.127705e-01 1.338962e+00 4.932023e-01 -3.344515e-01 1.267493e-01 -5.000028e-02 -2.582063e-01 3.067066e-01 -1.685915e-01 6.069629e-01 2.914542e-01 -3.689133e-01 -1.031842e-01 -8.597156e-01 1.011031e-01 1.767660e-03 2.565780e-01 -9.075256e-03 -2.415315e-03
<VARIANCE> 39
 9.157114e+00 3.608258e+00 1.608913e+01 2.707825e+01 3.777762e+01 2.838383e+01 3.820329e+01 2.240874e+01 5.177983e+01 1.012187e+01 1.633613e+01 2.063847e+01 5.000000e-02 7.935153e-01 1.195892e+00 1.369107e+00 2.825711e+00 2.262795e+00 3.110363e+00 1.284108e+00 6.649108e+00 2.814151e+00 1.602380e+00 2.396736e+00 1.105152e+00 5.000000e-02 1.057412e-01 1.453130e-01 2.684398e-01 4.645234e-01 9.067922e-01 7.201926e-01 6.361580e-01 7.722378e-01 1.054037e+00 4.813264e-01 3.541304e-01 2.178326e-01 5.000000e-02
<GCONST> 9.531837e+01
<STATE> 5
<MEAN> 39
 4.891981e+00 -1.714648e+01 -1.247475e+01 -9.467651e+00 1.790779e+00 -4.947194e-01 -3.286968e+00 -9.825081e+00 -2.700499e+00 -4.562261e+00 -3.690051e+00 -9.016420e+00 4.507550e-01 -1.338207e-01 3.077719e-01 -4.537749e-01 4.927687e-01 5.226529e-01 -5.423219e-02 4.947583e-01 1.015595e-01 -2.948124e-01 -5.206369e-02 1.942641e-01 1.147225e-01 -2.138017e-02 -6.918932e-02 -2.834812e-02 -3.562940e-02 -1.269406e-01 3.351112e-02 1.008517e-01 1.287542e-01 1.997645e-01 7.160558e-03 -2.492951e-02 -1.772170e-02 1.473296e-02 8.697846e-04
<VARIANCE> 39
 7.315941e+00 5.798246e+00 1.401745e+01 1.548576e+01 2.361147e+01 1.388319e+01 3.870132e+01 2.141736e+01 2.403071e+01 1.678445e+01 3.068424e+01 2.149311e+01 5.000000e-02 3.762619e-01 5.584219e-01 8.035550e-01 8.991458e-01 1.482542e+00 1.102385e+00 2.625927e+00 3.148926e+00 1.825519e+00 1.997937e+00 3.349899e+00 1.844152e+00 5.000000e-02 5.000000e-02 9.331315e-02 1.932027e-01 1.819131e-01 3.387236e-01 2.704510e-01 7.100701e-01 7.332166e-01 4.197468e-01 3.941682e-01 6.062285e-01 3.551684e-01 5.000000e-02
<GCONST> 8.556168e+01
<STATE> 6
<MEAN> 39
 -1.457204e+00 -1.308871e+01 -1.093307e+01 -7.086512e+00 4.122814e+00 -1.390339e-01 4.409075e-01 -5.447129e+00 -1.886287e+00 -3.534928e+00 6.767055e-01 -4.811990e+00 9.662522e-02 -6.275987e-01 5.414637e-01 7.983158e-01 3.511404e-01 -9.240000e-02 -2.042176e-01 5.790793e-02 2.850253e-01 2.490149e-01 6.376372e-02 1.430837e-01 3.478187e-01 -2.920114e-02 9.667350e-03 2.021762e-02 7.779090e-02 4.541892e-02 -1.484691e-02 -3.093816e-02 1.093324e-03 -5.946464e-02 2.823135e-02 9.417629e-02 6.209794e-02 4.170861e-02 1.382640e-03
<VARIANCE> 39
 8.900590e+00 9.600812e+00 2.132996e+01 9.012138e+00 7.533845e+00 6.585240e+00 1.148901e+01 5.863427e+00 1.113243e+01 1.326996e+01 1.698804e+01 1.151989e+01 5.000000e-02 7.913819e-01 7.676053e-01 1.373678e+00 9.191341e-01 7.197678e-01 1.015499e+00 8.490940e-01 5.695488e-01 8.775329e-01 8.081394e-01 1.487741e+00 1.233764e+00 5.000000e-02 1.802177e-01 1.375196e-01 2.088171e-01 1.761775e-01 1.394275e-01 1.747936e-01 1.472812e-01 8.852592e-02 1.574834e-01 1.669291e-01 3.953372e-01 2.893396e-01 5.000000e-02
<GCONST> 6.888026e+01
<TRANSP> 7
 0.000000e+00 1.000000e+00 0.000000e+00 0.000000e+00 0.000000e+00 0.000000e+00 0.000000e+00
 0.000000e+00 9.209428e-01 7.905719e-02 0.000000e+00 0.000000e+00 0.000000e+00 0.000000e+00
 0.000000e+00 0.000000e+00 9.183046e-01 8.169542e-02 0.000000e+00 0.000000e+00 0.000000e+00
 0.000000e+00 0.000000e+00 0.000000e+00 7.946850e-01 2.053150e-01 0.000000e+00 0.000000e+00
 0.000000e+00 0.000000e+00 0.000000e+00 0.000000e+00 9.362921e-01 6.370793e-02 0.000000e+00
 0.000000e+00 0.000000e+00 0.000000e+00 0.000000e+00 0.000000e+00 9.143614e-01 8.563857e-02
 0.000000e+00 0.000000e+00 0.000000e+00 0.000000e+00 0.000000e+00 0.000000e+00 0.000000e+00
<ENDHMM>
