~o
<STREAMINFO> 1 39
<VECSIZE> 39<NULLD><MFCC_E_D_A><DIAGC>
~h "Lai"
<BEGINHMM>
<NUMSTATES> 19
<STATE> 2
<MEAN> 39
 -5.859639e+00 -7.703507e+00 -2.030531e+00 -8.312178e-01 1.642432e+00 -5.667586e+00 2.545020e+00 -8.679069e-01 7.896203e-01 -3.742636e+00 3.804729e+00 -4.370000e-01 3.268450e-03 6.954627e-01 -2.539574e-01 -1.053416e+00 -2.666264e-01 -1.117609e+00 -8.631094e-01 -1.948241e-01 6.368220e-01 2.614171e-01 -7.109144e-01 -4.286112e-01 3.448021e-02 5.299590e-02 3.137695e-01 -2.782775e-01 -5.963092e-01 -1.688269e-01 -4.207526e-01 -3.961056e-01 -6.846850e-02 1.825125e-02 2.153140e-01 -2.049481e-01 -3.469213e-01 1.312572e-02 2.319943e-02
<VARIANCE> 39
 7.350298e+00 3.775714e+00 9.402430e+00 7.975751e+00 1.449307e+01 2.367105e+01 1.110373e+01 1.126653e+01 1.580933e+01 1.138813e+01 9.817778e+00 1.275143e+01 5.000000e-02 1.830245e+00 7.805134e-01 4.063698e+00 1.233488e+00 2.658068e+00 4.368635e+00 1.891783e+00 1.735535e+00 1.899873e+00 1.707800e+00 2.049695e+00 1.501398e+00 5.000000e-02 2.868086e-01 1.730988e-01 6.329000e-01 1.682972e-01 2.851821e-01 9.002914e-01 3.159626e-01 2.975211e-01 4.691612e-01 2.704864e-01 2.896820e-01 3.616920e-01 5.000000e-02
<GCONST> 8.564468e+01
<STATE> 3
<MEAN> 39
 2.887508e+00 -1.269783e+01 -1.736868e+01 -4.395157e+00 -9.375052e+00 -1.788555e+01 -1.349905e+00 2.215739e+00 6.460862e+00 -8.975676e+00 -1.294372e+00 9.347660e-01 6.293538e-01 3.146153e-01 -1.764237e+00 -3.837592e+00 2.426274e-01 -1.027223e+00 -7.991992e-01 1.286453e+00 -1.052334e+00 9.067022e-01 -1.492277e+00 -1.898168e+00 7.219668e-01 1.388688e-01 -9.531451e-01 -2.138387e-01 6.030206e-01 3.044046e-01 1.210676e+00 1.772439e+00 9.677419e-01 -4.016770e-01 -9.273242e-01 3.477210e-02 3.208955e-02 7.933220e-02 -2.217441e-02
<VARIANCE> 39
 2.170452e+01 7.964920e+00 2.506817e+01 1.221091e+01 7.372406e+00 1.169440e+01 2.346276e+01 3.615392e+01 3.391252e+01 1.811468e+01 1.451582e+01 1.002314e+01 5.000000e-02 4.336250e+00 1.649949e+00 2.875731e+00 1.771362e+00 2.733258e+00 1.178460e+01 4.834672e+00 2.082091e+00 8.082065e+00 1.567966e+00 1.299175e+00 2.324675e+00 5.000000e-02 1.734063e-01 2.100119e-01 6.296462e-01 3.244066e-01 2.032416e-01 7.331263e-01 3.612791e-01 4.568160e-01 7.372018e-01 3.568016e-01 5.565861e-01 4.409809e-01 5.000000e-02
<GCONST> 9.784259e+01
<STATE> 4
<MEAN> 39
 -3.029735e+00 -1.932793e+01 -2.369324e+01 -1.436046e+00 -5.252562e+00 -5.186557e+00 9.171602e+00 -1.068198e+00 1.890963e+00 -1.486989e+01 -6.477420e+00 3.443664e+00 8.902704e-01 -1.149583e+00 -2.122854e+00 -7.811970e-01 1.851374e-01 3.485764e+00 3.077330e+00 1.817234e+00 -8.120418e-01 -1.799469e+00 2.180674e-02 -5.938318e-02 3.842977e-01 5.286908e-02 2.440470e-01 3.219197e-01 5.831411e-01 -8.754946e-02 6.679294e-01 -7.427646e-01 -7.558588e-01 -2.141387e-01 2.500859e-01 1.064680e+00 5.307193e-01 -2.508452e-01 -2.028619e-02
<VARIANCE> 39
 3.368760e+01 1.045067e+01 2.102616e+01 4.690692e+00 2.276681e+01 3.833165e+01 1.290732e+01 3.713534e+01 5.140602e+01 9.154158e+00 1.253887e+01 2.198027e+01 5.000000e-02 6.150039e-01 1.248689e+00 1.174688e+00 1.290251e+00 1.273839e+00 6.959733e+00 2.363850e+00 1.947245e+00 1.047116e+00 3.505722e+00 2.561927e+00 1.906647e+00 5.000000e-02 1.129126e-01 3.427709e-01 1.932165e-01 1.137694e-01 4.439952e-01 1.183937e+00 3.661224e-01 3.817881e-01 8.715818e-01 2.229071e-01 3.211952e-01 6.292145e-01 5.000000e-02
<GCONST> 9.169168e+01
<STATE> 5
<MEAN> 39
 -4.849561e+00 -2.303621e+01 -2.408180e+01 -1.276359e+00 6.369124e+00 -4.674139e+00 9.205922e+00 -6.879588e+00 -3.403643e-01 -7.171693e+00 -6.225979e+00 2.757960e+00 9.662364e-01 -5.529132e-01 -4.314910e-01 -1.927081e-01 2.523326e-01 2.002210e+00 2.891576e-01 1.629915e-01 -2.030632e+00 8.136941e-01 1.759423e+00 -2.141462e-01 -2.064393e-01 1.298681e-02 -2.507595e-02 4.303778e-01 4.584378e-02 -1.480533e-02 -9.078139e-01 -2.106382e-02 -2.630087e-01 1.782475e-01 6.657678e-01 -4.999405e-01 -8.238456e-02 1.322100e-02 -7.725351e-03
<VARIANCE> 39
 3.890345e+01 4.854748e+00 2.022626e+01 1.843912e+01 9.993428e+00 4.284766e+01 3.424832e+01 1.797129e+01 2.269008e+01 1.773759e+01 1.302237e+01 5.776798e+00 5.000000e-02 1.988466e-01 5.823566e-01 7.853910e-02 7.719077e-01 1.971209e+00 1.227004e+00 1.080562e+00 9.271693e-01 2.514224e+00 1.929968e+00 5.045428e-01 1.289500e+00 5.000000e-02 9.070508e-02 9.147575e-02 5.000000e-02 1.608558e-01 1.246366e-01 5.527870e-01 1.992435e-01 1.995005e-01 1.928588e-01 5.705611e-01 1.795073e-01 3.083262e-01 5.000000e-02
<GCONST> 7.311222e+01
<STATE> 6
<MEAN> 39
 -8.119728e+00 -2.231062e+01 -2.260167e+01 -6.406827e-01 7.837054e+00 9.198343e-01 7.195530e+00 -1.028064e+01 6.273907e+00 -7.036950e+00 -6.111172e+00 3.099225e+00 9.697415e-01 -5.769882e-01 8.859148e-02 -7.832278e-03 3.412114e-02 1.450610e-01 4.434213e-01 -1.013891e+00 -3.126005e-01 8.100244e-01 -3.258698e-01 -2.397696e-02 -2.148032e-02 -4.077720e-03 -3.817651e-02 -2.578143e-02 7.763904e-02 -2.157917e-01 -1.461843e-01 -1.819272e-01 -2.211507e-01 3.505752e-01 -3.622705e-01 -3.046593e-02 8.782785e-02 -8.341631e-02 -1.363495e-03
<VARIANCE> 39
 2.195313e+01 7.071603e+00 2.359607e+01 1.406702e+01 2.506652e+00 2.175102e+01 2.645784e+01 1.126378e+01 1.246152e+01 1.980837e+01 1.053630e+01 5.173053e+00 5.000000e-02 1.016884e+00 3.031927e-01 7.828677e-01 1.539848e+00 5.506863e-01 7.602093e-01 2.773931e-01 7.966707e-01 7.568688e-01 6.974349e-01 3.709111e-01 5.991173e-01 5.000000e-02 7.137004e-02 1.036045e-01 1.759880e-01 1.926757e-01 1.606269e-01 1.156542e-01 1.180157e-01 3.875826e-01 2.515460e-01 2.105677e-01 5.000000e-02 7.481992e-02 5.000000e-02
<GCONST> 6.334137e+01
<STATE> 7
<MEAN> 39
 -8.087639e+00 -2.299436e+01 -2.472213e+01 -1.594215e+00 8.302760e+00 -1.472267e+00 3.753554e+00 -8.288782e+00 3.231282e+00 -6.550693e+00 -6.086534e+00 2.353523e+00 9.698776e-01 -7.447502e-01 3.770218e-02 7.596186e-01 -7.718876e-01 4.301106e-01 1.657583e-01 -7.337219e-01 1.102497e+00 -4.771130e-01 7.884996e-01 4.789207e-01 -3.281839e-01 1.664290e-03 1.923160e-01 1.050601e-01 5.851009e-02 1.896200e-01 -5.329751e-03 -1.134574e-01 5.693576e-01 -5.550404e-02 2.106890e-02 7.020709e-03 -1.553560e-02 7.983819e-02 -2.218476e-06
<VARIANCE> 39
 1.308613e+01 5.594573e+00 9.678924e+00 2.469723e+01 2.740517e+01 4.235877e+01 2.901614e+01 1.646313e+01 1.590345e+01 1.354439e+01 1.815143e+01 3.088261e+00 5.000000e-02 5.892605e-01 8.427433e-01 1.046938e+00 6.651611e-01 1.617103e+00 1.128195e+00 1.130589e+00 1.292706e+00 4.889830e-01 3.214588e-01 3.948849e-01 2.166826e-01 5.000000e-02 1.882788e-01 1.067376e-01 2.277285e-01 2.923780e-01 2.334843e-01 2.641157e-01 8.313315e-02 3.394249e-01 1.098626e-01 2.082897e-01 9.515008e-02 5.000000e-02 5.000000e-02
<GCONST> 6.859911e+01
<STATE> 8
<MEAN> 39
 -9.811266e+00 -2.192480e+01 -2.190318e+01 -2.023789e+00 9.799102e+00 -5.616902e-01 5.776110e+00 -7.972915e+00 4.648878e+00 -6.436592e+00 -4.496089e+00 1.569383e+00 9.692020e-01 1.284768e-02 2.785454e-01 9.903605e-02 1.622320e-01 -3.803850e-01 -1.193339e-01 9.670958e-01 8.988632e-02 -4.567403e-01 -6.460802e-01 6.798872e-02 1.612334e-01 2.643858e-03 -4.369871e-03 -1.156235e-01 4.994970e-03 -3.284849e-02 -2.901933e-01 -1.285093e-01 3.260658e-01 5.686131e-02 -2.016145e-01 -3.183406e-01 1.795002e-01 9.280152e-02 -8.500649e-04
<VARIANCE> 39
 1.649039e+01 6.173870e+00 1.673518e+01 8.976777e+00 8.699874e+00 1.712371e+01 5.597325e+00 1.319218e+01 2.771064e+01 1.022212e+01 7.349310e+00 3.193225e+00 5.000000e-02 2.916705e-01 2.920919e-01 2.604807e-01 4.384433e-01 3.688663e-01 7.914814e-01 5.394081e-01 3.064635e-01 6.996520e-01 5.010547e-01 5.584583e-01 2.808343e-01 5.000000e-02 5.000000e-02 1.278071e-01 7.164681e-02 1.097635e-01 1.430469e-01 9.507082e-02 5.000000e-02 7.179156e-02 5.906123e-02 7.475580e-02 7.099027e-02 6.322792e-02 5.000000e-02
<GCONST> 4.921373e+01
<STATE> 9
<MEAN> 39
 -1.022085e+01 -2.290681e+01 -2.084668e+01 -3.406198e+00 5.862437e+00 -3.755054e+00 1.165585e+01 -5.851479e+00 5.254727e-01 -9.973286e+00 -1.385219e+00 2.769040e+00 9.551630e-01 -4.902939e-01 -4.936121e-01 9.712805e-01 -7.445004e-01 -2.260803e+00 -9.365951e-01 1.783082e+00 1.237153e+00 -7.348416e-01 -2.785323e-01 1.175244e+00 -3.119360e-01 -1.820351e-02 -1.353632e-02 8.319826e-02 2.636857e-01 -2.296658e-01 -5.441251e-01 -6.023612e-02 -6.783473e-02 2.173431e-01 1.984316e-01 4.144298e-01 -1.635454e-01 -4.408781e-01 -6.058689e-03
<VARIANCE> 39
 2.098021e+01 4.680772e+00 9.034067e+00 7.686754e+00 2.238260e+01 3.489713e+01 1.617093e+01 1.685076e+01 2.365508e+01 4.622736e+00 1.456445e+01 6.785670e+00 5.000000e-02 1.307364e-01 2.832711e-01 3.858914e-01 4.318199e-01 1.277364e+00 1.814230e-01 1.985030e-01 5.271043e-01 4.938593e-01 1.288258e+00 6.380166e-01 8.689410e-01 5.000000e-02 5.000000e-02 9.196540e-02 5.000000e-02 7.701707e-02 1.285815e-01 5.279344e-02 8.630104e-02 1.118181e-01 1.693031e-01 1.267080e-01 2.207003e-01 8.126678e-02 5.000000e-02
<GCONST> 5.478662e+01
<STATE> 10
<MEAN> 39
 -1.245052e+01 -2.251099e+01 -1.475115e+01 -8.231521e+00 -5.931286e+00 -5.901155e+00 1.643102e+01 -1.464548e+00 7.993723e-01 -7.506110e+00 -1.070333e+00 -2.205262e+00 8.548082e-01 -3.544271e-01 8.750181e-01 1.760583e+00 -1.611337e+00 -2.496376e+00 -9.514123e-01 -6.452663e-02 4.824047e-01 9.513993e-01 2.311628e+00 -2.086402e-01 -1.430251e+00 -3.005176e-02 2.596992e-02 2.584600e-01 1.937875e-01 -1.582701e-01 2.066885e-01 -1.977730e-01 -8.717244e-01 -4.036603e-01 5.095417e-01 8.731861e-01 7.023417e-02 3.166368e-01 -2.484392e-04
<VARIANCE> 39
 1.337244e+01 4.429553e+00 1.181494e+01 1.018212e+01 1.382103e+01 5.113017e+01 1.636680e+01 1.460101e+01 9.327560e+00 8.921220e+00 1.453699e+01 1.110330e+01 5.000000e-02 1.155490e-01 4.190927e-01 1.334790e-01 1.501813e-01 5.191948e-01 6.586531e-01 2.275852e+00 6.805964e-01 1.186619e+00 3.851392e+00 4.515142e-01 8.303437e-01 5.000000e-02 5.000000e-02 8.203293e-02 5.000000e-02 5.000000e-02 5.221894e-02 1.379482e-01 9.781875e-02 1.773356e-01 1.606480e-01 2.352053e-01 1.690013e-01 2.000888e-01 5.000000e-02
<GCONST> 5.893127e+01
<STATE> 11
<MEAN> 39
 -1.421097e+01 -1.871593e+01 -7.560360e+00 -1.399198e+01 -1.401303e+01 -1.103796e+01 1.009732e+01 -1.320922e+00 7.053245e+00 5.793596e+00 6.872086e-01 -3.910614e+00 7.604651e-01 3.873739e-01 6.632550e-01 1.704777e+00 -1.689137e+00 -1.563837e+00 -1.909057e+00 -2.397006e+00 -8.295914e-01 1.564642e+00 3.148546e+00 5.990804e-01 7.300430e-01 -2.558297e-02 7.467394e-01 -5.314424e-01 -5.585825e-01 6.261544e-01 8.029282e-01 5.008010e-01 1.033394e-01 -3.283757e-01 -4.739432e-01 -1.151370e+00 -1.807812e-01 5.676835e-01 -4.519037e-03
<VARIANCE> 39
 7.751486e+00 4.517671e+00 1.561098e+01 9.427219e+00 8.985927e+00 3.028336e+01 1.348426e+01 1.282383e+01 3.248460e+01 2.967510e+01 1.363968e+01 1.191404e+01 5.000000e-02 6.932178e-01 2.924647e-01 8.231669e-01 9.018832e-01 1.046403e+00 8.331965e-01 4.468161e-01 2.874194e+00 1.784128e+00 1.766981e+00 7.098289e-01 9.774539e-01 5.000000e-02 7.043541e-02 8.880581e-02 7.969785e-02 3.587855e-01 9.685672e-02 3.505811e-01 2.438911e-01 3.182343e-01 4.377094e-01 6.103527e-01 1.118132e-01 1.699126e-01 5.000000e-02
<GCONST> 7.310942e+01
<STATE> 12
<MEAN> 39
 -8.212491e+00 -1.980485e+01 -6.694384e+00 -1.474874e+01 -1.281474e+01 -1.300909e+01 6.058936e+00 -5.976507e+00 8.340744e+00 6.913002e+00 4.116249e-01 3.308093e-01 6.465441e-01 2.944982e+00 -1.759933e+00 4.526073e-03 2.121913e+00 1.475400e+00 1.861419e+00 -7.810133e-01 -9.909179e-01 -4.468254e-01 -1.877092e+00 -2.872739e-01 1.271083e+00 -6.215576e-02 1.932003e-01 -4.535695e-01 -1.931758e-01 9.244533e-01 5.214846e-01 9.879071e-01 4.550835e-01 3.158595e-01 -4.298031e-01 -9.519994e-01 -6.370666e-02 -2.983828e-01 -7.316308e-03
<VARIANCE> 39
 1.615646e+01 5.368141e+00 5.886651e+00 2.754576e+01 1.081771e+01 5.237844e+01 8.049126e+00 1.973079e+01 1.096557e+01 1.524121e+01 1.164027e+01 8.374206e+00 5.000000e-02 4.414242e-01 8.222426e-01 8.806530e-01 2.672832e+00 6.131099e-01 3.869130e+00 6.386315e-01 1.503158e+00 2.091506e+00 2.116809e+00 7.961039e-01 1.217608e+00 5.000000e-02 3.317547e-01 1.909987e-01 1.135653e-01 4.514977e-01 2.270059e-01 6.056989e-01 1.312919e-01 4.238679e-01 5.325608e-01 5.314910e-01 1.535231e-01 3.277995e-01 5.000000e-02
<GCONST> 8.061573e+01
<STATE> 13
<MEAN> 39
 -2.588550e-01 -2.600776e+01 -5.585734e+00 -3.125556e+00 -6.280287e+00 -1.990961e+00 5.936515e+00 -5.250980e+00 4.694912e+00 -2.830614e+00 -1.044625e+00 1.296824e-01 4.128973e-01 7.732291e-01 -7.734770e-01 -5.119026e-01 1.712872e+00 1.017654e+00 1.068470e+00 3.250836e-01 6.609334e-01 -2.211783e-01 -1.411277e+00 -5.501397e-01 -4.136781e-01 -3.695164e-02 -5.605896e-01 4.474342e-01 -2.629448e-01 -5.167267e-01 -4.908516e-01 -7.826142e-01 -3.589794e-02 8.793633e-02 -6.483809e-03 5.273012e-01 1.049069e-01 -1.125910e-01 1.055031e-02
<VARIANCE> 39
 1.885981e+00 2.478659e+00 1.880674e+00 1.664709e+01 1.289249e+01 1.005399e+01 8.020397e+00 7.212924e+00 1.920861e+01 1.284907e+01 8.753994e+00 7.300314e+00 5.000000e-02 1.251896e+00 8.599102e-01 9.742987e-01 1.684807e+00 1.837518e+00 5.885314e+00 1.354949e+00 8.665227e-01 1.130079e+00 1.670176e+00 8.202425e-01 8.205601e-01 5.000000e-02 1.944945e-01 1.331411e-01 1.576997e-01 1.282595e-01 2.382487e-01 2.140745e-01 2.905848e-01 3.270139e-01 2.580121e-01 1.699624e-01 1.797859e-01 2.319199e-01 5.000000e-02
<GCONST> 7.042634e+01
<STATE> 14
<MEAN> 39
 -1.243931e+00 -2.674047e+01 -9.276467e+00 -2.927587e+00 -7.498108e+00 -6.629009e+00 5.351186e+00 -5.050536e+00 6.181341e+00 -3.012042e+00 -1.324512e+00 1.109959e+00 3.798851e-01 3.757005e-01 3.825581e-01 2.267853e-01 1.128602e+00 5.345892e-01 -3.095431e-01 -4.465045e-01 -3.971138e-01 -1.424262e+00 -6.970584e-01 3.202571e-01 1.799011e-01 -2.014221e-02 -7.847638e-02 6.363974e-01 5.347690e-01 -3.850098e-02 3.412204e-01 1.655723e-01 2.142469e-01 3.992107e-02 -5.278777e-01 -2.283783e-01 8.679430e-02 -2.185227e-01 5.665600e-03
<VARIANCE> 39
 1.890301e+00 1.521229e+00 5.189683e+00 1.374591e+01 6.745792e+00 6.338470e+00 1.189562e+01 1.102802e+01 1.252793e+01 1.982623e+01 1.115422e+01 1.214233e+01 5.000000e-02 4.974818e-01 7.668630e-01 1.386073e+00 9.431400e-01 1.576963e+00 2.048168e+00 8.309779e-01 8.146142e-01 2.140319e+00 8.214089e-01 2.399104e-01 6.300169e-01 5.000000e-02 1.300888e-01 8.558205e-02 1.527913e-01 9.859938e-02 1.426044e-01 6.046534e-01 2.380194e-01 2.064113e-01 1.237077e-01 1.389143e-01 7.935948e-02 1.905870e-01 5.000000e-02
<GCONST> 6.341819e+01
<STATE> 15
<MEAN> 39
 5.405440e-01 -2.235980e+01 -6.215316e+00 -5.646867e-01 -3.933233e+00 -3.926703e+00 6.657939e+00 -4.700428e+00 -6.848199e-01 -6.160511e+00 -3.214470e-01 -1.827336e-01 3.593958e-01 5.548539e-02 1.108920e+00 3.568511e-01 8.858336e-01 1.222016e+00 1.067512e+00 5.196694e-01 3.832111e-01 -9.443315e-01 -9.945462e-01 1.510485e-01 -3.941204e-01 -2.232008e-02 -3.300480e-01 -2.200169e-01 -2.589060e-01 -2.126494e-01 9.506655e-03 -1.622562e-01 2.666452e-02 1.609526e-01 6.515781e-01 4.530683e-01 -3.986882e-02 1.318362e-01 -2.905527e-03
<VARIANCE> 39
 2.803050e+00 6.424844e+00 4.877921e+00 1.535243e+01 1.177568e+01 9.981633e+00 8.067391e+00 1.919692e+01 5.606807e+00 3.787627e+01 9.640873e+00 1.227858e+01 5.000000e-02 4.593230e-01 4.810071e-01 9.326668e-01 8.177717e-01 6.586052e-01 8.557180e-01 7.813441e-01 1.258137e+00 1.532341e+00 2.716898e+00 1.261071e-01 1.354057e+00 5.000000e-02 5.927528e-02 1.522520e-01 1.932714e-01 8.700470e-02 1.250955e-01 4.166268e-01 1.319546e-01 2.463014e-01 1.505952e-01 5.173925e-01 5.000000e-02 1.785266e-01 5.000000e-02
<GCONST> 6.468103e+01
<STATE> 16
<MEAN> 39
 -1.769043e+00 -2.181944e+01 -8.249162e+00 5.216305e-01 -1.249844e-01 -2.860467e+00 6.877264e+00 -2.427585e+00 9.864591e-01 -4.254285e+00 6.503109e-01 -2.250212e-01 2.282954e-01 -5.569914e-01 -3.229740e-01 -9.209508e-01 -8.650927e-02 4.543353e-01 -2.953327e-01 5.501960e-02 3.110022e-01 2.096137e-01 7.715526e-01 4.323069e-01 -1.236031e-01 -2.185071e-02 8.613127e-02 1.741036e-01 1.655529e-01 -8.268764e-02 -2.685903e-01 -1.399995e-01 -1.176874e-01 -2.979373e-01 -2.145593e-01 2.824032e-02 5.268054e-02 -1.025462e-01 1.621842e-03
<VARIANCE> 39
 4.556291e+00 1.268672e+01 1.213196e+01 1.194909e+01 7.288797e+00 6.169961e+00 8.907334e+00 9.317911e+00 1.223342e+01 1.956349e+01 1.032799e+01 6.489184e+00 5.000000e-02 2.143072e-01 6.665521e-01 8.011192e-01 8.822994e-01 1.589086e+00 8.876644e-01 5.239343e-01 1.153626e+00 9.908730e-01 2.724307e+00 6.611105e-01 1.398629e+00 5.000000e-02 5.004796e-02 3.715633e-01 4.173419e-01 1.760283e-01 3.473703e-01 2.326545e-01 2.022043e-01 3.895484e-01 2.715463e-01 6.488855e-01 1.495931e-01 2.815770e-01 5.000000e-02
<GCONST> 7.153763e+01
<STATE> 17
<MEAN> 39
 -2.004898e+00 -1.890325e+01 -7.123850e+00 2.724614e-01 -8.868259e-01 -5.078804e+00 6.206339e+00 -3.514775e+00 -1.008731e+00 -3.188284e+00 2.472024e+00 -8.620422e-01 1.839281e-01 -1.873022e-01 2.096160e+00 1.496510e+00 -6.978496e-02 3.994774e-01 -3.053949e-01 -8.781161e-01 -3.921261e-01 -2.025563e-01 4.617738e-01 3.373144e-01 1.055110e-01 -2.948459e-02 -1.152754e-01 1.393326e-01 1.846446e-01 -5.746551e-02 1.344231e-01 1.979982e-01 -7.772810e-02 8.499856e-02 1.822539e-01 -2.043389e-02 -4.335705e-02 2.069133e-01 -1.818303e-03
<VARIANCE> 39
 3.544726e+00 1.586585e+01 1.018874e+01 3.589392e+00 2.116616e+01 1.259290e+01 1.649556e+01 1.493563e+01 1.862096e+01 1.181044e+01 8.101257e+00 6.596287e+00 5.000000e-02 3.036559e-01 4.550899e-01 3.008437e-01 2.971685e-01 1.783580e+00 1.097293e+00 2.725934e+00 3.280300e+00 2.352947e+00 2.102990e+00 1.380424e+00 5.519413e-01 5.000000e-02 5.829157e-02 2.589642e-01 2.160351e-01 8.118536e-02 4.260547e-01 2.821362e-01 5.386004e-01 4.244350e-01 4.288933e-01 3.502307e-01 4.214631e-01 2.078504e-01 5.000000e-02
<GCONST> 7.441695e+01
<STATE> 18
<MEAN> 39
 -4.605506e+00 -1.352274e+01 -3.941109e+00 -3.310891e-01 9.127280e-01 -3.390166e+00 3.604216e+00 -3.370365e+00 2.783275e-01 -1.356140e+00 3.378919e+00 1.239560e+00 3.224453e-02 -6.998395e-01 6.431726e-01 2.951006e-01 -4.323303e-01 -2.514188e-01 4.282657e-01 -2.483054e-01 3.499106e-01 1.409602e-01 -3.431334e-01 -4.566046e-01 5.309182e-01 -2.970877e-02 6.331927e-02 -3.752691e-01 -3.606420e-01 -8.110768e-02 -1.704886e-01 -5.056453e-02 1.965275e-01 1.991646e-01 -2.378071e-04 -2.324094e-01 -4.253033e-01 -2.891488e-01 2.924728e-03
<VARIANCE> 39
 2.154973e+00 8.646652e+00 7.047360e+00 3.487348e+00 1.728035e+01 1.000419e+01 9.232426e+00 1.783726e+01 1.659537e+01 1.420293e+01 9.784675e+00 1.166518e+01 5.000000e-02 2.422035e-01 4.457161e-01 4.430514e-01 3.131590e-01 9.839168e-01 9.492575e-01 5.305959e-01 1.667399e+00 2.883274e+00 1.525823e+00 2.154101e+00 7.962492e-01 5.000000e-02 5.038634e-02 1.340119e-01 8.977555e-02 7.994910e-02 2.482854e-01 1.694812e-01 1.504576e-01 4.402736e-01 6.189666e-01 3.626939e-01 2.833458e-01 3.044722e-01 5.000000e-02
<GCONST> 6.714091e+01
<TRANSP> 19
 0.000000e+00 1.000000e+00 0.000000e+00 0.000000e+00 0.000000e+00 0.000000e+00 0.000000e+00 0.000000e+00 0.000000e+00 0.000000e+00 0.000000e+00 0.000000e+00 0.000000e+00 0.000000e+00 0.000000e+00 0.000000e+00 0.000000e+00 0.000000e+00 0.000000e+00
 0.000000e+00 8.357106e-01 1.642894e-01 0.000000e+00 0.000000e+00 0.000000e+00 0.000000e+00 0.000000e+00 0.000000e+00 0.000000e+00 0.000000e+00 0.000000e+00 0.000000e+00 0.000000e+00 0.000000e+00 0.000000e+00 0.000000e+00 0.000000e+00 0.000000e+00
 0.000000e+00 0.000000e+00 7.058825e-01 2.941175e-01 0.000000e+00 0.000000e+00 0.000000e+00 0.000000e+00 0.000000e+00 0.000000e+00 0.000000e+00 0.000000e+00 0.000000e+00 0.000000e+00 0.000000e+00 0.000000e+00 0.000000e+00 0.000000e+00 0.000000e+00
 0.000000e+00 0.000000e+00 0.000000e+00 6.666666e-01 3.333333e-01 0.000000e+00 0.000000e+00 0.000000e+00 0.000000e+00 0.000000e+00 0.000000e+00 0.000000e+00 0.000000e+00 0.000000e+00 0.000000e+00 0.000000e+00 0.000000e+00 0.000000e+00 0.000000e+00
 0.000000e+00 0.000000e+00 0.000000e+00 0.000000e+00 6.664339e-01 3.335661e-01 0.000000e+00 0.000000e+00 0.000000e+00 0.000000e+00 0.000000e+00 0.000000e+00 0.000000e+00 0.000000e+00 0.000000e+00 0.000000e+00 0.000000e+00 0.000000e+00 0.000000e+00
 0.000000e+00 0.000000e+00 0.000000e+00 0.000000e+00 0.000000e+00 7.617996e-01 2.382004e-01 0.000000e+00 0.000000e+00 0.000000e+00 0.000000e+00 0.000000e+00 0.000000e+00 0.000000e+00 0.000000e+00 0.000000e+00 0.000000e+00 0.000000e+00 0.000000e+00
 0.000000e+00 0.000000e+00 0.000000e+00 0.000000e+00 0.000000e+00 0.000000e+00 6.439381e-01 3.560620e-01 0.000000e+00 0.000000e+00 0.000000e+00 0.000000e+00 0.000000e+00 0.000000e+00 0.000000e+00 0.000000e+00 0.000000e+00 0.000000e+00 0.000000e+00
 0.000000e+00 0.000000e+00 0.000000e+00 0.000000e+00 0.000000e+00 0.000000e+00 0.000000e+00 7.366147e-01 2.633853e-01 0.000000e+00 0.000000e+00 0.000000e+00 0.000000e+00 0.000000e+00 0.000000e+00 0.000000e+00 0.000000e+00 0.000000e+00 0.000000e+00
 0.000000e+00 0.000000e+00 0.000000e+00 0.000000e+00 0.000000e+00 0.000000e+00 0.000000e+00 0.000000e+00 7.367729e-01 2.632270e-01 0.000000e+00 0.000000e+00 0.000000e+00 0.000000e+00 0.000000e+00 0.000000e+00 0.000000e+00 0.000000e+00 0.000000e+00
 0.000000e+00 0.000000e+00 0.000000e+00 0.000000e+00 0.000000e+00 0.000000e+00 0.000000e+00 0.000000e+00 0.000000e+00 7.368303e-01 2.631697e-01 0.000000e+00 0.000000e+00 0.000000e+00 0.000000e+00 0.000000e+00 0.000000e+00 0.000000e+00 0.000000e+00
 0.000000e+00 0.000000e+00 0.000000e+00 0.000000e+00 0.000000e+00 0.000000e+00 0.000000e+00 0.000000e+00 0.000000e+00 0.000000e+00 6.429205e-01 3.570795e-01 0.000000e+00 0.000000e+00 0.000000e+00 0.000000e+00 0.000000e+00 0.000000e+00 0.000000e+00
 0.000000e+00 0.000000e+00 0.000000e+00 0.000000e+00 0.000000e+00 0.000000e+00 0.000000e+00 0.000000e+00 0.000000e+00 0.000000e+00 0.000000e+00 6.665790e-01 3.334210e-01 0.000000e+00 0.000000e+00 0.000000e+00 0.000000e+00 0.000000e+00 0.000000e+00
 0.000000e+00 0.000000e+00 0.000000e+00 0.000000e+00 0.000000e+00 0.000000e+00 0.000000e+00 0.000000e+00 0.000000e+00 0.000000e+00 0.000000e+00 0.000000e+00 6.428793e-01 3.571207e-01 0.000000e+00 0.000000e+00 0.000000e+00 0.000000e+00 0.000000e+00
 0.000000e+00 0.000000e+00 0.000000e+00 0.000000e+00 0.000000e+00 0.000000e+00 0.000000e+00 0.000000e+00 0.000000e+00 0.000000e+00 0.000000e+00 0.000000e+00 0.000000e+00 5.833327e-01 4.166673e-01 0.000000e+00 0.000000e+00 0.000000e+00 0.000000e+00
 0.000000e+00 0.000000e+00 0.000000e+00 0.000000e+00 0.000000e+00 0.000000e+00 0.000000e+00 0.000000e+00 0.000000e+00 0.000000e+00 0.000000e+00 0.000000e+00 0.000000e+00 0.000000e+00 7.170084e-01 2.829916e-01 0.000000e+00 0.000000e+00 0.000000e+00
 0.000000e+00 0.000000e+00 0.000000e+00 0.000000e+00 0.000000e+00 0.000000e+00 0.000000e+00 0.000000e+00 0.000000e+00 0.000000e+00 0.000000e+00 0.000000e+00 0.000000e+00 0.000000e+00 0.000000e+00 7.645399e-01 2.354601e-01 0.000000e+00 0.000000e+00
 0.000000e+00 0.000000e+00 0.000000e+00 0.000000e+00 0.000000e+00 0.000000e+00 0.000000e+00 0.000000e+00 0.000000e+00 0.000000e+00 0.000000e+00 0.000000e+00 0.000000e+00 0.000000e+00 0.000000e+00 0.000000e+00 7.241513e-01 2.758487e-01 0.000000e+00
 0.000000e+00 0.000000e+00 0.000000e+00 0.000000e+00 0.000000e+00 0.000000e+00 0.000000e+00 0.000000e+00 0.000000e+00 0.000000e+00 0.000000e+00 0.000000e+00 0.000000e+00 0.000000e+00 0.000000e+00 0.000000e+00 0.000000e+00 6.834841e-01 3.165159e-01
 0.000000e+00 0.000000e+00 0.000000e+00 0.000000e+00 0.000000e+00 0.000000e+00 0.000000e+00 0.000000e+00 0.000000e+00 0.000000e+00 0.000000e+00 0.000000e+00 0.000000e+00 0.000000e+00 0.000000e+00 0.000000e+00 0.000000e+00 0.000000e+00 0.000000e+00
<ENDHMM>
