~o
<STREAMINFO> 1 39
<VECSIZE> 39<NULLD><MFCC_E_D_A><DIAGC>
~h "Lawp"
<BEGINHMM>
<NUMSTATES> 34
<STATE> 2
<MEAN> 39
 -6.987175e+00 -9.552436e+00 -2.667231e+00 -1.734182e+00 9.302424e-01 -4.378302e+00 8.967819e-01 -2.552172e+00 2.251859e+00 -1.543931e+00 2.873569e+00 1.033831e+00 -7.753613e-02 -1.250031e-01 -1.356892e-01 -8.027894e-01 -1.450495e-01 -6.675174e-01 -6.325932e-01 -2.706105e-01 6.269343e-01 9.105316e-01 -2.684523e-01 -1.669453e-01 -3.955029e-01 1.176493e-02 6.187434e-01 -5.512050e-02 -5.402958e-01 -2.781538e-01 -6.862226e-01 -7.504025e-01 -2.060479e-02 2.447238e-01 2.132906e-01 -6.014740e-01 -4.074758e-01 -4.834390e-01 3.675536e-02
<VARIANCE> 39
 7.206428e-01 2.532728e+00 7.453422e+00 8.042339e+00 2.406920e+00 5.028124e+00 6.732972e+00 5.373197e+00 6.631933e+00 5.337954e+00 5.494187e+00 1.060975e+01 5.000000e-02 4.668850e-01 2.226502e-01 1.271415e+00 5.170438e-01 1.523100e+00 1.139388e+00 2.214125e+00 1.912852e+00 1.383655e+00 2.456769e+00 1.794821e+00 1.749072e+00 5.000000e-02 1.604371e-01 1.104642e-01 1.650481e-01 1.066819e-01 1.513692e-01 1.757116e-01 2.476425e-01 1.173853e-01 3.526159e-01 2.269871e-01 2.148633e-01 2.145920e-01 5.000000e-02
<GCONST> 6.193869e+01
<STATE> 3
<MEAN> 39
 -6.847965e+00 -9.401357e+00 -2.851286e+00 -1.779599e+00 -1.988436e+00 -5.707258e+00 8.657548e-01 -4.760571e-01 2.785075e+00 -4.428719e+00 1.237307e+00 -2.195126e+00 -5.456880e-02 2.600971e+00 -3.035259e-01 -2.172916e+00 -9.213120e-01 -2.341311e+00 -3.000069e+00 -6.215835e-01 1.103028e+00 7.861144e-01 -1.980602e+00 -1.043906e+00 -7.430914e-01 1.305124e-01 9.044958e-01 -2.526135e-01 -7.925784e-01 -1.012467e-01 -4.899248e-01 -9.228061e-01 -1.400156e-01 -1.959604e-01 1.101713e-01 -2.848317e-01 3.810476e-02 9.196208e-02 4.704181e-02
<VARIANCE> 39
 3.760645e+00 3.797482e+00 2.959651e+00 6.741324e+00 1.276001e+01 7.490294e+00 5.804015e+00 7.696300e+00 1.701503e+01 1.004502e+01 1.045300e+01 7.482237e+00 5.000000e-02 1.578233e+00 9.328179e-01 1.531871e+00 9.691411e-01 1.845195e+00 2.407320e+00 1.008196e+00 1.252030e+00 1.420076e+00 1.270138e+00 6.703903e-01 9.348844e-01 5.000000e-02 2.498264e-01 5.586865e-02 1.704022e-01 1.653318e-01 3.029543e-01 6.774260e-02 3.954435e-01 6.122533e-01 1.553392e-01 2.412818e-01 2.589915e-01 3.542017e-01 5.000000e-02
<GCONST> 7.001215e+01
<STATE> 4
<MEAN> 39
 7.245009e-01 -9.964876e+00 -1.246227e+01 -4.945136e+00 -9.341576e+00 -1.915870e+01 -1.856264e+00 -6.056001e-01 8.410843e+00 -9.533300e+00 -7.307834e-02 -4.059338e+00 4.518827e-01 2.249044e+00 -1.250799e+00 -2.896824e+00 -9.246009e-01 -2.616585e+00 -3.314513e+00 -3.602368e-01 -1.432704e+00 9.565281e-01 -1.216914e+00 -4.244808e-01 -2.870845e-01 1.758641e-01 -5.356651e-01 -5.070644e-01 9.118050e-02 2.419416e-01 5.960600e-01 1.282179e+00 3.816252e-01 -4.828739e-01 -4.885230e-01 5.464475e-01 2.250689e-01 5.654957e-01 -1.618326e-02
<VARIANCE> 39
 1.168754e+01 9.295395e+00 8.174503e+00 9.655259e+00 7.110773e+00 3.063205e+01 6.287702e+00 4.544809e+01 1.179456e+01 1.810460e+01 6.340046e+00 5.270283e+00 5.000000e-02 3.768147e+00 1.461322e+00 1.668778e+00 8.763251e-01 1.008612e+00 7.620673e+00 1.270401e+00 5.016528e+00 1.228265e+00 2.758763e+00 3.399256e+00 2.399088e+00 5.000000e-02 5.000000e-02 3.784689e-01 2.728605e-01 3.171687e-01 4.267820e-01 1.604089e+00 4.398552e-01 8.562771e-01 6.174773e-01 2.214481e-01 4.555981e-01 3.308490e-01 5.000000e-02
<GCONST> 8.930293e+01
<STATE> 5
<MEAN> 39
 5.745884e+00 -1.390464e+01 -1.458910e+01 -5.245105e+00 -1.063837e+01 -1.912112e+01 -2.090597e+00 6.675036e-01 5.962743e+00 -8.546813e+00 -6.415832e-01 -1.478421e+00 5.967173e-01 1.360775e+00 -1.122193e+00 -2.769975e+00 5.593566e-01 -1.420875e+00 -1.533329e+00 -6.041192e-01 -9.624450e-01 1.333077e-01 -6.009213e-01 7.125116e-01 8.439471e-01 1.121223e-01 -1.545550e+00 8.088383e-02 1.408875e-01 5.479429e-01 8.772998e-01 1.440848e+00 9.242257e-01 -3.336157e-01 -1.599183e-01 3.475397e-01 -9.422915e-02 4.385957e-01 -3.160628e-02
<VARIANCE> 39
 1.342176e+01 2.960232e+00 6.815062e+00 4.841715e+00 6.863401e+00 1.166743e+01 5.225094e+00 3.956593e+01 1.118445e+01 1.196219e+01 3.145337e+01 2.979142e+01 5.000000e-02 2.466491e+00 2.046507e+00 1.475073e+00 7.792406e-01 1.304146e+00 8.350344e+00 3.079172e+00 3.958023e+00 2.049083e+00 6.715631e-01 3.118588e+00 2.912419e+00 5.000000e-02 1.855499e-01 1.190068e-01 1.481368e-01 2.846106e-01 4.480585e-01 6.641549e-01 3.885775e-01 7.056614e-01 5.659387e-01 3.926949e-01 6.925826e-01 9.385698e-01 5.000000e-02
<GCONST> 8.907415e+01
<STATE> 6
<MEAN> 39
 4.164287e+00 -1.407926e+01 -1.855114e+01 -3.659863e+00 -1.239677e+01 -2.023896e+01 -9.454815e-01 -5.814113e+00 7.055331e+00 -1.160801e+01 1.561065e+00 -2.623436e+00 6.995003e-01 -1.571718e+00 -1.196263e+00 -2.514448e+00 7.154622e-01 4.927075e-01 2.255917e+00 2.636099e+00 -6.748477e-01 4.787543e-01 2.612405e-01 -1.034720e+00 2.422510e+00 7.070444e-02 -1.158145e+00 -2.011219e-01 1.854833e-01 1.816237e-01 1.308760e+00 1.420873e+00 1.022685e+00 4.344375e-01 -3.643848e-01 3.562485e-01 -8.565316e-01 6.576163e-01 -1.668548e-02
<VARIANCE> 39
 2.234849e+01 1.788609e+01 6.615026e+00 3.224931e+00 1.330454e+00 4.404390e+01 2.372719e+01 5.752512e+01 1.001167e+01 3.060271e+01 3.695703e+01 5.037911e+01 5.000000e-02 1.120741e-01 1.865172e+00 3.307345e-01 1.242076e+00 3.573313e+00 9.368176e+00 3.468931e+00 1.987095e+00 4.031709e+00 1.586979e+00 2.585448e+00 5.826425e+00 5.000000e-02 2.485124e-01 3.109674e-01 4.150692e-01 6.208596e-02 5.000000e-02 1.285207e+00 9.256246e-01 4.651408e-01 4.543362e-01 3.634014e-01 1.191085e+00 1.637740e+00 5.000000e-02
<GCONST> 9.290015e+01
<STATE> 7
<MEAN> 39
 1.103413e+00 -1.556315e+01 -2.291994e+01 -2.279931e+00 -1.137152e+01 -1.617410e+01 3.183836e+00 -2.570172e+00 8.059351e+00 -8.431379e+00 -1.478016e+00 3.316610e+00 7.980914e-01 -2.902404e+00 -1.758959e+00 -2.732115e+00 6.445919e-01 2.393215e+00 3.308437e+00 4.051265e+00 -3.874823e-01 -1.047195e+00 -3.116848e-01 -2.755030e+00 1.937782e+00 6.625812e-02 -2.335054e-01 -2.398693e-01 4.801477e-01 2.772949e-02 1.111157e+00 5.831901e-01 1.046098e-01 -7.768597e-03 -7.020113e-01 -4.227192e-03 -4.909048e-01 -1.730915e-01 -7.378289e-03
<VARIANCE> 39
 2.253422e+01 1.344127e+01 1.595125e+01 5.304941e+00 2.229935e+01 8.482383e+01 6.047836e+01 6.994220e+00 5.153960e+01 1.924615e+01 3.428715e+01 1.329883e+01 5.000000e-02 5.000000e-02 1.456448e+00 2.863320e+00 2.404330e-01 3.289688e+00 5.379869e+00 3.728548e+00 7.996473e-01 5.518826e+00 1.512631e+00 3.647919e+00 6.800839e+00 5.000000e-02 1.707991e-01 2.921305e-01 3.819394e-01 2.532889e-01 3.822507e-01 1.268583e+00 1.212150e+00 3.659827e-01 9.104496e-01 4.915338e-01 1.136721e+00 7.792991e-01 5.000000e-02
<GCONST> 9.796686e+01
<STATE> 8
<MEAN> 39
 -3.714418e+00 -1.977287e+01 -2.816785e+01 -1.069306e+00 -2.610012e+00 -1.124003e+01 1.329533e+01 -3.837792e+00 5.618227e-01 -1.020072e+01 -9.426354e+00 6.613914e+00 9.201429e-01 -1.651900e+00 -1.791720e+00 -8.570480e-01 1.314884e+00 3.252492e+00 2.954966e+00 1.523585e+00 -1.290347e+00 -1.237010e+00 -7.835407e-02 -1.718399e+00 1.402899e+00 4.870774e-02 6.865853e-01 2.214310e-01 1.118914e+00 2.386072e-02 -5.046609e-02 -3.275778e-01 -1.592171e+00 -3.169866e-01 5.803181e-01 5.234274e-01 1.151070e+00 -6.522866e-01 -1.319112e-02
<VARIANCE> 39
 9.230734e+00 6.292501e+00 1.475286e+01 3.203526e+00 2.891400e+01 5.352068e+01 2.447922e+01 2.325385e+01 6.436151e+01 8.051569e+00 2.129665e+01 1.603711e+01 5.000000e-02 7.331625e-01 7.854602e-01 2.760113e+00 5.747899e-01 1.079151e+00 1.225399e+00 3.083700e+00 9.164318e-01 2.451665e+00 3.068228e+00 4.416296e+00 1.660488e+00 5.000000e-02 5.000000e-02 1.733595e-01 2.002561e-01 7.564067e-02 4.198347e-01 6.183558e-01 3.035994e-01 2.106420e-01 1.247747e+00 3.719172e-01 3.913981e-01 1.091440e+00 5.000000e-02
<GCONST> 8.696379e+01
<STATE> 9
<MEAN> 39
 -7.407742e+00 -2.319466e+01 -2.332596e+01 -7.462294e-01 6.170798e-01 -3.569623e+00 7.592342e+00 -8.495686e+00 3.939995e+00 -9.253616e+00 -5.815359e+00 5.598488e+00 9.549595e-01 -4.043046e-01 -7.197070e-01 6.858910e-01 4.818794e-01 2.937268e+00 1.514516e+00 -9.274295e-01 -1.508370e+00 -2.995502e-01 1.395660e+00 3.789230e-01 -8.427711e-01 2.430294e-02 6.181243e-01 5.842831e-01 2.178872e-01 -2.145760e-01 -5.568730e-01 -4.872244e-01 -7.407458e-01 1.496970e-01 2.954637e-01 3.183191e-01 2.132811e-01 -7.659542e-01 -1.100687e-02
<VARIANCE> 39
 9.923963e+00 6.523211e+00 1.932951e+01 1.011611e+01 1.447575e+01 3.219764e+01 3.114374e+01 2.950216e+01 1.178514e+01 5.214703e+00 9.054629e+00 2.182958e+01 5.000000e-02 6.182942e-01 9.270285e-01 4.035365e-01 4.322097e-01 8.629438e-01 5.579751e-01 1.400225e+00 6.450915e-01 5.679357e+00 6.114696e-01 3.780726e-01 1.152707e+00 5.000000e-02 5.000000e-02 7.244261e-02 8.803388e-02 7.240334e-02 1.666698e-01 3.316098e-01 4.846967e-01 2.469212e-01 2.725798e-01 2.037671e-01 2.457929e-01 5.234352e-01 5.000000e-02
<GCONST> 7.115143e+01
<STATE> 10
<MEAN> 39
 -5.332908e+00 -2.238476e+01 -2.361272e+01 1.272961e+00 5.836652e+00 -2.679996e+00 7.467502e+00 -1.089343e+01 3.965772e+00 -5.915238e+00 -6.825471e+00 3.887890e+00 9.806731e-01 2.963542e-01 -3.620397e-01 5.324212e-01 1.326072e-01 1.179110e+00 1.892590e+00 -1.380402e+00 -8.923284e-02 7.745599e-02 1.600664e+00 1.170954e-02 -5.874490e-01 9.488120e-03 7.092884e-02 7.099597e-02 -2.588618e-02 -5.629727e-01 -5.979803e-01 -3.009825e-01 2.303663e-01 6.718244e-01 1.137285e-02 4.753769e-02 -1.166608e-01 -7.398652e-03 -6.838404e-03
<VARIANCE> 39
 7.354138e+00 2.924264e+00 2.717576e+01 1.384382e+01 7.861289e+00 3.900451e+01 1.982105e+01 2.462072e+01 1.182612e+01 5.259623e+00 1.993003e+01 1.487517e+01 5.000000e-02 1.115659e-01 3.995982e-01 6.120527e-01 5.257663e-01 6.637274e-01 9.117159e-01 6.774691e-01 6.329014e-01 7.958952e-01 5.232580e-01 1.275895e+00 8.974115e-01 5.000000e-02 8.705828e-02 5.000000e-02 1.716770e-01 6.451587e-02 1.764579e-01 1.440702e-01 1.457764e-01 9.359252e-02 4.249911e-01 1.598371e-01 6.327607e-02 3.344534e-01 5.000000e-02
<GCONST> 6.264145e+01
<STATE> 11
<MEAN> 39
 -5.057933e+00 -2.319719e+01 -2.313898e+01 1.753128e+00 5.017706e+00 7.261791e-01 4.597390e+00 -7.922826e+00 2.487653e+00 -3.325201e+00 -7.694176e+00 3.832073e+00 9.954094e-01 -7.260979e-03 -3.428658e-01 9.361212e-02 -8.406871e-01 6.175129e-01 9.072800e-01 -6.828423e-01 4.689021e-01 -2.531811e-01 1.516674e+00 -2.792321e-01 -7.055063e-01 1.264732e-03 7.518153e-02 -6.402422e-02 -1.423469e-01 -7.299911e-01 -5.326197e-01 -6.173270e-01 3.190793e-01 3.612009e-01 -9.342252e-03 -2.337799e-01 -2.519753e-01 -1.876598e-01 -6.210069e-03
<VARIANCE> 39
 6.801192e+00 3.522294e+00 2.230580e+01 1.210915e+01 1.334681e+01 1.854387e+01 1.433804e+01 2.131556e+01 3.913113e+00 9.052603e+00 2.976849e+00 9.608314e+00 5.000000e-02 9.561400e-02 1.573773e-01 5.520361e-01 3.085748e-01 6.569772e-01 9.832359e-01 7.966681e-01 4.126458e-01 5.366312e-01 7.843057e-01 5.443570e-01 1.571358e+00 5.000000e-02 5.000000e-02 5.000000e-02 1.642213e-01 1.109241e-01 1.694018e-01 2.150977e-01 5.208113e-02 5.000000e-02 2.371289e-01 2.189213e-01 5.088101e-02 1.485693e-01 5.000000e-02
<GCONST> 5.397919e+01
<STATE> 12
<MEAN> 39
 -5.628755e+00 -2.373677e+01 -2.313127e+01 -1.849738e+00 7.079767e+00 4.917095e-01 6.354984e+00 -8.344736e+00 3.404526e+00 -1.896380e+00 -6.897201e+00 2.343327e+00 9.873983e-01 3.255194e-01 -4.543296e-01 5.506610e-01 -2.103399e+00 6.544837e-02 -3.985940e-01 5.911304e-02 9.980493e-01 1.509799e-01 1.012784e+00 -6.070494e-01 -1.569392e+00 -1.349900e-02 4.243128e-01 5.005144e-02 2.844722e-01 -2.133266e-01 -6.412295e-01 -5.528886e-01 -8.404781e-02 -1.019883e-01 3.285518e-01 -4.897671e-01 1.152778e-02 -6.278017e-01 -1.768455e-02
<VARIANCE> 39
 8.680112e+00 8.805375e+00 1.845159e+01 1.699868e+01 1.910476e+01 1.627839e+01 9.359272e+00 2.491249e+01 2.193409e+01 1.064626e+00 1.011557e+01 1.085814e+01 5.000000e-02 2.836326e-01 4.350187e-01 1.196369e+00 4.539719e-01 1.153586e+00 1.420995e+00 1.231969e+00 1.788098e-01 3.809944e-01 1.213739e+00 8.328094e-01 1.088580e+00 5.000000e-02 5.000000e-02 9.455919e-02 7.410795e-02 2.709112e-01 8.614011e-02 1.035938e-01 1.376979e-01 1.454759e-01 1.414916e-01 5.000000e-02 5.624493e-02 2.643712e-01 5.000000e-02
<GCONST> 6.017341e+01
<STATE> 13
<MEAN> 39
 -4.274380e+00 -2.485845e+01 -2.278147e+01 -4.470799e+00 6.156010e+00 -1.464860e+00 4.871620e+00 -4.932174e+00 2.611606e+00 -6.103998e-01 -1.020544e+01 -8.273018e-01 9.687714e-01 1.301608e+00 -4.374159e-01 1.102578e+00 -1.911317e+00 -1.331965e+00 -2.292679e-01 -7.824697e-01 6.655072e-02 1.244776e+00 -1.440777e-01 -2.995639e-01 -2.827706e+00 -4.045843e-02 4.862220e-01 1.901119e-02 5.759775e-01 7.156156e-01 -7.517244e-01 1.372420e-01 -2.889342e-01 -1.026591e-01 9.157921e-02 -4.857120e-01 3.476904e-01 3.822870e-01 -2.554096e-02
<VARIANCE> 39
 1.080434e+01 4.581833e+00 8.459805e+00 1.250713e+01 3.265120e+01 2.809142e+01 2.792097e+01 1.648437e+01 1.282703e+01 7.929291e+00 1.327230e+01 3.440010e+01 5.000000e-02 4.060404e-01 5.938687e-01 8.635374e-01 2.664929e+00 6.810030e-01 1.753343e+00 4.392142e-01 5.559013e-01 1.524121e+00 1.880691e+00 1.094555e+00 1.223435e+00 5.000000e-02 7.412361e-02 1.141003e-01 1.852900e-01 3.970314e-01 2.779425e-01 1.959801e-01 1.822150e-01 1.577052e-01 1.484336e-01 6.521233e-01 2.317552e-01 7.136211e-01 5.000000e-02
<GCONST> 7.649963e+01
<STATE> 14
<MEAN> 39
 -7.342725e-01 -2.455541e+01 -1.816351e+01 -8.789889e+00 2.183073e+00 -2.802603e+00 3.680125e+00 -8.685786e+00 7.551000e+00 -1.825957e+00 -6.907240e+00 -6.773456e+00 7.947420e-01 2.104636e+00 -6.359965e-01 2.032919e+00 1.166598e+00 -2.408811e+00 1.995395e-01 -1.489855e+00 7.696074e-01 1.180237e-02 -9.345106e-01 4.722684e-01 1.664117e-01 -1.025121e-01 -7.381389e-02 -1.689978e-01 -1.954322e-01 1.036536e+00 3.536618e-01 2.595493e-01 9.035432e-02 2.553593e-01 -5.102335e-01 2.839904e-02 4.323080e-01 1.195915e+00 -6.969462e-03
<VARIANCE> 39
 8.101704e+00 1.570249e+01 2.709702e+01 2.239960e+01 2.229133e+01 4.509222e+01 2.005627e+01 1.775440e+01 2.826080e+01 2.061809e+01 2.886834e+01 3.380252e+01 5.000000e-02 2.511712e-01 1.105816e+00 1.922200e+00 2.532565e+00 1.176392e+00 1.800423e+00 2.453317e-01 1.616667e+00 1.450229e+00 2.023579e+00 1.754427e+00 3.703079e+00 5.000000e-02 1.351603e-01 1.730525e-01 2.919091e-01 7.517132e-01 1.804573e-01 7.926591e-01 1.944420e-01 4.970692e-01 2.664293e-01 3.985440e-01 6.348441e-01 5.934187e-01 5.000000e-02
<GCONST> 9.028637e+01
<STATE> 15
<MEAN> 39
 2.444487e+00 -2.691052e+01 -1.547065e+01 -2.223795e+00 -3.201472e+00 1.260471e+00 3.774054e-01 -1.866420e+00 3.950229e+00 -3.674718e+00 -8.901820e+00 -1.920498e+00 6.375859e-01 1.159948e+00 -7.930698e-01 8.785082e-01 1.605865e+00 -5.010247e-01 -3.013256e-01 -2.883268e-01 1.195768e+00 -7.111726e-01 6.502584e-01 1.563084e+00 1.724969e+00 -8.924060e-02 -5.105189e-01 1.842650e-01 -6.976542e-01 -1.640166e-01 8.851063e-01 -4.607745e-01 4.200450e-01 -1.026111e-01 -5.277595e-02 2.874820e-01 2.444836e-01 3.929150e-01 1.240281e-02
<VARIANCE> 39
 9.697752e+00 3.762295e+00 1.472557e+01 1.447700e+01 1.135751e+01 1.544397e+01 1.271707e+01 1.620386e+01 8.832157e+00 3.062228e+01 1.446255e+01 3.196846e+00 5.000000e-02 7.479985e-01 6.231618e-01 2.216219e+00 2.432511e+00 1.192836e+00 4.765758e+00 6.643348e-01 5.118203e+00 1.339869e+00 1.455391e+00 2.345153e+00 2.855598e+00 5.000000e-02 7.926686e-02 1.388305e-01 5.927062e-01 4.375494e-01 2.772010e-01 1.761061e-01 8.670693e-02 5.699342e-01 1.397575e-01 7.761403e-01 2.921290e-01 6.949536e-01 5.000000e-02
<GCONST> 8.232880e+01
<STATE> 16
<MEAN> 39
 3.902109e+00 -2.754747e+01 -1.542045e+01 -2.611430e-01 1.447062e-01 -2.850499e+00 2.000539e-01 -5.554495e+00 3.011976e+00 -1.401891e+00 -2.930910e+00 1.483371e+00 5.406495e-01 1.965539e-01 -2.478804e-01 -4.349892e-01 5.463711e-01 1.018722e+00 -1.001142e+00 3.591178e-01 -6.838962e-02 2.353729e-01 -6.960499e-02 1.430856e+00 1.402495e+00 -4.922198e-02 -5.038733e-01 3.603668e-01 -3.414998e-01 -6.718891e-01 1.987259e-01 4.148044e-01 3.135801e-01 -1.681515e-01 2.138977e-01 -1.620618e-01 -6.624228e-01 -4.356234e-01 2.177965e-02
<VARIANCE> 39
 5.394751e-01 3.055956e+00 1.483822e+01 5.123380e+00 8.369203e+00 3.698694e+00 1.402066e+01 3.215423e+01 3.791303e+00 1.820925e+01 6.232968e+00 4.404963e+00 5.000000e-02 4.501717e-01 2.581600e-01 2.091655e+00 1.003954e+00 1.171518e+00 2.137667e+00 2.948387e-01 2.801243e+00 6.029522e-01 4.106309e+00 2.481827e+00 1.980283e+00 5.000000e-02 5.000000e-02 8.936183e-02 1.505575e-01 2.385548e-01 7.771119e-02 5.490141e-01 1.171566e-01 6.152966e-01 1.842186e-01 4.515958e-01 1.845132e-01 3.978806e-01 5.000000e-02
<GCONST> 6.680710e+01
<STATE> 17
<MEAN> 39
 2.849658e+00 -2.746752e+01 -1.672505e+01 -2.271089e+00 -1.532801e-01 -2.273437e+00 2.156126e+00 -1.581007e+00 5.639958e+00 -2.401471e+00 -4.270859e+00 1.314590e+00 4.680219e-01 -1.776862e-01 5.624410e-01 -1.128369e-01 -4.902494e-01 1.429172e-01 2.312397e-01 2.901165e-01 1.049271e-01 -2.849841e-01 -5.603591e-01 -4.230726e-01 1.520523e-01 -2.173335e-02 -4.092602e-02 2.227133e-01 8.181833e-02 -5.666201e-03 2.179354e-01 2.547954e-02 2.010340e-01 -2.005313e-01 -2.663395e-01 -2.838467e-01 -1.722900e-01 -3.250661e-01 8.610410e-03
<VARIANCE> 39
 2.333322e+00 1.465464e+00 2.107100e+01 3.512919e+00 1.420464e+01 6.601234e+00 3.675498e+00 2.921791e+01 1.298392e+01 6.288846e+00 1.657615e+01 6.813635e+00 5.000000e-02 6.397286e-02 3.974507e-01 6.019105e-01 6.277578e-01 7.990102e-01 6.760979e-01 6.499914e-01 1.695580e+00 8.320975e-01 1.201408e+00 4.602295e-01 6.674054e-01 5.000000e-02 5.000000e-02 7.852514e-02 2.014552e-01 1.887150e-01 3.755739e-01 3.397838e-01 5.820691e-02 6.742943e-01 1.124973e-01 1.882473e-01 4.087499e-01 2.521945e-01 5.000000e-02
<GCONST> 5.999260e+01
<STATE> 18
<MEAN> 39
 2.165415e+00 -2.565794e+01 -1.438092e+01 -4.670458e-01 2.310708e+00 -1.163915e+00 2.604179e+00 -3.348142e+00 1.546026e+00 -5.331732e+00 -4.298841e+00 1.912676e+00 4.474581e-01 -1.754243e-01 5.498990e-01 -1.598199e-01 1.669297e-01 1.298477e+00 3.702154e-01 7.367647e-01 1.565122e-01 -7.139339e-01 -1.028312e-01 4.000575e-01 -3.215145e-01 -1.306912e-02 6.251944e-02 4.496022e-02 1.137431e-01 -8.115831e-02 -1.283175e-01 2.115977e-02 -5.501122e-02 5.123574e-02 2.015821e-01 3.431367e-01 1.040402e-02 -3.511304e-01 2.983441e-03
<VARIANCE> 39
 8.424653e-01 1.736717e+00 6.611156e+00 4.248694e+00 1.697706e+01 3.495871e+00 8.875078e+00 2.145622e+01 2.855965e+00 1.322824e+01 1.044289e+01 1.785007e+01 5.000000e-02 2.296737e-01 8.353280e-01 1.770154e+00 8.786959e-01 1.742739e+00 4.210696e-01 4.900017e-01 1.866784e+00 1.568255e+00 5.490043e-01 3.401272e-01 1.619021e+00 5.000000e-02 5.000000e-02 1.373543e-01 6.543924e-02 3.552872e-01 2.590773e-01 1.026358e-01 5.000000e-02 5.097560e-01 1.192538e-01 3.173899e-01 1.297543e-01 3.998646e-01 5.000000e-02
<GCONST> 5.997212e+01
<STATE> 19
<MEAN> 39
 2.483850e+00 -2.578820e+01 -1.853314e+01 -4.128411e+00 2.359223e+00 -1.369064e+00 3.067105e+00 -3.102186e+00 2.648247e+00 -3.589376e+00 -2.950955e+00 2.029783e+00 4.233297e-01 7.219221e-02 4.356822e-01 -1.202819e-01 -1.325099e-01 1.529889e-01 -2.083880e-01 5.258940e-01 1.083014e+00 -1.581670e-01 -2.402336e-01 2.989966e-02 -2.261311e-01 -1.033001e-02 -9.109260e-03 -2.275523e-03 2.981651e-01 5.835488e-01 7.243112e-02 -3.174660e-01 -1.435859e-01 2.979569e-01 -7.824662e-02 -1.971614e-01 -4.660569e-02 -3.078119e-02 -1.088019e-03
<VARIANCE> 39
 1.932649e+00 3.644308e+00 1.190961e+01 2.419510e+00 5.421980e+00 5.885049e+00 3.391965e+00 1.504693e+01 7.968438e+00 3.936976e+00 5.696435e+00 3.044476e+00 5.000000e-02 9.402714e-02 7.340299e-01 6.101730e-01 9.688420e-01 7.797684e-01 4.584588e-01 3.922324e-01 1.575352e+00 2.052555e-01 5.616894e-01 9.022391e-01 1.459887e+00 5.000000e-02 5.000000e-02 1.374630e-01 1.182913e-01 1.086726e-01 1.132092e-01 8.233175e-02 1.452089e-01 1.998766e-01 1.739785e-01 1.246511e-01 5.802436e-02 5.000000e-02 5.000000e-02
<GCONST> 4.788058e+01
<STATE> 20
<MEAN> 39
 2.781490e+00 -2.390930e+01 -1.548454e+01 -1.055422e-01 3.407703e+00 -1.856001e+00 5.650951e+00 2.622537e-01 2.380630e+00 -3.605442e+00 -4.576336e+00 -9.954744e-01 4.182649e-01 -2.689303e-02 7.323420e-01 1.011340e+00 1.589611e+00 8.528417e-01 -6.999180e-01 -4.513513e-01 1.830410e-01 -5.088912e-01 -5.176754e-01 -7.807449e-02 -3.528310e-01 -1.812444e-02 -5.023200e-02 -2.971318e-02 3.934329e-02 8.871992e-02 -2.851267e-02 -9.283048e-02 -5.872253e-01 -4.710677e-01 -1.118234e-01 -1.771673e-01 1.337883e-01 1.654021e-01 -1.784450e-04
<VARIANCE> 39
 2.721957e+00 9.679925e+00 3.138209e+01 7.441740e+00 1.497606e+01 2.973983e+00 3.400695e+00 1.323028e+01 2.771219e+00 4.969649e+00 7.648129e+00 1.287399e+01 5.000000e-02 2.900530e-01 6.726013e-01 1.087471e+00 8.732422e-02 1.287777e-01 1.004713e+00 8.235611e-01 1.503652e+00 1.152226e+00 1.206780e+00 5.487000e-01 4.815603e-01 5.000000e-02 7.239690e-02 2.312388e-01 4.391330e-01 1.293467e-01 3.181993e-01 1.235369e-01 9.298477e-02 7.802859e-02 5.000000e-02 9.156654e-02 1.230286e-01 5.020263e-01 5.000000e-02
<GCONST> 5.611761e+01
<STATE> 21
<MEAN> 39
 2.813827e+00 -2.294930e+01 -1.402511e+01 1.340669e+00 5.009873e+00 -3.377698e+00 1.370410e+00 -1.943201e+00 8.078822e-02 -4.475990e+00 -2.624378e+00 3.212925e-01 3.857426e-01 -1.818534e-01 3.044302e-01 4.014046e-01 8.196928e-01 3.402117e-01 -5.355399e-01 -1.028958e+00 -7.388288e-01 -8.089010e-01 -1.031253e+00 6.903391e-01 -7.437626e-02 -1.186166e-02 -5.423008e-02 -4.344668e-03 -8.651732e-02 -3.842386e-01 -6.969941e-02 1.957419e-01 9.316345e-02 -1.542761e-01 2.482295e-01 1.675464e-01 3.826281e-01 5.291331e-02 -1.064210e-03
<VARIANCE> 39
 4.157560e+00 7.360115e+00 2.280089e+01 6.291999e+00 5.505216e+00 1.440952e+01 1.062681e+01 2.079163e+01 2.290594e+01 3.124700e+00 5.862632e+00 4.152085e+00 5.000000e-02 3.091851e-01 3.476952e-01 1.164614e+00 7.605516e-01 1.030371e+00 7.255701e-01 1.496354e+00 8.197180e-01 1.022839e+00 1.152528e+00 4.293181e-01 8.222246e-01 5.000000e-02 5.000000e-02 1.846801e-01 4.441425e-01 9.213238e-02 1.392748e-01 2.633181e-01 2.156763e-01 3.155431e-01 1.664900e-01 1.670273e-01 2.033001e-01 5.408378e-02 5.000000e-02
<GCONST> 6.302974e+01
<STATE> 22
<MEAN> 39
 2.327654e+00 -2.294787e+01 -1.489210e+01 1.867655e+00 5.014942e+00 -3.942455e+00 2.495213e+00 -1.899264e+00 8.638124e-02 -8.319571e+00 -3.986121e+00 -1.081742e+00 3.837211e-01 -1.034645e-01 8.949267e-01 6.957619e-01 1.911076e-01 6.400359e-01 1.625433e-01 -3.918601e-01 -2.867579e-01 1.215931e-01 2.609666e-01 8.419416e-01 -3.265014e-01 -1.843959e-02 -7.483298e-02 7.164240e-02 9.753419e-02 -3.850290e-01 -1.280659e-01 2.644286e-01 2.048322e-01 2.538628e-01 3.167050e-01 4.701365e-01 -2.429102e-02 5.042601e-02 -3.577827e-03
<VARIANCE> 39
 1.949417e+00 2.458214e+00 4.855652e+00 2.393731e+00 4.666687e+00 6.447464e+00 9.776314e+00 1.004783e+01 1.372352e+01 8.400112e+00 8.472104e+00 6.614007e+00 5.000000e-02 3.182774e-01 8.666191e-01 3.707030e+00 1.265895e+00 1.265968e+00 7.236261e-01 8.844981e-01 6.777171e-01 1.070222e-01 7.897211e-01 8.860396e-01 7.617680e-01 5.000000e-02 7.134644e-02 8.250206e-02 2.321337e-01 1.017397e-01 5.414651e-02 1.962829e-01 5.131123e-01 2.281868e-01 2.831707e-01 2.788472e-01 1.022247e-01 1.772928e-01 5.000000e-02
<GCONST> 5.815013e+01
<STATE> 23
<MEAN> 39
 2.247670e+00 -2.075028e+01 -1.214459e+01 2.127130e+00 6.307914e+00 -2.380695e+00 1.414526e+00 -1.790156e+00 2.144113e+00 -3.589369e+00 -1.771528e-01 -4.896095e-01 3.122916e-01 -5.901338e-01 5.837609e-01 6.824461e-01 -4.605725e-01 2.828001e-01 6.178303e-02 1.726535e-01 7.922598e-01 2.798598e-01 1.573876e-01 2.534513e-01 1.560517e-01 -3.046327e-02 -1.036541e-01 -1.977573e-01 -3.227894e-01 -3.182779e-01 -1.988544e-01 -1.647183e-01 2.670545e-01 1.949253e-01 -1.404807e-01 -2.253059e-01 -3.127172e-01 1.112704e-01 2.962751e-04
<VARIANCE> 39
 6.925770e+00 4.365071e+00 8.006313e+00 9.886345e+00 7.015000e+00 2.679096e+00 1.452771e+01 8.562056e+00 3.480701e+00 1.352062e+00 7.572596e+00 7.218029e+00 5.000000e-02 1.483857e-01 6.218696e-01 1.218246e+00 4.305459e-01 5.373735e-01 1.311048e+00 2.803994e+00 1.191678e+00 1.368874e+00 1.311034e+00 1.062626e+00 5.855369e-01 5.000000e-02 9.016815e-02 1.754620e-01 6.644942e-01 2.543630e-01 2.972446e-01 1.130491e-01 2.518018e-01 1.911195e-01 5.000000e-02 1.360463e-01 1.750241e-01 1.473482e-01 5.000000e-02
<GCONST> 6.071589e+01
<STATE> 24
<MEAN> 39
 8.405895e-01 -2.081442e+01 -1.329374e+01 -2.381513e-01 6.045770e+00 -3.724492e+00 2.855831e+00 -3.105062e-02 2.424078e-01 -6.051774e+00 -1.367451e+00 1.624584e-01 2.968176e-01 -3.201914e-01 3.592212e-01 3.593077e-01 -1.677173e-01 -1.604456e-01 -5.262763e-01 3.227755e-01 7.314397e-01 -4.755519e-02 -7.756411e-01 -3.478466e-01 1.493045e-01 -1.966573e-02 1.692675e-01 -1.832856e-02 -1.235022e-02 5.272950e-02 -6.167896e-02 4.602694e-02 -3.638925e-01 -5.279732e-01 -2.015454e-01 -1.330987e-01 -1.602347e-01 -1.484851e-01 6.971875e-03
<VARIANCE> 39
 2.463383e+00 8.421185e+00 1.591124e+01 5.847174e+00 7.870453e+00 7.624541e+00 1.432257e+01 8.094732e+00 3.184186e+00 1.309494e+01 1.108346e+01 8.716549e+00 5.000000e-02 6.522620e-01 8.989950e-01 3.342018e+00 1.762547e+00 5.184969e-01 1.564337e-01 1.195643e+00 6.002502e-01 2.893209e-01 7.327369e-01 8.971705e-01 7.366562e-01 5.000000e-02 6.967182e-02 9.857801e-02 5.271218e-01 2.516559e-01 8.584812e-02 2.559115e-01 6.912606e-01 2.388550e-01 7.260754e-02 1.870766e-01 3.510637e-01 8.435383e-02 5.000000e-02
<GCONST> 6.339590e+01
<STATE> 25
<MEAN> 39
 5.598906e-01 -2.008919e+01 -1.157427e+01 7.814960e-01 5.489592e+00 -4.796264e+00 2.490700e+00 2.752189e-01 7.473660e-01 -6.991090e+00 -1.609830e+00 4.866824e-02 2.427053e-01 1.080445e-01 3.802752e-01 -9.964823e-02 -7.444794e-01 1.371262e-01 3.845592e-01 -3.551372e-01 -1.233723e+00 -6.727490e-01 2.868292e-01 2.874102e-01 -3.010041e-01 1.152416e-03 2.039052e-01 4.638544e-02 -9.736533e-02 3.263420e-02 2.918986e-01 3.736093e-01 -2.530769e-01 -5.672337e-01 -1.585574e-01 2.776482e-01 1.675182e-01 -1.576545e-01 8.100219e-03
<VARIANCE> 39
 3.952212e+00 4.568945e+00 1.898356e+01 7.808068e+00 6.865560e+00 2.774372e+00 7.420061e+00 1.200044e+01 1.819248e+00 3.371598e+00 1.599203e+01 1.404898e+01 5.000000e-02 1.503953e-01 2.858813e-01 2.526393e+00 1.192036e+00 9.627648e-01 1.242177e+00 2.686578e+00 1.118623e+00 3.992164e-01 5.225051e-01 1.358292e+00 9.948828e-01 5.000000e-02 9.385131e-02 2.492868e-01 5.112073e-01 2.324643e-01 1.810246e-01 1.608576e-01 3.866063e-01 1.683535e-01 5.000000e-02 5.854582e-02 2.603499e-01 1.565726e-01 5.000000e-02
<GCONST> 6.202839e+01
<STATE> 26
<MEAN> 39
 6.379358e-01 -1.982571e+01 -1.254137e+01 -1.313038e+00 7.185207e+00 -9.576018e-01 1.138643e+00 -3.992920e+00 -9.351078e-01 -5.731198e+00 -1.327381e+00 -1.487990e+00 2.890254e-01 -6.295659e-02 -5.903945e-02 -7.586236e-01 -6.629678e-01 7.794936e-01 6.927273e-01 -9.846332e-01 -1.544418e+00 -5.346711e-01 1.763269e-01 2.445979e-01 -2.947040e-01 5.463830e-03 -1.965087e-02 4.298300e-02 9.613982e-02 2.021024e-01 -5.677477e-03 -1.496181e-01 -5.860375e-03 2.340357e-01 1.152184e-01 1.662385e-02 1.386508e-01 3.146218e-01 -2.022086e-03
<VARIANCE> 39
 1.371378e+00 3.399068e+00 1.850396e+01 6.742611e+00 8.827890e+00 7.368062e+00 6.354208e+00 9.928473e+00 1.443888e+01 4.429971e+00 1.024545e+01 6.455819e+00 5.000000e-02 5.127088e-01 1.115175e+00 8.200139e-01 9.096333e-01 8.088874e-01 1.073146e+00 1.296493e+00 7.531496e-01 1.175475e+00 4.148155e-01 1.307915e+00 6.042391e-01 5.000000e-02 5.000000e-02 1.136278e-01 6.128123e-01 2.699970e-01 2.276003e-01 2.657872e-01 2.967884e-01 1.486739e-01 3.395125e-01 1.463559e-01 1.810844e-01 1.660823e-01 5.000000e-02
<GCONST> 6.435280e+01
<STATE> 27
<MEAN> 39
 9.495583e-01 -1.910247e+01 -1.347816e+01 -1.897082e+00 8.376498e+00 -2.252634e+00 -6.222145e-01 -4.987369e+00 -1.448486e+00 -4.839867e+00 -6.185868e-01 -1.704607e+00 2.719366e-01 2.508301e-01 9.823960e-01 1.154191e+00 6.370057e-01 5.077794e-01 7.988548e-02 -7.123978e-01 -5.496029e-01 -3.882655e-01 8.376449e-02 7.374332e-02 2.205265e-01 -7.952952e-03 -3.193117e-01 9.524608e-02 4.634378e-01 4.195384e-01 -3.727935e-01 -3.655026e-01 2.656071e-01 5.469086e-01 1.147725e-01 -2.264303e-01 -1.243623e-01 1.068575e-01 -1.297121e-02
<VARIANCE> 39
 7.034244e+00 1.192773e+01 2.472040e+01 1.139501e+01 1.007279e+01 1.414084e+01 1.418330e+01 1.652834e+00 2.000319e+01 2.074103e+01 1.462357e+01 7.296960e+00 5.000000e-02 1.042839e-01 8.826871e-01 2.802886e+00 8.470444e-01 1.651368e+00 1.466966e+00 6.295965e-01 3.976729e-01 1.631080e+00 1.575253e+00 1.162594e+00 3.806177e-01 5.000000e-02 9.360927e-02 1.184313e-01 4.679625e-01 2.641086e-01 1.092236e-01 3.532589e-01 5.793924e-01 9.770836e-02 2.705973e-01 1.655374e-01 1.481747e-01 1.079600e-01 5.000000e-02
<GCONST> 6.971927e+01
<STATE> 28
<MEAN> 39
 1.414723e+00 -1.786386e+01 -1.094187e+01 2.323786e-01 7.873284e+00 -1.725775e+00 2.936316e-01 -3.826680e+00 -2.047897e+00 -6.845994e+00 -3.782676e-01 1.869989e-01 2.700337e-01 -1.052244e+00 5.550089e-01 8.844430e-01 4.106145e-01 -4.664037e-01 -2.933919e-01 4.569499e-01 6.125706e-01 -9.328451e-02 -2.062070e-01 1.977282e-01 2.016398e-01 -4.235943e-02 -5.121539e-01 1.504135e-01 1.744229e-01 -2.622806e-01 -3.281515e-01 -8.198851e-02 1.807929e-01 2.045628e-01 2.880612e-01 2.564167e-01 -5.736889e-02 -1.545409e-01 -2.078588e-02
<VARIANCE> 39
 4.621967e+00 8.239118e+00 1.923660e+01 8.133724e+00 6.888316e+00 6.575414e+00 1.111910e+01 9.049141e+00 1.850114e+01 1.362009e+01 1.443649e+01 1.028205e+01 5.000000e-02 6.902046e-01 4.856280e-01 1.953104e+00 9.970018e-01 4.693678e-01 1.032676e+00 1.749177e+00 4.437731e-01 1.908060e+00 1.607168e+00 2.729014e-01 6.053225e-01 5.000000e-02 7.905079e-02 7.968152e-02 2.572772e-01 2.140625e-01 2.348395e-01 1.822179e-01 3.253213e-01 2.764699e-01 4.034272e-01 2.817865e-01 1.389980e-01 1.431112e-01 5.000000e-02
<GCONST> 6.863406e+01
<STATE> 29
<MEAN> 39
 -2.505980e+00 -1.614809e+01 -8.599566e+00 -1.576491e-01 6.065103e+00 -4.652391e+00 -8.282977e-01 -3.474147e+00 -5.564794e-01 -4.134315e+00 -2.402294e-01 -1.070667e+00 1.105496e-01 -1.615099e+00 1.124752e+00 1.180185e+00 -1.924258e-01 -8.307904e-01 -3.273174e-01 8.864415e-02 3.092791e-01 6.914108e-01 6.598536e-01 -3.421134e-01 -6.173033e-01 -7.238700e-02 3.636186e-02 4.578458e-02 -1.776654e-01 -2.144275e-01 1.244431e-01 3.915398e-01 3.221529e-01 2.576457e-02 4.895397e-03 7.243548e-02 1.212181e-01 7.142936e-02 -1.011458e-03
<VARIANCE> 39
 2.763284e+00 1.599892e+01 2.035664e+01 3.081835e+00 9.122402e+00 3.539959e+00 5.417172e+00 1.221539e+01 3.822013e+00 7.144555e+00 1.124354e+01 3.115959e+00 5.000000e-02 2.103724e-01 3.561796e-01 1.199056e+00 7.302333e-01 1.014315e+00 8.215271e-01 9.020562e-01 9.341210e-01 2.374233e+00 1.281208e+00 8.861798e-01 7.886800e-01 5.000000e-02 9.744861e-02 3.928614e-01 7.672845e-01 2.287989e-01 1.027232e-01 6.333207e-02 3.021175e-01 6.732490e-02 1.395158e-01 2.779343e-01 1.210964e-01 9.679427e-02 5.000000e-02
<GCONST> 6.119598e+01
<STATE> 30
<MEAN> 39
 -4.927105e+00 -1.583828e+01 -8.454553e+00 -7.409153e-01 5.188514e+00 -1.798709e+00 1.367831e+00 -4.308611e+00 -4.847981e-01 -5.788334e+00 -2.074848e+00 -1.519838e+00 2.701293e-02 -1.165611e+00 7.446503e-01 2.209442e-01 -9.508529e-01 -3.475612e-01 6.555539e-01 6.616479e-01 3.202253e-01 2.289047e-01 6.377000e-01 7.707475e-01 2.763705e-01 -5.703391e-02 3.895920e-01 -5.572189e-02 -1.891864e-01 -1.491286e-01 1.275498e-01 7.522259e-02 -5.872052e-03 2.087688e-01 6.166390e-02 1.028952e-01 3.184499e-01 1.643706e-01 1.292824e-02
<VARIANCE> 39
 7.096639e-01 8.660727e+00 6.787163e+00 4.684864e+00 4.388395e+00 1.492791e+01 1.039201e+01 7.047652e+00 1.810733e+01 8.168356e+00 1.132789e+01 5.854298e+00 5.000000e-02 4.128871e-01 2.166433e+00 2.548468e+00 8.093325e-01 2.292740e-01 3.281230e-01 7.500942e-01 9.169874e-01 1.051498e-01 9.277238e-01 1.723194e+00 9.616716e-01 5.000000e-02 5.000000e-02 7.616038e-02 2.362155e-01 1.184407e-01 1.515980e-01 1.389960e-01 3.101208e-01 9.635921e-02 3.536224e-01 1.098903e-01 1.400353e-01 1.762821e-01 5.000000e-02
<GCONST> 5.799424e+01
<STATE> 31
<MEAN> 39
 -5.473307e+00 -1.278255e+01 -6.254065e+00 -1.844268e+00 5.259719e+00 -1.789708e+00 2.704755e+00 -1.928695e+00 -2.299349e-01 -2.776069e+00 1.821032e+00 -7.866633e-01 -6.152032e-02 -2.849186e-01 8.064855e-01 5.211134e-01 -5.794086e-01 -1.147545e-01 2.859848e-01 6.065399e-01 6.869920e-01 2.976194e-01 6.016799e-01 1.020857e+00 6.272417e-01 -2.609433e-02 2.512842e-01 -1.321442e-01 -6.043979e-02 2.094422e-01 1.500584e-01 -1.232525e-01 -3.264209e-01 -2.654485e-01 -2.814081e-01 -3.099836e-01 -1.342596e-01 -6.181626e-02 1.171454e-02
<VARIANCE> 39
 5.502174e-01 7.671158e+00 5.246687e+00 4.199976e+00 5.212534e+00 2.201946e+00 8.696846e+00 7.314221e+00 6.595562e+00 7.959005e+00 1.297384e+01 7.576252e+00 5.000000e-02 5.388164e-02 1.243345e+00 1.843903e+00 5.728531e-01 5.780291e-01 5.913789e-01 1.409992e+00 3.618572e-01 3.429921e-01 5.077181e-01 4.115553e-01 3.370636e-01 5.000000e-02 5.000000e-02 2.291763e-01 2.032341e-01 9.229833e-02 5.000000e-02 5.000000e-02 1.298267e-01 1.502361e-01 1.213266e-01 3.441389e-01 1.848438e-01 2.208510e-01 5.000000e-02
<GCONST> 4.949846e+01
<STATE> 32
<MEAN> 39
 -5.517916e+00 -1.245176e+01 -6.710108e+00 -3.242781e+00 4.981858e+00 -1.347088e+00 2.103156e+00 -2.768247e-01 1.182568e+00 -3.138196e+00 2.036155e+00 9.661515e-01 -6.040189e-02 -2.435865e-01 3.367988e-01 4.852751e-01 2.646437e-01 2.135984e-02 -1.144632e-02 -5.749681e-01 -2.537388e-01 -4.741690e-01 -4.499981e-01 -2.810733e-01 -4.996000e-01 -1.645163e-02 3.982069e-02 -2.756345e-01 -6.814747e-02 2.989059e-01 -2.186629e-03 -1.887977e-01 -1.074859e-01 -2.439198e-01 -2.806066e-01 -2.331554e-01 -3.242828e-01 -4.009330e-01 6.883586e-03
<VARIANCE> 39
 9.779374e-01 4.278553e+00 6.908449e+00 3.212638e+00 2.907262e+00 1.038142e+01 1.197871e+01 4.406364e+00 7.020457e+00 7.744916e+00 3.623398e+00 5.332376e+00 5.000000e-02 9.038217e-02 2.773034e-01 2.173582e-01 3.255403e-01 6.391346e-01 7.599320e-01 3.975929e-01 6.781366e-01 6.721042e-01 2.029430e+00 3.034271e-01 9.587424e-01 5.000000e-02 5.000000e-02 1.556624e-01 2.887548e-01 2.321842e-01 5.000000e-02 1.956400e-01 3.609408e-01 5.000000e-02 5.000000e-02 1.236458e-01 5.197736e-02 1.067130e-01 5.000000e-02
<GCONST> 4.577877e+01
<STATE> 33
<MEAN> 39
 -6.273320e+00 -1.122821e+01 -5.489818e+00 -2.121484e+00 4.557628e+00 -3.508146e+00 -6.117381e-02 -4.873807e+00 -1.001184e+00 -3.738084e+00 1.012602e+00 -8.731760e-01 -9.212364e-02 -3.261639e-01 1.896679e-01 4.437090e-01 4.376539e-01 -1.573271e-01 -2.495090e-01 1.130962e-01 -6.330726e-01 -1.045869e+00 -5.959648e-01 -2.678700e-01 -8.949980e-01 -1.056123e-02 1.302632e-01 -4.240458e-02 4.054745e-02 6.679017e-02 -5.769444e-02 -8.582021e-02 1.057290e-01 7.485872e-02 1.011741e-01 5.855665e-02 4.632122e-02 8.019487e-02 7.376972e-03
<VARIANCE> 39
 1.075881e+00 4.629463e+00 5.219746e+00 6.069046e+00 3.248240e+00 4.131695e+00 5.979941e+00 2.043221e+00 5.249175e+00 1.583278e+01 2.136733e+00 1.566056e+00 5.000000e-02 5.000000e-02 5.004228e-01 5.877962e-01 9.188029e-01 2.005015e-01 1.046824e+00 1.118070e+00 4.603262e-01 3.085593e-01 7.428025e-01 2.318649e-01 9.012052e-01 5.000000e-02 5.000000e-02 5.000000e-02 8.989582e-02 5.000000e-02 6.834411e-02 5.449602e-02 1.071837e-01 7.482421e-02 5.000000e-02 3.934211e-01 5.000000e-02 1.323184e-01 5.000000e-02
<GCONST> 3.814888e+01
<TRANSP> 34
 0.000000e+00 1.000000e+00 0.000000e+00 0.000000e+00 0.000000e+00 0.000000e+00 0.000000e+00 0.000000e+00 0.000000e+00 0.000000e+00 0.000000e+00 0.000000e+00 0.000000e+00 0.000000e+00 0.000000e+00 0.000000e+00 0.000000e+00 0.000000e+00 0.000000e+00 0.000000e+00 0.000000e+00 0.000000e+00 0.000000e+00 0.000000e+00 0.000000e+00 0.000000e+00 0.000000e+00 0.000000e+00 0.000000e+00 0.000000e+00 0.000000e+00 0.000000e+00 0.000000e+00 0.000000e+00
 0.000000e+00 4.389749e-01 5.610251e-01 0.000000e+00 0.000000e+00 0.000000e+00 0.000000e+00 0.000000e+00 0.000000e+00 0.000000e+00 0.000000e+00 0.000000e+00 0.000000e+00 0.000000e+00 0.000000e+00 0.000000e+00 0.000000e+00 0.000000e+00 0.000000e+00 0.000000e+00 0.000000e+00 0.000000e+00 0.000000e+00 0.000000e+00 0.000000e+00 0.000000e+00 0.000000e+00 0.000000e+00 0.000000e+00 0.000000e+00 0.000000e+00 0.000000e+00 0.000000e+00 0.000000e+00
 0.000000e+00 0.000000e+00 5.000092e-01 4.999909e-01 0.000000e+00 0.000000e+00 0.000000e+00 0.000000e+00 0.000000e+00 0.000000e+00 0.000000e+00 0.000000e+00 0.000000e+00 0.000000e+00 0.000000e+00 0.000000e+00 0.000000e+00 0.000000e+00 0.000000e+00 0.000000e+00 0.000000e+00 0.000000e+00 0.000000e+00 0.000000e+00 0.000000e+00 0.000000e+00 0.000000e+00 0.000000e+00 0.000000e+00 0.000000e+00 0.000000e+00 0.000000e+00 0.000000e+00 0.000000e+00
 0.000000e+00 0.000000e+00 0.000000e+00 3.747673e-01 6.252327e-01 0.000000e+00 0.000000e+00 0.000000e+00 0.000000e+00 0.000000e+00 0.000000e+00 0.000000e+00 0.000000e+00 0.000000e+00 0.000000e+00 0.000000e+00 0.000000e+00 0.000000e+00 0.000000e+00 0.000000e+00 0.000000e+00 0.000000e+00 0.000000e+00 0.000000e+00 0.000000e+00 0.000000e+00 0.000000e+00 0.000000e+00 0.000000e+00 0.000000e+00 0.000000e+00 0.000000e+00 0.000000e+00 0.000000e+00
 0.000000e+00 0.000000e+00 0.000000e+00 0.000000e+00 3.752325e-01 6.247675e-01 0.000000e+00 0.000000e+00 0.000000e+00 0.000000e+00 0.000000e+00 0.000000e+00 0.000000e+00 0.000000e+00 0.000000e+00 0.000000e+00 0.000000e+00 0.000000e+00 0.000000e+00 0.000000e+00 0.000000e+00 0.000000e+00 0.000000e+00 0.000000e+00 0.000000e+00 0.000000e+00 0.000000e+00 0.000000e+00 0.000000e+00 0.000000e+00 0.000000e+00 0.000000e+00 0.000000e+00 0.000000e+00
 0.000000e+00 0.000000e+00 0.000000e+00 0.000000e+00 0.000000e+00 1.666775e-01 8.333225e-01 0.000000e+00 0.000000e+00 0.000000e+00 0.000000e+00 0.000000e+00 0.000000e+00 0.000000e+00 0.000000e+00 0.000000e+00 0.000000e+00 0.000000e+00 0.000000e+00 0.000000e+00 0.000000e+00 0.000000e+00 0.000000e+00 0.000000e+00 0.000000e+00 0.000000e+00 0.000000e+00 0.000000e+00 0.000000e+00 0.000000e+00 0.000000e+00 0.000000e+00 0.000000e+00 0.000000e+00
 0.000000e+00 0.000000e+00 0.000000e+00 0.000000e+00 0.000000e+00 0.000000e+00 3.736539e-01 6.263461e-01 0.000000e+00 0.000000e+00 0.000000e+00 0.000000e+00 0.000000e+00 0.000000e+00 0.000000e+00 0.000000e+00 0.000000e+00 0.000000e+00 0.000000e+00 0.000000e+00 0.000000e+00 0.000000e+00 0.000000e+00 0.000000e+00 0.000000e+00 0.000000e+00 0.000000e+00 0.000000e+00 0.000000e+00 0.000000e+00 0.000000e+00 0.000000e+00 0.000000e+00 0.000000e+00
 0.000000e+00 0.000000e+00 0.000000e+00 0.000000e+00 0.000000e+00 0.000000e+00 0.000000e+00 3.771766e-01 6.228234e-01 0.000000e+00 0.000000e+00 0.000000e+00 0.000000e+00 0.000000e+00 0.000000e+00 0.000000e+00 0.000000e+00 0.000000e+00 0.000000e+00 0.000000e+00 0.000000e+00 0.000000e+00 0.000000e+00 0.000000e+00 0.000000e+00 0.000000e+00 0.000000e+00 0.000000e+00 0.000000e+00 0.000000e+00 0.000000e+00 0.000000e+00 0.000000e+00 0.000000e+00
 0.000000e+00 0.000000e+00 0.000000e+00 0.000000e+00 0.000000e+00 0.000000e+00 0.000000e+00 0.000000e+00 4.428801e-01 5.571199e-01 0.000000e+00 0.000000e+00 0.000000e+00 0.000000e+00 0.000000e+00 0.000000e+00 0.000000e+00 0.000000e+00 0.000000e+00 0.000000e+00 0.000000e+00 0.000000e+00 0.000000e+00 0.000000e+00 0.000000e+00 0.000000e+00 0.000000e+00 0.000000e+00 0.000000e+00 0.000000e+00 0.000000e+00 0.000000e+00 0.000000e+00 0.000000e+00
 0.000000e+00 0.000000e+00 0.000000e+00 0.000000e+00 0.000000e+00 0.000000e+00 0.000000e+00 0.000000e+00 0.000000e+00 3.759237e-01 6.240763e-01 0.000000e+00 0.000000e+00 0.000000e+00 0.000000e+00 0.000000e+00 0.000000e+00 0.000000e+00 0.000000e+00 0.000000e+00 0.000000e+00 0.000000e+00 0.000000e+00 0.000000e+00 0.000000e+00 0.000000e+00 0.000000e+00 0.000000e+00 0.000000e+00 0.000000e+00 0.000000e+00 0.000000e+00 0.000000e+00 0.000000e+00
 0.000000e+00 0.000000e+00 0.000000e+00 0.000000e+00 0.000000e+00 0.000000e+00 0.000000e+00 0.000000e+00 0.000000e+00 0.000000e+00 2.860539e-01 7.139462e-01 0.000000e+00 0.000000e+00 0.000000e+00 0.000000e+00 0.000000e+00 0.000000e+00 0.000000e+00 0.000000e+00 0.000000e+00 0.000000e+00 0.000000e+00 0.000000e+00 0.000000e+00 0.000000e+00 0.000000e+00 0.000000e+00 0.000000e+00 0.000000e+00 0.000000e+00 0.000000e+00 0.000000e+00 0.000000e+00
 0.000000e+00 0.000000e+00 0.000000e+00 0.000000e+00 0.000000e+00 0.000000e+00 0.000000e+00 0.000000e+00 0.000000e+00 0.000000e+00 0.000000e+00 3.749243e-01 6.250757e-01 0.000000e+00 0.000000e+00 0.000000e+00 0.000000e+00 0.000000e+00 0.000000e+00 0.000000e+00 0.000000e+00 0.000000e+00 0.000000e+00 0.000000e+00 0.000000e+00 0.000000e+00 0.000000e+00 0.000000e+00 0.000000e+00 0.000000e+00 0.000000e+00 0.000000e+00 0.000000e+00 0.000000e+00
 0.000000e+00 0.000000e+00 0.000000e+00 0.000000e+00 0.000000e+00 0.000000e+00 0.000000e+00 0.000000e+00 0.000000e+00 0.000000e+00 0.000000e+00 0.000000e+00 3.750392e-01 6.249608e-01 0.000000e+00 0.000000e+00 0.000000e+00 0.000000e+00 0.000000e+00 0.000000e+00 0.000000e+00 0.000000e+00 0.000000e+00 0.000000e+00 0.000000e+00 0.000000e+00 0.000000e+00 0.000000e+00 0.000000e+00 0.000000e+00 0.000000e+00 0.000000e+00 0.000000e+00 0.000000e+00
 0.000000e+00 0.000000e+00 0.000000e+00 0.000000e+00 0.000000e+00 0.000000e+00 0.000000e+00 0.000000e+00 0.000000e+00 0.000000e+00 0.000000e+00 0.000000e+00 0.000000e+00 4.444495e-01 5.555505e-01 0.000000e+00 0.000000e+00 0.000000e+00 0.000000e+00 0.000000e+00 0.000000e+00 0.000000e+00 0.000000e+00 0.000000e+00 0.000000e+00 0.000000e+00 0.000000e+00 0.000000e+00 0.000000e+00 0.000000e+00 0.000000e+00 0.000000e+00 0.000000e+00 0.000000e+00
 0.000000e+00 0.000000e+00 0.000000e+00 0.000000e+00 0.000000e+00 0.000000e+00 0.000000e+00 0.000000e+00 0.000000e+00 0.000000e+00 0.000000e+00 0.000000e+00 0.000000e+00 0.000000e+00 3.748442e-01 6.251558e-01 0.000000e+00 0.000000e+00 0.000000e+00 0.000000e+00 0.000000e+00 0.000000e+00 0.000000e+00 0.000000e+00 0.000000e+00 0.000000e+00 0.000000e+00 0.000000e+00 0.000000e+00 0.000000e+00 0.000000e+00 0.000000e+00 0.000000e+00 0.000000e+00
 0.000000e+00 0.000000e+00 0.000000e+00 0.000000e+00 0.000000e+00 0.000000e+00 0.000000e+00 0.000000e+00 0.000000e+00 0.000000e+00 0.000000e+00 0.000000e+00 0.000000e+00 0.000000e+00 0.000000e+00 2.858813e-01 7.141187e-01 0.000000e+00 0.000000e+00 0.000000e+00 0.000000e+00 0.000000e+00 0.000000e+00 0.000000e+00 0.000000e+00 0.000000e+00 0.000000e+00 0.000000e+00 0.000000e+00 0.000000e+00 0.000000e+00 0.000000e+00 0.000000e+00 0.000000e+00
 0.000000e+00 0.000000e+00 0.000000e+00 0.000000e+00 0.000000e+00 0.000000e+00 0.000000e+00 0.000000e+00 0.000000e+00 0.000000e+00 0.000000e+00 0.000000e+00 0.000000e+00 0.000000e+00 0.000000e+00 0.000000e+00 4.999897e-01 5.000103e-01 0.000000e+00 0.000000e+00 0.000000e+00 0.000000e+00 0.000000e+00 0.000000e+00 0.000000e+00 0.000000e+00 0.000000e+00 0.000000e+00 0.000000e+00 0.000000e+00 0.000000e+00 0.000000e+00 0.000000e+00 0.000000e+00
 0.000000e+00 0.000000e+00 0.000000e+00 0.000000e+00 0.000000e+00 0.000000e+00 0.000000e+00 0.000000e+00 0.000000e+00 0.000000e+00 0.000000e+00 0.000000e+00 0.000000e+00 0.000000e+00 0.000000e+00 0.000000e+00 0.000000e+00 3.750195e-01 6.249806e-01 0.000000e+00 0.000000e+00 0.000000e+00 0.000000e+00 0.000000e+00 0.000000e+00 0.000000e+00 0.000000e+00 0.000000e+00 0.000000e+00 0.000000e+00 0.000000e+00 0.000000e+00 0.000000e+00 0.000000e+00
 0.000000e+00 0.000000e+00 0.000000e+00 0.000000e+00 0.000000e+00 0.000000e+00 0.000000e+00 0.000000e+00 0.000000e+00 0.000000e+00 0.000000e+00 0.000000e+00 0.000000e+00 0.000000e+00 0.000000e+00 0.000000e+00 0.000000e+00 0.000000e+00 4.444416e-01 5.555584e-01 0.000000e+00 0.000000e+00 0.000000e+00 0.000000e+00 0.000000e+00 0.000000e+00 0.000000e+00 0.000000e+00 0.000000e+00 0.000000e+00 0.000000e+00 0.000000e+00 0.000000e+00 0.000000e+00
 0.000000e+00 0.000000e+00 0.000000e+00 0.000000e+00 0.000000e+00 0.000000e+00 0.000000e+00 0.000000e+00 0.000000e+00 0.000000e+00 0.000000e+00 0.000000e+00 0.000000e+00 0.000000e+00 0.000000e+00 0.000000e+00 0.000000e+00 0.000000e+00 0.000000e+00 3.749959e-01 6.250041e-01 0.000000e+00 0.000000e+00 0.000000e+00 0.000000e+00 0.000000e+00 0.000000e+00 0.000000e+00 0.000000e+00 0.000000e+00 0.000000e+00 0.000000e+00 0.000000e+00 0.000000e+00
 0.000000e+00 0.000000e+00 0.000000e+00 0.000000e+00 0.000000e+00 0.000000e+00 0.000000e+00 0.000000e+00 0.000000e+00 0.000000e+00 0.000000e+00 0.000000e+00 0.000000e+00 0.000000e+00 0.000000e+00 0.000000e+00 0.000000e+00 0.000000e+00 0.000000e+00 0.000000e+00 1.666812e-01 8.333188e-01 0.000000e+00 0.000000e+00 0.000000e+00 0.000000e+00 0.000000e+00 0.000000e+00 0.000000e+00 0.000000e+00 0.000000e+00 0.000000e+00 0.000000e+00 0.000000e+00
 0.000000e+00 0.000000e+00 0.000000e+00 0.000000e+00 0.000000e+00 0.000000e+00 0.000000e+00 0.000000e+00 0.000000e+00 0.000000e+00 0.000000e+00 0.000000e+00 0.000000e+00 0.000000e+00 0.000000e+00 0.000000e+00 0.000000e+00 0.000000e+00 0.000000e+00 0.000000e+00 0.000000e+00 3.739301e-01 6.260700e-01 0.000000e+00 0.000000e+00 0.000000e+00 0.000000e+00 0.000000e+00 0.000000e+00 0.000000e+00 0.000000e+00 0.000000e+00 0.000000e+00 0.000000e+00
 0.000000e+00 0.000000e+00 0.000000e+00 0.000000e+00 0.000000e+00 0.000000e+00 0.000000e+00 0.000000e+00 0.000000e+00 0.000000e+00 0.000000e+00 0.000000e+00 0.000000e+00 0.000000e+00 0.000000e+00 0.000000e+00 0.000000e+00 0.000000e+00 0.000000e+00 0.000000e+00 0.000000e+00 0.000000e+00 4.453164e-01 5.546836e-01 0.000000e+00 0.000000e+00 0.000000e+00 0.000000e+00 0.000000e+00 0.000000e+00 0.000000e+00 0.000000e+00 0.000000e+00 0.000000e+00
 0.000000e+00 0.000000e+00 0.000000e+00 0.000000e+00 0.000000e+00 0.000000e+00 0.000000e+00 0.000000e+00 0.000000e+00 0.000000e+00 0.000000e+00 0.000000e+00 0.000000e+00 0.000000e+00 0.000000e+00 0.000000e+00 0.000000e+00 0.000000e+00 0.000000e+00 0.000000e+00 0.000000e+00 0.000000e+00 0.000000e+00 2.868960e-01 7.131041e-01 0.000000e+00 0.000000e+00 0.000000e+00 0.000000e+00 0.000000e+00 0.000000e+00 0.000000e+00 0.000000e+00 0.000000e+00
 0.000000e+00 0.000000e+00 0.000000e+00 0.000000e+00 0.000000e+00 0.000000e+00 0.000000e+00 0.000000e+00 0.000000e+00 0.000000e+00 0.000000e+00 0.000000e+00 0.000000e+00 0.000000e+00 0.000000e+00 0.000000e+00 0.000000e+00 0.000000e+00 0.000000e+00 0.000000e+00 0.000000e+00 0.000000e+00 0.000000e+00 0.000000e+00 4.435078e-01 5.564922e-01 0.000000e+00 0.000000e+00 0.000000e+00 0.000000e+00 0.000000e+00 0.000000e+00 0.000000e+00 0.000000e+00
 0.000000e+00 0.000000e+00 0.000000e+00 0.000000e+00 0.000000e+00 0.000000e+00 0.000000e+00 0.000000e+00 0.000000e+00 0.000000e+00 0.000000e+00 0.000000e+00 0.000000e+00 0.000000e+00 0.000000e+00 0.000000e+00 0.000000e+00 0.000000e+00 0.000000e+00 0.000000e+00 0.000000e+00 0.000000e+00 0.000000e+00 0.000000e+00 0.000000e+00 2.860191e-01 7.139809e-01 0.000000e+00 0.000000e+00 0.000000e+00 0.000000e+00 0.000000e+00 0.000000e+00 0.000000e+00
 0.000000e+00 0.000000e+00 0.000000e+00 0.000000e+00 0.000000e+00 0.000000e+00 0.000000e+00 0.000000e+00 0.000000e+00 0.000000e+00 0.000000e+00 0.000000e+00 0.000000e+00 0.000000e+00 0.000000e+00 0.000000e+00 0.000000e+00 0.000000e+00 0.000000e+00 0.000000e+00 0.000000e+00 0.000000e+00 0.000000e+00 0.000000e+00 0.000000e+00 0.000000e+00 2.866150e-01 7.133850e-01 0.000000e+00 0.000000e+00 0.000000e+00 0.000000e+00 0.000000e+00 0.000000e+00
 0.000000e+00 0.000000e+00 0.000000e+00 0.000000e+00 0.000000e+00 0.000000e+00 0.000000e+00 0.000000e+00 0.000000e+00 0.000000e+00 0.000000e+00 0.000000e+00 0.000000e+00 0.000000e+00 0.000000e+00 0.000000e+00 0.000000e+00 0.000000e+00 0.000000e+00 0.000000e+00 0.000000e+00 0.000000e+00 0.000000e+00 0.000000e+00 0.000000e+00 0.000000e+00 0.000000e+00 4.994687e-01 5.005313e-01 0.000000e+00 0.000000e+00 0.000000e+00 0.000000e+00 0.000000e+00
 0.000000e+00 0.000000e+00 0.000000e+00 0.000000e+00 0.000000e+00 0.000000e+00 0.000000e+00 0.000000e+00 0.000000e+00 0.000000e+00 0.000000e+00 0.000000e+00 0.000000e+00 0.000000e+00 0.000000e+00 0.000000e+00 0.000000e+00 0.000000e+00 0.000000e+00 0.000000e+00 0.000000e+00 0.000000e+00 0.000000e+00 0.000000e+00 0.000000e+00 0.000000e+00 0.000000e+00 0.000000e+00 3.751063e-01 6.248937e-01 0.000000e+00 0.000000e+00 0.000000e+00 0.000000e+00
 0.000000e+00 0.000000e+00 0.000000e+00 0.000000e+00 0.000000e+00 0.000000e+00 0.000000e+00 0.000000e+00 0.000000e+00 0.000000e+00 0.000000e+00 0.000000e+00 0.000000e+00 0.000000e+00 0.000000e+00 0.000000e+00 0.000000e+00 0.000000e+00 0.000000e+00 0.000000e+00 0.000000e+00 0.000000e+00 0.000000e+00 0.000000e+00 0.000000e+00 0.000000e+00 0.000000e+00 0.000000e+00 0.000000e+00 2.863385e-01 7.136615e-01 0.000000e+00 0.000000e+00 0.000000e+00
 0.000000e+00 0.000000e+00 0.000000e+00 0.000000e+00 0.000000e+00 0.000000e+00 0.000000e+00 0.000000e+00 0.000000e+00 0.000000e+00 0.000000e+00 0.000000e+00 0.000000e+00 0.000000e+00 0.000000e+00 0.000000e+00 0.000000e+00 0.000000e+00 0.000000e+00 0.000000e+00 0.000000e+00 0.000000e+00 0.000000e+00 0.000000e+00 0.000000e+00 0.000000e+00 0.000000e+00 0.000000e+00 0.000000e+00 0.000000e+00 4.440892e-01 5.559108e-01 0.000000e+00 0.000000e+00
 0.000000e+00 0.000000e+00 0.000000e+00 0.000000e+00 0.000000e+00 0.000000e+00 0.000000e+00 0.000000e+00 0.000000e+00 0.000000e+00 0.000000e+00 0.000000e+00 0.000000e+00 0.000000e+00 0.000000e+00 0.000000e+00 0.000000e+00 0.000000e+00 0.000000e+00 0.000000e+00 0.000000e+00 0.000000e+00 0.000000e+00 0.000000e+00 0.000000e+00 0.000000e+00 0.000000e+00 0.000000e+00 0.000000e+00 0.000000e+00 0.000000e+00 3.750059e-01 6.249942e-01 0.000000e+00
 0.000000e+00 0.000000e+00 0.000000e+00 0.000000e+00 0.000000e+00 0.000000e+00 0.000000e+00 0.000000e+00 0.000000e+00 0.000000e+00 0.000000e+00 0.000000e+00 0.000000e+00 0.000000e+00 0.000000e+00 0.000000e+00 0.000000e+00 0.000000e+00 0.000000e+00 0.000000e+00 0.000000e+00 0.000000e+00 0.000000e+00 0.000000e+00 0.000000e+00 0.000000e+00 0.000000e+00 0.000000e+00 0.000000e+00 0.000000e+00 0.000000e+00 0.000000e+00 0.000000e+00 1.000000e+00
 0.000000e+00 0.000000e+00 0.000000e+00 0.000000e+00 0.000000e+00 0.000000e+00 0.000000e+00 0.000000e+00 0.000000e+00 0.000000e+00 0.000000e+00 0.000000e+00 0.000000e+00 0.000000e+00 0.000000e+00 0.000000e+00 0.000000e+00 0.000000e+00 0.000000e+00 0.000000e+00 0.000000e+00 0.000000e+00 0.000000e+00 0.000000e+00 0.000000e+00 0.000000e+00 0.000000e+00 0.000000e+00 0.000000e+00 0.000000e+00 0.000000e+00 0.000000e+00 0.000000e+00 0.000000e+00
<ENDHMM>
