~o
<STREAMINFO> 1 39
<VECSIZE> 39<NULLD><MFCC_E_D_A><DIAGC>
~h "Lu*u"
<BEGINHMM>
<NUMSTATES> 35
<STATE> 2
<MEAN> 39
 -6.249434e+00 -8.234251e+00 3.396744e-01 2.463949e-01 2.753277e+00 -2.977252e+00 1.962841e+00 -2.947159e+00 -5.608552e-01 -3.789052e+00 2.660925e+00 -4.536769e+00 -3.962436e-02 1.421697e-01 -4.198764e-01 -1.029990e+00 -6.605406e-01 -1.040789e+00 -1.050861e+00 -3.370147e-01 -6.997427e-01 4.481407e-01 -1.744601e-01 -3.255096e-01 -4.480099e-01 1.479767e-02 7.700577e-01 2.333158e-02 -1.186987e+00 -7.321494e-01 -5.516844e-01 -7.348924e-01 -2.480656e-01 2.708928e-01 9.855163e-01 -2.646343e-02 -4.200269e-01 9.154183e-02 3.976928e-02
<VARIANCE> 39
 2.279386e+00 4.080721e+00 9.858608e+00 7.667505e+00 5.711467e+00 6.490143e+00 1.131830e+00 8.066422e+00 6.553646e+00 7.841469e+00 2.063815e+00 4.445068e+00 5.000000e-02 4.614388e-01 2.561796e-01 4.228515e-01 4.477978e-01 4.220480e-01 2.689171e+00 5.831416e-01 1.329608e+00 1.535950e+00 9.616329e-01 1.400660e+00 1.038617e+00 5.000000e-02 9.492725e-02 5.418679e-02 1.613501e-01 2.456119e-01 1.455781e-01 1.972324e-01 2.418044e-01 2.984853e-01 4.208174e-01 3.001395e-01 8.845687e-02 7.398677e-02 5.000000e-02
<GCONST> 5.628782e+01
<STATE> 3
<MEAN> 39
 -6.537088e+00 -1.033060e+01 -3.717382e+00 -2.794290e+00 -1.548129e+00 -5.704313e+00 7.244693e-01 -1.482874e+00 4.459987e+00 -1.937670e+00 1.193015e+00 -5.311597e+00 -1.847782e-02 2.815138e+00 2.133497e-01 -3.519691e+00 -2.166139e+00 -2.306065e+00 -2.941412e+00 -1.094943e+00 5.177055e-01 2.580444e+00 -4.801165e-01 -1.247485e+00 -1.707881e-01 1.410632e-01 8.347595e-01 2.335097e-01 -6.455532e-01 -3.431797e-02 -2.817806e-01 -7.212053e-01 -2.741739e-01 -5.021558e-02 4.323570e-01 -1.519354e-01 -2.691941e-01 1.895456e-01 4.829722e-02
<VARIANCE> 39
 7.390286e+00 1.446022e+00 3.941327e+00 3.728287e+00 6.515312e-01 4.845995e+00 8.579224e+00 1.715494e+01 1.397952e+01 1.213834e+01 1.719781e+01 6.245097e+00 5.000000e-02 8.533348e-01 4.799636e-01 2.168391e+00 1.351149e+00 7.872636e-01 4.174970e+00 1.465795e+00 2.745620e+00 1.690962e+00 1.619573e+00 1.132661e+00 6.840748e-01 5.000000e-02 2.259954e-01 7.251117e-02 2.071024e-01 1.945738e-01 2.271359e-01 2.923804e-01 2.412505e-01 8.959879e-01 7.150068e-01 2.588477e-01 7.634363e-01 7.479539e-02 5.000000e-02
<GCONST> 7.109902e+01
<STATE> 4
<MEAN> 39
 3.780839e+00 -7.350691e+00 -1.448581e+01 -8.068111e+00 -6.614495e+00 -1.503991e+01 -2.498383e+00 -2.377150e+00 9.327005e+00 -6.309822e+00 -2.635377e+00 -5.631908e+00 5.042238e-01 2.418808e+00 3.510085e-01 -3.145266e+00 -4.851990e-01 -2.118998e+00 -2.836998e+00 -1.213277e+00 -9.036578e-01 2.867795e+00 -5.414677e-01 -1.446245e+00 4.115202e-01 1.745495e-01 -1.087567e+00 -2.026050e-01 9.263520e-01 5.211768e-01 4.658161e-01 5.899734e-01 2.585296e-02 -1.315429e-01 -8.778102e-02 6.043964e-01 1.340940e-01 4.339221e-01 -1.768130e-02
<VARIANCE> 39
 6.872344e+00 4.613719e+00 2.314554e+01 8.041642e+00 1.980965e+01 5.949249e+01 1.548126e+01 3.249677e+01 2.776981e+01 8.550393e+00 1.030628e+01 1.181917e+01 5.000000e-02 3.076442e+00 5.254050e-01 1.529753e+00 1.094151e+00 8.370637e-01 2.887039e+00 1.267668e+00 7.207999e+00 5.968398e+00 2.100787e+00 4.505315e+00 6.191021e-01 5.000000e-02 2.884945e-01 5.000000e-02 3.552175e-01 2.152563e-01 3.297535e-01 7.148906e-01 2.451517e-01 8.840297e-01 6.078154e-01 5.104631e-01 3.033263e-01 7.690754e-02 5.000000e-02
<GCONST> 8.787038e+01
<STATE> 5
<MEAN> 39
 3.093694e+00 -8.596455e+00 -1.497246e+01 -5.240575e+00 -8.045675e+00 -1.750403e+01 -2.921095e+00 -5.370494e+00 1.545491e+01 -5.221592e+00 -2.708544e+00 -2.723527e+00 6.691507e-01 -9.049955e-01 -4.958431e-01 -2.211364e-01 -3.270709e-01 -3.023120e-01 -7.520224e-01 -5.724653e-01 7.006373e-02 1.268805e+00 1.681781e+00 -3.449531e-01 1.622035e+00 8.538037e-02 -1.234750e+00 -3.105946e-01 6.762658e-01 -3.625675e-01 4.809541e-01 6.217924e-01 2.003615e-01 7.917718e-01 -9.598476e-01 5.554878e-01 2.013118e-01 2.201550e-01 -2.810034e-02
<VARIANCE> 39
 1.712666e+01 6.122499e+00 1.961334e+01 7.902586e+00 1.130739e+01 2.916297e+01 2.874416e+01 6.477252e+01 9.488448e+01 2.230901e+01 2.967302e+01 1.154766e+01 5.000000e-02 2.982538e+00 4.441505e-01 1.213440e+00 1.107724e+00 1.667072e+00 1.890402e+00 2.135506e+00 4.915956e+00 2.503910e+00 3.996001e+00 1.908669e+00 8.895553e-01 5.000000e-02 4.590410e-01 1.537061e-01 3.924422e-01 3.910736e-01 6.421269e-01 4.747609e-01 2.284212e-01 2.253688e+00 2.111339e+00 3.090649e-01 7.170150e-01 1.102312e-01 5.000000e-02
<GCONST> 9.677440e+01
<STATE> 6
<MEAN> 39
 1.205986e+00 -8.788136e+00 -1.520764e+01 -8.478468e+00 -7.994447e+00 -1.777647e+01 -5.060996e+00 -2.133529e+00 1.392309e+01 1.767203e+00 -4.675066e+00 -1.560220e+00 7.796739e-01 -2.269932e+00 -6.758854e-01 -4.500922e-01 -1.222738e+00 -3.712616e-02 -1.011944e+00 -7.153134e-01 1.278930e+00 5.489541e-01 1.360523e+00 -1.385051e-01 1.201875e+00 6.163507e-02 -5.069277e-01 -2.526860e-01 7.375025e-04 -2.520536e-01 2.597590e-01 3.896562e-01 3.303739e-01 4.460929e-01 -4.921686e-01 -7.847138e-01 2.426334e-01 -3.014046e-01 -1.822484e-02
<VARIANCE> 39
 4.196105e+01 8.813596e+00 3.185188e+00 1.302706e+01 1.996658e+01 2.299412e+01 2.780611e+01 2.130886e+01 4.746844e+01 3.009439e+01 3.464819e+01 6.393157e+00 5.000000e-02 3.029299e-01 8.941936e-01 2.790596e+00 2.723086e+00 2.228688e+00 1.404980e+00 5.093066e-01 8.227603e+00 9.477140e+00 9.670423e-01 1.453915e+00 2.978500e-01 5.000000e-02 7.713844e-01 7.921892e-02 2.696025e-01 3.888813e-01 5.194277e-01 7.162072e-02 4.284522e-01 6.410076e-01 5.751505e-01 6.736436e-01 5.932619e-01 7.093416e-02 5.000000e-02
<GCONST> 8.843134e+01
<STATE> 7
<MEAN> 39
 -3.967363e+00 -1.051894e+01 -1.590453e+01 -1.050783e+01 -9.392243e+00 -1.906069e+01 -6.820081e+00 -5.080118e-01 1.523409e+01 1.424930e-01 -4.070840e+00 2.938653e+00 8.738319e-01 -2.187250e+00 -1.353459e+00 -5.217474e-01 -1.628742e+00 -1.252487e-01 -2.326341e-01 -1.954339e-01 1.994197e+00 -6.160957e-01 -3.409289e-01 -2.389272e-01 4.756876e-01 4.971770e-02 4.168952e-01 -1.749638e-01 2.225191e-01 -2.182859e-03 5.610288e-01 6.483572e-01 9.051687e-02 2.653441e-01 -6.252656e-01 -5.083036e-01 -2.422353e-01 -7.719505e-01 -1.563067e-02
<VARIANCE> 39
 2.378306e+01 9.070550e+00 6.959349e+00 1.555796e+01 1.165287e+01 1.167713e+01 2.170734e+01 2.962566e+01 7.926318e+00 1.856016e+01 1.242175e+01 1.057984e+01 5.000000e-02 1.166079e+00 9.309764e-01 1.699595e+00 3.137751e+00 4.141594e+00 9.521644e-01 1.776972e+00 2.308630e+00 4.861329e+00 1.966096e+00 1.730691e+00 5.460610e-01 5.000000e-02 2.343258e-01 9.531144e-02 1.546286e-01 2.375510e-01 3.801742e-01 1.086797e-01 1.203293e-01 1.108511e+00 6.116621e-01 1.598576e-01 5.000000e-02 1.414672e-01 5.000000e-02
<GCONST> 8.115507e+01
<STATE> 8
<MEAN> 39
 -5.341445e+00 -1.283512e+01 -1.843906e+01 -1.050581e+01 -8.873610e+00 -1.935604e+01 -2.883163e+00 4.037277e+00 1.317431e+01 -2.089752e+00 -4.285492e+00 -1.563578e-01 9.081845e-01 -1.372782e+00 -1.190618e+00 3.123068e-01 -1.252774e+00 1.580380e+00 1.484759e+00 2.570114e-01 1.998779e+00 -1.767549e+00 -9.847878e-01 -6.070662e-01 -8.916581e-01 1.782067e-02 7.032703e-01 5.953404e-02 5.815113e-01 -4.054586e-01 6.088251e-01 6.324654e-01 -3.761859e-01 -8.236215e-01 -1.335620e-01 3.025622e-01 -3.596053e-01 -6.327887e-01 -1.353869e-02
<VARIANCE> 39
 1.118947e+01 3.106960e+00 3.291810e+01 3.289585e+01 1.377206e+01 8.392836e+00 2.133773e+01 2.739352e+01 1.621535e+01 6.982526e+00 2.318983e+01 9.518475e+00 5.000000e-02 1.682701e+00 3.829693e-01 6.965055e-01 1.026172e+00 7.764139e-01 6.308092e-01 1.762950e+00 1.634567e+00 8.883321e-01 1.721907e+00 1.592728e+00 7.964990e-01 5.000000e-02 6.469783e-02 1.499594e-01 5.013174e-01 7.599855e-01 3.413897e-01 1.871722e-01 2.973925e-01 3.049833e-01 1.166314e+00 5.325052e-01 1.405505e-01 1.842759e-01 5.000000e-02
<GCONST> 7.982448e+01
<STATE> 9
<MEAN> 39
 -5.964653e+00 -1.368399e+01 -1.650478e+01 -1.318841e+01 -4.754933e+00 -1.537191e+01 -5.876938e+00 4.052633e+00 1.016845e+01 -1.761407e+00 -5.129582e+00 -1.922690e+00 9.025291e-01 -5.834213e-02 -9.825759e-01 6.115640e-01 -2.117380e+00 1.841187e+00 1.509732e+00 -1.368043e+00 -2.811749e-01 -3.217520e-01 7.481630e-01 -1.191052e+00 -1.468575e+00 5.514252e-03 4.911103e-01 2.557010e-01 -8.302153e-02 -1.624579e-01 2.058944e-02 -2.978512e-02 -2.067604e-01 -5.809729e-01 5.609694e-01 8.191414e-01 4.533848e-02 -7.312328e-02 -2.791052e-03
<VARIANCE> 39
 2.289775e+00 6.437040e+00 8.694440e+00 7.614499e+00 2.448096e+00 4.367682e+00 7.099195e+00 3.224863e+01 1.300258e+01 3.328942e+00 2.473400e+01 1.385720e+01 5.000000e-02 1.639930e-01 2.549764e-01 1.347020e+00 1.616151e+00 8.066849e-01 1.360893e+00 1.353984e+00 5.199096e-01 1.606360e+00 3.630706e+00 3.084817e-01 7.241180e-01 5.000000e-02 1.375514e-01 7.902907e-02 5.000000e-02 1.749283e-01 1.364021e-01 1.726166e-01 1.317281e-01 3.687905e-01 9.833494e-02 4.634728e-01 2.492359e-01 2.598717e-01 5.000000e-02
<GCONST> 6.273177e+01
<STATE> 10
<MEAN> 39
 -7.062479e+00 -1.639026e+01 -1.295602e+01 -2.029432e+01 -1.071611e+00 -1.271208e+01 -8.366282e+00 3.228261e+00 1.303256e+01 -1.509170e-02 -1.017474e+01 -3.541784e+00 9.376901e-01 2.570450e-01 -1.844795e-01 -1.077330e-01 -1.773064e+00 1.058333e+00 1.343438e+00 -7.912655e-01 -3.286067e-01 -1.504523e-01 1.547243e+00 -5.172912e-01 -9.001291e-01 7.435436e-03 1.334746e-01 3.431242e-01 -2.332252e-01 2.804448e-01 -5.144954e-01 3.395900e-02 -4.531249e-02 -4.209093e-02 -1.210035e-02 2.583489e-01 4.665100e-01 4.102141e-01 4.193404e-04
<VARIANCE> 39
 3.740477e+00 8.232079e+00 1.568988e+01 1.008834e+01 1.476630e+01 1.075443e+01 1.114415e+01 1.544338e+01 1.377679e+01 2.025280e+01 6.746722e+00 7.604280e+00 5.000000e-02 1.671472e-01 4.531810e-01 4.229062e-01 7.995402e-01 1.020360e+00 2.611101e-01 5.529019e-01 6.163622e-01 9.768650e-01 1.747019e+00 6.850319e-01 3.257468e-01 5.000000e-02 5.000000e-02 5.049817e-02 1.179240e-01 5.000000e-02 1.375112e-01 8.650222e-02 1.650015e-01 7.538704e-02 2.061796e-01 2.186055e-01 5.000000e-02 9.256527e-02 5.000000e-02
<GCONST> 5.552859e+01
<STATE> 11
<MEAN> 39
 -5.105069e+00 -1.438180e+01 -1.657066e+01 -2.237274e+01 -1.596491e-01 -1.074305e+01 -1.075932e+01 2.307649e+00 9.641510e+00 6.380809e+00 -7.146308e+00 -5.262646e+00 9.445893e-01 7.704967e-01 4.623142e-01 -9.325429e-06 -9.942703e-01 -2.026469e-01 1.500134e+00 -4.683679e-01 -1.569125e-01 -2.322055e-01 1.853962e+00 1.134766e+00 4.806310e-01 1.367760e-02 1.134592e-01 2.306183e-01 7.655222e-02 5.556514e-01 -3.622985e-01 8.735357e-02 3.997826e-01 1.313819e-01 2.132040e-01 -1.767091e-01 4.273381e-01 2.401178e-01 -2.030236e-04
<VARIANCE> 39
 6.007631e+00 1.223113e+01 1.974999e+01 1.764229e+01 3.966325e+00 2.604106e+00 7.149422e+00 6.470712e+00 1.026053e+01 2.830825e+01 7.462650e+00 4.641039e+00 5.000000e-02 5.000000e-02 1.363821e-01 3.976784e-01 2.777520e-01 8.001312e-01 3.393461e-01 8.663940e-01 3.861019e-01 5.332665e-01 6.386576e-01 5.845974e-01 6.315818e-01 5.000000e-02 5.000000e-02 5.000000e-02 1.010775e-01 9.634259e-02 1.441677e-01 8.651035e-02 1.268607e-01 8.902874e-02 1.740654e-01 1.922852e-01 2.331281e-01 2.507568e-01 5.000000e-02
<GCONST> 5.083514e+01
<STATE> 12
<MEAN> 39
 -4.005194e+00 -1.334058e+01 -1.512418e+01 -2.286827e+01 -1.577682e+00 -6.222003e+00 -1.037620e+01 3.520127e+00 1.121202e+01 7.696476e+00 -5.549962e+00 -2.603109e+00 9.711326e-01 7.644615e-01 6.315767e-01 2.508184e-02 7.731882e-02 -3.741799e-01 1.547228e+00 -3.762740e-01 3.238358e-01 4.511705e-01 1.579117e+00 7.795385e-01 5.755403e-01 8.616862e-03 -9.147777e-02 6.572938e-02 -4.082913e-02 1.473344e-01 1.563793e-01 -4.506820e-01 -4.639412e-02 -1.477148e-01 4.222119e-02 -1.402858e-02 -1.854500e-01 -2.333626e-01 -1.430864e-03
<VARIANCE> 39
 4.730041e+00 1.717752e+01 8.459485e+00 1.425971e+01 5.824810e+00 7.432618e+00 3.247426e+00 9.620942e+00 1.395247e+01 1.994012e+01 2.528789e+01 5.933177e+00 5.000000e-02 1.056386e-01 8.079676e-02 1.605784e-01 5.167697e-01 7.598500e-01 5.205118e-01 6.370797e-01 8.494265e-01 5.591165e-01 2.236869e-01 4.028510e-01 1.138944e+00 5.000000e-02 5.000000e-02 5.000000e-02 5.000000e-02 7.334220e-02 6.902240e-02 5.000000e-02 7.457028e-02 5.000000e-02 4.061514e-01 7.415650e-02 1.141033e-01 3.148823e-01 5.000000e-02
<GCONST> 4.838763e+01
<STATE> 13
<MEAN> 39
 -2.621958e+00 -1.512150e+01 -1.388520e+01 -2.200002e+01 -7.198569e-01 -7.094802e+00 -1.165934e+01 2.594199e+00 1.184713e+01 8.965636e+00 -6.689419e+00 -1.541838e+00 9.849789e-01 3.809767e-01 5.255668e-01 -1.111965e-01 -8.472482e-01 3.710070e-01 1.049660e-01 -4.122563e-01 -2.796007e-01 -2.502356e-01 1.875902e+00 4.873882e-01 3.594096e-01 5.156875e-03 -1.185026e-01 3.052739e-02 -5.456280e-02 -1.438352e-01 1.279498e-01 -4.144343e-01 1.543454e-02 -2.373124e-01 1.058118e-01 -2.208700e-01 -8.287162e-02 -1.217785e-01 -1.086846e-03
<VARIANCE> 39
 1.710344e+00 1.478078e+01 5.261513e+00 9.411228e+00 6.717232e+00 1.938524e+01 1.194482e+01 1.623160e+01 8.902436e+00 2.875229e+01 1.215298e+01 1.512805e+01 5.000000e-02 7.188775e-02 5.000000e-02 8.513935e-02 7.238006e-01 1.555569e-01 8.544968e-01 8.774713e-01 1.000969e+00 2.211200e+00 7.898679e-01 7.096960e-01 2.495033e+00 5.000000e-02 5.000000e-02 5.000000e-02 5.000000e-02 8.508170e-02 9.596498e-02 1.161919e-01 5.000000e-02 1.468399e-01 1.872873e-01 2.325409e-01 5.453483e-02 4.167030e-01 5.000000e-02
<GCONST> 5.350429e+01
<STATE> 14
<MEAN> 39
 -2.089793e+00 -1.105815e+01 -1.636580e+01 -2.477042e+01 -1.107452e+00 -6.780038e+00 -1.099813e+01 1.443813e+00 1.107787e+01 1.493640e+01 -3.235722e+00 -3.070929e+00 9.942173e-01 1.016444e-02 7.608553e-01 -8.734728e-02 -5.846862e-01 5.454391e-01 -4.739279e-01 -5.109278e-02 -8.789359e-01 8.832324e-01 4.427674e-01 6.323625e-01 -9.627832e-01 2.431015e-03 2.890426e-03 -8.846995e-02 1.392927e-01 2.150953e-01 -1.641330e-01 -4.693029e-02 -1.407652e-01 3.323690e-01 -1.412720e-01 -4.948229e-01 6.920410e-04 2.867038e-02 -3.542896e-03
<VARIANCE> 39
 2.027090e+00 1.266552e+01 6.124429e+00 6.635971e+00 6.427522e+00 8.892559e+00 2.276282e+01 2.633593e+01 2.411737e+01 1.529508e+01 4.443185e+01 4.228504e+01 5.000000e-02 7.807238e-02 5.157738e-01 3.270225e-01 1.083318e-01 4.060761e-01 6.665029e-01 7.478188e-01 8.133065e-01 1.528147e+00 1.407447e+00 8.201042e-01 4.736368e-01 5.000000e-02 5.000000e-02 5.000000e-02 5.000000e-02 1.040754e-01 8.921839e-02 8.199622e-02 2.473441e-01 3.765005e-01 7.433419e-01 3.264309e-01 1.660631e-01 5.351604e-01 5.000000e-02
<GCONST> 6.261641e+01
<STATE> 15
<MEAN> 39
 -1.310549e+00 -1.095432e+01 -1.586989e+01 -2.518277e+01 -1.238901e+00 -5.450886e+00 -1.344081e+01 1.746069e+00 1.128098e+01 1.522535e+01 -7.574449e-01 -5.487868e+00 9.912883e-01 5.905753e-01 2.515703e-01 4.777679e-01 1.524497e-01 -5.880390e-01 2.762711e-02 -9.265344e-01 6.943640e-01 -3.429028e-01 3.568811e-01 4.318885e-02 5.829623e-01 -3.106476e-03 1.670695e-01 -1.397355e-01 2.854154e-01 3.556066e-01 -2.766157e-01 -1.114303e-01 1.925133e-01 1.648412e-01 -2.169426e-01 -9.562012e-02 -1.935980e-01 4.446211e-01 -2.779976e-03
<VARIANCE> 39
 5.311185e+00 1.379713e+01 4.180275e+00 6.194430e+00 1.216691e+01 2.725821e+01 2.643558e+01 8.197205e+00 5.093088e+01 1.515493e+01 5.085715e+01 2.635026e+01 5.000000e-02 2.676385e-01 9.780478e-02 5.459058e-01 3.230518e-01 1.088331e+00 5.175477e-01 1.233100e+00 1.816703e+00 2.562719e+00 2.528955e+00 8.381290e-01 1.746828e+00 5.000000e-02 5.000000e-02 9.005881e-02 5.000000e-02 5.000000e-02 2.226763e-01 2.383089e-01 4.876424e-01 2.677743e-01 6.280752e-01 4.141994e-01 1.782702e-01 1.394122e-01 5.000000e-02
<GCONST> 7.096687e+01
<STATE> 16
<MEAN> 39
 -1.177140e+00 -9.601086e+00 -1.496754e+01 -2.362091e+01 -2.533144e+00 -6.979740e+00 -1.366195e+01 1.922144e+00 1.279823e+01 1.372596e+01 -3.703017e+00 -2.739294e+00 9.794933e-01 7.596089e-01 1.389432e-01 8.117727e-01 7.142290e-01 -6.221452e-01 -6.771560e-01 4.343938e-01 -1.614713e-01 -6.392305e-01 -2.395579e-01 3.170105e-01 6.476389e-01 -7.491693e-03 1.494158e-01 -1.226528e-01 1.527583e-01 -1.044102e-01 1.268260e-02 -2.318981e-01 1.175822e-01 -6.507796e-02 -4.818428e-01 -7.774762e-02 1.613036e-01 3.600557e-01 -2.260659e-03
<VARIANCE> 39
 5.869119e+00 8.302127e+00 1.774082e+00 6.725127e+00 3.206484e+01 1.709177e+01 2.333036e+01 8.579047e+00 1.922285e+01 3.008316e+01 4.393944e+01 3.913150e+00 5.000000e-02 5.559959e-02 4.936345e-01 3.054672e-01 1.854121e-01 1.238557e+00 9.033517e-01 2.580812e+00 1.260480e+00 1.683317e+00 2.260978e+00 6.508582e-01 6.973150e-01 5.000000e-02 6.506079e-02 5.000000e-02 5.716375e-02 8.222760e-02 3.606044e-01 1.297144e-01 2.641633e-01 9.930702e-01 4.341999e-01 9.346378e-01 1.536807e-01 1.771813e-01 5.000000e-02
<GCONST> 6.754575e+01
<STATE> 17
<MEAN> 39
 1.031981e+00 -1.006015e+01 -1.212859e+01 -2.302832e+01 -3.350179e+00 -8.297936e+00 -1.265257e+01 2.342234e+00 9.641919e+00 1.482376e+01 -1.640847e+00 -2.122965e-01 9.644063e-01 8.187281e-01 -9.505451e-02 8.731858e-01 -2.229419e-01 -8.539250e-02 -1.231358e+00 -8.697975e-02 1.244134e-01 -1.143380e+00 -5.948056e-02 6.119852e-01 1.380408e+00 -1.169490e-02 8.278377e-02 -3.163597e-01 -2.276880e-01 -1.225984e-01 9.082191e-03 -1.143706e-01 -2.256023e-02 1.387497e-01 -1.430319e-01 -3.441962e-01 2.728844e-01 9.440079e-02 -4.083530e-03
<VARIANCE> 39
 3.003485e+00 4.716172e+00 1.684724e+00 6.096932e+00 2.218512e+01 9.693212e+00 8.919285e+00 2.100203e+01 1.015450e+01 2.119001e+01 3.160150e+01 9.773838e+00 5.000000e-02 1.488199e-01 1.200440e-01 2.275534e-01 2.635167e-01 1.512508e+00 8.120506e-01 1.355632e+00 3.913082e+00 2.992158e+00 3.199658e+00 1.276728e+00 5.054104e-01 5.000000e-02 5.000000e-02 1.066644e-01 1.904711e-01 7.338109e-02 2.937187e-01 1.058421e-01 5.675448e-01 2.317189e-01 1.795921e-01 3.384231e-01 1.107316e-01 1.527274e-01 5.000000e-02
<GCONST> 6.435036e+01
<STATE> 18
<MEAN> 39
 2.953824e+00 -1.086657e+01 -1.166057e+01 -2.443287e+01 -2.031855e+00 -1.052531e+01 -1.285560e+01 3.967088e+00 7.150141e+00 1.470245e+01 -4.666909e-01 1.401505e+00 9.477345e-01 9.295042e-01 -7.983289e-01 -1.989888e-02 -1.541630e-01 -5.756525e-01 -1.319396e+00 2.740903e-01 5.118632e-01 -1.347163e+00 -1.440990e+00 8.412368e-01 1.207260e+00 -1.990523e-02 1.806554e-01 -2.859365e-01 -4.329955e-01 4.539434e-01 -4.059893e-01 3.049102e-01 2.241525e-01 -1.860811e-01 -7.239556e-02 -6.306146e-01 1.726771e-01 6.313819e-02 -5.538442e-03
<VARIANCE> 39
 6.659527e+00 8.540357e+00 1.389309e+00 9.696740e-01 2.388248e+01 6.463693e+00 4.442237e+00 4.594199e+01 6.809119e+00 1.377492e+01 3.797371e+01 9.440753e+00 5.000000e-02 1.310855e-01 2.181648e-01 1.384014e+00 2.279504e-01 1.201166e+00 1.572962e+00 3.008252e+00 1.294781e+00 9.648473e-01 1.992848e+00 9.220560e-01 5.626957e-01 5.000000e-02 5.000000e-02 7.457760e-02 1.591199e-01 1.335979e-01 4.980421e-01 1.385398e-01 2.964678e-01 7.256924e-01 5.577198e-01 3.992745e-01 5.000000e-02 2.098607e-01 5.000000e-02
<GCONST> 6.538348e+01
<STATE> 19
<MEAN> 39
 2.284007e+00 -1.223157e+01 -1.046122e+01 -2.456858e+01 -3.931384e+00 -1.321174e+01 -1.291406e+01 4.848884e+00 5.084874e+00 1.109116e+01 -1.029877e+00 4.066400e+00 9.087465e-01 1.534007e+00 -1.339148e+00 -5.643498e-01 1.370445e+00 -4.429225e-01 -2.052574e-01 4.479131e-01 -5.105280e-01 -6.312495e-01 -1.642393e+00 1.193144e+00 4.539090e-01 -2.969408e-02 2.695816e-01 6.103411e-02 -5.541533e-01 5.652157e-01 5.066045e-02 2.995776e-01 1.590022e-01 -5.182425e-01 2.758588e-01 -5.011782e-01 -6.593072e-02 -3.950569e-01 -4.994357e-03
<VARIANCE> 39
 4.409234e+00 1.003009e+01 7.985484e+00 1.737227e+00 2.102156e+01 5.158782e+00 1.767562e+01 4.888015e+01 1.332947e+01 1.129358e+01 3.671908e+01 7.444295e+00 5.000000e-02 3.576592e-01 6.097933e-01 1.440064e+00 3.348529e-01 2.715259e+00 9.080008e-01 2.513629e+00 1.389098e+00 1.467736e+00 1.249196e+00 7.702944e-01 2.027025e+00 5.000000e-02 5.000000e-02 8.172221e-02 2.371879e-01 7.765600e-02 3.322490e-01 1.890809e-01 3.189960e-01 6.608610e-01 3.638427e-01 1.955782e-01 2.038199e-01 3.516004e-01 5.000000e-02
<GCONST> 7.303697e+01
<STATE> 20
<MEAN> 39
 7.525214e+00 -1.496770e+01 -1.530901e+01 -1.936341e+01 -5.057482e+00 -1.143854e+01 -1.321518e+01 -2.726115e-01 4.597826e+00 8.395463e+00 4.413006e+00 4.403105e+00 8.453280e-01 1.587582e+00 -3.173483e-01 -9.551083e-01 1.503716e+00 -3.178864e-01 -1.134890e-01 6.106368e-01 -8.333115e-01 -1.205181e+00 -2.286910e+00 4.524455e-01 4.285623e-01 -3.572695e-02 -3.531041e-01 5.444011e-01 4.708360e-01 1.435986e-01 6.654116e-03 2.321000e-02 4.159114e-01 -1.202999e-01 5.572094e-02 -4.273087e-01 -4.780212e-01 -4.294738e-01 -5.829759e-03
<VARIANCE> 39
 5.831822e+00 6.174969e+00 4.487790e+00 8.655287e+00 1.140971e+01 4.575806e+00 1.068919e+01 3.621127e+01 2.075289e+01 6.226453e+00 5.212496e+01 1.364294e+01 5.000000e-02 2.973675e-01 4.050091e-01 1.735330e+00 1.203706e+00 1.577348e+00 7.426684e-01 9.916188e-01 2.411468e+00 3.957959e+00 1.501047e+00 1.287195e+00 2.895993e+00 5.000000e-02 7.644118e-02 5.000000e-02 1.648984e-01 1.125835e-01 1.497429e-01 2.025939e-01 4.840579e-01 4.796998e-01 4.301799e-01 9.943244e-02 3.283596e-01 3.649322e-01 5.000000e-02
<GCONST> 7.424078e+01
<STATE> 21
<MEAN> 39
 9.534148e+00 -1.413648e+01 -1.558957e+01 -1.722545e+01 -6.473821e+00 -1.242747e+01 -9.595790e+00 -1.028595e+00 3.175575e+00 1.949638e+00 2.495058e+00 4.746147e+00 7.641045e-01 4.465263e-01 4.263042e-01 6.054051e-01 1.628220e+00 -7.004628e-01 -9.712238e-03 9.205762e-01 -1.139943e+00 -1.983178e-01 -3.003281e+00 -6.097508e-01 -5.535538e-01 -4.863801e-02 -4.748344e-01 1.432921e-01 5.887950e-01 8.715891e-02 2.647540e-01 7.034262e-02 8.454029e-02 1.740676e-01 2.272664e-01 5.202410e-01 -2.309127e-01 -6.639388e-01 -5.008190e-03
<VARIANCE> 39
 3.492693e+00 2.212660e+00 1.036005e+01 9.033160e+00 1.801443e+01 1.061335e+01 2.126958e+01 2.292517e+01 2.538034e+01 1.927567e+01 1.340917e+01 1.211213e+01 5.000000e-02 5.525259e-01 1.405437e-01 1.815045e+00 9.312673e-01 3.085678e-01 9.166784e-01 1.722803e+00 3.558092e+00 1.044022e+00 4.015660e-01 2.840952e+00 3.559444e+00 5.000000e-02 5.000000e-02 5.000000e-02 3.582387e-01 2.874248e-01 1.813846e-01 1.956086e-01 3.124682e-01 1.375541e-01 5.566310e-01 2.618584e-01 5.000000e-02 3.633119e-01 5.000000e-02
<GCONST> 7.127911e+01
<STATE> 22
<MEAN> 39
 8.566909e+00 -1.316143e+01 -1.272715e+01 -1.512650e+01 -6.895916e+00 -1.405888e+01 -6.770457e+00 -1.180341e+00 2.424191e+00 -3.919418e-01 1.631243e+00 1.194391e+00 7.365863e-01 7.296225e-02 2.054882e-01 5.858972e-01 2.598242e+00 -3.452133e-01 2.070208e-01 1.547863e+00 -7.081557e-01 -8.913992e-02 -1.524737e+00 -1.529125e-01 -1.393287e+00 -5.131393e-02 -3.819729e-01 -5.164268e-02 1.008901e-01 -4.536119e-02 4.488276e-01 4.292771e-01 -1.805269e-01 1.081788e-01 4.004117e-01 6.483856e-01 -1.363980e-01 -5.648599e-02 -4.949150e-03
<VARIANCE> 39
 4.739029e+00 2.798051e+00 5.150650e+00 2.862267e+01 2.146469e+01 8.688052e+00 7.357983e+00 7.491402e+00 9.690573e+00 1.608519e+01 1.311683e+01 1.273255e+01 5.000000e-02 7.062530e-01 5.122204e-01 2.448088e+00 1.617063e+00 7.871014e-01 2.639267e+00 9.185485e-01 1.520878e+00 3.104384e+00 9.610537e-01 1.266996e+00 1.358063e+00 5.000000e-02 7.845785e-02 5.768577e-02 2.398708e-01 4.830543e-01 8.400453e-02 3.623806e-01 3.469166e-01 3.471129e-01 3.114493e-01 3.856564e-01 3.219807e-01 4.033353e-01 5.000000e-02
<GCONST> 7.541095e+01
<STATE> 23
<MEAN> 39
 7.793532e+00 -1.244491e+01 -1.129120e+01 -9.323909e+00 -3.855697e+00 -1.142444e+01 -6.433008e+00 -3.269058e+00 4.129157e+00 -1.101953e+00 -6.306037e-01 -1.707810e+00 5.645963e-01 -8.767408e-01 2.058144e-01 7.441037e-01 1.451514e+00 1.338906e+00 3.994021e-01 3.462585e-01 -2.372761e-01 3.028489e-01 3.210559e-01 -4.135810e-01 -1.369621e+00 -5.992362e-02 -1.644020e-01 -5.958902e-03 -1.651157e-01 -2.902571e-01 2.052498e-01 -1.451911e-01 -3.183787e-01 2.698358e-02 -3.823669e-01 2.597867e-01 3.909042e-01 1.679833e-01 1.637228e-03
<VARIANCE> 39
 4.320661e+00 7.698556e+00 1.122512e+01 1.307906e+00 3.839617e+00 2.232793e+01 1.279972e+01 6.797824e+00 9.122379e+00 1.027944e+01 5.563010e+00 1.866302e+01 5.000000e-02 5.000000e-02 4.064594e-01 2.842344e-01 5.047672e-01 5.945202e-01 1.189089e+00 1.620294e+00 4.789250e-01 6.694331e-01 2.933447e+00 1.257408e+00 1.273447e+00 5.000000e-02 5.000000e-02 5.747969e-02 5.949359e-01 1.290890e-01 2.477102e-01 3.964820e-01 1.934477e-01 9.808303e-02 1.848832e-01 3.471680e-01 2.175007e-01 4.420680e-01 5.000000e-02
<GCONST> 6.189768e+01
<STATE> 24
<MEAN> 39
 6.196412e+00 -1.234158e+01 -9.559007e+00 -8.055769e+00 -3.045264e+00 -9.919914e+00 -3.592459e+00 -3.293846e+00 3.864445e+00 -1.946468e+00 8.921069e-01 -3.382085e+00 4.653367e-01 -8.622085e-01 1.304436e-01 1.209038e-01 8.287059e-01 1.174342e+00 2.834317e-01 1.219156e-01 -4.043499e-01 -5.112290e-01 1.764208e-01 6.672155e-01 -1.251590e+00 -4.861456e-02 -3.519449e-02 -1.180893e-01 -2.706310e-01 -4.373480e-01 -2.752898e-01 -1.880109e-01 -4.590702e-01 -2.840541e-02 5.286410e-02 1.729015e-01 4.598456e-03 3.331092e-01 6.035796e-03
<VARIANCE> 39
 4.058853e+00 1.182424e+01 2.159588e+00 1.585826e+01 2.763991e+01 7.536713e+00 1.387433e+01 1.670975e+01 2.397407e+01 2.880280e+01 2.604500e+01 1.027540e+01 5.000000e-02 1.118431e-01 1.796719e-01 2.563554e+00 1.021050e+00 1.306256e+00 2.363716e+00 1.139514e+00 2.001247e+00 1.370493e+00 1.585187e+00 6.472805e-01 2.267323e+00 5.000000e-02 5.000000e-02 2.773929e-01 1.531579e-01 4.082355e-01 2.787817e-01 3.121994e-01 3.996979e-01 1.297971e-01 1.955234e-01 7.134891e-01 2.394609e-01 2.220331e-01 5.000000e-02
<GCONST> 7.581850e+01
<STATE> 25
<MEAN> 39
 4.626861e+00 -1.379517e+01 -1.112663e+01 -7.590641e+00 -6.401009e-01 -1.077726e+01 -6.928535e+00 -2.684850e+00 3.278131e+00 -6.846192e-01 1.599563e+00 -5.016886e+00 4.196597e-01 -9.258931e-01 -1.175696e-02 -3.816867e-02 6.649134e-02 1.677748e-01 -7.294457e-02 -4.185658e-01 -4.392974e-01 -1.975724e-01 7.375722e-02 -1.866628e-01 -1.522059e-01 -3.838873e-02 3.645025e-02 8.596014e-02 1.225475e-02 -2.989176e-01 -3.603638e-01 -1.332985e-01 -1.526621e-01 1.310970e-01 4.323473e-01 3.007400e-01 -1.501430e-02 5.448574e-01 6.558720e-03
<VARIANCE> 39
 2.886520e+00 8.409353e+00 6.790672e+00 1.551082e+01 2.896753e+00 6.919271e+00 8.336155e+00 1.058593e+01 1.704312e+01 2.480285e+01 5.894817e+00 1.515352e+01 5.000000e-02 2.952666e-01 8.847568e-01 2.482638e+00 3.143215e+00 2.357253e+00 1.525705e+00 1.152848e+00 1.324598e+00 1.357750e+00 9.095446e-01 1.170416e+00 1.713324e+00 5.000000e-02 5.000000e-02 5.000000e-02 7.866091e-02 2.802857e-01 1.142450e-01 3.466317e-01 2.944787e-01 2.112965e-01 7.810432e-02 3.840943e-01 1.436288e-01 2.154979e-01 5.000000e-02
<GCONST> 6.908202e+01
<STATE> 26
<MEAN> 39
 3.582890e+00 -1.168504e+01 -9.575033e+00 -6.460890e+00 -1.496212e+00 -1.047797e+01 -5.997296e+00 -6.169403e+00 2.188364e+00 -4.284711e-01 4.751021e-01 -4.888113e+00 3.549281e-01 -8.473235e-01 3.292228e-01 3.268228e-01 -2.039865e-01 -6.198135e-02 3.919075e-02 -4.501942e-01 2.806772e-01 1.141156e+00 1.104412e+00 5.241233e-01 6.089736e-01 -3.292631e-02 1.192844e-01 8.856400e-02 -1.893390e-01 -5.038884e-01 -2.432124e-01 -3.372098e-02 2.947136e-01 6.889476e-01 3.951229e-01 2.302879e-01 2.896226e-01 4.727446e-01 8.901594e-03
<VARIANCE> 39
 3.229275e+00 7.261254e+00 1.253350e+01 1.022501e+01 4.064487e+00 8.488019e+00 7.741892e+00 6.435847e+00 2.495410e+01 3.142268e+00 8.412805e+00 9.460335e+00 5.000000e-02 2.879311e-01 5.417277e-01 5.869104e-01 1.355180e+00 6.852964e-01 3.465585e+00 2.431498e+00 1.116789e+00 6.468917e-01 1.528549e+00 1.934176e+00 1.970591e+00 5.000000e-02 5.000000e-02 1.624680e-01 2.092867e-01 3.207052e-01 2.508960e-01 3.314466e-01 2.492231e-01 1.758286e-01 4.269333e-01 1.202759e-01 3.237837e-01 4.859346e-01 5.000000e-02
<GCONST> 7.004271e+01
<STATE> 27
<MEAN> 39
 2.377379e+00 -1.126371e+01 -1.025590e+01 -9.210649e+00 -2.841649e+00 -1.041701e+01 -6.973294e+00 -2.001360e+00 6.563464e+00 1.709670e+00 3.362145e+00 -1.619787e+00 3.020602e-01 -5.646764e-01 2.739941e-01 -1.439029e-01 -6.935808e-01 1.311128e-01 2.026217e-01 4.746013e-01 1.478356e+00 1.069908e+00 1.222238e+00 1.197608e+00 1.056769e+00 -1.465416e-02 1.205898e-01 -4.367277e-03 -3.625337e-02 9.082451e-02 2.225625e-01 1.226337e-02 2.010941e-01 -1.015994e-01 -3.880387e-01 2.991247e-02 1.113905e-01 -2.002191e-01 3.812887e-03
<VARIANCE> 39
 5.762314e+00 9.074092e+00 1.453803e+01 6.134002e+00 1.249536e+01 2.122664e+01 9.891522e+00 2.137229e+01 1.963956e+01 2.288874e+01 3.146965e+01 8.872030e+00 5.000000e-02 2.180441e-01 4.648311e-01 3.540860e-01 7.189419e-01 7.698946e-01 1.853666e+00 1.149970e+00 8.107464e-01 1.364814e+00 7.594908e-01 2.144834e+00 1.865082e+00 5.000000e-02 5.259588e-02 5.000000e-02 1.290610e-01 2.721241e-01 1.914568e-01 5.343252e-01 3.385362e-01 2.716415e-01 2.529593e-01 3.575367e-01 6.593210e-01 2.980644e-01 5.000000e-02
<GCONST> 7.387637e+01
<STATE> 28
<MEAN> 39
 1.501521e+00 -1.196162e+01 -1.174520e+01 -9.649094e+00 -8.987508e-01 -1.024078e+01 -5.535423e+00 -6.991410e-01 9.145737e+00 6.372425e+00 6.441679e+00 4.392757e-01 3.137285e-01 -3.368222e-01 3.308977e-01 5.321797e-02 -5.972407e-01 2.202231e-01 4.338711e-01 5.915158e-01 -6.619030e-03 -3.498099e-01 6.446021e-01 7.422475e-01 1.052824e-01 -1.744964e-02 2.741505e-02 8.012623e-02 3.676878e-01 4.083984e-01 -1.962962e-01 6.422967e-02 3.449652e-02 -6.827712e-01 -7.341587e-01 -7.743927e-01 -5.071177e-01 -4.857233e-01 -5.119620e-03
<VARIANCE> 39
 8.566798e+00 3.568778e+00 1.110461e+01 6.502755e+00 2.434380e+00 1.610106e+01 8.629073e+00 5.794556e+00 1.938228e+01 2.429250e+01 3.148865e+01 1.249891e+01 5.000000e-02 1.782335e-01 3.253147e-01 7.746940e-01 8.536795e-01 4.502346e-01 1.633537e+00 2.562272e-01 8.120903e-01 1.450747e+00 8.389914e-01 2.030629e+00 7.623138e-01 5.000000e-02 5.000000e-02 5.000000e-02 3.378974e-01 3.433508e-01 2.910714e-01 2.066798e-01 2.714036e-01 1.151488e-01 2.411411e-01 3.237744e-01 6.700672e-01 3.053561e-01 5.000000e-02
<GCONST> 6.703674e+01
<STATE> 29
<MEAN> 39
 1.019766e+00 -1.031911e+01 -9.507929e+00 -1.020751e+01 -1.169261e+00 -9.389316e+00 -4.398943e+00 -1.579873e+00 4.718642e+00 3.745086e+00 5.165817e+00 -2.468176e+00 2.589766e-01 -3.954940e-01 5.212854e-01 8.838003e-01 9.669462e-01 -6.253614e-03 9.884685e-02 5.272747e-01 -8.794336e-01 -1.241248e+00 -6.491182e-01 -2.990709e-01 -7.624620e-01 -2.769288e-02 -5.963635e-02 -1.278052e-01 2.632305e-01 5.680997e-01 -6.012941e-02 -2.566035e-02 -1.030890e-01 -1.106710e-01 2.308577e-01 -3.426173e-01 -4.793322e-01 -1.928019e-01 -1.776141e-03
<VARIANCE> 39
 5.474061e+00 4.006604e+00 1.011956e+01 9.122199e+00 7.338854e+00 1.340512e+01 7.856630e+00 4.797180e+00 1.139449e+01 1.213132e+01 1.104043e+01 8.362140e+00 5.000000e-02 2.536713e-01 2.664368e-01 2.904527e+00 2.514862e+00 1.178757e+00 5.030658e-01 8.587877e-01 5.183677e-01 1.153926e+00 2.569584e+00 3.659378e+00 7.303192e-01 5.000000e-02 1.042371e-01 5.477594e-02 2.394480e-01 2.446944e-01 7.991941e-02 4.283121e-01 6.321603e-02 2.234468e-01 2.823843e-01 1.798190e-01 2.486579e-01 1.969791e-01 5.000000e-02
<GCONST> 6.637395e+01
<STATE> 30
<MEAN> 39
 2.300635e-01 -8.900398e+00 -7.251106e+00 -6.823435e+00 -2.702796e+00 -9.515160e+00 -4.564499e+00 -3.882321e+00 2.822434e+00 8.029109e-01 4.648486e+00 -1.691176e+00 1.965559e-01 -8.279663e-01 4.756446e-02 1.191954e+00 1.540039e+00 -2.013030e-01 4.500962e-02 -1.565981e-01 -6.962885e-02 3.339756e-01 -6.798834e-01 -3.602060e-01 -1.150788e-01 -3.274263e-02 1.818676e-02 -1.503127e-01 -1.800005e-01 -3.202012e-01 -3.594679e-02 -1.384559e-01 -1.735886e-03 5.263720e-01 5.958648e-01 4.968571e-01 1.811696e-01 1.452324e-01 4.512019e-03
<VARIANCE> 39
 5.593841e+00 1.217367e+00 1.214695e+01 1.379318e+01 1.228777e+01 4.813648e+00 6.916010e+00 8.550599e+00 2.046983e+00 6.215184e+00 2.747180e+00 4.975394e+00 5.000000e-02 6.372136e-01 6.811385e-01 2.208039e+00 4.311053e-01 4.212536e-01 8.241190e-01 5.280632e-01 1.108643e+00 2.063088e+00 2.933840e+00 8.790966e-01 1.290141e+00 5.000000e-02 6.960756e-02 5.000000e-02 3.821134e-01 5.949006e-01 2.523306e-01 6.619798e-02 1.522581e-01 8.875868e-02 5.718053e-02 2.646582e-01 2.509318e-01 1.280462e-01 5.000000e-02
<GCONST> 5.933013e+01
<STATE> 31
<MEAN> 39
 -1.250179e+00 -1.068846e+01 -6.200967e+00 -4.770606e+00 -9.375770e-01 -8.917215e+00 -3.404963e+00 -1.768222e+00 6.961645e+00 2.792047e+00 2.952531e+00 -4.430758e+00 1.762937e-01 -3.511584e-01 -1.860613e-01 -3.845859e-02 -5.418516e-01 -5.203702e-01 -6.388116e-01 3.396639e-01 6.794024e-01 8.346380e-01 4.887961e-01 -2.793390e-01 -2.501226e-01 -9.215746e-03 -4.806243e-02 4.706941e-02 -2.486011e-01 -5.096766e-01 -1.524667e-02 3.817510e-02 1.055142e-01 1.399356e-01 -4.931487e-02 -1.087502e-02 2.050496e-01 4.247391e-01 -3.046054e-03
<VARIANCE> 39
 1.443186e+01 6.208595e+00 1.402151e+01 6.912079e-01 1.196439e+01 1.420493e+01 1.027611e+01 5.413689e+00 1.361838e+01 2.106292e+01 1.033716e+01 4.369191e+00 5.000000e-02 4.261925e-01 3.064929e-01 5.153764e-01 1.569114e+00 6.484470e-01 6.868149e-01 8.409782e-01 9.031483e-01 1.150622e+00 7.390770e-01 7.725639e-01 1.344193e+00 5.000000e-02 2.293977e-01 2.000095e-01 6.350793e-01 2.323680e-01 8.865854e-02 1.391454e-01 9.800116e-02 1.544363e-01 1.986495e-01 9.635948e-01 3.317201e-01 1.372111e-01 5.000000e-02
<GCONST> 6.630012e+01
<STATE> 32
<MEAN> 39
 -1.342091e+00 -1.014345e+01 -6.941422e+00 -8.468988e+00 -3.895685e+00 -1.132629e+01 -3.705289e+00 -8.512216e-01 6.248002e+00 3.210417e+00 4.980190e+00 -1.952341e+00 1.586829e-01 -5.213140e-01 2.322993e-01 1.866127e-01 -1.214747e-01 1.023538e-01 4.497142e-01 5.125994e-01 3.715566e-01 -1.212787e-01 -1.197106e-01 2.680959e-01 4.045555e-01 -2.554171e-02 -2.486392e-01 9.655508e-02 2.582581e-01 5.749106e-01 4.788793e-01 5.893711e-01 2.571092e-01 -2.749236e-01 -4.677389e-01 -2.939104e-01 -1.369671e-01 1.059761e-02 -1.187644e-02
<VARIANCE> 39
 5.530295e+00 6.263325e+00 6.963276e+00 7.379279e+00 7.610217e+00 7.265994e+00 1.631306e+01 1.128312e+01 1.646615e+01 1.927683e+01 1.107923e+01 1.664751e+01 5.000000e-02 8.232447e-01 7.107923e-01 1.144413e+00 1.039641e+00 7.246696e-01 1.453128e+00 8.215986e-01 5.362377e-01 1.986178e+00 5.674286e+00 2.392869e+00 1.031723e+00 5.000000e-02 6.786287e-02 9.523589e-02 2.288374e-01 1.929044e-01 6.303799e-02 8.225650e-02 1.366248e-01 1.194703e-01 1.950971e-01 5.222595e-01 3.664193e-01 2.741355e-01 5.000000e-02
<GCONST> 7.045451e+01
<STATE> 33
<MEAN> 39
 -3.070369e+00 -8.985837e+00 -4.234830e+00 -4.557864e+00 -7.007817e-01 -7.614691e+00 -1.605351e+00 -1.006890e+00 4.637669e+00 5.884963e-01 2.264157e+00 -2.295804e+00 6.471018e-02 -1.358430e+00 2.118653e-01 1.211632e+00 1.921374e+00 1.390893e+00 1.714609e+00 1.279611e+00 -2.925172e-02 -3.418117e-01 -4.316020e-01 -4.229371e-01 3.346123e-01 -5.455580e-02 1.251503e-02 -1.465473e-02 5.183667e-02 -2.408922e-02 9.631856e-03 -1.740592e-01 -2.212783e-01 -1.097332e-01 1.627298e-02 3.488965e-01 2.835408e-01 -1.247936e-01 1.972023e-03
<VARIANCE> 39
 3.013123e+00 3.297149e+00 9.287949e+00 4.059056e+00 9.731130e+00 3.237767e+00 1.308289e+01 4.880314e+00 7.841419e+00 3.697923e+01 2.245783e+01 6.448968e+00 5.000000e-02 8.147131e-01 4.983930e-01 3.745544e-01 4.552604e-01 5.160537e-01 2.874341e-01 6.539019e-01 7.554039e-01 4.547274e-01 1.771320e+00 1.304086e+00 9.248631e-01 5.000000e-02 5.000000e-02 7.718399e-02 6.562169e-02 2.102935e-01 1.290992e-01 1.478772e-01 1.654792e-01 1.609208e-01 2.432747e-01 7.195584e-01 3.928175e-01 8.247720e-02 5.000000e-02
<GCONST> 5.895802e+01
<STATE> 34
<MEAN> 39
 -5.784914e+00 -9.729053e+00 -4.997116e+00 -2.694911e+00 3.109533e-01 -6.239850e+00 1.629726e-01 -1.506932e+00 5.735317e+00 1.787145e+00 4.729113e+00 -8.796205e-01 -1.382824e-02 -6.734228e-01 3.013853e-02 5.763384e-01 3.626190e-01 2.639211e-01 1.932774e-01 2.461397e-01 -4.775320e-01 -9.256779e-01 -2.145402e-01 -1.178187e-01 -3.842289e-01 -3.658340e-02 3.888282e-01 -1.037537e-01 -2.013439e-01 -5.193617e-01 -3.205523e-01 -3.042701e-01 -3.718055e-01 -7.070660e-02 -1.769311e-01 -1.018240e-01 -8.804815e-02 -2.511470e-01 1.278277e-02
<VARIANCE> 39
 3.636314e-01 2.040312e-01 3.856969e+00 7.472236e+00 1.117143e+01 1.777945e+01 1.207181e+01 1.663240e+00 1.148717e+01 5.681123e+00 8.456594e+00 1.479683e+01 5.000000e-02 3.515820e-01 1.181377e-01 8.300166e-02 3.981893e-01 3.733668e-01 3.863543e-01 4.479373e-01 5.501109e-01 2.104624e-01 8.674503e-01 1.426389e+00 7.351944e-01 5.000000e-02 5.000000e-02 5.000000e-02 7.115448e-02 1.675458e-01 1.588718e-01 2.424340e-01 1.239854e-01 5.000000e-02 8.826379e-02 2.580544e-01 2.821587e-01 2.008451e-01 5.000000e-02
<GCONST> 4.375440e+01
<TRANSP> 35
 0.000000e+00 1.000000e+00 0.000000e+00 0.000000e+00 0.000000e+00 0.000000e+00 0.000000e+00 0.000000e+00 0.000000e+00 0.000000e+00 0.000000e+00 0.000000e+00 0.000000e+00 0.000000e+00 0.000000e+00 0.000000e+00 0.000000e+00 0.000000e+00 0.000000e+00 0.000000e+00 0.000000e+00 0.000000e+00 0.000000e+00 0.000000e+00 0.000000e+00 0.000000e+00 0.000000e+00 0.000000e+00 0.000000e+00 0.000000e+00 0.000000e+00 0.000000e+00 0.000000e+00 0.000000e+00 0.000000e+00
 0.000000e+00 3.765609e-01 6.234391e-01 0.000000e+00 0.000000e+00 0.000000e+00 0.000000e+00 0.000000e+00 0.000000e+00 0.000000e+00 0.000000e+00 0.000000e+00 0.000000e+00 0.000000e+00 0.000000e+00 0.000000e+00 0.000000e+00 0.000000e+00 0.000000e+00 0.000000e+00 0.000000e+00 0.000000e+00 0.000000e+00 0.000000e+00 0.000000e+00 0.000000e+00 0.000000e+00 0.000000e+00 0.000000e+00 0.000000e+00 0.000000e+00 0.000000e+00 0.000000e+00 0.000000e+00 0.000000e+00
 0.000000e+00 0.000000e+00 4.443981e-01 5.556019e-01 0.000000e+00 0.000000e+00 0.000000e+00 0.000000e+00 0.000000e+00 0.000000e+00 0.000000e+00 0.000000e+00 0.000000e+00 0.000000e+00 0.000000e+00 0.000000e+00 0.000000e+00 0.000000e+00 0.000000e+00 0.000000e+00 0.000000e+00 0.000000e+00 0.000000e+00 0.000000e+00 0.000000e+00 0.000000e+00 0.000000e+00 0.000000e+00 0.000000e+00 0.000000e+00 0.000000e+00 0.000000e+00 0.000000e+00 0.000000e+00 0.000000e+00
 0.000000e+00 0.000000e+00 0.000000e+00 4.987849e-01 5.012151e-01 0.000000e+00 0.000000e+00 0.000000e+00 0.000000e+00 0.000000e+00 0.000000e+00 0.000000e+00 0.000000e+00 0.000000e+00 0.000000e+00 0.000000e+00 0.000000e+00 0.000000e+00 0.000000e+00 0.000000e+00 0.000000e+00 0.000000e+00 0.000000e+00 0.000000e+00 0.000000e+00 0.000000e+00 0.000000e+00 0.000000e+00 0.000000e+00 0.000000e+00 0.000000e+00 0.000000e+00 0.000000e+00 0.000000e+00 0.000000e+00
 0.000000e+00 0.000000e+00 0.000000e+00 0.000000e+00 3.771248e-01 6.228752e-01 0.000000e+00 0.000000e+00 0.000000e+00 0.000000e+00 0.000000e+00 0.000000e+00 0.000000e+00 0.000000e+00 0.000000e+00 0.000000e+00 0.000000e+00 0.000000e+00 0.000000e+00 0.000000e+00 0.000000e+00 0.000000e+00 0.000000e+00 0.000000e+00 0.000000e+00 0.000000e+00 0.000000e+00 0.000000e+00 0.000000e+00 0.000000e+00 0.000000e+00 0.000000e+00 0.000000e+00 0.000000e+00 0.000000e+00
 0.000000e+00 0.000000e+00 0.000000e+00 0.000000e+00 0.000000e+00 3.764435e-01 6.235565e-01 0.000000e+00 0.000000e+00 0.000000e+00 0.000000e+00 0.000000e+00 0.000000e+00 0.000000e+00 0.000000e+00 0.000000e+00 0.000000e+00 0.000000e+00 0.000000e+00 0.000000e+00 0.000000e+00 0.000000e+00 0.000000e+00 0.000000e+00 0.000000e+00 0.000000e+00 0.000000e+00 0.000000e+00 0.000000e+00 0.000000e+00 0.000000e+00 0.000000e+00 0.000000e+00 0.000000e+00 0.000000e+00
 0.000000e+00 0.000000e+00 0.000000e+00 0.000000e+00 0.000000e+00 0.000000e+00 2.835820e-01 7.164181e-01 0.000000e+00 0.000000e+00 0.000000e+00 0.000000e+00 0.000000e+00 0.000000e+00 0.000000e+00 0.000000e+00 0.000000e+00 0.000000e+00 0.000000e+00 0.000000e+00 0.000000e+00 0.000000e+00 0.000000e+00 0.000000e+00 0.000000e+00 0.000000e+00 0.000000e+00 0.000000e+00 0.000000e+00 0.000000e+00 0.000000e+00 0.000000e+00 0.000000e+00 0.000000e+00 0.000000e+00
 0.000000e+00 0.000000e+00 0.000000e+00 0.000000e+00 0.000000e+00 0.000000e+00 0.000000e+00 1.666698e-01 8.333302e-01 0.000000e+00 0.000000e+00 0.000000e+00 0.000000e+00 0.000000e+00 0.000000e+00 0.000000e+00 0.000000e+00 0.000000e+00 0.000000e+00 0.000000e+00 0.000000e+00 0.000000e+00 0.000000e+00 0.000000e+00 0.000000e+00 0.000000e+00 0.000000e+00 0.000000e+00 0.000000e+00 0.000000e+00 0.000000e+00 0.000000e+00 0.000000e+00 0.000000e+00 0.000000e+00
 0.000000e+00 0.000000e+00 0.000000e+00 0.000000e+00 0.000000e+00 0.000000e+00 0.000000e+00 0.000000e+00 4.433997e-01 5.566003e-01 0.000000e+00 0.000000e+00 0.000000e+00 0.000000e+00 0.000000e+00 0.000000e+00 0.000000e+00 0.000000e+00 0.000000e+00 0.000000e+00 0.000000e+00 0.000000e+00 0.000000e+00 0.000000e+00 0.000000e+00 0.000000e+00 0.000000e+00 0.000000e+00 0.000000e+00 0.000000e+00 0.000000e+00 0.000000e+00 0.000000e+00 0.000000e+00 0.000000e+00
 0.000000e+00 0.000000e+00 0.000000e+00 0.000000e+00 0.000000e+00 0.000000e+00 0.000000e+00 0.000000e+00 0.000000e+00 5.454779e-01 4.545221e-01 0.000000e+00 0.000000e+00 0.000000e+00 0.000000e+00 0.000000e+00 0.000000e+00 0.000000e+00 0.000000e+00 0.000000e+00 0.000000e+00 0.000000e+00 0.000000e+00 0.000000e+00 0.000000e+00 0.000000e+00 0.000000e+00 0.000000e+00 0.000000e+00 0.000000e+00 0.000000e+00 0.000000e+00 0.000000e+00 0.000000e+00 0.000000e+00
 0.000000e+00 0.000000e+00 0.000000e+00 0.000000e+00 0.000000e+00 0.000000e+00 0.000000e+00 0.000000e+00 0.000000e+00 0.000000e+00 4.454516e-01 5.545484e-01 0.000000e+00 0.000000e+00 0.000000e+00 0.000000e+00 0.000000e+00 0.000000e+00 0.000000e+00 0.000000e+00 0.000000e+00 0.000000e+00 0.000000e+00 0.000000e+00 0.000000e+00 0.000000e+00 0.000000e+00 0.000000e+00 0.000000e+00 0.000000e+00 0.000000e+00 0.000000e+00 0.000000e+00 0.000000e+00 0.000000e+00
 0.000000e+00 0.000000e+00 0.000000e+00 0.000000e+00 0.000000e+00 0.000000e+00 0.000000e+00 0.000000e+00 0.000000e+00 0.000000e+00 0.000000e+00 3.756430e-01 6.243570e-01 0.000000e+00 0.000000e+00 0.000000e+00 0.000000e+00 0.000000e+00 0.000000e+00 0.000000e+00 0.000000e+00 0.000000e+00 0.000000e+00 0.000000e+00 0.000000e+00 0.000000e+00 0.000000e+00 0.000000e+00 0.000000e+00 0.000000e+00 0.000000e+00 0.000000e+00 0.000000e+00 0.000000e+00 0.000000e+00
 0.000000e+00 0.000000e+00 0.000000e+00 0.000000e+00 0.000000e+00 0.000000e+00 0.000000e+00 0.000000e+00 0.000000e+00 0.000000e+00 0.000000e+00 0.000000e+00 5.841165e-01 4.158835e-01 0.000000e+00 0.000000e+00 0.000000e+00 0.000000e+00 0.000000e+00 0.000000e+00 0.000000e+00 0.000000e+00 0.000000e+00 0.000000e+00 0.000000e+00 0.000000e+00 0.000000e+00 0.000000e+00 0.000000e+00 0.000000e+00 0.000000e+00 0.000000e+00 0.000000e+00 0.000000e+00 0.000000e+00
 0.000000e+00 0.000000e+00 0.000000e+00 0.000000e+00 0.000000e+00 0.000000e+00 0.000000e+00 0.000000e+00 0.000000e+00 0.000000e+00 0.000000e+00 0.000000e+00 0.000000e+00 3.751599e-01 6.248402e-01 0.000000e+00 0.000000e+00 0.000000e+00 0.000000e+00 0.000000e+00 0.000000e+00 0.000000e+00 0.000000e+00 0.000000e+00 0.000000e+00 0.000000e+00 0.000000e+00 0.000000e+00 0.000000e+00 0.000000e+00 0.000000e+00 0.000000e+00 0.000000e+00 0.000000e+00 0.000000e+00
 0.000000e+00 0.000000e+00 0.000000e+00 0.000000e+00 0.000000e+00 0.000000e+00 0.000000e+00 0.000000e+00 0.000000e+00 0.000000e+00 0.000000e+00 0.000000e+00 0.000000e+00 0.000000e+00 4.405650e-01 5.594351e-01 0.000000e+00 0.000000e+00 0.000000e+00 0.000000e+00 0.000000e+00 0.000000e+00 0.000000e+00 0.000000e+00 0.000000e+00 0.000000e+00 0.000000e+00 0.000000e+00 0.000000e+00 0.000000e+00 0.000000e+00 0.000000e+00 0.000000e+00 0.000000e+00 0.000000e+00
 0.000000e+00 0.000000e+00 0.000000e+00 0.000000e+00 0.000000e+00 0.000000e+00 0.000000e+00 0.000000e+00 0.000000e+00 0.000000e+00 0.000000e+00 0.000000e+00 0.000000e+00 0.000000e+00 0.000000e+00 3.773174e-01 6.226826e-01 0.000000e+00 0.000000e+00 0.000000e+00 0.000000e+00 0.000000e+00 0.000000e+00 0.000000e+00 0.000000e+00 0.000000e+00 0.000000e+00 0.000000e+00 0.000000e+00 0.000000e+00 0.000000e+00 0.000000e+00 0.000000e+00 0.000000e+00 0.000000e+00
 0.000000e+00 0.000000e+00 0.000000e+00 0.000000e+00 0.000000e+00 0.000000e+00 0.000000e+00 0.000000e+00 0.000000e+00 0.000000e+00 0.000000e+00 0.000000e+00 0.000000e+00 0.000000e+00 0.000000e+00 0.000000e+00 4.444424e-01 5.555576e-01 0.000000e+00 0.000000e+00 0.000000e+00 0.000000e+00 0.000000e+00 0.000000e+00 0.000000e+00 0.000000e+00 0.000000e+00 0.000000e+00 0.000000e+00 0.000000e+00 0.000000e+00 0.000000e+00 0.000000e+00 0.000000e+00 0.000000e+00
 0.000000e+00 0.000000e+00 0.000000e+00 0.000000e+00 0.000000e+00 0.000000e+00 0.000000e+00 0.000000e+00 0.000000e+00 0.000000e+00 0.000000e+00 0.000000e+00 0.000000e+00 0.000000e+00 0.000000e+00 0.000000e+00 0.000000e+00 1.676521e-01 8.323479e-01 0.000000e+00 0.000000e+00 0.000000e+00 0.000000e+00 0.000000e+00 0.000000e+00 0.000000e+00 0.000000e+00 0.000000e+00 0.000000e+00 0.000000e+00 0.000000e+00 0.000000e+00 0.000000e+00 0.000000e+00 0.000000e+00
 0.000000e+00 0.000000e+00 0.000000e+00 0.000000e+00 0.000000e+00 0.000000e+00 0.000000e+00 0.000000e+00 0.000000e+00 0.000000e+00 0.000000e+00 0.000000e+00 0.000000e+00 0.000000e+00 0.000000e+00 0.000000e+00 0.000000e+00 0.000000e+00 3.744261e-01 6.255739e-01 0.000000e+00 0.000000e+00 0.000000e+00 0.000000e+00 0.000000e+00 0.000000e+00 0.000000e+00 0.000000e+00 0.000000e+00 0.000000e+00 0.000000e+00 0.000000e+00 0.000000e+00 0.000000e+00 0.000000e+00
 0.000000e+00 0.000000e+00 0.000000e+00 0.000000e+00 0.000000e+00 0.000000e+00 0.000000e+00 0.000000e+00 0.000000e+00 0.000000e+00 0.000000e+00 0.000000e+00 0.000000e+00 0.000000e+00 0.000000e+00 0.000000e+00 0.000000e+00 0.000000e+00 0.000000e+00 3.749361e-01 6.250640e-01 0.000000e+00 0.000000e+00 0.000000e+00 0.000000e+00 0.000000e+00 0.000000e+00 0.000000e+00 0.000000e+00 0.000000e+00 0.000000e+00 0.000000e+00 0.000000e+00 0.000000e+00 0.000000e+00
 0.000000e+00 0.000000e+00 0.000000e+00 0.000000e+00 0.000000e+00 0.000000e+00 0.000000e+00 0.000000e+00 0.000000e+00 0.000000e+00 0.000000e+00 0.000000e+00 0.000000e+00 0.000000e+00 0.000000e+00 0.000000e+00 0.000000e+00 0.000000e+00 0.000000e+00 0.000000e+00 4.452436e-01 5.547564e-01 0.000000e+00 0.000000e+00 0.000000e+00 0.000000e+00 0.000000e+00 0.000000e+00 0.000000e+00 0.000000e+00 0.000000e+00 0.000000e+00 0.000000e+00 0.000000e+00 0.000000e+00
 0.000000e+00 0.000000e+00 0.000000e+00 0.000000e+00 0.000000e+00 0.000000e+00 0.000000e+00 0.000000e+00 0.000000e+00 0.000000e+00 0.000000e+00 0.000000e+00 0.000000e+00 0.000000e+00 0.000000e+00 0.000000e+00 0.000000e+00 0.000000e+00 0.000000e+00 0.000000e+00 0.000000e+00 4.993564e-01 5.006436e-01 0.000000e+00 0.000000e+00 0.000000e+00 0.000000e+00 0.000000e+00 0.000000e+00 0.000000e+00 0.000000e+00 0.000000e+00 0.000000e+00 0.000000e+00 0.000000e+00
 0.000000e+00 0.000000e+00 0.000000e+00 0.000000e+00 0.000000e+00 0.000000e+00 0.000000e+00 0.000000e+00 0.000000e+00 0.000000e+00 0.000000e+00 0.000000e+00 0.000000e+00 0.000000e+00 0.000000e+00 0.000000e+00 0.000000e+00 0.000000e+00 0.000000e+00 0.000000e+00 0.000000e+00 0.000000e+00 5.000151e-01 4.999848e-01 0.000000e+00 0.000000e+00 0.000000e+00 0.000000e+00 0.000000e+00 0.000000e+00 0.000000e+00 0.000000e+00 0.000000e+00 0.000000e+00 0.000000e+00
 0.000000e+00 0.000000e+00 0.000000e+00 0.000000e+00 0.000000e+00 0.000000e+00 0.000000e+00 0.000000e+00 0.000000e+00 0.000000e+00 0.000000e+00 0.000000e+00 0.000000e+00 0.000000e+00 0.000000e+00 0.000000e+00 0.000000e+00 0.000000e+00 0.000000e+00 0.000000e+00 0.000000e+00 0.000000e+00 0.000000e+00 2.859479e-01 7.140521e-01 0.000000e+00 0.000000e+00 0.000000e+00 0.000000e+00 0.000000e+00 0.000000e+00 0.000000e+00 0.000000e+00 0.000000e+00 0.000000e+00
 0.000000e+00 0.000000e+00 0.000000e+00 0.000000e+00 0.000000e+00 0.000000e+00 0.000000e+00 0.000000e+00 0.000000e+00 0.000000e+00 0.000000e+00 0.000000e+00 0.000000e+00 0.000000e+00 0.000000e+00 0.000000e+00 0.000000e+00 0.000000e+00 0.000000e+00 0.000000e+00 0.000000e+00 0.000000e+00 0.000000e+00 0.000000e+00 1.678008e-01 8.321992e-01 0.000000e+00 0.000000e+00 0.000000e+00 0.000000e+00 0.000000e+00 0.000000e+00 0.000000e+00 0.000000e+00 0.000000e+00
 0.000000e+00 0.000000e+00 0.000000e+00 0.000000e+00 0.000000e+00 0.000000e+00 0.000000e+00 0.000000e+00 0.000000e+00 0.000000e+00 0.000000e+00 0.000000e+00 0.000000e+00 0.000000e+00 0.000000e+00 0.000000e+00 0.000000e+00 0.000000e+00 0.000000e+00 0.000000e+00 0.000000e+00 0.000000e+00 0.000000e+00 0.000000e+00 0.000000e+00 4.378349e-01 5.621651e-01 0.000000e+00 0.000000e+00 0.000000e+00 0.000000e+00 0.000000e+00 0.000000e+00 0.000000e+00 0.000000e+00
 0.000000e+00 0.000000e+00 0.000000e+00 0.000000e+00 0.000000e+00 0.000000e+00 0.000000e+00 0.000000e+00 0.000000e+00 0.000000e+00 0.000000e+00 0.000000e+00 0.000000e+00 0.000000e+00 0.000000e+00 0.000000e+00 0.000000e+00 0.000000e+00 0.000000e+00 0.000000e+00 0.000000e+00 0.000000e+00 0.000000e+00 0.000000e+00 0.000000e+00 0.000000e+00 5.045462e-01 4.954538e-01 0.000000e+00 0.000000e+00 0.000000e+00 0.000000e+00 0.000000e+00 0.000000e+00 0.000000e+00
 0.000000e+00 0.000000e+00 0.000000e+00 0.000000e+00 0.000000e+00 0.000000e+00 0.000000e+00 0.000000e+00 0.000000e+00 0.000000e+00 0.000000e+00 0.000000e+00 0.000000e+00 0.000000e+00 0.000000e+00 0.000000e+00 0.000000e+00 0.000000e+00 0.000000e+00 0.000000e+00 0.000000e+00 0.000000e+00 0.000000e+00 0.000000e+00 0.000000e+00 0.000000e+00 0.000000e+00 2.864002e-01 7.135999e-01 0.000000e+00 0.000000e+00 0.000000e+00 0.000000e+00 0.000000e+00 0.000000e+00
 0.000000e+00 0.000000e+00 0.000000e+00 0.000000e+00 0.000000e+00 0.000000e+00 0.000000e+00 0.000000e+00 0.000000e+00 0.000000e+00 0.000000e+00 0.000000e+00 0.000000e+00 0.000000e+00 0.000000e+00 0.000000e+00 0.000000e+00 0.000000e+00 0.000000e+00 0.000000e+00 0.000000e+00 0.000000e+00 0.000000e+00 0.000000e+00 0.000000e+00 0.000000e+00 0.000000e+00 0.000000e+00 4.443640e-01 5.556360e-01 0.000000e+00 0.000000e+00 0.000000e+00 0.000000e+00 0.000000e+00
 0.000000e+00 0.000000e+00 0.000000e+00 0.000000e+00 0.000000e+00 0.000000e+00 0.000000e+00 0.000000e+00 0.000000e+00 0.000000e+00 0.000000e+00 0.000000e+00 0.000000e+00 0.000000e+00 0.000000e+00 0.000000e+00 0.000000e+00 0.000000e+00 0.000000e+00 0.000000e+00 0.000000e+00 0.000000e+00 0.000000e+00 0.000000e+00 0.000000e+00 0.000000e+00 0.000000e+00 0.000000e+00 0.000000e+00 3.749032e-01 6.250969e-01 0.000000e+00 0.000000e+00 0.000000e+00 0.000000e+00
 0.000000e+00 0.000000e+00 0.000000e+00 0.000000e+00 0.000000e+00 0.000000e+00 0.000000e+00 0.000000e+00 0.000000e+00 0.000000e+00 0.000000e+00 0.000000e+00 0.000000e+00 0.000000e+00 0.000000e+00 0.000000e+00 0.000000e+00 0.000000e+00 0.000000e+00 0.000000e+00 0.000000e+00 0.000000e+00 0.000000e+00 0.000000e+00 0.000000e+00 0.000000e+00 0.000000e+00 0.000000e+00 0.000000e+00 0.000000e+00 2.856336e-01 7.143664e-01 0.000000e+00 0.000000e+00 0.000000e+00
 0.000000e+00 0.000000e+00 0.000000e+00 0.000000e+00 0.000000e+00 0.000000e+00 0.000000e+00 0.000000e+00 0.000000e+00 0.000000e+00 0.000000e+00 0.000000e+00 0.000000e+00 0.000000e+00 0.000000e+00 0.000000e+00 0.000000e+00 0.000000e+00 0.000000e+00 0.000000e+00 0.000000e+00 0.000000e+00 0.000000e+00 0.000000e+00 0.000000e+00 0.000000e+00 0.000000e+00 0.000000e+00 0.000000e+00 0.000000e+00 0.000000e+00 5.000311e-01 4.999689e-01 0.000000e+00 0.000000e+00
 0.000000e+00 0.000000e+00 0.000000e+00 0.000000e+00 0.000000e+00 0.000000e+00 0.000000e+00 0.000000e+00 0.000000e+00 0.000000e+00 0.000000e+00 0.000000e+00 0.000000e+00 0.000000e+00 0.000000e+00 0.000000e+00 0.000000e+00 0.000000e+00 0.000000e+00 0.000000e+00 0.000000e+00 0.000000e+00 0.000000e+00 0.000000e+00 0.000000e+00 0.000000e+00 0.000000e+00 0.000000e+00 0.000000e+00 0.000000e+00 0.000000e+00 0.000000e+00 3.749998e-01 6.250003e-01 0.000000e+00
 0.000000e+00 0.000000e+00 0.000000e+00 0.000000e+00 0.000000e+00 0.000000e+00 0.000000e+00 0.000000e+00 0.000000e+00 0.000000e+00 0.000000e+00 0.000000e+00 0.000000e+00 0.000000e+00 0.000000e+00 0.000000e+00 0.000000e+00 0.000000e+00 0.000000e+00 0.000000e+00 0.000000e+00 0.000000e+00 0.000000e+00 0.000000e+00 0.000000e+00 0.000000e+00 0.000000e+00 0.000000e+00 0.000000e+00 0.000000e+00 0.000000e+00 0.000000e+00 0.000000e+00 3.911115e-01 6.088886e-01
 0.000000e+00 0.000000e+00 0.000000e+00 0.000000e+00 0.000000e+00 0.000000e+00 0.000000e+00 0.000000e+00 0.000000e+00 0.000000e+00 0.000000e+00 0.000000e+00 0.000000e+00 0.000000e+00 0.000000e+00 0.000000e+00 0.000000e+00 0.000000e+00 0.000000e+00 0.000000e+00 0.000000e+00 0.000000e+00 0.000000e+00 0.000000e+00 0.000000e+00 0.000000e+00 0.000000e+00 0.000000e+00 0.000000e+00 0.000000e+00 0.000000e+00 0.000000e+00 0.000000e+00 0.000000e+00 0.000000e+00
<ENDHMM>
