~o
<STREAMINFO> 1 39
<VECSIZE> 39<NULLD><MFCC_E_D_A><DIAGC>
~h "Lui"
<BEGINHMM>
<NUMSTATES> 7
<STATE> 2
<MEAN> 39
 2.261675e+00 -7.229733e+00 -1.384435e+01 -6.376997e+00 -5.980066e+00 -1.177697e+01 -6.180855e+00 -6.754046e+00 7.103301e+00 -9.918559e-01 4.897821e-02 -6.269991e+00 5.063825e-01 9.709962e-01 -7.606703e-02 -2.537982e+00 -1.010887e+00 -1.255329e+00 -9.440885e-01 -1.496218e+00 -6.319570e-01 1.494672e+00 9.409091e-01 -4.209111e-01 -2.151098e-01 1.082576e-01 -2.802247e-01 -1.908153e-01 1.521913e-01 -1.186033e-01 1.991163e-01 2.340171e-01 8.742974e-02 1.713267e-01 -9.274857e-02 3.059975e-01 1.331120e-01 3.638653e-01 -2.111495e-03
<VARIANCE> 39
 2.614752e+01 4.125238e+00 8.156410e+01 2.754956e+01 2.163162e+01 2.519054e+01 3.765023e+01 3.615282e+01 3.790481e+01 2.504653e+01 2.613120e+01 1.328316e+01 9.483608e-02 4.436555e+00 7.347729e-01 3.590787e+00 3.736931e+00 1.652594e+00 4.183059e+00 2.654854e+00 4.279106e+00 2.622191e+00 4.330385e+00 2.985971e+00 3.882816e+00 5.000000e-02 6.776555e-01 1.480328e-01 1.067904e+00 1.037975e+00 4.648806e-01 7.402724e-01 4.866967e-01 9.204739e-01 6.485702e-01 7.037252e-01 7.316595e-01 5.646930e-01 5.000000e-02
<GCONST> 1.092381e+02
<STATE> 3
<MEAN> 39
 1.442705e+00 -1.169337e+01 -1.443582e+01 -2.258637e+01 -4.064724e+00 -7.390006e+00 -1.274958e+01 1.448733e+00 6.033408e+00 1.439903e+01 -8.524256e-01 -1.180535e+00 9.696784e-01 -1.020544e-01 -4.217172e-01 9.360099e-01 -8.743963e-01 4.104972e-01 -1.131361e-01 1.860642e-02 9.179764e-01 -4.042467e-01 7.602112e-01 -5.115775e-01 -1.283771e-01 2.507334e-03 3.560524e-02 -1.130234e-02 1.098694e-01 3.165659e-01 -2.155736e-01 -2.514080e-01 2.199679e-01 -6.142824e-03 -2.420498e-02 -3.909300e-01 2.276052e-03 -4.638769e-02 -5.440468e-03
<VARIANCE> 39
 1.913550e+01 5.756061e+00 4.269814e+01 5.987358e+01 3.046488e+01 4.003887e+01 3.505582e+01 5.835341e+01 2.352261e+01 3.288050e+01 3.983587e+01 2.612873e+01 5.000000e-02 3.126587e-01 1.169795e+00 1.330655e+00 5.253827e+00 2.547375e+00 3.467581e+00 2.175837e+00 3.668211e+00 2.696083e+00 3.706396e+00 3.433855e+00 3.594019e+00 5.000000e-02 9.687530e-02 2.004542e-01 2.731726e-01 3.910281e-01 5.060455e-01 3.887483e-01 5.524642e-01 5.514686e-01 6.321986e-01 7.481447e-01 7.098394e-01 7.376295e-01 5.000000e-02
<GCONST> 1.031876e+02
<STATE> 4
<MEAN> 39
 2.636796e-01 -1.888783e+01 -2.670364e+00 -1.710334e+01 -1.284245e+01 -1.878650e+01 -5.970993e-01 6.162812e+00 2.735046e+00 9.369959e+00 -3.063739e+00 -2.789828e+00 8.605517e-01 -4.654763e-02 -9.418569e-01 1.767509e+00 6.791475e-01 -2.104971e+00 -3.858758e-01 2.529455e+00 -1.188735e+00 -1.890565e+00 -9.535182e-01 7.469269e-01 -2.311169e-01 -2.680909e-02 1.774492e-01 3.914687e-01 -1.008878e-01 -3.769370e-01 3.810474e-01 7.610125e-01 -5.471831e-01 -6.266700e-01 3.506947e-02 5.552652e-01 -2.279208e-01 -3.178295e-01 -3.016923e-03
<VARIANCE> 39
 1.470572e+01 9.298360e+00 3.405410e+01 3.270156e+01 5.491681e+01 1.877312e+01 4.123520e+01 2.588058e+01 4.118225e+01 2.733067e+01 5.012138e+01 1.374960e+01 5.000000e-02 3.584347e-01 1.638716e+00 7.033614e-01 2.413789e+00 4.139795e+00 5.619792e+00 4.460700e+00 4.489314e+00 2.497455e+00 6.566910e+00 2.923610e+00 3.969098e+00 5.000000e-02 8.622701e-02 2.243607e-01 3.029345e-01 3.542574e-01 7.408618e-01 5.115029e-01 9.552101e-01 5.645072e-01 9.992030e-01 9.980750e-01 7.134948e-01 7.892098e-01 5.000000e-02
<GCONST> 1.051436e+02
<STATE> 5
<MEAN> 39
 2.818954e+00 -1.558241e+01 4.963165e-01 -1.412885e+01 -1.114719e+01 -1.106042e+01 -2.374028e+00 -6.130766e+00 4.270065e-01 8.028275e+00 -4.495073e+00 -6.046031e+00 5.748812e-01 3.047327e-01 1.004483e+00 -6.163644e-01 1.170321e+00 1.078274e+00 7.145785e-01 -6.622640e-01 -7.208019e-01 3.364238e-01 -8.503876e-01 3.190817e-01 -1.535890e-01 -4.338710e-02 -1.728895e-01 1.530465e-02 -1.219552e-01 1.407959e-01 1.924866e-01 -1.251600e-01 1.072369e-01 3.922857e-01 2.725767e-02 -1.414600e-01 2.156724e-01 1.221971e-01 -2.331414e-03
<VARIANCE> 39
 1.229406e+01 1.253306e+01 3.068952e+01 2.213825e+01 3.851707e+01 2.584330e+01 1.994388e+01 1.348851e+01 2.212004e+01 2.188455e+01 1.347828e+01 1.456948e+01 5.000000e-02 6.860935e-01 6.709833e-01 2.364439e+00 1.875121e+00 2.312873e+00 2.296248e+00 1.805693e+00 2.444031e+00 1.894860e+00 2.601156e+00 2.320636e+00 2.038554e+00 5.000000e-02 5.930230e-02 1.679794e-01 4.149505e-01 3.308568e-01 4.311634e-01 3.650981e-01 3.749544e-01 5.002561e-01 4.368413e-01 5.041230e-01 3.270097e-01 6.215850e-01 5.000000e-02
<GCONST> 9.200241e+01
<STATE> 6
<MEAN> 39
 -1.004781e+00 -9.282763e+00 -3.638829e+00 -4.774653e+00 -3.096718e+00 -8.367486e+00 -1.245932e+00 -3.374839e+00 3.246683e+00 3.412852e+00 4.110412e+00 -3.467023e+00 1.719695e-01 -5.722798e-01 1.250688e-01 1.134889e-01 2.545018e-01 3.853647e-01 2.640055e-01 2.257455e-01 3.484856e-01 2.482429e-01 -1.387185e-01 4.363434e-01 4.554900e-01 -2.668503e-02 3.373484e-02 -7.147437e-02 1.366692e-02 -1.327459e-01 -9.987628e-02 -2.057432e-02 -1.334495e-02 -4.257092e-02 -1.036904e-02 3.329856e-02 -8.032330e-02 -1.946405e-02 2.955788e-03
<VARIANCE> 39
 1.428836e+01 4.517314e+00 7.032309e+00 9.689649e+00 1.149127e+01 1.398286e+01 8.715513e+00 1.278285e+01 1.807260e+01 1.691906e+01 1.698604e+01 1.270097e+01 5.000000e-02 5.969825e-01 4.706323e-01 7.732014e-01 1.320175e+00 1.185526e+00 2.032881e+00 1.206943e+00 2.011690e+00 2.475518e+00 1.790969e+00 1.764269e+00 1.614733e+00 5.000000e-02 1.195218e-01 9.906179e-02 1.963217e-01 3.079303e-01 2.810930e-01 4.896590e-01 2.391713e-01 4.281434e-01 5.640587e-01 4.167250e-01 3.600773e-01 3.608853e-01 5.000000e-02
<GCONST> 8.002960e+01
<TRANSP> 7
 0.000000e+00 1.000000e+00 0.000000e+00 0.000000e+00 0.000000e+00 0.000000e+00 0.000000e+00
 0.000000e+00 8.786017e-01 1.213983e-01 0.000000e+00 0.000000e+00 0.000000e+00 0.000000e+00
 0.000000e+00 0.000000e+00 9.286786e-01 7.132144e-02 0.000000e+00 0.000000e+00 0.000000e+00
 0.000000e+00 0.000000e+00 0.000000e+00 8.194910e-01 1.805090e-01 0.000000e+00 0.000000e+00
 0.000000e+00 0.000000e+00 0.000000e+00 0.000000e+00 8.910981e-01 1.089019e-01 0.000000e+00
 0.000000e+00 0.000000e+00 0.000000e+00 0.000000e+00 0.000000e+00 9.235843e-01 7.641575e-02
 0.000000e+00 0.000000e+00 0.000000e+00 0.000000e+00 0.000000e+00 0.000000e+00 0.000000e+00
<ENDHMM>
