~o
<STREAMINFO> 1 39
<VECSIZE> 39<NULLD><MFCC_E_D_A><DIAGC>
~h "Mo^t"
<BEGINHMM>
<NUMSTATES> 10
<STATE> 2
<MEAN> 39
 -3.417640e+00 -7.250804e+00 -3.247310e+00 -5.668068e+00 -1.420031e+00 -5.696160e+00 -9.575607e-01 -4.110791e+00 5.227865e-01 -1.658460e+00 8.687691e-01 -3.329472e+00 9.415063e-02 2.451067e+00 6.569886e-01 -1.096611e+00 -1.430828e+00 -9.816200e-01 -1.076991e+00 -1.704847e+00 -1.673226e+00 -5.927266e-01 -3.136171e-01 -8.846490e-01 -1.184983e+00 1.061984e-01 5.487349e-01 -1.277327e-01 -4.140562e-01 -2.498605e-01 -1.661697e-01 -1.829782e-02 -1.704126e-01 -1.991962e-01 -2.666429e-01 -2.177496e-01 -2.694648e-01 -1.829212e-01 2.399397e-02
<VARIANCE> 39
 1.533819e+01 5.430775e+00 7.628819e+00 1.429429e+01 7.063863e+00 7.288350e+00 1.366033e+01 1.679483e+01 1.015260e+01 1.592636e+01 1.332170e+01 1.688351e+01 5.000000e-02 1.732892e+00 6.112750e-01 1.166704e+00 1.146048e+00 4.020817e-01 7.094864e-01 8.498963e-01 6.408893e-01 1.007119e+00 1.436786e+00 1.840476e+00 2.598868e+00 5.000000e-02 2.877223e-01 1.750454e-01 1.919708e-01 2.295315e-01 1.408173e-01 4.172661e-01 2.808909e-01 3.905173e-01 1.247066e-01 3.286648e-01 4.324971e-01 5.750811e-01 5.000000e-02
<GCONST> 7.636240e+01
<STATE> 3
<MEAN> 39
 7.503847e+00 -8.211231e+00 -1.529396e+01 -1.450559e+01 -3.201490e+00 -3.670318e+00 -2.541576e+00 -7.669324e+00 -3.370196e+00 -5.177249e+00 -3.700105e+00 -6.779801e+00 6.802655e-01 5.951047e-04 -8.955201e-01 -3.077805e+00 -2.069903e+00 1.386187e+00 2.722639e+00 9.445465e-01 1.108346e+00 -4.813778e-01 -3.409728e-01 -1.759776e-01 2.208049e-01 8.100500e-02 -7.695383e-01 -7.675138e-02 -3.380857e-02 3.248592e-03 5.630735e-01 4.424853e-01 3.672895e-01 4.617491e-01 -8.374433e-03 1.555484e-01 2.998091e-01 1.718060e-01 -1.349476e-02
<VARIANCE> 39
 1.090015e+01 1.127059e+01 6.927999e+01 3.369165e+01 2.874871e+01 8.754165e+01 6.738705e+01 3.774744e+01 1.872481e+01 1.303501e+01 8.518304e+00 2.720841e+01 5.000000e-02 4.010139e+00 6.978357e-01 4.146653e+00 2.926009e+00 5.824282e+00 7.690396e+00 7.089356e+00 4.859269e+00 2.116144e+00 1.413430e+00 1.121463e+00 1.364859e+00 5.000000e-02 3.154621e-01 1.772229e-01 1.094022e+00 5.316501e-01 7.984461e-01 1.617671e+00 1.325871e+00 8.869150e-01 3.851134e-01 2.860820e-01 1.760906e-01 3.707807e-01 5.000000e-02
<GCONST> 1.063169e+02
<STATE> 4
<MEAN> 39
 -7.067384e-01 -1.072262e+01 -2.593079e+01 -2.492358e+01 5.111727e+00 9.381486e+00 2.225659e+00 -5.010328e-01 -5.009465e+00 -3.265232e+00 1.344208e+00 -3.166045e+00 9.584548e-01 -3.795713e-01 2.072955e-01 1.955025e-01 -4.808120e-01 -7.843617e-01 9.833030e-02 2.207160e-01 5.705677e-01 -5.671868e-02 5.026286e-01 3.958239e-01 3.864975e-01 1.210812e-02 2.567857e-01 3.948070e-02 4.095836e-01 2.039892e-01 -4.929995e-01 -3.214462e-01 -1.047375e-01 1.046859e-02 9.487335e-02 9.703334e-02 -2.775078e-01 4.805690e-02 -5.723245e-03
<VARIANCE> 39
 1.301234e+01 4.828654e+00 1.984298e+01 3.204610e+01 5.668648e+01 2.717560e+01 3.640279e+01 2.521641e+01 1.557755e+01 1.042123e+01 1.206051e+01 4.083821e+01 5.000000e-02 9.210793e-01 3.532532e-01 1.570427e+00 1.751429e+00 2.979848e+00 2.673360e+00 1.451542e+00 2.090453e+00 1.362982e+00 1.575271e+00 1.582778e+00 9.269993e-01 5.000000e-02 9.449349e-02 1.189066e-01 4.514359e-01 4.280831e-01 4.267934e-01 9.826779e-01 4.812585e-01 4.968504e-01 3.528570e-01 3.656419e-01 2.648227e-01 1.395143e-01 5.000000e-02
<GCONST> 8.918020e+01
<STATE> 5
<MEAN> 39
 1.234203e+00 -1.079533e+01 -1.971870e+01 -2.660363e+01 -5.416869e+00 3.797087e+00 2.144302e+00 8.916546e+00 -5.668422e+00 1.406048e+00 -4.843663e+00 -1.841859e-01 9.586261e-01 2.425310e-01 1.587508e-01 8.827559e-01 -2.207286e-01 -4.174554e-01 -2.220099e+00 1.376291e-01 1.424184e+00 -3.077759e-01 4.204372e-01 -1.350087e+00 9.062966e-01 -1.258887e-02 1.169014e-02 2.420183e-02 -9.915103e-02 7.435998e-02 3.286515e-01 -3.451760e-01 2.823388e-01 -2.586499e-01 1.269807e-01 -1.922712e-01 2.269959e-01 3.003709e-02 -5.061758e-03
<VARIANCE> 39
 6.001262e+00 5.079323e+00 1.442667e+01 3.549583e+01 5.104427e+01 6.275232e+01 3.815733e+01 3.067229e+01 1.460232e+01 6.454987e+00 1.971501e+01 3.646158e+01 5.000000e-02 3.786297e-01 3.932518e-01 6.237594e-01 1.677481e+00 2.442498e+00 1.936729e+00 1.610126e+00 1.036886e+00 1.353355e+00 1.010913e+00 9.103228e-01 8.826720e-01 5.000000e-02 6.464823e-02 1.075087e-01 8.807868e-02 2.599504e-01 2.505839e-01 3.373584e-01 4.401957e-01 3.770764e-01 3.222753e-01 1.368183e-01 1.975265e-01 1.872511e-01 5.000000e-02
<GCONST> 7.947751e+01
<STATE> 6
<MEAN> 39
 3.205474e+00 -1.072890e+01 -1.623238e+01 -2.507742e+01 -4.754949e+00 -9.314284e+00 7.684251e+00 1.054193e+01 -4.154397e+00 1.540352e+00 -7.711867e+00 3.910857e+00 8.075117e-01 1.008741e+00 -8.702627e-01 3.947396e-01 2.009783e+00 -4.327567e-01 -7.521822e-01 6.375884e-01 -2.273788e+00 1.446720e+00 -1.116368e+00 1.137895e+00 -7.868716e-01 -6.516927e-02 7.945360e-02 -1.225829e-01 -2.535370e-01 5.489516e-01 -1.603182e-01 1.016115e+00 -7.828180e-01 -6.390452e-01 8.982084e-02 -2.901317e-01 6.352904e-01 -6.017727e-01 -1.198202e-02
<VARIANCE> 39
 6.627993e+00 6.769069e+00 2.412929e+01 4.853804e+01 4.534510e+01 3.231679e+01 1.737533e+01 2.334674e+01 1.500381e+01 9.731970e+00 3.387532e+01 1.985775e+01 5.000000e-02 5.326935e-01 8.406203e-01 9.827623e-01 4.552351e+00 1.865445e+00 2.822602e+00 5.154951e+00 1.519188e+00 1.669514e+00 1.205519e+00 2.393386e+00 2.044859e+00 5.000000e-02 1.698761e-01 2.422971e-01 1.461642e-01 7.262605e-01 4.938845e-01 1.581824e-01 4.428091e-01 4.825996e-01 4.734204e-01 2.701078e-01 2.903607e-01 2.628705e-01 5.000000e-02
<GCONST> 9.089623e+01
<STATE> 7
<MEAN> 39
 4.165348e+00 -1.294766e+01 -1.735224e+01 -1.542619e+01 -3.087264e+00 -2.434732e+00 3.179438e+00 -7.115251e-02 -1.009014e+00 -2.687140e+00 2.400095e+00 -1.836160e+00 4.702978e-01 -4.480406e-01 5.378098e-02 1.877775e-01 6.396995e-01 6.146191e-01 9.917383e-01 -3.339516e-01 -4.022142e-01 5.164422e-03 -1.150392e-01 6.477700e-01 -6.163439e-01 -3.197424e-02 -1.082844e-01 1.192508e-01 1.543327e-01 -2.594754e-01 -1.528122e-02 -1.988484e-01 2.229977e-01 3.626079e-01 -3.340359e-02 1.581448e-01 -4.246745e-01 1.473792e-01 7.584285e-03
<VARIANCE> 39
 6.871097e+00 7.388329e+00 9.938031e+00 8.756713e+00 1.635051e+01 1.805933e+01 1.244081e+01 3.885727e+01 2.222263e+01 1.404953e+01 1.694567e+01 1.115518e+01 5.000000e-02 5.217927e-01 6.595096e-01 1.678312e+00 2.040511e+00 1.674606e+00 7.591462e-01 1.259612e+00 3.729014e+00 3.423981e+00 2.009512e+00 3.334564e+00 1.100134e+00 5.000000e-02 1.931761e-01 1.750340e-01 2.533230e-01 4.512527e-01 3.811650e-01 9.046448e-02 2.311687e-01 5.585439e-01 9.415316e-01 4.916886e-01 3.067826e-01 2.272654e-01 5.000000e-02
<GCONST> 8.471401e+01
<STATE> 8
<MEAN> 39
 1.320836e+00 -1.174720e+01 -1.387701e+01 -1.347392e+01 -3.135578e+00 -1.077945e+00 6.127358e+00 7.667601e-01 1.790485e-01 -4.123483e+00 -8.993526e-02 -3.628365e+00 3.177226e-01 -3.899694e-01 1.445865e-01 6.292458e-01 6.201314e-01 -2.463820e-02 -8.075359e-02 3.920802e-01 -3.099593e-01 7.268286e-02 -2.864266e-01 4.875797e-02 7.003569e-02 -2.542947e-02 -9.333810e-02 8.919803e-03 1.046836e-01 1.321283e-01 1.315568e-01 -4.064535e-02 -1.571103e-01 -9.090378e-02 -1.152962e-01 3.512951e-02 1.947338e-01 9.160589e-02 -2.918108e-03
<VARIANCE> 39
 3.886517e+00 3.899484e+00 1.096065e+01 1.004169e+01 3.549175e+00 1.030738e+01 9.851120e+00 1.626067e+01 1.760006e+01 1.207386e+01 1.188320e+01 1.153742e+01 5.000000e-02 5.376347e-01 6.400031e-01 2.050825e+00 2.332648e+00 7.049052e-01 8.918207e-01 1.200907e+00 1.732019e+00 3.312541e+00 1.060787e+00 8.361135e-01 9.758449e-01 5.000000e-02 8.347639e-02 1.618487e-01 4.665660e-01 5.078127e-01 1.285912e-01 2.004543e-01 1.508112e-01 2.392202e-01 6.217743e-01 2.638879e-01 1.861710e-01 1.769157e-01 5.000000e-02
<GCONST> 7.293961e+01
<STATE> 9
<MEAN> 39
 -3.328887e+00 -9.948630e+00 -6.911897e+00 -7.483686e+00 -3.115010e-01 -2.061823e+00 4.694249e+00 -1.236092e+00 -9.954615e-02 -3.893162e+00 2.143361e+00 -2.349107e+00 8.944258e-02 -5.980145e-01 1.984228e-01 7.304484e-01 6.473014e-01 4.129325e-01 -1.979035e-01 -4.857503e-01 -1.249759e-01 1.729440e-01 3.197857e-01 2.028731e-01 3.700396e-01 -2.741598e-02 7.939257e-02 -5.758432e-02 -1.598808e-01 -9.612346e-02 -4.547302e-02 4.178600e-02 3.534790e-02 4.201629e-02 2.649653e-02 -2.800287e-03 -8.495867e-03 3.907161e-02 4.818362e-03
<VARIANCE> 39
 4.551815e+00 5.421322e+00 5.924282e+00 6.033917e+00 8.783369e+00 9.738451e+00 9.535907e+00 1.063110e+01 6.337142e+00 1.265379e+01 1.733686e+01 9.021591e+00 5.000000e-02 2.314000e-01 7.753935e-01 1.040426e+00 1.158458e+00 1.067347e+00 1.091976e+00 6.628549e-01 1.111767e+00 6.959983e-01 1.111429e+00 1.937158e+00 8.210706e-01 5.000000e-02 5.000000e-02 1.382079e-01 2.368321e-01 3.053360e-01 2.204553e-01 2.182930e-01 1.390940e-01 2.075056e-01 1.225829e-01 2.025011e-01 3.732777e-01 1.955748e-01 5.000000e-02
<GCONST> 6.600703e+01
<TRANSP> 10
 0.000000e+00 1.000000e+00 0.000000e+00 0.000000e+00 0.000000e+00 0.000000e+00 0.000000e+00 0.000000e+00 0.000000e+00 0.000000e+00
 0.000000e+00 7.497309e-01 2.502690e-01 0.000000e+00 0.000000e+00 0.000000e+00 0.000000e+00 0.000000e+00 0.000000e+00 0.000000e+00
 0.000000e+00 0.000000e+00 8.385707e-01 1.614294e-01 0.000000e+00 0.000000e+00 0.000000e+00 0.000000e+00 0.000000e+00 0.000000e+00
 0.000000e+00 0.000000e+00 0.000000e+00 8.828598e-01 1.171402e-01 0.000000e+00 0.000000e+00 0.000000e+00 0.000000e+00 0.000000e+00
 0.000000e+00 0.000000e+00 0.000000e+00 0.000000e+00 8.493055e-01 1.506945e-01 0.000000e+00 0.000000e+00 0.000000e+00 0.000000e+00
 0.000000e+00 0.000000e+00 0.000000e+00 0.000000e+00 0.000000e+00 7.388688e-01 2.611311e-01 0.000000e+00 0.000000e+00 0.000000e+00
 0.000000e+00 0.000000e+00 0.000000e+00 0.000000e+00 0.000000e+00 0.000000e+00 8.713172e-01 1.286828e-01 0.000000e+00 0.000000e+00
 0.000000e+00 0.000000e+00 0.000000e+00 0.000000e+00 0.000000e+00 0.000000e+00 0.000000e+00 8.651465e-01 1.348536e-01 0.000000e+00
 0.000000e+00 0.000000e+00 0.000000e+00 0.000000e+00 0.000000e+00 0.000000e+00 0.000000e+00 0.000000e+00 8.607962e-01 1.392039e-01
 0.000000e+00 0.000000e+00 0.000000e+00 0.000000e+00 0.000000e+00 0.000000e+00 0.000000e+00 0.000000e+00 0.000000e+00 0.000000e+00
<ENDHMM>
