~o
<STREAMINFO> 1 39
<VECSIZE> 39<NULLD><MFCC_E_D_A><DIAGC>
~h "Muc"
<BEGINHMM>
<NUMSTATES> 22
<STATE> 2
<MEAN> 39
 -5.848953e+00 -8.946841e+00 -2.879719e-01 -8.460419e-01 6.259354e-01 -4.366878e+00 1.492487e+00 -8.148854e-02 1.597509e+00 -3.443979e+00 7.520777e-01 -1.336369e+00 3.286747e-02 1.747214e-01 6.343742e-02 1.086387e-01 -4.934403e-02 -1.008563e-02 6.558731e-02 -1.140300e+00 -4.254964e-01 -4.292326e-01 -2.636690e-01 -1.149841e-01 -2.964457e-01 1.293297e-02 4.390285e-01 2.652082e-01 -2.735199e-01 -6.608840e-01 -4.641147e-01 -1.400717e-01 -5.113675e-01 -6.968919e-01 -2.899470e-01 -6.010740e-02 3.919549e-02 -2.169245e-01 1.859753e-02
<VARIANCE> 39
 3.385072e+00 7.379756e-01 1.787094e+00 3.345781e+00 6.467526e+00 7.349698e+00 8.290546e+00 6.564579e+00 1.829506e+01 1.705218e+01 4.585004e+00 7.871753e+00 5.000000e-02 3.062383e-01 1.600458e-01 1.866096e-01 9.463711e-01 1.324805e+00 4.328849e-01 7.359871e-01 2.149463e+00 9.252829e-01 4.255155e-01 1.277939e+00 1.951404e-01 5.000000e-02 1.195607e-01 5.000000e-02 5.000000e-02 1.392141e-01 1.278090e-01 8.651811e-02 8.966255e-02 9.551673e-02 2.713579e-01 2.635402e-01 2.075848e-01 8.331142e-02 5.000000e-02
<GCONST> 4.936611e+01
<STATE> 3
<MEAN> 39
 -4.119893e+00 -7.378169e+00 -4.956941e-01 -3.564938e+00 -3.306896e-01 -5.468422e+00 -2.471944e+00 -4.063731e+00 -6.168624e-01 -4.234157e+00 2.007694e+00 -1.770061e+00 1.219090e-01 2.418639e+00 1.177383e+00 -1.109146e+00 -2.625505e+00 -1.943378e+00 -9.249533e-01 -1.963314e+00 -1.867416e+00 -1.176105e+00 -5.145213e-01 -6.206002e-01 -1.385151e+00 1.095355e-01 8.019617e-01 7.083149e-02 -5.012072e-01 -4.395133e-01 -6.580392e-01 -4.784756e-01 -1.261878e-01 -1.808264e-01 9.629792e-03 2.433400e-02 -5.559619e-01 -5.084000e-01 3.198481e-02
<VARIANCE> 39
 3.383263e+00 3.367439e+00 2.880665e+00 1.490784e+01 1.516069e+01 4.691684e+00 8.296585e+00 1.566194e+01 5.162144e+00 8.874052e+00 1.076618e+01 4.094981e+00 5.000000e-02 1.626381e+00 5.569622e-01 6.227948e-01 8.414273e-01 1.500537e+00 6.380085e-01 1.425127e+00 6.212003e-01 2.258700e+00 1.923400e+00 1.408630e+00 2.472124e+00 5.000000e-02 1.259781e-01 1.510276e-01 8.965944e-02 3.028643e-01 2.523916e-01 1.747417e-01 5.000000e-02 2.263402e-01 3.836349e-01 1.112921e-01 2.864277e-01 1.324173e-01 5.000000e-02
<GCONST> 6.583466e+01
<STATE> 4
<MEAN> 39
 4.214602e+00 -4.557237e+00 -5.082094e+00 -1.104990e+01 -7.750688e+00 -9.752180e+00 -6.525995e+00 -7.625278e+00 -3.468004e+00 -4.363295e+00 -1.862599e+00 -7.559025e+00 4.820859e-01 3.036892e+00 2.424911e-01 -1.757726e+00 -1.635302e+00 -2.287383e+00 -1.534133e+00 -1.746142e+00 -1.354220e+00 -2.724019e-01 -5.653194e-01 -1.980797e+00 -1.632690e+00 1.309830e-01 -4.411301e-01 -5.518289e-01 -3.402195e-01 4.510987e-01 5.855357e-01 7.957108e-01 4.900452e-01 7.224588e-01 6.266255e-02 -1.913021e-01 -5.256202e-02 7.115628e-01 -1.087179e-02
<VARIANCE> 39
 1.362839e+01 5.792439e+00 8.746796e+00 4.620644e+00 2.138074e+01 1.714476e+01 8.985316e+00 1.750060e+01 2.595951e+01 8.864881e+00 8.134546e+00 2.616057e+01 5.000000e-02 5.735943e-01 6.168132e-01 6.382403e-01 1.056692e+00 1.054551e+00 2.464448e+00 6.646436e-01 9.795378e-01 1.044888e+00 9.225355e-01 6.472272e-01 1.178792e+00 5.000000e-02 2.184876e-01 1.107975e-01 2.159254e-01 1.168816e-01 2.032006e-01 7.410989e-01 2.168135e-01 5.150841e-01 3.650686e-01 3.780192e-01 3.672751e-01 4.082648e-01 5.000000e-02
<GCONST> 7.594089e+01
<STATE> 5
<MEAN> 39
 8.840804e+00 -6.343101e+00 -8.439076e+00 -1.193913e+01 -1.024820e+01 -1.080389e+01 -9.688506e+00 -1.022174e+01 -3.554509e+00 -7.246171e+00 -6.351610e+00 -8.132780e+00 6.658945e-01 6.313751e-01 -9.413138e-01 -3.048061e+00 -1.285788e+00 3.118557e-01 2.500425e+00 4.872597e-01 1.457863e+00 -9.338309e-01 -5.464835e-01 -8.099418e-01 1.100814e+00 7.619403e-02 -1.351451e+00 -2.908648e-01 -1.035850e+00 -2.325566e-01 1.471594e+00 1.883089e+00 1.232686e+00 9.650668e-01 -4.145151e-01 5.096565e-01 7.128718e-01 3.975092e-01 -1.191705e-02
<VARIANCE> 39
 6.544508e+00 1.036625e+01 7.482219e+00 1.604828e+01 1.069737e+01 3.475081e+01 1.924342e+01 7.391132e+00 1.776646e+01 2.655340e+00 4.270200e+00 1.783715e+01 5.000000e-02 8.245882e-01 7.743750e-01 3.109905e+00 1.542023e+00 1.521908e+00 8.586454e+00 2.083380e+00 3.289752e+00 1.522144e+00 2.610800e+00 1.268173e+00 1.098608e+00 5.000000e-02 1.370115e-01 2.281311e-01 3.346927e-01 1.438715e-01 7.762594e-02 6.548157e-01 7.662107e-02 2.201192e-01 2.821397e-01 1.558417e-01 1.683477e-01 5.564718e-01 5.000000e-02
<GCONST> 7.903049e+01
<STATE> 6
<MEAN> 39
 9.505280e+00 -8.386092e+00 -1.524106e+01 -1.426908e+01 -7.728184e+00 -4.876170e+00 -6.213051e+00 -3.156607e+00 -7.308282e+00 -8.585712e+00 -5.532116e+00 -4.015500e+00 8.061076e-01 -1.921631e+00 -1.671471e+00 -6.248595e+00 -1.778923e+00 3.171206e+00 6.302395e+00 2.962939e+00 2.513035e+00 -2.048335e+00 9.567389e-01 3.974321e-01 3.517704e-01 7.408959e-02 -1.010340e+00 1.612364e-01 -2.300002e-01 -2.773124e-01 1.016491e+00 5.020210e-01 5.179211e-01 -9.671423e-02 -1.636100e-03 6.635506e-01 4.444766e-01 -8.748224e-01 -5.710127e-03
<VARIANCE> 39
 1.236654e+01 7.891358e+00 4.503714e+01 2.144583e+01 2.881670e+01 9.854692e+01 2.934587e+01 1.321865e+01 4.148969e+01 5.663617e+00 4.463477e+00 6.801927e+00 5.000000e-02 1.751086e+00 1.504534e+00 2.486839e+00 2.257795e+00 6.991553e-01 2.764410e+00 1.085224e+00 6.901768e-01 1.002410e+00 9.680860e-01 1.297898e+00 3.973393e+00 5.000000e-02 9.030369e-02 1.520935e-01 9.370754e-01 6.574600e-02 1.602336e-01 1.964462e+00 2.111353e-01 5.351189e-01 4.692764e-01 4.478300e-01 2.083375e-01 5.318483e-01 5.000000e-02
<GCONST> 8.743197e+01
<STATE> 7
<MEAN> 39
 2.158574e+00 -1.049193e+01 -2.880119e+01 -1.855111e+01 1.249706e+00 1.064142e+01 -4.733782e-02 -8.486850e-01 -9.962196e+00 -3.462339e+00 -4.985545e+00 -6.677844e+00 9.336869e-01 -2.805526e+00 -1.827253e-01 -3.214667e+00 -2.490267e+00 3.828456e+00 3.085700e+00 2.330992e+00 9.966868e-01 -9.843047e-01 9.501157e-01 1.238782e+00 -1.068311e+00 5.506255e-02 2.550943e-01 4.803774e-01 1.900669e+00 -7.975637e-03 -7.879208e-01 -2.056145e+00 -3.971984e-01 -3.083725e-01 8.558893e-01 -1.746187e-01 2.919146e-01 1.598858e-01 -1.790605e-02
<VARIANCE> 39
 1.972316e+01 8.193829e+00 4.098767e+01 6.496166e+01 3.464392e+01 9.252254e+00 4.995757e+01 8.498851e+00 8.053761e+00 1.293957e+01 1.573904e+01 4.133615e+01 5.000000e-02 1.348189e+00 6.349637e-01 6.445993e+00 1.285809e+00 1.473153e+00 1.073039e+01 9.859728e-01 1.412380e+00 2.973445e+00 1.809112e+00 8.692476e-01 2.583381e+00 5.000000e-02 3.350396e-01 1.812084e-01 4.713099e-01 4.788452e-01 5.710132e-01 3.499149e-01 3.100844e-01 3.929680e-01 1.145051e-01 1.507251e-01 2.500029e-01 4.716764e-01 5.000000e-02
<GCONST> 9.194745e+01
<STATE> 8
<MEAN> 39
 -2.135960e+00 -8.819090e+00 -2.513661e+01 -2.528484e+01 5.109159e+00 8.467445e+00 1.444873e+00 -3.186322e-01 -8.697278e+00 -3.580005e+00 -1.773432e+00 -7.210286e+00 9.860856e-01 -2.902223e-01 3.241897e-01 1.476705e+00 -1.682293e+00 -7.732047e-01 -1.566197e+00 1.089952e+00 2.048223e+00 1.299085e+00 5.129898e-01 9.181170e-01 1.514911e+00 1.062061e-02 9.898813e-01 -8.057152e-02 1.216117e+00 4.134642e-01 -1.645531e+00 -1.356343e+00 -5.628050e-01 6.717598e-01 3.720016e-01 -1.445740e-01 -4.701605e-01 9.807352e-01 -1.483603e-02
<VARIANCE> 39
 1.847066e+01 1.047451e+01 3.176789e+01 3.490584e+01 1.136027e+01 1.391556e+01 2.751515e+01 5.927755e+00 7.192362e+00 2.108498e+01 1.068398e+01 4.644852e+01 5.000000e-02 8.002040e-01 5.530194e-01 1.441672e+00 1.752538e+00 2.598528e+00 1.316673e+00 1.399927e+00 2.612382e+00 5.533589e-01 2.595182e-01 1.836069e+00 1.261830e+00 5.000000e-02 1.703770e-01 5.000000e-02 4.834691e-01 1.622700e-01 6.649749e-01 1.511991e+00 7.658780e-02 7.612072e-02 2.375345e-01 2.157154e-01 1.736745e-01 5.751325e-01 5.000000e-02
<GCONST> 8.016527e+01
<STATE> 9
<MEAN> 39
 -2.908877e-01 -9.296014e+00 -2.303013e+01 -2.691147e+01 -2.016477e-01 2.214585e+00 4.985919e+00 5.788821e+00 -5.226881e+00 -2.820430e+00 -3.518780e-01 -1.189060e+00 9.817864e-01 1.039699e+00 -4.195593e-01 2.156807e+00 -3.343675e-01 -2.657630e+00 -2.467866e+00 -5.400382e-01 2.690812e+00 5.514255e-01 4.210958e-01 -9.647002e-01 1.835286e+00 -1.732512e-02 4.045539e-01 -3.082665e-01 2.260396e-01 1.110809e+00 -1.991025e-01 2.314161e-01 -7.001145e-01 -7.233072e-01 -3.820438e-01 -1.169386e-01 -5.148084e-01 -4.006658e-01 -1.871894e-02
<VARIANCE> 39
 1.659948e+01 1.549633e+01 4.213720e+01 3.014791e+01 3.975051e+01 2.651744e+01 2.558507e+01 3.316143e+01 7.872937e+00 8.894341e+00 3.081530e+01 3.580335e+01 5.000000e-02 2.346644e-01 2.288968e-01 1.050474e+00 2.232747e+00 1.698193e+00 3.619354e+00 1.661387e+00 5.847484e+00 1.156162e+00 1.422294e+00 4.407968e+00 2.348930e+00 5.000000e-02 9.176116e-02 1.363065e-01 1.391518e-01 7.100868e-01 7.783527e-01 9.308213e-01 2.300033e-01 1.653727e+00 2.352083e-01 2.028203e-01 7.726476e-01 4.441727e-01 5.000000e-02
<GCONST> 9.310134e+01
<STATE> 10
<MEAN> 39
 2.472713e+00 -1.020524e+01 -1.775300e+01 -2.500263e+01 -5.320841e+00 -5.776764e-01 7.565459e-02 1.144477e+01 -6.467430e+00 -1.293627e+00 -5.002639e+00 -2.395938e-01 9.135756e-01 1.409596e+00 -9.781265e-01 2.304960e+00 2.377228e+00 -1.535361e+00 -1.191141e+00 -1.239732e+00 -1.296490e+00 1.989876e-01 -3.415295e-01 -5.032437e-01 3.524582e-01 -6.637873e-02 3.270560e-03 -1.215758e-01 -3.970153e-01 8.375725e-01 7.478440e-01 4.236001e-01 3.066339e-01 -1.905340e+00 2.687387e-01 -5.219955e-01 4.713179e-01 -6.380740e-01 -2.020633e-02
<VARIANCE> 39
 9.937757e+00 1.030632e+01 4.308381e+01 3.854271e+01 2.245261e+01 1.403189e+01 2.609646e+00 6.445769e+01 9.150225e+00 1.249732e+01 5.112821e+01 3.610553e+01 5.000000e-02 7.098868e-01 1.228579e+00 6.231708e-01 6.781380e+00 2.018801e+00 3.902114e+00 1.139133e+00 9.302163e+00 1.485078e+00 1.022012e+00 3.546930e+00 3.303260e+00 5.000000e-02 5.955258e-02 1.497575e-01 5.194591e-01 4.643702e-01 4.424436e-01 4.351819e-01 1.551254e-01 1.505013e+00 1.159179e-01 5.287179e-01 2.099069e+00 2.607155e-01 5.000000e-02
<GCONST> 9.384043e+01
<STATE> 11
<MEAN> 39
 5.673845e+00 -1.404989e+01 -1.357341e+01 -1.933509e+01 -8.546588e+00 -2.229139e+00 -4.926296e-01 3.384790e+00 -3.776888e+00 -3.233403e+00 -4.499464e+00 9.365262e-01 7.672050e-01 1.238908e+00 -9.446942e-01 1.059247e+00 3.510046e+00 2.405173e-01 -7.654828e-01 2.436626e-01 -4.083754e+00 1.388446e+00 -1.547688e+00 1.996117e-01 -7.947490e-01 -8.999719e-02 -4.452656e-01 5.361111e-01 -8.781934e-01 -1.870835e-01 9.905354e-01 5.786476e-01 6.767406e-01 -6.694303e-02 -1.335074e-03 -3.837634e-02 5.824748e-01 -4.052822e-01 -2.178869e-03
<VARIANCE> 39
 9.604449e+00 8.141455e+00 4.427095e+01 3.993114e+01 4.306374e+01 1.926954e+01 2.041941e+01 1.047169e+02 1.401024e+01 3.771961e+00 1.429779e+01 6.621171e+00 5.000000e-02 2.424886e-01 1.147372e+00 4.762236e+00 1.573639e+00 3.341917e+00 2.720870e+00 3.387974e-01 2.909884e+00 7.864857e-01 2.580438e+00 9.513979e+00 9.624457e-01 5.000000e-02 8.509382e-02 2.075247e-01 5.643138e-01 1.142790e+00 5.404021e-01 3.934170e-01 2.475192e-01 2.180362e+00 2.991157e-01 2.354388e-01 2.990756e-01 3.759174e-01 5.000000e-02
<GCONST> 9.180475e+01
<STATE> 12
<MEAN> 39
 7.482757e+00 -1.391986e+01 -1.326762e+01 -1.186278e+01 -6.237164e+00 -5.239915e+00 1.622826e-01 -2.624588e+00 -2.825277e+00 -8.005496e+00 -3.237313e+00 -3.411294e+00 6.232674e-01 2.243280e-03 8.804628e-01 -5.279887e-01 2.119100e+00 2.154371e+00 5.229262e-01 9.614853e-01 -2.409081e+00 4.905807e-01 -8.305572e-01 1.512870e+00 -7.912626e-01 -8.653868e-02 -6.349948e-01 2.997579e-01 -7.825772e-01 -1.221400e+00 3.440810e-01 6.366042e-01 6.624531e-01 1.257116e+00 1.511265e-02 1.096630e+00 4.532848e-01 3.232385e-01 1.329378e-02
<VARIANCE> 39
 4.758374e+00 3.939169e+00 6.274656e+00 1.284317e+01 1.999295e+01 1.282979e+01 3.761340e+00 1.140200e+01 2.096427e+01 1.113991e+01 2.645524e+01 2.377875e+01 5.000000e-02 1.166256e-01 1.946313e+00 5.023216e+00 1.810348e+00 2.139999e+00 3.843983e-01 1.705709e+00 9.388620e+00 1.280490e+00 3.199890e+00 3.613270e+00 9.117829e-01 5.000000e-02 5.000000e-02 2.532107e-01 1.544320e-01 3.614285e-01 4.360245e-01 4.476556e-01 8.960985e-02 6.077833e-02 5.003567e-01 5.358171e-01 1.277500e+00 5.756206e-02 5.000000e-02
<GCONST> 7.909114e+01
<STATE> 13
<MEAN> 39
 5.645909e+00 -1.101772e+01 -1.608694e+01 -1.313738e+01 -1.819607e+00 -8.791550e-01 3.068973e+00 -4.573699e+00 -3.740469e+00 -6.072385e+00 -5.468773e-01 -3.245459e+00 5.051785e-01 -8.651056e-01 4.163724e-02 -1.264235e+00 -5.878877e-01 9.754831e-01 1.379371e+00 2.034765e+00 1.904115e-01 9.636641e-01 1.803421e+00 1.924739e+00 -5.565725e-02 -4.404571e-02 -2.572525e-01 -2.270392e-01 7.637821e-03 -6.567463e-01 -5.408198e-01 -1.618559e-01 -5.479889e-03 1.090034e+00 2.154717e-01 5.413476e-01 -2.363970e-01 2.476591e-01 2.114474e-02
<VARIANCE> 39
 3.973591e+00 5.187830e+00 8.238132e+00 8.062572e+00 7.722922e+00 6.819532e+00 6.763057e+00 2.211813e+01 2.487287e+01 1.874260e+01 2.301745e+01 2.367768e+01 5.000000e-02 4.188986e-01 4.448526e-01 1.803370e+00 6.260356e-01 9.485668e-01 1.442040e+00 1.050900e+00 3.174442e+00 2.174561e+00 2.136373e+00 1.655364e+00 8.229767e-01 5.000000e-02 5.000000e-02 2.462423e-01 3.837034e-01 3.514075e-01 1.844201e-01 1.187907e-01 1.456743e-01 5.665988e-01 5.170406e-01 7.105245e-01 9.426293e-01 1.690195e-01 5.000000e-02
<GCONST> 7.757906e+01
<STATE> 14
<MEAN> 39
 3.461067e+00 -1.311551e+01 -1.744736e+01 -1.416583e+01 -1.178277e+00 1.212528e+00 6.406034e+00 -1.060950e+00 1.307521e+00 -5.094430e-01 2.349128e+00 -1.651687e+00 4.520645e-01 -4.077586e-01 -1.866072e-02 9.069163e-02 1.417954e-01 8.919222e-02 -9.989538e-02 1.384864e-01 1.000067e-01 9.483515e-02 8.633991e-02 2.181543e-01 -3.639621e-01 -1.765886e-02 1.250500e-01 6.962749e-02 5.364721e-01 2.016309e-01 -3.235071e-02 -2.586420e-01 -6.478486e-01 -3.614778e-01 -5.552297e-01 -6.421832e-01 -4.240804e-01 -5.546808e-02 3.259480e-03
<VARIANCE> 39
 1.463598e+00 2.219494e+00 5.142450e+00 1.237454e+01 4.542642e+00 7.704850e+00 7.254067e+00 1.302696e+01 1.025243e+01 7.983502e+00 1.269094e+01 7.772411e+00 5.000000e-02 2.401093e-01 3.057014e-01 5.331409e-01 6.855013e-01 3.774571e-01 8.875511e-01 8.183035e-01 1.410003e+00 4.278003e+00 2.785071e+00 9.215096e-01 1.014884e+00 5.000000e-02 8.414204e-02 5.000000e-02 1.753664e-01 1.343823e-01 1.289744e-01 2.751217e-01 2.264325e-01 1.933705e-01 4.276949e-01 2.839741e-01 2.412743e-01 6.185310e-02 5.000000e-02
<GCONST> 6.096445e+01
<STATE> 15
<MEAN> 39
 3.817698e+00 -1.188868e+01 -1.615672e+01 -1.350958e+01 -1.456572e+00 -8.839841e-01 4.726314e+00 -2.988690e+00 -3.052125e+00 -5.609374e+00 4.694323e-01 -5.254281e+00 4.364621e-01 -2.493293e-01 1.257982e-01 1.205540e+00 6.044316e-01 5.105789e-01 -4.500733e-01 -1.139808e+00 -9.231467e-01 -8.136283e-01 -8.673630e-01 -1.864220e-01 5.084065e-02 -2.020528e-02 -1.030466e-01 -9.129646e-02 1.177690e-01 1.351017e-01 4.179993e-02 2.996500e-02 1.548486e-01 1.629260e-01 1.233999e-01 1.477169e-01 4.030805e-04 3.776985e-01 -2.710065e-03
<VARIANCE> 39
 9.039630e-01 1.644626e+00 4.936268e+00 8.141361e+00 1.925485e+01 8.526548e+00 1.007729e+01 1.098571e+01 1.413676e+01 7.574985e+00 9.110104e+00 1.012709e+01 5.000000e-02 4.783886e-01 1.527634e-01 7.103684e-01 3.175969e-01 2.672752e-01 6.639538e-01 6.917876e-01 3.547298e-01 8.947657e-01 4.427237e-01 5.624410e-01 3.222931e-01 5.000000e-02 5.000000e-02 5.000000e-02 7.888121e-02 5.000000e-02 1.342861e-01 2.025163e-01 1.968973e-01 2.542040e-01 4.202141e-01 2.382342e-01 9.840222e-02 1.690378e-01 5.000000e-02
<GCONST> 5.138913e+01
<STATE> 16
<MEAN> 39
 2.544311e+00 -1.175921e+01 -1.192525e+01 -1.112244e+01 7.289276e-01 -5.779134e-02 1.822010e+00 -4.824654e+00 -2.361342e+00 -3.515036e+00 2.617944e+00 -1.543983e+00 3.560124e-01 -7.138705e-01 -2.401125e-01 4.063106e-01 5.315515e-01 1.852250e-01 9.823465e-02 5.926973e-01 3.705620e-01 -7.032711e-02 5.936182e-02 3.355060e-01 7.501603e-01 -2.627709e-02 -9.338317e-02 -1.481914e-01 -6.189061e-01 -1.910484e-01 -7.024184e-02 2.235394e-01 6.785776e-01 5.113356e-01 8.410893e-02 1.493843e-01 9.157813e-02 -2.970931e-02 2.329287e-03
<VARIANCE> 39
 1.027548e+01 4.845345e+00 7.007517e+00 6.420141e+00 1.014856e+01 1.710429e+01 1.148293e+01 7.249074e+00 9.846097e+00 1.967065e+01 3.605544e+00 5.769573e+00 5.000000e-02 5.931764e-01 3.505031e-01 1.365254e+00 5.529153e-01 5.405375e-01 1.544426e+00 8.961466e-01 1.030007e+00 9.373436e-01 5.038520e-01 7.994381e-01 5.288448e-01 5.000000e-02 1.810866e-01 5.000000e-02 1.436687e-01 5.000000e-02 5.000000e-02 9.622736e-02 6.183479e-02 1.339274e-01 3.175838e-01 3.648815e-01 2.343426e-01 5.665388e-02 5.000000e-02
<GCONST> 5.831233e+01
<STATE> 17
<MEAN> 39
 4.031169e-01 -1.364102e+01 -1.463926e+01 -1.137544e+01 -1.815271e-01 -2.171178e-01 6.510919e+00 -1.473661e+00 -2.661978e+00 -4.588408e+00 1.345016e+00 -1.450953e+00 3.422150e-01 -4.412281e-01 -2.307414e-01 -5.366569e-01 -6.259473e-02 2.837394e-01 6.595686e-01 1.476281e+00 1.159065e+00 1.002271e-01 -1.981292e-02 -5.426738e-01 2.137920e-01 -9.275814e-03 6.808858e-02 2.923865e-01 2.178474e-01 -1.219179e-01 -1.564485e-01 -1.554739e-01 -2.139991e-01 5.854171e-02 3.257086e-01 1.446217e-01 7.191795e-02 -3.522282e-02 -7.469498e-04
<VARIANCE> 39
 4.662070e+00 3.238211e+00 2.688673e+00 4.757812e+00 9.075910e+00 1.045759e+01 4.872065e+00 8.942821e+00 9.517833e+00 3.507016e+00 7.153697e+00 8.476663e+00 5.000000e-02 7.205957e-01 2.908163e-01 3.014235e-01 4.195945e-01 3.067878e-01 3.855817e-01 7.069220e-01 1.029759e+00 1.554306e+00 2.421466e+00 1.644904e+00 4.172061e-01 5.000000e-02 1.214549e-01 5.089898e-02 1.570418e-01 1.172616e-01 9.443256e-02 2.799974e-01 3.241806e-01 2.211029e-01 1.725124e-01 5.150412e-02 1.556207e-01 5.000000e-02 5.000000e-02
<GCONST> 5.383129e+01
<STATE> 18
<MEAN> 39
 5.525367e-01 -1.324393e+01 -1.517429e+01 -1.208884e+01 1.519458e-01 1.357381e+00 8.872977e+00 6.842307e-01 -1.308804e+00 -3.790214e+00 1.775664e+00 -1.199154e+00 3.190974e-01 -7.985466e-01 6.903945e-01 1.216943e+00 4.516132e-01 -4.630916e-01 -5.642416e-01 -1.183809e-01 6.548240e-01 1.215928e+00 5.223154e-01 7.911454e-01 4.955648e-01 -3.709842e-02 -2.378903e-01 4.030904e-01 9.037387e-01 4.520930e-01 -1.278934e-01 -4.670960e-01 -6.204767e-01 -3.528405e-01 2.583939e-01 1.385900e-01 3.118682e-01 -1.271096e-01 -1.405828e-02
<VARIANCE> 39
 2.310405e+00 1.617082e+00 2.388529e+00 4.278833e+00 7.316863e+00 1.400575e+01 1.001092e+01 2.363046e+01 1.673056e+01 5.063555e+00 2.636087e+01 2.652316e+00 5.000000e-02 7.783520e-01 6.855304e-01 1.647608e+00 6.541123e-01 1.944873e-01 7.655181e-01 1.665979e+00 9.729723e-01 9.115195e-01 4.576477e-01 9.780068e-01 4.646000e-01 5.000000e-02 9.132559e-02 5.000000e-02 8.560925e-02 6.836329e-02 5.000000e-02 1.819746e-01 1.910232e-01 2.574801e-01 3.521800e-01 4.015722e-01 6.226639e-01 3.449963e-01 5.000000e-02
<GCONST> 5.974122e+01
<STATE> 19
<MEAN> 39
 -2.494650e+00 -1.017051e+01 -9.166883e+00 -9.238070e+00 -9.080278e-01 -1.793600e+00 5.746376e+00 8.955189e-01 2.623750e+00 -2.033163e+00 3.952176e+00 -4.063532e-02 1.984219e-01 -1.181379e+00 1.254434e+00 2.696753e+00 1.463136e+00 -2.224460e-01 -1.427046e+00 -9.184765e-01 -1.609165e-01 9.318423e-01 5.293469e-01 5.074602e-01 -5.028474e-01 -5.869822e-02 7.522384e-02 -1.467203e-01 -1.385922e-01 7.852984e-02 1.764345e-01 2.601348e-02 -6.665866e-02 -4.379410e-01 -4.514425e-01 -2.253832e-01 -3.059320e-01 -2.571058e-01 1.228290e-03
<VARIANCE> 39
 4.250937e+00 2.707547e+00 1.373194e+01 5.385129e+00 2.572658e+00 1.113727e+01 1.296151e+01 2.509508e+01 1.592083e+01 5.095954e+00 1.271454e+01 1.313115e+01 5.000000e-02 3.891047e-01 1.313803e-01 5.442356e-01 2.521996e-01 3.911642e-01 1.617217e+00 7.859641e-01 8.161805e-01 1.320633e+00 1.203087e+00 2.098481e+00 3.374162e+00 5.000000e-02 8.024050e-02 6.350791e-02 2.118070e-01 1.196237e-01 5.143617e-02 2.349861e-01 1.903533e-01 1.585915e-01 1.001198e-01 7.129818e-02 2.484980e-01 3.988850e-01 5.000000e-02
<GCONST> 6.052484e+01
<STATE> 20
<MEAN> 39
 -3.878838e+00 -8.810940e+00 -6.120476e+00 -7.645884e+00 -1.088368e+00 -3.871548e+00 3.921845e+00 -5.927635e-01 2.929395e-01 -1.889991e+00 5.227404e+00 -1.128470e+00 8.045509e-02 -5.140026e-01 8.446226e-02 7.035501e-01 7.752378e-01 4.454292e-01 -1.082318e-01 -7.522155e-02 -6.458338e-01 -1.027484e-01 -4.078790e-01 -9.846085e-02 -4.077196e-01 -2.622602e-02 3.670317e-01 -4.044067e-01 -5.882782e-01 -6.870247e-02 2.183679e-01 2.929129e-01 3.015407e-01 -1.555179e-02 -2.008559e-01 -3.146901e-01 -4.269633e-01 3.025808e-02 1.771949e-02
<VARIANCE> 39
 2.666595e+00 1.314935e+00 5.673625e+00 2.074178e+00 4.326339e+00 1.558926e+01 6.372882e+00 6.381406e+00 1.592908e+01 1.197826e+01 7.898108e+00 3.129707e+01 5.000000e-02 2.827652e-01 2.404027e-01 5.385451e-01 6.452891e-01 7.907034e-01 1.779295e+00 6.341718e-01 5.580719e-01 2.503334e-01 2.331127e-01 2.739903e+00 2.812615e+00 5.000000e-02 5.584337e-02 5.000000e-02 1.323763e-01 7.663879e-02 1.079301e-01 1.893304e-01 1.410393e-01 5.000000e-02 1.048606e-01 1.153248e-01 2.329407e-01 5.555700e-01 5.000000e-02
<GCONST> 5.406958e+01
<STATE> 21
<MEAN> 39
 -4.456951e+00 -9.066485e+00 -5.993845e+00 -5.167009e+00 1.181035e-01 -3.979384e+00 6.322698e+00 -1.858005e+00 1.991573e+00 -3.632601e+00 1.980395e+00 -2.255025e+00 1.118958e-01 -1.960998e-01 -8.372752e-02 4.766376e-01 7.948911e-01 4.555183e-02 -7.322680e-01 -8.055473e-01 -5.935532e-01 -2.796398e-01 -3.941672e-01 -7.425215e-01 3.309884e-01 -1.199894e-02 1.106266e-01 3.042203e-02 -4.528252e-02 -2.245666e-01 -5.293351e-02 2.417960e-01 -9.248327e-02 2.303233e-01 -1.991243e-01 -1.751011e-01 8.147251e-02 1.569536e-01 5.161509e-03
<VARIANCE> 39
 2.625952e+00 1.538567e+00 5.895216e+00 5.035803e+00 9.682698e+00 1.331097e+01 8.999735e+00 6.235902e+00 1.939602e+01 6.160081e+00 1.470027e+01 1.973478e+01 5.000000e-02 2.786657e-01 3.042929e-01 3.795523e-01 6.913611e-02 5.739790e-01 4.658751e-01 7.530125e-01 7.808067e-01 2.913530e-01 3.587760e-01 3.259539e-01 7.170160e-01 5.000000e-02 6.274343e-02 5.000000e-02 1.284841e-01 1.356094e-01 1.415230e-01 4.121782e-01 8.477405e-02 5.123518e-02 5.000000e-02 5.000000e-02 2.552121e-01 4.576332e-01 5.000000e-02
<GCONST> 4.891302e+01
<TRANSP> 22
 0.000000e+00 1.000000e+00 0.000000e+00 0.000000e+00 0.000000e+00 0.000000e+00 0.000000e+00 0.000000e+00 0.000000e+00 0.000000e+00 0.000000e+00 0.000000e+00 0.000000e+00 0.000000e+00 0.000000e+00 0.000000e+00 0.000000e+00 0.000000e+00 0.000000e+00 0.000000e+00 0.000000e+00 0.000000e+00
 0.000000e+00 5.758185e-01 4.241815e-01 0.000000e+00 0.000000e+00 0.000000e+00 0.000000e+00 0.000000e+00 0.000000e+00 0.000000e+00 0.000000e+00 0.000000e+00 0.000000e+00 0.000000e+00 0.000000e+00 0.000000e+00 0.000000e+00 0.000000e+00 0.000000e+00 0.000000e+00 0.000000e+00 0.000000e+00
 0.000000e+00 0.000000e+00 5.457475e-01 4.542526e-01 0.000000e+00 0.000000e+00 0.000000e+00 0.000000e+00 0.000000e+00 0.000000e+00 0.000000e+00 0.000000e+00 0.000000e+00 0.000000e+00 0.000000e+00 0.000000e+00 0.000000e+00 0.000000e+00 0.000000e+00 0.000000e+00 0.000000e+00 0.000000e+00
 0.000000e+00 0.000000e+00 0.000000e+00 5.452564e-01 4.547436e-01 0.000000e+00 0.000000e+00 0.000000e+00 0.000000e+00 0.000000e+00 0.000000e+00 0.000000e+00 0.000000e+00 0.000000e+00 0.000000e+00 0.000000e+00 0.000000e+00 0.000000e+00 0.000000e+00 0.000000e+00 0.000000e+00 0.000000e+00
 0.000000e+00 0.000000e+00 0.000000e+00 0.000000e+00 5.445164e-01 4.554836e-01 0.000000e+00 0.000000e+00 0.000000e+00 0.000000e+00 0.000000e+00 0.000000e+00 0.000000e+00 0.000000e+00 0.000000e+00 0.000000e+00 0.000000e+00 0.000000e+00 0.000000e+00 0.000000e+00 0.000000e+00 0.000000e+00
 0.000000e+00 0.000000e+00 0.000000e+00 0.000000e+00 0.000000e+00 1.698060e-01 8.301941e-01 0.000000e+00 0.000000e+00 0.000000e+00 0.000000e+00 0.000000e+00 0.000000e+00 0.000000e+00 0.000000e+00 0.000000e+00 0.000000e+00 0.000000e+00 0.000000e+00 0.000000e+00 0.000000e+00 0.000000e+00
 0.000000e+00 0.000000e+00 0.000000e+00 0.000000e+00 0.000000e+00 0.000000e+00 5.454539e-01 4.545461e-01 0.000000e+00 0.000000e+00 0.000000e+00 0.000000e+00 0.000000e+00 0.000000e+00 0.000000e+00 0.000000e+00 0.000000e+00 0.000000e+00 0.000000e+00 0.000000e+00 0.000000e+00 0.000000e+00
 0.000000e+00 0.000000e+00 0.000000e+00 0.000000e+00 0.000000e+00 0.000000e+00 0.000000e+00 4.996637e-01 5.003363e-01 0.000000e+00 0.000000e+00 0.000000e+00 0.000000e+00 0.000000e+00 0.000000e+00 0.000000e+00 0.000000e+00 0.000000e+00 0.000000e+00 0.000000e+00 0.000000e+00 0.000000e+00
 0.000000e+00 0.000000e+00 0.000000e+00 0.000000e+00 0.000000e+00 0.000000e+00 0.000000e+00 0.000000e+00 5.506012e-01 4.493988e-01 0.000000e+00 0.000000e+00 0.000000e+00 0.000000e+00 0.000000e+00 0.000000e+00 0.000000e+00 0.000000e+00 0.000000e+00 0.000000e+00 0.000000e+00 0.000000e+00
 0.000000e+00 0.000000e+00 0.000000e+00 0.000000e+00 0.000000e+00 0.000000e+00 0.000000e+00 0.000000e+00 0.000000e+00 4.946235e-01 5.053765e-01 0.000000e+00 0.000000e+00 0.000000e+00 0.000000e+00 0.000000e+00 0.000000e+00 0.000000e+00 0.000000e+00 0.000000e+00 0.000000e+00 0.000000e+00
 0.000000e+00 0.000000e+00 0.000000e+00 0.000000e+00 0.000000e+00 0.000000e+00 0.000000e+00 0.000000e+00 0.000000e+00 0.000000e+00 3.739923e-01 6.260077e-01 0.000000e+00 0.000000e+00 0.000000e+00 0.000000e+00 0.000000e+00 0.000000e+00 0.000000e+00 0.000000e+00 0.000000e+00 0.000000e+00
 0.000000e+00 0.000000e+00 0.000000e+00 0.000000e+00 0.000000e+00 0.000000e+00 0.000000e+00 0.000000e+00 0.000000e+00 0.000000e+00 0.000000e+00 1.667323e-01 8.332676e-01 0.000000e+00 0.000000e+00 0.000000e+00 0.000000e+00 0.000000e+00 0.000000e+00 0.000000e+00 0.000000e+00 0.000000e+00
 0.000000e+00 0.000000e+00 0.000000e+00 0.000000e+00 0.000000e+00 0.000000e+00 0.000000e+00 0.000000e+00 0.000000e+00 0.000000e+00 0.000000e+00 0.000000e+00 4.444138e-01 5.555862e-01 0.000000e+00 0.000000e+00 0.000000e+00 0.000000e+00 0.000000e+00 0.000000e+00 0.000000e+00 0.000000e+00
 0.000000e+00 0.000000e+00 0.000000e+00 0.000000e+00 0.000000e+00 0.000000e+00 0.000000e+00 0.000000e+00 0.000000e+00 0.000000e+00 0.000000e+00 0.000000e+00 0.000000e+00 6.666049e-01 3.333950e-01 0.000000e+00 0.000000e+00 0.000000e+00 0.000000e+00 0.000000e+00 0.000000e+00 0.000000e+00
 0.000000e+00 0.000000e+00 0.000000e+00 0.000000e+00 0.000000e+00 0.000000e+00 0.000000e+00 0.000000e+00 0.000000e+00 0.000000e+00 0.000000e+00 0.000000e+00 0.000000e+00 0.000000e+00 4.442222e-01 5.557778e-01 0.000000e+00 0.000000e+00 0.000000e+00 0.000000e+00 0.000000e+00 0.000000e+00
 0.000000e+00 0.000000e+00 0.000000e+00 0.000000e+00 0.000000e+00 0.000000e+00 0.000000e+00 0.000000e+00 0.000000e+00 0.000000e+00 0.000000e+00 0.000000e+00 0.000000e+00 0.000000e+00 0.000000e+00 5.005442e-01 4.994558e-01 0.000000e+00 0.000000e+00 0.000000e+00 0.000000e+00 0.000000e+00
 0.000000e+00 0.000000e+00 0.000000e+00 0.000000e+00 0.000000e+00 0.000000e+00 0.000000e+00 0.000000e+00 0.000000e+00 0.000000e+00 0.000000e+00 0.000000e+00 0.000000e+00 0.000000e+00 0.000000e+00 0.000000e+00 4.997704e-01 5.002296e-01 0.000000e+00 0.000000e+00 0.000000e+00 0.000000e+00
 0.000000e+00 0.000000e+00 0.000000e+00 0.000000e+00 0.000000e+00 0.000000e+00 0.000000e+00 0.000000e+00 0.000000e+00 0.000000e+00 0.000000e+00 0.000000e+00 0.000000e+00 0.000000e+00 0.000000e+00 0.000000e+00 0.000000e+00 4.998714e-01 5.001286e-01 0.000000e+00 0.000000e+00 0.000000e+00
 0.000000e+00 0.000000e+00 0.000000e+00 0.000000e+00 0.000000e+00 0.000000e+00 0.000000e+00 0.000000e+00 0.000000e+00 0.000000e+00 0.000000e+00 0.000000e+00 0.000000e+00 0.000000e+00 0.000000e+00 0.000000e+00 0.000000e+00 0.000000e+00 4.446081e-01 5.553919e-01 0.000000e+00 0.000000e+00
 0.000000e+00 0.000000e+00 0.000000e+00 0.000000e+00 0.000000e+00 0.000000e+00 0.000000e+00 0.000000e+00 0.000000e+00 0.000000e+00 0.000000e+00 0.000000e+00 0.000000e+00 0.000000e+00 0.000000e+00 0.000000e+00 0.000000e+00 0.000000e+00 0.000000e+00 4.438970e-01 5.561029e-01 0.000000e+00
 0.000000e+00 0.000000e+00 0.000000e+00 0.000000e+00 0.000000e+00 0.000000e+00 0.000000e+00 0.000000e+00 0.000000e+00 0.000000e+00 0.000000e+00 0.000000e+00 0.000000e+00 0.000000e+00 0.000000e+00 0.000000e+00 0.000000e+00 0.000000e+00 0.000000e+00 0.000000e+00 4.448470e-01 5.551530e-01
 0.000000e+00 0.000000e+00 0.000000e+00 0.000000e+00 0.000000e+00 0.000000e+00 0.000000e+00 0.000000e+00 0.000000e+00 0.000000e+00 0.000000e+00 0.000000e+00 0.000000e+00 0.000000e+00 0.000000e+00 0.000000e+00 0.000000e+00 0.000000e+00 0.000000e+00 0.000000e+00 0.000000e+00 0.000000e+00
<ENDHMM>
