~o
<STREAMINFO> 1 39
<VECSIZE> 39<NULLD><MFCC_E_D_A><DIAGC>
~h "Nawm"
<BEGINHMM>
<NUMSTATES> 19
<STATE> 2
<MEAN> 39
 -7.304415e+00 -1.082005e+01 -2.665820e+00 -1.928686e+00 -4.699281e-02 -4.255795e+00 2.909054e+00 -1.068880e+00 9.124544e-01 -3.829992e+00 1.619897e+00 -3.030818e+00 -4.793311e-02 -3.087670e-01 1.688285e-01 -4.224637e-01 -2.443762e-01 -4.569787e-01 -1.919728e-01 -1.930703e-01 3.185101e-01 2.453523e-01 -2.661519e-02 -1.971263e-01 1.316681e-01 -4.137446e-03 3.553629e-01 2.747153e-01 -1.871827e-01 -3.276176e-01 -1.030012e-01 -8.541130e-02 -2.538410e-01 -1.531026e-01 -1.306353e-01 -3.684551e-02 -1.880744e-01 -5.323053e-02 1.728002e-02
<VARIANCE> 39
 8.392043e-01 1.584957e+00 5.286767e+00 5.831685e+00 1.392372e+01 5.386672e+00 4.496712e+00 1.158911e+01 1.637821e+01 1.363266e+01 1.155407e+01 6.162188e+00 5.000000e-02 4.868556e-01 4.785685e-01 8.182379e-01 1.243348e+00 1.405150e+00 2.254867e+00 7.714863e-01 1.698458e+00 1.006296e+00 1.734694e+00 1.562176e+00 4.402768e-01 5.000000e-02 1.986495e-01 5.000000e-02 1.825943e-01 2.977978e-01 4.685831e-01 1.963647e-01 1.259670e-01 2.518825e-01 2.074050e-01 2.694356e-01 1.895343e-01 1.023386e-01 5.000000e-02
<GCONST> 6.432813e+01
<STATE> 3
<MEAN> 39
 -6.279428e+00 -7.658118e+00 -2.348466e+00 -2.864445e+00 -1.575856e-01 -4.284722e+00 -2.508830e-01 -2.385626e+00 1.666462e+00 -2.843104e+00 1.487464e+00 -9.469017e-01 -1.293443e-02 1.405893e+00 8.650855e-01 -6.670256e-01 -2.351136e+00 -5.670315e-01 -3.935959e-01 -7.359163e-02 -3.665211e-01 -7.535075e-01 -8.232530e-01 -8.179257e-01 -3.508006e-01 7.819751e-02 3.893465e-01 -7.675639e-02 -4.096568e-01 -5.361255e-01 -1.189694e-01 -1.520137e-01 2.187301e-01 1.050504e-01 -1.604430e-01 -3.532165e-01 -2.566824e-01 -4.033268e-01 2.850941e-02
<VARIANCE> 39
 6.224449e+00 2.481266e+00 1.583904e+01 1.947454e+01 8.000915e+00 9.568240e+00 3.535400e+00 1.600836e+01 1.016083e+01 1.777775e+01 2.035377e+01 7.893644e+00 5.000000e-02 1.171987e+00 1.001010e+00 3.043761e+00 3.749424e+00 2.447736e+00 6.012557e-01 8.470064e-01 1.219565e+00 2.338268e+00 1.864501e+00 2.429675e+00 1.249401e+00 5.000000e-02 2.761547e-01 2.273908e-01 6.974022e-01 3.624960e-01 1.547637e-01 3.053308e-01 1.392300e-01 4.156444e-01 3.318597e-01 5.625389e-01 5.290720e-01 2.258099e-01 5.000000e-02
<GCONST> 8.155689e+01
<STATE> 4
<MEAN> 39
 3.503168e+00 -8.959517e+00 -8.183123e+00 -1.275372e+01 -5.360678e+00 -8.002843e+00 8.904158e-01 -3.051208e+00 -4.288281e+00 -1.050465e+01 -3.779823e+00 -5.853951e+00 4.659537e-01 5.157959e-01 -2.079940e+00 -2.038825e+00 5.401818e-01 -5.924210e-01 -1.032767e+00 1.219886e+00 -2.150780e-02 -3.130270e-02 -2.288914e+00 -7.636240e-01 -7.621996e-01 1.161057e-01 -1.204538e+00 -7.479825e-01 -2.045547e-01 1.403861e+00 3.501375e-01 1.201258e-01 7.879176e-01 -1.299778e-01 5.241212e-01 -8.806658e-02 5.578667e-01 5.001510e-01 -7.467406e-03
<VARIANCE> 39
 2.993587e+01 2.213211e+01 1.931378e+01 2.453103e+01 3.055110e+01 2.111827e+01 1.601358e+01 9.639218e+00 2.862802e+01 1.398211e+01 8.397753e+00 3.838842e+00 5.000000e-02 7.431420e+00 4.219240e+00 1.636607e+00 6.836783e+00 3.226167e+00 6.978459e-01 4.207360e+00 1.393823e+00 1.360138e+00 2.024432e+00 1.934559e+00 1.422094e+00 5.000000e-02 7.740550e-01 4.223284e-01 3.450865e-01 5.380100e-01 7.557762e-01 3.154441e-01 4.974200e-01 3.730225e-01 1.808096e-01 4.037100e-01 2.609040e-01 8.815197e-02 5.000000e-02
<GCONST> 9.447678e+01
<STATE> 5
<MEAN> 39
 -4.169001e+00 -1.279931e+01 -1.553020e+01 -6.267417e+00 -2.982554e+00 -1.149392e+01 8.800856e+00 -4.103137e+00 -2.036879e-01 -1.538914e+01 -5.352080e+00 -4.965638e+00 6.892813e-01 -2.613046e+00 -3.276598e+00 -2.017933e+00 2.399217e+00 3.793016e-01 2.697755e-01 2.642944e+00 -6.989080e-01 5.857006e-01 -2.153180e+00 5.288594e-01 1.661021e+00 9.780879e-02 -3.090112e-01 -2.083871e-01 5.909858e-01 3.196478e-01 2.072184e-01 1.051443e+00 -3.518669e-01 1.151289e-01 1.368248e-01 3.262709e-01 6.038738e-01 4.404352e-01 -9.834631e-03
<VARIANCE> 39
 1.591606e+01 9.178829e+01 1.832236e+01 1.911999e+01 6.831979e+00 1.077553e+01 4.392363e+01 2.860032e+01 3.670235e+00 1.868800e+01 1.459819e+01 2.045190e+01 5.000000e-02 3.452894e+00 5.165472e+00 6.272591e+00 5.125725e+00 2.648027e+00 2.826730e+00 4.754363e+00 4.178871e+00 3.234172e+00 1.068820e+00 3.507918e+00 1.802461e+00 5.000000e-02 3.583131e-01 2.322937e+00 5.113325e-01 3.731880e-01 3.846484e-01 2.212141e-01 6.538451e-01 2.470869e-01 1.902724e-01 8.547457e-02 2.759057e-01 5.144930e-01 5.000000e-02
<GCONST> 9.943777e+01
<STATE> 6
<MEAN> 39
 -1.003717e+01 -2.182844e+01 -1.845375e+01 1.414359e+00 -4.131433e+00 -4.276841e+00 1.255504e+01 -5.510834e+00 1.997128e+00 -1.947762e+01 5.383425e-01 -8.856850e-01 8.925676e-01 -1.930521e+00 -1.259626e+00 -9.029286e-01 2.094482e+00 8.836255e-01 1.998954e+00 6.819060e-01 5.007317e-01 1.065561e+00 -6.582969e-01 1.451346e+00 7.000627e-01 6.167079e-02 7.663066e-01 6.579290e-01 6.100559e-01 -9.412671e-01 3.735261e-01 -3.699857e-01 -1.055575e+00 4.141606e-01 -2.248960e-01 4.258278e-01 -3.372760e-01 -5.012274e-01 -1.873641e-02
<VARIANCE> 39
 2.294213e+01 2.618886e+00 2.599089e+01 3.260199e+01 1.587970e+01 1.836404e+01 3.023206e+01 2.296976e+01 9.471667e+00 2.232659e+01 1.218797e+01 1.067100e+01 5.000000e-02 2.348477e+00 3.866478e-01 1.760668e+00 1.731049e+00 3.082116e+00 1.557492e+00 2.023279e+00 1.065529e+00 1.243705e+00 1.777792e+00 8.963306e-01 8.309908e-01 5.000000e-02 1.827323e-01 2.558567e-01 4.620221e-01 2.991585e-01 3.951170e-01 3.577679e-01 2.882694e-01 4.935170e-01 4.269835e-01 2.605299e-01 2.399775e-01 1.981798e-01 5.000000e-02
<GCONST> 8.563202e+01
<STATE> 7
<MEAN> 39
 -1.171140e+01 -2.420465e+01 -1.764152e+01 1.091656e+00 1.505161e+00 -3.727127e+00 8.688787e+00 -1.963713e+00 4.641507e+00 -1.956204e+01 1.545191e+00 -8.270653e-01 9.839678e-01 3.333183e-02 -3.243060e-01 -1.208137e-01 -1.774721e-01 9.413736e-01 -6.525330e-02 -9.301035e-01 8.743722e-03 5.047917e-01 -9.676921e-02 2.665237e-01 -3.798685e-01 5.220661e-03 2.759682e-01 1.422059e-01 7.081188e-02 -1.748575e-01 -9.070870e-02 -1.053808e-01 -1.856282e-01 -3.024250e-01 6.467852e-02 1.891964e-02 -1.428134e-01 -2.884965e-01 -9.043577e-03
<VARIANCE> 39
 1.432271e+01 4.210697e+00 2.256831e+01 1.364381e+01 1.109848e+01 2.880735e+01 2.457936e+01 1.335306e+01 2.419742e+01 2.011385e+01 1.333998e+01 1.357986e+01 5.000000e-02 3.156232e-01 2.763271e-01 5.922224e-01 5.835386e-01 9.781731e-01 6.942563e-01 7.261372e-01 2.096757e+00 1.126515e+00 9.160842e-01 7.937306e-01 7.753457e-01 5.000000e-02 6.822734e-02 7.910739e-02 8.884717e-02 2.077751e-01 2.096655e-01 2.752187e-01 2.283177e-01 3.803290e-01 2.408592e-01 2.231189e-01 1.798982e-01 2.198563e-01 5.000000e-02
<GCONST> 7.088103e+01
<STATE> 8
<MEAN> 39
 -9.865014e+00 -2.481726e+01 -1.724314e+01 4.392275e-01 6.498243e+00 -3.538842e+00 4.275342e+00 -4.679981e+00 6.082294e+00 -2.022788e+01 1.921305e+00 -6.436340e+00 9.480426e-01 1.176090e+00 2.350297e-01 5.601829e-01 -1.598038e+00 4.597760e-01 -4.277777e-01 -1.840481e+00 -9.248669e-01 1.463090e+00 3.291337e-01 -2.186910e-01 -2.094038e+00 -2.715857e-02 5.364979e-01 1.279308e-01 3.510475e-01 -5.439905e-01 -1.057014e+00 -5.396343e-01 6.129087e-02 6.647124e-02 1.686669e-01 4.524350e-01 2.256386e-02 1.317497e-01 -9.453049e-03
<VARIANCE> 39
 1.099781e+01 1.270630e+00 2.987738e+01 1.934984e+01 3.917791e+00 3.045841e+01 2.179304e+01 9.383206e+00 2.222845e+01 2.267483e+01 7.506562e+00 2.187507e+01 5.000000e-02 5.387748e-01 4.315226e-01 6.922979e-01 1.637509e+00 2.389820e+00 1.743880e+00 1.290103e+00 1.538542e+00 1.258615e+00 1.007743e+00 8.346611e-01 8.208190e-01 5.000000e-02 5.000000e-02 6.875803e-02 3.028788e-01 1.814151e-01 4.321710e-01 1.358056e-01 1.496802e-01 5.047201e-01 2.792969e-01 1.567293e-01 1.277388e-01 1.664476e-01 5.000000e-02
<GCONST> 7.277980e+01
<STATE> 9
<MEAN> 39
 -4.025354e+00 -2.328118e+01 -1.527699e+01 -6.023046e+00 1.153054e+00 -7.594645e+00 -3.168359e-01 -7.291423e+00 1.218143e+01 -1.823661e+01 1.782670e+00 -9.942501e+00 8.299927e-01 2.905694e+00 2.620945e-01 1.968913e+00 -1.339273e+00 -4.089404e+00 -1.852411e+00 -7.714482e-01 -1.734193e-01 1.217729e-01 1.920720e+00 -7.401313e-01 2.969940e-01 -5.136595e-02 1.605713e-01 -2.534158e-01 2.647792e-01 5.248782e-01 -6.553849e-01 3.039379e-01 2.763144e-01 6.876027e-01 -9.386938e-01 4.736809e-01 -3.642253e-01 1.078478e+00 1.538988e-03
<VARIANCE> 39
 1.795296e+01 6.639282e+00 2.233612e+01 1.883840e+01 5.004151e+01 2.781635e+01 1.451709e+01 3.539732e+01 2.212873e+01 1.649781e+01 1.022792e+01 1.118291e+01 5.000000e-02 3.192983e-01 5.861869e-01 1.511856e+00 1.192156e+00 2.629434e+00 1.072813e+00 7.322860e-01 4.372383e+00 2.426957e+00 2.167819e+00 1.856904e+00 2.597100e+00 5.000000e-02 2.238036e-01 1.315471e-01 2.058296e-01 2.365356e-01 1.092683e+00 5.007499e-01 2.568532e-01 6.825419e-01 3.280883e-01 2.344310e-01 1.426465e-01 2.873854e-01 5.000000e-02
<GCONST> 8.732938e+01
<STATE> 10
<MEAN> 39
 4.215534e+00 -2.434736e+01 -8.579645e+00 -5.796712e+00 -1.109414e+01 -1.056517e+01 -1.147555e+00 -3.422551e+00 6.317921e+00 -1.057762e+01 -2.191482e+00 -5.383474e+00 7.284459e-01 1.706367e+00 -7.098244e-01 1.277962e+00 -5.041466e-02 -2.066198e+00 9.269422e-01 -7.297715e-01 1.064829e+00 -1.749171e+00 1.897381e+00 -1.185559e+00 1.696124e+00 -2.019173e-02 -6.783996e-01 4.711813e-02 -5.787799e-01 2.228425e-01 1.329010e+00 4.860908e-01 1.179665e-01 -2.707352e-01 7.704794e-02 -5.368201e-01 3.338319e-01 -3.888570e-01 8.914051e-03
<VARIANCE> 39
 1.153438e+01 7.269822e+00 1.680019e+01 7.403027e+00 1.211370e+01 2.351898e+01 1.549098e+01 2.974410e+01 2.780274e+01 2.777449e+01 1.725513e+01 2.677434e+01 5.000000e-02 8.282642e-01 3.931659e-01 1.030961e+00 7.684736e-01 3.010970e+00 1.029425e+00 9.098658e-01 3.353344e+00 2.984724e+00 1.794114e+00 1.213738e+00 1.316167e+00 5.000000e-02 5.000000e-02 1.455872e-01 1.457367e-01 1.500373e-01 8.361597e-02 3.787815e-01 7.299361e-02 6.494004e-01 3.325982e-01 3.875756e-01 3.668831e-01 2.895623e-01 5.000000e-02
<GCONST> 8.001288e+01
<STATE> 11
<MEAN> 39
 5.147196e+00 -2.572226e+01 -7.586437e+00 -7.193034e+00 -1.105819e+01 -7.587171e+00 -3.335674e+00 -4.929996e+00 4.420329e+00 -8.706072e+00 -3.737846e+00 -4.828022e+00 6.743071e-01 4.135913e-01 4.193124e-01 6.783866e-02 7.553557e-01 4.434495e-01 -4.161865e-01 3.725515e-02 -1.666098e-02 -4.050221e-01 2.802479e-02 -2.958792e-01 -1.252274e-01 -1.462983e-02 -1.232215e-01 3.072199e-01 -6.243266e-02 3.366120e-01 4.194310e-01 -2.127021e-01 2.232758e-01 8.810401e-02 3.073280e-01 -1.307449e-01 4.689875e-02 -2.032849e-01 1.904456e-04
<VARIANCE> 39
 8.120293e+00 4.743803e+00 4.192809e+00 3.622136e+00 1.775018e+01 1.011990e+01 5.458432e+00 1.146353e+01 2.678226e+01 1.880452e+01 8.159673e+00 1.937163e+01 5.000000e-02 9.599896e-02 4.430415e-01 5.895039e-01 1.052846e+00 5.826349e-01 1.989490e+00 1.369356e+00 2.039156e+00 7.727715e-01 1.965303e+00 9.579327e-01 8.585650e-01 5.000000e-02 7.381754e-02 8.191263e-02 1.087771e-01 8.574425e-02 2.152248e-01 3.272814e-01 2.628840e-01 4.109587e-01 3.851691e-01 3.500489e-01 9.196718e-02 2.963502e-01 5.000000e-02
<GCONST> 6.716851e+01
<STATE> 12
<MEAN> 39
 7.088949e+00 -2.194447e+01 -7.994178e+00 -2.626896e+00 -8.506016e+00 -9.633128e+00 -1.624313e+00 -3.220130e+00 3.595085e+00 -9.579038e+00 -4.844086e+00 -3.851588e+00 6.306104e-01 6.699876e-03 5.496526e-01 2.888248e-01 1.972329e-01 6.286178e-01 1.788863e-01 5.551288e-02 1.967359e-01 -5.358786e-01 -5.216187e-01 -2.085380e-01 -6.739522e-03 -2.024727e-02 -2.008039e-01 -1.225537e-01 -6.588977e-02 -1.772159e-01 -1.872068e-02 8.746085e-02 4.172028e-02 -9.081828e-02 -2.928401e-01 -4.063438e-01 2.425416e-02 -1.962907e-01 -2.255308e-03
<VARIANCE> 39
 4.971856e+00 5.507947e+00 6.921442e+00 4.693502e+00 1.514052e+01 1.828135e+01 7.917932e+00 1.029932e+01 1.903306e+01 1.423888e+01 9.571640e+00 1.270694e+01 5.000000e-02 2.305683e-01 4.185482e-01 6.227896e-01 9.903776e-01 4.912362e-01 1.839020e+00 6.406896e-01 9.802637e-01 1.641756e+00 1.770347e+00 6.447082e-01 1.218490e+00 5.000000e-02 5.000000e-02 9.134814e-02 1.713430e-01 2.538814e-01 1.414055e-01 4.790890e-01 1.730247e-01 1.344107e-01 3.383993e-01 3.687445e-01 2.242410e-01 2.211555e-01 5.000000e-02
<GCONST> 6.728375e+01
<STATE> 13
<MEAN> 39
 5.213410e+00 -2.171863e+01 -6.659937e+00 -1.451312e+00 -5.009879e+00 -7.947517e+00 -9.987481e-01 -2.259471e+00 -3.319895e-01 -1.335330e+01 -4.937880e+00 -6.440175e+00 5.292858e-01 -3.578744e-01 6.279909e-02 -1.787848e-01 1.752886e+00 1.245525e+00 2.758458e-01 1.027202e+00 3.003761e-01 -1.428163e+00 -1.061956e+00 -8.302980e-01 -8.882998e-01 -2.953620e-02 -1.203357e-01 -6.435010e-02 -1.227696e-01 2.955868e-01 2.177722e-01 1.560439e-02 1.301749e-01 9.062685e-02 3.019854e-01 2.970384e-01 -3.810354e-02 4.263386e-01 -3.599775e-03
<VARIANCE> 39
 2.172695e+00 4.162053e+00 2.437770e+01 1.405137e+01 9.871968e+00 1.985737e+01 6.929950e+00 1.096837e+01 1.563948e+01 9.230431e+00 1.568883e+01 1.286620e+01 5.000000e-02 1.026669e-01 1.505871e-01 1.174919e+00 9.692980e-01 8.931441e-01 2.023312e+00 2.712895e-01 8.049818e-01 1.856149e+00 1.951816e+00 1.738462e+00 1.910020e+00 5.000000e-02 5.000000e-02 7.755685e-02 3.234722e-01 4.221962e-01 1.260758e-01 4.290742e-01 7.232764e-02 2.913139e-01 2.792753e-01 2.174788e-01 3.568706e-01 3.247809e-01 5.000000e-02
<GCONST> 6.885903e+01
<STATE> 14
<MEAN> 39
 3.829750e+00 -2.064277e+01 -7.904688e+00 3.151919e+00 -5.581575e-01 -6.785241e+00 3.186506e+00 -1.263065e+00 -3.749595e+00 -1.641455e+01 -7.372874e+00 -5.618351e+00 4.159334e-01 -1.233632e+00 -2.896755e-01 -6.988776e-01 9.979416e-02 8.977103e-01 8.452234e-03 3.500722e-01 4.158901e-01 3.484328e-01 1.171742e+00 1.205978e+00 1.608698e+00 -4.307152e-02 -1.322177e-01 -1.617387e-01 -2.456172e-01 -6.789976e-01 -4.276609e-01 -2.769946e-01 -4.392230e-01 -3.187706e-02 4.701285e-01 8.273084e-01 7.839547e-01 4.369281e-01 1.231700e-03
<VARIANCE> 39
 1.679836e+00 3.102476e+00 1.286355e+01 7.715567e+00 1.304210e+01 1.167278e+01 2.371536e+00 6.038465e+00 9.229840e+00 1.704977e+01 1.175621e+01 1.258893e+01 5.000000e-02 7.226919e-02 5.596661e-01 1.505236e+00 7.516485e-01 1.313785e+00 1.089056e+00 1.205151e+00 8.934849e-01 1.038942e+00 1.620511e+00 1.578477e+00 6.914302e-01 5.000000e-02 5.000000e-02 1.006603e-01 7.536824e-02 1.100524e-01 2.557988e-01 2.030422e-01 1.765155e-01 1.267934e-01 1.882120e-01 2.347621e-01 2.402449e-01 3.347390e-01 5.000000e-02
<GCONST> 6.215673e+01
<STATE> 15
<MEAN> 39
 -1.847243e-01 -2.338021e+01 -1.119103e+01 1.768187e+00 8.574685e-01 -7.475003e+00 2.302617e+00 5.529419e-02 -8.199159e-02 -9.203480e+00 -8.469738e-01 -5.146389e-01 3.271132e-01 -5.498846e-01 2.222028e-01 -2.615097e-01 -5.836254e-01 2.716221e-01 4.701008e-02 -3.354289e-01 -2.049491e-01 2.299098e-01 1.025672e+00 1.116069e+00 7.017787e-01 -2.138453e-02 2.151149e-01 3.545141e-01 4.195948e-01 -4.701773e-03 -1.048524e-01 8.936819e-02 -8.420194e-02 -1.771587e-01 -1.456727e-01 -2.539192e-01 -2.759852e-01 -3.031857e-01 3.135896e-03
<VARIANCE> 39
 2.126969e+00 5.021290e+00 5.502628e+00 7.987717e+00 9.922773e+00 6.246534e+00 5.576477e+00 8.544960e+00 3.854534e+00 1.142626e+01 1.221957e+01 6.340944e+00 5.000000e-02 3.753001e-01 1.272658e+00 1.371484e+00 1.018033e+00 1.359310e+00 1.043119e+00 1.056038e+00 1.084144e+00 8.869877e-01 1.213119e+00 1.179480e+00 1.521803e+00 5.000000e-02 5.830591e-02 1.577856e-01 1.750639e-01 1.941031e-01 2.746883e-01 1.874121e-01 2.295721e-01 1.761019e-01 8.448534e-02 1.682563e-01 2.156206e-01 2.114968e-01 5.000000e-02
<GCONST> 6.411854e+01
<STATE> 16
<MEAN> 39
 -4.207232e-01 -1.879981e+01 -8.278887e+00 -7.856382e-01 1.307202e-01 -8.806186e+00 -1.739165e+00 -3.019368e+00 -6.975120e-01 -7.055609e+00 1.600060e+00 1.069819e+00 2.658355e-01 -4.514216e-01 4.305085e-01 6.072671e-01 1.884437e-02 1.964083e-01 1.170422e-01 1.964450e-01 6.150464e-01 9.766001e-02 -5.474045e-02 2.765051e-02 1.311520e-01 -2.290094e-02 -2.568506e-01 -2.325631e-01 -1.197790e-01 3.686306e-01 2.226314e-01 2.492795e-01 5.263125e-01 4.455505e-01 1.777427e-01 -3.311341e-01 -3.546627e-01 -6.747442e-02 -5.868438e-03
<VARIANCE> 39
 1.129112e+00 2.920579e+00 3.367551e+00 4.148061e+00 2.463640e+00 9.211399e+00 8.664319e+00 8.314069e+00 9.047333e+00 8.486698e+00 5.376183e+00 5.023624e+00 5.000000e-02 3.471863e-01 8.066493e-01 6.097701e-01 6.703086e-01 7.741849e-01 7.489757e-01 2.245985e+00 1.436591e+00 5.762117e-01 1.705443e+00 1.699692e+00 3.591104e-01 5.000000e-02 8.186175e-02 1.219302e-01 6.708244e-02 1.024910e-01 5.381899e-02 6.936800e-02 2.117336e-01 2.048690e-01 1.763507e-01 2.610276e-01 2.861663e-01 1.065248e-01 5.000000e-02
<GCONST> 5.462015e+01
<STATE> 17
<MEAN> 39
 -3.473593e+00 -1.878288e+01 -8.443684e+00 1.124231e+00 2.097699e+00 -5.680989e+00 2.886052e+00 1.318019e+00 2.036612e+00 -7.613799e+00 -1.374566e-01 1.208770e+00 1.355930e-01 -8.646905e-01 9.331881e-01 5.677999e-01 2.918904e-01 -2.128721e-02 3.438480e-01 2.586368e-02 1.994409e-01 9.610880e-01 2.178755e-01 -2.823185e-01 8.606036e-02 -4.523010e-02 8.534858e-02 2.679422e-01 1.811766e-01 -2.395006e-01 -1.957647e-01 -1.828117e-01 -4.008815e-01 -2.761644e-01 -1.114745e-02 2.047896e-01 8.406682e-02 -1.865822e-01 -2.010779e-04
<VARIANCE> 39
 5.336516e+00 3.968685e+00 1.832397e+00 3.531465e+00 6.722183e+00 1.210779e+01 8.524174e+00 6.525049e+00 1.469488e+01 1.689091e+01 1.105459e+01 7.769779e+00 5.000000e-02 4.840885e-01 2.967630e-01 4.444730e-01 6.731629e-01 7.664699e-01 1.305596e+00 1.266706e+00 9.980280e-01 9.243108e-01 1.219787e+00 8.185872e-01 1.036612e+00 5.000000e-02 1.117925e-01 5.879707e-02 1.012262e-01 1.208645e-01 1.719340e-01 2.975267e-01 1.150222e-01 2.309334e-01 3.013755e-01 3.284720e-01 2.634959e-01 1.797751e-01 5.000000e-02
<GCONST> 6.164761e+01
<STATE> 18
<MEAN> 39
 -5.626935e+00 -1.394154e+01 -4.613172e+00 7.205107e-02 1.285821e+00 -5.655214e+00 4.186094e-01 4.340102e-01 3.809003e+00 -5.719289e+00 -4.778810e-01 -6.809866e-01 -3.693285e-03 -5.985267e-02 1.377919e+00 1.059226e+00 -6.572226e-01 -2.281218e-01 -3.365770e-01 -5.066760e-01 -2.943252e-01 2.760962e-02 9.373119e-01 7.231588e-01 -1.833937e-01 -7.183138e-03 2.522010e-01 -9.838475e-02 -9.241614e-02 4.357746e-03 6.949638e-02 -6.956270e-02 1.259916e-01 -1.401942e-02 -3.519073e-01 -9.612814e-02 2.894429e-01 1.408188e-01 1.474730e-02
<VARIANCE> 39
 1.216411e+00 4.304912e+00 5.622226e+00 3.797894e+00 5.877158e+00 1.298749e+01 9.316806e+00 5.230127e+00 8.135919e+00 6.996433e+00 8.906018e+00 5.462959e+00 5.000000e-02 4.352641e-01 5.399733e-01 7.539732e-01 2.826729e-01 6.923633e-01 1.338814e+00 4.026136e-01 3.776582e-01 1.467356e+00 1.391021e+00 1.361723e+00 7.417892e-01 5.000000e-02 5.000000e-02 7.554998e-02 1.096220e-01 9.939370e-02 1.302674e-01 2.597432e-01 1.067571e-01 9.980165e-02 1.951232e-01 3.147090e-01 2.077475e-01 1.192873e-01 5.000000e-02
<GCONST> 5.481088e+01
<TRANSP> 19
 0.000000e+00 1.000000e+00 0.000000e+00 0.000000e+00 0.000000e+00 0.000000e+00 0.000000e+00 0.000000e+00 0.000000e+00 0.000000e+00 0.000000e+00 0.000000e+00 0.000000e+00 0.000000e+00 0.000000e+00 0.000000e+00 0.000000e+00 0.000000e+00 0.000000e+00
 0.000000e+00 7.175666e-01 2.824334e-01 0.000000e+00 0.000000e+00 0.000000e+00 0.000000e+00 0.000000e+00 0.000000e+00 0.000000e+00 0.000000e+00 0.000000e+00 0.000000e+00 0.000000e+00 0.000000e+00 0.000000e+00 0.000000e+00 0.000000e+00 0.000000e+00
 0.000000e+00 0.000000e+00 6.668161e-01 3.331839e-01 0.000000e+00 0.000000e+00 0.000000e+00 0.000000e+00 0.000000e+00 0.000000e+00 0.000000e+00 0.000000e+00 0.000000e+00 0.000000e+00 0.000000e+00 0.000000e+00 0.000000e+00 0.000000e+00 0.000000e+00
 0.000000e+00 0.000000e+00 0.000000e+00 7.221440e-01 2.778561e-01 0.000000e+00 0.000000e+00 0.000000e+00 0.000000e+00 0.000000e+00 0.000000e+00 0.000000e+00 0.000000e+00 0.000000e+00 0.000000e+00 0.000000e+00 0.000000e+00 0.000000e+00 0.000000e+00
 0.000000e+00 0.000000e+00 0.000000e+00 0.000000e+00 4.447830e-01 5.552170e-01 0.000000e+00 0.000000e+00 0.000000e+00 0.000000e+00 0.000000e+00 0.000000e+00 0.000000e+00 0.000000e+00 0.000000e+00 0.000000e+00 0.000000e+00 0.000000e+00 0.000000e+00
 0.000000e+00 0.000000e+00 0.000000e+00 0.000000e+00 0.000000e+00 6.153498e-01 3.846502e-01 0.000000e+00 0.000000e+00 0.000000e+00 0.000000e+00 0.000000e+00 0.000000e+00 0.000000e+00 0.000000e+00 0.000000e+00 0.000000e+00 0.000000e+00 0.000000e+00
 0.000000e+00 0.000000e+00 0.000000e+00 0.000000e+00 0.000000e+00 0.000000e+00 8.333683e-01 1.666317e-01 0.000000e+00 0.000000e+00 0.000000e+00 0.000000e+00 0.000000e+00 0.000000e+00 0.000000e+00 0.000000e+00 0.000000e+00 0.000000e+00 0.000000e+00
 0.000000e+00 0.000000e+00 0.000000e+00 0.000000e+00 0.000000e+00 0.000000e+00 0.000000e+00 6.152374e-01 3.847627e-01 0.000000e+00 0.000000e+00 0.000000e+00 0.000000e+00 0.000000e+00 0.000000e+00 0.000000e+00 0.000000e+00 0.000000e+00 0.000000e+00
 0.000000e+00 0.000000e+00 0.000000e+00 0.000000e+00 0.000000e+00 0.000000e+00 0.000000e+00 0.000000e+00 6.428361e-01 3.571639e-01 0.000000e+00 0.000000e+00 0.000000e+00 0.000000e+00 0.000000e+00 0.000000e+00 0.000000e+00 0.000000e+00 0.000000e+00
 0.000000e+00 0.000000e+00 0.000000e+00 0.000000e+00 0.000000e+00 0.000000e+00 0.000000e+00 0.000000e+00 0.000000e+00 5.833424e-01 4.166577e-01 0.000000e+00 0.000000e+00 0.000000e+00 0.000000e+00 0.000000e+00 0.000000e+00 0.000000e+00 0.000000e+00
 0.000000e+00 0.000000e+00 0.000000e+00 0.000000e+00 0.000000e+00 0.000000e+00 0.000000e+00 0.000000e+00 0.000000e+00 0.000000e+00 6.874325e-01 3.125675e-01 0.000000e+00 0.000000e+00 0.000000e+00 0.000000e+00 0.000000e+00 0.000000e+00 0.000000e+00
 0.000000e+00 0.000000e+00 0.000000e+00 0.000000e+00 0.000000e+00 0.000000e+00 0.000000e+00 0.000000e+00 0.000000e+00 0.000000e+00 0.000000e+00 7.828230e-01 2.171770e-01 0.000000e+00 0.000000e+00 0.000000e+00 0.000000e+00 0.000000e+00 0.000000e+00
 0.000000e+00 0.000000e+00 0.000000e+00 0.000000e+00 0.000000e+00 0.000000e+00 0.000000e+00 0.000000e+00 0.000000e+00 0.000000e+00 0.000000e+00 0.000000e+00 6.871219e-01 3.128781e-01 0.000000e+00 0.000000e+00 0.000000e+00 0.000000e+00 0.000000e+00
 0.000000e+00 0.000000e+00 0.000000e+00 0.000000e+00 0.000000e+00 0.000000e+00 0.000000e+00 0.000000e+00 0.000000e+00 0.000000e+00 0.000000e+00 0.000000e+00 0.000000e+00 6.153904e-01 3.846096e-01 0.000000e+00 0.000000e+00 0.000000e+00 0.000000e+00
 0.000000e+00 0.000000e+00 0.000000e+00 0.000000e+00 0.000000e+00 0.000000e+00 0.000000e+00 0.000000e+00 0.000000e+00 0.000000e+00 0.000000e+00 0.000000e+00 0.000000e+00 0.000000e+00 7.618955e-01 2.381046e-01 0.000000e+00 0.000000e+00 0.000000e+00
 0.000000e+00 0.000000e+00 0.000000e+00 0.000000e+00 0.000000e+00 0.000000e+00 0.000000e+00 0.000000e+00 0.000000e+00 0.000000e+00 0.000000e+00 0.000000e+00 0.000000e+00 0.000000e+00 0.000000e+00 6.154060e-01 3.845940e-01 0.000000e+00 0.000000e+00
 0.000000e+00 0.000000e+00 0.000000e+00 0.000000e+00 0.000000e+00 0.000000e+00 0.000000e+00 0.000000e+00 0.000000e+00 0.000000e+00 0.000000e+00 0.000000e+00 0.000000e+00 0.000000e+00 0.000000e+00 0.000000e+00 7.232972e-01 2.767028e-01 0.000000e+00
 0.000000e+00 0.000000e+00 0.000000e+00 0.000000e+00 0.000000e+00 0.000000e+00 0.000000e+00 0.000000e+00 0.000000e+00 0.000000e+00 0.000000e+00 0.000000e+00 0.000000e+00 0.000000e+00 0.000000e+00 0.000000e+00 0.000000e+00 7.062181e-01 2.937819e-01
 0.000000e+00 0.000000e+00 0.000000e+00 0.000000e+00 0.000000e+00 0.000000e+00 0.000000e+00 0.000000e+00 0.000000e+00 0.000000e+00 0.000000e+00 0.000000e+00 0.000000e+00 0.000000e+00 0.000000e+00 0.000000e+00 0.000000e+00 0.000000e+00 0.000000e+00
<ENDHMM>
