~o
<STREAMINFO> 1 39
<VECSIZE> 39<NULLD><MFCC_E_D_A><DIAGC>
~h "Ngay"
<BEGINHMM>
<NUMSTATES> 40
<STATE> 2
<MEAN> 39
 -3.577652e+00 -6.539549e+00 -1.102222e+00 -4.282091e+00 2.818827e-02 -2.977345e+00 4.478385e+00 -3.389691e-01 2.160887e+00 -3.786205e+00 -7.274161e-01 -5.199787e+00 8.757352e-02 5.711825e-01 -1.846565e-01 -2.696702e-01 -5.861326e-01 -3.596098e-01 -8.784728e-02 6.416053e-01 -1.376118e-02 -7.186286e-01 -6.267501e-01 -1.152246e+00 -5.226648e-01 4.084153e-02 3.113256e-01 -2.369649e-01 -4.736406e-01 -6.246439e-01 -9.016750e-02 -3.693479e-01 -2.853172e-01 -1.745934e-01 -5.891331e-01 -3.852742e-01 -9.521398e-02 1.774186e-02 1.937504e-02
<VARIANCE> 39
 1.648699e+00 2.505788e+00 8.233592e+00 1.346967e+01 7.371256e+00 6.414856e+00 9.519446e+00 6.206449e+00 1.164024e+01 2.096836e+00 8.853944e+00 5.932003e+00 5.000000e-02 7.155147e-01 3.360929e-01 4.706293e-01 1.460656e+00 1.767169e+00 1.020975e+00 4.302466e-01 6.362720e-01 2.002594e+00 6.686328e-01 5.758267e-01 6.155731e-01 5.000000e-02 5.588327e-02 2.679824e-01 1.093363e-01 5.639360e-01 1.478703e-01 2.008612e-01 2.696299e-01 1.153024e-01 4.296274e-01 2.846278e-01 5.121727e-01 1.906538e-01 5.000000e-02
<GCONST> 6.225526e+01
<STATE> 3
<MEAN> 39
 -5.201513e+00 -8.547775e+00 -1.486537e+00 -2.262568e+00 2.081782e+00 -2.668234e+00 2.444220e+00 -5.558109e-01 1.275193e+00 -5.140797e+00 -1.968858e+00 -2.880594e+00 4.890167e-02 9.106557e-01 -2.275272e-01 -8.497699e-01 -1.205541e+00 -5.735964e-01 -5.136588e-01 -4.210287e-01 -5.199841e-01 -1.557892e+00 -9.540570e-01 -7.106194e-01 -5.777919e-01 4.966429e-02 3.731731e-01 1.010935e-02 -2.755426e-01 -6.309143e-01 -3.696877e-01 -3.292593e-01 -2.216562e-01 -3.290982e-01 -3.794378e-01 1.543375e-01 2.852519e-01 2.980399e-02 2.422858e-02
<VARIANCE> 39
 2.402914e+00 1.756041e+00 1.989715e+00 1.245981e+01 1.264926e+01 5.783749e+00 4.464087e+00 5.462784e+00 1.409974e+01 7.097848e+00 6.950364e+00 5.112065e+00 5.000000e-02 1.578187e+00 1.027824e+00 3.813064e-01 3.117000e+00 4.151130e-01 2.124927e+00 1.016347e+00 5.297679e-01 4.847191e+00 3.064125e+00 1.495015e+00 1.485426e+00 5.000000e-02 1.353096e-01 1.583468e-01 2.238575e-01 2.491802e-01 4.223370e-01 5.000000e-02 1.096656e-01 1.874709e-01 4.228043e-01 2.509136e-01 3.861036e-01 1.175125e-01 5.000000e-02
<GCONST> 6.660316e+01
<STATE> 4
<MEAN> 39
 7.705432e-01 -8.509681e+00 -5.381474e+00 -1.019456e+01 -2.170021e+00 -6.612531e+00 1.972425e+00 -2.606899e+00 -3.785402e+00 -8.344127e+00 -4.239785e+00 -7.174064e+00 3.455716e-01 2.161147e+00 -2.990341e-01 -1.517446e+00 -2.884914e+00 -3.833413e-01 -1.123656e+00 -8.587844e-01 -7.433721e-01 -1.921806e+00 -8.664723e-01 -1.241446e+00 -9.776930e-01 1.046490e-01 -4.090146e-01 -1.869140e-01 1.591935e-01 2.554684e-01 -1.397911e-01 -5.973352e-02 5.269323e-01 -1.879100e-01 4.279975e-01 4.784684e-01 1.419669e-01 1.712314e-01 4.186033e-03
<VARIANCE> 39
 2.355219e+01 8.977921e+00 7.618850e+00 4.988223e+01 9.048608e+00 9.877496e+00 2.634751e+00 1.030266e+01 4.673138e+01 3.108154e+01 8.139224e+00 9.217314e+00 5.537856e-02 1.881190e+00 1.604672e+00 2.289091e+00 5.231193e+00 2.917015e+00 1.070303e+00 9.051815e-01 1.443280e+00 9.820095e-01 1.481688e+00 3.552084e+00 8.841088e-01 5.000000e-02 8.738204e-01 5.000000e-02 4.962354e-01 8.402079e-01 2.678975e-01 2.743407e-01 3.036557e-01 2.018797e-01 5.640257e-01 2.975065e-01 1.394403e-01 2.065562e-01 5.000000e-02
<GCONST> 8.525195e+01
<STATE> 5
<MEAN> 39
 5.540350e-01 -7.914404e+00 -5.914883e+00 -1.128549e+01 7.767837e-02 -6.808123e+00 -4.117913e-01 -3.388633e+00 -2.940541e+00 -5.853050e+00 -2.855388e+00 -5.400597e+00 3.031335e-01 2.505687e-01 -9.085370e-01 1.202906e-01 -1.063652e+00 -1.057641e+00 -1.442325e+00 9.086609e-01 -1.140919e+00 -6.419827e-01 4.858139e-01 -3.848641e-01 3.012719e-01 1.000430e-01 -8.813412e-01 -3.182734e-01 4.594272e-01 7.398683e-01 -1.324404e-01 -1.566737e-01 1.369282e+00 2.666897e-03 3.819538e-01 2.016355e-01 -3.185782e-01 1.520266e-01 5.377859e-03
<VARIANCE> 39
 4.305176e+01 1.350842e+01 2.318762e+01 9.166150e+01 3.291315e+01 1.824929e+01 7.500888e+00 5.661720e+00 2.306844e+01 1.883568e+01 5.016239e+01 2.121780e+01 9.883296e-02 4.391598e+00 3.707223e-01 6.610298e+00 9.615446e-01 1.455575e+00 2.828663e+00 1.829790e+00 3.430228e-01 1.062027e+00 2.293389e-01 1.192443e+00 1.822819e+00 5.000000e-02 1.061586e+00 1.180568e-01 2.777358e-01 9.633153e-01 3.827701e-01 2.411807e-01 4.382762e-01 3.193274e-01 4.943565e-01 4.948648e-01 1.067327e+00 3.071104e-01 5.000000e-02
<GCONST> 9.297256e+01
<STATE> 6
<MEAN> 39
 2.470147e+00 -1.154647e+01 -5.095550e+00 -1.025716e+01 -3.493782e+00 -1.018961e+01 4.245330e+00 -4.753431e+00 -5.664577e+00 -5.653078e+00 -6.866222e+00 -6.177829e+00 5.550814e-01 -1.113215e+00 -1.202868e+00 2.075122e-02 2.755775e-01 -1.191105e+00 -1.564250e+00 3.817327e+00 -1.165413e+00 -2.008989e-01 6.971903e-01 -1.396191e+00 -3.112552e-01 7.907364e-02 -8.615787e-01 -6.221315e-02 -1.282857e-01 4.280478e-01 3.309237e-01 5.153424e-01 4.936487e-01 2.218753e-01 4.603962e-01 -2.905938e-01 2.306620e-01 -1.072925e-01 -1.601580e-02
<VARIANCE> 39
 7.545500e+01 2.359852e+01 8.374609e+01 3.060871e+01 4.877454e+00 4.804716e+01 2.774828e+01 5.601612e+00 1.334997e+01 3.280581e+01 1.244645e+01 4.145242e+01 5.000000e-02 6.285866e+00 1.021796e-01 3.099208e+00 2.798708e+00 2.200980e+00 4.011060e+00 1.860174e+00 2.202529e+00 1.271198e+00 2.234392e+00 3.303176e+00 1.264467e+00 5.000000e-02 1.598327e+00 2.085457e-01 1.269045e+00 4.617403e-01 2.586558e-01 1.130129e+00 1.330562e+00 1.359617e-01 2.498427e-01 3.254727e-01 2.346165e-01 1.074376e+00 5.000000e-02
<GCONST> 1.001739e+02
<STATE> 7
<MEAN> 39
 -3.387096e+00 -1.100161e+01 -5.436194e+00 -1.380567e+01 -5.163932e+00 -1.277844e+01 1.299813e+01 -8.349442e+00 -5.629633e+00 -4.696160e+00 -8.954359e+00 -6.432016e+00 6.530048e-01 -2.393848e+00 -1.229078e+00 -7.892826e-01 2.120717e-01 1.751545e-01 -1.885093e-01 2.632710e+00 -1.339251e-02 4.741513e-01 -6.958886e-01 -3.363586e-01 -5.319234e-01 6.095390e-02 1.125758e-01 -1.116999e-01 -6.740106e-01 7.198700e-01 7.312958e-01 4.672170e-01 -6.520567e-01 2.681047e-01 1.402278e-01 -1.016450e+00 6.897588e-01 1.501951e-01 -1.112549e-02
<VARIANCE> 39
 3.157253e+01 1.007861e+01 3.503032e+01 4.557939e+01 4.367889e+01 1.048039e+02 1.846968e+01 8.794076e+00 1.742808e+01 1.729539e+01 2.669240e+01 2.355359e+01 5.000000e-02 8.620872e+00 4.377896e-01 3.057519e+00 1.778947e+00 3.143552e+00 3.240947e+00 4.669394e+00 6.990288e-01 1.243051e+00 2.616765e+00 1.485611e+00 4.124643e+00 5.000000e-02 4.279307e-01 1.252975e-01 3.736979e-01 4.694544e-01 3.336201e-01 1.209342e+00 5.528507e-01 4.082467e-01 4.950072e-01 9.847648e-02 1.676352e-01 3.587662e-01 5.000000e-02
<GCONST> 9.812327e+01
<STATE> 8
<MEAN> 39
 -3.512839e+00 -1.326220e+01 -6.811672e+00 -9.987891e+00 -4.396338e+00 -6.922838e+00 1.060261e+01 -5.009984e+00 -2.763003e+00 -7.751549e+00 -7.258613e+00 -9.599038e+00 6.486783e-01 -9.027703e-01 -8.447441e-01 -2.212832e+00 1.177652e+00 4.734284e-01 1.736138e+00 5.922502e-01 -4.435301e-01 1.005922e+00 -2.446567e+00 6.358591e-01 7.954106e-02 4.881200e-02 6.603830e-02 -1.174404e-01 -5.256401e-01 7.284547e-01 3.465903e-01 -1.571743e-01 -2.939745e-01 -2.773364e-01 1.202005e-01 -4.327270e-01 3.441154e-01 6.216099e-01 -2.438992e-03
<VARIANCE> 39
 3.884368e+01 6.136951e+00 1.773828e+01 3.330555e+01 1.022963e+01 7.425047e+01 3.353389e+01 1.030639e+01 1.798303e+01 9.996152e+00 5.883775e+00 2.155302e+01 5.000000e-02 5.506315e+00 1.685522e+00 1.007728e+00 4.939843e+00 1.976580e+00 7.447675e+00 6.336315e+00 1.148795e+00 3.017340e+00 2.682021e-01 1.872592e+00 5.550959e+00 5.000000e-02 2.335402e+00 5.000000e-02 4.765700e-01 4.110037e-01 5.000000e-02 4.755598e-01 1.120288e+00 3.084618e-01 1.939720e-01 1.716991e-01 7.762334e-02 1.468346e-01 5.000000e-02
<GCONST> 9.123886e+01
<STATE> 9
<MEAN> 39
 -6.986852e+00 -1.428950e+01 -9.654374e+00 -8.828072e+00 -5.065320e+00 -4.096782e+00 1.445539e+01 -7.646165e+00 1.544338e-01 -1.125886e+01 -8.821259e+00 -7.795836e+00 7.065019e-01 -1.919642e+00 -1.418352e+00 -2.378843e+00 1.988763e+00 1.504094e+00 -2.437152e-01 2.064945e+00 9.656575e-02 -3.100216e-01 -2.484253e+00 6.461637e-01 6.665658e-01 6.004928e-02 4.940097e-01 -3.829926e-01 -1.561041e-01 4.970768e-01 4.181034e-01 -7.255253e-01 -4.704333e-01 7.036889e-02 -2.796450e-01 1.246815e-01 2.009934e-01 3.920103e-01 -1.588768e-03
<VARIANCE> 39
 1.649478e+01 9.099967e+00 2.097669e+01 2.770316e+01 2.146601e+01 6.875865e+01 1.438076e+01 1.180870e+01 5.505579e+01 1.770964e+01 2.437261e+01 2.579520e+01 5.000000e-02 2.905028e+00 9.688802e-01 7.622806e-01 3.640927e+00 1.492665e+00 2.585580e+00 1.107661e+00 2.288593e+00 2.162417e+00 1.876759e-01 1.489257e+00 1.287681e+00 5.000000e-02 9.904495e-01 7.498200e-02 1.256099e-01 1.537664e-01 2.934578e-01 3.052627e-01 1.145802e+00 6.539562e-01 7.156621e-01 1.390025e-01 1.811884e-01 2.490707e-01 5.000000e-02
<GCONST> 8.925555e+01
<STATE> 10
<MEAN> 39
 -7.092513e+00 -1.851561e+01 -1.718102e+01 -1.541678e+00 1.423420e+00 -1.371307e+01 1.753339e+01 -9.219696e+00 -3.903149e+00 -1.630234e+01 -4.541185e+00 -4.862885e+00 8.834080e-01 2.748396e-02 -1.950063e+00 -1.738584e+00 2.405415e+00 1.412028e+00 -1.065263e+00 -9.466214e-02 -1.110759e+00 1.289878e+00 -9.426254e-01 6.119231e-01 1.428306e+00 3.920792e-02 2.705747e-01 1.578061e-01 5.641375e-01 -6.592962e-01 -1.295370e-01 4.004734e-01 -9.439414e-01 2.652227e-01 1.703931e-01 8.833243e-01 -3.989922e-01 -1.372444e-01 -7.898983e-03
<VARIANCE> 39
 7.313624e+00 5.606972e+00 2.253962e+01 4.470132e+01 4.275023e+01 5.953482e+01 1.146156e+01 1.844558e+01 4.266368e+01 1.674756e+01 8.920518e+00 1.266914e+01 5.000000e-02 7.229608e-02 2.396102e-01 1.531994e+00 1.523056e+00 7.325304e-01 1.291245e+00 9.589603e-01 2.495512e+00 1.834330e+00 1.757937e+00 5.743608e-01 6.979569e-01 5.000000e-02 1.678449e-01 6.425383e-02 2.672943e-01 2.864457e-01 1.141018e-01 3.869696e-01 1.063854e-01 6.038268e-01 2.967735e-01 9.479751e-02 1.472416e-01 2.270256e-01 5.000000e-02
<GCONST> 7.574552e+01
<STATE> 11
<MEAN> 39
 -8.024228e+00 -2.243885e+01 -1.662331e+01 1.777944e+00 1.298389e+00 -1.025729e+01 1.335176e+01 -1.013068e+01 1.659281e+00 -1.640119e+01 -3.276892e+00 -3.192131e+00 9.522631e-01 -1.241605e-01 -1.305919e+00 1.037137e-01 2.624840e-01 1.032494e+00 4.456681e-01 -1.674872e+00 1.044377e+00 8.301620e-02 4.279427e-01 -7.073584e-03 2.427621e-01 2.083196e-02 9.952132e-03 2.346944e-01 1.883378e-01 -3.484399e-01 -3.384018e-01 2.034472e-01 -3.650581e-02 2.192875e-01 -1.333126e-01 3.216226e-01 -2.208040e-01 -2.721848e-01 -7.911598e-03
<VARIANCE> 39
 8.930091e+00 6.060687e+00 9.394299e+00 3.099448e+01 2.285125e+01 5.429531e+01 1.412490e+01 1.990205e+01 2.349088e+01 4.859020e+00 1.312479e+01 6.776038e+00 5.000000e-02 5.000000e-02 3.603084e-01 2.650064e+00 1.327962e+00 4.546261e-01 1.516676e+00 6.939504e-01 1.590532e+00 2.108965e-01 7.160026e-01 8.782759e-01 7.527869e-01 5.000000e-02 6.114013e-02 5.000000e-02 6.870683e-02 1.801106e-01 6.811641e-02 1.167557e-01 2.383507e-01 5.620904e-01 3.193868e-01 3.180187e-01 5.594832e-02 9.833054e-02 5.000000e-02
<GCONST> 6.449067e+01
<STATE> 12
<MEAN> 39
 -9.930495e+00 -2.564936e+01 -1.740418e+01 -2.834071e+00 1.831640e+00 -7.782471e+00 1.011588e+01 -5.118841e+00 4.358037e-01 -1.065974e+01 -3.010072e+00 6.252860e-01 9.699308e-01 -1.216920e-01 -6.415659e-01 -8.418366e-01 5.503094e-01 2.642582e-01 2.621987e-01 -9.434451e-01 2.265804e-02 6.605417e-01 7.697764e-01 -4.720943e-01 3.252958e-01 6.516662e-03 1.160109e-01 3.917159e-01 3.462339e-01 -8.692341e-02 -2.088120e-01 2.451575e-01 2.876538e-01 -9.792931e-02 1.501715e-01 -1.659392e-01 -6.668821e-02 -1.341356e-01 -4.273824e-03
<VARIANCE> 39
 9.410044e+00 7.776643e+00 8.339008e+00 1.433716e+01 3.175572e+01 2.656398e+01 9.699127e+00 6.988131e+00 2.401792e+01 2.023884e+01 8.914054e+00 1.269113e+01 5.000000e-02 3.572115e-01 6.155963e-01 1.660960e+00 8.242413e-01 1.667138e-01 1.087352e+00 1.125559e+00 1.054311e+00 2.531824e-01 1.260147e+00 1.364967e-01 2.238302e-01 5.000000e-02 5.321068e-02 5.000000e-02 1.437838e-01 1.085414e-01 5.602473e-02 5.000000e-02 5.000000e-02 1.267702e-01 1.962067e-01 3.707795e-01 6.445189e-02 7.461313e-02 5.000000e-02
<GCONST> 5.728162e+01
<STATE> 13
<MEAN> 39
 -7.638474e+00 -2.478397e+01 -1.769882e+01 4.347437e-01 4.340756e+00 -1.095753e+01 1.136828e+01 -6.663036e+00 5.818248e-02 -1.437730e+01 -5.352589e+00 -3.600102e+00 9.732430e-01 -1.302008e-01 -3.951973e-01 -2.950225e-01 9.776824e-02 -2.578220e-01 5.813227e-01 -4.545700e-01 1.835319e-01 1.664604e-01 -2.938590e-01 -1.556963e-01 -5.318838e-02 7.540852e-03 -1.141189e-01 2.688676e-01 1.352792e-01 -1.550092e-01 -4.049247e-01 6.351905e-02 1.255820e-01 6.384409e-02 -4.883864e-02 -6.376882e-02 1.169872e-01 -6.725067e-02 -2.947858e-03
<VARIANCE> 39
 1.015639e+01 4.025489e+00 1.767829e+01 6.700906e+00 3.356895e+01 4.578979e+01 9.716918e+00 6.591921e+00 2.288066e+01 1.336197e+01 8.754355e+00 1.032889e+01 5.000000e-02 4.219365e-01 3.783846e-01 4.346803e-01 1.604161e+00 5.681628e-01 7.388551e-01 7.861180e-01 6.538714e-01 2.489069e+00 6.049465e-01 2.843964e-01 6.950257e-01 5.000000e-02 5.000000e-02 5.000000e-02 1.411842e-01 5.000000e-02 6.509375e-02 1.270891e-01 1.403375e-01 1.124918e-01 1.272013e-01 1.788372e-01 5.000000e-02 5.000000e-02 5.000000e-02
<GCONST> 5.829623e+01
<STATE> 14
<MEAN> 39
 -9.007591e+00 -2.427730e+01 -1.818111e+01 1.070177e+00 4.811140e+00 -7.134159e+00 1.101927e+01 -6.553213e+00 2.890990e+00 -1.264508e+01 -5.759847e+00 -8.608958e-01 9.719669e-01 -1.449958e-02 6.456022e-02 5.377517e-01 4.204507e-01 -1.006689e-01 6.340666e-01 -1.766078e-01 6.433107e-01 8.413826e-01 5.632583e-01 1.860280e-01 6.036969e-01 7.821267e-03 -1.440013e-03 3.302472e-02 3.826781e-01 -3.307512e-01 -2.675258e-01 -1.766236e-01 2.035980e-01 2.244536e-01 -3.106101e-01 8.378397e-02 4.606314e-02 -5.987274e-03 -4.056138e-03
<VARIANCE> 39
 7.984540e+00 5.572406e+00 1.917382e+01 6.076615e+00 3.609982e+01 3.648272e+01 8.895694e+00 7.285636e+00 2.941284e+01 1.062596e+01 6.203759e+00 2.526517e+01 5.000000e-02 1.520007e-01 1.411857e-01 2.453339e-01 7.284390e-01 1.358003e+00 6.235281e-01 5.866899e-01 4.262516e-01 1.621674e+00 7.963578e-01 2.598756e-01 5.596202e-01 5.000000e-02 6.136313e-02 7.737400e-02 5.262207e-02 2.118630e-01 6.448282e-02 2.418082e-01 8.338531e-02 6.431744e-02 2.862828e-01 6.519648e-02 5.000000e-02 1.543941e-01 5.000000e-02
<GCONST> 5.652833e+01
<STATE> 15
<MEAN> 39
 -9.615957e+00 -2.452251e+01 -1.595348e+01 4.735481e-01 8.232723e-01 -6.058077e+00 1.024088e+01 -4.724111e+00 1.499719e+00 -1.404225e+01 -5.182988e+00 -2.659216e+00 9.865060e-01 -3.865415e-02 -3.247247e-02 1.001485e+00 -6.404184e-01 -1.277278e+00 3.593147e-01 1.044835e-01 9.961810e-01 -3.467626e-01 4.430685e-01 -1.853039e-01 1.591988e-02 -3.969641e-03 7.322043e-02 1.855342e-02 3.117706e-01 -2.802995e-01 -1.534901e-01 -2.426993e-01 2.187824e-01 -6.034333e-02 -3.144864e-02 2.492611e-01 1.274633e-01 -3.182382e-02 -5.232554e-03
<VARIANCE> 39
 8.527834e+00 9.032503e+00 2.587401e+01 4.436029e+00 7.205898e+01 4.319627e+01 6.246281e+00 1.065948e+01 1.762023e+01 2.782309e+01 4.280169e+00 2.063016e+01 5.000000e-02 9.589577e-02 2.899937e-01 1.682371e-01 1.153236e+00 7.623346e-01 5.291243e-01 8.343289e-01 1.868104e-01 7.022690e-01 3.437026e-01 1.521220e-01 6.789555e-01 5.000000e-02 5.000000e-02 5.000000e-02 7.289478e-02 5.860385e-02 1.290544e-01 9.543291e-02 7.348794e-02 5.000000e-02 6.122794e-01 5.242674e-01 1.081371e-01 6.202565e-02 5.000000e-02
<GCONST> 5.542266e+01
<STATE> 16
<MEAN> 39
 -8.094942e+00 -2.430598e+01 -1.557388e+01 -5.454262e-01 8.832210e-01 -8.594027e+00 1.102698e+01 -3.732764e+00 4.023110e-01 -1.214161e+01 -5.631390e+00 -2.191807e+00 9.708140e-01 -2.692847e-03 9.679049e-02 1.420734e+00 -7.944365e-01 -9.549390e-01 -3.098392e-01 5.989184e-01 3.403901e-01 5.905680e-02 4.905957e-01 7.031499e-01 4.149312e-02 -1.233462e-02 -9.896568e-02 1.567339e-01 1.863919e-02 -9.924276e-02 -2.163029e-01 -1.593065e-01 1.747756e-01 -2.521789e-01 1.838931e-02 -5.561734e-02 8.163884e-02 -1.646783e-01 -3.628642e-03
<VARIANCE> 39
 1.114181e+01 3.975190e+00 4.152510e+01 1.747507e+01 7.977853e+01 5.552568e+01 1.129471e+01 4.940790e+00 2.162860e+01 1.164568e+01 6.691183e+00 2.089596e+01 5.000000e-02 1.234076e-01 2.412623e-01 5.371993e-01 1.898327e+00 1.372383e-01 4.266129e-01 5.239159e-01 6.449137e-01 1.165487e+00 2.783573e+00 2.871728e-01 2.649603e-01 5.000000e-02 5.000000e-02 5.000000e-02 5.000000e-02 1.008105e-01 7.436424e-02 2.557697e-01 3.542884e-01 8.761400e-02 1.526858e-01 2.192946e-01 1.145051e-01 1.037805e-01 5.000000e-02
<GCONST> 6.059287e+01
<STATE> 17
<MEAN> 39
 -9.317585e+00 -2.515846e+01 -1.186812e+01 -2.255409e+00 4.844929e-01 -6.284134e+00 1.151068e+01 -2.710495e+00 2.335284e+00 -1.097891e+01 -3.848369e+00 -1.090895e-01 9.510204e-01 -2.246714e-01 3.758096e-01 8.669531e-01 -7.382416e-01 -1.707553e+00 -1.925103e-02 5.538527e-01 3.520339e-01 -3.606544e-01 1.077656e-01 -1.211389e-01 -2.459540e-01 -1.283268e-02 -1.138825e-01 3.358459e-01 -2.363027e-01 -6.176418e-03 -3.676058e-01 1.548715e-01 2.252017e-01 -1.920708e-01 3.872198e-02 -6.640014e-02 -3.046461e-01 -2.255306e-01 -2.971265e-03
<VARIANCE> 39
 6.168861e+00 9.960558e+00 2.972396e+01 2.628683e+01 4.300949e+01 4.456096e+01 4.366415e+00 2.006750e+01 1.284206e+01 1.131777e+01 3.540020e+00 1.811889e+01 5.000000e-02 1.555718e-01 4.600683e-01 1.688367e-01 1.315279e+00 7.431848e-02 8.592792e-01 1.034364e+00 8.723200e-01 2.112291e+00 1.972791e+00 2.115799e+00 3.811722e-01 5.000000e-02 5.000000e-02 1.140804e-01 5.000000e-02 8.310501e-02 5.849385e-02 1.243003e-01 2.978371e-01 5.000000e-02 9.144071e-02 2.916183e-01 5.000000e-02 1.074116e-01 5.000000e-02
<GCONST> 6.022516e+01
<STATE> 18
<MEAN> 39
 -9.011459e+00 -2.283605e+01 -1.394557e+01 -1.668606e+00 -3.235041e+00 -8.908906e+00 1.249941e+01 -1.885521e+00 -4.384160e-01 -1.156591e+01 -5.240787e+00 -1.205520e+00 9.243112e-01 -5.445133e-01 1.096751e+00 5.247621e-01 -4.919514e-01 -2.272751e+00 4.870385e-01 1.163539e+00 5.663110e-02 -2.157816e-01 3.100551e-01 -4.402935e-01 -8.757998e-01 -1.969479e-02 4.254465e-02 8.153729e-02 -2.141417e-02 -2.286770e-01 6.107488e-02 1.994104e-01 9.081280e-02 -2.798501e-01 2.278305e-01 3.656121e-01 -3.162586e-01 -3.027848e-01 -3.271543e-03
<VARIANCE> 39
 5.989543e+00 8.457470e+00 3.726336e+01 4.215504e+01 5.876535e+01 4.580727e+01 4.979414e+00 2.122816e+01 1.672563e+01 1.316505e+01 1.462643e+01 2.244345e+01 5.000000e-02 1.840481e-01 9.890291e-01 1.866395e-01 1.138153e+00 4.209086e-01 1.636880e+00 1.558322e+00 7.669478e-01 1.325197e+00 2.662838e+00 4.200021e-01 8.617178e-01 5.000000e-02 5.000000e-02 5.561083e-02 5.000000e-02 1.543709e-01 7.552275e-02 7.180835e-02 1.066436e-01 5.235360e-02 3.536207e-01 2.023569e-01 3.711785e-01 1.958075e-01 5.000000e-02
<GCONST> 6.810574e+01
<STATE> 19
<MEAN> 39
 -1.106234e+01 -2.252575e+01 -1.099882e+01 -3.647096e+00 -6.126223e+00 -5.923305e+00 1.543542e+01 -2.990712e+00 1.584389e+00 -1.175582e+01 -5.719537e+00 -3.723281e+00 9.073787e-01 -1.393325e-01 7.978050e-01 1.076637e+00 -1.508155e+00 -1.552168e+00 5.449513e-01 1.173470e+00 -7.304682e-01 2.971139e-01 5.592256e-01 -6.524901e-01 -1.119347e+00 -2.384888e-02 2.343917e-01 -7.223661e-02 1.069043e-03 -3.470886e-01 1.923685e-01 -7.359698e-02 -3.419155e-01 -2.808719e-01 1.791344e-01 6.866127e-01 -2.396574e-01 1.624142e-01 -2.665798e-03
<VARIANCE> 39
 3.693927e+00 8.924174e+00 3.969296e+01 2.801805e+01 5.723690e+01 1.907001e+01 8.226317e+00 3.488611e+01 3.659662e+01 2.589956e+01 7.036039e+00 1.662796e+01 5.000000e-02 1.162874e-01 1.071784e-01 1.296699e-01 1.072397e+00 2.897343e-01 8.298683e-01 1.689292e+00 3.964376e-01 2.097746e+00 1.168537e+00 5.852070e-01 1.168716e+00 5.000000e-02 5.000000e-02 1.479572e-01 5.321793e-02 1.736095e-01 1.395228e-01 1.639179e-01 9.896376e-02 1.819701e-01 4.484564e-01 6.936981e-01 9.951068e-02 1.938131e-01 5.000000e-02
<GCONST> 6.730152e+01
<STATE> 20
<MEAN> 39
 -1.013426e+01 -2.039632e+01 -6.964224e+00 -9.586982e+00 -1.111938e+01 -4.785824e+00 1.391041e+01 -6.005581e+00 3.749495e+00 -7.173691e+00 -6.698071e+00 -4.375543e+00 8.477257e-01 2.518515e-01 5.188153e-01 3.834211e-01 -1.401075e+00 -8.367275e-01 1.410864e-01 -4.661505e-02 -6.818236e-01 2.662816e-01 1.640474e+00 -1.417680e+00 1.094411e-01 -2.722727e-02 1.276827e-01 -9.314974e-02 -4.980718e-02 5.838780e-02 1.907584e-01 -1.769944e-01 -3.844335e-01 2.259066e-01 -1.295576e-01 4.129682e-01 -1.604764e-01 2.358449e-01 -8.011893e-04
<VARIANCE> 39
 2.678516e+00 5.050961e+00 5.128530e+01 5.370249e+01 4.522749e+01 1.999459e+01 2.687546e+01 3.219993e+01 5.610932e+01 3.365398e+01 5.576952e+00 6.119995e+00 5.000000e-02 1.430930e-01 1.484703e-01 2.175475e-01 1.362724e+00 7.559682e-01 1.979856e-01 1.414399e+00 7.514042e-01 3.157482e+00 2.403540e+00 6.978270e-01 2.325595e+00 5.000000e-02 5.000000e-02 6.310106e-02 5.000678e-02 3.230821e-01 1.130125e-01 3.610813e-01 5.732987e-01 1.097314e-01 6.298898e-01 7.080534e-01 1.514639e-01 1.670699e-01 5.000000e-02
<GCONST> 7.313130e+01
<STATE> 21
<MEAN> 39
 -1.004782e+01 -2.032277e+01 -8.429943e+00 -9.785885e+00 -1.030659e+01 -6.012635e+00 1.507742e+01 -6.465727e+00 1.211715e+00 -6.800125e+00 -9.509202e+00 -4.881387e+00 8.040922e-01 3.593861e-01 7.575803e-01 8.396204e-01 -1.275630e+00 -1.311611e+00 -2.588307e-02 -6.858825e-01 2.254410e-01 5.873793e-01 3.364731e+00 -8.792359e-01 -2.091765e-02 -2.727010e-02 1.734303e-01 -2.538352e-02 8.505568e-02 1.781813e-01 1.665132e-01 -2.735122e-01 -4.620274e-01 4.746942e-01 3.252037e-01 4.618531e-01 3.297263e-01 4.170031e-01 3.277873e-03
<VARIANCE> 39
 3.487310e+00 1.228938e+01 4.366072e+01 4.372715e+01 4.111698e+01 1.525500e+01 1.707099e+01 2.509224e+01 2.696167e+01 2.590880e+01 4.998144e+00 2.050296e+01 5.000000e-02 1.040838e-01 2.697102e-01 3.439084e-01 1.769854e+00 1.223492e+00 1.208432e+00 1.415662e+00 9.503016e-01 2.159476e+00 3.021362e+00 4.764011e-01 8.285414e-01 5.000000e-02 6.022149e-02 6.835528e-02 5.000000e-02 2.265222e-01 1.530898e-01 1.068943e-01 2.258548e-01 6.878830e-02 5.773883e-01 3.249693e-01 6.454375e-02 1.333823e-01 5.000000e-02
<GCONST> 7.056754e+01
<STATE> 22
<MEAN> 39
 -8.392038e+00 -1.860263e+01 -8.322832e+00 -9.763597e+00 -1.179910e+01 -6.566120e+00 1.429076e+01 -4.208432e+00 3.782929e+00 2.721890e+00 -1.110824e+01 -4.370502e+00 7.869181e-01 5.690843e-01 4.021423e-01 9.824414e-01 -1.710209e+00 -6.689796e-01 -1.165316e+00 -1.471572e+00 6.247305e-01 3.483762e-01 3.028210e+00 -2.969846e-01 5.762635e-01 -1.562828e-02 2.950058e-01 -1.986462e-01 1.121579e-01 6.560169e-02 3.227470e-01 -1.114733e-01 -1.928926e-01 1.847921e-01 -3.651507e-01 -1.075502e+00 5.595785e-01 3.465379e-01 -9.505588e-05
<VARIANCE> 39
 2.085048e+00 7.008561e+00 4.439533e+01 2.019400e+01 2.364494e+01 3.484648e+01 3.002050e+01 7.085222e+00 2.320583e+01 4.251803e+00 1.489542e+01 2.047287e+01 5.000000e-02 2.671671e-01 3.776391e-01 6.463271e-01 1.790277e+00 1.715367e+00 8.715134e-01 1.536997e+00 6.206993e-01 3.584291e+00 2.542548e+00 5.786436e-01 6.028571e-01 5.000000e-02 5.160023e-02 8.677471e-02 8.393681e-02 6.345215e-02 2.248135e-01 1.722228e-01 2.555158e-01 1.750847e-01 2.482343e-01 1.280629e-01 2.186194e-01 2.933454e-01 5.000000e-02
<GCONST> 7.072250e+01
<STATE> 23
<MEAN> 39
 -7.062951e+00 -1.715944e+01 -7.304981e+00 -1.114412e+01 -1.202738e+01 -9.233666e+00 9.670570e+00 -1.734672e+00 2.914701e+00 5.650399e+00 -9.260628e+00 -2.924624e+00 7.498148e-01 1.374980e+00 -2.284936e-01 8.034330e-01 -6.606307e-01 -8.209984e-01 -4.168330e-01 -1.335817e+00 5.200174e-01 2.596397e-01 1.300847e-01 7.090847e-01 7.932318e-01 -1.965304e-02 2.603467e-01 -2.511349e-01 -1.869264e-01 2.751080e-01 3.489868e-01 1.272236e-01 1.077676e-01 -4.636890e-01 -3.075220e-01 -1.576631e+00 2.879533e-01 -2.135334e-01 -3.298743e-03
<VARIANCE> 39
 5.971210e+00 2.245961e+00 4.151994e+01 1.225854e+01 1.535187e+01 1.575308e+01 3.188818e+01 8.001236e+00 4.972347e+00 1.226833e+01 1.142397e+01 2.367903e+01 5.000000e-02 6.733246e-01 8.347787e-01 6.320203e-01 2.741272e+00 1.826630e+00 2.482123e-01 3.188570e-01 1.658840e+00 2.319899e+00 3.016839e+00 6.729311e-01 1.251952e+00 5.000000e-02 5.000000e-02 5.248860e-02 7.217325e-02 1.468607e-01 1.154065e-01 1.442299e-01 1.366604e-01 1.264431e-01 5.929292e-02 1.245732e-01 2.274184e-01 1.671946e-01 5.000000e-02
<GCONST> 6.575830e+01
<STATE> 24
<MEAN> 39
 -6.095000e+00 -1.939746e+01 -4.130945e+00 -1.570620e+01 -1.374045e+01 -9.096384e+00 1.057054e+01 -3.529175e+00 4.390191e+00 1.361906e+00 -9.503217e+00 -2.991765e-01 7.224325e-01 1.487007e+00 -1.043997e-01 5.060409e-01 -1.239030e-01 5.462080e-01 -4.800297e-01 -1.083244e+00 -2.539466e-01 -4.117374e-01 -1.822546e+00 4.705491e-01 4.468335e-01 -3.074568e-02 9.852462e-02 -1.497675e-01 -1.005007e-01 5.860180e-01 3.881031e-01 2.500945e-01 -8.587682e-03 -1.906877e-01 -3.143099e-01 -4.017474e-01 1.104724e-01 -3.616068e-01 -3.550486e-03
<VARIANCE> 39
 2.226200e+01 2.368926e+00 4.308702e+01 2.554353e+01 1.112607e+01 2.449341e+01 1.735858e+01 2.306277e+01 9.194054e+00 6.390530e+00 6.783783e+00 8.138415e+00 5.000000e-02 6.648519e-01 5.405662e-01 2.513154e-01 1.358719e+00 1.398125e+00 1.416347e+00 1.092681e+00 1.192312e+00 1.090477e+00 8.562533e-01 2.643957e+00 1.256277e+00 5.000000e-02 7.933884e-02 9.120650e-02 2.869859e-01 1.640263e-01 1.442704e-01 9.826268e-02 1.694192e-01 3.074666e-01 3.522883e-01 2.966077e-01 1.882197e-01 9.955207e-02 5.000000e-02
<GCONST> 7.189367e+01
<STATE> 25
<MEAN> 39
 -2.092675e+00 -1.946248e+01 -4.923897e+00 -1.264545e+01 -1.162045e+01 -8.116616e+00 7.186920e+00 -4.271953e+00 2.244189e+00 -4.178191e+00 -7.230319e+00 -2.336638e+00 6.283438e-01 1.228434e+00 -5.768766e-01 4.914049e-01 6.362166e-01 1.328436e+00 -1.273401e-01 -8.487475e-01 -1.039344e+00 -7.028635e-01 -1.441466e+00 8.312742e-01 -4.763442e-01 -3.412398e-02 -2.904037e-01 -3.546867e-02 1.102001e-01 2.427866e-01 -6.440677e-02 1.327887e-01 2.061836e-01 -6.204158e-02 1.441415e-01 7.351080e-01 4.873477e-02 5.349053e-02 9.922312e-04
<VARIANCE> 39
 1.992504e+01 8.000596e+00 3.552542e+01 2.361626e+01 2.187847e+01 3.982240e+01 3.278547e+01 1.402893e+01 1.844994e+01 3.666698e+00 1.906108e+01 9.655490e+00 5.000000e-02 5.462261e-01 5.974424e-01 1.186792e+00 9.502628e-01 2.366398e-01 2.710540e-01 4.312065e-01 1.510804e+00 1.114249e+00 9.463692e-01 5.336949e-01 9.592635e-01 5.000000e-02 1.520216e-01 1.117664e-01 1.935967e-01 1.178146e-01 2.839177e-01 2.705736e-01 3.342809e-01 5.430266e-01 3.965211e-01 9.224741e-02 3.048567e-01 3.201228e-01 5.000000e-02
<GCONST> 7.426940e+01
<STATE> 26
<MEAN> 39
 2.105707e-01 -2.032382e+01 -3.165003e+00 -9.752017e+00 -9.426228e+00 -9.079572e+00 6.096562e+00 -5.098611e+00 1.670204e+00 -2.258469e+00 -7.134003e+00 -3.663444e+00 6.062337e-01 9.950298e-01 -5.374502e-01 6.130832e-01 1.017242e+00 7.967047e-02 3.951801e-01 -5.385861e-01 -2.329768e-02 -5.343187e-01 4.902858e-02 9.943846e-01 1.774212e-01 -2.758529e-02 -3.148711e-01 -1.241195e-01 -1.985154e-01 3.121930e-02 -5.804172e-01 2.752678e-01 4.501954e-01 4.348908e-01 -1.792240e-01 3.905556e-01 1.258754e-01 1.804574e-01 1.904211e-03
<VARIANCE> 39
 1.274924e+01 9.589955e+00 3.029109e+01 2.953758e+01 1.170151e+01 2.788091e+01 1.349077e+01 2.194800e+01 9.006330e+00 9.076639e+00 5.409463e+00 1.265223e+01 5.000000e-02 9.498124e-01 5.321767e-01 1.962905e+00 1.382810e+00 1.011832e+00 8.303651e-01 3.226854e+00 2.074258e+00 1.510665e+00 8.435470e-01 6.547566e-01 1.944159e+00 5.000000e-02 1.217391e-01 7.454690e-02 7.306581e-02 5.000000e-02 1.581363e-01 1.888862e-01 2.059512e-01 2.358323e-01 1.269934e-01 2.098652e-01 1.737134e-01 2.597103e-01 5.000000e-02
<GCONST> 7.335423e+01
<STATE> 27
<MEAN> 39
 -1.271324e+00 -2.079541e+01 -1.920912e+00 -1.283834e+01 -1.057372e+01 -8.481309e+00 5.402458e+00 -4.859262e+00 3.649864e-01 -8.712367e-01 -4.746233e+00 1.093764e+00 5.743126e-01 6.241713e-01 -8.657355e-01 -4.584377e-02 6.762059e-01 -5.407526e-01 1.127109e+00 3.735807e-01 3.238398e-01 -7.706496e-01 1.391496e-01 1.173297e+00 -1.033455e-01 -2.829703e-02 -1.239770e-01 -4.606763e-02 -2.185667e-01 1.532776e-01 -2.623344e-01 2.902243e-01 4.571051e-02 5.155386e-02 6.083548e-02 -3.289219e-01 -3.657012e-01 -3.573584e-01 9.278058e-04
<VARIANCE> 39
 4.239079e+01 7.271982e+00 1.861120e+01 6.685011e+01 1.857384e+01 1.184394e+01 3.199623e+00 2.224283e+01 6.493252e+00 1.718523e+01 2.087228e+00 1.788272e+01 5.000000e-02 1.131468e+00 6.067743e-02 3.894776e-01 3.814735e-01 1.541350e+00 9.016424e-01 4.465866e+00 5.929866e-01 3.938169e-01 2.581204e+00 8.735187e-01 1.761067e+00 5.000000e-02 3.269880e-01 1.865314e-01 1.098698e-01 3.296270e-01 6.587498e-02 2.448921e-01 1.940276e-01 4.010721e-01 3.658845e-01 2.843690e-01 1.994747e-01 5.932724e-01 5.000000e-02
<GCONST> 7.351241e+01
<STATE> 28
<MEAN> 39
 2.270858e-01 -2.306842e+01 -3.155595e+00 -7.266220e+00 -1.230350e+01 -5.892928e+00 9.799989e+00 -3.424825e+00 -2.079417e+00 -3.236141e+00 -2.055596e+00 -1.413924e+00 5.017778e-01 -1.616486e-01 -1.038567e+00 -2.452259e-01 1.104208e+00 -5.341349e-01 1.078300e+00 1.918475e-01 5.707845e-01 -8.480821e-01 -5.378300e-01 3.904565e-01 -6.489285e-03 -2.724763e-02 -1.319690e-01 1.851599e-01 3.811769e-02 6.051704e-02 4.541383e-01 -1.163113e-01 -5.336542e-01 9.417611e-02 2.967774e-01 -1.024498e-01 -4.753790e-01 -2.980295e-01 1.877790e-03
<VARIANCE> 39
 2.071451e+01 6.084951e+00 1.662241e+01 4.515576e+01 9.330887e+00 1.424979e+01 1.339970e+01 2.254540e+01 6.481795e+00 2.930456e+01 1.126971e+01 4.421043e+00 5.000000e-02 2.637347e+00 6.027168e-01 3.757308e-01 5.382993e-01 8.698441e-01 1.562865e+00 2.609720e+00 1.704127e+00 1.095898e+00 1.049566e+00 1.177893e+00 2.653407e+00 5.000000e-02 2.168490e-01 9.837002e-02 5.065290e-02 3.111640e-01 3.925303e-01 1.122257e-01 5.852263e-01 3.223630e-01 1.362395e-01 8.053530e-01 1.200473e-01 1.149075e-01 5.000000e-02
<GCONST> 7.656644e+01
<STATE> 29
<MEAN> 39
 1.653993e+00 -2.276691e+01 -3.118976e+00 -8.878825e+00 -1.290783e+01 -4.805625e+00 4.793935e+00 -2.858551e+00 -4.959970e-01 -3.057500e+00 -4.865320e+00 -3.587153e+00 5.221508e-01 3.226970e-01 -2.139865e-03 3.775412e-01 1.187042e+00 2.047281e-01 5.079429e-01 -7.391623e-01 2.596118e-01 -4.408217e-01 -1.037549e+00 -6.444492e-01 -1.036536e+00 -2.306137e-02 -1.854133e-01 4.402863e-01 -4.247430e-02 2.853027e-01 6.738755e-01 -5.091735e-01 2.573269e-01 -9.330375e-02 8.335906e-02 -2.080592e-01 -1.881761e-01 -4.353514e-02 -3.465991e-04
<VARIANCE> 39
 2.098948e+01 9.413129e+00 2.162158e+01 3.822165e+01 1.369376e+01 1.771875e+01 2.399517e+01 3.472514e+00 7.175966e+00 2.359171e+01 2.263464e+01 7.271164e+00 5.000000e-02 1.878922e+00 4.031849e-01 1.552916e-01 4.002850e+00 1.782631e+00 1.466852e+00 1.195731e+00 1.483506e+00 6.318793e-01 2.806200e+00 7.196741e-01 3.085167e-01 5.000000e-02 1.608605e-01 5.000000e-02 5.000000e-02 2.792325e-01 1.357648e-01 1.362349e-01 5.289009e-01 5.000000e-02 3.386289e-01 6.928601e-01 7.360877e-01 2.948294e-01 5.000000e-02
<GCONST> 7.499683e+01
<STATE> 30
<MEAN> 39
 -3.508419e-01 -2.385705e+01 -2.173584e+00 -3.774586e+00 -9.624065e+00 -5.112529e+00 6.080107e+00 -1.999650e+00 -1.403057e+00 -5.079547e+00 -4.339704e+00 -3.191099e+00 4.238952e-01 8.196066e-02 6.884052e-01 -2.977426e-01 1.472984e+00 1.626192e+00 -3.874581e-01 -5.107604e-02 5.185747e-01 4.596755e-01 -2.496977e-01 3.112831e-01 -3.276841e-01 -2.104949e-02 -9.775153e-02 2.228271e-01 -2.765091e-01 -9.717245e-02 2.288222e-01 -2.424924e-01 2.352798e-01 2.979003e-03 1.570357e-01 1.440637e-01 1.001500e-01 1.714894e-01 -1.953647e-03
<VARIANCE> 39
 1.227088e+01 7.026724e+00 1.019054e+01 2.767096e+01 2.527944e+01 8.466466e+00 1.299915e+01 1.269383e+01 4.198586e+00 6.827112e+00 1.042121e+01 1.274377e+01 5.000000e-02 5.675516e-01 3.216610e-01 4.155293e-01 4.728207e+00 8.679309e-01 1.748449e-01 1.612840e+00 7.255322e-01 1.846764e+00 3.373725e+00 1.952351e+00 3.207666e-01 5.000000e-02 1.705422e-01 1.294811e-01 5.000000e-02 4.143378e-01 2.954811e-01 8.510545e-02 1.427227e-01 1.604698e-01 1.808858e-01 3.454850e-01 1.713755e-01 1.241922e-01 5.000000e-02
<GCONST> 6.834134e+01
<STATE> 31
<MEAN> 39
 2.316430e+00 -1.969140e+01 -3.937294e+00 -3.189242e+00 -8.776982e+00 -6.792463e+00 5.151307e+00 -3.148651e+00 -1.945219e+00 -6.148271e+00 -4.662822e+00 -4.815102e+00 4.482066e-01 -2.462728e-01 7.771658e-01 -8.608277e-01 1.732450e+00 1.917808e+00 -4.138528e-01 6.731550e-01 6.001716e-01 -2.526643e-01 -1.390554e+00 -4.689250e-01 -6.627369e-01 -3.535412e-02 -2.150834e-01 -2.893938e-02 -1.777584e-01 -1.392525e-01 4.066940e-02 -6.370904e-02 -1.404092e-01 1.174034e-01 7.304202e-03 5.116193e-02 1.300918e-01 2.977006e-01 -6.518103e-03
<VARIANCE> 39
 1.238815e+01 5.656408e+00 1.482139e+01 3.061349e+01 3.722654e+01 1.253411e+01 6.668977e+00 3.319730e+00 9.941050e+00 1.528725e+01 1.848793e+01 1.464830e+01 5.000000e-02 5.000000e-02 5.119963e-01 7.308610e-01 8.073215e-01 5.112626e-01 5.819783e-01 9.475334e-01 2.429169e-01 2.448181e+00 3.785288e+00 4.115396e+00 3.266906e+00 5.000000e-02 7.960539e-02 1.252826e-01 6.245005e-02 5.268495e-01 4.514186e-01 1.044387e-01 1.624783e-01 5.000000e-02 2.771822e-01 6.842275e-01 3.389451e-01 1.182854e-01 5.000000e-02
<GCONST> 7.010751e+01
<STATE> 32
<MEAN> 39
 -2.408379e-01 -2.145081e+01 -5.282746e+00 5.212425e-01 -3.834795e+00 -5.585579e+00 7.182820e+00 1.169343e-01 1.601146e-02 -6.687802e+00 -4.411149e+00 -5.173400e+00 3.647782e-01 -5.779871e-01 4.158118e-01 -7.787627e-01 5.459906e-01 7.130194e-01 -9.772463e-01 -4.884264e-01 4.730004e-01 -8.898861e-02 -3.812208e-01 -7.676453e-02 3.641567e-01 -3.438940e-02 -2.294415e-01 -1.392878e-01 2.016651e-01 -4.215501e-01 -4.091832e-01 4.173810e-02 -2.587863e-01 -3.118920e-01 -2.210956e-01 4.950049e-02 6.105529e-02 3.613284e-01 -4.668403e-03
<VARIANCE> 39
 1.332244e+01 1.170526e+01 1.219327e+01 1.247498e+01 1.949403e+01 1.731837e+01 9.310047e+00 5.268539e+00 2.001915e+01 1.537805e+01 2.764381e+01 4.154644e+01 5.000000e-02 1.299095e-01 7.950218e-01 2.699394e-01 6.697440e-01 2.557025e+00 6.921405e-01 3.204163e-01 2.702184e-01 1.149598e-01 8.118664e-01 1.061051e+00 5.705091e-01 5.000000e-02 5.000000e-02 5.000000e-02 1.740258e-01 1.721024e-01 1.696534e-01 3.071904e-01 1.590937e-01 1.638483e-01 4.565331e-01 6.539282e-01 5.783754e-01 5.553504e-01 5.000000e-02
<GCONST> 6.807902e+01
<STATE> 33
<MEAN> 39
 -2.200169e-01 -1.982294e+01 -5.286463e+00 9.566106e-02 -4.202535e+00 -9.525516e+00 3.212658e+00 -1.951111e+00 -1.520071e+00 -6.858782e+00 -5.736508e+00 -4.829026e+00 3.181026e-01 -1.163803e+00 1.687290e-01 -4.931937e-01 2.704978e-01 8.817785e-01 -3.886492e-01 -8.311706e-01 -4.392893e-01 -4.428535e-01 -3.489653e-02 9.896017e-01 1.716736e+00 -5.118354e-02 -2.184467e-01 -8.160043e-02 2.505573e-01 -1.661241e-01 -5.502879e-02 5.084130e-01 1.937966e-01 3.853518e-02 5.673427e-02 1.937341e-01 2.784123e-01 2.608490e-01 -5.688690e-03
<VARIANCE> 39
 1.186678e+01 2.365601e+01 1.161334e+01 1.054171e+01 1.689065e+01 4.342974e+00 7.372296e+00 1.829235e+01 1.727673e+01 6.638031e+00 1.337397e+01 3.629618e+01 5.000000e-02 4.169532e-01 3.593983e-01 9.976270e-01 3.643472e-01 2.124536e+00 1.333044e+00 9.908250e-01 1.855379e+00 9.476700e-01 1.767074e+00 1.087534e+00 1.318251e+00 5.000000e-02 5.000000e-02 2.378155e-01 2.315647e-01 1.561004e-01 2.492976e-01 1.042663e-01 1.453460e-01 1.856538e-01 1.926312e-01 1.389765e-01 3.931022e-01 6.081960e-01 5.000000e-02
<GCONST> 7.281121e+01
<STATE> 34
<MEAN> 39
 -2.814511e+00 -1.947367e+01 -6.136204e+00 -2.694462e-01 -3.746871e+00 -6.859082e+00 6.160540e+00 -2.232979e-01 -2.383434e+00 -8.604766e+00 -1.999143e+00 5.994447e-02 2.246823e-01 -1.112329e+00 4.738833e-01 5.889568e-01 4.456391e-01 9.923413e-01 1.208637e+00 3.122521e-01 1.534452e-01 1.879684e-01 -6.246153e-02 3.685420e-01 2.226229e-01 -5.186342e-02 1.260670e-01 3.295237e-01 2.721517e-01 -1.492726e-01 -2.277077e-01 1.268811e-01 9.416480e-02 -5.302032e-02 3.577355e-01 4.628020e-01 1.541405e-01 -2.001702e-01 2.808964e-03
<VARIANCE> 39
 1.052676e+01 6.813868e+00 8.867645e+00 8.726332e+00 1.277046e+01 6.134751e+00 1.009744e+01 1.131627e+01 5.249088e+00 3.510630e+00 8.049429e+00 7.266075e+00 5.000000e-02 5.910006e-01 1.247690e+00 1.213745e+00 1.515169e+00 9.483546e-01 4.569490e-01 4.536115e-01 1.016324e+00 1.379889e+00 3.223181e-01 1.441244e+00 1.775575e+00 5.000000e-02 5.000000e-02 6.627334e-02 1.027373e-01 9.207043e-02 3.876535e-01 9.736540e-02 2.560869e-01 7.034208e-01 5.000000e-02 2.492779e-01 3.005024e-01 9.444154e-02 5.000000e-02
<GCONST> 6.290898e+01
<STATE> 35
<MEAN> 39
 -4.548295e+00 -1.938934e+01 -5.320291e+00 1.008788e+00 -1.768609e+00 -5.701533e+00 4.478753e+00 -1.097720e+00 -1.904292e+00 -6.652785e+00 -2.957042e+00 -2.787838e+00 1.349552e-01 -6.807374e-01 1.212901e+00 4.760324e-01 -2.315372e-01 -6.556330e-02 3.433887e-02 1.469072e-01 3.280938e-01 7.864130e-01 7.261898e-01 7.372097e-01 5.139030e-01 -4.319282e-02 3.808682e-01 4.307715e-01 2.113623e-01 -2.720810e-01 -2.477599e-01 -1.946012e-01 2.709714e-02 1.026652e-01 6.644656e-02 -7.574946e-02 -2.348727e-02 -2.454761e-02 1.007171e-02
<VARIANCE> 39
 1.809674e+00 1.094342e+01 5.526971e+00 5.559880e+00 1.046185e+01 6.219810e+00 2.010561e+01 1.633317e+01 2.037101e+01 3.985752e+00 8.765348e+00 1.430240e+01 5.000000e-02 3.811727e-01 1.321344e+00 8.604549e-01 4.940856e-01 7.454780e-01 6.479856e-01 1.632968e+00 4.884696e+00 4.094388e-01 6.402686e-01 1.566156e+00 1.413873e+00 5.000000e-02 5.000000e-02 5.222300e-02 2.225518e-01 2.338596e-01 9.354501e-02 9.466923e-02 2.014058e-01 4.350627e-01 2.771681e-01 8.128334e-02 4.133006e-01 4.210030e-01 5.000000e-02
<GCONST> 6.595605e+01
<STATE> 36
<MEAN> 39
 -5.354928e+00 -1.616621e+01 -4.404021e+00 -3.864233e-01 -3.874588e+00 -7.827289e+00 6.206035e+00 1.181619e+00 1.208761e+00 -5.649542e+00 -1.301000e+00 2.916682e-01 7.127456e-02 1.047132e-01 1.891654e+00 1.101254e+00 -4.136343e-01 1.778875e-01 -2.699113e-01 -3.119908e-01 3.351551e-02 1.819250e-01 5.418080e-02 5.972663e-01 5.016071e-01 -1.823414e-02 1.395578e-01 5.216210e-02 1.321968e-01 4.414735e-02 3.041306e-01 3.212770e-01 -1.400543e-01 -2.733646e-01 -3.825775e-01 -7.781567e-02 5.021807e-02 -1.444871e-01 9.078465e-03
<VARIANCE> 39
 2.102059e+00 1.183738e+01 3.221727e+00 1.421692e+00 9.822883e+00 6.838403e+00 7.276227e+00 1.863922e+01 7.467821e+00 3.584268e+00 1.511866e+01 1.387432e+01 5.000000e-02 7.475585e-02 3.378476e-01 2.607332e-01 6.801387e-01 2.377508e-01 6.987031e-01 4.851348e-01 2.057558e+00 2.168057e+00 1.110428e+00 2.098640e+00 1.189189e+00 5.000000e-02 5.000000e-02 2.528922e-01 2.231324e-01 5.000000e-02 9.916057e-02 2.182660e-01 2.529313e-01 5.259742e-01 1.208627e-01 6.990771e-02 2.357377e-01 1.471573e-01 5.000000e-02
<GCONST> 5.691268e+01
<STATE> 37
<MEAN> 39
 -3.538310e+00 -1.199572e+01 -2.335688e+00 -1.091862e+00 -7.538496e-01 -5.042583e+00 4.640893e+00 -1.882668e+00 -1.033695e-01 -5.523105e+00 1.383233e+00 6.180385e-01 9.600846e-02 2.117952e-02 1.046091e+00 5.361907e-01 -2.606030e-01 8.257135e-01 1.178902e+00 1.299125e-01 3.999615e-01 -4.570161e-01 1.869488e-01 8.729630e-01 1.058447e-01 -1.012538e-02 -2.157685e-01 -5.813664e-01 -3.113763e-01 1.266474e-01 1.256974e-01 1.756847e-01 -5.279912e-02 6.954926e-02 -2.666781e-01 -1.149667e-01 -2.069421e-01 -3.049456e-01 -8.106742e-04
<VARIANCE> 39
 9.597502e-01 1.011108e+01 5.654535e+00 7.694707e+00 4.302945e+00 1.402366e+01 2.542633e+00 1.128538e+01 5.261158e+00 1.089410e+01 6.653150e+00 5.002565e+00 5.000000e-02 2.794828e-01 1.180904e+00 1.201617e+00 9.242845e-02 1.406356e+00 7.307988e-01 1.020648e+00 3.372867e-01 3.821048e-01 5.358148e-01 7.923794e-01 5.298206e-01 5.000000e-02 5.000000e-02 1.808687e-01 5.162245e-02 1.367032e-01 5.425062e-02 2.477000e-01 5.000000e-02 5.758770e-01 2.519870e-01 3.232739e-01 1.900662e-01 1.219490e-01 5.000000e-02
<GCONST> 5.315789e+01
<STATE> 38
<MEAN> 39
 -5.141863e+00 -1.123749e+01 -3.017706e-01 -6.035531e-01 1.581012e-01 -3.991913e+00 5.509287e+00 1.499762e+00 -1.187092e+00 -5.532425e+00 9.753949e-01 3.561035e-01 4.955067e-02 -6.032570e-01 5.334901e-01 -1.983401e-03 -4.098235e-01 4.290851e-01 1.181953e+00 -2.996038e-01 -7.029781e-01 -4.087839e-01 2.523651e-01 5.466257e-01 -8.664231e-02 -2.060491e-02 -1.071678e-01 -4.033433e-01 -4.223384e-01 1.752709e-02 -3.087811e-01 -2.717299e-01 -5.421437e-02 -3.023184e-01 2.350211e-01 2.932506e-01 1.748478e-02 -4.576107e-02 -2.633176e-03
<VARIANCE> 39
 9.529462e-01 2.747874e+00 1.172176e+01 3.483780e+00 5.713274e+00 7.807759e+00 3.967040e+00 5.258658e+00 2.133581e+00 7.577355e+00 1.351464e+01 5.730946e+00 5.000000e-02 1.106599e-01 1.295247e+00 7.835661e-01 4.924840e-01 6.857482e-01 6.389151e-01 3.538795e-01 1.123532e+00 8.392864e-01 8.619179e-01 7.031054e-01 1.355864e-01 5.000000e-02 6.493379e-02 5.091677e-02 1.829589e-01 1.052972e-01 1.836558e-01 1.375605e-01 5.000000e-02 7.218342e-02 1.110718e-01 1.477378e-01 1.681859e-01 5.000000e-02 5.000000e-02
<GCONST> 4.616172e+01
<STATE> 39
<MEAN> 39
 -6.611620e+00 -1.295798e+01 -3.419691e+00 -2.031500e+00 -3.278513e-01 -2.386144e+00 1.713807e+00 -3.892672e+00 -1.392630e+00 -6.417811e+00 1.134743e+00 -1.775757e-01 1.773641e-02 -5.519610e-01 -1.542844e-01 -5.336812e-01 -6.585003e-03 -3.647474e-02 -6.617979e-02 -1.070165e-01 -9.781690e-01 2.788580e-01 1.160418e+00 8.546193e-01 -1.871759e-01 -2.241747e-02 1.393165e-01 2.532612e-03 8.337690e-02 2.927284e-01 -5.036483e-02 -6.264613e-01 4.860107e-02 2.180640e-01 2.661244e-01 1.727476e-01 -2.999450e-01 -7.424874e-02 2.373350e-03
<VARIANCE> 39
 1.619658e-01 3.875979e-01 5.425461e+00 9.546955e-01 1.160547e+01 7.680191e+00 1.713531e+00 6.731814e+00 5.742590e-01 3.620648e+00 4.222661e+00 1.814518e+00 5.000000e-02 2.884650e-01 3.976995e-01 4.149027e-01 1.046911e+00 4.537050e-01 4.398516e-01 1.826353e-01 2.419941e+00 4.910145e-01 7.043090e-01 1.012214e+00 2.634788e-01 5.000000e-02 5.000000e-02 5.416629e-02 8.114543e-02 5.000000e-02 2.247972e-01 1.406802e-01 5.000000e-02 8.908962e-02 5.000000e-02 1.065046e-01 5.000000e-02 5.000000e-02 5.000000e-02
<GCONST> 3.194655e+01
<TRANSP> 40
 0.000000e+00 1.000000e+00 0.000000e+00 0.000000e+00 0.000000e+00 0.000000e+00 0.000000e+00 0.000000e+00 0.000000e+00 0.000000e+00 0.000000e+00 0.000000e+00 0.000000e+00 0.000000e+00 0.000000e+00 0.000000e+00 0.000000e+00 0.000000e+00 0.000000e+00 0.000000e+00 0.000000e+00 0.000000e+00 0.000000e+00 0.000000e+00 0.000000e+00 0.000000e+00 0.000000e+00 0.000000e+00 0.000000e+00 0.000000e+00 0.000000e+00 0.000000e+00 0.000000e+00 0.000000e+00 0.000000e+00 0.000000e+00 0.000000e+00 0.000000e+00 0.000000e+00 0.000000e+00
 0.000000e+00 3.040337e-01 6.959664e-01 0.000000e+00 0.000000e+00 0.000000e+00 0.000000e+00 0.000000e+00 0.000000e+00 0.000000e+00 0.000000e+00 0.000000e+00 0.000000e+00 0.000000e+00 0.000000e+00 0.000000e+00 0.000000e+00 0.000000e+00 0.000000e+00 0.000000e+00 0.000000e+00 0.000000e+00 0.000000e+00 0.000000e+00 0.000000e+00 0.000000e+00 0.000000e+00 0.000000e+00 0.000000e+00 0.000000e+00 0.000000e+00 0.000000e+00 0.000000e+00 0.000000e+00 0.000000e+00 0.000000e+00 0.000000e+00 0.000000e+00 0.000000e+00 0.000000e+00
 0.000000e+00 0.000000e+00 2.857044e-01 7.142956e-01 0.000000e+00 0.000000e+00 0.000000e+00 0.000000e+00 0.000000e+00 0.000000e+00 0.000000e+00 0.000000e+00 0.000000e+00 0.000000e+00 0.000000e+00 0.000000e+00 0.000000e+00 0.000000e+00 0.000000e+00 0.000000e+00 0.000000e+00 0.000000e+00 0.000000e+00 0.000000e+00 0.000000e+00 0.000000e+00 0.000000e+00 0.000000e+00 0.000000e+00 0.000000e+00 0.000000e+00 0.000000e+00 0.000000e+00 0.000000e+00 0.000000e+00 0.000000e+00 0.000000e+00 0.000000e+00 0.000000e+00 0.000000e+00
 0.000000e+00 0.000000e+00 0.000000e+00 3.749797e-01 6.250203e-01 0.000000e+00 0.000000e+00 0.000000e+00 0.000000e+00 0.000000e+00 0.000000e+00 0.000000e+00 0.000000e+00 0.000000e+00 0.000000e+00 0.000000e+00 0.000000e+00 0.000000e+00 0.000000e+00 0.000000e+00 0.000000e+00 0.000000e+00 0.000000e+00 0.000000e+00 0.000000e+00 0.000000e+00 0.000000e+00 0.000000e+00 0.000000e+00 0.000000e+00 0.000000e+00 0.000000e+00 0.000000e+00 0.000000e+00 0.000000e+00 0.000000e+00 0.000000e+00 0.000000e+00 0.000000e+00 0.000000e+00
 0.000000e+00 0.000000e+00 0.000000e+00 0.000000e+00 1.673519e-01 8.326482e-01 0.000000e+00 0.000000e+00 0.000000e+00 0.000000e+00 0.000000e+00 0.000000e+00 0.000000e+00 0.000000e+00 0.000000e+00 0.000000e+00 0.000000e+00 0.000000e+00 0.000000e+00 0.000000e+00 0.000000e+00 0.000000e+00 0.000000e+00 0.000000e+00 0.000000e+00 0.000000e+00 0.000000e+00 0.000000e+00 0.000000e+00 0.000000e+00 0.000000e+00 0.000000e+00 0.000000e+00 0.000000e+00 0.000000e+00 0.000000e+00 0.000000e+00 0.000000e+00 0.000000e+00 0.000000e+00
 0.000000e+00 0.000000e+00 0.000000e+00 0.000000e+00 0.000000e+00 3.746002e-01 6.253998e-01 0.000000e+00 0.000000e+00 0.000000e+00 0.000000e+00 0.000000e+00 0.000000e+00 0.000000e+00 0.000000e+00 0.000000e+00 0.000000e+00 0.000000e+00 0.000000e+00 0.000000e+00 0.000000e+00 0.000000e+00 0.000000e+00 0.000000e+00 0.000000e+00 0.000000e+00 0.000000e+00 0.000000e+00 0.000000e+00 0.000000e+00 0.000000e+00 0.000000e+00 0.000000e+00 0.000000e+00 0.000000e+00 0.000000e+00 0.000000e+00 0.000000e+00 0.000000e+00 0.000000e+00
 0.000000e+00 0.000000e+00 0.000000e+00 0.000000e+00 0.000000e+00 0.000000e+00 2.857492e-01 7.142508e-01 0.000000e+00 0.000000e+00 0.000000e+00 0.000000e+00 0.000000e+00 0.000000e+00 0.000000e+00 0.000000e+00 0.000000e+00 0.000000e+00 0.000000e+00 0.000000e+00 0.000000e+00 0.000000e+00 0.000000e+00 0.000000e+00 0.000000e+00 0.000000e+00 0.000000e+00 0.000000e+00 0.000000e+00 0.000000e+00 0.000000e+00 0.000000e+00 0.000000e+00 0.000000e+00 0.000000e+00 0.000000e+00 0.000000e+00 0.000000e+00 0.000000e+00 0.000000e+00
 0.000000e+00 0.000000e+00 0.000000e+00 0.000000e+00 0.000000e+00 0.000000e+00 0.000000e+00 1.666787e-01 8.333213e-01 0.000000e+00 0.000000e+00 0.000000e+00 0.000000e+00 0.000000e+00 0.000000e+00 0.000000e+00 0.000000e+00 0.000000e+00 0.000000e+00 0.000000e+00 0.000000e+00 0.000000e+00 0.000000e+00 0.000000e+00 0.000000e+00 0.000000e+00 0.000000e+00 0.000000e+00 0.000000e+00 0.000000e+00 0.000000e+00 0.000000e+00 0.000000e+00 0.000000e+00 0.000000e+00 0.000000e+00 0.000000e+00 0.000000e+00 0.000000e+00 0.000000e+00
 0.000000e+00 0.000000e+00 0.000000e+00 0.000000e+00 0.000000e+00 0.000000e+00 0.000000e+00 0.000000e+00 3.753806e-01 6.246194e-01 0.000000e+00 0.000000e+00 0.000000e+00 0.000000e+00 0.000000e+00 0.000000e+00 0.000000e+00 0.000000e+00 0.000000e+00 0.000000e+00 0.000000e+00 0.000000e+00 0.000000e+00 0.000000e+00 0.000000e+00 0.000000e+00 0.000000e+00 0.000000e+00 0.000000e+00 0.000000e+00 0.000000e+00 0.000000e+00 0.000000e+00 0.000000e+00 0.000000e+00 0.000000e+00 0.000000e+00 0.000000e+00 0.000000e+00 0.000000e+00
 0.000000e+00 0.000000e+00 0.000000e+00 0.000000e+00 0.000000e+00 0.000000e+00 0.000000e+00 0.000000e+00 0.000000e+00 5.000249e-01 4.999751e-01 0.000000e+00 0.000000e+00 0.000000e+00 0.000000e+00 0.000000e+00 0.000000e+00 0.000000e+00 0.000000e+00 0.000000e+00 0.000000e+00 0.000000e+00 0.000000e+00 0.000000e+00 0.000000e+00 0.000000e+00 0.000000e+00 0.000000e+00 0.000000e+00 0.000000e+00 0.000000e+00 0.000000e+00 0.000000e+00 0.000000e+00 0.000000e+00 0.000000e+00 0.000000e+00 0.000000e+00 0.000000e+00 0.000000e+00
 0.000000e+00 0.000000e+00 0.000000e+00 0.000000e+00 0.000000e+00 0.000000e+00 0.000000e+00 0.000000e+00 0.000000e+00 0.000000e+00 4.443400e-01 5.556601e-01 0.000000e+00 0.000000e+00 0.000000e+00 0.000000e+00 0.000000e+00 0.000000e+00 0.000000e+00 0.000000e+00 0.000000e+00 0.000000e+00 0.000000e+00 0.000000e+00 0.000000e+00 0.000000e+00 0.000000e+00 0.000000e+00 0.000000e+00 0.000000e+00 0.000000e+00 0.000000e+00 0.000000e+00 0.000000e+00 0.000000e+00 0.000000e+00 0.000000e+00 0.000000e+00 0.000000e+00 0.000000e+00
 0.000000e+00 0.000000e+00 0.000000e+00 0.000000e+00 0.000000e+00 0.000000e+00 0.000000e+00 0.000000e+00 0.000000e+00 0.000000e+00 0.000000e+00 4.444512e-01 5.555488e-01 0.000000e+00 0.000000e+00 0.000000e+00 0.000000e+00 0.000000e+00 0.000000e+00 0.000000e+00 0.000000e+00 0.000000e+00 0.000000e+00 0.000000e+00 0.000000e+00 0.000000e+00 0.000000e+00 0.000000e+00 0.000000e+00 0.000000e+00 0.000000e+00 0.000000e+00 0.000000e+00 0.000000e+00 0.000000e+00 0.000000e+00 0.000000e+00 0.000000e+00 0.000000e+00 0.000000e+00
 0.000000e+00 0.000000e+00 0.000000e+00 0.000000e+00 0.000000e+00 0.000000e+00 0.000000e+00 0.000000e+00 0.000000e+00 0.000000e+00 0.000000e+00 0.000000e+00 3.753851e-01 6.246149e-01 0.000000e+00 0.000000e+00 0.000000e+00 0.000000e+00 0.000000e+00 0.000000e+00 0.000000e+00 0.000000e+00 0.000000e+00 0.000000e+00 0.000000e+00 0.000000e+00 0.000000e+00 0.000000e+00 0.000000e+00 0.000000e+00 0.000000e+00 0.000000e+00 0.000000e+00 0.000000e+00 0.000000e+00 0.000000e+00 0.000000e+00 0.000000e+00 0.000000e+00 0.000000e+00
 0.000000e+00 0.000000e+00 0.000000e+00 0.000000e+00 0.000000e+00 0.000000e+00 0.000000e+00 0.000000e+00 0.000000e+00 0.000000e+00 0.000000e+00 0.000000e+00 0.000000e+00 4.435913e-01 5.564088e-01 0.000000e+00 0.000000e+00 0.000000e+00 0.000000e+00 0.000000e+00 0.000000e+00 0.000000e+00 0.000000e+00 0.000000e+00 0.000000e+00 0.000000e+00 0.000000e+00 0.000000e+00 0.000000e+00 0.000000e+00 0.000000e+00 0.000000e+00 0.000000e+00 0.000000e+00 0.000000e+00 0.000000e+00 0.000000e+00 0.000000e+00 0.000000e+00 0.000000e+00
 0.000000e+00 0.000000e+00 0.000000e+00 0.000000e+00 0.000000e+00 0.000000e+00 0.000000e+00 0.000000e+00 0.000000e+00 0.000000e+00 0.000000e+00 0.000000e+00 0.000000e+00 0.000000e+00 1.678805e-01 8.321195e-01 0.000000e+00 0.000000e+00 0.000000e+00 0.000000e+00 0.000000e+00 0.000000e+00 0.000000e+00 0.000000e+00 0.000000e+00 0.000000e+00 0.000000e+00 0.000000e+00 0.000000e+00 0.000000e+00 0.000000e+00 0.000000e+00 0.000000e+00 0.000000e+00 0.000000e+00 0.000000e+00 0.000000e+00 0.000000e+00 0.000000e+00 0.000000e+00
 0.000000e+00 0.000000e+00 0.000000e+00 0.000000e+00 0.000000e+00 0.000000e+00 0.000000e+00 0.000000e+00 0.000000e+00 0.000000e+00 0.000000e+00 0.000000e+00 0.000000e+00 0.000000e+00 0.000000e+00 3.739278e-01 6.260722e-01 0.000000e+00 0.000000e+00 0.000000e+00 0.000000e+00 0.000000e+00 0.000000e+00 0.000000e+00 0.000000e+00 0.000000e+00 0.000000e+00 0.000000e+00 0.000000e+00 0.000000e+00 0.000000e+00 0.000000e+00 0.000000e+00 0.000000e+00 0.000000e+00 0.000000e+00 0.000000e+00 0.000000e+00 0.000000e+00 0.000000e+00
 0.000000e+00 0.000000e+00 0.000000e+00 0.000000e+00 0.000000e+00 0.000000e+00 0.000000e+00 0.000000e+00 0.000000e+00 0.000000e+00 0.000000e+00 0.000000e+00 0.000000e+00 0.000000e+00 0.000000e+00 0.000000e+00 2.850061e-01 7.149938e-01 0.000000e+00 0.000000e+00 0.000000e+00 0.000000e+00 0.000000e+00 0.000000e+00 0.000000e+00 0.000000e+00 0.000000e+00 0.000000e+00 0.000000e+00 0.000000e+00 0.000000e+00 0.000000e+00 0.000000e+00 0.000000e+00 0.000000e+00 0.000000e+00 0.000000e+00 0.000000e+00 0.000000e+00 0.000000e+00
 0.000000e+00 0.000000e+00 0.000000e+00 0.000000e+00 0.000000e+00 0.000000e+00 0.000000e+00 0.000000e+00 0.000000e+00 0.000000e+00 0.000000e+00 0.000000e+00 0.000000e+00 0.000000e+00 0.000000e+00 0.000000e+00 0.000000e+00 3.752016e-01 6.247984e-01 0.000000e+00 0.000000e+00 0.000000e+00 0.000000e+00 0.000000e+00 0.000000e+00 0.000000e+00 0.000000e+00 0.000000e+00 0.000000e+00 0.000000e+00 0.000000e+00 0.000000e+00 0.000000e+00 0.000000e+00 0.000000e+00 0.000000e+00 0.000000e+00 0.000000e+00 0.000000e+00 0.000000e+00
 0.000000e+00 0.000000e+00 0.000000e+00 0.000000e+00 0.000000e+00 0.000000e+00 0.000000e+00 0.000000e+00 0.000000e+00 0.000000e+00 0.000000e+00 0.000000e+00 0.000000e+00 0.000000e+00 0.000000e+00 0.000000e+00 0.000000e+00 0.000000e+00 1.907081e-01 8.092920e-01 0.000000e+00 0.000000e+00 0.000000e+00 0.000000e+00 0.000000e+00 0.000000e+00 0.000000e+00 0.000000e+00 0.000000e+00 0.000000e+00 0.000000e+00 0.000000e+00 0.000000e+00 0.000000e+00 0.000000e+00 0.000000e+00 0.000000e+00 0.000000e+00 0.000000e+00 0.000000e+00
 0.000000e+00 0.000000e+00 0.000000e+00 0.000000e+00 0.000000e+00 0.000000e+00 0.000000e+00 0.000000e+00 0.000000e+00 0.000000e+00 0.000000e+00 0.000000e+00 0.000000e+00 0.000000e+00 0.000000e+00 0.000000e+00 0.000000e+00 0.000000e+00 0.000000e+00 3.779534e-01 6.220465e-01 0.000000e+00 0.000000e+00 0.000000e+00 0.000000e+00 0.000000e+00 0.000000e+00 0.000000e+00 0.000000e+00 0.000000e+00 0.000000e+00 0.000000e+00 0.000000e+00 0.000000e+00 0.000000e+00 0.000000e+00 0.000000e+00 0.000000e+00 0.000000e+00 0.000000e+00
 0.000000e+00 0.000000e+00 0.000000e+00 0.000000e+00 0.000000e+00 0.000000e+00 0.000000e+00 0.000000e+00 0.000000e+00 0.000000e+00 0.000000e+00 0.000000e+00 0.000000e+00 0.000000e+00 0.000000e+00 0.000000e+00 0.000000e+00 0.000000e+00 0.000000e+00 0.000000e+00 4.317293e-01 5.682706e-01 0.000000e+00 0.000000e+00 0.000000e+00 0.000000e+00 0.000000e+00 0.000000e+00 0.000000e+00 0.000000e+00 0.000000e+00 0.000000e+00 0.000000e+00 0.000000e+00 0.000000e+00 0.000000e+00 0.000000e+00 0.000000e+00 0.000000e+00 0.000000e+00
 0.000000e+00 0.000000e+00 0.000000e+00 0.000000e+00 0.000000e+00 0.000000e+00 0.000000e+00 0.000000e+00 0.000000e+00 0.000000e+00 0.000000e+00 0.000000e+00 0.000000e+00 0.000000e+00 0.000000e+00 0.000000e+00 0.000000e+00 0.000000e+00 0.000000e+00 0.000000e+00 0.000000e+00 2.860677e-01 7.139323e-01 0.000000e+00 0.000000e+00 0.000000e+00 0.000000e+00 0.000000e+00 0.000000e+00 0.000000e+00 0.000000e+00 0.000000e+00 0.000000e+00 0.000000e+00 0.000000e+00 0.000000e+00 0.000000e+00 0.000000e+00 0.000000e+00 0.000000e+00
 0.000000e+00 0.000000e+00 0.000000e+00 0.000000e+00 0.000000e+00 0.000000e+00 0.000000e+00 0.000000e+00 0.000000e+00 0.000000e+00 0.000000e+00 0.000000e+00 0.000000e+00 0.000000e+00 0.000000e+00 0.000000e+00 0.000000e+00 0.000000e+00 0.000000e+00 0.000000e+00 0.000000e+00 0.000000e+00 3.732199e-01 6.267801e-01 0.000000e+00 0.000000e+00 0.000000e+00 0.000000e+00 0.000000e+00 0.000000e+00 0.000000e+00 0.000000e+00 0.000000e+00 0.000000e+00 0.000000e+00 0.000000e+00 0.000000e+00 0.000000e+00 0.000000e+00 0.000000e+00
 0.000000e+00 0.000000e+00 0.000000e+00 0.000000e+00 0.000000e+00 0.000000e+00 0.000000e+00 0.000000e+00 0.000000e+00 0.000000e+00 0.000000e+00 0.000000e+00 0.000000e+00 0.000000e+00 0.000000e+00 0.000000e+00 0.000000e+00 0.000000e+00 0.000000e+00 0.000000e+00 0.000000e+00 0.000000e+00 0.000000e+00 4.445662e-01 5.554338e-01 0.000000e+00 0.000000e+00 0.000000e+00 0.000000e+00 0.000000e+00 0.000000e+00 0.000000e+00 0.000000e+00 0.000000e+00 0.000000e+00 0.000000e+00 0.000000e+00 0.000000e+00 0.000000e+00 0.000000e+00
 0.000000e+00 0.000000e+00 0.000000e+00 0.000000e+00 0.000000e+00 0.000000e+00 0.000000e+00 0.000000e+00 0.000000e+00 0.000000e+00 0.000000e+00 0.000000e+00 0.000000e+00 0.000000e+00 0.000000e+00 0.000000e+00 0.000000e+00 0.000000e+00 0.000000e+00 0.000000e+00 0.000000e+00 0.000000e+00 0.000000e+00 0.000000e+00 1.692262e-01 8.307738e-01 0.000000e+00 0.000000e+00 0.000000e+00 0.000000e+00 0.000000e+00 0.000000e+00 0.000000e+00 0.000000e+00 0.000000e+00 0.000000e+00 0.000000e+00 0.000000e+00 0.000000e+00 0.000000e+00
 0.000000e+00 0.000000e+00 0.000000e+00 0.000000e+00 0.000000e+00 0.000000e+00 0.000000e+00 0.000000e+00 0.000000e+00 0.000000e+00 0.000000e+00 0.000000e+00 0.000000e+00 0.000000e+00 0.000000e+00 0.000000e+00 0.000000e+00 0.000000e+00 0.000000e+00 0.000000e+00 0.000000e+00 0.000000e+00 0.000000e+00 0.000000e+00 0.000000e+00 4.443421e-01 5.556579e-01 0.000000e+00 0.000000e+00 0.000000e+00 0.000000e+00 0.000000e+00 0.000000e+00 0.000000e+00 0.000000e+00 0.000000e+00 0.000000e+00 0.000000e+00 0.000000e+00 0.000000e+00
 0.000000e+00 0.000000e+00 0.000000e+00 0.000000e+00 0.000000e+00 0.000000e+00 0.000000e+00 0.000000e+00 0.000000e+00 0.000000e+00 0.000000e+00 0.000000e+00 0.000000e+00 0.000000e+00 0.000000e+00 0.000000e+00 0.000000e+00 0.000000e+00 0.000000e+00 0.000000e+00 0.000000e+00 0.000000e+00 0.000000e+00 0.000000e+00 0.000000e+00 0.000000e+00 1.665931e-01 8.334069e-01 0.000000e+00 0.000000e+00 0.000000e+00 0.000000e+00 0.000000e+00 0.000000e+00 0.000000e+00 0.000000e+00 0.000000e+00 0.000000e+00 0.000000e+00 0.000000e+00
 0.000000e+00 0.000000e+00 0.000000e+00 0.000000e+00 0.000000e+00 0.000000e+00 0.000000e+00 0.000000e+00 0.000000e+00 0.000000e+00 0.000000e+00 0.000000e+00 0.000000e+00 0.000000e+00 0.000000e+00 0.000000e+00 0.000000e+00 0.000000e+00 0.000000e+00 0.000000e+00 0.000000e+00 0.000000e+00 0.000000e+00 0.000000e+00 0.000000e+00 0.000000e+00 0.000000e+00 2.857930e-01 7.142070e-01 0.000000e+00 0.000000e+00 0.000000e+00 0.000000e+00 0.000000e+00 0.000000e+00 0.000000e+00 0.000000e+00 0.000000e+00 0.000000e+00 0.000000e+00
 0.000000e+00 0.000000e+00 0.000000e+00 0.000000e+00 0.000000e+00 0.000000e+00 0.000000e+00 0.000000e+00 0.000000e+00 0.000000e+00 0.000000e+00 0.000000e+00 0.000000e+00 0.000000e+00 0.000000e+00 0.000000e+00 0.000000e+00 0.000000e+00 0.000000e+00 0.000000e+00 0.000000e+00 0.000000e+00 0.000000e+00 0.000000e+00 0.000000e+00 0.000000e+00 0.000000e+00 0.000000e+00 3.754787e-01 6.245214e-01 0.000000e+00 0.000000e+00 0.000000e+00 0.000000e+00 0.000000e+00 0.000000e+00 0.000000e+00 0.000000e+00 0.000000e+00 0.000000e+00
 0.000000e+00 0.000000e+00 0.000000e+00 0.000000e+00 0.000000e+00 0.000000e+00 0.000000e+00 0.000000e+00 0.000000e+00 0.000000e+00 0.000000e+00 0.000000e+00 0.000000e+00 0.000000e+00 0.000000e+00 0.000000e+00 0.000000e+00 0.000000e+00 0.000000e+00 0.000000e+00 0.000000e+00 0.000000e+00 0.000000e+00 0.000000e+00 0.000000e+00 0.000000e+00 0.000000e+00 0.000000e+00 0.000000e+00 4.440618e-01 5.559382e-01 0.000000e+00 0.000000e+00 0.000000e+00 0.000000e+00 0.000000e+00 0.000000e+00 0.000000e+00 0.000000e+00 0.000000e+00
 0.000000e+00 0.000000e+00 0.000000e+00 0.000000e+00 0.000000e+00 0.000000e+00 0.000000e+00 0.000000e+00 0.000000e+00 0.000000e+00 0.000000e+00 0.000000e+00 0.000000e+00 0.000000e+00 0.000000e+00 0.000000e+00 0.000000e+00 0.000000e+00 0.000000e+00 0.000000e+00 0.000000e+00 0.000000e+00 0.000000e+00 0.000000e+00 0.000000e+00 0.000000e+00 0.000000e+00 0.000000e+00 0.000000e+00 0.000000e+00 2.857206e-01 7.142794e-01 0.000000e+00 0.000000e+00 0.000000e+00 0.000000e+00 0.000000e+00 0.000000e+00 0.000000e+00 0.000000e+00
 0.000000e+00 0.000000e+00 0.000000e+00 0.000000e+00 0.000000e+00 0.000000e+00 0.000000e+00 0.000000e+00 0.000000e+00 0.000000e+00 0.000000e+00 0.000000e+00 0.000000e+00 0.000000e+00 0.000000e+00 0.000000e+00 0.000000e+00 0.000000e+00 0.000000e+00 0.000000e+00 0.000000e+00 0.000000e+00 0.000000e+00 0.000000e+00 0.000000e+00 0.000000e+00 0.000000e+00 0.000000e+00 0.000000e+00 0.000000e+00 0.000000e+00 2.855894e-01 7.144106e-01 0.000000e+00 0.000000e+00 0.000000e+00 0.000000e+00 0.000000e+00 0.000000e+00 0.000000e+00
 0.000000e+00 0.000000e+00 0.000000e+00 0.000000e+00 0.000000e+00 0.000000e+00 0.000000e+00 0.000000e+00 0.000000e+00 0.000000e+00 0.000000e+00 0.000000e+00 0.000000e+00 0.000000e+00 0.000000e+00 0.000000e+00 0.000000e+00 0.000000e+00 0.000000e+00 0.000000e+00 0.000000e+00 0.000000e+00 0.000000e+00 0.000000e+00 0.000000e+00 0.000000e+00 0.000000e+00 0.000000e+00 0.000000e+00 0.000000e+00 0.000000e+00 0.000000e+00 2.872914e-01 7.127086e-01 0.000000e+00 0.000000e+00 0.000000e+00 0.000000e+00 0.000000e+00 0.000000e+00
 0.000000e+00 0.000000e+00 0.000000e+00 0.000000e+00 0.000000e+00 0.000000e+00 0.000000e+00 0.000000e+00 0.000000e+00 0.000000e+00 0.000000e+00 0.000000e+00 0.000000e+00 0.000000e+00 0.000000e+00 0.000000e+00 0.000000e+00 0.000000e+00 0.000000e+00 0.000000e+00 0.000000e+00 0.000000e+00 0.000000e+00 0.000000e+00 0.000000e+00 0.000000e+00 0.000000e+00 0.000000e+00 0.000000e+00 0.000000e+00 0.000000e+00 0.000000e+00 0.000000e+00 3.751552e-01 6.248448e-01 0.000000e+00 0.000000e+00 0.000000e+00 0.000000e+00 0.000000e+00
 0.000000e+00 0.000000e+00 0.000000e+00 0.000000e+00 0.000000e+00 0.000000e+00 0.000000e+00 0.000000e+00 0.000000e+00 0.000000e+00 0.000000e+00 0.000000e+00 0.000000e+00 0.000000e+00 0.000000e+00 0.000000e+00 0.000000e+00 0.000000e+00 0.000000e+00 0.000000e+00 0.000000e+00 0.000000e+00 0.000000e+00 0.000000e+00 0.000000e+00 0.000000e+00 0.000000e+00 0.000000e+00 0.000000e+00 0.000000e+00 0.000000e+00 0.000000e+00 0.000000e+00 0.000000e+00 4.434821e-01 5.565180e-01 0.000000e+00 0.000000e+00 0.000000e+00 0.000000e+00
 0.000000e+00 0.000000e+00 0.000000e+00 0.000000e+00 0.000000e+00 0.000000e+00 0.000000e+00 0.000000e+00 0.000000e+00 0.000000e+00 0.000000e+00 0.000000e+00 0.000000e+00 0.000000e+00 0.000000e+00 0.000000e+00 0.000000e+00 0.000000e+00 0.000000e+00 0.000000e+00 0.000000e+00 0.000000e+00 0.000000e+00 0.000000e+00 0.000000e+00 0.000000e+00 0.000000e+00 0.000000e+00 0.000000e+00 0.000000e+00 0.000000e+00 0.000000e+00 0.000000e+00 0.000000e+00 0.000000e+00 3.750747e-01 6.249253e-01 0.000000e+00 0.000000e+00 0.000000e+00
 0.000000e+00 0.000000e+00 0.000000e+00 0.000000e+00 0.000000e+00 0.000000e+00 0.000000e+00 0.000000e+00 0.000000e+00 0.000000e+00 0.000000e+00 0.000000e+00 0.000000e+00 0.000000e+00 0.000000e+00 0.000000e+00 0.000000e+00 0.000000e+00 0.000000e+00 0.000000e+00 0.000000e+00 0.000000e+00 0.000000e+00 0.000000e+00 0.000000e+00 0.000000e+00 0.000000e+00 0.000000e+00 0.000000e+00 0.000000e+00 0.000000e+00 0.000000e+00 0.000000e+00 0.000000e+00 0.000000e+00 0.000000e+00 2.924093e-01 7.075907e-01 0.000000e+00 0.000000e+00
 0.000000e+00 0.000000e+00 0.000000e+00 0.000000e+00 0.000000e+00 0.000000e+00 0.000000e+00 0.000000e+00 0.000000e+00 0.000000e+00 0.000000e+00 0.000000e+00 0.000000e+00 0.000000e+00 0.000000e+00 0.000000e+00 0.000000e+00 0.000000e+00 0.000000e+00 0.000000e+00 0.000000e+00 0.000000e+00 0.000000e+00 0.000000e+00 0.000000e+00 0.000000e+00 0.000000e+00 0.000000e+00 0.000000e+00 0.000000e+00 0.000000e+00 0.000000e+00 0.000000e+00 0.000000e+00 0.000000e+00 0.000000e+00 0.000000e+00 4.965714e-01 5.034286e-01 0.000000e+00
 0.000000e+00 0.000000e+00 0.000000e+00 0.000000e+00 0.000000e+00 0.000000e+00 0.000000e+00 0.000000e+00 0.000000e+00 0.000000e+00 0.000000e+00 0.000000e+00 0.000000e+00 0.000000e+00 0.000000e+00 0.000000e+00 0.000000e+00 0.000000e+00 0.000000e+00 0.000000e+00 0.000000e+00 0.000000e+00 0.000000e+00 0.000000e+00 0.000000e+00 0.000000e+00 0.000000e+00 0.000000e+00 0.000000e+00 0.000000e+00 0.000000e+00 0.000000e+00 0.000000e+00 0.000000e+00 0.000000e+00 0.000000e+00 0.000000e+00 0.000000e+00 0.000000e+00 1.000000e+00
 0.000000e+00 0.000000e+00 0.000000e+00 0.000000e+00 0.000000e+00 0.000000e+00 0.000000e+00 0.000000e+00 0.000000e+00 0.000000e+00 0.000000e+00 0.000000e+00 0.000000e+00 0.000000e+00 0.000000e+00 0.000000e+00 0.000000e+00 0.000000e+00 0.000000e+00 0.000000e+00 0.000000e+00 0.000000e+00 0.000000e+00 0.000000e+00 0.000000e+00 0.000000e+00 0.000000e+00 0.000000e+00 0.000000e+00 0.000000e+00 0.000000e+00 0.000000e+00 0.000000e+00 0.000000e+00 0.000000e+00 0.000000e+00 0.000000e+00 0.000000e+00 0.000000e+00 0.000000e+00
<ENDHMM>
