~o
<STREAMINFO> 1 39
<VECSIZE> 39<NULLD><MFCC_E_D_A><DIAGC>
~h "Ngu*ng"
<BEGINHMM>
<NUMSTATES> 16
<STATE> 2
<MEAN> 39
 -6.868388e+00 -6.786192e+00 -1.863365e+00 -1.784278e-01 8.942904e-01 -3.933660e+00 1.793290e+00 -2.374721e+00 1.701947e+00 -2.911480e+00 3.713095e+00 -2.953155e+00 1.647903e-01 1.348807e-01 -3.697170e-02 -1.498341e-01 -2.452501e-01 -2.652544e-01 -2.351069e-01 -2.246777e-01 -5.651894e-02 -2.652915e-01 -1.383129e-01 -5.345765e-01 -3.530822e-01 9.838679e-03 1.834921e-01 8.787151e-04 -1.526455e-01 -1.947197e-01 -1.212808e-01 -1.376404e-01 -7.904207e-02 -9.773614e-03 -5.415813e-02 -6.975610e-02 -1.208853e-01 -5.262715e-02 5.547704e-03
<VARIANCE> 39
 1.488566e+01 2.413656e+01 2.228913e+01 1.600201e+01 6.439866e+00 1.184082e+01 1.582293e+01 1.307069e+01 1.193739e+01 6.637414e+00 1.698241e+01 1.102751e+01 5.000000e-02 2.868324e+00 3.431711e+00 3.054349e+00 3.669159e+00 1.393227e+00 7.778980e-01 1.637972e+00 1.974629e+00 1.192806e+00 1.320574e+00 2.862867e+00 1.397501e+00 5.000000e-02 7.520310e-01 7.103026e-01 7.114554e-01 6.916744e-01 2.449961e-01 1.234286e-01 3.940172e-01 4.402074e-01 2.367059e-01 1.679539e-01 5.481411e-01 2.552512e-01 5.000000e-02
<GCONST> 8.974200e+01
<STATE> 3
<MEAN> 39
 3.766032e+00 -7.581187e+00 -6.754499e+00 -9.673674e+00 -3.865003e+00 -5.705011e+00 -1.957531e+00 -6.110848e+00 -4.565973e+00 -7.335192e+00 -5.957451e+00 -6.261747e+00 4.890950e-01 2.171578e+00 -3.856206e-01 -1.773016e+00 -1.021205e+00 -1.142423e+00 -1.498073e+00 -4.114083e-01 -3.912991e-01 -6.819590e-01 -4.824734e-01 -1.629026e+00 -1.374782e-01 8.953568e-02 -8.381525e-01 -2.651924e-01 3.182429e-01 5.485522e-01 3.534637e-01 -3.657332e-01 6.156287e-01 5.202397e-01 2.373146e-01 3.186309e-01 2.090075e-01 4.905270e-01 -9.414044e-03
<VARIANCE> 39
 3.945748e+01 5.826907e+00 1.731470e+01 1.515615e+01 1.174068e+01 8.054679e+00 7.823763e+00 8.971920e+00 4.336330e+00 9.522981e+00 2.362204e+01 3.856456e+00 6.191891e-02 4.333937e+00 1.343951e+00 1.787022e+00 2.202981e+00 7.707940e-01 1.668008e+00 1.819945e+00 1.914341e+00 7.767693e-01 8.007870e-01 1.578089e+00 1.041837e+00 5.000000e-02 1.258168e+00 1.815281e-01 4.028187e-01 1.765277e-01 1.226028e-01 3.797296e-01 8.561127e-02 3.289165e-01 2.762297e-01 3.227758e-01 2.859785e-01 1.587078e-01 5.000000e-02
<GCONST> 7.933200e+01
<STATE> 4
<MEAN> 39
 -5.420375e-01 -1.083270e+01 -9.340025e+00 -8.855494e+00 -4.415252e+00 -1.612072e+01 2.758849e+00 3.276797e-02 -5.046227e+00 -6.472864e+00 -1.109319e+01 -2.755488e+00 7.067899e-01 -3.330101e+00 -6.263360e-01 -2.611866e-01 -3.944256e-01 9.232327e-01 -7.076007e-01 7.196773e-01 2.461555e+00 1.261524e+00 7.310323e-01 -1.557435e+00 3.341086e-01 4.161349e-02 -2.861441e-01 1.132024e-01 1.630500e-02 -1.541054e-01 3.373176e-01 1.318640e+00 -4.298129e-01 9.095410e-02 6.657171e-01 1.763644e-01 2.692137e-01 -1.583803e-01 -2.831335e-03
<VARIANCE> 39
 4.813233e+01 7.421717e+00 2.852480e+01 1.850895e+01 1.834940e+01 3.632215e+01 9.149247e+00 1.631103e+01 2.048778e+01 8.032886e+00 2.709290e+01 7.035151e+00 7.043946e-02 3.035856e+00 1.481224e+00 2.125754e+00 1.046700e+00 9.861375e-01 8.624430e+00 2.411887e+00 7.697440e-01 2.780738e+00 1.897565e+00 5.763271e-01 6.428223e-01 5.000000e-02 1.210713e+00 1.925265e-01 2.016329e-01 1.765365e-01 2.545636e-01 6.588169e-01 2.942241e-01 3.462681e-01 1.939126e-01 2.040241e-01 1.141751e-01 1.761221e-01 5.000000e-02
<GCONST> 8.677625e+01
<STATE> 5
<MEAN> 39
 -8.856730e+00 -1.220444e+01 -9.015638e+00 -9.198871e+00 2.055501e-01 -7.847032e+00 -1.878202e-01 4.520053e+00 3.513118e+00 -3.294941e+00 -1.075303e+01 -3.212684e+00 7.073337e-01 -6.427599e-01 -2.538602e-01 -8.945440e-01 -3.544350e-01 1.149888e+00 1.944242e+00 -8.658661e-01 5.315073e-01 1.585724e+00 1.295828e-01 3.744614e-01 -4.369964e-02 1.535861e-02 4.823897e-01 1.300037e-01 -7.584655e-02 -5.777711e-02 1.212457e-01 -1.012934e-01 -1.125439e-01 -4.583403e-01 -4.880517e-01 -1.884890e-01 3.623011e-01 -4.341226e-02 -1.081346e-02
<VARIANCE> 39
 9.030825e+00 1.019973e+01 5.763486e+01 4.051075e+01 3.221423e+00 8.601009e+00 4.392838e+00 2.552658e+01 9.030196e+00 1.214776e+01 6.901255e+01 2.072641e+00 1.469891e-01 6.228164e-01 3.508061e-01 8.804790e-01 8.573000e-01 1.598870e+00 1.686023e+00 9.630413e-01 6.808184e-01 7.767350e-01 1.230362e+00 3.367350e-01 1.088662e+00 5.000000e-02 3.313021e-01 1.501928e-01 3.229004e-01 7.678922e-02 1.553232e-01 1.847738e-01 2.433407e-01 1.798223e-01 9.958969e-02 2.244745e-01 9.268907e-02 6.124935e-02 5.000000e-02
<GCONST> 6.911809e+01
<STATE> 6
<MEAN> 39
 -7.628629e+00 -1.030335e+01 -4.881428e+00 -6.381678e+00 3.427010e+00 -3.942627e+00 -1.904414e+00 8.698460e-01 3.741183e+00 -3.549220e+00 -2.541050e+00 -3.061387e+00 3.835727e-01 1.810085e-01 1.961184e-01 1.057788e-01 -3.170540e-01 2.111251e-01 2.016028e-01 -3.688641e-01 -3.559949e-01 -8.599076e-02 4.818236e-02 1.678271e-01 -3.151100e-01 7.660451e-04 1.377411e-01 6.816082e-02 8.739900e-02 -5.977149e-02 -2.561442e-01 -1.683140e-01 1.870481e-02 -1.815841e-01 -1.345074e-01 6.954838e-02 -9.765252e-02 -5.002646e-02 9.253556e-04
<VARIANCE> 39
 8.850639e+00 5.806729e+00 5.313529e+01 6.400478e+01 1.287247e+01 9.467874e+00 1.696262e+01 2.012986e+01 8.336210e+00 1.318375e+01 6.757404e+01 1.492861e+01 1.549955e-01 4.164975e-01 3.150311e-01 6.178453e-01 1.021198e+00 1.327426e+00 1.132476e+00 6.960554e-01 1.290038e+00 1.044483e+00 1.524832e+00 7.717163e-01 1.058828e+00 5.000000e-02 1.026444e-01 6.408279e-02 1.738283e-01 2.515081e-01 2.290744e-01 2.268510e-01 1.122423e-01 2.433572e-01 2.903851e-01 3.684071e-01 9.208953e-02 2.621290e-01 5.000000e-02
<GCONST> 7.554636e+01
<STATE> 7
<MEAN> 39
 -5.287824e+00 -8.922410e+00 -8.231860e+00 -1.326997e+01 1.194190e+00 -3.553577e+00 -4.300694e+00 -1.473958e+00 1.768566e+00 -2.086165e+00 -6.626824e+00 -6.664330e+00 6.335013e-01 1.803988e+00 5.108180e-01 2.767182e-01 -1.676938e+00 -1.426402e+00 -1.801270e-01 -4.855515e-01 -1.680863e+00 -1.320870e+00 5.951120e-01 -1.220122e+00 -4.153750e-01 3.449226e-02 4.892242e-01 -3.134641e-01 1.961727e-01 6.163199e-02 -1.666687e-01 -2.036319e-01 1.722979e-01 5.881521e-02 -1.337070e-01 -2.522235e-01 -2.441681e-01 3.750549e-01 1.007602e-02
<VARIANCE> 39
 1.422097e+01 8.988411e+00 4.833294e+01 5.267065e+01 3.957104e+01 1.236638e+01 2.036839e+01 1.393647e+01 1.670625e+01 1.507088e+01 6.096788e+01 1.882260e+01 1.067531e-01 1.193555e+00 1.807382e-01 4.817699e+00 2.086414e+00 9.952554e-01 1.078618e+00 7.923715e-01 1.283022e+00 9.629659e-01 2.489927e+00 1.669491e+00 2.906843e+00 5.000000e-02 6.239554e-02 7.560239e-02 3.884450e-01 4.056543e-01 3.154387e-01 2.485646e-01 2.084026e-01 2.729776e-01 2.562449e-01 3.543377e-01 4.394434e-01 3.849333e-01 5.000000e-02
<GCONST> 8.707941e+01
<STATE> 8
<MEAN> 39
 3.252214e+00 -9.162013e+00 -9.003310e+00 -1.571950e+01 -3.096791e+00 -6.683563e+00 -5.386258e+00 -6.172964e+00 -3.225301e+00 -2.797776e+00 -1.079305e+01 -7.465185e+00 7.861439e-01 1.607742e+00 -1.369697e+00 1.044953e+00 1.129343e-01 -1.254292e+00 -1.744947e+00 1.073776e+00 7.245817e-02 -1.215956e+00 -4.001138e-01 -3.710247e-01 1.634864e+00 3.022912e-02 -7.614601e-01 -3.516285e-01 2.831597e-01 3.794843e-01 2.529415e-01 -2.638727e-01 5.839137e-01 8.493905e-01 2.917509e-01 -1.744782e-01 5.385301e-01 4.098379e-01 -1.090253e-02
<VARIANCE> 39
 4.908529e+01 1.289706e+01 1.395757e+01 2.457070e+01 2.927378e+01 2.483773e+01 1.830200e+01 6.751217e+00 1.629399e+01 4.312151e+01 2.307844e+01 1.115214e+01 5.000000e-02 3.232658e+00 3.081431e-01 6.354519e+00 9.696097e-01 1.862193e+00 1.267647e+00 2.441897e+00 3.077890e+00 3.213999e+00 2.742358e+00 2.332162e+00 1.549841e+00 5.000000e-02 8.762236e-01 1.451838e-01 3.058965e-01 3.965164e-01 4.710779e-01 3.210623e-01 2.553945e-01 4.728442e-01 4.170967e-01 9.869373e-01 4.356393e-01 3.554177e-01 5.000000e-02
<GCONST> 9.571370e+01
<STATE> 9
<MEAN> 39
 -9.938900e-01 -1.324727e+01 -6.933857e+00 -1.388272e+01 -1.439532e+00 -1.441077e+01 1.789534e+00 2.202065e+00 -4.000560e+00 -3.627701e+00 -1.116652e+01 -1.811816e+00 8.451543e-01 -9.748526e-01 -1.230053e+00 1.241498e-01 1.425406e-01 2.231384e-01 6.510931e-01 -5.657575e-02 1.411864e+00 1.955464e+00 -1.018785e+00 -7.198198e-01 -8.149176e-02 1.802255e-02 1.535145e-01 8.637303e-02 -4.434616e-01 -6.091510e-02 2.593991e-01 1.104400e+00 -9.566923e-01 -3.904695e-01 6.075215e-01 -2.458213e-01 -1.083251e-01 -7.267974e-01 -1.445469e-03
<VARIANCE> 39
 2.514088e+01 6.225319e+00 7.875861e+01 2.737162e+01 4.993407e+01 7.808019e+01 2.540704e+01 5.493985e+01 8.792511e+01 2.589988e+01 1.875738e+01 2.220381e+01 5.000000e-02 7.372336e+00 2.087721e-01 3.184678e+00 8.480194e-01 6.084248e+00 9.648934e+00 5.798121e+00 4.387434e+00 3.854750e+00 4.253868e+00 4.374998e+00 2.208178e+00 5.000000e-02 7.320971e-01 5.000000e-02 5.204113e-01 8.996887e-02 9.506500e-01 8.257593e-01 4.210317e-01 6.586165e-01 1.392671e+00 8.598897e-01 4.453361e-01 3.065650e-01 5.000000e-02
<GCONST> 1.087854e+02
<STATE> 10
<MEAN> 39
 -1.907568e+00 -1.682019e+01 -8.634326e+00 -1.677284e+01 2.912883e+00 -4.759398e+00 -7.377113e+00 2.552005e+00 4.573753e-01 -2.744773e+00 -1.383167e+01 -5.349734e+00 8.883108e-01 9.624532e-01 -2.517655e-01 4.935124e-01 -5.359694e-01 -5.066932e-01 6.872715e-01 -7.744541e-01 -8.627945e-01 -2.035709e-01 5.011067e-01 9.194904e-01 -3.026581e-01 -1.298020e-02 1.270462e-01 1.412546e-01 6.996542e-03 1.800679e-01 -3.561092e-01 -2.489256e-01 2.617328e-01 -2.408157e-01 -6.931983e-02 -9.833384e-03 2.124956e-01 2.906946e-02 -3.504400e-03
<VARIANCE> 39
 1.236067e+01 2.610749e+00 5.414281e+01 2.872458e+01 3.093187e+01 1.152389e+01 3.575586e+01 4.167899e+01 2.558605e+01 1.264012e+01 1.864555e+01 1.607911e+01 5.000000e-02 6.298378e-01 3.725419e-01 9.218133e-01 1.399769e+00 4.481498e+00 2.110457e+00 2.034488e+00 2.012956e+00 2.014850e+00 1.652405e+00 2.138283e+00 6.882439e-01 5.000000e-02 1.152348e-01 8.692325e-02 2.273305e-01 2.675789e-01 3.263783e-01 3.482046e-01 2.987410e-01 1.459625e-01 6.536003e-01 4.955557e-01 4.511008e-01 2.054068e-01 5.000000e-02
<GCONST> 8.601295e+01
<STATE> 11
<MEAN> 39
 6.132777e+00 -1.718013e+01 -4.985273e+00 -1.596240e+01 -8.965858e+00 -3.234632e+00 -7.439518e+00 -7.102731e+00 4.807490e+00 -5.812416e+00 -7.615771e+00 -3.839992e+00 7.453945e-01 4.077465e-01 2.922041e-01 -7.049783e-01 8.918787e-01 -3.851050e-01 -4.606532e-01 2.049868e-01 -1.502793e-01 4.545084e-01 -5.224388e-01 2.716566e-01 2.204833e-01 -1.853962e-02 -1.735444e-01 1.987787e-01 -8.072323e-02 1.302563e-01 3.964680e-01 -2.040481e-01 6.770598e-02 3.273226e-01 -2.041212e-01 3.828926e-02 -1.082257e-01 4.746692e-02 -1.139124e-03
<VARIANCE> 39
 4.534509e+00 2.358446e+00 1.835551e+01 8.761970e+00 1.824203e+01 1.053841e+01 1.333835e+01 1.255256e+01 2.904119e+01 1.286622e+01 1.117484e+01 8.856223e+00 5.000000e-02 4.690000e-01 4.583020e-01 1.383205e+00 1.269096e+00 2.044172e+00 1.182374e+00 6.631181e-01 1.685303e+00 1.607733e+00 1.073126e+00 9.832754e-01 4.589048e-01 5.000000e-02 5.000000e-02 5.000000e-02 3.597759e-01 2.275046e-01 2.449449e-01 2.750678e-01 1.923961e-01 1.453253e-01 3.434963e-01 1.370033e-01 3.102244e-01 1.249476e-01 5.000000e-02
<GCONST> 6.973069e+01
<STATE> 12
<MEAN> 39
 8.074533e+00 -1.178952e+01 -9.307715e+00 -9.095225e+00 -6.579117e+00 -1.075877e+01 -3.517535e+00 -3.406564e+00 3.939604e-01 -8.200885e+00 -6.413367e+00 -4.767794e+00 6.610636e-01 -7.522607e-01 6.474310e-01 3.451501e-01 9.168851e-01 8.634829e-01 -3.060739e-01 2.305119e-01 3.374817e-01 -3.592812e-01 -4.226170e-01 -7.898381e-02 -3.238218e-01 -3.642713e-02 -2.749579e-01 -1.861845e-01 1.100257e-01 -6.070308e-02 6.792335e-02 2.823076e-01 -1.548707e-02 -1.406889e-01 5.240227e-02 9.776710e-02 -1.169563e-01 -1.823310e-01 -5.304096e-03
<VARIANCE> 39
 1.202697e+01 7.337481e+00 1.623496e+01 6.861495e+00 1.474649e+01 1.249153e+01 8.966116e+00 1.382755e+01 4.045127e+01 1.009499e+01 9.027556e+00 9.588230e+00 5.000000e-02 8.940837e-01 5.628779e-01 1.872268e+00 1.519044e+00 6.438841e-01 1.406895e+00 8.516059e-01 1.048752e+00 1.431161e+00 8.587518e-01 1.336985e+00 9.876922e-01 5.000000e-02 7.579828e-02 1.141887e-01 2.544299e-01 2.287738e-01 9.921002e-02 2.479849e-01 1.699732e-01 2.070097e-01 2.673618e-01 1.418401e-01 2.277669e-01 1.159139e-01 5.000000e-02
<GCONST> 7.147143e+01
<STATE> 13
<MEAN> 39
 -2.658632e-01 -1.169601e+01 -4.556567e+00 -3.522965e+00 6.648049e-01 -5.679429e+00 -2.110216e+00 -1.729848e+00 3.177078e+00 -9.050837e+00 -6.673403e+00 -6.665081e+00 3.286762e-01 -9.238036e-01 -1.343955e-01 3.986568e-01 7.451993e-01 9.422558e-01 1.158336e+00 8.114910e-01 3.626446e-01 6.496525e-01 4.930687e-01 9.022918e-01 4.772226e-01 -4.386061e-02 2.505827e-01 7.678162e-02 -2.177368e-02 -3.091253e-01 -2.937854e-01 -1.133830e-01 -1.319780e-01 -1.150916e-01 2.465067e-02 3.163585e-01 3.996786e-01 6.144265e-01 7.220454e-03
<VARIANCE> 39
 2.849936e+00 9.016451e+00 4.931183e+00 1.601333e+01 1.735328e+01 1.210529e+01 9.178913e+00 8.714687e+00 1.568771e+01 5.550741e+00 1.972043e+01 1.535280e+01 5.000000e-02 6.706246e-01 8.086232e-01 6.723306e-01 1.352036e+00 1.254166e+00 1.015777e+00 1.666489e+00 1.108277e+00 8.665242e-01 6.482790e-01 1.015283e+00 2.169324e+00 5.000000e-02 9.489851e-02 1.406446e-01 2.268396e-01 3.211606e-01 2.771349e-01 3.428800e-01 4.827862e-01 3.109635e-01 3.210967e-01 1.363145e-01 2.554562e-01 2.332951e-01 5.000000e-02
<GCONST> 7.344099e+01
<STATE> 14
<MEAN> 39
 -3.034304e+00 -1.099693e+01 -2.327640e+00 -3.548493e+00 1.671801e+00 -3.946651e+00 -2.082889e+00 -3.240566e+00 3.465953e+00 -6.376167e+00 -2.006225e+00 -8.206791e-01 2.242423e-01 -4.053165e-01 4.206347e-01 5.906535e-01 1.742153e-01 1.011913e-01 -1.562235e-01 1.310712e-01 6.747419e-02 -4.363520e-01 7.415854e-01 5.908319e-01 1.960897e-01 -1.292324e-02 1.057816e-01 7.080436e-02 3.745126e-02 3.483266e-02 -3.092440e-02 -1.784146e-02 1.685698e-01 1.585353e-01 -1.244198e-02 -2.545216e-02 -1.692024e-02 -2.318732e-01 4.994638e-03
<VARIANCE> 39
 1.828555e+00 4.462279e+00 9.824402e+00 4.430715e+00 5.245368e+00 1.152134e+01 3.097587e+01 4.174344e+00 2.504733e+01 9.451443e+00 1.171022e+01 1.018125e+01 5.000000e-02 1.590198e-01 7.731314e-01 6.179377e-01 1.113355e+00 1.438880e+00 1.446895e+00 1.761832e+00 1.469044e+00 2.109248e+00 1.470403e+00 1.268160e+00 7.243538e-01 5.000000e-02 5.000000e-02 1.748212e-01 1.742313e-01 1.253984e-01 2.298615e-01 3.438090e-01 2.433035e-01 1.379243e-01 4.302160e-01 2.828617e-01 1.621851e-01 1.895895e-01 5.000000e-02
<GCONST> 6.795149e+01
<STATE> 15
<MEAN> 39
 -3.299997e+00 -7.950054e+00 2.853591e-01 -1.958874e+00 1.840951e+00 -4.169270e+00 1.500215e+00 -1.722575e+00 3.071227e+00 -2.894575e+00 9.701228e-01 -1.885304e+00 1.766106e-01 -2.929632e-01 7.796761e-02 -1.392697e-01 -5.269820e-02 -1.700719e-01 2.438304e-01 1.618860e-01 -1.018195e-01 -7.059004e-02 -2.622920e-02 4.381938e-01 3.011595e-01 -1.674795e-02 -1.164110e-01 -2.995012e-01 -4.063399e-01 -1.908459e-01 -7.903057e-02 -8.147893e-02 -3.135356e-01 -4.780518e-02 3.720446e-03 -1.793447e-01 -2.327437e-01 1.101880e-02 -3.682512e-03
<VARIANCE> 39
 1.420318e+00 1.855246e+00 3.576735e+00 4.626117e+00 2.070330e+00 4.975570e+00 9.716792e+00 1.645120e+01 7.191576e+00 7.396831e+00 9.749263e+00 8.769057e+00 5.000000e-02 1.977827e-01 6.457589e-01 1.320133e+00 3.793001e-01 3.056690e-01 7.568216e-01 1.825608e+00 1.306550e+00 5.294934e-01 7.684774e-01 1.029317e+00 9.228627e-01 5.000000e-02 5.000000e-02 8.464487e-02 8.322699e-02 6.436785e-02 6.523976e-02 1.097118e-01 2.238346e-01 3.118199e-01 1.873789e-01 2.377310e-01 1.363760e-01 2.001530e-01 5.000000e-02
<GCONST> 5.299085e+01
<TRANSP> 16
 0.000000e+00 1.000000e+00 0.000000e+00 0.000000e+00 0.000000e+00 0.000000e+00 0.000000e+00 0.000000e+00 0.000000e+00 0.000000e+00 0.000000e+00 0.000000e+00 0.000000e+00 0.000000e+00 0.000000e+00 0.000000e+00
 0.000000e+00 8.616433e-01 1.383567e-01 0.000000e+00 0.000000e+00 0.000000e+00 0.000000e+00 0.000000e+00 0.000000e+00 0.000000e+00 0.000000e+00 0.000000e+00 0.000000e+00 0.000000e+00 0.000000e+00 0.000000e+00
 0.000000e+00 0.000000e+00 6.465386e-01 3.534614e-01 0.000000e+00 0.000000e+00 0.000000e+00 0.000000e+00 0.000000e+00 0.000000e+00 0.000000e+00 0.000000e+00 0.000000e+00 0.000000e+00 0.000000e+00 0.000000e+00
 0.000000e+00 0.000000e+00 0.000000e+00 6.427097e-01 3.572902e-01 0.000000e+00 0.000000e+00 0.000000e+00 0.000000e+00 0.000000e+00 0.000000e+00 0.000000e+00 0.000000e+00 0.000000e+00 0.000000e+00 0.000000e+00
 0.000000e+00 0.000000e+00 0.000000e+00 0.000000e+00 6.608871e-01 3.391128e-01 0.000000e+00 0.000000e+00 0.000000e+00 0.000000e+00 0.000000e+00 0.000000e+00 0.000000e+00 0.000000e+00 0.000000e+00 0.000000e+00
 0.000000e+00 0.000000e+00 0.000000e+00 0.000000e+00 0.000000e+00 8.831538e-01 1.168462e-01 0.000000e+00 0.000000e+00 0.000000e+00 0.000000e+00 0.000000e+00 0.000000e+00 0.000000e+00 0.000000e+00 0.000000e+00
 0.000000e+00 0.000000e+00 0.000000e+00 0.000000e+00 0.000000e+00 0.000000e+00 6.543077e-01 3.456924e-01 0.000000e+00 0.000000e+00 0.000000e+00 0.000000e+00 0.000000e+00 0.000000e+00 0.000000e+00 0.000000e+00
 0.000000e+00 0.000000e+00 0.000000e+00 0.000000e+00 0.000000e+00 0.000000e+00 0.000000e+00 6.153818e-01 3.846182e-01 0.000000e+00 0.000000e+00 0.000000e+00 0.000000e+00 0.000000e+00 0.000000e+00 0.000000e+00
 0.000000e+00 0.000000e+00 0.000000e+00 0.000000e+00 0.000000e+00 0.000000e+00 0.000000e+00 0.000000e+00 6.427922e-01 3.572078e-01 0.000000e+00 0.000000e+00 0.000000e+00 0.000000e+00 0.000000e+00 0.000000e+00
 0.000000e+00 0.000000e+00 0.000000e+00 0.000000e+00 0.000000e+00 0.000000e+00 0.000000e+00 0.000000e+00 0.000000e+00 8.000638e-01 1.999362e-01 0.000000e+00 0.000000e+00 0.000000e+00 0.000000e+00 0.000000e+00
 0.000000e+00 0.000000e+00 0.000000e+00 0.000000e+00 0.000000e+00 0.000000e+00 0.000000e+00 0.000000e+00 0.000000e+00 0.000000e+00 8.608987e-01 1.391014e-01 0.000000e+00 0.000000e+00 0.000000e+00 0.000000e+00
 0.000000e+00 0.000000e+00 0.000000e+00 0.000000e+00 0.000000e+00 0.000000e+00 0.000000e+00 0.000000e+00 0.000000e+00 0.000000e+00 0.000000e+00 8.486286e-01 1.513714e-01 0.000000e+00 0.000000e+00 0.000000e+00
 0.000000e+00 0.000000e+00 0.000000e+00 0.000000e+00 0.000000e+00 0.000000e+00 0.000000e+00 0.000000e+00 0.000000e+00 0.000000e+00 0.000000e+00 0.000000e+00 7.367732e-01 2.632268e-01 0.000000e+00 0.000000e+00
 0.000000e+00 0.000000e+00 0.000000e+00 0.000000e+00 0.000000e+00 0.000000e+00 0.000000e+00 0.000000e+00 0.000000e+00 0.000000e+00 0.000000e+00 0.000000e+00 0.000000e+00 7.830047e-01 2.169953e-01 0.000000e+00
 0.000000e+00 0.000000e+00 0.000000e+00 0.000000e+00 0.000000e+00 0.000000e+00 0.000000e+00 0.000000e+00 0.000000e+00 0.000000e+00 0.000000e+00 0.000000e+00 0.000000e+00 0.000000e+00 7.228204e-01 2.771797e-01
 0.000000e+00 0.000000e+00 0.000000e+00 0.000000e+00 0.000000e+00 0.000000e+00 0.000000e+00 0.000000e+00 0.000000e+00 0.000000e+00 0.000000e+00 0.000000e+00 0.000000e+00 0.000000e+00 0.000000e+00 0.000000e+00
<ENDHMM>
