~o
<STREAMINFO> 1 39
<VECSIZE> 39<NULLD><MFCC_E_D_A><DIAGC>
~h "Nhanh"
<BEGINHMM>
<NUMSTATES> 16
<STATE> 2
<MEAN> 39
 -6.875453e+00 -9.219969e+00 1.011032e+00 -2.892205e+00 -1.098015e+00 4.992856e-02 1.956279e-01 -4.353567e+00 6.919820e+00 -3.198957e+00 -1.899631e+00 1.484321e+00 3.742968e-02 6.449907e-01 2.465608e-01 -3.734223e-01 -6.840667e-01 -2.944399e-01 -4.090477e-01 -1.888753e-01 -2.325128e-01 -4.275215e-01 -3.422614e-01 -1.987381e-01 -2.723106e-01 2.762425e-02 1.965201e-01 -9.613170e-03 -1.812525e-01 -2.773645e-01 -1.693597e-01 -1.298818e-02 1.712737e-02 4.779748e-02 -1.354662e-01 -1.530556e-01 -1.897197e-01 -9.451129e-02 7.670396e-03
<VARIANCE> 39
 4.536542e+00 3.711424e+00 8.309821e+00 5.994397e+00 4.645448e+00 1.771956e+01 1.385392e+01 1.114285e+01 2.806029e+01 1.034984e+01 1.561143e+01 2.318125e+01 5.000000e-02 1.486672e+00 3.472462e-01 8.723880e-01 2.106117e+00 9.848213e-01 1.041579e+00 2.588060e+00 1.458659e+00 4.007009e+00 2.240811e+00 1.666346e+00 1.638637e+00 5.000000e-02 1.617934e-01 7.097918e-02 2.310236e-01 2.931727e-01 1.940727e-01 1.841440e-01 6.483326e-01 2.584553e-01 8.328808e-01 3.743310e-01 3.857878e-01 3.265351e-01 5.000000e-02
<GCONST> 7.942072e+01
<STATE> 3
<MEAN> 39
 6.174741e+00 -8.121001e+00 -9.985826e+00 -1.118591e+01 -5.729711e+00 -9.206054e+00 -2.345962e-01 -5.461976e+00 -4.459333e+00 -7.345096e+00 -5.718834e+00 -5.665185e+00 5.207918e-01 5.356417e-01 -7.608973e-01 -8.318510e-01 -1.321344e+00 -5.582385e-01 -6.720459e-01 -1.533147e-01 -2.343866e-01 -4.548635e-01 -3.162009e-01 -1.263104e+00 -2.508757e-01 7.983140e-02 -1.318371e+00 -3.771438e-01 6.567094e-01 2.701439e-01 3.057331e-01 3.820840e-01 3.922390e-01 2.545912e-01 4.300433e-01 2.593813e-01 2.545823e-01 -9.990897e-02 -1.052035e-02
<VARIANCE> 39
 2.220860e+01 7.180223e+00 1.401866e+01 6.498107e+00 9.993567e+00 2.761330e+01 5.838196e+00 8.431074e+00 1.391284e+01 6.872055e+00 7.817029e+00 6.884514e+00 5.000000e-02 5.897052e+00 1.494528e+00 3.390166e+00 4.130407e+00 2.589933e+00 4.389107e+00 1.352154e+00 2.097201e+00 3.332410e+00 1.428337e+00 1.852374e+00 5.875307e-01 5.000000e-02 3.159634e-01 2.346156e-01 2.894344e-01 5.163012e-01 4.394043e-01 7.320935e-01 2.171858e-01 4.216472e-01 3.270245e-01 3.688983e-01 2.693214e-01 2.150408e-01 5.000000e-02
<GCONST> 8.727824e+01
<STATE> 4
<MEAN> 39
 -7.310804e+00 -1.431509e+01 -3.993525e+00 -1.559840e+01 -6.199539e+00 -3.705534e+00 3.838958e+00 -4.267504e+00 -1.704128e+00 -6.821784e+00 -7.708098e+00 -8.944462e+00 7.294649e-01 -3.151399e+00 -2.227502e+00 4.593780e-01 3.622415e-01 1.824559e-01 1.982360e+00 2.430160e+00 5.940584e-01 2.376313e-01 -8.174447e-01 5.339835e-01 -1.493147e+00 6.151673e-02 4.770018e-01 -1.953440e-01 -5.053118e-01 7.694893e-01 3.979436e-01 -5.185284e-03 1.794363e-01 1.117118e-01 -1.092094e-01 -3.671190e-01 4.469336e-01 3.832288e-01 -5.014426e-03
<VARIANCE> 39
 2.931391e+01 2.256041e+01 3.348352e+01 1.869951e+01 3.638255e+01 8.244849e+01 3.544908e+01 1.910833e+01 4.314212e+01 1.772460e+01 2.130830e+01 3.325700e+01 5.000000e-02 3.269098e+00 1.087616e+00 2.319367e+00 3.219197e+00 4.756437e+00 2.699311e+00 1.516626e+00 2.647187e+00 1.622968e+00 2.183152e+00 1.984277e+00 1.657969e+00 5.000000e-02 6.788085e-01 2.670011e-01 3.664713e-01 4.860869e-01 7.455267e-01 1.138858e+00 6.222417e-01 4.584807e-01 4.730147e-01 3.486510e-01 2.456823e-01 7.435211e-01 5.000000e-02
<GCONST> 1.046750e+02
<STATE> 5
<MEAN> 39
 -1.132475e+01 -2.258922e+01 -9.245885e+00 -7.825348e+00 -2.267253e-01 -2.150423e+00 1.198050e+01 -1.655332e+00 -2.931334e+00 -1.387037e+01 -1.268322e+00 -7.826717e+00 9.311023e-01 -6.549076e-02 -1.135637e+00 -1.092181e+00 1.630547e+00 8.707482e-01 -9.529467e-01 1.561138e-01 2.458249e-01 -2.437916e-01 -1.643702e+00 1.467922e+00 1.874576e+00 3.056044e-02 2.519018e-01 3.846107e-01 1.158566e-01 -2.016364e-01 -5.139796e-01 -4.525908e-01 -6.635642e-01 -7.331216e-05 7.790692e-03 1.850050e-01 -1.546687e-01 2.184563e-01 -7.955278e-03
<VARIANCE> 39
 5.680098e+00 1.299936e+01 3.817154e+01 1.412374e+01 2.937351e+01 4.760646e+01 1.486103e+01 8.516375e+00 2.135766e+01 1.419560e+01 1.721081e+01 2.071830e+01 5.000000e-02 2.264436e-01 6.436976e-01 1.224467e+00 6.510944e-01 2.087412e+00 1.269587e+00 9.848289e-01 9.872496e-01 3.147955e-01 7.593400e-01 3.856995e-01 1.128013e+00 5.000000e-02 2.368588e-01 1.132419e-01 2.975059e-01 1.989727e-01 2.211995e-01 5.076507e-01 7.027424e-02 3.266354e-01 6.322527e-02 2.547556e-01 1.631365e-01 4.841894e-01 5.000000e-02
<GCONST> 7.441396e+01
<STATE> 6
<MEAN> 39
 -1.177786e+01 -2.501783e+01 -9.523896e+00 -5.338950e+00 -2.065990e+00 -5.346613e+00 8.091365e+00 2.482298e+00 -3.452913e+00 -1.760760e+01 7.719979e-01 -1.213134e+00 9.768125e-01 4.711551e-01 1.561797e-01 5.321814e-01 -6.254500e-01 -6.541848e-01 -8.766716e-01 -9.895681e-01 1.060189e+00 2.619680e-01 -1.518069e-01 -3.791435e-01 6.894396e-01 -1.240822e-02 4.877130e-01 2.976733e-01 3.341228e-01 -4.877618e-01 -1.770746e-01 -1.976562e-01 -1.326913e-01 -2.920024e-01 1.066415e-01 3.893878e-01 -3.906695e-01 -3.037173e-01 -1.078522e-02
<VARIANCE> 39
 8.589297e+00 6.713292e+00 2.079520e+01 1.524772e+01 1.209839e+01 2.934169e+01 1.291303e+01 2.413007e+01 1.659797e+01 4.413552e+00 2.232998e+01 1.243999e+01 5.000000e-02 6.174971e-01 5.063045e-01 9.581494e-01 1.415748e+00 1.384661e+00 1.252049e+00 4.509442e-01 9.792932e-01 1.037618e+00 8.984668e-01 1.327184e+00 1.157160e+00 5.000000e-02 1.640968e-01 5.000000e-02 1.056251e-01 1.273256e-01 1.102778e-01 2.205400e-01 1.067683e-01 3.486556e-01 2.067932e-01 1.925959e-01 1.952274e-01 1.779568e-01 5.000000e-02
<GCONST> 7.057026e+01
<STATE> 7
<MEAN> 39
 -5.085189e+00 -2.130316e+01 -5.330442e+00 -1.135620e+01 -5.401574e+00 -1.196139e+01 3.099059e+00 2.297891e+00 -1.677632e+00 -1.468933e+01 -2.850453e+00 -2.220772e-01 8.378595e-01 3.409768e+00 5.666054e-01 1.561626e+00 -1.044571e+00 -1.855139e+00 -9.344288e-01 -2.054354e+00 -1.587540e+00 -3.121063e-01 1.050176e+00 -5.627424e-01 -9.887217e-01 -4.473255e-02 1.479286e-01 -5.038028e-01 1.517159e-02 5.184776e-01 -3.695167e-01 8.859720e-01 -4.406309e-02 -1.925137e-01 -3.642757e-01 -2.696046e-01 3.279893e-01 -4.669328e-01 4.155258e-03
<VARIANCE> 39
 1.936016e+01 5.668527e+00 1.096571e+01 1.611162e+01 1.689013e+01 2.819950e+01 1.103028e+01 2.763293e+01 2.489018e+01 1.514450e+01 1.514279e+01 8.385731e+00 5.000000e-02 1.263335e-01 7.186122e-01 4.954319e-01 1.419460e+00 1.054651e+00 4.454020e+00 6.887457e-01 1.585391e+00 2.656550e+00 1.500612e+00 1.610352e+00 1.341147e+00 5.000000e-02 2.957870e-01 5.043760e-02 1.248365e-01 1.887848e-01 2.620574e-01 3.698702e-01 1.561517e-01 3.979278e-01 5.154718e-01 2.912992e-01 1.552432e-01 2.442178e-01 5.000000e-02
<GCONST> 7.802705e+01
<STATE> 8
<MEAN> 39
 4.165566e+00 -2.345890e+01 -1.480004e+00 -1.103916e+01 -1.331871e+01 -8.352769e+00 -2.305600e+00 -1.472108e+00 -4.254414e+00 -1.464393e+01 -2.732823e+00 -5.576711e+00 7.545047e-01 1.176056e+00 -4.163593e-01 3.402819e-01 5.319608e-01 -1.387854e+00 8.537452e-01 -3.787902e-01 -2.572496e-01 -2.368916e-01 -5.003780e-02 -3.088777e-01 -7.604984e-01 -1.413386e-02 -5.697387e-01 1.577173e-01 -4.423725e-01 1.207439e-01 4.288030e-01 -6.155923e-02 5.037155e-01 2.991777e-01 1.927449e-01 -1.747957e-02 7.527976e-02 2.131704e-01 4.546994e-03
<VARIANCE> 39
 7.503474e+00 5.230926e+00 1.581436e+01 4.785188e+00 1.543318e+01 2.464550e+01 2.823287e+00 1.025122e+01 9.741775e+00 9.934121e+00 6.644141e+00 8.999177e+00 5.000000e-02 9.257789e-01 5.057659e-01 7.225922e-01 3.626082e-01 2.784662e+00 1.865096e+00 1.029158e+00 1.068330e+00 1.795338e+00 1.042595e+00 1.306258e+00 5.528283e-01 5.000000e-02 1.339536e-01 9.091198e-02 7.788399e-02 1.258965e-01 4.076813e-01 4.987898e-01 1.418210e-01 2.120059e-01 2.868924e-01 2.627320e-01 3.758239e-01 8.810469e-02 5.000000e-02
<GCONST> 6.847831e+01
<STATE> 9
<MEAN> 39
 6.594342e+00 -2.117370e+01 -4.528125e+00 -8.106124e+00 -1.554273e+01 -7.056460e+00 7.934921e-01 -2.062857e+00 -3.723550e+00 -1.195248e+01 -2.369262e+00 -7.342925e+00 6.999468e-01 1.055356e-01 6.427250e-01 -1.170371e-01 1.335183e-01 5.756646e-01 3.382040e-01 2.604687e-01 -5.287689e-02 -1.480842e-01 1.278802e-01 1.006163e-01 -9.092576e-02 -1.779731e-02 -1.215434e-01 6.517988e-02 1.352086e-01 1.232030e-01 2.993940e-01 -5.922595e-02 -2.325929e-03 -2.180048e-02 -3.139205e-02 -1.252539e-01 -1.002424e-01 3.317544e-02 -2.917038e-03
<VARIANCE> 39
 6.159109e+00 1.170940e+01 1.245253e+01 5.348221e+00 1.044474e+01 1.581159e+01 1.360832e+01 7.022648e+00 1.125735e+01 2.055543e+01 9.897895e+00 6.183770e+00 5.000000e-02 1.142173e-01 3.806185e-01 7.870147e-01 8.864615e-01 1.049838e+00 7.477024e-01 1.072952e+00 6.474985e-01 1.092015e+00 1.878480e+00 9.999518e-01 6.419320e-01 5.000000e-02 5.000000e-02 8.148726e-02 1.315836e-01 2.552952e-01 2.346644e-01 1.620061e-01 2.091104e-01 1.536174e-01 2.134121e-01 4.296097e-01 2.060806e-01 1.341076e-01 5.000000e-02
<GCONST> 6.498286e+01
<STATE> 10
<MEAN> 39
 4.481259e+00 -1.894337e+01 -3.539675e+00 -2.932139e+00 -8.844963e+00 -7.338663e+00 4.236773e+00 -3.423216e-01 -6.011737e+00 -1.411765e+01 -3.103424e+00 -6.918929e+00 5.232840e-01 -9.152727e-01 2.674982e-02 -6.603491e-02 1.173867e+00 6.456602e-01 -2.254167e-01 6.587638e-01 5.928669e-01 2.629849e-01 1.586415e-01 -1.534657e-01 2.462932e-01 -4.438293e-02 -1.759294e-01 7.378458e-02 -4.792131e-02 -2.003952e-01 -1.157090e-01 1.435412e-01 1.913664e-02 1.389048e-02 2.531491e-01 3.921103e-01 2.949083e-01 3.439752e-01 -4.980126e-03
<VARIANCE> 39
 9.193204e+00 1.298678e+01 1.206051e+01 2.647043e+01 1.001571e+01 1.453816e+01 1.397873e+01 1.592189e+01 7.050708e+00 1.754540e+01 1.093622e+01 6.752214e+00 5.000000e-02 4.842752e-01 7.539468e-01 9.184833e-01 1.725111e+00 2.119507e+00 1.407421e+00 1.111489e+00 1.335745e+00 2.009117e+00 2.659570e+00 1.894082e+00 1.307560e+00 5.000000e-02 6.863326e-02 2.027732e-01 2.110916e-01 2.320876e-01 4.028404e-01 4.238990e-01 8.755980e-02 2.635469e-01 1.357832e-01 4.278140e-01 4.188658e-01 1.720181e-01 5.000000e-02
<GCONST> 7.796471e+01
<STATE> 11
<MEAN> 39
 1.060785e+00 -1.908794e+01 -1.935008e+00 -5.193701e+00 -7.150306e+00 -4.716904e+00 1.313342e+00 3.519678e-01 -2.828904e+00 -1.186026e+01 -1.273610e+00 -2.728490e+00 4.304698e-01 -3.866566e-01 7.033099e-01 -6.038742e-02 9.791564e-01 1.553784e+00 4.385252e-01 6.381692e-01 5.095441e-01 -3.319238e-01 1.085404e-01 1.192827e+00 8.339235e-01 -2.764472e-02 4.002480e-02 -1.337167e-01 1.691588e-02 2.244813e-01 1.273315e-01 -2.477311e-01 9.958173e-02 1.784770e-01 -3.987216e-01 -2.854958e-01 -6.396487e-02 -1.533749e-01 3.433433e-03
<VARIANCE> 39
 1.412433e+01 1.278030e+01 1.533266e+01 3.239772e+01 3.140506e+01 6.674353e+00 4.960534e+01 6.205431e+00 1.753904e+01 2.208509e+01 4.526434e+01 4.226362e+01 5.000000e-02 6.597310e-01 3.120856e-01 6.012403e-01 1.085782e+00 1.030859e+00 1.519592e+00 5.046505e-01 1.156184e+00 2.186925e+00 1.759198e+00 3.280210e+00 2.415412e+00 5.000000e-02 1.231114e-01 5.954559e-02 5.000000e-02 1.973896e-01 5.489861e-01 4.168168e-01 1.752877e-01 3.481901e-01 6.077810e-01 2.087931e-01 1.023436e+00 6.881636e-01 5.000000e-02
<GCONST> 8.378472e+01
<STATE> 12
<MEAN> 39
 1.626684e+00 -1.844038e+01 -2.051575e+00 -1.546597e+00 -3.876004e+00 -5.439386e+00 3.532688e+00 1.462994e+00 -6.854040e+00 -1.499698e+01 -1.513381e+00 -3.490268e+00 4.166394e-01 -9.739872e-01 3.171359e-02 4.646017e-02 1.353488e+00 6.326119e-01 -2.705247e-01 9.680434e-01 -4.297368e-01 -1.527837e-01 9.113580e-01 2.825868e-01 8.977126e-01 -4.645687e-02 -2.233870e-01 -2.593335e-01 -4.392966e-02 -1.490883e-01 -4.246010e-01 -1.343734e-01 -1.744524e-01 -3.266691e-01 5.566996e-01 7.344887e-01 1.957709e-01 1.208761e-01 -3.649828e-03
<VARIANCE> 39
 5.434945e+00 8.351484e+00 1.253922e+01 1.235884e+01 2.642784e+00 4.569514e+00 2.637899e+01 1.757390e+01 1.728857e+01 7.731001e+00 2.226592e+01 1.265606e+01 5.000000e-02 1.132484e+00 9.549312e-01 1.589888e+00 6.414080e-01 1.850435e+00 1.274225e+00 1.787590e+00 2.237113e+00 4.448229e+00 2.021942e+00 4.888186e+00 3.175200e+00 5.000000e-02 5.000000e-02 8.768542e-02 1.644139e-01 7.881253e-02 5.493611e-02 6.744590e-02 1.561176e-01 2.319672e-01 8.843383e-01 1.586739e-01 8.697909e-01 2.234670e-01 5.000000e-02
<GCONST> 7.570175e+01
<STATE> 13
<MEAN> 39
 -2.606076e+00 -1.976861e+01 -2.355481e+00 2.976266e+00 -3.904791e+00 -8.000569e+00 5.801532e+00 1.948378e-01 -4.148603e+00 -7.519431e+00 3.022885e+00 -5.704394e-01 2.709476e-01 -7.920156e-01 -1.056273e-01 -3.388859e-01 -6.609921e-02 -1.813294e-01 -7.594468e-01 -2.699384e-01 2.715640e-03 8.097245e-01 1.662628e+00 9.092996e-01 4.587621e-01 -3.041472e-02 2.406501e-01 3.287873e-01 -1.262085e-01 -5.136288e-01 -1.204611e-01 -7.716899e-03 -1.659757e-01 2.542695e-01 4.002322e-03 -2.746032e-01 -2.709088e-01 -1.782042e-01 3.229168e-03
<VARIANCE> 39
 5.877808e+00 1.511540e+01 7.242816e+00 2.845586e+00 1.191508e+01 1.849203e+01 1.207800e+01 1.991049e+01 9.875638e+00 8.759563e+00 1.510153e+01 7.640655e+00 5.000000e-02 9.374935e-01 1.321787e+00 4.286076e-01 6.370865e-01 1.192695e+00 1.778355e+00 9.060006e-01 1.916061e+00 2.468714e+00 1.002924e+00 2.324198e+00 6.144980e-01 5.000000e-02 2.327483e-01 3.431291e-01 1.928199e-01 7.335953e-02 2.158428e-01 2.843759e-01 2.797751e-01 6.226565e-01 3.347361e-01 3.944216e-01 7.128115e-01 1.968881e-01 5.000000e-02
<GCONST> 7.645942e+01
<STATE> 14
<MEAN> 39
 -4.760807e+00 -1.499906e+01 -2.974220e+00 -6.127125e-01 -2.681898e+00 -6.843297e+00 5.311196e+00 1.878214e+00 -1.157363e+00 -5.676268e+00 2.351573e+00 -2.053341e-01 1.203603e-01 -2.853814e-01 8.387827e-01 2.076797e-01 -3.665634e-01 2.066257e-01 3.064322e-01 -3.314373e-01 -4.885314e-02 5.746226e-01 1.986509e-01 -3.221568e-01 -1.302614e-01 -2.320955e-02 5.408081e-02 4.391886e-02 4.547468e-02 3.587805e-02 1.064255e-01 1.983220e-01 -8.928639e-02 -1.750641e-01 -7.832317e-02 -4.061625e-02 -4.386339e-02 -5.274981e-02 1.430108e-03
<VARIANCE> 39
 2.856894e+00 1.360686e+01 7.618953e+00 6.796658e+00 8.063748e+00 1.937654e+01 1.355470e+01 2.029211e+01 1.251311e+01 1.114478e+01 1.014117e+01 8.694544e+00 5.000000e-02 5.339535e-01 6.190198e-01 4.784865e-01 7.747214e-01 9.825097e-01 1.554459e+00 1.599957e+00 2.882619e+00 9.443804e-01 1.300818e+00 1.133224e+00 8.877893e-01 5.000000e-02 8.176441e-02 1.004272e-01 1.097441e-01 1.286395e-01 2.603380e-01 3.576936e-01 3.708454e-01 6.015000e-01 2.786087e-01 2.566983e-01 1.818328e-01 1.952477e-01 5.000000e-02
<GCONST> 7.153469e+01
<STATE> 15
<MEAN> 39
 -5.409984e+00 -1.152929e+01 -2.923882e+00 -2.450586e+00 -1.843966e+00 -5.541126e+00 2.187869e+00 5.937079e-01 6.350948e-01 -4.317939e+00 3.035814e-01 -2.177156e+00 1.554980e-02 -1.627017e-01 2.871376e-01 8.913453e-02 9.376205e-02 2.493511e-01 3.913209e-01 3.795073e-02 1.027695e-02 -4.032557e-01 -2.748888e-01 1.107637e-01 1.602188e-02 -1.116348e-02 -2.084934e-02 -1.769628e-01 3.080904e-02 1.323619e-01 7.160753e-03 -3.826613e-02 2.316173e-01 9.325692e-02 -7.321059e-02 -1.344855e-01 1.230744e-01 1.219229e-01 3.558371e-03
<VARIANCE> 39
 1.589706e+00 3.576649e+00 3.500033e+00 6.969064e+00 8.934240e+00 7.511319e+00 4.438822e+00 5.874629e+00 9.757565e+00 1.403814e+01 1.444921e+01 1.617283e+01 5.000000e-02 1.787774e-01 4.325454e-01 2.814977e-01 7.765905e-01 8.350204e-01 1.228940e+00 1.064636e+00 1.293814e+00 1.108717e+00 2.505165e+00 1.248912e+00 1.164301e+00 5.000000e-02 5.000000e-02 5.000000e-02 5.000000e-02 1.593584e-01 1.757880e-01 2.161692e-01 1.786896e-01 2.419258e-01 2.649546e-01 5.074421e-01 2.310750e-01 1.905912e-01 5.000000e-02
<GCONST> 6.076083e+01
<TRANSP> 16
 0.000000e+00 1.000000e+00 0.000000e+00 0.000000e+00 0.000000e+00 0.000000e+00 0.000000e+00 0.000000e+00 0.000000e+00 0.000000e+00 0.000000e+00 0.000000e+00 0.000000e+00 0.000000e+00 0.000000e+00 0.000000e+00
 0.000000e+00 8.800310e-01 1.199690e-01 0.000000e+00 0.000000e+00 0.000000e+00 0.000000e+00 0.000000e+00 0.000000e+00 0.000000e+00 0.000000e+00 0.000000e+00 0.000000e+00 0.000000e+00 0.000000e+00 0.000000e+00
 0.000000e+00 0.000000e+00 7.619105e-01 2.380895e-01 0.000000e+00 0.000000e+00 0.000000e+00 0.000000e+00 0.000000e+00 0.000000e+00 0.000000e+00 0.000000e+00 0.000000e+00 0.000000e+00 0.000000e+00 0.000000e+00
 0.000000e+00 0.000000e+00 0.000000e+00 7.619103e-01 2.380897e-01 0.000000e+00 0.000000e+00 0.000000e+00 0.000000e+00 0.000000e+00 0.000000e+00 0.000000e+00 0.000000e+00 0.000000e+00 0.000000e+00 0.000000e+00
 0.000000e+00 0.000000e+00 0.000000e+00 0.000000e+00 7.491429e-01 2.508571e-01 0.000000e+00 0.000000e+00 0.000000e+00 0.000000e+00 0.000000e+00 0.000000e+00 0.000000e+00 0.000000e+00 0.000000e+00 0.000000e+00
 0.000000e+00 0.000000e+00 0.000000e+00 0.000000e+00 0.000000e+00 8.005248e-01 1.994753e-01 0.000000e+00 0.000000e+00 0.000000e+00 0.000000e+00 0.000000e+00 0.000000e+00 0.000000e+00 0.000000e+00 0.000000e+00
 0.000000e+00 0.000000e+00 0.000000e+00 0.000000e+00 0.000000e+00 0.000000e+00 6.429251e-01 3.570749e-01 0.000000e+00 0.000000e+00 0.000000e+00 0.000000e+00 0.000000e+00 0.000000e+00 0.000000e+00 0.000000e+00
 0.000000e+00 0.000000e+00 0.000000e+00 0.000000e+00 0.000000e+00 0.000000e+00 0.000000e+00 7.505471e-01 2.494528e-01 0.000000e+00 0.000000e+00 0.000000e+00 0.000000e+00 0.000000e+00 0.000000e+00 0.000000e+00
 0.000000e+00 0.000000e+00 0.000000e+00 0.000000e+00 0.000000e+00 0.000000e+00 0.000000e+00 0.000000e+00 8.148817e-01 1.851183e-01 0.000000e+00 0.000000e+00 0.000000e+00 0.000000e+00 0.000000e+00 0.000000e+00
 0.000000e+00 0.000000e+00 0.000000e+00 0.000000e+00 0.000000e+00 0.000000e+00 0.000000e+00 0.000000e+00 0.000000e+00 6.877543e-01 3.122457e-01 0.000000e+00 0.000000e+00 0.000000e+00 0.000000e+00 0.000000e+00
 0.000000e+00 0.000000e+00 0.000000e+00 0.000000e+00 0.000000e+00 0.000000e+00 0.000000e+00 0.000000e+00 0.000000e+00 0.000000e+00 6.849645e-01 3.150355e-01 0.000000e+00 0.000000e+00 0.000000e+00 0.000000e+00
 0.000000e+00 0.000000e+00 0.000000e+00 0.000000e+00 0.000000e+00 0.000000e+00 0.000000e+00 0.000000e+00 0.000000e+00 0.000000e+00 0.000000e+00 5.838476e-01 4.161524e-01 0.000000e+00 0.000000e+00 0.000000e+00
 0.000000e+00 0.000000e+00 0.000000e+00 0.000000e+00 0.000000e+00 0.000000e+00 0.000000e+00 0.000000e+00 0.000000e+00 0.000000e+00 0.000000e+00 0.000000e+00 6.449258e-01 3.550742e-01 0.000000e+00 0.000000e+00
 0.000000e+00 0.000000e+00 0.000000e+00 0.000000e+00 0.000000e+00 0.000000e+00 0.000000e+00 0.000000e+00 0.000000e+00 0.000000e+00 0.000000e+00 0.000000e+00 0.000000e+00 8.409590e-01 1.590410e-01 0.000000e+00
 0.000000e+00 0.000000e+00 0.000000e+00 0.000000e+00 0.000000e+00 0.000000e+00 0.000000e+00 0.000000e+00 0.000000e+00 0.000000e+00 0.000000e+00 0.000000e+00 0.000000e+00 0.000000e+00 8.199063e-01 1.800937e-01
 0.000000e+00 0.000000e+00 0.000000e+00 0.000000e+00 0.000000e+00 0.000000e+00 0.000000e+00 0.000000e+00 0.000000e+00 0.000000e+00 0.000000e+00 0.000000e+00 0.000000e+00 0.000000e+00 0.000000e+00 0.000000e+00
<ENDHMM>
