~o
<STREAMINFO> 1 26
<VECSIZE> 26<NULLD><MFCC_E_D><DIAGC>
~h "Nho"
<BEGINHMM>
<NUMSTATES> 32
<STATE> 2
<MEAN> 26
 -5.466797e+00 -7.934684e+00 -4.961272e-01 -3.034224e+00 7.120108e-01 -4.580269e+00 2.376253e+00 -2.756026e+00 -4.132043e-01 -1.958563e+00 2.340450e+00 -1.740540e+00 6.372889e-02 1.683576e+00 5.302567e-01 -1.116816e+00 -2.269881e+00 -1.290549e+00 -2.138991e-01 -3.912638e-01 -1.078654e+00 -1.776785e+00 -1.156704e+00 -1.587017e+00 -5.690975e-01 7.103140e-02
<VARIANCE> 26
 2.244931e+00 8.343159e-01 2.010239e+00 4.447450e+00 3.926500e+00 8.835455e+00 3.849792e+00 1.265251e+01 1.233666e+01 7.035432e+00 4.617124e+00 6.551498e+00 5.000000e-02 2.046822e+00 3.050392e-01 7.543464e-01 8.045541e-01 3.224885e-01 1.102641e+00 1.984144e-01 1.253522e+00 2.829126e+00 5.571087e-01 1.668001e+00 9.895613e-01 5.000000e-02
<GCONST> 5.747715e+01
<STATE> 3
<MEAN> 26
 3.035308e+00 -5.220214e+00 -5.891930e+00 -1.109337e+01 -4.083797e+00 -5.506985e+00 -3.354562e-01 -4.519976e+00 -5.925401e+00 -7.310918e+00 -4.005297e+00 -5.809464e+00 3.907072e-01 2.086768e+00 2.500794e-01 -1.409410e+00 -4.122135e+00 -9.497966e-01 -4.047614e-01 -1.410564e+00 -1.074557e-01 -9.619073e-01 -1.755026e+00 -1.936920e+00 -1.743310e+00 1.215532e-01
<VARIANCE> 26
 2.708641e+01 2.499193e+00 1.754192e+01 7.975419e+00 3.438353e+00 1.342644e+01 9.374494e+00 7.143956e+00 1.563919e+01 4.012785e+00 9.275663e+00 8.556365e+00 5.000000e-02 2.705461e+00 9.067448e-01 1.817160e+00 4.599395e+00 1.385378e+00 3.618940e+00 4.212315e-01 1.352764e+00 2.675947e+00 9.114276e-01 1.079974e+00 1.349417e+00 5.000000e-02
<GCONST> 7.283759e+01
<STATE> 4
<MEAN> 26
 2.328264e+00 -5.785760e+00 -4.663856e+00 -2.119511e+01 -2.547736e+00 -5.654018e+00 -3.148510e+00 -3.828863e+00 -4.263877e+00 -8.523983e+00 -6.155977e+00 -7.856216e+00 5.821116e-01 -2.518609e+00 -1.853062e+00 8.339744e-01 -1.742870e+00 -1.615437e+00 1.595093e+00 2.586822e-01 5.429971e-01 9.252262e-01 6.180755e-01 -8.634565e-01 -1.852494e+00 6.479678e-02
<VARIANCE> 26
 2.378380e+01 9.802000e+00 3.146004e+01 7.396706e+01 5.187637e+01 4.919392e+01 9.309201e+00 1.413094e+01 1.896042e+01 6.036860e+00 1.381121e+01 9.250322e+00 5.000000e-02 2.232247e+00 1.070561e+00 6.317381e-01 3.539921e+00 1.149007e+00 2.367191e+00 4.176533e+00 1.548289e+00 1.799925e+00 1.241862e+00 4.023891e+00 9.145376e-01 5.000000e-02
<GCONST> 8.396216e+01
<STATE> 5
<MEAN> 26
 -6.300985e+00 -1.390065e+01 -3.962830e+00 -1.754982e+01 -1.032893e+01 2.803051e-01 1.336341e+00 -1.385022e+00 -2.450163e+00 -6.581665e+00 -6.908711e+00 -1.414724e+01 6.644105e-01 -2.861074e+00 -3.162334e+00 -1.088049e+00 2.396907e+00 -1.245407e+00 6.019934e-01 3.786387e+00 1.577362e+00 4.829551e-01 -6.650209e-01 7.098194e-01 -1.447285e+00 6.323016e-02
<VARIANCE> 26
 1.397448e+01 2.048641e+01 2.928627e+01 1.436950e+01 7.096712e+00 5.567451e+01 5.557933e+01 1.453288e+01 2.972157e+01 1.088650e+01 1.861584e+01 3.159347e+00 5.000000e-02 1.842553e+00 1.630861e+00 5.607740e+00 7.387865e+00 3.171765e+00 3.787182e+00 2.027617e+00 5.314403e-01 7.076120e-01 1.990833e+00 3.297944e+00 1.007966e+00 5.000000e-02
<GCONST> 8.494850e+01
<STATE> 6
<MEAN> 26
 -9.236488e+00 -1.946002e+01 -7.920841e+00 -1.252059e+01 -9.724861e+00 -1.778890e+00 1.046061e+01 2.354457e+00 -2.660883e+00 -9.737447e+00 -5.088294e+00 -1.511720e+01 7.930622e-01 -1.009225e+00 -2.270049e+00 -1.811463e+00 2.639977e+00 2.045486e+00 -1.139626e+00 1.893695e+00 1.092950e+00 -1.120243e-01 -2.596004e+00 9.384599e-01 2.005858e+00 4.903572e-02
<VARIANCE> 26
 5.265898e+00 2.846069e+01 2.378351e+01 1.587037e+01 9.222621e+00 6.617673e+01 2.526437e+01 1.348913e+01 2.686777e+01 9.976581e+00 2.625840e+01 5.019183e+00 5.000000e-02 1.521354e-01 5.002167e-01 1.091730e+00 4.135062e-01 9.541996e-01 1.247237e+00 2.451049e+00 1.440101e+00 1.335245e+00 1.316914e+00 1.011787e+00 9.878675e-01 5.000000e-02
<GCONST> 7.408242e+01
<STATE> 7
<MEAN> 26
 -1.005095e+01 -2.032738e+01 -1.090149e+01 -7.034910e+00 -4.605050e+00 -4.116345e+00 1.136491e+01 2.297361e+00 -2.526699e+00 -1.472956e+01 -2.692385e+00 -8.492929e+00 8.500739e-01 -4.126553e-01 -1.199232e+00 -1.385585e+00 1.798173e+00 3.763646e+00 -1.264510e+00 -1.027337e+00 1.768690e-02 1.411537e+00 -1.807224e+00 6.633704e-01 3.131362e+00 4.075389e-02
<VARIANCE> 26
 8.904761e+00 1.166568e+01 3.534938e+01 4.148246e+00 1.059445e+01 9.127097e+01 1.527886e+01 9.857327e+00 2.034547e+01 1.025610e+01 1.181756e+01 1.149877e+01 5.000000e-02 5.129043e-01 1.167603e+00 1.021474e+00 3.122283e-01 9.384131e-01 6.164717e-01 2.927538e+00 6.539623e-01 3.107402e-01 6.781955e-01 8.481587e-01 8.600294e-01 5.000000e-02
<GCONST> 7.014001e+01
<STATE> 8
<MEAN> 26
 -1.110276e+01 -2.287805e+01 -1.216288e+01 -6.563087e+00 4.373589e+00 -6.958734e+00 6.960971e+00 1.951751e+00 2.181617e+00 -1.460478e+01 -3.062031e+00 -4.380271e+00 9.188697e-01 -8.473305e-01 -6.672733e-01 -1.002816e+00 1.033065e-01 4.257848e+00 -6.503813e-01 -1.171411e+00 -1.053724e+00 2.916366e+00 1.036229e+00 -5.643749e-01 6.662918e-01 2.410016e-02
<VARIANCE> 26
 1.013712e+01 6.239539e+00 6.671653e+00 5.580369e+00 2.600809e+01 5.413660e+01 6.217980e+00 5.298209e+00 2.266847e+01 1.407671e+01 7.247855e+00 5.775468e+00 5.000000e-02 1.209012e-01 9.728308e-01 1.499044e+00 7.725589e-01 1.184405e+00 1.521628e+00 1.051961e+00 9.470554e-01 1.685533e-01 7.799394e-01 8.999784e-02 1.314920e+00 5.000000e-02
<GCONST> 6.423062e+01
<STATE> 9
<MEAN> 26
 -1.379313e+01 -2.343945e+01 -1.541174e+01 -7.475256e+00 9.911925e+00 -5.488596e+00 4.805507e+00 -2.695271e+00 9.353731e+00 -1.113629e+01 -4.537613e+00 -7.156291e+00 9.357299e-01 -5.556868e-01 3.613106e-01 -1.323282e+00 -2.631667e-01 2.428263e+00 5.032305e-01 -6.348741e-01 -2.155902e+00 2.149746e+00 1.699358e+00 3.429624e-01 -1.222230e+00 1.014312e-03
<VARIANCE> 26
 8.317601e+00 6.090153e+00 4.352186e+00 5.066558e+00 1.684742e+01 2.607588e+01 5.279406e+00 1.291646e+01 1.241245e+01 3.692461e+00 3.939923e+00 6.191187e+00 5.000000e-02 5.330341e-01 2.479309e-01 4.350306e-01 4.753444e-01 3.346002e-01 8.261120e-01 4.382736e-01 3.121096e-01 5.541499e-01 8.385519e-01 3.909506e-01 6.657588e-01 5.000000e-02
<GCONST> 5.715114e+01
<STATE> 10
<MEAN> 26
 -1.242018e+01 -2.214005e+01 -1.669224e+01 -8.216049e+00 1.497089e+01 -2.683805e+00 5.137552e+00 -6.133426e+00 1.051250e+01 -6.904152e+00 -7.314434e-01 -9.448759e+00 9.011022e-01 5.839273e-01 3.091388e-01 -5.464693e-01 -2.936757e-01 1.047068e+00 1.155612e+00 -6.374695e-01 -1.766778e+00 2.583970e-02 4.584032e-01 1.010416e+00 -7.851066e-01 -1.052364e-02
<VARIANCE> 26
 6.190267e+00 5.826416e+00 3.491828e+00 5.354905e+00 1.882428e+01 2.501312e+01 1.273321e+01 1.358490e+01 1.838322e+01 2.678994e+00 6.616047e+00 1.056072e+01 5.000000e-02 4.927760e-01 1.793079e-01 1.652006e-01 4.493210e-01 7.716846e-01 4.666540e-01 6.718291e-02 2.486155e-01 5.954351e-01 9.141589e-01 4.047117e-01 3.361138e-01 5.000000e-02
<GCONST> 5.501479e+01
<STATE> 11
<MEAN> 26
 -1.253887e+01 -2.072206e+01 -1.905837e+01 -8.841285e+00 1.490112e+01 1.224451e+00 1.671750e+00 -1.144876e+01 1.130140e+01 -8.357890e+00 -1.309039e-01 -8.907162e+00 8.854609e-01 -2.470140e-01 5.844908e-01 -7.591825e-01 -7.899096e-01 -3.119492e-02 1.145004e+00 -2.128508e-01 -3.204567e-01 5.386868e-02 2.145291e-01 1.201438e+00 4.127210e-01 -4.746453e-03
<VARIANCE> 26
 4.092267e+00 5.560965e+00 2.701783e+00 4.579180e+00 6.107518e+00 3.538880e+01 4.040300e+00 1.084123e+01 7.595338e+00 2.037199e+00 4.150293e+00 9.764444e+00 5.000000e-02 2.189163e-01 3.005483e-01 3.544481e-01 1.391654e-01 6.900349e-01 1.167101e+00 5.814844e-01 1.126285e+00 5.689240e-01 1.955513e-01 5.127396e-01 5.368611e-01 5.000000e-02
<GCONST> 5.317410e+01
<STATE> 12
<MEAN> 26
 -1.260634e+01 -1.942859e+01 -2.023069e+01 -1.166983e+01 1.615252e+01 -4.023675e-01 3.583333e+00 -8.859647e+00 8.879802e+00 -7.174584e+00 3.604342e+00 -9.531907e+00 8.907498e-01 -4.915588e-01 5.126392e-01 -6.518890e-01 -6.522496e-01 1.322775e-01 1.024520e+00 -6.367625e-02 1.483255e-02 -1.927855e-01 2.100081e-01 5.501324e-01 -5.406497e-01 1.087303e-02
<VARIANCE> 26
 2.460605e+00 6.095005e+00 5.858398e+00 5.064432e+00 7.933600e+00 2.545580e+01 1.665353e+01 4.344463e+00 2.590707e+01 3.381140e+00 2.969988e+00 5.163837e+00 5.000000e-02 4.416362e-01 3.052670e-01 1.634858e-01 1.366092e-01 1.037574e-01 5.433897e-01 1.141154e+00 3.120320e-01 2.653732e-01 3.965044e-01 2.300588e-01 9.248126e-01 5.000000e-02
<GCONST> 5.117086e+01
<STATE> 13
<MEAN> 26
 -1.286032e+01 -1.949552e+01 -2.013630e+01 -1.143468e+01 1.540373e+01 3.440114e+00 9.038561e-01 -1.079308e+01 9.973656e+00 -7.058160e+00 2.561296e+00 -1.021548e+01 9.492400e-01 9.025963e-01 -1.753037e-01 3.056538e-01 -5.038687e-01 -6.298657e-02 3.403877e-01 -6.484239e-01 -2.716851e-01 -9.434100e-01 -9.952586e-01 -1.474614e-01 8.479889e-02 9.982281e-03
<VARIANCE> 26
 6.267061e+00 5.068282e+00 2.193966e+00 4.230925e+00 3.270844e+00 1.690774e+01 2.408312e+01 4.574679e+00 1.543091e+01 4.836543e+00 5.337086e+00 1.802695e+01 5.000000e-02 7.489412e-01 5.435488e-01 2.754351e-01 2.933915e-01 1.079729e+00 2.581600e-01 5.813310e-01 4.892648e-01 1.543320e-01 5.651338e-01 3.067957e-01 7.843003e-01 5.000000e-02
<GCONST> 5.526077e+01
<STATE> 14
<MEAN> 26
 -1.080403e+01 -2.022342e+01 -1.889923e+01 -1.321647e+01 1.697282e+01 4.376440e+00 1.068270e+00 -8.578008e+00 7.252875e+00 -1.120380e+01 3.378569e+00 -8.948391e+00 9.316711e-01 1.201781e+00 -4.360040e-01 9.605643e-01 6.006504e-01 -1.172280e-01 5.454796e-01 -3.075593e-01 -2.190281e-01 -2.516119e-01 -1.217818e+00 7.347110e-01 -3.862313e-01 2.365014e-04
<VARIANCE> 26
 1.332789e+01 5.432453e+00 5.878110e+00 3.924524e+00 2.031818e+01 1.931738e+01 1.467334e+01 2.201743e+00 1.717866e+01 6.837329e+00 1.596476e+00 1.830439e+01 5.000000e-02 3.360721e-01 3.870347e-01 1.450927e+00 5.119694e-01 1.353456e+00 1.540664e+00 1.548553e+00 7.760786e-01 1.883585e-01 8.355619e-01 2.851497e-01 4.989149e-01 5.000000e-02
<GCONST> 6.158548e+01
<STATE> 15
<MEAN> 26
 -8.233363e+00 -2.016792e+01 -1.817680e+01 -1.086845e+01 1.455419e+01 3.757645e+00 -2.011459e+00 -1.212128e+01 8.505360e+00 -1.224480e+01 4.370588e+00 -1.275874e+01 9.605942e-01 8.465878e-01 -3.386286e-01 -8.359194e-02 1.931133e-01 -4.475808e-01 6.392213e-01 -1.263697e+00 -3.768296e-01 1.133179e-01 -8.209256e-02 -1.195544e-01 -1.378671e+00 1.393180e-02
<VARIANCE> 26
 8.051520e+00 7.330400e+00 1.329052e+01 6.687724e+00 1.315811e+01 1.902388e+01 9.790495e+00 3.063294e+00 2.507392e+01 1.123239e+01 3.531335e+00 1.302510e+01 5.000000e-02 5.870849e-01 3.401625e-01 4.368699e-01 7.710725e-01 1.255244e+00 2.031795e+00 7.420635e-01 5.834394e-01 8.829193e-01 1.110208e+00 4.225245e-01 3.712506e-01 5.000000e-02
<GCONST> 6.427911e+01
<STATE> 16
<MEAN> 26
 -6.451538e+00 -2.157007e+01 -1.893496e+01 -1.115603e+01 1.422983e+01 7.985310e+00 -3.720438e+00 -1.070977e+01 7.755411e+00 -1.370554e+01 1.885337e+00 -1.435924e+01 9.708708e-01 7.789555e-01 -1.544862e-02 2.027846e-01 -3.856494e-01 -2.921438e-01 -5.964997e-01 3.272022e-01 7.338225e-01 -1.098460e+00 -2.071988e+00 -3.464169e-01 7.810597e-02 -1.976137e-02
<VARIANCE> 26
 6.983358e+00 5.523519e+00 8.975108e+00 1.308404e+01 5.401081e+00 5.946118e+00 1.394501e+01 3.438285e+00 1.933603e+01 4.458321e+01 6.090167e+00 2.316581e+00 5.000000e-02 3.057919e-01 6.784979e-02 6.862215e-01 1.106776e+00 5.020173e-01 2.097675e+00 4.546710e-01 1.389790e+00 7.679280e-01 1.813506e+00 1.096871e+00 6.510122e-01 5.000000e-02
<GCONST> 6.239396e+01
<STATE> 17
<MEAN> 26
 -5.061576e+00 -2.086255e+01 -1.860318e+01 -1.177552e+01 1.296502e+01 1.740176e+00 -1.748741e+00 -9.643866e+00 5.117883e+00 -2.014836e+01 4.135581e+00 -1.320690e+01 9.008835e-01 5.540147e-01 -1.076598e-01 1.838198e-01 -8.390058e-01 -7.407148e-01 -1.814866e+00 -7.478057e-01 6.695601e-02 -9.640694e-01 -1.353752e+00 1.231263e-01 2.463911e-01 -3.063514e-02
<VARIANCE> 26
 1.078750e+00 6.194799e+00 1.069506e+01 1.187041e+01 1.227840e+01 5.510932e+00 1.163244e+01 1.499789e+01 9.483820e+00 6.356532e+01 1.015981e+01 1.770799e+01 5.000000e-02 6.639181e-01 3.214975e-01 1.294980e+00 8.959883e-01 2.786305e-01 1.604234e+00 8.428493e-01 3.162520e+00 2.164672e+00 1.850308e+00 1.405791e+00 3.186526e+00 5.000000e-02
<GCONST> 7.117369e+01
<STATE> 18
<MEAN> 26
 -3.284175e+00 -2.089946e+01 -1.811400e+01 -1.388876e+01 1.224252e+01 -1.420446e-01 -2.831238e+00 -1.097673e+01 1.452129e+00 -1.646669e+01 2.363872e+00 -1.602312e+01 8.589811e-01 1.059638e+00 1.976463e-01 1.343481e+00 -4.493864e-01 1.550235e-01 -7.211023e-01 -7.926506e-01 7.072457e-01 -1.829904e+00 4.854454e-01 -1.199462e+00 1.251853e+00 -3.319044e-02
<VARIANCE> 26
 8.002769e+00 1.396390e+01 3.034470e+01 3.981883e+00 8.428378e+00 1.520479e+01 2.848887e+01 2.348323e+01 1.603087e+01 5.499076e+01 1.206960e+01 3.701429e+01 5.000000e-02 2.719645e-01 9.142183e-02 5.098054e-01 4.235085e-01 6.869964e-01 5.096718e-01 1.607342e+00 1.194232e+00 1.165866e+00 1.958684e+00 6.815856e-01 3.616852e+00 5.000000e-02
<GCONST> 7.165007e+01
<STATE> 19
<MEAN> 26
 -7.335959e-01 -2.115753e+01 -1.430553e+01 -1.507113e+01 1.299808e+01 -6.929091e-01 -6.896194e+00 -7.968852e+00 -2.277200e+00 -1.529516e+01 2.052939e-01 -1.115341e+01 7.778053e-01 1.444306e+00 3.017570e-01 1.520915e+00 7.183560e-02 -3.344419e-01 1.044122e+00 -1.811194e+00 1.712051e+00 -1.926962e+00 1.548992e+00 -1.940824e-01 1.163289e+00 -4.562916e-02
<VARIANCE> 26
 2.258406e+00 5.318188e+00 1.346412e+01 1.080976e+01 7.593178e+00 3.436208e+01 2.729081e+01 1.632148e+01 1.645201e+01 2.612625e+01 6.942558e+00 1.609166e+01 5.000000e-02 2.000675e-01 1.458837e+00 6.472207e-01 1.937233e+00 4.966311e-01 1.458559e+00 1.435118e+00 9.940889e-01 9.505030e-01 2.217358e+00 1.150519e+00 3.273267e-01 5.000000e-02
<GCONST> 7.049876e+01
<STATE> 20
<MEAN> 26
 2.767112e+00 -2.012955e+01 -1.108541e+01 -1.124275e+01 9.925183e+00 1.980265e+00 -7.812667e+00 -3.774717e+00 -4.698720e+00 -1.178366e+01 -3.167119e-01 -8.565418e+00 6.691695e-01 7.115479e-01 -6.748154e-02 2.459361e-01 2.171004e+00 -1.470300e+00 -2.392143e-01 5.474273e-01 4.644969e-01 7.599873e-01 1.452704e+00 -9.728810e-01 7.418206e-01 -6.015235e-02
<VARIANCE> 26
 3.864223e+00 1.358672e+00 1.171272e+01 2.017011e+01 1.331734e+01 1.870886e+01 1.971715e+01 2.015993e+01 1.416211e+01 3.082924e+01 7.295223e+00 9.156208e+00 5.000000e-02 5.282207e-01 9.415480e-01 9.768060e-01 1.678079e+00 5.974551e-01 7.344241e-01 2.360350e+00 2.356093e+00 9.931139e-01 2.752608e+00 1.181001e+00 1.595377e+00 5.000000e-02
<GCONST> 7.302730e+01
<STATE> 21
<MEAN> 26
 1.407694e+00 -2.218765e+01 -9.957539e+00 -7.891847e+00 7.843712e+00 1.201827e+00 -7.488984e+00 -5.066146e+00 6.875150e-01 -9.680551e+00 -2.075290e+00 -5.159100e+00 5.409304e-01 -3.533393e-01 -9.693093e-01 -1.822640e+00 1.619525e+00 -6.937209e-01 -1.007869e+00 1.329751e+00 -1.009041e+00 1.213939e+00 2.022499e+00 7.253891e-01 1.018679e+00 -3.938389e-02
<VARIANCE> 26
 8.823017e+00 6.450524e+00 2.687659e+01 2.845930e+01 2.239873e+01 1.113198e+01 2.611795e+01 1.640693e+01 1.825289e+01 3.497586e+01 2.955358e+01 1.319069e+01 5.000000e-02 2.502902e-01 3.207116e-01 1.593783e+00 6.509570e-01 8.273115e-01 2.853786e+00 2.162793e+00 8.447741e-01 9.234853e-01 2.022389e+00 7.044511e-01 3.816888e-01 5.000000e-02
<GCONST> 7.476588e+01
<STATE> 22
<MEAN> 26
 1.463523e+00 -2.299659e+01 -1.851177e+01 -4.976410e+00 6.936663e+00 -2.773899e-01 -1.647790e+00 -6.788952e+00 1.064529e+00 -5.499635e+00 -1.132888e+00 -5.513789e+00 4.818478e-01 -6.486202e-02 1.564711e-01 -1.087890e+00 3.574368e-01 2.291950e-01 -5.916058e-01 1.136668e+00 3.170474e-01 1.086842e-01 7.500491e-01 -1.222244e-01 5.456883e-03 -1.747531e-02
<VARIANCE> 26
 2.210099e+00 4.932389e+00 6.319910e+00 5.079507e+00 6.982280e+00 1.326184e+01 1.335348e+01 1.167822e+01 7.745983e+00 7.313387e+00 7.741940e+00 6.843290e+00 5.000000e-02 2.672200e-01 1.543871e-01 2.818496e+00 8.839056e-01 9.702604e-01 3.434930e-01 2.988263e+00 2.013603e+00 1.060841e+00 1.989573e+00 1.375214e+00 9.021012e-01 5.000000e-02
<GCONST> 6.461892e+01
<STATE> 23
<MEAN> 26
 1.662417e+00 -2.148126e+01 -1.709708e+01 -4.618400e+00 8.471883e+00 -1.679190e+00 -1.971307e+00 -3.756589e+00 2.039690e+00 -3.629822e+00 -8.475584e-01 -5.140932e+00 4.542141e-01 -2.081617e-01 3.337243e-02 1.120700e+00 1.201140e-01 -5.567833e-01 8.989695e-01 4.435751e-01 6.249748e-01 2.266505e-01 2.756380e-01 3.313736e-01 7.188494e-01 -1.530119e-02
<VARIANCE> 26
 3.480926e+00 2.441524e+00 5.177510e+00 2.100317e+00 7.581995e+00 1.709198e+01 1.171420e+01 9.313789e+00 2.072760e+01 1.817857e+01 2.080113e+01 2.051021e+00 5.000000e-02 3.879737e-01 8.301387e-01 1.526122e+00 1.571242e+00 3.201040e-01 4.257776e+00 2.198676e+00 1.407771e+00 2.176023e+00 1.631678e+00 2.227578e+00 5.448334e-01 5.000000e-02
<GCONST> 6.820328e+01
<STATE> 24
<MEAN> 26
 1.400617e+00 -2.209863e+01 -1.402921e+01 -4.538735e+00 6.131882e+00 1.465426e+00 -5.159345e-01 -4.733654e+00 3.223322e-01 -5.789388e+00 -5.809169e-02 -3.493825e+00 4.311145e-01 -1.757073e-01 -2.591856e-02 4.660175e-01 2.717490e-01 -9.863546e-02 7.838499e-01 1.466772e-01 -5.273834e-01 -2.490318e-01 -7.569742e-01 -3.323050e-01 3.422002e-01 -1.442171e-02
<VARIANCE> 26
 5.050722e+00 1.001247e+01 1.163248e+01 1.185456e+01 5.866575e+00 5.033620e+01 3.980617e+00 8.427548e+00 2.474947e+01 8.203276e+00 8.871713e+00 7.364491e+00 5.000000e-02 5.642647e-02 1.315229e-01 8.158575e-01 3.090600e-01 4.949686e-01 1.079887e+00 2.840998e-01 1.011015e+00 9.346576e-01 8.273334e-01 7.393184e-01 8.121058e-01 5.000000e-02
<GCONST> 6.041475e+01
<STATE> 25
<MEAN> 26
 3.687113e-01 -2.239867e+01 -1.554644e+01 -4.042840e+00 7.164467e+00 3.616783e-01 -1.467973e+00 -6.249940e+00 1.594838e+00 -5.233205e+00 -1.356007e+00 -4.043256e+00 4.047332e-01 -2.080513e-01 4.861963e-01 -3.464409e-01 6.906443e-01 7.182007e-01 -8.257762e-01 -6.653528e-01 -6.119754e-01 1.705221e-02 2.853703e-02 7.033098e-02 -4.322930e-01 -2.013545e-02
<VARIANCE> 26
 9.209132e-01 4.128590e+00 1.237156e+01 3.111585e+00 7.487306e+00 9.800173e+00 1.396472e+01 1.207915e+01 1.068662e+01 1.429994e+01 5.702819e+00 1.731523e+01 5.000000e-02 3.236050e-01 1.378223e+00 1.517467e+00 2.886323e-01 1.695289e-01 8.222886e-01 9.048942e-01 3.665775e-01 1.323203e+00 7.116868e-01 3.881223e-01 5.826967e-01 5.000000e-02
<GCONST> 5.957137e+01
<STATE> 26
<MEAN> 26
 1.063704e+00 -1.919347e+01 -1.459169e+01 -1.504896e+00 9.314733e+00 -1.106298e+00 -2.519592e+00 -5.411688e+00 -1.779409e-01 -6.657777e+00 -1.381789e+00 -5.751875e+00 3.414060e-01 -3.006988e-01 9.450535e-01 6.126871e-01 3.568265e-01 4.516315e-01 5.225058e-01 7.131796e-01 7.713815e-01 3.555352e-01 7.131384e-02 3.042171e-01 1.095830e-01 -2.580873e-02
<VARIANCE> 26
 1.197287e+00 2.332242e+00 5.566258e+00 3.441298e+00 3.841532e+00 1.763112e+01 1.111128e+01 6.629052e+00 7.205540e+00 7.528578e+00 5.847751e+00 3.722881e+00 5.000000e-02 2.665305e-01 3.880504e-01 4.830706e-01 1.538191e-01 9.531314e-01 1.053724e+00 6.444236e-01 8.001719e-01 9.225703e-01 2.919806e-01 1.028983e+00 5.498259e-01 5.000000e-02
<GCONST> 5.395417e+01
<STATE> 27
<MEAN> 26
 -1.135426e+00 -1.796301e+01 -1.300239e+01 -2.768977e+00 8.998050e+00 2.550173e+00 2.383339e-01 -4.562734e+00 3.697023e+00 -5.777710e+00 7.179424e-01 -1.656240e+00 2.755429e-01 -4.745349e-01 2.199489e-02 -5.680719e-03 -3.212089e-01 -7.476589e-02 3.610546e-01 4.299541e-01 -5.085580e-01 7.519117e-02 -8.760632e-02 -5.501720e-02 6.210647e-01 -1.338424e-02
<VARIANCE> 26
 1.304156e+00 1.015665e+01 1.543744e+01 4.022547e+00 5.997468e+00 3.055099e+01 1.510913e+01 7.002103e+00 2.218489e+01 1.369778e+01 1.212305e+01 1.758152e+01 5.000000e-02 5.399057e-02 2.407012e-01 6.939865e-01 6.138489e-01 2.826443e-01 4.720313e-01 2.290667e+00 6.876826e-01 8.882511e-01 1.248721e-01 7.044599e-01 1.010256e+00 5.000000e-02
<GCONST> 6.016119e+01
<STATE> 28
<MEAN> 26
 -1.375619e+00 -1.958539e+01 -1.425000e+01 -3.789769e+00 8.476887e+00 1.175009e+00 -5.579062e-01 -5.672945e+00 1.916708e+00 -5.994752e+00 -8.399706e-01 -3.432112e+00 2.862336e-01 -3.953182e-01 2.127104e-01 5.133725e-01 1.723915e-01 -5.188165e-02 -1.049571e-01 -3.149844e-01 -2.944323e-01 2.379853e-01 1.182752e+00 1.001709e-01 -3.448115e-01 -2.072412e-02
<VARIANCE> 26
 3.051417e+00 2.971364e+00 6.127319e+00 1.278482e+01 3.825666e+00 1.953734e+01 1.474557e+01 1.174600e+01 2.093103e+01 7.036947e+00 3.662038e+00 2.016189e+01 5.000000e-02 2.108559e-01 6.897210e-01 9.258785e-01 1.669682e+00 3.097343e-01 5.122392e-01 8.013131e-01 6.265349e-01 2.509353e-01 8.157215e-01 9.505753e-01 5.336907e-01 5.000000e-02
<GCONST> 6.083435e+01
<STATE> 29
<MEAN> 26
 -2.590500e+00 -1.651896e+01 -1.108169e+01 -7.082309e-01 9.813401e+00 -1.091423e+00 -2.128586e+00 -6.894688e+00 1.335316e+00 -1.515002e+00 8.075592e-01 -5.677605e+00 2.182495e-01 -9.015629e-01 1.578353e+00 1.859593e+00 3.120342e-01 -3.925580e-01 -2.498098e-01 -3.971618e-01 -1.601667e-01 -4.889760e-01 6.879776e-01 3.171639e-01 5.116963e-01 -5.017636e-02
<VARIANCE> 26
 2.009970e+00 2.708838e+00 5.966829e+00 9.776994e+00 6.075982e+00 1.794171e+01 4.988297e+00 1.661617e+01 1.644541e+01 6.264440e+00 1.198808e+01 1.882520e+01 5.000000e-02 3.151858e-01 4.629764e-01 9.697415e-01 1.168484e+00 9.984429e-01 2.845396e-01 2.827301e-01 6.456309e-01 4.287369e-01 1.991400e-01 1.315975e+00 1.951144e+00 5.000000e-02
<GCONST> 6.044063e+01
<STATE> 30
<MEAN> 26
 -5.029998e+00 -1.318540e+01 -7.068540e+00 -1.484784e+00 7.797541e+00 7.261708e-01 -1.351369e+00 -6.978515e+00 4.800409e-01 -2.948997e+00 -8.963931e-01 -2.143253e+00 7.224219e-02 -6.779099e-01 1.526717e+00 1.661368e+00 1.047688e-01 -6.504987e-01 1.092343e-01 6.329570e-01 -1.041993e-01 -1.493972e-01 -4.638368e-01 1.330731e-01 2.954943e-02 -4.903619e-02
<VARIANCE> 26
 1.026358e+00 8.117001e+00 8.059264e+00 4.190236e+00 8.594188e+00 1.049723e+01 1.209017e+01 8.240337e+00 2.759463e+01 8.168642e+00 1.985193e+01 1.006072e+01 5.000000e-02 1.433144e-01 3.106544e-01 9.198436e-01 1.043300e+00 1.272613e+00 2.231655e+00 1.036601e+00 2.508625e+00 2.249952e+00 8.917928e-01 7.019230e-01 3.592964e-01 5.000000e-02
<GCONST> 6.541678e+01
<STATE> 31
<MEAN> 26
 -5.843908e+00 -1.196223e+01 -5.870519e+00 -8.661222e-01 6.326973e+00 4.186946e-01 3.726564e-01 -5.586956e+00 2.096153e-01 -1.607262e+00 1.754687e+00 -3.867613e+00 6.949835e-03 -9.777661e-02 4.043429e-01 5.027865e-01 -1.986543e-01 -8.089929e-01 -5.650246e-01 -3.790355e-02 4.817262e-01 3.004206e-01 1.010905e-02 1.456675e-01 2.154015e-01 -8.268251e-03
<VARIANCE> 26
 1.077790e+00 1.971614e+00 2.124622e+00 4.109093e+00 7.738648e+00 4.345573e+00 7.502149e+00 1.334845e+01 9.173734e+00 1.259649e+01 5.545331e+00 1.478069e+01 5.000000e-02 1.420772e-01 5.200850e-01 5.372604e-01 4.953420e-01 6.144316e-01 1.427520e+00 5.571813e-01 1.544421e+00 1.517682e+00 1.026191e+00 1.315903e+00 1.663571e+00 5.000000e-02
<GCONST> 5.900818e+01
<TRANSP> 32
 0.000000e+00 1.000000e+00 0.000000e+00 0.000000e+00 0.000000e+00 0.000000e+00 0.000000e+00 0.000000e+00 0.000000e+00 0.000000e+00 0.000000e+00 0.000000e+00 0.000000e+00 0.000000e+00 0.000000e+00 0.000000e+00 0.000000e+00 0.000000e+00 0.000000e+00 0.000000e+00 0.000000e+00 0.000000e+00 0.000000e+00 0.000000e+00 0.000000e+00 0.000000e+00 0.000000e+00 0.000000e+00 0.000000e+00 0.000000e+00 0.000000e+00 0.000000e+00
 0.000000e+00 5.583327e-01 4.416673e-01 0.000000e+00 0.000000e+00 0.000000e+00 0.000000e+00 0.000000e+00 0.000000e+00 0.000000e+00 0.000000e+00 0.000000e+00 0.000000e+00 0.000000e+00 0.000000e+00 0.000000e+00 0.000000e+00 0.000000e+00 0.000000e+00 0.000000e+00 0.000000e+00 0.000000e+00 0.000000e+00 0.000000e+00 0.000000e+00 0.000000e+00 0.000000e+00 0.000000e+00 0.000000e+00 0.000000e+00 0.000000e+00 0.000000e+00
 0.000000e+00 0.000000e+00 5.454251e-01 4.545749e-01 0.000000e+00 0.000000e+00 0.000000e+00 0.000000e+00 0.000000e+00 0.000000e+00 0.000000e+00 0.000000e+00 0.000000e+00 0.000000e+00 0.000000e+00 0.000000e+00 0.000000e+00 0.000000e+00 0.000000e+00 0.000000e+00 0.000000e+00 0.000000e+00 0.000000e+00 0.000000e+00 0.000000e+00 0.000000e+00 0.000000e+00 0.000000e+00 0.000000e+00 0.000000e+00 0.000000e+00 0.000000e+00
 0.000000e+00 0.000000e+00 0.000000e+00 4.446463e-01 5.553536e-01 0.000000e+00 0.000000e+00 0.000000e+00 0.000000e+00 0.000000e+00 0.000000e+00 0.000000e+00 0.000000e+00 0.000000e+00 0.000000e+00 0.000000e+00 0.000000e+00 0.000000e+00 0.000000e+00 0.000000e+00 0.000000e+00 0.000000e+00 0.000000e+00 0.000000e+00 0.000000e+00 0.000000e+00 0.000000e+00 0.000000e+00 0.000000e+00 0.000000e+00 0.000000e+00 0.000000e+00
 0.000000e+00 0.000000e+00 0.000000e+00 0.000000e+00 5.831464e-01 4.168536e-01 0.000000e+00 0.000000e+00 0.000000e+00 0.000000e+00 0.000000e+00 0.000000e+00 0.000000e+00 0.000000e+00 0.000000e+00 0.000000e+00 0.000000e+00 0.000000e+00 0.000000e+00 0.000000e+00 0.000000e+00 0.000000e+00 0.000000e+00 0.000000e+00 0.000000e+00 0.000000e+00 0.000000e+00 0.000000e+00 0.000000e+00 0.000000e+00 0.000000e+00 0.000000e+00
 0.000000e+00 0.000000e+00 0.000000e+00 0.000000e+00 0.000000e+00 2.859519e-01 7.140481e-01 0.000000e+00 0.000000e+00 0.000000e+00 0.000000e+00 0.000000e+00 0.000000e+00 0.000000e+00 0.000000e+00 0.000000e+00 0.000000e+00 0.000000e+00 0.000000e+00 0.000000e+00 0.000000e+00 0.000000e+00 0.000000e+00 0.000000e+00 0.000000e+00 0.000000e+00 0.000000e+00 0.000000e+00 0.000000e+00 0.000000e+00 0.000000e+00 0.000000e+00
 0.000000e+00 0.000000e+00 0.000000e+00 0.000000e+00 0.000000e+00 0.000000e+00 2.916340e-01 7.083660e-01 0.000000e+00 0.000000e+00 0.000000e+00 0.000000e+00 0.000000e+00 0.000000e+00 0.000000e+00 0.000000e+00 0.000000e+00 0.000000e+00 0.000000e+00 0.000000e+00 0.000000e+00 0.000000e+00 0.000000e+00 0.000000e+00 0.000000e+00 0.000000e+00 0.000000e+00 0.000000e+00 0.000000e+00 0.000000e+00 0.000000e+00 0.000000e+00
 0.000000e+00 0.000000e+00 0.000000e+00 0.000000e+00 0.000000e+00 0.000000e+00 0.000000e+00 5.432441e-01 4.567560e-01 0.000000e+00 0.000000e+00 0.000000e+00 0.000000e+00 0.000000e+00 0.000000e+00 0.000000e+00 0.000000e+00 0.000000e+00 0.000000e+00 0.000000e+00 0.000000e+00 0.000000e+00 0.000000e+00 0.000000e+00 0.000000e+00 0.000000e+00 0.000000e+00 0.000000e+00 0.000000e+00 0.000000e+00 0.000000e+00 0.000000e+00
 0.000000e+00 0.000000e+00 0.000000e+00 0.000000e+00 0.000000e+00 0.000000e+00 0.000000e+00 0.000000e+00 4.997339e-01 5.002661e-01 0.000000e+00 0.000000e+00 0.000000e+00 0.000000e+00 0.000000e+00 0.000000e+00 0.000000e+00 0.000000e+00 0.000000e+00 0.000000e+00 0.000000e+00 0.000000e+00 0.000000e+00 0.000000e+00 0.000000e+00 0.000000e+00 0.000000e+00 0.000000e+00 0.000000e+00 0.000000e+00 0.000000e+00 0.000000e+00
 0.000000e+00 0.000000e+00 0.000000e+00 0.000000e+00 0.000000e+00 0.000000e+00 0.000000e+00 0.000000e+00 0.000000e+00 6.152114e-01 3.847886e-01 0.000000e+00 0.000000e+00 0.000000e+00 0.000000e+00 0.000000e+00 0.000000e+00 0.000000e+00 0.000000e+00 0.000000e+00 0.000000e+00 0.000000e+00 0.000000e+00 0.000000e+00 0.000000e+00 0.000000e+00 0.000000e+00 0.000000e+00 0.000000e+00 0.000000e+00 0.000000e+00 0.000000e+00
 0.000000e+00 0.000000e+00 0.000000e+00 0.000000e+00 0.000000e+00 0.000000e+00 0.000000e+00 0.000000e+00 0.000000e+00 0.000000e+00 5.456454e-01 4.543546e-01 0.000000e+00 0.000000e+00 0.000000e+00 0.000000e+00 0.000000e+00 0.000000e+00 0.000000e+00 0.000000e+00 0.000000e+00 0.000000e+00 0.000000e+00 0.000000e+00 0.000000e+00 0.000000e+00 0.000000e+00 0.000000e+00 0.000000e+00 0.000000e+00 0.000000e+00 0.000000e+00
 0.000000e+00 0.000000e+00 0.000000e+00 0.000000e+00 0.000000e+00 0.000000e+00 0.000000e+00 0.000000e+00 0.000000e+00 0.000000e+00 0.000000e+00 5.000807e-01 4.999193e-01 0.000000e+00 0.000000e+00 0.000000e+00 0.000000e+00 0.000000e+00 0.000000e+00 0.000000e+00 0.000000e+00 0.000000e+00 0.000000e+00 0.000000e+00 0.000000e+00 0.000000e+00 0.000000e+00 0.000000e+00 0.000000e+00 0.000000e+00 0.000000e+00 0.000000e+00
 0.000000e+00 0.000000e+00 0.000000e+00 0.000000e+00 0.000000e+00 0.000000e+00 0.000000e+00 0.000000e+00 0.000000e+00 0.000000e+00 0.000000e+00 0.000000e+00 5.452072e-01 4.547929e-01 0.000000e+00 0.000000e+00 0.000000e+00 0.000000e+00 0.000000e+00 0.000000e+00 0.000000e+00 0.000000e+00 0.000000e+00 0.000000e+00 0.000000e+00 0.000000e+00 0.000000e+00 0.000000e+00 0.000000e+00 0.000000e+00 0.000000e+00 0.000000e+00
 0.000000e+00 0.000000e+00 0.000000e+00 0.000000e+00 0.000000e+00 0.000000e+00 0.000000e+00 0.000000e+00 0.000000e+00 0.000000e+00 0.000000e+00 0.000000e+00 0.000000e+00 4.405017e-01 5.594983e-01 0.000000e+00 0.000000e+00 0.000000e+00 0.000000e+00 0.000000e+00 0.000000e+00 0.000000e+00 0.000000e+00 0.000000e+00 0.000000e+00 0.000000e+00 0.000000e+00 0.000000e+00 0.000000e+00 0.000000e+00 0.000000e+00 0.000000e+00
 0.000000e+00 0.000000e+00 0.000000e+00 0.000000e+00 0.000000e+00 0.000000e+00 0.000000e+00 0.000000e+00 0.000000e+00 0.000000e+00 0.000000e+00 0.000000e+00 0.000000e+00 0.000000e+00 6.505194e-01 3.494805e-01 0.000000e+00 0.000000e+00 0.000000e+00 0.000000e+00 0.000000e+00 0.000000e+00 0.000000e+00 0.000000e+00 0.000000e+00 0.000000e+00 0.000000e+00 0.000000e+00 0.000000e+00 0.000000e+00 0.000000e+00 0.000000e+00
 0.000000e+00 0.000000e+00 0.000000e+00 0.000000e+00 0.000000e+00 0.000000e+00 0.000000e+00 0.000000e+00 0.000000e+00 0.000000e+00 0.000000e+00 0.000000e+00 0.000000e+00 0.000000e+00 0.000000e+00 5.349743e-01 4.650258e-01 0.000000e+00 0.000000e+00 0.000000e+00 0.000000e+00 0.000000e+00 0.000000e+00 0.000000e+00 0.000000e+00 0.000000e+00 0.000000e+00 0.000000e+00 0.000000e+00 0.000000e+00 0.000000e+00 0.000000e+00
 0.000000e+00 0.000000e+00 0.000000e+00 0.000000e+00 0.000000e+00 0.000000e+00 0.000000e+00 0.000000e+00 0.000000e+00 0.000000e+00 0.000000e+00 0.000000e+00 0.000000e+00 0.000000e+00 0.000000e+00 0.000000e+00 3.790285e-01 6.209715e-01 0.000000e+00 0.000000e+00 0.000000e+00 0.000000e+00 0.000000e+00 0.000000e+00 0.000000e+00 0.000000e+00 0.000000e+00 0.000000e+00 0.000000e+00 0.000000e+00 0.000000e+00 0.000000e+00
 0.000000e+00 0.000000e+00 0.000000e+00 0.000000e+00 0.000000e+00 0.000000e+00 0.000000e+00 0.000000e+00 0.000000e+00 0.000000e+00 0.000000e+00 0.000000e+00 0.000000e+00 0.000000e+00 0.000000e+00 0.000000e+00 0.000000e+00 5.445291e-01 4.554708e-01 0.000000e+00 0.000000e+00 0.000000e+00 0.000000e+00 0.000000e+00 0.000000e+00 0.000000e+00 0.000000e+00 0.000000e+00 0.000000e+00 0.000000e+00 0.000000e+00 0.000000e+00
 0.000000e+00 0.000000e+00 0.000000e+00 0.000000e+00 0.000000e+00 0.000000e+00 0.000000e+00 0.000000e+00 0.000000e+00 0.000000e+00 0.000000e+00 0.000000e+00 0.000000e+00 0.000000e+00 0.000000e+00 0.000000e+00 0.000000e+00 0.000000e+00 4.436049e-01 5.563951e-01 0.000000e+00 0.000000e+00 0.000000e+00 0.000000e+00 0.000000e+00 0.000000e+00 0.000000e+00 0.000000e+00 0.000000e+00 0.000000e+00 0.000000e+00 0.000000e+00
 0.000000e+00 0.000000e+00 0.000000e+00 0.000000e+00 0.000000e+00 0.000000e+00 0.000000e+00 0.000000e+00 0.000000e+00 0.000000e+00 0.000000e+00 0.000000e+00 0.000000e+00 0.000000e+00 0.000000e+00 0.000000e+00 0.000000e+00 0.000000e+00 0.000000e+00 5.828977e-01 4.171024e-01 0.000000e+00 0.000000e+00 0.000000e+00 0.000000e+00 0.000000e+00 0.000000e+00 0.000000e+00 0.000000e+00 0.000000e+00 0.000000e+00 0.000000e+00
 0.000000e+00 0.000000e+00 0.000000e+00 0.000000e+00 0.000000e+00 0.000000e+00 0.000000e+00 0.000000e+00 0.000000e+00 0.000000e+00 0.000000e+00 0.000000e+00 0.000000e+00 0.000000e+00 0.000000e+00 0.000000e+00 0.000000e+00 0.000000e+00 0.000000e+00 0.000000e+00 4.448514e-01 5.551486e-01 0.000000e+00 0.000000e+00 0.000000e+00 0.000000e+00 0.000000e+00 0.000000e+00 0.000000e+00 0.000000e+00 0.000000e+00 0.000000e+00
 0.000000e+00 0.000000e+00 0.000000e+00 0.000000e+00 0.000000e+00 0.000000e+00 0.000000e+00 0.000000e+00 0.000000e+00 0.000000e+00 0.000000e+00 0.000000e+00 0.000000e+00 0.000000e+00 0.000000e+00 0.000000e+00 0.000000e+00 0.000000e+00 0.000000e+00 0.000000e+00 0.000000e+00 6.153502e-01 3.846498e-01 0.000000e+00 0.000000e+00 0.000000e+00 0.000000e+00 0.000000e+00 0.000000e+00 0.000000e+00 0.000000e+00 0.000000e+00
 0.000000e+00 0.000000e+00 0.000000e+00 0.000000e+00 0.000000e+00 0.000000e+00 0.000000e+00 0.000000e+00 0.000000e+00 0.000000e+00 0.000000e+00 0.000000e+00 0.000000e+00 0.000000e+00 0.000000e+00 0.000000e+00 0.000000e+00 0.000000e+00 0.000000e+00 0.000000e+00 0.000000e+00 0.000000e+00 3.743055e-01 6.256945e-01 0.000000e+00 0.000000e+00 0.000000e+00 0.000000e+00 0.000000e+00 0.000000e+00 0.000000e+00 0.000000e+00
 0.000000e+00 0.000000e+00 0.000000e+00 0.000000e+00 0.000000e+00 0.000000e+00 0.000000e+00 0.000000e+00 0.000000e+00 0.000000e+00 0.000000e+00 0.000000e+00 0.000000e+00 0.000000e+00 0.000000e+00 0.000000e+00 0.000000e+00 0.000000e+00 0.000000e+00 0.000000e+00 0.000000e+00 0.000000e+00 0.000000e+00 4.451751e-01 5.548248e-01 0.000000e+00 0.000000e+00 0.000000e+00 0.000000e+00 0.000000e+00 0.000000e+00 0.000000e+00
 0.000000e+00 0.000000e+00 0.000000e+00 0.000000e+00 0.000000e+00 0.000000e+00 0.000000e+00 0.000000e+00 0.000000e+00 0.000000e+00 0.000000e+00 0.000000e+00 0.000000e+00 0.000000e+00 0.000000e+00 0.000000e+00 0.000000e+00 0.000000e+00 0.000000e+00 0.000000e+00 0.000000e+00 0.000000e+00 0.000000e+00 0.000000e+00 5.454479e-01 4.545520e-01 0.000000e+00 0.000000e+00 0.000000e+00 0.000000e+00 0.000000e+00 0.000000e+00
 0.000000e+00 0.000000e+00 0.000000e+00 0.000000e+00 0.000000e+00 0.000000e+00 0.000000e+00 0.000000e+00 0.000000e+00 0.000000e+00 0.000000e+00 0.000000e+00 0.000000e+00 0.000000e+00 0.000000e+00 0.000000e+00 0.000000e+00 0.000000e+00 0.000000e+00 0.000000e+00 0.000000e+00 0.000000e+00 0.000000e+00 0.000000e+00 0.000000e+00 5.828844e-01 4.171156e-01 0.000000e+00 0.000000e+00 0.000000e+00 0.000000e+00 0.000000e+00
 0.000000e+00 0.000000e+00 0.000000e+00 0.000000e+00 0.000000e+00 0.000000e+00 0.000000e+00 0.000000e+00 0.000000e+00 0.000000e+00 0.000000e+00 0.000000e+00 0.000000e+00 0.000000e+00 0.000000e+00 0.000000e+00 0.000000e+00 0.000000e+00 0.000000e+00 0.000000e+00 0.000000e+00 0.000000e+00 0.000000e+00 0.000000e+00 0.000000e+00 0.000000e+00 4.482374e-01 5.517626e-01 0.000000e+00 0.000000e+00 0.000000e+00 0.000000e+00
 0.000000e+00 0.000000e+00 0.000000e+00 0.000000e+00 0.000000e+00 0.000000e+00 0.000000e+00 0.000000e+00 0.000000e+00 0.000000e+00 0.000000e+00 0.000000e+00 0.000000e+00 0.000000e+00 0.000000e+00 0.000000e+00 0.000000e+00 0.000000e+00 0.000000e+00 0.000000e+00 0.000000e+00 0.000000e+00 0.000000e+00 0.000000e+00 0.000000e+00 0.000000e+00 0.000000e+00 5.810651e-01 4.189349e-01 0.000000e+00 0.000000e+00 0.000000e+00
 0.000000e+00 0.000000e+00 0.000000e+00 0.000000e+00 0.000000e+00 0.000000e+00 0.000000e+00 0.000000e+00 0.000000e+00 0.000000e+00 0.000000e+00 0.000000e+00 0.000000e+00 0.000000e+00 0.000000e+00 0.000000e+00 0.000000e+00 0.000000e+00 0.000000e+00 0.000000e+00 0.000000e+00 0.000000e+00 0.000000e+00 0.000000e+00 0.000000e+00 0.000000e+00 0.000000e+00 0.000000e+00 5.456102e-01 4.543898e-01 0.000000e+00 0.000000e+00
 0.000000e+00 0.000000e+00 0.000000e+00 0.000000e+00 0.000000e+00 0.000000e+00 0.000000e+00 0.000000e+00 0.000000e+00 0.000000e+00 0.000000e+00 0.000000e+00 0.000000e+00 0.000000e+00 0.000000e+00 0.000000e+00 0.000000e+00 0.000000e+00 0.000000e+00 0.000000e+00 0.000000e+00 0.000000e+00 0.000000e+00 0.000000e+00 0.000000e+00 0.000000e+00 0.000000e+00 0.000000e+00 0.000000e+00 3.968005e-01 6.031995e-01 0.000000e+00
 0.000000e+00 0.000000e+00 0.000000e+00 0.000000e+00 0.000000e+00 0.000000e+00 0.000000e+00 0.000000e+00 0.000000e+00 0.000000e+00 0.000000e+00 0.000000e+00 0.000000e+00 0.000000e+00 0.000000e+00 0.000000e+00 0.000000e+00 0.000000e+00 0.000000e+00 0.000000e+00 0.000000e+00 0.000000e+00 0.000000e+00 0.000000e+00 0.000000e+00 0.000000e+00 0.000000e+00 0.000000e+00 0.000000e+00 0.000000e+00 7.390879e-01 2.609121e-01
 0.000000e+00 0.000000e+00 0.000000e+00 0.000000e+00 0.000000e+00 0.000000e+00 0.000000e+00 0.000000e+00 0.000000e+00 0.000000e+00 0.000000e+00 0.000000e+00 0.000000e+00 0.000000e+00 0.000000e+00 0.000000e+00 0.000000e+00 0.000000e+00 0.000000e+00 0.000000e+00 0.000000e+00 0.000000e+00 0.000000e+00 0.000000e+00 0.000000e+00 0.000000e+00 0.000000e+00 0.000000e+00 0.000000e+00 0.000000e+00 0.000000e+00 0.000000e+00
<ENDHMM>
