~o
<STREAMINFO> 1 39
<VECSIZE> 39<NULLD><MFCC_E_D_A><DIAGC>
~h "Sai"
<BEGINHMM>
<NUMSTATES> 10
<STATE> 2
<MEAN> 39
 -1.396194e+01 3.901644e-01 -1.163572e+01 4.010685e+00 -4.357613e+00 -2.604389e+00 1.570903e+00 -2.441604e+00 2.609999e+00 -3.806960e+00 3.492231e+00 -3.299796e+00 1.225353e-01 -1.734847e+00 1.272697e+00 -2.080768e+00 1.077850e+00 -4.746834e-01 2.049116e-01 1.782699e-01 -2.255808e-01 1.324486e-01 7.812297e-02 3.177768e-01 1.238425e-01 3.421460e-02 1.407566e-01 -3.280035e-01 9.685996e-02 -2.153212e-01 1.337304e-01 -1.190141e-01 8.281477e-02 1.236797e-01 -1.263911e-03 -9.095208e-02 -1.129087e-01 7.677452e-02 4.777135e-03
<VARIANCE> 39
 4.951416e+01 3.698766e+01 5.089865e+01 1.569494e+01 1.368395e+01 1.473364e+01 1.957067e+01 7.242313e+00 9.973884e+00 1.316250e+01 1.286812e+01 1.061852e+01 5.000000e-02 2.675487e+00 2.438741e+00 2.802034e+00 1.677759e+00 1.305681e+00 9.507402e-01 1.680169e+00 1.005805e+00 1.366266e+00 1.931631e+00 1.276534e+00 1.171741e+00 5.000000e-02 7.430966e-01 6.389177e-01 7.546401e-01 4.273307e-01 2.330948e-01 2.077681e-01 2.587622e-01 2.422064e-01 2.853515e-01 4.094742e-01 3.766380e-01 2.073009e-01 5.000000e-02
<GCONST> 9.010738e+01
<STATE> 3
<MEAN> 39
 -1.195541e+01 -9.567726e+00 -1.845938e+01 -3.549718e-01 -3.333485e+00 -5.525178e+00 5.205289e+00 -3.337068e-01 4.475051e+00 -9.212287e+00 -1.478735e+00 -5.217971e-01 5.729746e-01 2.367003e+00 -4.164265e+00 -2.249765e-01 -1.723365e+00 1.567084e+00 -8.781871e-01 1.154865e+00 -4.799927e-01 2.689896e-01 -1.319570e+00 -1.570220e+00 5.317061e-01 9.353555e-02 -1.254472e-01 -3.064991e-02 3.602137e-02 3.036604e-01 3.322170e-01 2.518398e-01 -8.594689e-02 -4.929356e-01 -5.310222e-02 2.522635e-01 2.408157e-01 -8.641702e-02 -9.020365e-04
<VARIANCE> 39
 1.029405e+02 1.286304e+02 2.707890e+01 9.292921e+01 4.247101e+01 6.478463e+01 4.486625e+01 2.696504e+01 1.840933e+01 2.385276e+01 4.567321e+01 1.528075e+01 6.601898e-02 6.274132e+00 2.819411e+00 3.983855e+00 9.828092e+00 6.092923e+00 3.256897e+00 7.299779e+00 5.654544e+00 2.501682e+00 1.663222e+00 5.797313e+00 1.746978e+00 5.000000e-02 1.916547e+00 1.605766e+00 8.812522e-01 2.405426e+00 8.409265e-01 6.870242e-01 1.826389e+00 7.526748e-01 5.521923e-01 4.376256e-01 1.505541e+00 5.467260e-01 5.000000e-02
<GCONST> 1.249604e+02
<STATE> 4
<MEAN> 39
 -3.466921e+00 -2.697401e+01 -1.922959e+01 -1.230543e+00 7.446490e+00 -4.310715e+00 4.603257e+00 -8.558156e+00 4.798229e+00 -1.042440e+01 -4.038737e+00 -2.647098e+00 9.699501e-01 1.139067e-01 -6.290898e-01 2.235204e-01 3.117300e-01 -6.314037e-02 1.013555e+00 -1.047986e+00 1.459214e-03 2.507284e-01 5.861387e-02 2.662386e-01 -3.291167e-01 8.081565e-03 1.976599e-02 1.933677e-01 -1.262542e-02 -1.675375e-01 -2.864646e-01 -1.441123e-01 4.178290e-02 2.940610e-01 2.244640e-02 -1.661492e-01 -3.682490e-02 1.273335e-02 -5.982017e-03
<VARIANCE> 39
 1.720588e+01 1.148720e+01 3.033111e+01 1.728567e+01 2.550813e+01 4.217525e+01 4.648336e+01 1.267426e+01 3.224662e+01 3.704760e+01 4.667514e+01 2.670652e+01 5.000000e-02 4.146852e-01 5.290987e-01 3.812855e-01 9.530797e-01 1.060262e+00 7.939481e-01 1.868160e+00 2.762432e+00 1.738160e+00 2.331378e+00 3.247522e+00 1.791871e+00 5.000000e-02 7.502440e-02 1.246015e-01 1.026186e-01 1.419706e-01 4.563904e-01 1.670696e-01 6.190532e-01 4.312382e-01 3.056707e-01 3.799631e-01 5.469578e-01 3.189898e-01 5.000000e-02
<GCONST> 8.721721e+01
<STATE> 5
<MEAN> 39
 -5.173870e+00 -2.721036e+01 -1.757711e+01 -4.436441e+00 3.117433e+00 -2.476580e+00 4.821621e+00 -4.667335e+00 4.513394e+00 -1.339776e+01 -7.708541e-01 -8.541275e-01 9.575762e-01 -1.403632e-01 2.759990e-01 5.155577e-01 -7.338930e-01 -7.966829e-01 -8.407094e-01 1.020840e+00 5.598466e-01 -8.109764e-01 2.697537e-02 1.108772e-01 -1.856162e-01 -1.231476e-02 1.891469e-02 3.719611e-02 2.258092e-01 -1.109656e-01 -2.670290e-01 -4.746478e-02 9.033469e-03 8.959769e-02 1.252481e-02 3.794937e-01 -1.474840e-01 -2.194170e-01 -3.639120e-03
<VARIANCE> 39
 2.554897e+01 1.167522e+01 9.589532e+00 1.893794e+01 3.109496e+01 1.748288e+01 2.101236e+01 3.574643e+01 7.282024e+01 1.300916e+01 2.560233e+01 9.204435e+00 5.000000e-02 1.248538e-01 3.450084e-01 8.769860e-01 6.489770e-01 1.509126e+00 5.175137e-01 8.965024e-01 9.253920e-01 9.815056e-01 1.228374e+00 1.116574e+00 1.112623e+00 5.000000e-02 5.000000e-02 5.250046e-02 1.273486e-01 9.693653e-02 1.358773e-01 1.289966e-01 2.148794e-01 1.638216e-01 2.494474e-01 2.974219e-01 1.922586e-01 2.570379e-01 5.000000e-02
<GCONST> 7.175100e+01
<STATE> 6
<MEAN> 39
 -3.254286e+00 -2.510524e+01 -6.339629e+00 -1.360059e+01 -9.241318e+00 -9.160018e+00 1.049160e+01 -7.442971e-02 3.103752e-01 -2.556297e+00 -4.859748e+00 -7.678313e+00 7.507755e-01 2.241874e-01 4.622737e-01 2.055153e+00 -1.903881e+00 -4.617873e-01 -9.171740e-01 -6.019953e-01 -6.642452e-02 2.218420e-01 2.240636e+00 -9.354680e-01 -1.675202e-01 -3.670711e-02 3.651288e-02 1.638085e-03 -1.240461e-01 1.518208e-01 7.205489e-01 1.114751e-01 -2.719371e-01 -2.229922e-01 -1.310115e-01 -2.547656e-01 -7.636349e-02 6.576428e-01 -8.772470e-04
<VARIANCE> 39
 2.539710e+01 9.418816e+00 1.859547e+01 3.155645e+01 2.225404e+01 1.842239e+01 1.063727e+01 1.960474e+01 2.503352e+01 2.623442e+01 3.028402e+01 2.002330e+01 5.000000e-02 4.429655e-01 5.521699e-01 9.608431e-01 1.161544e+00 5.909396e+00 1.398607e+00 6.884829e-01 1.225616e+00 2.002039e+00 2.032142e+00 2.264335e+00 7.671524e+00 5.000000e-02 5.000000e-02 8.325900e-02 1.501257e-01 5.419086e-01 4.145689e-01 3.444145e-01 1.562987e-01 2.051087e-01 4.163952e-01 3.458138e-01 4.175020e-01 1.071300e+00 5.000000e-02
<GCONST> 8.757529e+01
<STATE> 7
<MEAN> 39
 -4.535042e-01 -2.350126e+01 -2.098696e+00 -1.241246e+01 -2.755939e+00 -7.603971e+00 4.594289e+00 -3.370618e+00 -2.944207e+00 -1.656338e+00 -1.097885e+01 -3.401046e+00 5.129681e-01 6.315474e-01 -9.390838e-02 -1.066202e+00 2.432965e+00 4.551929e-01 1.563781e+00 -8.232787e-01 -5.416216e-01 -1.413056e-03 -1.409277e+00 2.196145e-01 2.371042e-01 -3.306778e-02 -8.752256e-02 -1.048161e-01 -4.967976e-01 2.639719e-01 -2.974494e-01 -6.029547e-02 1.543542e-01 1.411054e-01 1.774567e-01 -1.611310e-01 5.256241e-01 -7.448584e-02 2.182568e-03
<VARIANCE> 39
 8.286527e+00 1.635655e+00 2.178819e+01 5.415092e+01 9.518721e+00 4.877497e+01 1.980292e+01 1.622777e+01 3.130853e+01 5.141690e+01 1.680593e+01 1.737385e+01 5.000000e-02 3.489749e-01 2.942577e-01 1.527221e+00 2.113431e+00 1.308635e+00 2.749865e+00 2.274278e+00 1.659736e+00 1.569121e+00 4.068242e+00 2.754921e+00 2.687242e+00 5.000000e-02 1.097436e-01 5.000000e-02 2.583410e-01 1.030275e+00 2.981962e-01 1.004966e+00 5.334972e-01 3.577567e-01 2.576019e-01 1.146337e+00 3.472502e-01 7.952435e-01 5.000000e-02
<GCONST> 9.080676e+01
<STATE> 8
<MEAN> 39
 -4.570489e-01 -2.293587e+01 -1.073762e+01 -1.558383e+00 -2.954379e-01 -4.355171e+00 3.005160e+00 -1.679644e+00 -9.216572e-02 -5.564090e+00 -1.463271e+00 8.751808e-01 3.035136e-01 -4.153481e-01 3.508455e-01 -1.946478e-01 4.117384e-01 5.520284e-01 -1.651832e-01 4.352653e-02 1.301531e-01 -8.059317e-02 3.122035e-02 5.903859e-01 3.746115e-01 -2.321781e-02 -2.502942e-02 1.607873e-01 2.757719e-01 -1.185770e-01 3.195978e-02 3.462913e-03 -2.560835e-02 -6.754921e-02 -3.070688e-02 1.128014e-02 -1.870837e-01 -1.231694e-01 -1.314703e-03
<VARIANCE> 39
 5.573658e+00 7.413781e+00 5.995771e+00 7.883800e+00 1.956616e+01 1.342349e+01 1.443093e+01 1.684976e+01 1.420860e+01 9.939174e+00 6.321843e+00 1.070477e+01 5.000000e-02 3.894188e-01 7.858909e-01 1.290412e+00 1.045767e+00 1.448120e+00 1.615012e+00 1.376922e+00 2.740080e+00 2.132650e+00 1.598887e+00 1.294333e+00 1.396646e+00 5.000000e-02 6.679434e-02 1.654775e-01 1.917133e-01 1.895988e-01 3.138553e-01 3.263237e-01 3.083665e-01 5.959519e-01 3.706671e-01 2.788649e-01 2.209165e-01 2.971849e-01 5.000000e-02
<GCONST> 7.682340e+01
<STATE> 9
<MEAN> 39
 -4.776570e+00 -1.471977e+01 -6.313589e+00 -1.799001e+00 3.207999e+00 -3.962366e+00 1.283406e+00 -3.822645e+00 -1.179504e+00 -5.113096e+00 1.910677e+00 1.577233e+00 7.110165e-02 -2.996429e-01 9.507279e-01 6.978290e-01 -4.760888e-01 -9.783462e-02 2.422351e-01 2.413982e-02 -3.503477e-02 2.392792e-01 5.489681e-01 8.977710e-02 -2.871962e-01 -2.277648e-02 3.672747e-02 -1.482683e-01 -1.231176e-01 2.659856e-02 -3.463731e-03 1.187444e-01 1.401754e-01 1.507817e-01 1.269789e-02 -7.019743e-03 -5.060552e-02 3.463391e-03 3.987514e-03
<VARIANCE> 39
 5.084178e+00 1.187737e+01 4.353364e+00 1.329760e+01 6.282753e+00 5.241944e+00 4.694703e+00 9.969307e+00 1.025559e+01 1.945435e+01 1.643118e+01 1.078603e+01 5.000000e-02 6.292593e-01 1.368755e+00 5.897092e-01 1.137599e+00 5.383542e-01 7.046890e-01 1.042428e+00 1.944289e+00 1.184452e+00 1.641181e+00 2.061837e+00 1.495223e+00 5.000000e-02 1.192875e-01 2.304459e-01 8.801813e-02 3.022143e-01 9.882312e-02 1.489710e-01 1.715626e-01 4.135376e-01 3.400411e-01 4.264407e-01 4.457547e-01 2.849945e-01 5.000000e-02
<GCONST> 7.156305e+01
<TRANSP> 10
 0.000000e+00 1.000000e+00 0.000000e+00 0.000000e+00 0.000000e+00 0.000000e+00 0.000000e+00 0.000000e+00 0.000000e+00 0.000000e+00
 0.000000e+00 8.774137e-01 1.225862e-01 0.000000e+00 0.000000e+00 0.000000e+00 0.000000e+00 0.000000e+00 0.000000e+00 0.000000e+00
 0.000000e+00 0.000000e+00 8.487008e-01 1.512992e-01 0.000000e+00 0.000000e+00 0.000000e+00 0.000000e+00 0.000000e+00 0.000000e+00
 0.000000e+00 0.000000e+00 0.000000e+00 8.885488e-01 1.114512e-01 0.000000e+00 0.000000e+00 0.000000e+00 0.000000e+00 0.000000e+00
 0.000000e+00 0.000000e+00 0.000000e+00 0.000000e+00 8.962583e-01 1.037417e-01 0.000000e+00 0.000000e+00 0.000000e+00 0.000000e+00
 0.000000e+00 0.000000e+00 0.000000e+00 0.000000e+00 0.000000e+00 8.383831e-01 1.616169e-01 0.000000e+00 0.000000e+00 0.000000e+00
 0.000000e+00 0.000000e+00 0.000000e+00 0.000000e+00 0.000000e+00 0.000000e+00 8.484241e-01 1.515759e-01 0.000000e+00 0.000000e+00
 0.000000e+00 0.000000e+00 0.000000e+00 0.000000e+00 0.000000e+00 0.000000e+00 0.000000e+00 9.123249e-01 8.767513e-02 0.000000e+00
 0.000000e+00 0.000000e+00 0.000000e+00 0.000000e+00 0.000000e+00 0.000000e+00 0.000000e+00 0.000000e+00 8.609216e-01 1.390784e-01
 0.000000e+00 0.000000e+00 0.000000e+00 0.000000e+00 0.000000e+00 0.000000e+00 0.000000e+00 0.000000e+00 0.000000e+00 0.000000e+00
<ENDHMM>
