~o
<STREAMINFO> 1 39
<VECSIZE> 39<NULLD><MFCC_E_D_A><DIAGC>
~h "Sil"
<BEGINHMM>
<NUMSTATES> 19
<STATE> 2
<MEAN> 39
 -6.172151e+00 -1.031612e+01 -2.841113e+00 -2.094145e+00 1.530902e+00 -3.562785e+00 1.957448e+00 -1.539242e+00 6.279120e-01 -3.255537e+00 1.688718e+00 -1.371351e+00 -3.691828e-02 5.476537e-02 2.208140e-01 1.979448e-01 5.168585e-02 1.825967e-02 -6.742006e-02 -1.163471e-01 -7.119852e-02 -6.403928e-02 -3.908351e-02 -2.424566e-03 -5.146702e-02 1.631117e-03 6.982718e-02 2.985917e-02 5.243012e-02 1.155555e-02 6.363176e-03 -4.870411e-03 -4.363500e-03 -1.232041e-02 1.406055e-02 2.571959e-02 1.766291e-02 -1.843156e-02 3.136042e-03
<VARIANCE> 39
 2.759008e+00 5.514313e+00 7.670972e+00 6.204450e+00 9.955667e+00 1.175538e+01 1.135342e+01 1.207736e+01 1.421775e+01 1.300450e+01 9.976982e+00 1.130804e+01 5.000000e-02 3.202908e-01 4.864828e-01 6.455526e-01 6.269345e-01 8.194244e-01 1.143560e+00 1.133230e+00 1.272218e+00 1.331625e+00 1.227877e+00 1.113930e+00 1.135011e+00 5.000000e-02 5.000000e-02 8.639339e-02 9.940644e-02 1.168344e-01 1.490943e-01 2.152437e-01 1.994669e-01 2.313341e-01 2.447117e-01 2.207576e-01 1.994704e-01 2.068419e-01 5.000000e-02
<GCONST> 6.464568e+01
<STATE> 3
<MEAN> 39
 -4.732478e+00 -8.094316e+00 -4.162320e-01 -1.648480e+00 1.379338e+00 -4.275994e+00 1.093816e+00 -2.510231e+00 4.864635e-01 -2.662920e+00 2.272274e+00 -2.228029e+00 2.750137e-02 -1.025989e-01 -9.247977e-02 -4.295861e-02 2.796153e-02 -1.102369e-02 2.871640e-02 4.251324e-02 6.011873e-02 3.237436e-02 4.836090e-02 1.079517e-02 1.315443e-03 -4.283911e-03 -1.151922e-01 -1.084186e-01 -1.214284e-01 -2.645875e-02 -2.850865e-02 1.554518e-02 6.742166e-02 7.576506e-02 3.881081e-02 1.302454e-02 -8.085252e-04 4.663482e-02 -4.205797e-03
<VARIANCE> 39
 1.890405e+00 2.795952e+00 4.661410e+00 5.585879e+00 6.804365e+00 7.549814e+00 8.285203e+00 9.851373e+00 1.095712e+01 1.058237e+01 9.881572e+00 8.962812e+00 5.000000e-02 2.661772e-01 3.412308e-01 5.083970e-01 6.051998e-01 7.279060e-01 7.770131e-01 9.727854e-01 1.046562e+00 1.115327e+00 1.105976e+00 1.068376e+00 9.872926e-01 5.000000e-02 5.000000e-02 6.574243e-02 9.342286e-02 1.286274e-01 1.468477e-01 1.578725e-01 1.979672e-01 2.124137e-01 2.252868e-01 2.300440e-01 2.198834e-01 2.105293e-01 5.000000e-02
<GCONST> 5.822138e+01
<STATE> 4
<MEAN> 39
 -7.209877e+00 -1.016476e+01 -2.462381e+00 -1.825268e+00 1.005673e+00 -3.910478e+00 2.282292e+00 -1.025588e+00 1.356659e+00 -2.292691e+00 2.191330e+00 -1.318302e+00 -7.488802e-02 2.661129e-02 1.367645e-01 8.768559e-02 9.291729e-03 5.699229e-03 -7.428360e-02 -4.109711e-02 -8.716823e-03 4.374072e-02 8.991728e-02 1.065188e-01 4.843929e-02 2.200295e-03 1.921236e-01 1.663263e-01 1.560138e-01 4.726361e-03 3.118899e-02 -4.149917e-02 -9.599622e-02 -1.179689e-01 -6.168907e-02 -4.134696e-02 -2.036274e-02 -6.646263e-02 7.099912e-03
<VARIANCE> 39
 1.507437e+00 2.543243e+00 4.402596e+00 5.943122e+00 7.921684e+00 9.362338e+00 9.028091e+00 1.139735e+01 1.170228e+01 1.135360e+01 1.072170e+01 9.674005e+00 5.000000e-02 3.704643e-01 3.607298e-01 5.463656e-01 5.675280e-01 7.557050e-01 9.086590e-01 9.793871e-01 1.150477e+00 1.176889e+00 1.208197e+00 1.105160e+00 1.041011e+00 5.000000e-02 5.000000e-02 5.250133e-02 8.936361e-02 1.151594e-01 1.574249e-01 1.927804e-01 1.924618e-01 2.288692e-01 2.438764e-01 2.530131e-01 2.312611e-01 2.052540e-01 5.000000e-02
<GCONST> 5.985169e+01
<STATE> 5
<MEAN> 39
 -4.376167e+00 -7.334385e+00 1.231205e-01 -1.645962e+00 1.382074e+00 -4.612725e+00 9.881980e-01 -2.644264e+00 7.174110e-01 -2.285655e+00 2.601488e+00 -1.994952e+00 3.872655e-02 1.689837e-01 9.557415e-02 1.475786e-01 5.186436e-02 6.115526e-02 2.999137e-02 -5.594097e-02 -1.116287e-01 -1.717426e-01 -1.934341e-01 -1.550568e-01 -1.847814e-01 6.045983e-03 -2.203817e-01 -2.261517e-01 -2.024067e-01 -1.744568e-02 -3.913864e-02 4.759666e-02 7.549112e-02 1.150925e-01 1.543452e-03 -4.810129e-02 -4.839184e-02 2.329887e-02 -9.003959e-03
<VARIANCE> 39
 1.468212e+00 2.243600e+00 3.944992e+00 4.636297e+00 5.429842e+00 7.557534e+00 8.495549e+00 8.770038e+00 8.764627e+00 9.994087e+00 9.708604e+00 8.906629e+00 5.000000e-02 3.345296e-01 4.090982e-01 5.106683e-01 5.302349e-01 6.725433e-01 9.422134e-01 9.459637e-01 1.042777e+00 9.656478e-01 1.090660e+00 1.023947e+00 9.124622e-01 5.000000e-02 5.000000e-02 5.464922e-02 8.785873e-02 1.051348e-01 1.316134e-01 1.872143e-01 1.905464e-01 2.039868e-01 1.887175e-01 2.186490e-01 2.301166e-01 2.152459e-01 5.000000e-02
<GCONST> 5.623410e+01
<STATE> 6
<MEAN> 39
 -6.045631e+00 -9.322299e+00 -1.611929e+00 -1.849218e+00 1.199352e+00 -4.256263e+00 1.100970e+00 -2.465265e+00 -4.313881e-01 -3.943952e+00 1.187968e+00 -2.388248e+00 -3.806471e-02 -4.881094e-01 -3.493353e-01 -3.610827e-01 -5.764778e-02 -1.926657e-01 4.503316e-02 2.030080e-01 3.415627e-01 1.840828e-01 1.214024e-01 5.234872e-02 1.828856e-01 -1.956473e-02 -1.221566e-02 6.058348e-02 3.505257e-02 -9.478592e-03 -3.034748e-02 3.122690e-03 8.273072e-02 9.392630e-02 1.784733e-01 2.029041e-01 1.492214e-01 1.059648e-01 1.380701e-03
<VARIANCE> 39
 1.720172e+00 2.479644e+00 3.370133e+00 5.022256e+00 7.186669e+00 9.126132e+00 8.853501e+00 9.531923e+00 1.000972e+01 9.154140e+00 9.655803e+00 8.906789e+00 5.000000e-02 2.011569e-01 2.701928e-01 4.049964e-01 4.989462e-01 6.900340e-01 8.925802e-01 9.446654e-01 1.108797e+00 1.092836e+00 1.187885e+00 1.260480e+00 1.079268e+00 5.000000e-02 5.000000e-02 5.004724e-02 7.125974e-02 1.080556e-01 1.506939e-01 2.033253e-01 1.870532e-01 2.038718e-01 2.101158e-01 2.170351e-01 2.282716e-01 2.039069e-01 5.000000e-02
<GCONST> 5.641512e+01
<STATE> 7
<MEAN> 39
 -7.552551e+00 -9.992882e+00 -2.249545e+00 -1.829470e+00 7.581506e-01 -3.564933e+00 3.106581e+00 2.573362e-01 2.574073e+00 -1.216733e+00 2.847055e+00 -8.852325e-01 -8.070283e-02 -1.369379e-01 -1.084827e-02 -4.912690e-02 -6.890694e-02 -8.957925e-02 -7.972746e-02 8.721626e-03 3.636733e-02 1.026121e-01 1.477592e-01 1.217092e-01 8.667763e-02 -3.134656e-03 2.258022e-01 1.713040e-01 1.603133e-01 1.750058e-02 5.650914e-02 -1.189373e-01 -2.520160e-01 -3.339269e-01 -3.005312e-01 -2.316299e-01 -1.167533e-01 -1.473923e-01 6.828861e-03
<VARIANCE> 39
 1.381878e+00 2.711870e+00 4.343118e+00 4.875119e+00 8.231240e+00 8.925661e+00 8.877905e+00 1.055598e+01 1.045963e+01 9.458346e+00 1.077510e+01 1.061284e+01 5.000000e-02 2.072552e-01 2.388773e-01 3.704675e-01 4.940112e-01 7.635486e-01 1.007497e+00 1.092585e+00 1.284659e+00 1.289016e+00 1.087386e+00 1.188407e+00 1.105514e+00 5.000000e-02 5.000000e-02 5.685440e-02 8.739479e-02 9.787271e-02 1.559424e-01 1.834321e-01 1.909753e-01 2.345077e-01 2.029928e-01 2.048890e-01 2.522355e-01 2.325221e-01 5.000000e-02
<GCONST> 5.791769e+01
<STATE> 8
<MEAN> 39
 -6.912296e+00 -9.271863e+00 -1.916052e+00 -2.357903e+00 6.583136e-02 -5.398921e+00 4.049034e-01 -2.744255e+00 6.439403e-02 -2.815357e+00 2.098187e+00 -1.815642e+00 -6.892025e-02 5.069123e-01 5.273182e-01 4.905818e-01 1.045242e-01 1.870639e-01 -1.360344e-01 -3.374704e-01 -5.568953e-01 -5.126094e-01 -4.403156e-01 -1.349785e-01 -1.912588e-01 1.728664e-02 1.524143e-01 9.381568e-02 1.379465e-01 1.141992e-01 1.859801e-01 1.871521e-01 1.722817e-01 1.339692e-01 1.111529e-01 7.580235e-03 -1.475677e-02 -2.883709e-02 6.667275e-03
<VARIANCE> 39
 2.624669e+00 2.795546e+00 4.380602e+00 5.543302e+00 7.202384e+00 9.597378e+00 8.935225e+00 1.088613e+01 1.124946e+01 9.822606e+00 1.043406e+01 1.006159e+01 5.000000e-02 2.557306e-01 2.471050e-01 4.193161e-01 5.371525e-01 7.465546e-01 8.910366e-01 1.081189e+00 1.184865e+00 1.104871e+00 1.242494e+00 1.096862e+00 1.103853e+00 5.000000e-02 5.000000e-02 5.000000e-02 7.114130e-02 1.110295e-01 1.614020e-01 1.942657e-01 2.079705e-01 2.467880e-01 2.228390e-01 2.196615e-01 2.188331e-01 2.161008e-01 5.000000e-02
<GCONST> 5.880801e+01
<STATE> 9
<MEAN> 39
 -5.558303e+00 -7.992640e+00 -5.077702e-01 -1.343405e+00 2.002565e+00 -3.770026e+00 1.961254e+00 -1.666718e+00 2.631135e-01 -3.410106e+00 2.090511e+00 -2.100159e+00 -4.734036e-03 2.756155e-01 1.957461e-01 2.424382e-01 1.091042e-01 1.684874e-01 7.443306e-02 -8.301484e-03 -4.810732e-02 5.987631e-02 7.957779e-02 7.538804e-02 -4.136452e-02 1.197221e-02 -8.080816e-02 -9.702586e-02 -9.090056e-02 -4.663454e-02 -1.112906e-01 -6.403043e-02 -5.374817e-02 -9.058847e-03 5.883162e-02 9.865379e-02 3.516864e-02 2.510993e-02 -3.509133e-03
<VARIANCE> 39
 1.997239e+00 2.444910e+00 3.852804e+00 5.138867e+00 6.516366e+00 8.032906e+00 8.799383e+00 9.701303e+00 1.076818e+01 1.070196e+01 1.006166e+01 8.809230e+00 5.000000e-02 2.403972e-01 2.521260e-01 4.026904e-01 5.478503e-01 7.799633e-01 9.278017e-01 9.922931e-01 1.088928e+00 1.085789e+00 1.205562e+00 1.114019e+00 9.600856e-01 5.000000e-02 5.000000e-02 5.000000e-02 7.706742e-02 1.170966e-01 1.515752e-01 1.912217e-01 1.990705e-01 2.200841e-01 2.268713e-01 2.537986e-01 2.379164e-01 1.935502e-01 5.000000e-02
<GCONST> 5.737287e+01
<STATE> 10
<MEAN> 39
 -4.318239e+00 -7.156858e+00 7.176427e-01 -1.326682e+00 1.443216e+00 -4.587711e+00 6.112120e-01 -3.059078e+00 8.080177e-01 -2.141347e+00 2.750227e+00 -2.103458e+00 4.828387e-02 -1.498698e-01 -2.331372e-01 -2.679434e-01 -1.440821e-01 -1.824741e-01 -9.539169e-02 -9.346101e-02 -4.690965e-02 -3.612903e-02 -3.488653e-02 -6.209938e-02 -2.686492e-02 -7.739783e-03 -2.151224e-01 -1.754018e-01 -2.152491e-01 -8.136438e-02 -5.040490e-02 4.605038e-02 1.071358e-01 1.358798e-01 -3.079163e-03 -6.662171e-02 -4.409971e-02 5.277511e-02 -8.251453e-03
<VARIANCE> 39
 1.673349e+00 2.253371e+00 4.251507e+00 5.034288e+00 5.771713e+00 6.967616e+00 7.917396e+00 9.187639e+00 9.664777e+00 9.155644e+00 8.999971e+00 8.465570e+00 5.000000e-02 2.310503e-01 2.422118e-01 4.704044e-01 6.183468e-01 6.907039e-01 8.240808e-01 9.265190e-01 9.895465e-01 1.082863e+00 1.149660e+00 1.035193e+00 8.757854e-01 5.000000e-02 5.000000e-02 5.000000e-02 8.823428e-02 1.214025e-01 1.314898e-01 1.640090e-01 1.893245e-01 2.124282e-01 2.252520e-01 2.346402e-01 2.115914e-01 1.939811e-01 5.000000e-02
<GCONST> 5.551947e+01
<STATE> 11
<MEAN> 39
 -6.461356e+00 -9.467669e+00 -2.116112e+00 -2.592982e+00 3.289891e-01 -4.966818e+00 7.488283e-01 -2.609863e+00 6.202964e-02 -3.294974e+00 1.809083e+00 -1.965056e+00 -5.509221e-02 -5.140529e-01 -3.530611e-01 -3.857102e-01 -4.680960e-02 -7.602216e-02 2.088662e-01 3.915973e-01 4.175710e-01 2.485284e-01 1.126125e-01 2.761369e-02 1.700345e-01 -1.835626e-02 4.957041e-02 1.232981e-01 1.523634e-01 1.277302e-01 1.237284e-01 1.063979e-01 1.261962e-01 1.232065e-01 1.186844e-01 9.547211e-02 7.589167e-02 4.311116e-02 3.836539e-03
<VARIANCE> 39
 1.903710e+00 2.520638e+00 4.094543e+00 5.898606e+00 6.984704e+00 8.605612e+00 8.959663e+00 9.266055e+00 9.837528e+00 9.926783e+00 1.008076e+01 8.648502e+00 5.000000e-02 2.196908e-01 2.815740e-01 4.971998e-01 6.250778e-01 7.729915e-01 9.719632e-01 1.046021e+00 1.132491e+00 1.098533e+00 1.066124e+00 1.063198e+00 9.394377e-01 5.000000e-02 5.000000e-02 5.038660e-02 8.937911e-02 1.247300e-01 1.396439e-01 1.722557e-01 2.088886e-01 2.018445e-01 2.093115e-01 2.191329e-01 2.084554e-01 1.840425e-01 5.000000e-02
<GCONST> 5.737963e+01
<STATE> 12
<MEAN> 39
 -7.474962e+00 -9.623953e+00 -1.987690e+00 -1.522084e+00 1.250560e+00 -3.345540e+00 3.031682e+00 -2.594172e-01 1.829080e+00 -2.046118e+00 2.495015e+00 -1.225320e+00 -7.847831e-02 1.290522e-01 1.763555e-01 1.679525e-01 2.527894e-02 5.066971e-02 -6.058108e-02 -8.379608e-02 -6.633104e-02 -3.863708e-02 9.260144e-04 3.392360e-02 2.994701e-02 5.804529e-03 2.162673e-01 1.445480e-01 1.369960e-01 -3.466704e-02 -1.261839e-02 -1.350436e-01 -2.166782e-01 -2.465740e-01 -1.486387e-01 -9.673399e-02 -2.947329e-02 -6.882370e-02 7.195431e-03
<VARIANCE> 39
 1.731520e+00 2.702664e+00 4.899630e+00 5.688587e+00 8.136466e+00 1.072811e+01 9.460098e+00 1.118693e+01 1.204445e+01 1.057309e+01 1.156380e+01 9.488301e+00 5.000000e-02 2.777130e-01 2.773637e-01 4.263720e-01 5.904481e-01 7.749262e-01 9.893431e-01 1.104010e+00 1.257789e+00 1.192528e+00 1.187530e+00 1.311974e+00 9.378255e-01 5.000000e-02 5.022802e-02 5.651505e-02 9.290706e-02 1.218502e-01 1.691531e-01 2.106659e-01 2.099249e-01 2.398170e-01 2.488544e-01 2.391544e-01 2.760303e-01 1.881048e-01 5.000000e-02
<GCONST> 6.046337e+01
<STATE> 13
<MEAN> 39
 -5.341514e+00 -7.730018e+00 -3.777385e-01 -2.177177e+00 9.972044e-01 -5.142851e+00 2.355682e-01 -3.019492e+00 2.683463e-01 -2.895898e+00 2.424899e+00 -1.515156e+00 -2.529706e-03 7.735807e-01 6.412761e-01 6.486574e-01 1.053604e-01 1.443324e-01 -2.015687e-01 -4.143566e-01 -6.054726e-01 -2.484647e-01 -2.383980e-01 5.547962e-02 -1.522963e-01 2.949622e-02 -9.042025e-02 -1.442789e-01 -1.047702e-01 5.306334e-02 1.843957e-02 1.395529e-01 1.887285e-01 1.545409e-01 6.665806e-02 1.952087e-02 -2.155917e-02 -3.162041e-02 -3.531500e-03
<VARIANCE> 39
 1.968421e+00 1.897536e+00 3.344695e+00 4.985075e+00 6.173410e+00 7.947292e+00 8.315639e+00 9.705907e+00 1.105798e+01 1.082394e+01 1.162009e+01 8.219409e+00 5.000000e-02 1.781967e-01 1.909072e-01 3.621651e-01 5.316741e-01 6.701534e-01 9.994487e-01 1.037435e+00 1.078747e+00 1.162040e+00 1.154501e+00 1.156729e+00 8.714258e-01 5.000000e-02 5.000000e-02 5.000000e-02 7.493871e-02 1.239521e-01 1.328931e-01 1.773431e-01 1.924146e-01 2.194688e-01 2.184925e-01 2.349933e-01 2.611199e-01 1.754883e-01 5.000000e-02
<GCONST> 5.579997e+01
<STATE> 14
<MEAN> 39
 -4.242764e+00 -7.104476e+00 6.181725e-01 -1.218368e+00 1.685928e+00 -4.245408e+00 1.282152e+00 -2.808335e+00 6.382161e-01 -2.707599e+00 2.676164e+00 -2.056883e+00 5.582535e-02 -2.999269e-02 -2.164098e-01 -1.661540e-01 -5.229648e-02 -3.956216e-02 -9.614204e-03 1.006920e-02 5.722168e-02 -8.140875e-02 -6.279151e-02 -1.141588e-01 -1.262430e-01 -3.255469e-03 -2.436458e-01 -2.080255e-01 -2.119308e-01 -7.022383e-02 -6.968812e-02 2.251277e-03 4.168034e-02 1.178989e-01 7.605300e-03 1.232534e-02 -3.870325e-02 3.884144e-02 -1.015032e-02
<VARIANCE> 39
 1.388068e+00 2.158782e+00 4.043224e+00 3.921087e+00 5.398013e+00 7.440979e+00 8.883351e+00 9.459789e+00 1.001379e+01 1.014843e+01 9.273377e+00 8.663867e+00 5.000000e-02 1.932695e-01 2.463167e-01 4.063947e-01 5.390589e-01 6.076116e-01 7.704816e-01 9.297454e-01 1.016294e+00 1.045839e+00 1.038600e+00 1.132259e+00 9.565099e-01 5.000000e-02 5.000000e-02 5.248154e-02 8.595476e-02 9.866045e-02 1.154179e-01 1.558172e-01 2.001719e-01 2.221686e-01 2.157867e-01 2.323096e-01 2.304022e-01 1.983470e-01 5.000000e-02
<GCONST> 5.454335e+01
<STATE> 15
<MEAN> 39
 -5.794710e+00 -9.250394e+00 -1.810966e+00 -2.845681e+00 4.592337e-01 -5.375005e+00 2.330132e-01 -2.839072e+00 -2.406987e-01 -3.650640e+00 1.784405e+00 -1.990225e+00 -2.999437e-02 -5.640980e-01 -4.097097e-01 -3.618918e-01 -2.257558e-03 -5.781076e-02 1.643060e-01 2.403785e-01 2.922398e-01 4.071344e-02 4.346631e-02 -7.492859e-02 3.640193e-02 -2.306694e-02 -6.097064e-02 1.047196e-01 1.062340e-01 1.551146e-01 1.126827e-01 1.786412e-01 2.130101e-01 1.487803e-01 1.931637e-01 1.762922e-01 7.775475e-02 5.378222e-02 3.422269e-04
<VARIANCE> 39
 1.566476e+00 2.355067e+00 3.952740e+00 4.592068e+00 5.690283e+00 7.628915e+00 8.152097e+00 1.019658e+01 1.093656e+01 8.955829e+00 9.837670e+00 9.959510e+00 5.000000e-02 1.727232e-01 2.398846e-01 4.396285e-01 5.358871e-01 6.578478e-01 8.879745e-01 9.538995e-01 1.130705e+00 1.177315e+00 1.143260e+00 1.106551e+00 9.867253e-01 5.000000e-02 5.000000e-02 5.000000e-02 7.154162e-02 9.644033e-02 1.203696e-01 1.743454e-01 1.656526e-01 2.297645e-01 2.383606e-01 2.122716e-01 2.314663e-01 2.270660e-01 5.000000e-02
<GCONST> 5.551814e+01
<STATE> 16
<MEAN> 39
 -6.773592e+00 -8.976126e+00 -1.211231e+00 -1.050581e+00 1.499292e+00 -3.694959e+00 2.405965e+00 -1.086473e+00 7.073029e-01 -2.664981e+00 2.028845e+00 -1.927227e+00 -6.507770e-02 -1.907889e-01 -6.264294e-02 -7.869648e-02 1.942215e-02 -1.892373e-02 1.468702e-01 2.479994e-01 2.393570e-01 2.231509e-01 1.804852e-01 6.567363e-02 1.030538e-01 -5.479602e-03 8.904231e-02 3.992010e-02 1.111638e-02 -8.014017e-02 -6.053198e-02 -8.529811e-02 -9.236528e-02 -8.848179e-02 -1.980072e-02 -8.940962e-03 2.435061e-02 8.113133e-03 3.520111e-03
<VARIANCE> 39
 1.731902e+00 2.541943e+00 3.841322e+00 4.850924e+00 6.922995e+00 8.945954e+00 7.775112e+00 9.511714e+00 1.100593e+01 1.089547e+01 1.025639e+01 8.915951e+00 5.000000e-02 2.080939e-01 2.124837e-01 3.592697e-01 5.417507e-01 7.061483e-01 9.804631e-01 8.827583e-01 1.008947e+00 1.198311e+00 1.268186e+00 1.127887e+00 1.079032e+00 5.000000e-02 5.000000e-02 5.000000e-02 7.209086e-02 1.041597e-01 1.436367e-01 1.925514e-01 1.733024e-01 1.879594e-01 2.270416e-01 2.476800e-01 2.210818e-01 2.224146e-01 5.000000e-02
<GCONST> 5.641942e+01
<STATE> 17
<MEAN> 39
 -7.620561e+00 -9.899734e+00 -2.359903e+00 -2.356270e+00 3.826413e-01 -3.717214e+00 2.672406e+00 -6.782104e-01 2.008796e+00 -1.772366e+00 2.422382e+00 -1.297957e+00 -8.411145e-02 2.539392e-01 2.595926e-01 1.654209e-01 -9.128007e-02 -3.769162e-02 -2.284268e-01 -3.252529e-01 -3.553123e-01 -1.792070e-01 -7.065049e-02 -2.525563e-02 -8.034971e-02 9.172003e-03 2.359210e-01 1.961007e-01 1.958487e-01 9.496503e-02 1.374324e-01 -7.057030e-02 -1.449468e-01 -1.763127e-01 -1.839572e-01 -1.488243e-01 -5.889988e-02 -9.499417e-02 8.094077e-03
<VARIANCE> 39
 1.723418e+00 2.351041e+00 4.073450e+00 5.345829e+00 8.268693e+00 1.034443e+01 1.020926e+01 1.282455e+01 1.341155e+01 1.198324e+01 1.180448e+01 1.112486e+01 5.000000e-02 2.662310e-01 2.616634e-01 4.111928e-01 5.538024e-01 7.690436e-01 9.790599e-01 1.011002e+00 1.135256e+00 1.151819e+00 1.333486e+00 1.183811e+00 1.102080e+00 5.000000e-02 5.000000e-02 5.000000e-02 7.410596e-02 1.075276e-01 1.619443e-01 2.197192e-01 2.130861e-01 2.462146e-01 2.545263e-01 2.749904e-01 2.528304e-01 2.123021e-01 5.000000e-02
<GCONST> 6.016481e+01
<STATE> 18
<MEAN> 39
 -5.510938e+00 -8.097484e+00 -5.328106e-01 -1.639337e+00 1.317865e+00 -4.322839e+00 1.535005e+00 -2.073454e+00 3.856723e-01 -2.638415e+00 2.404549e+00 -2.125827e+00 2.274667e-04 8.308246e-02 3.857248e-02 6.542689e-02 5.835561e-02 6.316273e-02 1.018682e-02 -1.606739e-02 -2.500660e-02 -4.085148e-02 -3.227128e-02 -3.934676e-03 8.223619e-03 3.788174e-03 -6.655548e-02 -4.517709e-02 -6.323691e-02 -1.050690e-02 -3.405979e-02 7.511542e-03 3.022795e-02 3.976933e-02 2.082613e-02 9.105919e-03 -1.574979e-02 4.599370e-03 -1.247907e-03
<VARIANCE> 39
 2.947370e+00 3.377421e+00 4.963098e+00 5.976575e+00 7.177566e+00 8.747052e+00 9.808400e+00 1.135316e+01 1.121280e+01 1.082686e+01 1.025958e+01 9.359076e+00 5.000000e-02 4.065062e-01 3.966811e-01 5.815443e-01 6.419348e-01 8.172572e-01 9.595789e-01 1.053959e+00 1.322503e+00 1.225397e+00 1.232177e+00 1.170098e+00 1.106532e+00 5.000000e-02 7.532796e-02 7.983592e-02 1.094402e-01 1.334336e-01 1.534504e-01 1.875956e-01 2.020779e-01 2.590525e-01 2.394726e-01 2.490851e-01 2.401440e-01 2.283801e-01 5.000000e-02
<GCONST> 6.298280e+01
<TRANSP> 19
 0.000000e+00 1.000000e+00 0.000000e+00 0.000000e+00 0.000000e+00 0.000000e+00 0.000000e+00 0.000000e+00 0.000000e+00 0.000000e+00 0.000000e+00 0.000000e+00 0.000000e+00 0.000000e+00 0.000000e+00 0.000000e+00 0.000000e+00 0.000000e+00 0.000000e+00
 0.000000e+00 7.504723e-01 2.495277e-01 0.000000e+00 0.000000e+00 0.000000e+00 0.000000e+00 0.000000e+00 0.000000e+00 0.000000e+00 0.000000e+00 0.000000e+00 0.000000e+00 0.000000e+00 0.000000e+00 0.000000e+00 0.000000e+00 0.000000e+00 0.000000e+00
 0.000000e+00 0.000000e+00 8.002185e-01 1.997815e-01 0.000000e+00 0.000000e+00 0.000000e+00 0.000000e+00 0.000000e+00 0.000000e+00 0.000000e+00 0.000000e+00 0.000000e+00 0.000000e+00 0.000000e+00 0.000000e+00 0.000000e+00 0.000000e+00 0.000000e+00
 0.000000e+00 0.000000e+00 0.000000e+00 7.728281e-01 2.271719e-01 0.000000e+00 0.000000e+00 0.000000e+00 0.000000e+00 0.000000e+00 0.000000e+00 0.000000e+00 0.000000e+00 0.000000e+00 0.000000e+00 0.000000e+00 0.000000e+00 0.000000e+00 0.000000e+00
 0.000000e+00 0.000000e+00 0.000000e+00 0.000000e+00 7.303861e-01 2.696139e-01 0.000000e+00 0.000000e+00 0.000000e+00 0.000000e+00 0.000000e+00 0.000000e+00 0.000000e+00 0.000000e+00 0.000000e+00 0.000000e+00 0.000000e+00 0.000000e+00 0.000000e+00
 0.000000e+00 0.000000e+00 0.000000e+00 0.000000e+00 0.000000e+00 6.651974e-01 3.348027e-01 0.000000e+00 0.000000e+00 0.000000e+00 0.000000e+00 0.000000e+00 0.000000e+00 0.000000e+00 0.000000e+00 0.000000e+00 0.000000e+00 0.000000e+00 0.000000e+00
 0.000000e+00 0.000000e+00 0.000000e+00 0.000000e+00 0.000000e+00 0.000000e+00 6.197096e-01 3.802905e-01 0.000000e+00 0.000000e+00 0.000000e+00 0.000000e+00 0.000000e+00 0.000000e+00 0.000000e+00 0.000000e+00 0.000000e+00 0.000000e+00 0.000000e+00
 0.000000e+00 0.000000e+00 0.000000e+00 0.000000e+00 0.000000e+00 0.000000e+00 0.000000e+00 4.531265e-01 5.468735e-01 0.000000e+00 0.000000e+00 0.000000e+00 0.000000e+00 0.000000e+00 0.000000e+00 0.000000e+00 0.000000e+00 0.000000e+00 0.000000e+00
 0.000000e+00 0.000000e+00 0.000000e+00 0.000000e+00 0.000000e+00 0.000000e+00 0.000000e+00 0.000000e+00 7.300860e-01 2.699139e-01 0.000000e+00 0.000000e+00 0.000000e+00 0.000000e+00 0.000000e+00 0.000000e+00 0.000000e+00 0.000000e+00 0.000000e+00
 0.000000e+00 0.000000e+00 0.000000e+00 0.000000e+00 0.000000e+00 0.000000e+00 0.000000e+00 0.000000e+00 0.000000e+00 6.459709e-01 3.540291e-01 0.000000e+00 0.000000e+00 0.000000e+00 0.000000e+00 0.000000e+00 0.000000e+00 0.000000e+00 0.000000e+00
 0.000000e+00 0.000000e+00 0.000000e+00 0.000000e+00 0.000000e+00 0.000000e+00 0.000000e+00 0.000000e+00 0.000000e+00 0.000000e+00 6.215261e-01 3.784739e-01 0.000000e+00 0.000000e+00 0.000000e+00 0.000000e+00 0.000000e+00 0.000000e+00 0.000000e+00
 0.000000e+00 0.000000e+00 0.000000e+00 0.000000e+00 0.000000e+00 0.000000e+00 0.000000e+00 0.000000e+00 0.000000e+00 0.000000e+00 0.000000e+00 7.479485e-01 2.520515e-01 0.000000e+00 0.000000e+00 0.000000e+00 0.000000e+00 0.000000e+00 0.000000e+00
 0.000000e+00 0.000000e+00 0.000000e+00 0.000000e+00 0.000000e+00 0.000000e+00 0.000000e+00 0.000000e+00 0.000000e+00 0.000000e+00 0.000000e+00 0.000000e+00 4.423631e-01 5.576369e-01 0.000000e+00 0.000000e+00 0.000000e+00 0.000000e+00 0.000000e+00
 0.000000e+00 0.000000e+00 0.000000e+00 0.000000e+00 0.000000e+00 0.000000e+00 0.000000e+00 0.000000e+00 0.000000e+00 0.000000e+00 0.000000e+00 0.000000e+00 0.000000e+00 6.784847e-01 3.215153e-01 0.000000e+00 0.000000e+00 0.000000e+00 0.000000e+00
 0.000000e+00 0.000000e+00 0.000000e+00 0.000000e+00 0.000000e+00 0.000000e+00 0.000000e+00 0.000000e+00 0.000000e+00 0.000000e+00 0.000000e+00 0.000000e+00 0.000000e+00 0.000000e+00 5.181243e-01 4.818757e-01 0.000000e+00 0.000000e+00 0.000000e+00
 0.000000e+00 0.000000e+00 0.000000e+00 0.000000e+00 0.000000e+00 0.000000e+00 0.000000e+00 0.000000e+00 0.000000e+00 0.000000e+00 0.000000e+00 0.000000e+00 0.000000e+00 0.000000e+00 0.000000e+00 7.698614e-01 2.301386e-01 0.000000e+00 0.000000e+00
 0.000000e+00 0.000000e+00 0.000000e+00 0.000000e+00 0.000000e+00 0.000000e+00 0.000000e+00 0.000000e+00 0.000000e+00 0.000000e+00 0.000000e+00 0.000000e+00 0.000000e+00 0.000000e+00 0.000000e+00 0.000000e+00 5.545105e-01 4.454896e-01 0.000000e+00
 0.000000e+00 0.000000e+00 0.000000e+00 0.000000e+00 0.000000e+00 0.000000e+00 0.000000e+00 0.000000e+00 0.000000e+00 0.000000e+00 0.000000e+00 0.000000e+00 0.000000e+00 0.000000e+00 0.000000e+00 0.000000e+00 0.000000e+00 8.504000e-01 1.496000e-01
 0.000000e+00 0.000000e+00 0.000000e+00 0.000000e+00 0.000000e+00 0.000000e+00 0.000000e+00 0.000000e+00 0.000000e+00 0.000000e+00 0.000000e+00 0.000000e+00 0.000000e+00 0.000000e+00 0.000000e+00 0.000000e+00 0.000000e+00 0.000000e+00 0.000000e+00
<ENDHMM>
