~o
<STREAMINFO> 1 39
<VECSIZE> 39<NULLD><MFCC_E_D_A><DIAGC>
~h "Tai"
<BEGINHMM>
<NUMSTATES> 36
<STATE> 2
<MEAN> 39
 -4.643770e+00 -7.189351e+00 2.177389e-01 -3.772334e-01 2.951316e+00 -4.569296e+00 2.854306e-01 -2.750394e+00 -1.633245e-01 -1.850006e+00 3.063062e+00 -2.920110e+00 6.612148e-03 -1.012679e+00 8.395218e-01 -1.000006e+00 9.299315e-01 -3.390519e-01 4.170072e-01 -7.227607e-01 -1.021016e-01 -3.796486e-01 -5.048468e-01 1.606020e-01 5.315968e-01 -6.718130e-03 -5.588049e-01 6.644654e-01 -7.711651e-01 1.621615e-01 -3.964145e-01 3.860998e-02 -5.297438e-02 2.328666e-01 -2.160528e-01 5.986055e-03 -1.679953e-01 -1.510908e-02 9.773133e-03
<VARIANCE> 39
 3.148275e+00 3.963819e+00 3.668495e+00 2.536241e+00 3.321027e+00 5.848782e+00 1.023184e+01 3.698071e+00 6.576555e+00 4.660269e+00 1.004908e+01 8.302316e+00 5.000000e-02 2.122861e+00 1.316337e+00 1.694871e+00 8.032365e-01 1.102856e+00 1.424293e+00 6.057429e-01 1.699529e+00 3.116810e-01 3.664180e-01 9.927663e-01 4.671387e-01 5.000000e-02 1.303828e-01 2.777810e-01 4.020942e-01 2.006664e-01 3.593766e-01 1.139512e-01 2.796402e-01 2.609100e-01 7.017343e-02 8.999956e-02 1.580485e-01 2.176011e-01 5.000000e-02
<GCONST> 6.068626e+01
<STATE> 3
<MEAN> 39
 -8.265298e+00 -4.514526e+00 -4.330803e+00 1.962929e+00 -3.721972e-02 -2.181174e+00 2.059319e-01 3.575715e-01 -1.544083e-01 -3.999721e+00 1.880056e+00 -7.243208e-01 -1.574805e-02 -8.084174e-01 1.514298e+00 -1.223266e+00 7.874350e-02 -4.658166e-01 -4.129984e-01 -1.195107e-01 -3.267900e-01 -3.451729e-01 -2.996441e-01 -1.232388e-01 -3.801834e-01 2.610180e-02 4.007651e-02 -1.590009e-01 2.027396e-02 -3.421418e-01 2.912816e-01 -3.467093e-01 3.561735e-01 -2.536867e-02 2.117460e-01 9.408449e-02 2.313885e-02 -2.376246e-01 1.433738e-02
<VARIANCE> 39
 2.901234e+01 4.181736e+01 2.196216e+01 1.197750e+01 1.554435e+01 1.410962e+01 1.327980e+01 9.530589e+00 6.149407e+00 5.975051e+00 6.048841e+00 7.563456e+00 5.000000e-02 2.483763e+00 4.303348e+00 5.113389e+00 1.025421e+00 4.407026e+00 3.459073e-01 1.121060e+00 6.473187e-01 7.942750e-01 3.255016e-01 6.348935e-01 9.620889e-01 5.000000e-02 7.673162e-01 5.895281e-01 8.284089e-01 2.740818e-01 3.988751e-01 3.560815e-01 1.025777e-01 2.881473e-01 1.715541e-01 1.374564e-01 2.412011e-01 1.459510e-01 5.000000e-02
<GCONST> 8.046038e+01
<STATE> 4
<MEAN> 39
 -7.914731e+00 -2.173581e+00 -5.232193e+00 7.084973e-01 -7.786710e-01 -4.824677e+00 4.719018e-01 -3.336906e+00 -8.604801e-01 -2.073625e+00 3.195679e+00 -3.857761e+00 6.134791e-02 -1.148471e+00 2.385250e-01 -1.745546e+00 -8.807743e-01 1.261973e+00 -1.819412e+00 1.089087e+00 3.906172e-01 1.271688e+00 -4.944560e-01 2.322483e-01 -2.924824e-01 8.351176e-02 7.231996e-02 -1.277694e+00 -4.670953e-01 -6.757054e-01 6.188437e-01 -1.919470e-01 6.855734e-01 5.335847e-01 4.823003e-01 -6.300385e-01 -5.385737e-01 2.399263e-01 3.921331e-02
<VARIANCE> 39
 5.149549e+00 4.337997e+01 5.210811e+01 6.577287e+00 2.857931e+01 7.351143e+00 1.881774e+01 1.846418e+01 1.473695e+01 1.814956e+01 1.445121e+01 1.191026e+01 5.000000e-02 5.219005e+00 4.551036e+00 7.885791e+00 3.105808e+00 1.954643e+00 3.848838e+00 8.932850e-01 3.145041e+00 1.822741e+00 3.043357e+00 1.677589e+00 5.755302e-01 5.000000e-02 5.128597e-01 1.526481e+00 2.340098e+00 2.668710e-01 6.543070e-01 3.456780e-01 4.938135e-01 4.700538e-01 1.846859e-01 2.311896e-01 3.172364e-01 2.399338e-01 5.000000e-02
<GCONST> 9.757471e+01
<STATE> 5
<MEAN> 39
 -1.660060e+01 1.422043e+00 -1.104745e+01 -1.001480e+00 6.433171e+00 -7.120278e+00 3.734222e+00 1.395187e+00 4.102364e+00 -5.682420e+00 4.005685e+00 -1.492263e+00 3.223124e-01 -1.796849e-01 -4.078999e+00 -2.491773e+00 -3.062037e+00 1.536313e+00 -1.165489e+00 2.492490e+00 2.261118e+00 1.182332e+00 -2.364714e+00 -2.686480e+00 1.093173e+00 1.653110e-01 9.667717e-01 -2.052815e+00 -1.644079e-01 -4.576605e-01 -3.620448e-01 2.406874e-01 4.146993e-02 -4.917739e-01 -3.453608e-01 -2.144621e-01 -7.605582e-01 3.500676e-01 2.378946e-02
<VARIANCE> 39
 4.452833e+01 2.937185e+01 2.902656e+01 6.312327e+01 3.617478e+01 2.808720e+01 7.797647e+00 3.919712e+01 1.429554e+01 1.715868e+01 4.504107e+00 4.202348e+00 5.000000e-02 1.964181e+00 5.394725e+00 1.326616e+01 1.733961e+00 3.395023e+00 2.787117e+00 2.283194e+00 1.301738e+00 1.620865e+00 1.055090e+00 1.847957e+00 6.844476e-01 5.000000e-02 8.185046e-01 8.365956e-01 8.710909e-01 1.282901e+00 6.211423e-01 6.246450e-01 6.102427e-02 7.506514e-01 3.675410e-01 3.228319e-01 4.538956e-01 5.381970e-02 5.000000e-02
<GCONST> 9.793170e+01
<STATE> 6
<MEAN> 39
 -8.303340e+00 -1.333484e+01 -1.536874e+01 -9.213386e+00 4.785847e+00 -1.317495e+01 1.014766e+01 2.953774e+00 3.008795e+00 -1.058937e+01 -4.400128e+00 -2.344115e+00 7.072865e-01 9.256329e-01 -5.747896e+00 -2.737220e+00 -2.036294e+00 9.412487e-01 -4.729273e-01 2.067308e+00 -8.246103e-01 5.954036e-02 -1.818746e+00 -2.203990e+00 6.119150e-01 1.888527e-01 -2.314325e-02 -7.433427e-02 5.910116e-01 9.418599e-01 2.218006e-01 9.955918e-01 -8.380613e-01 -1.227838e+00 -4.975504e-01 7.736353e-01 7.485514e-01 -8.708487e-02 -2.822156e-02
<VARIANCE> 39
 1.547846e+01 3.663961e+01 4.571597e+01 1.551323e+01 5.510114e+00 2.963693e+01 1.639172e+01 4.495093e+00 7.018636e+00 2.499228e+01 1.691678e+01 3.269038e+00 5.000000e-02 1.044264e+00 1.518497e+00 3.358768e+00 5.832885e+00 2.842753e+00 1.556837e+00 1.096476e+00 2.728444e+00 2.061327e+00 8.410928e-01 1.878609e+00 1.957857e-01 5.000000e-02 3.079595e-01 1.115981e+00 2.095274e+00 4.357126e-01 2.686813e-01 3.132064e-01 2.453949e-01 1.117185e-01 2.598897e-01 2.763902e-01 5.297337e-01 6.313568e-02 5.000000e-02
<GCONST> 8.647729e+01
<STATE> 7
<MEAN> 39
 -9.973942e+00 -2.120903e+01 -1.966096e+01 -8.594674e+00 5.098952e+00 -6.174846e+00 8.742460e+00 -3.990401e-01 5.126249e+00 -1.117883e+01 -5.295938e+00 1.505805e+00 8.897324e-01 7.099144e-02 -4.290009e+00 -1.473544e+00 6.998186e-01 1.872011e+00 1.785059e+00 -2.187478e-01 -2.491232e+00 -5.305493e-01 3.556732e-01 5.318376e-01 5.070909e-01 8.467091e-02 -4.693832e-01 1.303111e+00 1.079163e+00 9.240063e-01 6.417831e-01 2.371628e-01 -6.574774e-01 -4.447842e-01 -2.051786e-01 9.888073e-01 9.578891e-01 -6.085902e-01 -4.869285e-02
<VARIANCE> 39
 5.025265e+00 7.966031e+00 1.877622e+00 2.156972e+01 3.033324e+01 1.058717e+01 1.359665e+01 1.142267e+01 2.597961e+01 1.147628e+01 1.556969e+01 4.339022e+00 5.000000e-02 2.006598e+00 2.958981e+00 3.094389e+00 1.665826e+00 3.074095e+00 4.631950e-01 9.894953e-01 1.420804e-01 5.931458e-01 7.439919e-01 2.758335e+00 3.881066e-01 5.000000e-02 1.655856e-01 3.503202e-01 2.007755e-01 7.459919e-01 1.845508e-01 1.355949e-01 1.698676e-01 2.926951e-01 4.504403e-01 2.336424e-01 2.939980e-01 5.000000e-02 5.000000e-02
<GCONST> 7.396519e+01
<STATE> 8
<MEAN> 39
 -1.083011e+01 -2.499294e+01 -1.821957e+01 -7.490134e+00 1.378504e+01 -7.843490e+00 7.795730e+00 -5.946291e+00 1.549538e+00 -8.485700e+00 -1.894130e+00 -6.745928e-01 9.505871e-01 -7.045650e-01 -5.215359e-01 6.156968e-01 4.462848e-01 2.311986e+00 3.359169e-01 -5.417956e-01 -1.689304e+00 3.877577e-02 1.392216e+00 4.332276e-01 -1.400518e+00 1.404458e-02 -7.232010e-02 1.146234e+00 1.893927e-01 -3.164248e-02 -4.689997e-01 -2.249410e-01 7.482533e-03 4.495020e-01 3.714789e-01 1.813449e-01 -1.789949e-01 -4.046313e-01 -2.277101e-02
<VARIANCE> 39
 1.297821e+01 8.421531e+00 1.100309e+01 5.132442e+00 3.668311e+01 3.688164e+01 1.801899e+01 6.872417e+00 1.017299e+01 5.278043e+00 6.300630e+00 6.749289e+00 5.000000e-02 2.878542e-01 1.264767e+00 6.536152e-01 1.295743e+00 1.678560e+00 6.445946e-01 6.817842e-01 5.586349e-01 1.224867e+00 1.458879e+00 7.244302e-01 3.608017e-01 5.000000e-02 1.142395e-01 2.416621e-01 4.484923e-01 1.997657e-01 2.346736e-01 1.745923e-01 2.666804e-01 2.353471e-01 1.821008e-01 1.703868e-01 2.823923e-01 1.772387e-01 5.000000e-02
<GCONST> 6.992284e+01
<STATE> 9
<MEAN> 39
 -1.280494e+01 -2.419959e+01 -1.793864e+01 -5.417528e+00 1.386578e+01 -3.491426e+00 6.743411e+00 -7.667269e+00 4.965693e+00 -5.315235e+00 -2.529053e+00 -4.533907e+00 9.670897e-01 -1.611330e-01 -9.349182e-02 -4.453781e-02 2.414021e-01 4.565240e-01 3.748075e-01 -4.039209e-01 -1.099473e+00 7.647647e-01 1.355873e+00 -4.089255e-02 -1.021721e+00 -3.900275e-03 3.416869e-01 2.243681e-01 -4.031831e-01 -1.517386e-01 -7.570233e-01 -5.891905e-02 -3.056076e-02 1.231558e-01 2.288700e-02 -3.986493e-01 -1.095675e-01 4.468383e-01 -9.762160e-03
<VARIANCE> 39
 9.299481e+00 3.550740e+00 6.480504e+00 3.865639e+00 2.655415e+01 3.014766e+01 1.800611e+01 5.909708e+00 6.824911e+00 5.479866e+00 5.753033e+00 6.985209e+00 5.000000e-02 1.008930e+00 7.597728e-01 9.131933e-01 6.836090e-01 3.122613e-01 1.053361e+00 9.264988e-01 1.790191e+00 6.330735e-01 1.878999e-01 4.628753e-01 1.084723e+00 5.000000e-02 6.133496e-02 7.439068e-02 1.180944e-01 6.223751e-02 1.282776e-01 6.971593e-02 1.125260e-01 1.842573e-01 1.994322e-01 1.741362e-01 8.756819e-02 8.254520e-02 5.000000e-02
<GCONST> 5.672914e+01
<STATE> 10
<MEAN> 39
 -1.224317e+01 -2.419077e+01 -1.879879e+01 -6.791539e+00 1.767470e+01 -8.055777e+00 8.193521e+00 -7.991446e+00 3.402780e+00 -5.322726e+00 -2.102780e+00 -5.087554e+00 9.164903e-01 -1.866605e-01 2.326516e-01 -1.419189e+00 -3.295685e-02 -5.415007e-01 3.028355e-01 -2.440165e-01 -4.484231e-01 1.881137e-02 -3.139057e-02 -1.972717e-01 -2.037087e-01 -9.192256e-03 3.084182e-01 -3.348959e-02 2.357391e-02 -3.415323e-02 -3.594536e-01 -1.272288e-02 1.976170e-02 1.394755e-01 -2.109442e-01 -4.622564e-01 -1.259782e-01 4.150422e-01 -9.752722e-04
<VARIANCE> 39
 6.701218e+00 1.613736e+01 5.981137e+00 2.963590e+00 3.179364e+01 3.304504e+01 1.653355e+01 1.416873e+01 2.348046e+01 9.447439e+00 2.160829e+00 3.383201e+00 5.000000e-02 1.061308e+00 4.771582e-01 3.571411e-01 4.628449e-01 4.279819e-01 5.928828e-01 2.459990e-01 2.308246e+00 5.584833e-01 2.432075e-01 2.492433e-01 3.672714e-01 5.000000e-02 1.528063e-01 3.031429e-01 1.441771e-01 1.770544e-01 9.491807e-02 7.138529e-02 2.135702e-01 2.428734e-01 3.022161e-01 2.525615e-01 9.968831e-02 6.361390e-02 5.000000e-02
<GCONST> 5.892121e+01
<STATE> 11
<MEAN> 39
 -1.061250e+01 -2.366241e+01 -2.156448e+01 -5.512165e+00 1.295796e+01 -4.454365e+00 5.705251e+00 -1.083732e+01 4.668684e+00 -5.473230e+00 -3.604118e+00 -5.093217e+00 9.090161e-01 1.369613e+00 7.126248e-01 -3.712312e-02 4.996260e-01 -7.466970e-01 6.208199e-01 -4.477608e-01 -7.376428e-01 -4.428836e-01 -9.451721e-01 -5.440211e-01 6.910914e-01 -2.871555e-02 1.660836e-01 1.447297e-01 5.679907e-01 2.133830e-01 1.993344e-02 1.527395e-01 1.844051e-01 3.961288e-01 -7.595950e-02 -2.463441e-01 -1.363624e-01 3.874260e-01 -2.941488e-03
<VARIANCE> 39
 1.292310e+01 1.632169e+00 1.465579e+01 2.473901e+00 4.036489e+01 3.121024e+01 2.112938e+01 1.571495e+01 1.327210e+01 1.612505e+01 8.447242e+00 4.515867e+00 5.000000e-02 1.210156e+00 6.709960e-01 6.400940e-01 9.856771e-01 4.599807e-01 3.132461e-01 8.680815e-01 1.717825e-01 2.265153e+00 2.150065e+00 4.892142e-01 1.750375e-01 5.000000e-02 1.250738e-01 6.771052e-02 2.001259e-01 1.660679e-01 7.195907e-02 1.413194e-01 1.225329e-01 2.348470e-01 1.453745e-01 2.121448e-01 8.465010e-02 7.427919e-02 5.000000e-02
<GCONST> 6.103711e+01
<STATE> 12
<MEAN> 39
 -9.020671e+00 -2.184973e+01 -1.959273e+01 -3.642869e+00 1.064561e+01 -1.434960e+00 4.574420e+00 -1.094935e+01 5.234077e+00 -6.256185e+00 -4.904559e+00 -2.543421e+00 8.593952e-01 3.251077e-01 2.609104e-01 8.110101e-01 3.576406e-01 -3.252501e-02 5.485461e-01 4.093232e-01 4.686736e-01 2.414064e-01 -5.236518e-01 -6.111427e-01 7.539783e-01 -1.600182e-02 -4.783188e-01 -3.338444e-01 9.494446e-02 -2.175429e-01 1.487786e-01 -9.543366e-02 1.006748e-01 2.342708e-01 1.244185e-01 2.470359e-01 2.356965e-01 -6.701174e-02 9.256487e-03
<VARIANCE> 39
 2.194108e+01 1.025496e+01 1.179952e+01 2.217490e+01 1.950212e+01 3.389674e+01 2.680966e+01 8.745899e+00 2.129841e+01 1.864724e+01 9.271665e+00 1.168718e+01 5.000000e-02 6.931022e-01 5.986515e-01 9.828423e-01 1.566341e+00 8.134807e-01 4.000595e-01 7.239555e-01 5.327483e-01 6.025165e-01 7.422657e-01 2.490278e-01 3.857983e-01 5.000000e-02 1.735113e-01 9.334623e-02 1.351406e-01 3.529775e-01 5.000000e-02 5.000000e-02 8.983503e-02 6.767386e-02 3.617006e-01 2.739986e-01 9.355704e-02 6.692809e-02 5.000000e-02
<GCONST> 6.497833e+01
<STATE> 13
<MEAN> 39
 -9.866347e+00 -2.378061e+01 -1.775893e+01 -5.319988e+00 1.516617e+01 -4.842509e+00 8.551382e+00 -9.240214e+00 4.231381e+00 -6.973172e+00 -3.283515e+00 -2.558247e+00 8.764717e-01 -4.422646e-01 -2.466903e-01 -2.141379e-01 2.602719e-01 -6.359706e-01 3.534440e-01 -2.575986e-01 4.365492e-01 1.580469e-01 3.173245e-01 3.426923e-01 4.123048e-01 9.543158e-03 -2.054708e-01 -7.466254e-02 -1.803350e-01 4.507243e-02 -2.873747e-01 -4.501678e-02 -1.598480e-01 1.628814e-01 -9.435244e-02 1.360213e-01 1.891764e-01 -1.878528e-01 8.388349e-03
<VARIANCE> 39
 2.106095e+01 5.414356e+00 1.240375e+01 1.365361e+01 5.883743e+01 5.205572e+01 2.619912e+01 5.997156e+00 1.733632e+01 7.570102e+00 3.937646e+00 6.585326e+00 5.000000e-02 6.785312e-01 3.385490e-01 4.412271e-01 6.207895e-01 7.393626e-01 2.899430e-01 6.074488e-01 2.353059e-01 9.264936e-01 2.985415e-01 2.827114e-01 4.587161e-01 5.000000e-02 1.462100e-01 5.000000e-02 2.062186e-01 1.894893e-01 1.838395e-01 5.000000e-02 1.441508e-01 5.000000e-02 6.988698e-02 5.000000e-02 5.483651e-02 5.000000e-02 5.000000e-02
<GCONST> 5.485743e+01
<STATE> 14
<MEAN> 39
 -1.096617e+01 -2.306445e+01 -1.869853e+01 -3.790909e+00 1.024835e+01 -2.364161e-02 5.261361e+00 -8.759312e+00 6.029663e+00 -6.414027e+00 -3.796133e+00 -8.348551e-01 8.840111e-01 -9.694119e-01 -3.595691e-01 8.802179e-02 -1.685287e-01 -7.812576e-01 -1.234584e-01 -1.291859e-01 8.825288e-01 -2.764786e-01 1.655325e-01 6.414098e-01 -6.283658e-02 2.826016e-02 7.972961e-02 -1.454075e-01 1.870019e-01 -1.438847e-01 -2.742844e-01 -2.721954e-01 7.242294e-02 2.728050e-01 -3.814813e-01 9.838074e-02 3.944835e-02 9.924822e-02 3.658166e-03
<VARIANCE> 39
 3.846788e+01 5.347151e+00 8.980515e+00 2.465513e+00 1.838824e+01 3.840034e+01 1.084145e+01 2.198065e+01 1.203944e+01 5.474698e+00 4.420139e+00 9.423027e+00 5.000000e-02 1.138542e+00 7.694044e-01 1.099661e+00 1.673895e+00 1.363563e+00 3.821545e-01 1.031586e+00 6.636724e-01 9.578403e-01 5.639130e-01 3.989343e-01 5.183179e-01 5.000000e-02 4.737068e-01 6.222086e-02 1.032550e-01 5.000000e-02 2.200835e-01 1.120556e-01 1.001877e-01 5.000000e-02 6.237101e-02 5.671133e-02 6.374438e-02 5.462125e-02 5.000000e-02
<GCONST> 5.922571e+01
<STATE> 15
<MEAN> 39
 -1.279360e+01 -2.437206e+01 -1.844427e+01 -4.625903e+00 9.651090e+00 -3.106171e+00 5.174307e+00 -7.382980e+00 4.560501e+00 -6.127896e+00 -1.917772e+00 -2.414025e+00 9.507095e-01 -3.790174e-01 -1.025359e+00 8.689938e-01 -2.485629e-01 -1.170140e+00 -2.946345e-01 -6.214249e-02 1.351225e+00 -8.412423e-01 6.385068e-01 4.535547e-01 8.529525e-01 2.816557e-02 7.279384e-01 -9.483323e-02 3.642395e-01 5.616343e-02 -5.055726e-01 1.079817e-01 2.744789e-01 1.897839e-01 -5.328010e-01 -2.938504e-01 -3.740228e-01 2.828736e-01 -8.668288e-03
<VARIANCE> 39
 1.213783e+01 4.324445e+00 3.681311e+00 5.659788e+00 2.103903e+01 3.432072e+01 1.440241e+01 6.446983e+00 1.512288e+01 4.439388e+00 1.086224e+01 8.298119e+00 5.000000e-02 4.284804e+00 2.454634e-01 5.000772e-01 7.830204e-01 1.227883e+00 1.349196e+00 2.799401e-01 2.872547e-01 8.751438e-01 2.192351e-01 5.398697e-01 5.962206e-01 5.000000e-02 2.121589e-01 2.077142e-01 2.442065e-01 1.630158e-01 1.088338e-01 2.095218e-01 2.739122e-01 1.243630e-01 5.892476e-02 1.137506e-01 7.485324e-02 9.977230e-02 5.000000e-02
<GCONST> 6.041267e+01
<STATE> 16
<MEAN> 39
 -1.277938e+01 -2.607617e+01 -1.659661e+01 -5.010064e+00 5.973140e+00 -3.264179e+00 6.321863e+00 -3.305476e+00 1.620908e+00 -4.808638e+00 -1.594235e+00 1.471874e+00 9.857615e-01 1.264164e+00 -3.593219e-01 1.029671e+00 -1.650027e-01 -2.672378e+00 -2.982374e-01 1.141926e+00 1.140362e+00 -2.101577e+00 -8.273470e-01 -3.929261e-01 7.595662e-01 -2.235626e-03 3.350139e-01 3.826446e-01 9.209404e-02 -1.238689e-01 -2.895205e-01 -3.781136e-02 4.609051e-01 -2.165480e-01 -2.194822e-01 -3.983859e-01 -3.503186e-01 -4.606974e-01 -1.069009e-02
<VARIANCE> 39
 1.400400e+01 3.839017e+00 1.006207e+01 4.863874e+00 2.741932e+01 1.332906e+01 9.149733e+00 1.531511e+01 4.101791e+00 5.085564e+00 2.783324e+00 8.834090e+00 5.000000e-02 1.453900e+00 8.860515e-01 1.006349e+00 4.705918e-01 1.096817e+00 2.573171e+00 2.567440e+00 1.088886e+00 2.362703e-01 5.112776e-01 4.086006e-01 3.560420e-01 5.000000e-02 1.271024e-01 7.374696e-02 9.338909e-02 1.595496e-01 1.769794e-01 2.041110e-01 7.271423e-02 1.328469e-01 2.793097e-01 5.298989e-02 5.000000e-02 2.117890e-01 5.000000e-02
<GCONST> 5.958130e+01
<STATE> 17
<MEAN> 39
 -6.429448e+00 -2.865326e+01 -1.578957e+01 -4.596648e+00 1.258204e+00 -3.308634e+00 6.971502e+00 -1.287236e+00 -3.751098e+00 -8.786745e+00 -5.734580e+00 1.436332e+00 9.647785e-01 1.379406e+00 1.807884e-02 7.337196e-01 9.893411e-02 -3.122602e+00 2.799203e-01 1.427441e+00 8.616419e-01 -2.433175e+00 -1.294111e+00 -7.822902e-01 -3.973942e-01 -1.660726e-02 -4.812594e-01 5.716910e-01 1.238642e-01 -3.129894e-01 2.497842e-01 -2.658218e-01 5.603608e-01 -2.677519e-01 3.569081e-01 3.052034e-01 1.614134e-02 -6.685447e-01 -6.279416e-03
<VARIANCE> 39
 4.232228e+01 2.323872e+01 2.351870e+01 4.525875e+00 2.926790e+01 1.341178e+01 1.204661e+01 2.678322e+01 7.894257e+00 9.817196e+00 6.857550e+00 2.500357e+00 5.000000e-02 1.291023e+00 2.046655e+00 1.002616e+00 1.458484e+00 9.451005e-01 3.301380e+00 2.256048e+00 2.084154e+00 6.546159e-01 4.006707e-01 9.013913e-01 9.533820e-01 5.000000e-02 2.687520e-01 8.131993e-02 2.617162e-01 8.735145e-02 2.856080e-01 5.515917e-01 2.544225e-01 3.706711e-01 3.333730e-01 1.918346e-01 1.879594e-01 5.000000e-02 5.000000e-02
<GCONST> 7.650982e+01
<STATE> 18
<MEAN> 39
 -6.943612e+00 -2.590749e+01 -1.216838e+01 -5.049582e+00 -4.102122e+00 -3.637174e+00 1.291433e+01 -1.059324e+00 -7.362134e+00 -8.470518e+00 -3.971446e+00 -1.847594e+00 9.126238e-01 1.615146e-01 1.307287e+00 1.635964e+00 -1.513549e+00 -1.727455e+00 -8.219864e-01 1.896318e+00 7.391282e-01 -1.075794e-01 4.674473e-01 -1.216273e+00 -1.533910e+00 -2.626743e-02 -1.606083e-01 2.826826e-01 1.244005e-01 -5.651518e-01 6.965357e-01 -1.294584e-01 -5.178705e-01 6.354760e-03 1.058346e+00 5.159090e-01 -2.614119e-01 2.704846e-01 -4.785992e-03
<VARIANCE> 39
 2.666036e+01 2.302142e+01 2.157022e+01 1.601657e+01 2.007048e+01 1.886013e+01 7.326907e+00 2.758316e+00 2.120989e+01 9.673045e+00 1.031993e+01 8.678332e+00 5.000000e-02 6.159311e-01 1.618763e-01 6.798447e-01 1.380058e+00 9.802202e-01 1.215465e+00 5.446339e-01 9.545257e-01 1.836368e+00 5.514449e-01 5.425949e-01 3.636655e-01 5.000000e-02 1.261735e-01 5.000000e-02 2.076499e-01 2.904737e-01 1.102078e-01 3.693361e-01 6.095682e-02 1.000165e-01 1.882531e-01 5.000000e-02 1.121038e-01 1.886250e-01 5.000000e-02
<GCONST> 6.455960e+01
<STATE> 19
<MEAN> 39
 -8.381990e+00 -2.204473e+01 -1.017709e+01 -1.134588e+01 -4.619673e+00 -7.077357e+00 1.653466e+01 1.456194e+00 -3.937051e+00 -6.763762e+00 -9.242048e+00 -3.146702e+00 8.801417e-01 3.555887e-01 1.439047e+00 1.546256e+00 -2.278320e+00 -9.330148e-02 -9.774780e-01 3.064617e-01 3.948897e-01 1.718822e+00 5.559286e-01 -1.558224e+00 1.989745e-01 -3.383859e-02 9.219056e-02 -7.595567e-03 -7.160185e-02 7.101469e-02 4.221607e-01 -6.462532e-02 -1.137628e+00 -4.081320e-01 5.224120e-01 2.342933e-01 4.887355e-01 7.765514e-01 -5.070325e-03
<VARIANCE> 39
 1.097981e+01 1.075763e+01 7.583230e+00 1.020714e+01 3.851782e+01 3.061084e+01 2.323223e+01 3.808602e+00 2.052878e+01 1.971192e+01 4.267834e+00 5.796165e+00 5.000000e-02 1.176992e-01 3.086696e-01 7.786443e-01 1.094047e+00 4.321791e-01 1.440366e+00 7.014398e-01 2.553409e-01 6.892066e-01 1.512301e-01 5.547632e-01 1.899399e-01 5.000000e-02 5.319232e-02 5.000000e-02 5.699094e-02 1.233879e-01 1.835407e-01 1.303338e-01 2.481951e-01 7.710081e-02 2.461386e-01 2.574680e-01 1.039768e-01 1.741429e-01 5.000000e-02
<GCONST> 5.705049e+01
<STATE> 20
<MEAN> 39
 -7.891345e+00 -1.867988e+01 -7.174632e+00 -1.272721e+01 -6.164807e+00 -5.192855e+00 1.392685e+01 1.179284e+00 -9.358065e-01 -6.208363e+00 -9.176360e+00 -6.563674e-01 8.112537e-01 6.668850e-01 1.276350e+00 1.483531e+00 -1.666735e+00 -1.256458e-02 -5.064730e-01 -1.900305e+00 -1.882520e-01 1.606954e+00 1.410052e+00 2.116999e-01 1.546467e+00 -4.421552e-02 1.178726e-01 -3.086320e-01 -1.390983e-01 1.858123e-01 3.640828e-01 -1.189064e-01 -6.806123e-01 -4.802804e-01 -1.470236e-03 2.253572e-01 5.328662e-01 3.058601e-01 -2.331339e-03
<VARIANCE> 39
 1.468566e+01 1.665489e+01 7.492468e+00 3.581352e+00 2.492108e+01 1.676624e+01 2.367993e+01 5.719190e+00 1.066163e+01 1.198485e+01 1.787287e+01 1.067663e+01 5.000000e-02 4.240634e-01 3.938212e-01 2.039154e-01 5.162191e-01 5.515630e-01 2.880680e+00 2.237276e+00 6.140835e-01 3.165650e+00 1.088254e+00 9.321388e-01 6.106220e-01 5.000000e-02 5.000000e-02 6.967433e-02 9.785552e-02 1.625935e-01 8.084349e-02 1.100494e-01 3.138340e-01 6.753169e-02 8.783858e-02 5.000000e-02 6.200501e-02 1.686777e-01 5.000000e-02
<GCONST> 6.157260e+01
<STATE> 21
<MEAN> 39
 -5.802151e+00 -1.852052e+01 -5.407104e+00 -1.668009e+01 -4.320963e+00 -1.039102e+01 8.743074e+00 -3.776088e-01 1.344928e+00 -3.019157e+00 -7.874941e+00 1.038097e+00 7.304884e-01 5.494402e-01 6.778527e-01 7.849457e-01 -1.350274e+00 6.793463e-01 -1.005361e+00 -1.776245e+00 -9.376440e-01 1.668044e+00 1.386386e+00 6.937081e-02 8.255104e-01 -3.845644e-02 2.014083e-02 -3.646471e-01 -1.939887e-01 5.261882e-01 3.688532e-01 3.136694e-01 5.228476e-01 -4.708157e-02 -4.304390e-01 -2.549689e-01 -2.256638e-01 -1.040265e-01 1.916640e-03
<VARIANCE> 39
 7.369807e+00 1.761814e+01 8.581485e+00 1.145969e+01 2.826116e+01 7.577173e+01 3.600982e+01 3.523236e+00 2.400987e+01 4.876268e+00 1.507001e+01 8.966301e+00 5.000000e-02 1.674466e-01 3.759018e-01 6.135408e-01 1.433015e-01 7.536285e-01 1.194108e+00 1.728869e+00 1.162186e+00 1.000196e+00 9.835200e-01 3.981674e-01 4.896715e-01 5.000000e-02 5.000000e-02 9.213123e-02 7.730159e-02 6.894621e-02 1.006454e-01 6.215844e-01 5.113036e-01 2.147413e-01 5.377920e-01 5.000000e-02 7.305013e-02 1.690639e-01 5.000000e-02
<GCONST> 6.446473e+01
<STATE> 22
<MEAN> 39
 -5.325333e+00 -1.751100e+01 -4.166237e+00 -1.741634e+01 -1.609990e+00 -1.002228e+01 9.675920e+00 -1.952703e+00 4.239914e+00 -4.317368e-01 -8.572027e+00 2.432414e+00 6.651265e-01 8.755991e-01 -2.990434e-01 1.001402e+00 1.776303e-01 1.181451e+00 2.020011e-01 -1.661642e-01 -6.465017e-01 -1.520259e-01 4.852120e-01 -5.608124e-01 7.342322e-01 -3.798803e-02 1.761821e-01 -6.313215e-01 -1.978095e-02 6.553692e-01 -3.148921e-01 4.648374e-01 -8.175069e-02 7.427197e-03 -8.226646e-01 -7.169412e-01 -1.816557e-01 -3.041470e-01 -2.895554e-04
<VARIANCE> 39
 9.466705e+00 1.642019e+01 4.579302e+00 9.114039e+00 2.652883e+01 2.007034e+01 3.473902e+01 9.093500e+00 1.286669e+01 7.903454e+00 2.063129e+01 8.847207e+00 5.000000e-02 1.800006e-01 1.006770e+00 4.105673e-01 6.551588e-01 1.030649e+00 1.616665e+00 1.675497e+00 1.063723e+00 2.318103e+00 8.257951e-01 8.830132e-01 6.147608e-01 5.000000e-02 5.000000e-02 5.000000e-02 5.201902e-02 1.724337e-01 2.298527e-01 3.804224e-01 4.043534e-01 3.740682e-01 2.138684e-01 1.181668e-01 5.000000e-02 7.702009e-02 5.000000e-02
<GCONST> 6.716671e+01
<STATE> 23
<MEAN> 39
 -2.977672e+00 -1.931500e+01 -1.328244e+00 -1.620005e+01 -1.590371e+00 -7.430681e+00 6.770818e+00 -3.265969e+00 1.706028e+00 -1.463288e+00 -1.085330e+01 4.220651e+00 5.974573e-01 1.118342e+00 -1.782719e+00 1.216903e+00 1.080832e+00 3.646347e-02 6.547977e-01 -1.422767e+00 -1.356080e+00 -1.076627e+00 -1.472101e+00 -3.784585e-01 2.550648e-01 -4.102480e-02 -3.362625e-02 -2.916959e-01 -4.315490e-01 4.997287e-01 -7.708563e-01 3.464750e-01 -4.073635e-01 2.258898e-01 -6.652591e-02 -4.500819e-01 3.167371e-01 -2.889123e-01 -3.873446e-04
<VARIANCE> 39
 6.360310e+00 7.737262e+00 6.550637e+00 1.304838e+01 1.142500e+01 1.474709e+01 1.146565e+01 1.435061e+01 5.596099e+00 1.255065e+01 3.326175e+01 4.330094e+00 5.000000e-02 2.501371e-01 7.909733e-01 2.936449e-01 2.745690e+00 1.801517e+00 3.078392e+00 2.200034e+00 1.894066e+00 1.521427e+00 1.011340e+00 7.945566e-01 2.212783e-01 5.000000e-02 5.000000e-02 8.002859e-02 5.000000e-02 2.042774e-01 1.202851e-01 1.525905e-01 3.327320e-01 2.105309e-01 3.089440e-01 2.974661e-01 2.601465e-01 1.017795e-01 5.000000e-02
<GCONST> 6.770340e+01
<STATE> 24
<MEAN> 39
 -1.047650e+00 -2.298602e+01 -2.204153e-01 -1.331799e+01 -2.402596e+00 -6.596462e+00 3.724334e+00 -4.963214e+00 -1.632878e-01 -4.925935e+00 -1.006744e+01 2.760782e+00 5.288491e-01 7.329162e-01 -1.305406e+00 -5.822724e-01 1.945400e+00 -1.154821e+00 1.110426e+00 -1.120080e+00 4.387742e-02 -5.312814e-01 -1.079924e+00 2.593163e-01 -5.886363e-01 -3.817740e-02 -1.853396e-01 2.774006e-01 -6.045095e-01 5.626029e-01 -1.043195e-01 8.303364e-02 6.337052e-01 4.547858e-01 4.013211e-01 1.693365e-01 6.807706e-01 -1.994805e-01 -1.470888e-05
<VARIANCE> 39
 7.410221e+00 4.648930e+00 1.415541e+01 2.520698e+01 3.330890e+00 5.099605e+01 1.737464e+01 2.583339e+01 9.813050e+00 1.311156e+01 1.769498e+01 9.372339e+00 5.000000e-02 3.721491e-01 7.407852e-01 3.194770e-01 2.278304e+00 1.200467e+00 8.074737e-01 2.290831e+00 6.723490e-01 1.961739e+00 9.634537e-01 1.375148e+00 2.100114e-01 5.000000e-02 5.384334e-02 2.391434e-01 7.280033e-02 4.650620e-01 2.026160e-01 7.831419e-01 2.627269e-01 4.208041e-01 2.671672e-01 2.114724e-01 1.032749e-01 5.295153e-02 5.000000e-02
<GCONST> 7.164249e+01
<STATE> 25
<MEAN> 39
 1.206049e-01 -2.540980e+01 -4.071070e+00 -9.566815e+00 -5.882102e+00 -4.036828e+00 2.805173e+00 -3.149767e+00 8.216041e-01 -6.446929e+00 -9.228081e+00 8.508161e-01 4.499750e-01 5.577727e-01 -2.628223e-01 -1.430337e+00 3.092024e+00 -4.449585e-01 8.173364e-01 7.099729e-01 1.386940e+00 3.921354e-01 -2.031851e-01 2.492195e+00 -4.396263e-01 -3.835454e-02 -6.436639e-02 4.902574e-01 -9.341466e-02 1.765278e-01 5.450251e-01 -3.648506e-01 4.303716e-01 2.344773e-01 5.448185e-02 3.453653e-01 3.137154e-01 -7.379843e-02 5.254210e-03
<VARIANCE> 39
 8.881499e-01 3.079000e+00 1.207653e+01 1.632155e+01 8.521669e+00 3.895156e+01 1.824992e+01 8.336441e+00 3.081647e+01 9.064928e+00 1.071548e+01 7.063977e+00 5.000000e-02 4.247697e-01 1.048028e+00 5.920075e-01 2.450126e+00 1.202311e+00 3.773113e+00 8.875473e-01 1.293469e+00 3.132483e-01 8.496713e-01 7.507048e-01 7.607337e-01 5.000000e-02 5.000000e-02 1.200421e-01 5.000000e-02 2.338499e-01 1.707329e-01 3.393411e-01 4.486211e-01 1.221238e-01 4.523918e-01 1.210179e-01 1.517159e-01 1.330579e-01 5.000000e-02
<GCONST> 6.697263e+01
<STATE> 26
<MEAN> 39
 7.849236e-01 -2.428488e+01 -5.891372e+00 -1.341928e+00 -4.279130e+00 -3.705894e+00 6.633505e+00 -3.335384e-01 9.602753e-01 -5.251758e+00 -1.598806e+00 8.711979e-01 3.803168e-01 4.360353e-01 4.853718e-01 -1.028866e+00 2.200484e+00 5.901721e-01 -1.764962e-01 4.086313e-01 8.162063e-01 1.151131e-01 -1.077074e-02 1.259782e+00 -8.089371e-01 -2.092266e-02 -3.797734e-02 3.610169e-01 2.849312e-01 -8.246140e-01 2.057059e-01 -3.668306e-01 -2.595961e-01 -3.555853e-01 -1.175303e-01 -2.214864e-01 -6.157616e-01 1.939382e-01 7.339752e-03
<VARIANCE> 39
 2.577025e-01 5.249331e+00 2.734297e+01 6.213233e+00 9.707624e+00 8.198826e+00 1.110004e+01 1.556599e+01 6.920192e+00 8.518934e+00 1.231670e+01 6.464172e+00 5.000000e-02 1.256146e-01 6.635278e-01 1.784203e-01 1.006721e+00 8.464217e-01 3.962182e+00 1.632161e+00 1.656307e+00 1.413702e+00 6.902546e-01 9.319780e-01 1.246312e+00 5.000000e-02 5.000000e-02 1.145111e-01 1.338223e-01 1.641880e-01 2.333913e-01 4.541070e-01 8.174618e-02 2.572862e-01 8.036682e-02 1.201247e-01 1.955556e-01 1.247860e-01 5.000000e-02
<GCONST> 6.079795e+01
<STATE> 27
<MEAN> 39
 1.752599e+00 -2.306849e+01 -8.230142e+00 -9.671577e-01 -3.423588e+00 -5.249961e+00 4.871494e+00 -7.574862e-01 1.272341e+00 -5.476298e+00 -3.971648e+00 -5.746950e-01 3.724467e-01 3.660680e-01 1.174135e+00 3.577823e-02 3.208060e-01 3.486837e-01 -7.969976e-02 -2.067237e-01 -4.138855e-01 -2.682062e-01 -1.052316e+00 -5.638109e-02 2.243960e-01 -1.091568e-02 -8.649953e-02 1.907042e-01 3.184476e-01 -4.091611e-01 -5.010389e-02 4.262089e-03 8.368660e-02 -2.292746e-01 -3.270293e-01 -2.743821e-01 -1.267978e-01 2.492338e-01 9.162691e-04
<VARIANCE> 39
 2.314886e+00 1.542222e+01 1.263563e+01 3.630357e+00 2.985282e+00 1.270477e+01 1.485502e+01 7.540174e+00 1.203893e+01 8.322802e+00 9.417583e+00 1.794047e+01 5.000000e-02 1.124739e-01 8.215603e-01 1.114614e+00 1.397694e-01 5.404068e-01 1.374657e+00 1.200990e-01 1.567058e+00 2.784145e-01 6.263978e-01 2.157209e+00 2.586143e-01 5.000000e-02 5.809938e-02 1.942841e-01 1.252165e-01 2.346527e-01 5.000000e-02 4.605278e-01 1.004060e-01 2.521117e-01 1.896050e-01 2.348766e-01 1.335483e-01 2.717132e-01 5.000000e-02
<GCONST> 5.775702e+01
<STATE> 28
<MEAN> 39
 2.315755e+00 -1.995193e+01 -5.557637e+00 4.553995e-01 -2.276716e+00 -4.896504e+00 5.839397e+00 -8.699220e-01 -9.644265e-01 -1.031876e+01 -1.648601e+00 5.831529e-01 3.504380e-01 4.308970e-02 8.315675e-01 -2.249820e-01 3.205339e-01 3.890672e-01 -2.856584e-01 3.782696e-01 -1.440220e-01 -8.911541e-01 -8.140704e-01 5.377856e-01 6.112916e-01 -1.396314e-02 -1.078925e-01 -1.623365e-01 -4.563211e-02 -2.528602e-02 1.302534e-01 -2.116654e-02 -3.200764e-01 -1.233094e-01 -8.569431e-02 5.696846e-01 1.278290e-01 -1.208400e-01 -1.325930e-03
<VARIANCE> 39
 2.091068e+00 8.074577e+00 1.764316e+01 1.066141e+00 6.140950e+00 1.100566e+01 6.251380e+00 7.871280e+00 7.946295e+00 7.240551e+00 1.133984e+01 1.137757e+01 5.000000e-02 2.207905e-01 6.979029e-01 1.149963e+00 1.658005e+00 1.905263e-01 9.413893e-01 9.662625e-01 1.009126e+00 1.107316e+00 1.692124e+00 7.672322e-01 4.179072e-01 5.000000e-02 5.000000e-02 1.090345e-01 1.191331e-01 8.816677e-02 7.945201e-02 2.065533e-01 5.000000e-02 1.072108e-01 1.201656e-01 1.560020e-01 4.013554e-01 1.525448e-01 5.000000e-02
<GCONST> 5.611824e+01
<STATE> 29
<MEAN> 39
 2.091572e+00 -1.950015e+01 -8.097222e+00 8.202239e-01 -2.118382e+00 -5.486630e+00 6.765894e+00 -2.090612e+00 -3.008451e+00 -8.638410e+00 -1.898674e+00 4.650404e-01 3.256661e-01 -2.955301e-02 7.125562e-01 -1.460396e-02 3.434682e-01 8.946859e-01 -5.719696e-02 -1.106722e+00 -6.083809e-01 -6.325146e-01 7.708310e-01 5.677254e-01 -5.946810e-01 -1.811286e-02 -2.011727e-01 -9.865695e-02 2.512533e-01 -7.499908e-02 1.218919e-01 1.450956e-01 -3.042366e-01 2.895338e-01 4.699816e-01 3.820972e-01 -1.967258e-02 -1.358897e-01 -4.221190e-03
<VARIANCE> 39
 1.880589e+00 3.936379e+00 1.119296e+01 1.413607e+01 3.439569e+00 4.659770e+00 1.556122e+01 1.673974e+01 4.457833e+00 7.830188e+00 7.551807e+00 1.786678e+00 5.000000e-02 1.915993e-01 4.312979e-01 7.443419e-01 4.984623e-01 9.390367e-01 4.423296e-01 4.508973e-01 3.576053e-01 7.874199e-01 8.397915e-01 2.093014e+00 8.957139e-01 5.000000e-02 5.000000e-02 1.397703e-01 4.765019e-01 3.654696e-01 5.026386e-02 8.602121e-02 3.389589e-01 3.139984e-01 1.581799e-01 1.318623e-01 2.096600e-01 9.091188e-02 5.000000e-02
<GCONST> 5.604878e+01
<STATE> 30
<MEAN> 39
 2.097879e+00 -1.789530e+01 -6.474976e+00 1.269040e+00 1.199904e+00 -5.098302e+00 2.410040e+00 -2.850558e+00 -2.764269e+00 -6.691055e+00 4.546506e-01 -2.678926e-01 2.823662e-01 -5.598790e-01 5.672950e-01 6.409148e-01 2.143065e-01 7.571139e-01 -2.259708e-01 -1.054510e+00 5.798355e-01 7.079142e-01 8.072670e-01 7.474594e-01 -1.557423e-01 -2.747919e-02 -1.880613e-01 -3.563302e-02 1.914885e-01 -2.766898e-02 -1.714554e-01 -7.895541e-02 1.884189e-01 2.172056e-01 3.510100e-01 -1.945908e-01 -2.278381e-01 1.754913e-01 -9.944367e-04
<VARIANCE> 39
 2.432577e+00 1.489702e+00 4.535069e+00 3.830462e+00 4.514318e+00 8.135174e+00 7.072906e+00 1.398052e+01 6.986130e+00 6.680799e+00 1.465064e+01 2.406741e+00 5.000000e-02 8.013055e-02 1.084248e+00 2.738466e+00 9.409273e-01 3.213757e-01 1.293175e+00 2.112213e+00 2.339073e+00 4.368702e-01 2.261363e-01 6.762556e-01 1.495191e-01 5.000000e-02 5.000000e-02 8.988189e-02 1.128731e-01 1.180086e-01 1.173853e-01 1.936134e-01 1.002791e-01 2.686842e-01 2.559316e-01 1.026328e-01 5.186018e-01 8.517276e-02 5.000000e-02
<GCONST> 5.317135e+01
<STATE> 31
<MEAN> 39
 4.341062e-01 -1.618766e+01 -5.202220e+00 1.151550e+00 -5.422662e-01 -8.027685e+00 2.461934e+00 -1.242857e+00 -1.533421e+00 -6.008020e+00 1.179774e+00 -8.881316e-01 2.354255e-01 -5.343047e-01 5.527262e-01 6.752399e-01 1.534964e-01 2.114195e-01 -5.417345e-01 -1.082329e-01 4.055962e-01 2.496510e-01 1.016752e-01 -2.788856e-01 3.868815e-01 -1.511466e-02 8.303417e-02 3.692660e-02 -3.870027e-03 -8.445223e-02 -3.588869e-02 3.675430e-01 2.694887e-01 9.270876e-04 2.072455e-02 -1.954045e-01 -3.472079e-01 7.847102e-02 2.297607e-03
<VARIANCE> 39
 2.348484e+00 8.473280e+00 1.575241e+01 3.737560e+00 8.896543e+00 2.710670e+01 1.111478e+01 1.141185e+01 1.105951e+01 1.347666e+01 3.086433e+00 2.868086e+00 5.000000e-02 4.064578e-01 7.141455e-01 1.090071e+00 5.487430e-01 3.907644e-01 1.441920e+00 2.049903e-01 1.670193e+00 1.195946e+00 4.692650e-01 1.295747e+00 2.706518e-01 5.000000e-02 5.000000e-02 7.654095e-02 1.901256e-01 9.297304e-02 1.674177e-01 5.616968e-01 1.213209e-01 3.488725e-01 2.438414e-01 9.259392e-02 5.000000e-02 5.000000e-02 5.000000e-02
<GCONST> 5.733773e+01
<STATE> 32
<MEAN> 39
 -7.228866e-01 -1.706189e+01 -4.694128e+00 2.611319e+00 2.515639e+00 -5.653990e+00 1.246252e+00 6.580289e-01 7.705977e-01 -6.065658e+00 -1.156692e+00 1.265972e+00 1.921589e-01 -3.273364e-01 7.720299e-01 3.748766e-01 -3.164414e-01 3.086537e-01 9.028416e-01 -3.646837e-01 -5.616582e-01 6.881516e-01 -9.433901e-02 -6.091788e-01 -6.120759e-02 -1.968166e-02 1.068800e-02 2.808638e-01 -6.993753e-02 -3.542291e-01 -1.629532e-01 1.672161e-01 1.745931e-01 -4.582787e-01 -3.644571e-01 -9.507032e-02 3.368215e-01 -1.864442e-01 -1.907714e-03
<VARIANCE> 39
 3.664108e+00 1.769633e+01 1.790043e+01 6.583920e+00 2.868124e+00 9.536653e+00 2.232915e+00 6.473277e+00 5.133477e+00 3.942840e+00 1.089943e+01 4.124197e+00 5.000000e-02 1.688769e-01 5.381337e-01 3.263971e-01 2.977707e-01 1.002176e+00 1.835102e+00 4.239143e-01 7.210119e-01 3.570194e+00 9.374353e-01 3.920061e-01 1.723787e-01 5.000000e-02 6.641526e-02 2.770109e-01 3.099144e-01 5.000000e-02 1.288034e-01 1.241515e-01 5.000000e-02 1.270489e-01 4.655050e-01 6.008074e-02 2.143197e-01 5.000000e-02 5.000000e-02
<GCONST> 5.216248e+01
<STATE> 33
<MEAN> 39
 -6.600910e-01 -1.369046e+01 -4.349342e+00 -1.834406e-01 1.106678e+00 -4.889254e+00 1.613028e+00 -2.822399e+00 8.176744e-01 -6.858251e+00 -1.611327e+00 -3.509606e-01 1.680012e-01 -7.416170e-01 1.550559e+00 7.307252e-01 -8.825340e-01 2.118680e-02 8.644856e-01 5.423165e-01 -4.813667e-01 -2.911052e-01 -1.645578e-01 5.620150e-01 -3.437158e-01 -3.091763e-02 -1.876412e-01 3.027043e-02 9.804427e-02 3.412352e-02 5.122068e-02 -7.492784e-02 1.122955e-01 1.464766e-01 -1.136574e-01 2.318830e-01 5.512797e-01 9.002607e-02 -7.076051e-03
<VARIANCE> 39
 1.662960e+00 1.388039e+01 1.652084e+01 2.049322e+00 8.808032e+00 3.864742e+00 1.597524e+01 3.072382e+00 5.752830e+01 5.444590e+00 3.517686e-01 1.349927e+00 5.000000e-02 2.089981e-01 7.310719e-01 6.120113e-01 4.314323e-01 7.049018e-01 4.568265e-01 2.724797e-01 6.643539e-01 2.781403e+00 4.575662e-01 8.993982e-01 3.024545e-01 5.000000e-02 5.000000e-02 1.333224e-01 7.433011e-02 1.716204e-01 1.197886e-01 1.829664e-01 1.196155e-01 1.577303e-01 9.090285e-01 7.936282e-02 5.000000e-02 5.000000e-02 5.000000e-02
<GCONST> 4.887729e+01
<STATE> 34
<MEAN> 39
 -3.238004e+00 -1.123984e+01 -1.729358e+00 -1.117621e+00 2.354959e+00 -2.679117e+00 3.153105e+00 -1.570861e+00 -6.610214e-01 -6.153103e+00 2.026600e+00 -7.062958e-02 9.005495e-02 -9.026769e-01 8.183840e-01 6.049891e-01 -3.575558e-01 3.806588e-01 4.331573e-01 1.709435e-01 7.581379e-02 2.733690e-02 5.165291e-01 1.191260e+00 2.081651e-01 -4.038961e-02 4.152060e-02 -3.912337e-01 -2.306890e-01 2.353747e-01 -7.199606e-02 -3.456276e-01 -3.111643e-01 5.786958e-02 2.761681e-01 1.338125e-01 -1.742458e-01 1.627237e-01 5.495596e-04
<VARIANCE> 39
 8.669231e-01 5.156863e+00 6.838530e+00 4.035203e+00 6.627966e+00 1.255631e+01 4.615328e+00 9.952259e+00 2.387911e+01 1.411526e+01 9.487559e+00 3.622337e+00 5.000000e-02 1.471280e-01 4.804926e-01 3.927153e-01 1.112103e+00 1.546423e-01 6.684161e-01 1.092458e+00 5.826519e-01 2.143274e+00 3.020557e-01 5.453241e-01 2.553964e-01 5.000000e-02 5.000000e-02 5.000000e-02 5.000000e-02 6.992742e-02 5.372570e-02 1.750580e-01 1.020340e-01 1.194476e-01 3.100884e-01 1.163193e-01 1.881888e-01 1.160828e-01 5.000000e-02
<GCONST> 4.863865e+01
<STATE> 35
<MEAN> 39
 -3.704068e+00 -1.101950e+01 -1.782267e+00 -8.698605e-01 2.441814e+00 -3.358202e+00 2.796256e+00 -2.866255e+00 -1.011414e+00 -5.488537e+00 2.170006e+00 -4.330734e-02 3.451025e-02 -4.977243e-01 1.511071e-01 -1.041273e-01 8.547898e-02 -1.418746e-01 -4.020315e-01 -6.492225e-01 1.279232e-02 8.973519e-01 4.773085e-01 1.290257e-01 5.064008e-01 -3.303135e-02 1.188041e-01 -2.905318e-01 -1.873711e-01 1.152758e-01 -2.339453e-01 -2.238522e-01 -3.394411e-01 -2.859323e-02 9.861746e-02 -1.401297e-01 -4.828746e-01 -1.433036e-02 7.622221e-03
<VARIANCE> 39
 5.038369e-01 1.348458e+00 1.615544e+00 1.143647e+01 6.798819e+00 2.782809e+00 1.012402e+01 2.794148e+00 3.478856e+00 3.969578e-01 4.059276e+00 2.377348e+00 5.000000e-02 5.224246e-01 1.281300e-01 8.392691e-02 3.332471e-01 3.723099e-01 1.500029e+00 6.406479e-01 1.457201e-01 6.337842e-01 6.087021e-01 1.012341e+00 4.011550e-01 5.000000e-02 5.000000e-02 5.000000e-02 8.357066e-02 1.908911e-01 5.000000e-02 6.247199e-02 1.117671e-01 1.225985e-01 2.198371e-01 8.961112e-02 1.379173e-01 1.788372e-01 5.000000e-02
<GCONST> 3.518613e+01
<TRANSP> 36
 0.000000e+00 1.000000e+00 0.000000e+00 0.000000e+00 0.000000e+00 0.000000e+00 0.000000e+00 0.000000e+00 0.000000e+00 0.000000e+00 0.000000e+00 0.000000e+00 0.000000e+00 0.000000e+00 0.000000e+00 0.000000e+00 0.000000e+00 0.000000e+00 0.000000e+00 0.000000e+00 0.000000e+00 0.000000e+00 0.000000e+00 0.000000e+00 0.000000e+00 0.000000e+00 0.000000e+00 0.000000e+00 0.000000e+00 0.000000e+00 0.000000e+00 0.000000e+00 0.000000e+00 0.000000e+00 0.000000e+00 0.000000e+00
 0.000000e+00 4.553367e-01 5.446633e-01 0.000000e+00 0.000000e+00 0.000000e+00 0.000000e+00 0.000000e+00 0.000000e+00 0.000000e+00 0.000000e+00 0.000000e+00 0.000000e+00 0.000000e+00 0.000000e+00 0.000000e+00 0.000000e+00 0.000000e+00 0.000000e+00 0.000000e+00 0.000000e+00 0.000000e+00 0.000000e+00 0.000000e+00 0.000000e+00 0.000000e+00 0.000000e+00 0.000000e+00 0.000000e+00 0.000000e+00 0.000000e+00 0.000000e+00 0.000000e+00 0.000000e+00 0.000000e+00 0.000000e+00
 0.000000e+00 0.000000e+00 6.146374e-01 3.853626e-01 0.000000e+00 0.000000e+00 0.000000e+00 0.000000e+00 0.000000e+00 0.000000e+00 0.000000e+00 0.000000e+00 0.000000e+00 0.000000e+00 0.000000e+00 0.000000e+00 0.000000e+00 0.000000e+00 0.000000e+00 0.000000e+00 0.000000e+00 0.000000e+00 0.000000e+00 0.000000e+00 0.000000e+00 0.000000e+00 0.000000e+00 0.000000e+00 0.000000e+00 0.000000e+00 0.000000e+00 0.000000e+00 0.000000e+00 0.000000e+00 0.000000e+00 0.000000e+00
 0.000000e+00 0.000000e+00 0.000000e+00 5.457116e-01 4.542884e-01 0.000000e+00 0.000000e+00 0.000000e+00 0.000000e+00 0.000000e+00 0.000000e+00 0.000000e+00 0.000000e+00 0.000000e+00 0.000000e+00 0.000000e+00 0.000000e+00 0.000000e+00 0.000000e+00 0.000000e+00 0.000000e+00 0.000000e+00 0.000000e+00 0.000000e+00 0.000000e+00 0.000000e+00 0.000000e+00 0.000000e+00 0.000000e+00 0.000000e+00 0.000000e+00 0.000000e+00 0.000000e+00 0.000000e+00 0.000000e+00 0.000000e+00
 0.000000e+00 0.000000e+00 0.000000e+00 0.000000e+00 2.857157e-01 7.142843e-01 0.000000e+00 0.000000e+00 0.000000e+00 0.000000e+00 0.000000e+00 0.000000e+00 0.000000e+00 0.000000e+00 0.000000e+00 0.000000e+00 0.000000e+00 0.000000e+00 0.000000e+00 0.000000e+00 0.000000e+00 0.000000e+00 0.000000e+00 0.000000e+00 0.000000e+00 0.000000e+00 0.000000e+00 0.000000e+00 0.000000e+00 0.000000e+00 0.000000e+00 0.000000e+00 0.000000e+00 0.000000e+00 0.000000e+00 0.000000e+00
 0.000000e+00 0.000000e+00 0.000000e+00 0.000000e+00 0.000000e+00 3.749992e-01 6.250008e-01 0.000000e+00 0.000000e+00 0.000000e+00 0.000000e+00 0.000000e+00 0.000000e+00 0.000000e+00 0.000000e+00 0.000000e+00 0.000000e+00 0.000000e+00 0.000000e+00 0.000000e+00 0.000000e+00 0.000000e+00 0.000000e+00 0.000000e+00 0.000000e+00 0.000000e+00 0.000000e+00 0.000000e+00 0.000000e+00 0.000000e+00 0.000000e+00 0.000000e+00 0.000000e+00 0.000000e+00 0.000000e+00 0.000000e+00
 0.000000e+00 0.000000e+00 0.000000e+00 0.000000e+00 0.000000e+00 0.000000e+00 3.750033e-01 6.249967e-01 0.000000e+00 0.000000e+00 0.000000e+00 0.000000e+00 0.000000e+00 0.000000e+00 0.000000e+00 0.000000e+00 0.000000e+00 0.000000e+00 0.000000e+00 0.000000e+00 0.000000e+00 0.000000e+00 0.000000e+00 0.000000e+00 0.000000e+00 0.000000e+00 0.000000e+00 0.000000e+00 0.000000e+00 0.000000e+00 0.000000e+00 0.000000e+00 0.000000e+00 0.000000e+00 0.000000e+00 0.000000e+00
 0.000000e+00 0.000000e+00 0.000000e+00 0.000000e+00 0.000000e+00 0.000000e+00 0.000000e+00 5.453548e-01 4.546452e-01 0.000000e+00 0.000000e+00 0.000000e+00 0.000000e+00 0.000000e+00 0.000000e+00 0.000000e+00 0.000000e+00 0.000000e+00 0.000000e+00 0.000000e+00 0.000000e+00 0.000000e+00 0.000000e+00 0.000000e+00 0.000000e+00 0.000000e+00 0.000000e+00 0.000000e+00 0.000000e+00 0.000000e+00 0.000000e+00 0.000000e+00 0.000000e+00 0.000000e+00 0.000000e+00 0.000000e+00
 0.000000e+00 0.000000e+00 0.000000e+00 0.000000e+00 0.000000e+00 0.000000e+00 0.000000e+00 0.000000e+00 4.445592e-01 5.554408e-01 0.000000e+00 0.000000e+00 0.000000e+00 0.000000e+00 0.000000e+00 0.000000e+00 0.000000e+00 0.000000e+00 0.000000e+00 0.000000e+00 0.000000e+00 0.000000e+00 0.000000e+00 0.000000e+00 0.000000e+00 0.000000e+00 0.000000e+00 0.000000e+00 0.000000e+00 0.000000e+00 0.000000e+00 0.000000e+00 0.000000e+00 0.000000e+00 0.000000e+00 0.000000e+00
 0.000000e+00 0.000000e+00 0.000000e+00 0.000000e+00 0.000000e+00 0.000000e+00 0.000000e+00 0.000000e+00 0.000000e+00 3.749538e-01 6.250461e-01 0.000000e+00 0.000000e+00 0.000000e+00 0.000000e+00 0.000000e+00 0.000000e+00 0.000000e+00 0.000000e+00 0.000000e+00 0.000000e+00 0.000000e+00 0.000000e+00 0.000000e+00 0.000000e+00 0.000000e+00 0.000000e+00 0.000000e+00 0.000000e+00 0.000000e+00 0.000000e+00 0.000000e+00 0.000000e+00 0.000000e+00 0.000000e+00 0.000000e+00
 0.000000e+00 0.000000e+00 0.000000e+00 0.000000e+00 0.000000e+00 0.000000e+00 0.000000e+00 0.000000e+00 0.000000e+00 0.000000e+00 2.858293e-01 7.141707e-01 0.000000e+00 0.000000e+00 0.000000e+00 0.000000e+00 0.000000e+00 0.000000e+00 0.000000e+00 0.000000e+00 0.000000e+00 0.000000e+00 0.000000e+00 0.000000e+00 0.000000e+00 0.000000e+00 0.000000e+00 0.000000e+00 0.000000e+00 0.000000e+00 0.000000e+00 0.000000e+00 0.000000e+00 0.000000e+00 0.000000e+00 0.000000e+00
 0.000000e+00 0.000000e+00 0.000000e+00 0.000000e+00 0.000000e+00 0.000000e+00 0.000000e+00 0.000000e+00 0.000000e+00 0.000000e+00 0.000000e+00 5.002470e-01 4.997531e-01 0.000000e+00 0.000000e+00 0.000000e+00 0.000000e+00 0.000000e+00 0.000000e+00 0.000000e+00 0.000000e+00 0.000000e+00 0.000000e+00 0.000000e+00 0.000000e+00 0.000000e+00 0.000000e+00 0.000000e+00 0.000000e+00 0.000000e+00 0.000000e+00 0.000000e+00 0.000000e+00 0.000000e+00 0.000000e+00 0.000000e+00
 0.000000e+00 0.000000e+00 0.000000e+00 0.000000e+00 0.000000e+00 0.000000e+00 0.000000e+00 0.000000e+00 0.000000e+00 0.000000e+00 0.000000e+00 0.000000e+00 5.451299e-01 4.548701e-01 0.000000e+00 0.000000e+00 0.000000e+00 0.000000e+00 0.000000e+00 0.000000e+00 0.000000e+00 0.000000e+00 0.000000e+00 0.000000e+00 0.000000e+00 0.000000e+00 0.000000e+00 0.000000e+00 0.000000e+00 0.000000e+00 0.000000e+00 0.000000e+00 0.000000e+00 0.000000e+00 0.000000e+00 0.000000e+00
 0.000000e+00 0.000000e+00 0.000000e+00 0.000000e+00 0.000000e+00 0.000000e+00 0.000000e+00 0.000000e+00 0.000000e+00 0.000000e+00 0.000000e+00 0.000000e+00 0.000000e+00 3.754333e-01 6.245667e-01 0.000000e+00 0.000000e+00 0.000000e+00 0.000000e+00 0.000000e+00 0.000000e+00 0.000000e+00 0.000000e+00 0.000000e+00 0.000000e+00 0.000000e+00 0.000000e+00 0.000000e+00 0.000000e+00 0.000000e+00 0.000000e+00 0.000000e+00 0.000000e+00 0.000000e+00 0.000000e+00 0.000000e+00
 0.000000e+00 0.000000e+00 0.000000e+00 0.000000e+00 0.000000e+00 0.000000e+00 0.000000e+00 0.000000e+00 0.000000e+00 0.000000e+00 0.000000e+00 0.000000e+00 0.000000e+00 0.000000e+00 4.443011e-01 5.556989e-01 0.000000e+00 0.000000e+00 0.000000e+00 0.000000e+00 0.000000e+00 0.000000e+00 0.000000e+00 0.000000e+00 0.000000e+00 0.000000e+00 0.000000e+00 0.000000e+00 0.000000e+00 0.000000e+00 0.000000e+00 0.000000e+00 0.000000e+00 0.000000e+00 0.000000e+00 0.000000e+00
 0.000000e+00 0.000000e+00 0.000000e+00 0.000000e+00 0.000000e+00 0.000000e+00 0.000000e+00 0.000000e+00 0.000000e+00 0.000000e+00 0.000000e+00 0.000000e+00 0.000000e+00 0.000000e+00 0.000000e+00 4.433213e-01 5.566787e-01 0.000000e+00 0.000000e+00 0.000000e+00 0.000000e+00 0.000000e+00 0.000000e+00 0.000000e+00 0.000000e+00 0.000000e+00 0.000000e+00 0.000000e+00 0.000000e+00 0.000000e+00 0.000000e+00 0.000000e+00 0.000000e+00 0.000000e+00 0.000000e+00 0.000000e+00
 0.000000e+00 0.000000e+00 0.000000e+00 0.000000e+00 0.000000e+00 0.000000e+00 0.000000e+00 0.000000e+00 0.000000e+00 0.000000e+00 0.000000e+00 0.000000e+00 0.000000e+00 0.000000e+00 0.000000e+00 0.000000e+00 3.764115e-01 6.235885e-01 0.000000e+00 0.000000e+00 0.000000e+00 0.000000e+00 0.000000e+00 0.000000e+00 0.000000e+00 0.000000e+00 0.000000e+00 0.000000e+00 0.000000e+00 0.000000e+00 0.000000e+00 0.000000e+00 0.000000e+00 0.000000e+00 0.000000e+00 0.000000e+00
 0.000000e+00 0.000000e+00 0.000000e+00 0.000000e+00 0.000000e+00 0.000000e+00 0.000000e+00 0.000000e+00 0.000000e+00 0.000000e+00 0.000000e+00 0.000000e+00 0.000000e+00 0.000000e+00 0.000000e+00 0.000000e+00 0.000000e+00 5.454388e-01 4.545613e-01 0.000000e+00 0.000000e+00 0.000000e+00 0.000000e+00 0.000000e+00 0.000000e+00 0.000000e+00 0.000000e+00 0.000000e+00 0.000000e+00 0.000000e+00 0.000000e+00 0.000000e+00 0.000000e+00 0.000000e+00 0.000000e+00 0.000000e+00
 0.000000e+00 0.000000e+00 0.000000e+00 0.000000e+00 0.000000e+00 0.000000e+00 0.000000e+00 0.000000e+00 0.000000e+00 0.000000e+00 0.000000e+00 0.000000e+00 0.000000e+00 0.000000e+00 0.000000e+00 0.000000e+00 0.000000e+00 0.000000e+00 2.857140e-01 7.142860e-01 0.000000e+00 0.000000e+00 0.000000e+00 0.000000e+00 0.000000e+00 0.000000e+00 0.000000e+00 0.000000e+00 0.000000e+00 0.000000e+00 0.000000e+00 0.000000e+00 0.000000e+00 0.000000e+00 0.000000e+00 0.000000e+00
 0.000000e+00 0.000000e+00 0.000000e+00 0.000000e+00 0.000000e+00 0.000000e+00 0.000000e+00 0.000000e+00 0.000000e+00 0.000000e+00 0.000000e+00 0.000000e+00 0.000000e+00 0.000000e+00 0.000000e+00 0.000000e+00 0.000000e+00 0.000000e+00 0.000000e+00 3.750059e-01 6.249941e-01 0.000000e+00 0.000000e+00 0.000000e+00 0.000000e+00 0.000000e+00 0.000000e+00 0.000000e+00 0.000000e+00 0.000000e+00 0.000000e+00 0.000000e+00 0.000000e+00 0.000000e+00 0.000000e+00 0.000000e+00
 0.000000e+00 0.000000e+00 0.000000e+00 0.000000e+00 0.000000e+00 0.000000e+00 0.000000e+00 0.000000e+00 0.000000e+00 0.000000e+00 0.000000e+00 0.000000e+00 0.000000e+00 0.000000e+00 0.000000e+00 0.000000e+00 0.000000e+00 0.000000e+00 0.000000e+00 0.000000e+00 4.447368e-01 5.552632e-01 0.000000e+00 0.000000e+00 0.000000e+00 0.000000e+00 0.000000e+00 0.000000e+00 0.000000e+00 0.000000e+00 0.000000e+00 0.000000e+00 0.000000e+00 0.000000e+00 0.000000e+00 0.000000e+00
 0.000000e+00 0.000000e+00 0.000000e+00 0.000000e+00 0.000000e+00 0.000000e+00 0.000000e+00 0.000000e+00 0.000000e+00 0.000000e+00 0.000000e+00 0.000000e+00 0.000000e+00 0.000000e+00 0.000000e+00 0.000000e+00 0.000000e+00 0.000000e+00 0.000000e+00 0.000000e+00 0.000000e+00 4.996496e-01 5.003504e-01 0.000000e+00 0.000000e+00 0.000000e+00 0.000000e+00 0.000000e+00 0.000000e+00 0.000000e+00 0.000000e+00 0.000000e+00 0.000000e+00 0.000000e+00 0.000000e+00 0.000000e+00
 0.000000e+00 0.000000e+00 0.000000e+00 0.000000e+00 0.000000e+00 0.000000e+00 0.000000e+00 0.000000e+00 0.000000e+00 0.000000e+00 0.000000e+00 0.000000e+00 0.000000e+00 0.000000e+00 0.000000e+00 0.000000e+00 0.000000e+00 0.000000e+00 0.000000e+00 0.000000e+00 0.000000e+00 0.000000e+00 2.861240e-01 7.138759e-01 0.000000e+00 0.000000e+00 0.000000e+00 0.000000e+00 0.000000e+00 0.000000e+00 0.000000e+00 0.000000e+00 0.000000e+00 0.000000e+00 0.000000e+00 0.000000e+00
 0.000000e+00 0.000000e+00 0.000000e+00 0.000000e+00 0.000000e+00 0.000000e+00 0.000000e+00 0.000000e+00 0.000000e+00 0.000000e+00 0.000000e+00 0.000000e+00 0.000000e+00 0.000000e+00 0.000000e+00 0.000000e+00 0.000000e+00 0.000000e+00 0.000000e+00 0.000000e+00 0.000000e+00 0.000000e+00 0.000000e+00 5.432609e-01 4.567390e-01 0.000000e+00 0.000000e+00 0.000000e+00 0.000000e+00 0.000000e+00 0.000000e+00 0.000000e+00 0.000000e+00 0.000000e+00 0.000000e+00 0.000000e+00
 0.000000e+00 0.000000e+00 0.000000e+00 0.000000e+00 0.000000e+00 0.000000e+00 0.000000e+00 0.000000e+00 0.000000e+00 0.000000e+00 0.000000e+00 0.000000e+00 0.000000e+00 0.000000e+00 0.000000e+00 0.000000e+00 0.000000e+00 0.000000e+00 0.000000e+00 0.000000e+00 0.000000e+00 0.000000e+00 0.000000e+00 0.000000e+00 3.793198e-01 6.206802e-01 0.000000e+00 0.000000e+00 0.000000e+00 0.000000e+00 0.000000e+00 0.000000e+00 0.000000e+00 0.000000e+00 0.000000e+00 0.000000e+00
 0.000000e+00 0.000000e+00 0.000000e+00 0.000000e+00 0.000000e+00 0.000000e+00 0.000000e+00 0.000000e+00 0.000000e+00 0.000000e+00 0.000000e+00 0.000000e+00 0.000000e+00 0.000000e+00 0.000000e+00 0.000000e+00 0.000000e+00 0.000000e+00 0.000000e+00 0.000000e+00 0.000000e+00 0.000000e+00 0.000000e+00 0.000000e+00 0.000000e+00 5.462098e-01 4.537902e-01 0.000000e+00 0.000000e+00 0.000000e+00 0.000000e+00 0.000000e+00 0.000000e+00 0.000000e+00 0.000000e+00 0.000000e+00
 0.000000e+00 0.000000e+00 0.000000e+00 0.000000e+00 0.000000e+00 0.000000e+00 0.000000e+00 0.000000e+00 0.000000e+00 0.000000e+00 0.000000e+00 0.000000e+00 0.000000e+00 0.000000e+00 0.000000e+00 0.000000e+00 0.000000e+00 0.000000e+00 0.000000e+00 0.000000e+00 0.000000e+00 0.000000e+00 0.000000e+00 0.000000e+00 0.000000e+00 0.000000e+00 3.738291e-01 6.261709e-01 0.000000e+00 0.000000e+00 0.000000e+00 0.000000e+00 0.000000e+00 0.000000e+00 0.000000e+00 0.000000e+00
 0.000000e+00 0.000000e+00 0.000000e+00 0.000000e+00 0.000000e+00 0.000000e+00 0.000000e+00 0.000000e+00 0.000000e+00 0.000000e+00 0.000000e+00 0.000000e+00 0.000000e+00 0.000000e+00 0.000000e+00 0.000000e+00 0.000000e+00 0.000000e+00 0.000000e+00 0.000000e+00 0.000000e+00 0.000000e+00 0.000000e+00 0.000000e+00 0.000000e+00 0.000000e+00 0.000000e+00 4.996558e-01 5.003442e-01 0.000000e+00 0.000000e+00 0.000000e+00 0.000000e+00 0.000000e+00 0.000000e+00 0.000000e+00
 0.000000e+00 0.000000e+00 0.000000e+00 0.000000e+00 0.000000e+00 0.000000e+00 0.000000e+00 0.000000e+00 0.000000e+00 0.000000e+00 0.000000e+00 0.000000e+00 0.000000e+00 0.000000e+00 0.000000e+00 0.000000e+00 0.000000e+00 0.000000e+00 0.000000e+00 0.000000e+00 0.000000e+00 0.000000e+00 0.000000e+00 0.000000e+00 0.000000e+00 0.000000e+00 0.000000e+00 0.000000e+00 4.440162e-01 5.559837e-01 0.000000e+00 0.000000e+00 0.000000e+00 0.000000e+00 0.000000e+00 0.000000e+00
 0.000000e+00 0.000000e+00 0.000000e+00 0.000000e+00 0.000000e+00 0.000000e+00 0.000000e+00 0.000000e+00 0.000000e+00 0.000000e+00 0.000000e+00 0.000000e+00 0.000000e+00 0.000000e+00 0.000000e+00 0.000000e+00 0.000000e+00 0.000000e+00 0.000000e+00 0.000000e+00 0.000000e+00 0.000000e+00 0.000000e+00 0.000000e+00 0.000000e+00 0.000000e+00 0.000000e+00 0.000000e+00 0.000000e+00 4.448285e-01 5.551715e-01 0.000000e+00 0.000000e+00 0.000000e+00 0.000000e+00 0.000000e+00
 0.000000e+00 0.000000e+00 0.000000e+00 0.000000e+00 0.000000e+00 0.000000e+00 0.000000e+00 0.000000e+00 0.000000e+00 0.000000e+00 0.000000e+00 0.000000e+00 0.000000e+00 0.000000e+00 0.000000e+00 0.000000e+00 0.000000e+00 0.000000e+00 0.000000e+00 0.000000e+00 0.000000e+00 0.000000e+00 0.000000e+00 0.000000e+00 0.000000e+00 0.000000e+00 0.000000e+00 0.000000e+00 0.000000e+00 0.000000e+00 4.990878e-01 5.009122e-01 0.000000e+00 0.000000e+00 0.000000e+00 0.000000e+00
 0.000000e+00 0.000000e+00 0.000000e+00 0.000000e+00 0.000000e+00 0.000000e+00 0.000000e+00 0.000000e+00 0.000000e+00 0.000000e+00 0.000000e+00 0.000000e+00 0.000000e+00 0.000000e+00 0.000000e+00 0.000000e+00 0.000000e+00 0.000000e+00 0.000000e+00 0.000000e+00 0.000000e+00 0.000000e+00 0.000000e+00 0.000000e+00 0.000000e+00 0.000000e+00 0.000000e+00 0.000000e+00 0.000000e+00 0.000000e+00 0.000000e+00 4.455498e-01 5.544502e-01 0.000000e+00 0.000000e+00 0.000000e+00
 0.000000e+00 0.000000e+00 0.000000e+00 0.000000e+00 0.000000e+00 0.000000e+00 0.000000e+00 0.000000e+00 0.000000e+00 0.000000e+00 0.000000e+00 0.000000e+00 0.000000e+00 0.000000e+00 0.000000e+00 0.000000e+00 0.000000e+00 0.000000e+00 0.000000e+00 0.000000e+00 0.000000e+00 0.000000e+00 0.000000e+00 0.000000e+00 0.000000e+00 0.000000e+00 0.000000e+00 0.000000e+00 0.000000e+00 0.000000e+00 0.000000e+00 0.000000e+00 3.761321e-01 6.238680e-01 0.000000e+00 0.000000e+00
 0.000000e+00 0.000000e+00 0.000000e+00 0.000000e+00 0.000000e+00 0.000000e+00 0.000000e+00 0.000000e+00 0.000000e+00 0.000000e+00 0.000000e+00 0.000000e+00 0.000000e+00 0.000000e+00 0.000000e+00 0.000000e+00 0.000000e+00 0.000000e+00 0.000000e+00 0.000000e+00 0.000000e+00 0.000000e+00 0.000000e+00 0.000000e+00 0.000000e+00 0.000000e+00 0.000000e+00 0.000000e+00 0.000000e+00 0.000000e+00 0.000000e+00 0.000000e+00 0.000000e+00 4.993047e-01 5.006953e-01 0.000000e+00
 0.000000e+00 0.000000e+00 0.000000e+00 0.000000e+00 0.000000e+00 0.000000e+00 0.000000e+00 0.000000e+00 0.000000e+00 0.000000e+00 0.000000e+00 0.000000e+00 0.000000e+00 0.000000e+00 0.000000e+00 0.000000e+00 0.000000e+00 0.000000e+00 0.000000e+00 0.000000e+00 0.000000e+00 0.000000e+00 0.000000e+00 0.000000e+00 0.000000e+00 0.000000e+00 0.000000e+00 0.000000e+00 0.000000e+00 0.000000e+00 0.000000e+00 0.000000e+00 0.000000e+00 0.000000e+00 0.000000e+00 1.000000e+00
 0.000000e+00 0.000000e+00 0.000000e+00 0.000000e+00 0.000000e+00 0.000000e+00 0.000000e+00 0.000000e+00 0.000000e+00 0.000000e+00 0.000000e+00 0.000000e+00 0.000000e+00 0.000000e+00 0.000000e+00 0.000000e+00 0.000000e+00 0.000000e+00 0.000000e+00 0.000000e+00 0.000000e+00 0.000000e+00 0.000000e+00 0.000000e+00 0.000000e+00 0.000000e+00 0.000000e+00 0.000000e+00 0.000000e+00 0.000000e+00 0.000000e+00 0.000000e+00 0.000000e+00 0.000000e+00 0.000000e+00 0.000000e+00
<ENDHMM>
