~o
<STREAMINFO> 1 39
<VECSIZE> 39<NULLD><MFCC_E_D_A><DIAGC>
~h "Tam"
<BEGINHMM>
<NUMSTATES> 36
<STATE> 2
<MEAN> 39
 -6.760798e+00 -7.737434e+00 8.416536e-01 -7.360738e-01 1.380053e+00 -4.260335e+00 2.572964e+00 -3.674390e-01 -9.119162e-02 -4.083230e+00 1.404830e+00 -1.895975e+00 -8.135201e-02 -4.212245e-02 1.329649e-01 -1.106644e+00 -6.044508e-01 -8.605790e-01 -4.341872e-02 1.040123e-01 -1.085577e-02 5.332250e-01 4.400901e-01 5.768100e-01 -1.978187e-01 3.900478e-02 -1.876341e-01 -5.137668e-01 -1.667203e+00 -5.974971e-01 -2.674473e-01 -7.650108e-01 4.375756e-01 1.052238e-01 5.488120e-02 -2.247891e-01 -5.564301e-01 3.128616e-02 5.418783e-02
<VARIANCE> 39
 5.304195e+00 2.079255e+00 5.789840e+00 2.533997e+01 4.383704e+00 9.010292e+00 3.618288e+00 1.235743e+01 2.520950e+00 1.458072e+01 1.152281e+01 7.004155e+00 5.000000e-02 3.481560e-01 2.904821e-01 1.019465e+00 4.173966e-01 3.864747e-01 1.074546e+00 1.553810e+00 1.311273e+00 2.558136e-01 1.057036e+00 5.812781e-01 3.431103e-01 5.000000e-02 2.141690e-01 1.614290e-01 8.993501e-02 3.292521e-01 2.605248e-01 1.190786e-01 1.987318e-01 2.061377e-01 1.305208e-01 5.105453e-01 1.633286e-01 6.293879e-02 5.000000e-02
<GCONST> 5.847938e+01
<STATE> 3
<MEAN> 39
 -6.893758e+00 -7.010823e+00 -4.417919e+00 -2.700861e+00 -7.014421e-01 -4.432845e+00 3.328964e+00 3.529434e-01 1.026012e+00 -2.425669e+00 2.338858e+00 -2.414243e+00 7.481562e-02 -6.398150e-01 -1.641451e+00 -5.577772e+00 -2.152909e+00 -5.992135e-01 -2.313423e+00 1.897134e+00 7.907010e-01 5.122995e-01 -1.501168e+00 -2.157582e+00 3.116244e-01 2.188082e-01 -2.196705e-01 -1.101856e+00 -1.020091e+00 1.116282e-01 3.542226e-01 3.408197e-02 5.106134e-01 -2.973576e-01 -2.159102e-01 -1.043813e+00 -5.824535e-01 1.114525e-01 4.613896e-02
<VARIANCE> 39
 1.180428e+01 4.878720e+00 1.749082e+01 8.801395e+00 1.031199e+01 1.141342e+01 1.537119e+01 1.413273e+01 1.174942e+01 6.967978e+00 6.707685e+00 7.321692e+00 5.000000e-02 2.217766e+00 1.965353e+00 1.227356e+00 1.363980e+00 2.883299e+00 1.046285e+00 2.551886e+00 1.028586e+00 2.197262e+00 3.630939e+00 9.587499e-01 3.483872e-01 5.000000e-02 1.920061e-01 1.477803e-01 4.874350e-01 3.271877e-01 2.770833e-01 3.464041e-01 3.471577e-01 2.903573e-01 1.231302e-01 2.544679e-01 2.256435e-01 1.828617e-01 5.000000e-02
<GCONST> 7.857784e+01
<STATE> 4
<MEAN> 39
 -1.030539e+01 -1.444610e+01 -2.099462e+01 -9.484932e+00 4.551373e-01 -1.379960e+01 1.037746e+01 2.853752e+00 8.184144e-01 -9.791860e+00 -7.164431e+00 -6.363892e-01 7.371277e-01 -8.435298e-01 -3.886167e+00 -4.873586e+00 -1.591492e-02 4.150505e-01 5.315523e-02 1.927588e+00 -1.301188e+00 6.215168e-03 -3.567203e+00 -1.356271e+00 3.278654e-01 2.155763e-01 2.763747e-01 -2.119307e-01 1.517483e+00 1.262873e+00 3.709966e-01 1.338374e+00 -8.972813e-01 -9.864869e-01 7.093920e-02 1.879802e-01 1.106540e+00 -1.603492e-01 -4.613535e-02
<VARIANCE> 39
 4.278046e+01 2.241892e+01 1.786315e+01 1.712765e+01 3.642178e+01 2.685982e+01 3.201600e+01 1.847796e+01 2.169603e+01 2.604230e+01 3.525589e+00 9.711883e+00 5.000000e-02 1.589634e+00 9.503984e-01 2.310071e+00 2.424351e+00 1.966880e+00 1.801567e+00 2.787566e+00 2.141928e+00 6.565818e-01 6.514130e-01 1.109289e+00 1.501170e+00 5.000000e-02 6.131798e-01 5.860237e-01 2.039187e-01 2.873888e-01 4.943630e-01 1.553295e-01 5.427566e-01 3.371269e-01 7.007510e-01 8.549053e-01 7.638545e-02 1.023261e-01 5.000000e-02
<GCONST> 8.977694e+01
<STATE> 5
<MEAN> 39
 -9.883668e+00 -2.103014e+01 -2.198427e+01 -4.202835e+00 -1.125129e-01 -4.553720e+00 1.109715e+01 -1.780134e+00 1.632394e+00 -1.489162e+01 -3.450764e+00 -1.409934e-02 8.702187e-01 -1.782538e-01 -2.971377e+00 -7.424424e-01 1.782519e+00 1.386442e+00 2.502836e+00 -7.476712e-01 -2.509809e+00 -3.381703e-01 -1.161531e+00 1.723688e+00 3.043315e-01 6.999757e-02 3.085840e-01 7.738379e-01 1.697780e+00 5.470277e-01 4.633535e-01 2.205857e-01 -1.034045e+00 -2.750321e-01 -1.963170e-02 1.327905e+00 8.077686e-01 -2.736597e-01 -5.824288e-02
<VARIANCE> 39
 2.088398e+01 6.055699e+00 1.666831e+01 7.297306e+00 5.088517e+01 1.989643e+01 2.429579e+01 1.279656e+01 5.877645e+00 3.005194e+00 1.676794e+00 8.466623e+00 5.000000e-02 2.335116e+00 1.911350e+00 6.190376e-01 2.082332e+00 2.189303e+00 1.355433e+00 1.869006e+00 1.893558e+00 4.843987e+00 1.691898e+00 7.590917e-01 2.466913e+00 5.000000e-02 1.532022e-01 1.330768e-01 1.057743e-01 1.434547e-01 5.958816e-01 5.349947e-02 1.858917e-01 1.277290e-01 3.660990e-01 1.513836e-01 1.329891e-01 1.397741e-01 5.000000e-02
<GCONST> 7.520210e+01
<STATE> 6
<MEAN> 39
 -9.990893e+00 -2.320774e+01 -2.295158e+01 -1.875642e+00 2.332120e+00 -4.368470e+00 7.108552e+00 -7.014678e+00 2.162030e+00 -1.455294e+01 -7.915322e-01 -5.799708e-01 9.341190e-01 4.505301e-01 -1.448293e+00 7.401477e-01 1.711958e+00 1.483527e+00 9.485813e-01 -1.603161e+00 -1.921724e+00 4.647346e-01 7.018266e-01 1.388441e+00 -3.915465e-01 3.097282e-02 6.734820e-02 7.431781e-01 7.747580e-01 -3.556722e-01 -1.887757e-01 -4.958165e-01 -3.705110e-01 6.480591e-01 8.405987e-02 8.664960e-01 -2.156330e-01 -2.502521e-01 -2.598186e-02
<VARIANCE> 39
 1.534809e+01 3.618972e+00 3.017721e+01 3.720014e+00 1.349076e+01 1.337692e+01 1.589212e+01 2.012383e+01 1.895926e+01 8.623113e+00 3.320708e+00 3.329904e+01 5.000000e-02 6.718596e-01 1.372364e+00 3.055479e-01 1.188403e+00 1.101614e+00 7.350761e-01 7.996451e-01 1.164892e+00 1.909467e+00 1.407910e+00 5.621370e-01 8.175042e-01 5.000000e-02 2.510679e-01 8.531810e-02 2.418171e-01 1.966458e-01 3.014861e-01 1.088426e-01 3.083145e-01 3.174953e-01 5.851046e-01 4.342629e-01 1.395066e-01 2.056510e-01 5.000000e-02
<GCONST> 7.347754e+01
<STATE> 7
<MEAN> 39
 -8.135378e+00 -2.380838e+01 -2.069450e+01 3.222582e-01 6.195148e+00 -4.695041e+00 6.644741e+00 -7.147838e+00 2.565190e+00 -1.050728e+01 -3.191227e-01 -2.460254e+00 9.582402e-01 1.453622e-01 -1.020684e+00 7.720262e-01 4.440588e-01 3.042226e-01 -1.043178e-01 -1.618612e+00 -6.746461e-01 3.346849e-01 1.493479e+00 -1.446633e-01 -7.430144e-01 1.507014e-02 -7.968251e-02 1.986493e-01 1.548727e-02 -5.112446e-01 -4.682622e-01 -2.955895e-01 1.388973e-01 5.843581e-01 -7.265825e-02 -6.593553e-02 -4.079372e-01 1.198868e-01 -8.690028e-03
<VARIANCE> 39
 1.662869e+01 5.555691e+00 2.363227e+01 4.333548e+00 1.157818e+01 2.425989e+01 2.602519e+01 2.512987e+01 1.757026e+01 4.515248e+00 2.888291e+00 2.047196e+01 5.000000e-02 7.642492e-02 1.532980e-01 3.263576e-01 4.961766e-01 4.708936e-01 4.243585e-01 2.550728e-01 4.041496e-01 1.212152e+00 7.497534e-01 5.750136e-01 8.309162e-02 5.000000e-02 5.177796e-02 9.033761e-02 5.000000e-02 5.967452e-02 1.085195e-01 1.932101e-01 1.165973e-01 1.073189e-01 5.083319e-01 1.864499e-01 6.853256e-02 6.806114e-02 5.000000e-02
<GCONST> 5.198340e+01
<STATE> 8
<MEAN> 39
 -9.068307e+00 -2.569271e+01 -1.916368e+01 -3.121681e-01 4.839792e+00 -3.906795e+00 2.310922e+00 -7.560633e+00 2.294731e+00 -9.664184e+00 -1.547509e+00 -3.574221e+00 9.770361e-01 -1.837951e-03 -4.821070e-01 7.501232e-01 1.068920e-01 -1.282208e-01 7.577008e-01 -7.456593e-01 3.080397e-01 4.736068e-01 3.158574e-02 1.013905e-01 -1.925536e-02 5.928261e-03 -2.177486e-02 1.248267e-01 -1.003888e-01 -1.600496e-01 -8.546550e-02 1.882146e-01 4.248988e-01 3.430408e-01 1.224223e-01 -5.299515e-01 1.445108e-02 1.685090e-01 -3.527920e-03
<VARIANCE> 39
 1.712452e+01 2.635514e+00 2.062695e+01 5.270815e+00 6.286030e+00 3.612471e+01 2.194055e+01 1.611027e+01 2.645204e+00 1.007997e+01 8.168029e+00 1.749443e+01 5.000000e-02 8.116169e-02 8.962844e-02 1.851733e-01 1.561931e-01 3.683411e-01 3.566762e-01 6.914437e-01 3.805656e-01 9.849737e-01 4.741729e-01 8.946396e-01 2.549016e-01 5.000000e-02 5.000000e-02 5.000000e-02 5.000000e-02 8.245122e-02 1.249753e-01 7.526121e-02 1.140436e-01 5.000000e-02 1.762712e-01 8.944198e-02 5.000000e-02 7.012755e-02 5.000000e-02
<GCONST> 4.553693e+01
<STATE> 9
<MEAN> 39
 -1.124492e+01 -2.715714e+01 -1.663996e+01 -1.228226e+00 2.646948e+00 7.719665e-01 9.454746e-01 -4.783775e+00 3.820965e+00 -1.119649e+01 7.110863e-01 -1.413694e+00 9.786198e-01 -2.129536e-01 -4.881486e-01 9.328081e-02 -3.584938e-01 -2.116300e-01 4.255393e-01 -3.692970e-02 6.783681e-01 3.937480e-01 -7.269523e-01 -1.252208e-01 -9.939881e-02 -1.877890e-03 1.452029e-02 1.689649e-01 -1.555599e-02 1.219302e-01 2.007645e-01 -2.091674e-02 8.405279e-02 1.494061e-01 -1.314611e-01 -1.469259e-01 -1.293311e-01 9.983099e-02 -1.515592e-03
<VARIANCE> 39
 1.124647e+01 1.820985e+00 1.946657e+01 4.392958e+00 8.793972e+00 2.818091e+01 9.158379e+00 1.801767e+01 7.849610e+00 2.662777e+00 2.155330e+01 1.264720e+01 5.000000e-02 1.060808e-01 1.348727e-01 1.745548e-01 3.992570e-01 2.128889e-01 1.783744e-01 8.203312e-01 5.000000e-02 5.615565e-01 4.397096e-01 5.990606e-01 2.135163e-01 5.000000e-02 5.000000e-02 5.000000e-02 5.000000e-02 5.000000e-02 1.021717e-01 5.000000e-02 2.129381e-01 5.000000e-02 7.792587e-02 5.000000e-02 1.202403e-01 5.000000e-02 5.000000e-02
<GCONST> 4.013029e+01
<STATE> 10
<MEAN> 39
 -8.054483e+00 -2.776037e+01 -1.918080e+01 -9.162826e-01 4.844194e+00 -3.567870e+00 2.942111e+00 -6.206743e+00 5.478218e+00 -1.258954e+01 -1.399685e-01 -3.053098e+00 9.813737e-01 1.559730e-01 1.389585e-01 8.231339e-01 4.772902e-01 8.907604e-01 6.931623e-01 8.989837e-02 1.119596e+00 1.800604e-01 -5.510718e-01 1.248264e-01 4.798893e-01 2.177600e-03 -8.325442e-02 1.930761e-01 -9.018219e-02 3.840174e-02 5.698172e-02 -7.344986e-02 5.542241e-02 5.879416e-02 -4.034855e-01 -2.023025e-02 1.156174e-02 -1.016646e-01 -2.139431e-03
<VARIANCE> 39
 2.017739e+01 3.474264e+00 1.489378e+01 4.831317e+00 1.086885e+01 1.478574e+01 8.472803e+00 1.179647e+01 7.643524e+00 3.156692e+00 2.704644e+01 1.701687e+01 5.000000e-02 6.315634e-02 9.185336e-02 9.015607e-02 2.050443e-01 4.713501e-01 7.622112e-02 4.597603e-01 3.899733e-01 8.385245e-01 5.587952e-01 4.201787e-01 2.135741e-01 5.000000e-02 6.365001e-02 5.000000e-02 6.338432e-02 6.606200e-02 8.005954e-02 5.000000e-02 7.914244e-02 7.877645e-02 7.523306e-02 5.000000e-02 3.450036e-01 5.000000e-02 5.000000e-02
<GCONST> 4.139405e+01
<STATE> 11
<MEAN> 39
 -8.817568e+00 -2.601433e+01 -1.529124e+01 1.582914e+00 6.955091e+00 5.690956e-01 3.311131e+00 -2.997948e+00 5.273205e+00 -1.339139e+01 -2.935260e-01 -1.756010e+00 9.809189e-01 -2.156358e-01 1.369074e-01 1.596169e-01 3.710276e-01 3.417135e-01 4.173635e-01 -3.494112e-01 8.851600e-01 -9.642735e-01 -1.098852e+00 -2.269164e-01 -3.170287e-01 -4.762960e-03 -1.343914e-01 -4.385492e-02 -3.039331e-01 -2.568533e-01 -3.952506e-01 -2.297565e-01 1.934687e-03 -1.833425e-01 -2.020618e-01 -3.898320e-03 7.469369e-02 -2.175422e-01 -3.584290e-03
<VARIANCE> 39
 2.364424e+01 1.321042e+00 1.378871e+01 1.252505e+01 2.007490e+01 2.799957e+01 1.906618e+01 1.505595e+01 1.123558e+01 1.724558e+00 1.739542e+01 1.846936e+01 5.000000e-02 2.923948e-01 3.742950e-01 2.374839e-01 7.172445e-01 6.272399e-01 4.962225e-01 1.902311e-01 9.362431e-01 5.875311e-01 5.460154e-02 1.765798e+00 4.022679e-01 5.000000e-02 5.000000e-02 5.000000e-02 5.000000e-02 5.916444e-02 1.180420e-01 5.000000e-02 8.232831e-02 5.000000e-02 1.059695e-01 9.281297e-02 5.000000e-02 5.000000e-02 5.000000e-02
<GCONST> 4.830131e+01
<STATE> 12
<MEAN> 39
 -9.429021e+00 -2.667664e+01 -1.578418e+01 4.894486e-01 7.216971e+00 9.939554e-01 1.704809e+00 -5.599198e-01 1.565201e+00 -1.400886e+01 -2.257844e-02 -1.766035e+00 9.644488e-01 -3.520366e-01 -4.194692e-02 -4.141157e-01 -3.453799e-01 -6.472080e-01 -3.405487e-03 -9.871961e-02 3.734176e-01 -6.397590e-01 -7.462270e-01 3.283875e-01 -6.202226e-01 -1.027979e-02 -5.128521e-02 -2.944722e-02 -2.210767e-01 -3.669532e-01 -4.988703e-01 -3.257538e-01 1.205876e-01 -3.960052e-01 1.918873e-01 3.397917e-02 -9.022200e-02 -1.989438e-01 -4.066409e-03
<VARIANCE> 39
 1.281931e+01 2.093745e+00 1.736400e+01 3.244426e+00 1.973782e+01 4.148675e+01 2.014119e+01 1.484324e+01 1.144667e+01 4.441058e+00 4.190335e+00 1.416051e+01 5.000000e-02 5.571404e-01 1.746181e-01 4.756709e-01 3.729291e-01 9.808720e-01 4.208257e-01 2.008222e-01 5.772983e-01 1.100795e+00 6.333710e-01 1.627898e+00 5.226151e-01 5.000000e-02 5.000000e-02 5.000000e-02 6.918001e-02 1.470596e-01 1.725374e-01 5.000000e-02 5.000000e-02 2.271859e-01 7.412770e-02 5.000000e-02 2.061017e-01 8.644301e-02 5.000000e-02
<GCONST> 5.337458e+01
<STATE> 13
<MEAN> 39
 -9.711712e+00 -2.768286e+01 -1.857782e+01 -1.309685e+00 4.844518e+00 -2.161385e+00 2.650455e+00 -3.256651e+00 3.195908e-01 -1.746557e+01 -1.034591e+00 -6.444148e+00 9.403112e-01 -7.454027e-02 1.889371e-01 1.953603e-01 -4.849874e-01 -7.533077e-01 -1.890750e-01 3.980911e-01 -3.758982e-02 -1.015279e-01 -4.971262e-01 -6.375468e-02 -1.393144e-01 -1.624112e-02 2.397302e-01 1.585640e-01 1.698211e-01 -2.903098e-02 1.640325e-01 -7.934129e-03 -4.403541e-02 8.973970e-03 2.703457e-01 1.125911e-01 3.967999e-02 2.280976e-01 -1.348651e-03
<VARIANCE> 39
 8.628630e+00 1.626669e+00 9.711436e+00 1.252327e+01 2.008172e+01 4.114432e+01 1.999422e+01 3.608092e+01 1.277184e+01 9.705888e+00 7.376207e+00 2.050960e+01 5.000000e-02 2.571747e-01 4.327592e-01 1.200124e+00 9.207833e-01 6.963068e-01 1.676699e-01 2.158888e-01 8.059302e-01 1.874230e+00 6.234506e-01 3.231433e-01 6.030442e-01 5.000000e-02 5.000000e-02 5.664225e-02 8.904479e-02 2.308288e-01 1.414450e-01 9.207297e-02 1.212292e-01 1.791432e-01 3.677056e-01 1.286037e-01 1.943598e-01 1.232881e-01 5.000000e-02
<GCONST> 6.109304e+01
<STATE> 14
<MEAN> 39
 -1.109589e+01 -2.557685e+01 -1.703663e+01 -1.122745e+00 2.021083e+00 -8.052227e-01 4.054371e+00 -3.136966e+00 6.396489e+00 -1.480570e+01 6.574895e-01 4.572568e-01 9.091443e-01 1.866791e-01 2.235020e-01 3.535772e-02 -4.971470e-01 1.534550e-01 -6.479680e-02 -1.797148e-01 2.693373e-01 6.622657e-01 -1.212824e+00 9.793857e-02 -3.008684e-01 -1.517390e-02 2.001387e-01 6.913320e-02 8.675227e-02 2.061041e-01 7.522667e-02 -3.169844e-02 -1.024265e-01 -2.125026e-02 -8.587871e-02 -5.652624e-01 -1.732200e-01 -1.908145e-01 3.765319e-04
<VARIANCE> 39
 6.536654e+00 2.612429e+00 3.553670e+00 1.163169e+01 9.392537e+00 1.635995e+01 1.412234e+01 1.129817e+01 2.225941e+01 6.267909e+00 3.190398e+00 2.401686e+01 5.000000e-02 3.576169e-01 4.614879e-01 4.548427e-01 1.031152e+00 3.632985e-01 4.897978e-01 3.534891e-01 2.448502e-01 1.436198e+00 1.715356e+00 6.911581e-01 7.450324e-01 5.000000e-02 5.000000e-02 9.558731e-02 1.209856e-01 3.352397e-01 5.000000e-02 1.334586e-01 5.000000e-02 5.000000e-02 3.161681e-01 2.397640e-01 2.304886e-01 7.954507e-02 5.000000e-02
<GCONST> 5.601140e+01
<STATE> 15
<MEAN> 39
 -9.397211e+00 -2.650957e+01 -1.716829e+01 -3.185611e+00 5.195505e+00 -3.384382e+00 2.483485e+00 -2.320540e+00 3.156787e+00 -2.046018e+01 -1.294894e+00 -6.360696e+00 8.975403e-01 5.939481e-01 5.865579e-01 3.403665e-02 -3.713138e-01 -1.959271e-01 -6.995510e-01 -3.546196e-01 -5.977612e-02 3.673572e-01 -1.915573e+00 -3.418541e-01 -6.102125e-01 -1.142365e-02 5.641935e-01 1.345022e-01 1.000454e-01 -7.675617e-02 -4.857542e-01 4.785026e-02 -1.417499e-01 -1.254612e-01 -1.897357e-01 3.362396e-01 8.207411e-02 2.463159e-01 -4.924749e-03
<VARIANCE> 39
 8.197102e+00 2.173257e+00 9.493315e+00 9.034832e+00 1.340332e+01 3.803431e+01 6.531309e+00 1.943924e+01 3.985501e+01 3.883200e+00 1.881788e+00 1.745035e+01 5.000000e-02 4.009933e-01 2.721359e-01 2.291158e-01 1.474932e+00 3.536787e-01 1.302720e+00 3.848231e-01 3.458118e-01 2.572004e+00 1.942099e+00 1.811244e+00 6.101314e-01 5.000000e-02 5.000000e-02 5.000000e-02 1.897614e-01 8.043090e-02 1.660724e-01 2.543405e-01 6.585634e-02 7.519943e-02 7.383233e-01 1.825650e-01 1.435114e-01 1.575039e-01 5.000000e-02
<GCONST> 6.080979e+01
<STATE> 16
<MEAN> 39
 -7.839624e+00 -2.384454e+01 -1.519166e+01 -1.226498e+00 1.252637e+00 8.606194e-01 7.098916e-01 -4.509048e-01 2.028991e+00 -2.322783e+01 -7.433661e-01 -3.321390e+00 8.496604e-01 2.328982e+00 4.079650e-01 6.731311e-01 -5.678868e-01 -1.417290e+00 -8.924953e-01 -5.113321e-01 -2.960711e-01 -1.064485e+00 1.136627e-01 -5.807609e-01 -6.812628e-02 -3.588849e-02 5.607178e-01 -5.100592e-01 3.830383e-01 -5.256439e-01 -6.296573e-01 -3.602253e-01 -4.656245e-01 -3.958868e-01 9.463073e-02 1.252903e+00 -4.447297e-01 2.992639e-01 -1.174087e-02
<VARIANCE> 39
 1.099144e+01 3.886237e+00 8.219608e+00 5.005111e+00 2.193470e+01 6.945811e+01 1.795412e+01 1.462902e+01 4.865802e+01 2.697204e+01 1.522630e+01 2.552212e+01 5.000000e-02 5.503403e-01 1.125077e+00 7.371786e-01 1.561564e+00 7.730858e-01 2.824843e+00 1.608043e-01 1.886390e+00 2.312624e+00 2.917768e+00 2.008271e+00 4.568095e-01 5.000000e-02 2.141930e-01 9.586777e-02 5.525257e-02 2.629775e-01 3.912895e-01 6.791643e-01 1.219157e-01 2.306381e-01 7.200840e-01 6.334221e-01 5.466657e-01 2.653013e-01 5.000000e-02
<GCONST> 8.154637e+01
<STATE> 17
<MEAN> 39
 -2.160040e+00 -2.336840e+01 -1.546944e+01 -5.355979e+00 -2.603997e-02 -4.516283e+00 1.275668e+00 -3.164269e+00 2.416731e+00 -2.025139e+01 -1.681098e+00 -5.495304e+00 7.816392e-01 3.121100e+00 -5.097468e-01 1.733982e+00 -1.298639e+00 -3.336221e+00 -9.365352e-03 -2.229783e+00 -7.470989e-01 -4.857985e-02 2.167972e+00 -1.679427e+00 1.458625e+00 -5.615795e-02 -2.952116e-02 -4.756482e-01 1.932545e-01 1.615463e-01 -3.281538e-01 -2.246371e-02 -4.252239e-01 -5.605602e-02 -1.614552e-02 4.606769e-01 -6.190829e-01 2.207019e-01 -4.584395e-03
<VARIANCE> 39
 1.258645e+01 1.387534e+01 1.178757e+01 1.340623e+01 3.233675e+01 1.135484e+01 1.495113e+01 2.515826e+01 7.908286e+00 4.756172e+01 1.045817e+01 1.627480e+01 5.000000e-02 5.351411e-01 9.495412e-01 2.014809e-01 4.405857e-01 2.859897e+00 4.600260e+00 1.144893e+00 1.465577e+00 2.222788e+00 8.839626e-01 2.338401e+00 2.183718e+00 5.000000e-02 2.886444e-01 1.303924e-01 2.025981e-01 5.370687e-02 6.081246e-01 2.659970e-01 1.922172e-01 9.404821e-01 2.885259e-01 8.386722e-01 5.958382e-01 2.292671e-01 5.000000e-02
<GCONST> 8.337772e+01
<STATE> 18
<MEAN> 39
 2.428938e+00 -2.671827e+01 -1.038711e+01 -7.181201e+00 -6.401133e+00 -4.627254e+00 -4.897614e+00 -2.923576e+00 2.948260e+00 -1.590420e+01 -6.210508e+00 -1.460180e+00 6.807072e-01 1.608418e+00 -9.330102e-01 1.014967e+00 -6.040521e-01 -1.829090e+00 -9.071808e-01 -1.745490e+00 -2.516578e-01 1.066149e-01 1.517587e+00 -1.876369e+00 6.544479e-01 -4.246170e-02 -6.200846e-01 9.224679e-02 -3.271481e-01 6.698566e-01 5.529469e-01 1.251168e-01 6.645620e-01 5.680307e-02 -2.183802e-01 -1.112531e-01 4.651696e-01 -4.304134e-01 6.004024e-03
<VARIANCE> 39
 8.470365e+00 5.300093e+00 2.018861e+01 7.782307e+00 1.123885e+01 7.150113e+00 1.233947e+01 1.269916e+01 5.371387e+00 1.565711e+01 1.217161e+01 7.655467e+00 5.000000e-02 2.440563e+00 4.051014e-01 9.214771e-01 5.789796e-01 5.022662e+00 1.215619e+00 1.838501e+00 4.588901e+00 1.705423e+00 2.467309e+00 3.448580e+00 1.355329e+00 5.000000e-02 1.371716e-01 5.000000e-02 1.962756e-01 8.940914e-02 4.388194e-01 4.786598e-01 1.895511e-01 4.018799e-01 1.575671e-01 2.114962e-01 5.165822e-01 3.040320e-01 5.000000e-02
<GCONST> 7.782700e+01
<STATE> 19
<MEAN> 39
 4.127473e+00 -2.770141e+01 -1.115824e+01 -7.081478e+00 -7.952697e+00 -5.995607e+00 -6.086968e+00 -5.297140e+00 1.872010e+00 -1.524444e+01 -1.019837e+01 -2.945014e+00 6.388087e-01 8.295575e-01 -2.800780e-01 5.991615e-01 8.201995e-01 -6.975815e-01 -6.917223e-01 5.856140e-01 -8.594605e-01 -6.557788e-01 1.553801e+00 -2.706529e-01 -7.655741e-01 -3.082336e-02 -5.901500e-01 3.349093e-01 -1.879848e-01 2.585404e-01 6.281366e-01 1.213721e-01 9.682730e-01 -2.632781e-04 -5.114586e-03 -7.611670e-02 1.088737e+00 -1.454303e-01 4.803293e-03
<VARIANCE> 39
 3.145336e+00 3.458010e+00 5.696677e+00 5.277747e+00 1.368408e+01 4.840169e+00 1.439472e+01 2.682324e+01 1.750514e+00 1.550378e+01 1.186316e+01 9.190473e+00 5.000000e-02 1.366491e+00 3.406875e-01 1.331772e+00 4.849144e-01 1.924695e+00 4.498026e-01 5.707740e-01 2.680598e+00 1.074187e+00 3.402265e+00 2.360914e+00 7.433417e-01 5.000000e-02 1.154311e-01 9.586352e-02 1.289377e-01 1.472255e-01 3.261563e-01 1.410678e-01 1.677536e-01 5.344280e-01 1.387759e-01 4.125710e-01 8.183806e-01 3.741857e-01 5.000000e-02
<GCONST> 6.955715e+01
<STATE> 20
<MEAN> 39
 3.562956e+00 -2.799622e+01 -9.463692e+00 -3.852019e+00 -8.378638e+00 -5.613232e+00 -3.472207e+00 -5.519760e+00 1.693581e+00 -1.277339e+01 -7.861129e+00 -2.683585e+00 5.890516e-01 9.094338e-02 7.440311e-02 1.581098e-01 1.139274e+00 -4.535957e-01 -1.367031e-01 1.671410e+00 -7.834205e-01 -6.554102e-01 1.102057e+00 1.253615e+00 3.273385e-01 -2.795373e-02 -4.924846e-01 8.860605e-02 -5.005486e-02 -1.985583e-01 3.957184e-01 2.134697e-01 7.180139e-02 5.211568e-01 2.810836e-01 -1.706307e-01 5.033835e-01 5.122048e-01 2.340683e-03
<VARIANCE> 39
 6.622977e+00 1.150742e+01 1.159503e+00 2.262122e+00 7.663234e+00 8.223277e+00 5.620190e+00 3.201878e+01 7.816547e+00 8.152492e+00 4.199466e+00 1.921057e+01 5.000000e-02 4.261468e-01 3.864385e-01 1.136857e+00 1.034739e+00 1.242392e+00 6.561681e-01 6.394599e-01 9.280702e-01 5.894800e-01 8.206962e-01 1.992318e+00 1.228438e+00 5.000000e-02 1.174919e-01 5.000000e-02 5.790887e-02 1.217816e-01 1.154609e-01 1.021931e-01 1.138464e-01 8.154333e-01 1.586101e-01 9.395039e-01 1.361338e-01 3.775942e-01 5.000000e-02
<GCONST> 6.189048e+01
<STATE> 21
<MEAN> 39
 4.381008e+00 -2.568615e+01 -1.084667e+01 -3.703006e+00 -9.291268e+00 -7.560832e+00 -9.617290e-01 -6.853074e+00 -1.337998e+00 -1.199447e+01 -5.052248e+00 -3.141464e+00 5.685184e-01 -6.412311e-01 -1.862160e-02 4.932869e-01 -2.885505e-01 -2.781672e-02 3.845784e-02 4.170851e-01 9.521288e-01 3.613896e-01 1.088670e+00 1.509250e+00 5.414785e-01 -2.449870e-02 -4.553383e-01 -8.959495e-02 -1.942417e-01 -2.435391e-01 5.580949e-01 2.558896e-01 -4.956963e-01 7.754804e-01 4.158522e-01 -4.316672e-01 1.227038e-01 3.219407e-01 -6.410597e-04
<VARIANCE> 39
 3.608623e+00 5.989718e+00 2.618296e+00 1.331238e+01 1.024445e+01 6.338125e+00 9.749710e+00 2.071901e+01 4.638658e+00 1.987881e+01 1.445419e+01 2.909028e+01 5.000000e-02 1.597075e-01 3.425343e-01 2.559150e-01 5.574662e-01 1.449908e+00 4.796059e-01 4.215164e-01 1.810633e+00 7.896920e-01 4.857455e+00 2.376483e+00 1.966075e+00 5.000000e-02 9.611073e-02 5.000000e-02 1.001954e-01 2.046388e-01 2.470807e-01 1.895218e-01 5.000000e-02 2.395033e-01 1.136411e-01 5.138161e-01 3.567553e-01 8.210342e-01 5.000000e-02
<GCONST> 6.598130e+01
<STATE> 22
<MEAN> 39
 1.739618e+00 -2.756651e+01 -8.593408e+00 -5.363649e+00 -8.299711e+00 -5.859153e+00 -1.608223e+00 -4.388946e+00 3.312075e+00 -9.617665e+00 -2.399235e+00 -4.534845e-01 5.101134e-01 -1.042143e+00 -2.305177e-01 -3.024476e-01 1.429679e-01 1.448567e+00 3.877231e-01 -4.003896e-01 1.538015e+00 4.044984e-01 1.590499e-01 1.197712e+00 1.179845e+00 -3.420209e-02 1.138497e-01 5.516894e-02 -3.457143e-01 5.002357e-01 6.508527e-01 1.304435e-01 5.897830e-02 4.577028e-02 -3.927443e-01 -4.603930e-01 -5.379721e-01 3.092543e-02 -1.561033e-03
<VARIANCE> 39
 7.547537e+00 2.172170e+01 9.340769e-01 1.310361e+01 3.539230e+01 1.601186e+01 9.395400e+00 2.085749e+00 9.215153e+00 3.903777e+01 1.615206e+01 2.361591e+01 5.000000e-02 9.221601e-02 2.078897e-01 4.451887e-01 2.047616e+00 2.730777e+00 1.491564e+00 1.322857e+00 5.184647e-01 5.754851e-01 1.556246e+00 1.007352e+00 5.678733e+00 5.000000e-02 5.000000e-02 1.707024e-01 1.923274e-01 2.024914e-01 4.536221e-01 9.095543e-02 1.418376e-01 8.566173e-02 2.904766e-01 8.525026e-01 4.597442e-01 6.829016e-01 5.000000e-02
<GCONST> 7.189111e+01
<STATE> 23
<MEAN> 39
 8.365981e-01 -2.756833e+01 -1.166216e+01 -2.536360e+00 -2.315618e+00 -4.597831e+00 -1.447346e+00 4.083903e-01 1.922878e+00 -1.111165e+01 -2.914753e+00 2.292452e+00 4.376881e-01 -2.920471e-01 -1.013585e-01 -9.814683e-01 1.741854e+00 2.051888e+00 1.816058e-01 1.050564e+00 4.431272e-01 -1.074149e+00 -6.971453e-01 5.908894e-02 6.502242e-01 -3.285509e-02 3.415780e-01 2.361577e-01 7.076740e-02 2.737629e-01 -1.663783e-01 -1.875791e-01 2.410004e-01 -5.065252e-01 -2.150956e-01 1.212172e-01 -1.310735e-01 -4.236161e-01 3.809554e-03
<VARIANCE> 39
 2.147622e+00 4.929595e+00 3.631056e+00 1.777513e+01 3.729766e+01 8.332914e+00 2.096494e+01 3.264457e+00 1.168918e+00 5.647269e+00 5.031467e+00 1.678358e+01 5.000000e-02 1.270470e-01 6.157970e-01 7.581029e-01 9.383009e-01 2.568097e+00 5.349392e-01 5.026636e-01 1.338883e+00 1.258590e+00 1.404268e+00 7.072846e-01 2.357918e+00 5.000000e-02 5.000000e-02 9.331162e-02 9.445524e-02 3.555010e-01 7.594954e-01 3.402441e-01 2.122425e-01 5.000000e-02 1.867490e-01 2.028150e-01 1.693919e-01 7.259676e-01 5.000000e-02
<GCONST> 6.358969e+01
<STATE> 24
<MEAN> 39
 1.334447e-01 -2.770509e+01 -1.168033e+01 1.943360e+00 3.282495e-01 -4.432043e+00 1.020680e+00 -2.541660e+00 -2.297909e+00 -1.142306e+01 -1.424895e+00 4.529608e-01 3.867955e-01 4.206299e-01 8.794411e-01 2.686314e-01 1.299670e+00 1.178511e+00 3.724700e-01 5.637890e-01 1.205724e-01 -2.210732e-01 5.559481e-01 -1.236948e-01 5.181400e-01 -1.674063e-02 1.455535e-01 1.300263e-01 1.895629e-01 -2.760767e-01 -2.412270e-01 -4.296561e-02 -1.356148e-01 5.168561e-02 3.976518e-01 3.592848e-01 -3.019884e-02 3.743861e-01 4.196593e-03
<VARIANCE> 39
 2.039197e+00 5.776265e+00 1.235356e+01 1.060901e+01 1.715923e+01 2.445592e+01 7.353413e+00 9.019787e+00 6.971604e+00 7.853623e+00 5.619241e+00 1.756443e+01 5.000000e-02 1.512775e-01 5.658862e-01 8.984894e-01 7.083616e-01 1.985259e+00 1.419891e+00 7.821688e-01 6.980690e-01 1.686604e+00 4.941343e-01 8.170339e-01 3.007004e+00 5.000000e-02 5.000000e-02 8.977243e-02 1.328176e-01 1.154267e-01 3.971273e-01 2.786988e-01 1.346880e-01 2.195034e-01 2.183861e-01 5.395778e-02 5.467600e-02 5.576693e-01 5.000000e-02
<GCONST> 6.386107e+01
<STATE> 25
<MEAN> 39
 1.128348e+00 -2.688500e+01 -1.257783e+01 2.706970e+00 8.767916e-01 -4.674087e+00 2.683095e+00 1.190156e-01 -2.814533e-01 -9.677868e+00 -2.404662e+00 4.295432e+00 3.732817e-01 3.591761e-01 7.325467e-01 -6.183951e-02 5.755612e-01 8.921885e-01 -8.894385e-02 1.715604e-01 9.064672e-02 -4.115419e-01 8.421826e-01 9.799408e-02 3.749264e-01 -1.381742e-02 -6.445325e-02 1.087801e-01 1.207275e-01 -4.076226e-01 -3.368056e-01 -2.833923e-01 -3.416078e-01 -1.915635e-01 -1.756035e-01 -5.510165e-02 3.147157e-02 -2.414058e-01 7.996304e-04
<VARIANCE> 39
 4.694250e-01 6.971132e+00 1.677576e+01 1.675175e+00 3.227256e+00 6.654897e+00 8.486490e-01 5.995412e+00 3.316091e+00 6.398070e+00 2.846790e+00 1.993027e+01 5.000000e-02 2.690839e-01 7.530839e-01 1.763745e-01 5.452885e-01 1.645295e+00 1.196306e+00 7.301809e-01 1.179239e+00 2.068856e+00 5.855832e-01 3.027345e-01 4.071943e+00 5.000000e-02 5.000000e-02 9.607337e-02 1.177035e-01 5.070188e-02 2.072335e-01 1.531713e-01 1.580320e-01 7.148684e-02 2.232859e-01 1.132824e-01 5.000000e-02 2.174464e-01 5.000000e-02
<GCONST> 4.939746e+01
<STATE> 26
<MEAN> 39
 2.481402e+00 -2.340370e+01 -9.923338e+00 3.271042e+00 1.618714e+00 -5.254381e+00 7.409833e-01 -2.112063e+00 -1.393848e+00 -9.479177e+00 -1.885739e+00 2.711071e+00 3.603657e-01 -1.130141e-02 7.605014e-01 1.315708e-01 4.129742e-02 7.141411e-02 -6.884129e-01 -1.675470e-01 -2.142183e-01 -6.561186e-01 1.109960e-02 1.125040e-01 1.528002e-01 -1.810865e-02 -3.332894e-01 -4.658996e-01 -2.111170e-01 -2.246805e-01 -5.158801e-02 3.017109e-01 1.178711e-01 1.167017e-01 1.774278e-02 -2.219749e-01 1.164472e-01 -1.697514e-03 -4.221457e-04
<VARIANCE> 39
 2.509057e+00 6.505458e+00 1.461456e+01 7.012180e+00 2.934241e+00 8.191177e+00 7.780502e+00 7.128319e+00 2.246281e+01 4.490150e+00 4.378758e+00 1.017968e+01 5.000000e-02 1.670228e-01 5.807850e-01 3.314307e-01 2.726902e-01 1.274163e+00 8.943076e-01 3.434216e-01 4.043817e-01 1.120946e+00 9.446399e-01 4.865634e-01 2.335304e+00 5.000000e-02 5.000000e-02 1.047065e-01 6.186211e-02 5.896376e-02 2.537605e-01 2.471728e-01 7.300703e-02 2.054067e-01 4.490228e-01 1.283745e-01 5.000000e-02 4.562386e-01 5.000000e-02
<GCONST> 5.485399e+01
<STATE> 27
<MEAN> 39
 1.186579e+00 -2.378720e+01 -1.173001e+01 1.983792e+00 1.606093e+00 -7.244005e+00 8.916050e-01 -8.767272e-01 -3.078623e+00 -8.848645e+00 -8.106624e-01 2.935341e+00 3.173659e-01 -7.912982e-01 -5.401102e-01 -6.779569e-01 2.819016e-02 5.679679e-01 3.721144e-01 7.847534e-01 5.457540e-01 -2.646471e-01 2.560767e-01 7.115818e-01 -6.062283e-02 -2.049332e-02 -8.609539e-02 -5.326101e-02 -4.390586e-02 5.477004e-02 1.980752e-03 8.707745e-02 2.246220e-03 4.190507e-02 3.754213e-01 -2.888415e-01 -1.489099e-01 -2.219784e-01 1.919459e-03
<VARIANCE> 39
 2.250696e+00 2.644396e+00 8.662221e+00 4.205768e+00 9.926976e+00 1.777317e+00 1.234624e+00 1.061550e+01 1.791277e+01 5.698624e+00 1.425198e+01 1.073257e+01 5.000000e-02 6.138752e-02 2.521542e-01 5.441495e-01 5.621260e-01 8.912889e-01 3.225102e-01 8.718522e-01 1.133473e+00 1.429569e+00 1.154894e+00 1.005202e+00 9.912781e-01 5.000000e-02 5.968669e-02 1.368845e-01 1.453680e-01 5.000000e-02 3.172452e-01 9.019875e-02 6.552215e-02 2.170882e-01 5.449017e-01 8.871800e-02 2.142182e-01 4.437389e-01 5.000000e-02
<GCONST> 5.413408e+01
<STATE> 28
<MEAN> 39
 -1.395175e-01 -2.503778e+01 -1.309490e+01 2.223514e+00 4.040513e+00 -3.672580e+00 2.501474e+00 -1.518676e+00 -3.093253e+00 -1.129792e+01 -1.487842e-02 4.981553e+00 2.872154e-01 -1.453839e-01 5.106764e-01 1.991355e-01 3.697902e-01 5.759953e-01 3.019124e-01 3.035612e-02 -1.329435e-01 5.388460e-01 -6.117405e-01 1.510919e-01 -3.698484e-02 -1.078204e-02 2.180716e-01 3.522351e-01 3.194387e-01 1.635700e-01 -3.178006e-01 -3.737951e-01 -1.636124e-01 7.890072e-02 2.571175e-01 4.386045e-01 -2.725538e-02 -3.818395e-01 6.745620e-05
<VARIANCE> 39
 3.406243e+00 1.160859e+01 7.568170e+00 2.353833e+00 3.682071e+00 7.136495e+00 1.855043e+01 1.428010e+01 9.862304e+00 1.301316e+01 1.355977e+01 6.646022e+00 5.000000e-02 2.736118e-01 1.255348e+00 1.271070e+00 1.975401e-01 1.662177e+00 4.488065e-01 5.817836e-01 1.403913e+00 2.478189e+00 1.089401e+00 3.236294e-01 8.979847e-01 5.000000e-02 5.000000e-02 1.574912e-01 1.645899e-01 5.000000e-02 2.115577e-01 5.506034e-02 1.941969e-01 2.378039e-01 5.000000e-02 4.248642e-01 1.051507e-01 1.931725e-01 5.000000e-02
<GCONST> 5.934241e+01
<STATE> 29
<MEAN> 39
 -2.242260e-01 -2.288477e+01 -1.126337e+01 3.821357e+00 2.936472e+00 -5.469636e+00 1.906457e+00 -7.091389e-01 -5.941551e-01 -1.000012e+01 -6.570527e-01 1.505788e+00 2.666824e-01 4.736274e-02 8.659288e-01 5.598949e-01 4.160370e-01 -4.115247e-02 -1.167771e+00 -5.675991e-01 5.346324e-01 9.327859e-01 1.152723e+00 1.407865e-01 -1.096677e+00 -1.586226e-02 5.772916e-02 7.530313e-02 1.419713e-01 -1.497358e-01 4.565066e-02 -6.940442e-02 -2.375124e-01 -7.574593e-02 -2.717274e-01 1.659990e-01 -5.504695e-02 6.772567e-02 -2.927635e-04
<VARIANCE> 39
 1.773671e+00 8.322128e+00 1.223816e+01 4.448463e+00 4.659556e+00 7.284694e+00 8.806839e+00 1.361924e+01 1.260360e+01 2.181966e+01 4.568594e+00 3.787254e+00 5.000000e-02 2.629664e-01 1.418292e+00 1.518645e+00 1.748987e-01 4.732312e-01 3.560168e-01 1.015152e+00 1.192502e+00 4.966599e-01 2.280177e+00 1.207991e+00 1.007932e+00 5.000000e-02 8.379115e-02 1.821571e-01 1.711248e-01 6.574865e-02 1.269582e-01 1.302180e-01 1.848242e-01 3.053719e-01 3.504596e-01 4.019337e-01 1.354048e-01 1.247117e-01 5.000000e-02
<GCONST> 6.089002e+01
<STATE> 30
<MEAN> 39
 3.856447e-01 -2.210272e+01 -1.073373e+01 3.932130e+00 3.026440e+00 -8.614120e+00 4.553180e-01 1.165357e+00 1.005203e+00 -5.497035e+00 9.377605e-01 2.664699e-01 2.369015e-01 -2.967391e-01 4.247294e-01 4.310082e-01 2.965066e-02 4.056621e-01 3.685208e-01 -3.818074e-02 8.278426e-02 -1.181558e-01 3.203328e-01 -2.379649e-01 -1.718716e-01 -1.904702e-02 -1.146660e-01 4.520687e-02 3.106336e-02 -1.900582e-01 7.463326e-02 5.463048e-01 1.737152e-01 -5.708745e-01 -4.862868e-01 -6.599225e-01 -1.251488e-01 4.001118e-01 -1.529454e-03
<VARIANCE> 39
 1.362462e+00 5.454048e+00 8.715538e+00 3.504177e+00 8.874587e+00 8.047568e+00 1.216346e+01 1.363153e+01 9.027052e+00 1.127224e+01 9.187143e+00 6.722710e+00 5.000000e-02 9.216113e-02 1.008568e-01 2.771739e-01 7.505994e-01 6.482612e-01 9.793610e-01 6.859189e-01 8.394958e-01 8.039419e-01 2.268506e+00 7.362776e-01 2.908118e-01 5.000000e-02 1.152453e-01 3.028310e-01 4.813187e-01 2.064773e-01 1.410338e-01 2.414288e-01 1.630941e-01 2.190943e-01 1.169860e-01 5.445259e-01 2.628470e-01 9.987555e-02 5.000000e-02
<GCONST> 5.927587e+01
<STATE> 31
<MEAN> 39
 -1.177227e+00 -2.181806e+01 -1.045356e+01 3.875422e+00 5.122330e+00 -3.843937e+00 2.170222e+00 2.417628e-01 -1.633764e+00 -9.950429e+00 -1.422421e+00 1.636274e+00 2.238390e-01 2.041599e-01 1.405385e+00 1.281360e+00 4.476772e-02 -3.695789e-02 4.326161e-01 -2.875628e-01 -1.519726e+00 -1.038227e+00 -6.590392e-01 3.573803e-01 2.880499e-01 -9.178570e-03 -1.061046e-01 2.740331e-01 2.340370e-01 -2.069773e-01 -2.868551e-01 -1.075109e-01 2.027179e-02 -2.049068e-01 -8.908552e-03 1.580765e-01 2.698147e-01 -6.412263e-05 -3.872266e-03
<VARIANCE> 39
 1.504505e+00 7.709360e+00 9.575918e+00 7.117486e+00 4.437672e+00 6.284753e+00 5.476996e+00 1.031452e+01 1.546370e+01 6.937069e+00 1.140956e+01 4.302243e+00 5.000000e-02 6.804646e-01 1.315197e+00 1.662357e+00 1.424534e+00 5.603257e-01 1.996827e+00 9.292671e-01 1.012124e+00 8.766964e-01 3.296415e+00 1.051426e+00 3.308338e-01 5.000000e-02 1.029310e-01 9.372266e-02 2.136869e-01 2.676698e-01 9.814288e-02 8.080932e-02 6.867901e-02 1.992769e-01 1.539365e-01 3.176041e-01 3.020550e-01 5.000000e-02 5.000000e-02
<GCONST> 6.225962e+01
<STATE> 32
<MEAN> 39
 -2.129209e-01 -1.818910e+01 -8.009281e+00 2.832931e+00 3.149541e+00 -5.703115e+00 2.282152e-01 -4.081485e+00 -1.597616e+00 -8.761395e+00 7.666198e-01 1.192718e+00 1.665194e-01 -9.448282e-01 8.503101e-01 5.022121e-01 -4.665545e-01 -3.397974e-01 -4.290556e-01 -1.434019e-01 -5.487272e-01 -8.234245e-02 3.491490e-01 5.598841e-01 2.201006e-01 -3.354141e-02 -3.798895e-01 8.961598e-02 -3.089149e-02 -1.879767e-01 -1.608825e-02 -1.619849e-01 9.453660e-02 7.012103e-01 3.241040e-01 2.759126e-01 -4.630618e-02 7.252060e-02 -1.180008e-02
<VARIANCE> 39
 6.788357e+00 4.768496e+00 1.046308e+01 1.498607e+01 8.288576e+00 1.990879e+01 5.051620e+00 8.040997e+00 2.268754e+00 1.347369e+01 5.445287e+00 5.166682e+00 5.000000e-02 7.530355e-01 7.069531e-01 1.322623e+00 1.090160e+00 4.903624e-01 6.936265e-01 7.059496e-01 1.694390e+00 5.322396e-01 1.159920e+00 1.442597e+00 3.599168e-01 5.000000e-02 2.052401e-01 9.513369e-02 1.532142e-01 4.504672e-01 2.336584e-01 3.855615e-01 1.809598e-01 1.875132e-01 9.178063e-02 4.320553e-01 1.480723e-01 1.358104e-01 5.000000e-02
<GCONST> 6.495403e+01
<STATE> 33
<MEAN> 39
 -3.667612e+00 -1.756977e+01 -7.183988e+00 2.568147e+00 2.940015e+00 -6.159366e+00 1.697280e+00 -1.994901e+00 -8.657353e-01 -7.173464e+00 1.704627e+00 2.221468e+00 9.583277e-02 -1.348047e+00 1.603742e+00 7.832298e-01 -1.267899e+00 -3.338584e-01 4.422644e-01 3.646215e-01 1.051966e+00 5.846612e-01 5.501243e-01 -5.689942e-02 1.329008e-01 -6.100935e-02 3.136807e-02 9.799371e-03 -7.357419e-02 -9.460121e-02 2.164847e-01 3.151319e-01 4.935358e-02 3.389243e-01 1.542623e-01 1.609364e-01 6.018804e-02 -8.438599e-02 -5.502068e-03
<VARIANCE> 39
 8.873430e+00 8.629450e+00 1.031035e+01 3.119912e+00 4.879994e+00 5.685382e+00 6.403261e+00 1.429311e+01 1.270418e+01 1.165233e+01 3.739252e+00 4.600917e+00 5.000000e-02 9.043076e-01 2.608657e-01 5.635291e-01 1.253552e+00 1.540036e+00 9.223469e-01 1.431120e+00 5.383270e-01 3.884967e-01 1.838763e+00 7.816978e-01 1.283994e+00 5.000000e-02 2.323727e-01 1.829598e-01 2.125194e-01 8.274858e-02 1.270791e-01 8.095624e-02 2.362632e-01 2.817845e-01 1.008442e-01 5.117388e-01 1.984143e-01 1.040837e-01 5.000000e-02
<GCONST> 6.281810e+01
<STATE> 34
<MEAN> 39
 -4.939291e+00 -1.292948e+01 -5.709799e+00 -1.024970e+00 3.094946e+00 -4.951591e+00 3.904235e-01 -1.172108e-01 -1.180152e+00 -7.610542e+00 5.467667e-01 2.110536e+00 -2.975815e-02 -6.195376e-01 1.223162e+00 7.687425e-01 -6.428798e-01 3.428956e-01 5.644707e-01 -4.186723e-03 5.523866e-01 3.840685e-01 9.341393e-01 6.252913e-01 2.331255e-02 -4.846919e-02 2.132377e-01 -5.492486e-01 -3.026343e-01 3.793494e-01 1.102726e-01 -1.012061e-01 9.678101e-02 -2.944867e-01 -7.044601e-02 -4.335843e-03 -1.139634e-02 -1.186022e-01 1.035965e-02
<VARIANCE> 39
 1.380596e+00 3.501778e+00 3.389901e+00 7.109277e+00 9.107104e+00 1.239751e+01 1.367389e+01 6.084390e+00 1.023453e+01 1.034949e+01 1.712938e+01 1.701641e+01 5.000000e-02 6.740724e-01 3.810549e-01 6.763496e-01 2.759067e-01 9.868936e-01 8.930851e-01 8.915302e-01 1.352950e+00 4.721315e-01 1.540871e+00 4.335195e-01 8.028452e-01 5.000000e-02 8.633368e-02 5.000000e-02 5.000000e-02 8.419894e-02 3.104952e-01 7.181715e-02 3.343488e-01 1.296382e-01 4.433780e-01 2.775287e-01 2.785050e-01 2.931261e-01 5.000000e-02
<GCONST> 6.012511e+01
<STATE> 35
<MEAN> 39
 -5.971912e+00 -1.312761e+01 -4.291096e+00 1.072173e-01 3.831110e+00 -4.032272e+00 1.499201e+00 1.147439e+00 -5.035281e-01 -4.684491e+00 4.428461e+00 2.715574e+00 -5.858019e-02 -6.399131e-01 -1.458318e-01 -8.443033e-02 1.257319e-01 5.193176e-01 6.422566e-02 4.583600e-01 1.890878e-01 3.823057e-01 7.904858e-01 3.829622e-01 -1.890597e-01 -2.837188e-02 1.924290e-01 -4.210097e-01 -2.946257e-01 2.523524e-01 -9.621266e-02 -2.952132e-01 -1.023941e-02 -2.345073e-01 8.705348e-02 -2.172269e-01 -2.165128e-01 6.237897e-02 1.567117e-02
<VARIANCE> 39
 1.378865e+00 4.335909e+00 8.082203e+00 6.791097e+00 1.372597e+01 5.508355e+00 9.346524e+00 5.620553e+00 1.182920e+01 5.384976e+00 4.243339e+00 5.663769e-01 5.000000e-02 3.212869e-01 7.819826e-02 9.961079e-02 2.163236e-01 2.042370e-01 1.471646e-01 1.248065e+00 1.354285e+00 3.383757e+00 4.616919e-01 6.342440e-01 5.000000e-02 5.000000e-02 5.000000e-02 5.000000e-02 1.122629e-01 5.051171e-02 3.412295e-01 2.646779e-01 9.213874e-02 5.000000e-02 1.863242e-01 4.968750e-01 1.949228e-01 2.118577e-01 5.000000e-02
<GCONST> 4.378014e+01
<TRANSP> 36
 0.000000e+00 1.000000e+00 0.000000e+00 0.000000e+00 0.000000e+00 0.000000e+00 0.000000e+00 0.000000e+00 0.000000e+00 0.000000e+00 0.000000e+00 0.000000e+00 0.000000e+00 0.000000e+00 0.000000e+00 0.000000e+00 0.000000e+00 0.000000e+00 0.000000e+00 0.000000e+00 0.000000e+00 0.000000e+00 0.000000e+00 0.000000e+00 0.000000e+00 0.000000e+00 0.000000e+00 0.000000e+00 0.000000e+00 0.000000e+00 0.000000e+00 0.000000e+00 0.000000e+00 0.000000e+00 0.000000e+00 0.000000e+00
 0.000000e+00 4.419657e-01 5.580343e-01 0.000000e+00 0.000000e+00 0.000000e+00 0.000000e+00 0.000000e+00 0.000000e+00 0.000000e+00 0.000000e+00 0.000000e+00 0.000000e+00 0.000000e+00 0.000000e+00 0.000000e+00 0.000000e+00 0.000000e+00 0.000000e+00 0.000000e+00 0.000000e+00 0.000000e+00 0.000000e+00 0.000000e+00 0.000000e+00 0.000000e+00 0.000000e+00 0.000000e+00 0.000000e+00 0.000000e+00 0.000000e+00 0.000000e+00 0.000000e+00 0.000000e+00 0.000000e+00 0.000000e+00
 0.000000e+00 0.000000e+00 5.000027e-01 4.999973e-01 0.000000e+00 0.000000e+00 0.000000e+00 0.000000e+00 0.000000e+00 0.000000e+00 0.000000e+00 0.000000e+00 0.000000e+00 0.000000e+00 0.000000e+00 0.000000e+00 0.000000e+00 0.000000e+00 0.000000e+00 0.000000e+00 0.000000e+00 0.000000e+00 0.000000e+00 0.000000e+00 0.000000e+00 0.000000e+00 0.000000e+00 0.000000e+00 0.000000e+00 0.000000e+00 0.000000e+00 0.000000e+00 0.000000e+00 0.000000e+00 0.000000e+00 0.000000e+00
 0.000000e+00 0.000000e+00 0.000000e+00 4.444443e-01 5.555558e-01 0.000000e+00 0.000000e+00 0.000000e+00 0.000000e+00 0.000000e+00 0.000000e+00 0.000000e+00 0.000000e+00 0.000000e+00 0.000000e+00 0.000000e+00 0.000000e+00 0.000000e+00 0.000000e+00 0.000000e+00 0.000000e+00 0.000000e+00 0.000000e+00 0.000000e+00 0.000000e+00 0.000000e+00 0.000000e+00 0.000000e+00 0.000000e+00 0.000000e+00 0.000000e+00 0.000000e+00 0.000000e+00 0.000000e+00 0.000000e+00 0.000000e+00
 0.000000e+00 0.000000e+00 0.000000e+00 0.000000e+00 1.666671e-01 8.333330e-01 0.000000e+00 0.000000e+00 0.000000e+00 0.000000e+00 0.000000e+00 0.000000e+00 0.000000e+00 0.000000e+00 0.000000e+00 0.000000e+00 0.000000e+00 0.000000e+00 0.000000e+00 0.000000e+00 0.000000e+00 0.000000e+00 0.000000e+00 0.000000e+00 0.000000e+00 0.000000e+00 0.000000e+00 0.000000e+00 0.000000e+00 0.000000e+00 0.000000e+00 0.000000e+00 0.000000e+00 0.000000e+00 0.000000e+00 0.000000e+00
 0.000000e+00 0.000000e+00 0.000000e+00 0.000000e+00 0.000000e+00 3.750638e-01 6.249362e-01 0.000000e+00 0.000000e+00 0.000000e+00 0.000000e+00 0.000000e+00 0.000000e+00 0.000000e+00 0.000000e+00 0.000000e+00 0.000000e+00 0.000000e+00 0.000000e+00 0.000000e+00 0.000000e+00 0.000000e+00 0.000000e+00 0.000000e+00 0.000000e+00 0.000000e+00 0.000000e+00 0.000000e+00 0.000000e+00 0.000000e+00 0.000000e+00 0.000000e+00 0.000000e+00 0.000000e+00 0.000000e+00 0.000000e+00
 0.000000e+00 0.000000e+00 0.000000e+00 0.000000e+00 0.000000e+00 0.000000e+00 3.752698e-01 6.247302e-01 0.000000e+00 0.000000e+00 0.000000e+00 0.000000e+00 0.000000e+00 0.000000e+00 0.000000e+00 0.000000e+00 0.000000e+00 0.000000e+00 0.000000e+00 0.000000e+00 0.000000e+00 0.000000e+00 0.000000e+00 0.000000e+00 0.000000e+00 0.000000e+00 0.000000e+00 0.000000e+00 0.000000e+00 0.000000e+00 0.000000e+00 0.000000e+00 0.000000e+00 0.000000e+00 0.000000e+00 0.000000e+00
 0.000000e+00 0.000000e+00 0.000000e+00 0.000000e+00 0.000000e+00 0.000000e+00 0.000000e+00 5.452837e-01 4.547163e-01 0.000000e+00 0.000000e+00 0.000000e+00 0.000000e+00 0.000000e+00 0.000000e+00 0.000000e+00 0.000000e+00 0.000000e+00 0.000000e+00 0.000000e+00 0.000000e+00 0.000000e+00 0.000000e+00 0.000000e+00 0.000000e+00 0.000000e+00 0.000000e+00 0.000000e+00 0.000000e+00 0.000000e+00 0.000000e+00 0.000000e+00 0.000000e+00 0.000000e+00 0.000000e+00 0.000000e+00
 0.000000e+00 0.000000e+00 0.000000e+00 0.000000e+00 0.000000e+00 0.000000e+00 0.000000e+00 0.000000e+00 5.000020e-01 4.999979e-01 0.000000e+00 0.000000e+00 0.000000e+00 0.000000e+00 0.000000e+00 0.000000e+00 0.000000e+00 0.000000e+00 0.000000e+00 0.000000e+00 0.000000e+00 0.000000e+00 0.000000e+00 0.000000e+00 0.000000e+00 0.000000e+00 0.000000e+00 0.000000e+00 0.000000e+00 0.000000e+00 0.000000e+00 0.000000e+00 0.000000e+00 0.000000e+00 0.000000e+00 0.000000e+00
 0.000000e+00 0.000000e+00 0.000000e+00 0.000000e+00 0.000000e+00 0.000000e+00 0.000000e+00 0.000000e+00 0.000000e+00 4.444328e-01 5.555673e-01 0.000000e+00 0.000000e+00 0.000000e+00 0.000000e+00 0.000000e+00 0.000000e+00 0.000000e+00 0.000000e+00 0.000000e+00 0.000000e+00 0.000000e+00 0.000000e+00 0.000000e+00 0.000000e+00 0.000000e+00 0.000000e+00 0.000000e+00 0.000000e+00 0.000000e+00 0.000000e+00 0.000000e+00 0.000000e+00 0.000000e+00 0.000000e+00 0.000000e+00
 0.000000e+00 0.000000e+00 0.000000e+00 0.000000e+00 0.000000e+00 0.000000e+00 0.000000e+00 0.000000e+00 0.000000e+00 0.000000e+00 0.000000e+00 1.000000e+00 0.000000e+00 0.000000e+00 0.000000e+00 0.000000e+00 0.000000e+00 0.000000e+00 0.000000e+00 0.000000e+00 0.000000e+00 0.000000e+00 0.000000e+00 0.000000e+00 0.000000e+00 0.000000e+00 0.000000e+00 0.000000e+00 0.000000e+00 0.000000e+00 0.000000e+00 0.000000e+00 0.000000e+00 0.000000e+00 0.000000e+00 0.000000e+00
 0.000000e+00 0.000000e+00 0.000000e+00 0.000000e+00 0.000000e+00 0.000000e+00 0.000000e+00 0.000000e+00 0.000000e+00 0.000000e+00 0.000000e+00 2.858450e-01 7.141550e-01 0.000000e+00 0.000000e+00 0.000000e+00 0.000000e+00 0.000000e+00 0.000000e+00 0.000000e+00 0.000000e+00 0.000000e+00 0.000000e+00 0.000000e+00 0.000000e+00 0.000000e+00 0.000000e+00 0.000000e+00 0.000000e+00 0.000000e+00 0.000000e+00 0.000000e+00 0.000000e+00 0.000000e+00 0.000000e+00 0.000000e+00
 0.000000e+00 0.000000e+00 0.000000e+00 0.000000e+00 0.000000e+00 0.000000e+00 0.000000e+00 0.000000e+00 0.000000e+00 0.000000e+00 0.000000e+00 0.000000e+00 4.999131e-01 5.000869e-01 0.000000e+00 0.000000e+00 0.000000e+00 0.000000e+00 0.000000e+00 0.000000e+00 0.000000e+00 0.000000e+00 0.000000e+00 0.000000e+00 0.000000e+00 0.000000e+00 0.000000e+00 0.000000e+00 0.000000e+00 0.000000e+00 0.000000e+00 0.000000e+00 0.000000e+00 0.000000e+00 0.000000e+00 0.000000e+00
 0.000000e+00 0.000000e+00 0.000000e+00 0.000000e+00 0.000000e+00 0.000000e+00 0.000000e+00 0.000000e+00 0.000000e+00 0.000000e+00 0.000000e+00 0.000000e+00 0.000000e+00 5.002918e-01 4.997082e-01 0.000000e+00 0.000000e+00 0.000000e+00 0.000000e+00 0.000000e+00 0.000000e+00 0.000000e+00 0.000000e+00 0.000000e+00 0.000000e+00 0.000000e+00 0.000000e+00 0.000000e+00 0.000000e+00 0.000000e+00 0.000000e+00 0.000000e+00 0.000000e+00 0.000000e+00 0.000000e+00 0.000000e+00
 0.000000e+00 0.000000e+00 0.000000e+00 0.000000e+00 0.000000e+00 0.000000e+00 0.000000e+00 0.000000e+00 0.000000e+00 0.000000e+00 0.000000e+00 0.000000e+00 0.000000e+00 0.000000e+00 4.441190e-01 5.558811e-01 0.000000e+00 0.000000e+00 0.000000e+00 0.000000e+00 0.000000e+00 0.000000e+00 0.000000e+00 0.000000e+00 0.000000e+00 0.000000e+00 0.000000e+00 0.000000e+00 0.000000e+00 0.000000e+00 0.000000e+00 0.000000e+00 0.000000e+00 0.000000e+00 0.000000e+00 0.000000e+00
 0.000000e+00 0.000000e+00 0.000000e+00 0.000000e+00 0.000000e+00 0.000000e+00 0.000000e+00 0.000000e+00 0.000000e+00 0.000000e+00 0.000000e+00 0.000000e+00 0.000000e+00 0.000000e+00 0.000000e+00 4.444374e-01 5.555626e-01 0.000000e+00 0.000000e+00 0.000000e+00 0.000000e+00 0.000000e+00 0.000000e+00 0.000000e+00 0.000000e+00 0.000000e+00 0.000000e+00 0.000000e+00 0.000000e+00 0.000000e+00 0.000000e+00 0.000000e+00 0.000000e+00 0.000000e+00 0.000000e+00 0.000000e+00
 0.000000e+00 0.000000e+00 0.000000e+00 0.000000e+00 0.000000e+00 0.000000e+00 0.000000e+00 0.000000e+00 0.000000e+00 0.000000e+00 0.000000e+00 0.000000e+00 0.000000e+00 0.000000e+00 0.000000e+00 0.000000e+00 2.122413e-01 7.877587e-01 0.000000e+00 0.000000e+00 0.000000e+00 0.000000e+00 0.000000e+00 0.000000e+00 0.000000e+00 0.000000e+00 0.000000e+00 0.000000e+00 0.000000e+00 0.000000e+00 0.000000e+00 0.000000e+00 0.000000e+00 0.000000e+00 0.000000e+00 0.000000e+00
 0.000000e+00 0.000000e+00 0.000000e+00 0.000000e+00 0.000000e+00 0.000000e+00 0.000000e+00 0.000000e+00 0.000000e+00 0.000000e+00 0.000000e+00 0.000000e+00 0.000000e+00 0.000000e+00 0.000000e+00 0.000000e+00 0.000000e+00 4.815308e-01 5.184692e-01 0.000000e+00 0.000000e+00 0.000000e+00 0.000000e+00 0.000000e+00 0.000000e+00 0.000000e+00 0.000000e+00 0.000000e+00 0.000000e+00 0.000000e+00 0.000000e+00 0.000000e+00 0.000000e+00 0.000000e+00 0.000000e+00 0.000000e+00
 0.000000e+00 0.000000e+00 0.000000e+00 0.000000e+00 0.000000e+00 0.000000e+00 0.000000e+00 0.000000e+00 0.000000e+00 0.000000e+00 0.000000e+00 0.000000e+00 0.000000e+00 0.000000e+00 0.000000e+00 0.000000e+00 0.000000e+00 0.000000e+00 2.864452e-01 7.135548e-01 0.000000e+00 0.000000e+00 0.000000e+00 0.000000e+00 0.000000e+00 0.000000e+00 0.000000e+00 0.000000e+00 0.000000e+00 0.000000e+00 0.000000e+00 0.000000e+00 0.000000e+00 0.000000e+00 0.000000e+00 0.000000e+00
 0.000000e+00 0.000000e+00 0.000000e+00 0.000000e+00 0.000000e+00 0.000000e+00 0.000000e+00 0.000000e+00 0.000000e+00 0.000000e+00 0.000000e+00 0.000000e+00 0.000000e+00 0.000000e+00 0.000000e+00 0.000000e+00 0.000000e+00 0.000000e+00 0.000000e+00 2.853258e-01 7.146742e-01 0.000000e+00 0.000000e+00 0.000000e+00 0.000000e+00 0.000000e+00 0.000000e+00 0.000000e+00 0.000000e+00 0.000000e+00 0.000000e+00 0.000000e+00 0.000000e+00 0.000000e+00 0.000000e+00 0.000000e+00
 0.000000e+00 0.000000e+00 0.000000e+00 0.000000e+00 0.000000e+00 0.000000e+00 0.000000e+00 0.000000e+00 0.000000e+00 0.000000e+00 0.000000e+00 0.000000e+00 0.000000e+00 0.000000e+00 0.000000e+00 0.000000e+00 0.000000e+00 0.000000e+00 0.000000e+00 0.000000e+00 2.863020e-01 7.136980e-01 0.000000e+00 0.000000e+00 0.000000e+00 0.000000e+00 0.000000e+00 0.000000e+00 0.000000e+00 0.000000e+00 0.000000e+00 0.000000e+00 0.000000e+00 0.000000e+00 0.000000e+00 0.000000e+00
 0.000000e+00 0.000000e+00 0.000000e+00 0.000000e+00 0.000000e+00 0.000000e+00 0.000000e+00 0.000000e+00 0.000000e+00 0.000000e+00 0.000000e+00 0.000000e+00 0.000000e+00 0.000000e+00 0.000000e+00 0.000000e+00 0.000000e+00 0.000000e+00 0.000000e+00 0.000000e+00 0.000000e+00 4.444679e-01 5.555322e-01 0.000000e+00 0.000000e+00 0.000000e+00 0.000000e+00 0.000000e+00 0.000000e+00 0.000000e+00 0.000000e+00 0.000000e+00 0.000000e+00 0.000000e+00 0.000000e+00 0.000000e+00
 0.000000e+00 0.000000e+00 0.000000e+00 0.000000e+00 0.000000e+00 0.000000e+00 0.000000e+00 0.000000e+00 0.000000e+00 0.000000e+00 0.000000e+00 0.000000e+00 0.000000e+00 0.000000e+00 0.000000e+00 0.000000e+00 0.000000e+00 0.000000e+00 0.000000e+00 0.000000e+00 0.000000e+00 0.000000e+00 5.000615e-01 4.999385e-01 0.000000e+00 0.000000e+00 0.000000e+00 0.000000e+00 0.000000e+00 0.000000e+00 0.000000e+00 0.000000e+00 0.000000e+00 0.000000e+00 0.000000e+00 0.000000e+00
 0.000000e+00 0.000000e+00 0.000000e+00 0.000000e+00 0.000000e+00 0.000000e+00 0.000000e+00 0.000000e+00 0.000000e+00 0.000000e+00 0.000000e+00 0.000000e+00 0.000000e+00 0.000000e+00 0.000000e+00 0.000000e+00 0.000000e+00 0.000000e+00 0.000000e+00 0.000000e+00 0.000000e+00 0.000000e+00 0.000000e+00 3.750586e-01 6.249415e-01 0.000000e+00 0.000000e+00 0.000000e+00 0.000000e+00 0.000000e+00 0.000000e+00 0.000000e+00 0.000000e+00 0.000000e+00 0.000000e+00 0.000000e+00
 0.000000e+00 0.000000e+00 0.000000e+00 0.000000e+00 0.000000e+00 0.000000e+00 0.000000e+00 0.000000e+00 0.000000e+00 0.000000e+00 0.000000e+00 0.000000e+00 0.000000e+00 0.000000e+00 0.000000e+00 0.000000e+00 0.000000e+00 0.000000e+00 0.000000e+00 0.000000e+00 0.000000e+00 0.000000e+00 0.000000e+00 0.000000e+00 2.856721e-01 7.143280e-01 0.000000e+00 0.000000e+00 0.000000e+00 0.000000e+00 0.000000e+00 0.000000e+00 0.000000e+00 0.000000e+00 0.000000e+00 0.000000e+00
 0.000000e+00 0.000000e+00 0.000000e+00 0.000000e+00 0.000000e+00 0.000000e+00 0.000000e+00 0.000000e+00 0.000000e+00 0.000000e+00 0.000000e+00 0.000000e+00 0.000000e+00 0.000000e+00 0.000000e+00 0.000000e+00 0.000000e+00 0.000000e+00 0.000000e+00 0.000000e+00 0.000000e+00 0.000000e+00 0.000000e+00 0.000000e+00 0.000000e+00 4.448014e-01 5.551986e-01 0.000000e+00 0.000000e+00 0.000000e+00 0.000000e+00 0.000000e+00 0.000000e+00 0.000000e+00 0.000000e+00 0.000000e+00
 0.000000e+00 0.000000e+00 0.000000e+00 0.000000e+00 0.000000e+00 0.000000e+00 0.000000e+00 0.000000e+00 0.000000e+00 0.000000e+00 0.000000e+00 0.000000e+00 0.000000e+00 0.000000e+00 0.000000e+00 0.000000e+00 0.000000e+00 0.000000e+00 0.000000e+00 0.000000e+00 0.000000e+00 0.000000e+00 0.000000e+00 0.000000e+00 0.000000e+00 0.000000e+00 4.439617e-01 5.560383e-01 0.000000e+00 0.000000e+00 0.000000e+00 0.000000e+00 0.000000e+00 0.000000e+00 0.000000e+00 0.000000e+00
 0.000000e+00 0.000000e+00 0.000000e+00 0.000000e+00 0.000000e+00 0.000000e+00 0.000000e+00 0.000000e+00 0.000000e+00 0.000000e+00 0.000000e+00 0.000000e+00 0.000000e+00 0.000000e+00 0.000000e+00 0.000000e+00 0.000000e+00 0.000000e+00 0.000000e+00 0.000000e+00 0.000000e+00 0.000000e+00 0.000000e+00 0.000000e+00 0.000000e+00 0.000000e+00 0.000000e+00 4.444292e-01 5.555708e-01 0.000000e+00 0.000000e+00 0.000000e+00 0.000000e+00 0.000000e+00 0.000000e+00 0.000000e+00
 0.000000e+00 0.000000e+00 0.000000e+00 0.000000e+00 0.000000e+00 0.000000e+00 0.000000e+00 0.000000e+00 0.000000e+00 0.000000e+00 0.000000e+00 0.000000e+00 0.000000e+00 0.000000e+00 0.000000e+00 0.000000e+00 0.000000e+00 0.000000e+00 0.000000e+00 0.000000e+00 0.000000e+00 0.000000e+00 0.000000e+00 0.000000e+00 0.000000e+00 0.000000e+00 0.000000e+00 0.000000e+00 3.750264e-01 6.249735e-01 0.000000e+00 0.000000e+00 0.000000e+00 0.000000e+00 0.000000e+00 0.000000e+00
 0.000000e+00 0.000000e+00 0.000000e+00 0.000000e+00 0.000000e+00 0.000000e+00 0.000000e+00 0.000000e+00 0.000000e+00 0.000000e+00 0.000000e+00 0.000000e+00 0.000000e+00 0.000000e+00 0.000000e+00 0.000000e+00 0.000000e+00 0.000000e+00 0.000000e+00 0.000000e+00 0.000000e+00 0.000000e+00 0.000000e+00 0.000000e+00 0.000000e+00 0.000000e+00 0.000000e+00 0.000000e+00 0.000000e+00 3.756282e-01 6.243718e-01 0.000000e+00 0.000000e+00 0.000000e+00 0.000000e+00 0.000000e+00
 0.000000e+00 0.000000e+00 0.000000e+00 0.000000e+00 0.000000e+00 0.000000e+00 0.000000e+00 0.000000e+00 0.000000e+00 0.000000e+00 0.000000e+00 0.000000e+00 0.000000e+00 0.000000e+00 0.000000e+00 0.000000e+00 0.000000e+00 0.000000e+00 0.000000e+00 0.000000e+00 0.000000e+00 0.000000e+00 0.000000e+00 0.000000e+00 0.000000e+00 0.000000e+00 0.000000e+00 0.000000e+00 0.000000e+00 0.000000e+00 3.750363e-01 6.249637e-01 0.000000e+00 0.000000e+00 0.000000e+00 0.000000e+00
 0.000000e+00 0.000000e+00 0.000000e+00 0.000000e+00 0.000000e+00 0.000000e+00 0.000000e+00 0.000000e+00 0.000000e+00 0.000000e+00 0.000000e+00 0.000000e+00 0.000000e+00 0.000000e+00 0.000000e+00 0.000000e+00 0.000000e+00 0.000000e+00 0.000000e+00 0.000000e+00 0.000000e+00 0.000000e+00 0.000000e+00 0.000000e+00 0.000000e+00 0.000000e+00 0.000000e+00 0.000000e+00 0.000000e+00 0.000000e+00 0.000000e+00 4.446909e-01 5.553091e-01 0.000000e+00 0.000000e+00 0.000000e+00
 0.000000e+00 0.000000e+00 0.000000e+00 0.000000e+00 0.000000e+00 0.000000e+00 0.000000e+00 0.000000e+00 0.000000e+00 0.000000e+00 0.000000e+00 0.000000e+00 0.000000e+00 0.000000e+00 0.000000e+00 0.000000e+00 0.000000e+00 0.000000e+00 0.000000e+00 0.000000e+00 0.000000e+00 0.000000e+00 0.000000e+00 0.000000e+00 0.000000e+00 0.000000e+00 0.000000e+00 0.000000e+00 0.000000e+00 0.000000e+00 0.000000e+00 0.000000e+00 4.437192e-01 5.562808e-01 0.000000e+00 0.000000e+00
 0.000000e+00 0.000000e+00 0.000000e+00 0.000000e+00 0.000000e+00 0.000000e+00 0.000000e+00 0.000000e+00 0.000000e+00 0.000000e+00 0.000000e+00 0.000000e+00 0.000000e+00 0.000000e+00 0.000000e+00 0.000000e+00 0.000000e+00 0.000000e+00 0.000000e+00 0.000000e+00 0.000000e+00 0.000000e+00 0.000000e+00 0.000000e+00 0.000000e+00 0.000000e+00 0.000000e+00 0.000000e+00 0.000000e+00 0.000000e+00 0.000000e+00 0.000000e+00 0.000000e+00 3.749347e-01 6.250653e-01 0.000000e+00
 0.000000e+00 0.000000e+00 0.000000e+00 0.000000e+00 0.000000e+00 0.000000e+00 0.000000e+00 0.000000e+00 0.000000e+00 0.000000e+00 0.000000e+00 0.000000e+00 0.000000e+00 0.000000e+00 0.000000e+00 0.000000e+00 0.000000e+00 0.000000e+00 0.000000e+00 0.000000e+00 0.000000e+00 0.000000e+00 0.000000e+00 0.000000e+00 0.000000e+00 0.000000e+00 0.000000e+00 0.000000e+00 0.000000e+00 0.000000e+00 0.000000e+00 0.000000e+00 0.000000e+00 0.000000e+00 0.000000e+00 1.000000e+00
 0.000000e+00 0.000000e+00 0.000000e+00 0.000000e+00 0.000000e+00 0.000000e+00 0.000000e+00 0.000000e+00 0.000000e+00 0.000000e+00 0.000000e+00 0.000000e+00 0.000000e+00 0.000000e+00 0.000000e+00 0.000000e+00 0.000000e+00 0.000000e+00 0.000000e+00 0.000000e+00 0.000000e+00 0.000000e+00 0.000000e+00 0.000000e+00 0.000000e+00 0.000000e+00 0.000000e+00 0.000000e+00 0.000000e+00 0.000000e+00 0.000000e+00 0.000000e+00 0.000000e+00 0.000000e+00 0.000000e+00 0.000000e+00
<ENDHMM>
