~o
<STREAMINFO> 1 39
<VECSIZE> 39<NULLD><MFCC_E_D_A><DIAGC>
~h "Tawng"
<BEGINHMM>
<NUMSTATES> 40
<STATE> 2
<MEAN> 39
 -6.500430e+00 -8.919541e+00 -1.304439e+00 -2.244545e+00 -4.764524e-01 -3.778625e+00 6.312446e-01 -1.485069e+00 -7.723433e-02 -2.070062e+00 4.323967e+00 1.676660e-01 -8.772203e-02 -8.317254e-01 -4.646077e-01 -1.144933e+00 -2.577911e-01 -2.314484e-01 1.113088e+00 5.749829e-01 8.161111e-01 1.697602e-01 -3.986765e-02 3.072401e-02 2.012995e-01 -1.364113e-02 -1.484619e-01 2.716389e-01 -2.552117e-01 -1.184059e-01 2.337029e-01 1.575673e-01 3.034282e-01 2.189544e-01 5.266492e-01 -3.671615e-01 -5.332227e-01 -1.945840e-01 2.947052e-02
<VARIANCE> 39
 2.882547e+00 3.041998e+00 2.352972e+00 7.421347e+00 2.898694e+00 6.787345e+00 1.165450e+01 2.750413e+00 2.378360e+01 6.141991e+00 7.858471e+00 1.261521e+01 5.000000e-02 4.437089e-01 4.354026e-01 2.354523e-01 1.109300e+00 4.866738e-01 4.403252e-01 6.754356e-01 5.240261e-01 2.399350e+00 1.334235e+00 8.622928e-01 2.243779e+00 5.000000e-02 3.931837e-01 2.800808e-01 5.554748e-01 1.027398e-01 2.751218e-01 2.298953e-01 2.514350e-01 1.360503e-01 6.722451e-01 1.883929e-01 2.062222e-01 2.322042e-01 5.000000e-02
<GCONST> 6.369571e+01
<STATE> 3
<MEAN> 39
 -8.083448e+00 -9.340638e+00 -3.835649e+00 -1.542093e+00 3.776312e-01 -1.445829e+00 1.656736e+00 -6.015016e-01 2.374444e+00 -7.303973e-01 3.946432e+00 -1.847134e+00 -1.346105e-01 -1.376012e-01 5.962378e-01 -6.280440e-01 -3.620900e-01 6.982964e-01 4.869142e-01 6.126499e-01 4.378024e-01 6.173229e-01 -9.691815e-01 -7.484283e-01 -2.349880e-01 6.795372e-02 -1.962396e-01 -9.318698e-02 -4.293250e-01 -3.533174e-01 1.980131e-01 -3.675288e-01 2.251881e-01 -2.486179e-02 -1.055676e-02 -7.522196e-01 -5.536069e-01 -4.426608e-02 5.257585e-02
<VARIANCE> 39
 1.797867e+00 1.798141e+00 2.825619e+00 6.932585e+00 6.207697e+00 6.094357e+00 6.961139e-01 3.322554e+00 9.997688e+00 7.381237e+00 4.698200e+00 7.308825e+00 5.000000e-02 3.146451e+00 1.692486e+00 3.295738e+00 2.021427e+00 1.454533e+00 4.548847e-01 5.829636e-01 1.508384e+00 3.135681e+00 4.348818e-01 1.653685e+00 2.287549e+00 5.000000e-02 2.363862e-01 3.305404e-01 1.030363e+00 3.055658e-01 2.670859e-01 3.376880e-01 3.394594e-01 2.044986e-01 4.569957e-01 5.000000e-02 2.305459e-01 3.302382e-01 5.000000e-02
<GCONST> 6.868300e+01
<STATE> 4
<MEAN> 39
 -5.931833e+00 -8.625477e+00 -1.368679e+00 -1.411930e+00 2.752249e+00 -1.104702e+00 2.435136e+00 -1.800242e-01 1.432678e+00 -3.376610e+00 2.249489e+00 -1.007203e-01 2.073290e-02 -1.549498e+00 2.038626e-01 -2.572734e+00 -1.518464e+00 5.670229e-01 -4.368257e-01 1.284228e+00 8.291531e-01 1.264511e-01 -2.174201e+00 -1.546551e+00 -2.140185e-01 1.665931e-01 -2.692033e-01 -1.005677e+00 -1.316672e+00 -2.083361e-01 -2.340302e-01 -6.661928e-01 3.843638e-01 -9.903773e-02 -3.337601e-01 -4.059888e-01 -2.276336e-01 8.812053e-04 4.963959e-02
<VARIANCE> 39
 1.042309e+01 3.658783e+00 9.796080e+00 2.885502e+01 3.588223e+00 1.909621e+01 4.787837e+00 1.384833e+01 2.684899e+00 2.348419e+00 4.397507e+00 1.203085e+01 5.000000e-02 3.668992e+00 5.879521e+00 9.562880e+00 5.119182e-01 3.444814e+00 6.070475e+00 2.148325e+00 8.133756e-01 2.406588e+00 1.061495e+00 1.982058e+00 1.346976e+00 5.000000e-02 2.782638e-01 3.125511e-01 2.649487e-01 6.777655e-01 5.287239e-01 5.201992e-01 2.142462e-01 2.683929e-01 2.641393e-01 5.000000e-02 1.483004e-01 3.392723e-01 5.000000e-02
<GCONST> 8.076213e+01
<STATE> 5
<MEAN> 39
 -1.503426e+01 -4.554911e+00 -1.100490e+01 -7.978065e+00 1.935882e+00 -3.389373e+00 5.092124e+00 2.106993e+00 3.968564e+00 -8.461143e+00 -5.606438e-02 -1.490633e+00 4.375981e-01 -7.149991e-01 -3.785504e+00 -5.228086e+00 -1.302172e+00 -3.826782e-01 -2.199132e+00 1.977537e+00 4.734974e-01 -1.656592e-01 -2.267592e+00 -2.148128e+00 -1.563843e-01 2.472655e-01 9.192615e-01 -1.773721e+00 4.082103e-03 8.139306e-01 1.609090e-01 5.716693e-02 -2.952408e-01 -4.126640e-01 -4.874142e-01 3.887819e-01 6.411201e-02 -2.922208e-02 -2.061862e-03
<VARIANCE> 39
 3.313232e+01 7.378016e+01 8.125639e+01 1.309631e+01 5.456929e+01 8.248840e+01 2.869810e+01 7.120415e+00 1.092829e+01 2.016145e+01 2.466770e+01 1.357674e+01 1.134711e-01 7.966915e-01 3.071348e+00 1.281251e+00 2.575948e+00 3.050902e+00 3.623705e+00 1.108918e+00 3.520600e-01 1.553987e+00 6.435972e-01 1.373667e+00 1.455982e+00 5.000000e-02 6.112866e-01 1.301098e+00 1.938881e+00 2.219326e-01 9.063860e-01 1.537509e+00 2.841567e-01 2.680629e-01 4.913486e-01 5.088032e-01 2.681443e-01 2.808659e-01 5.000000e-02
<GCONST> 1.001790e+02
<STATE> 6
<MEAN> 39
 -9.824203e+00 -2.047254e+01 -2.052865e+01 -6.543518e+00 3.537683e-01 -6.640995e+00 8.704868e+00 1.777586e+00 1.039960e+00 -1.212885e+01 -6.035229e+00 -1.073171e+00 8.239961e-01 7.231660e-01 -5.346138e+00 -3.337617e+00 1.685519e+00 4.794567e-01 1.320254e-01 7.516298e-01 -1.014067e+00 -9.376365e-01 -1.404680e+00 -8.755605e-01 5.265057e-02 1.466047e-01 3.351749e-01 4.116814e-01 1.646790e+00 6.246006e-01 6.022472e-01 8.534642e-01 -7.879926e-01 -4.510629e-01 -2.032411e-02 9.518045e-01 9.011858e-01 -2.562007e-01 -5.833455e-02
<VARIANCE> 39
 3.094464e+00 7.465027e+00 1.079322e+01 1.489741e+01 1.320319e+01 4.884643e+01 3.235106e+01 1.394809e+01 1.751612e+01 5.081590e+00 2.199327e+01 8.186982e+00 5.000000e-02 3.516840e+00 6.206577e+00 6.964574e+00 2.368398e+00 3.556834e+00 4.371404e+00 7.723117e-01 1.862198e+00 8.833814e-01 2.950270e+00 9.110417e-01 1.243087e+00 5.000000e-02 1.000736e-01 1.275899e-01 5.000000e-02 2.081222e-01 2.975395e-01 4.593046e-01 4.452505e-01 1.666811e-01 1.528649e-01 1.025991e-01 3.819699e-01 2.182990e-01 5.000000e-02
<GCONST> 8.309237e+01
<STATE> 7
<MEAN> 39
 -9.562474e+00 -2.435577e+01 -2.014142e+01 -3.814701e+00 4.879046e+00 -5.537101e+00 8.789122e+00 -8.254159e-01 -1.160525e+00 -1.216617e+01 -4.146110e+00 -1.919776e+00 9.236636e-01 5.922573e-01 -2.559448e+00 -2.401739e-01 8.941032e-01 1.859825e+00 1.148639e+00 -1.334176e+00 -9.685264e-01 -8.948606e-01 6.177181e-01 -2.108596e-02 -7.606668e-01 6.340797e-02 -8.615139e-02 1.396344e+00 1.207021e+00 6.665209e-03 1.789747e-01 2.939278e-01 -6.770663e-01 7.805299e-02 5.323166e-01 6.515752e-01 5.491185e-01 -1.229422e-01 -4.445736e-02
<VARIANCE> 39
 5.787006e+00 2.272610e+00 1.843732e+01 1.650638e+01 3.153376e+01 3.191668e+01 2.660985e+01 9.735227e+00 2.702924e+00 4.839693e+00 1.500366e+01 8.006156e+00 5.000000e-02 5.239541e-01 4.142627e+00 1.842344e+00 5.422302e-01 6.827236e-01 1.244711e+00 7.880490e-01 1.312281e+00 4.264302e-01 1.371941e+00 1.308812e+00 2.230802e-01 5.000000e-02 1.666615e-01 2.249026e-01 8.179141e-01 2.241628e-01 7.990917e-01 6.589060e-01 2.685074e-01 1.074950e-01 7.398952e-02 3.251677e-01 2.690974e-01 8.398482e-02 5.000000e-02
<GCONST> 7.300919e+01
<STATE> 8
<MEAN> 39
 -9.707842e+00 -2.586790e+01 -2.110140e+01 -3.999032e+00 4.863697e+00 -2.529651e+00 4.385976e+00 -1.983693e-01 -3.194545e-01 -9.869392e+00 -3.095892e+00 -3.372761e+00 9.528432e-01 2.121220e-01 -7.426944e-01 4.923497e-01 9.163926e-01 1.420394e+00 1.010964e+00 -1.038538e+00 -1.964031e-01 7.783355e-01 8.229675e-01 9.164916e-01 -8.772174e-01 2.830801e-02 -8.010717e-02 8.237782e-01 7.624101e-01 -1.223594e-01 -5.592311e-02 -1.676257e-01 1.667358e-01 1.724148e-01 5.634590e-01 -1.277597e-01 1.650915e-01 6.561824e-02 -2.382760e-02
<VARIANCE> 39
 9.273054e+00 7.694715e+00 4.132537e+00 5.509031e+00 4.082914e+01 1.279959e+01 1.372077e+01 2.907646e+01 9.041727e+00 8.535926e+00 1.237791e+01 1.399310e+01 5.000000e-02 2.413779e-01 2.149518e-01 5.504382e-01 2.614370e-01 1.470747e+00 1.111264e+00 7.390827e-01 6.370634e-01 3.145589e-01 2.591579e-01 1.250931e+00 9.207773e-01 5.000000e-02 5.484170e-02 3.083000e-01 7.525479e-01 5.978903e-02 6.077461e-01 2.168886e-01 5.000000e-02 5.452798e-01 5.000000e-02 2.112002e-01 3.890619e-01 5.878897e-02 5.000000e-02
<GCONST> 6.316808e+01
<STATE> 9
<MEAN> 39
 -9.349369e+00 -2.537725e+01 -1.776243e+01 -1.291408e+00 6.170910e+00 -1.190004e+00 3.414868e+00 -2.182818e+00 1.508289e+00 -9.100565e+00 -2.675734e+00 -3.082631e+00 9.712639e-01 3.094827e-01 -7.729653e-01 1.209758e+00 5.588021e-01 9.352769e-01 1.504413e-01 -3.413191e-01 -3.403805e-01 1.005972e+00 -1.893337e-01 4.282942e-01 -3.799925e-01 1.532204e-02 3.029324e-03 8.736286e-02 1.241074e-01 -3.172769e-01 -4.417183e-01 -8.433007e-02 2.281624e-01 8.626792e-02 2.317110e-01 -4.256072e-01 -1.231102e-01 1.816351e-01 -1.145881e-02
<VARIANCE> 39
 5.274633e+00 8.919221e+00 1.265696e+01 1.494320e+01 1.767057e+01 1.340367e+01 4.771597e+00 1.804617e+01 8.413481e+00 9.669317e+00 1.236761e+01 7.407018e+00 5.000000e-02 1.360601e-01 3.432327e-01 8.716695e-01 4.067687e-01 3.288243e+00 1.045503e+00 9.888344e-01 1.612681e+00 3.659078e-01 9.108139e-01 1.363647e+00 5.442098e-01 5.000000e-02 5.000000e-02 1.369693e-01 1.122166e-01 5.000000e-02 1.204420e-01 2.234709e-01 6.443036e-02 3.138586e-01 9.951402e-02 9.322993e-02 1.875458e-01 1.226237e-01 5.000000e-02
<GCONST> 6.069121e+01
<STATE> 10
<MEAN> 39
 -8.124613e+00 -2.782498e+01 -1.794917e+01 -2.099679e+00 9.642751e+00 -4.262697e+00 4.804635e+00 -1.775086e+00 1.479894e+00 -1.040095e+01 -2.924095e+00 -5.395469e+00 9.905213e-01 3.076484e-01 -5.603017e-01 6.381155e-01 1.870950e-01 1.199927e-01 2.911505e-01 -5.134197e-02 -7.216757e-02 1.016026e+00 -6.623508e-01 3.870920e-01 1.215409e-01 2.182586e-03 -1.153315e-01 1.872413e-01 -2.786357e-01 -2.458487e-01 -4.425890e-01 1.383398e-01 1.425438e-01 3.786480e-02 -2.043377e-01 -5.869427e-01 -2.961044e-02 -7.917625e-03 -6.573516e-03
<VARIANCE> 39
 5.809699e+00 2.830432e+00 1.466369e+01 9.342768e+00 3.724149e+01 2.391908e+01 1.488307e+01 1.074002e+01 8.722376e+00 1.300979e+01 3.576568e+00 9.903350e+00 5.000000e-02 1.772199e-01 3.413176e-01 1.088830e-01 3.983883e-01 7.312088e-01 1.106152e+00 3.800265e-01 9.363759e-01 8.689084e-01 7.807660e-01 8.622795e-01 3.625191e-01 5.000000e-02 5.000000e-02 5.000000e-02 5.657829e-02 5.106498e-02 2.948409e-01 5.000000e-02 9.251328e-02 1.541303e-01 5.000000e-02 3.840674e-01 1.240219e-01 5.000000e-02 5.000000e-02
<GCONST> 5.249435e+01
<STATE> 11
<MEAN> 39
 -8.394755e+00 -2.826938e+01 -1.424538e+01 -2.245681e+00 8.129367e+00 -1.048481e+00 3.626126e+00 -1.664048e+00 5.270836e+00 -1.082509e+01 -7.862689e-01 -2.353115e+00 9.897125e-01 -3.414970e-02 -3.988376e-01 1.169964e-01 -4.691523e-01 -3.824628e-01 7.522800e-01 -2.836904e-01 -1.744952e-01 5.305295e-01 -1.514831e+00 1.058899e-01 -4.006451e-01 -7.521485e-03 -1.641652e-01 3.148877e-01 -2.202856e-01 -2.525789e-01 -1.179358e-01 1.240335e-01 -1.632840e-01 1.436132e-01 -2.275429e-01 -2.636521e-01 1.592472e-02 -4.451044e-02 -6.590090e-03
<VARIANCE> 39
 1.087837e+01 1.380113e+01 1.261319e+01 3.441376e+01 2.289927e+01 4.701653e+01 9.385077e+00 1.815469e+01 1.030482e+01 1.017613e+01 7.537322e+00 1.627452e+00 5.000000e-02 1.102527e-01 2.741567e-01 1.430391e-01 5.442808e-01 6.900174e-01 3.022703e-01 2.645138e-01 1.132760e+00 5.487671e-01 2.153245e+00 1.411402e+00 2.154229e-01 5.000000e-02 5.000000e-02 6.292444e-02 5.000000e-02 2.239056e-01 2.475331e-01 2.712128e-01 1.412666e-01 4.929344e-01 5.000000e-02 1.631788e-01 1.627174e-01 2.028702e-01 5.000000e-02
<GCONST> 5.936666e+01
<STATE> 12
<MEAN> 39
 -7.811181e+00 -2.838293e+01 -1.783129e+01 -2.167404e+00 6.804737e+00 -8.243001e-01 4.154507e+00 -2.080534e+00 3.094762e+00 -1.569666e+01 -2.624888e+00 -6.892888e+00 9.691803e-01 -2.985784e-01 1.904645e-01 1.746895e-01 -1.042046e+00 -2.024913e-01 5.379753e-01 -7.087048e-01 -1.092037e-01 5.354389e-02 -1.886607e+00 4.398379e-01 -5.826197e-01 -1.688253e-02 -4.478046e-02 4.316489e-01 1.645939e-01 -1.997161e-01 2.975608e-01 -3.362359e-01 -3.081714e-01 -1.460860e-01 -1.215323e-02 -2.520436e-01 8.773510e-02 7.984639e-02 -6.580126e-03
<VARIANCE> 39
 2.276510e+00 1.381410e+00 2.192371e+01 1.051139e+01 4.392360e+01 3.257866e+01 9.690453e+00 1.960236e+00 2.437784e+01 2.476233e+01 2.703745e+01 1.565651e+01 5.000000e-02 2.059562e-01 1.662821e-01 8.100296e-02 9.248191e-01 4.264422e-01 5.704573e-01 6.789519e-01 2.101402e+00 3.997658e-01 2.454887e+00 6.499079e-01 1.427828e+00 5.000000e-02 6.775248e-02 7.556001e-02 5.000000e-02 7.052798e-02 7.832610e-02 7.342436e-02 1.445336e-01 8.476982e-02 2.184667e-01 5.857889e-01 4.214903e-01 8.332916e-02 5.000000e-02
<GCONST> 5.893239e+01
<STATE> 13
<MEAN> 39
 -9.676567e+00 -2.767270e+01 -1.341710e+01 -5.350970e+00 7.302413e+00 6.494332e-01 1.531078e+00 -1.237825e+00 6.369034e+00 -1.475163e+01 3.845695e-01 -3.584744e+00 9.428795e-01 1.057294e-01 8.112678e-01 7.522832e-01 -7.335733e-01 6.679965e-01 -9.420204e-02 -8.354422e-01 2.359662e-01 3.190998e-01 -2.049784e+00 2.213589e-01 2.753157e-03 -2.026691e-02 1.983719e-01 -1.122838e-02 2.300542e-01 -9.663256e-02 4.884844e-02 -3.970119e-01 -2.321108e-01 -1.143632e-04 -1.263170e-01 -1.551513e-01 -1.871190e-01 -8.989259e-02 -5.947055e-03
<VARIANCE> 39
 9.501653e+00 3.194035e+00 1.059837e+01 7.821812e+00 2.897359e+01 3.326456e+01 9.173050e+00 1.550426e+00 2.900349e+01 3.641395e+01 4.447479e+00 1.762405e+01 5.000000e-02 3.284028e-01 4.171200e-01 1.193252e-01 3.515594e-01 5.790564e-01 4.099837e-01 5.140710e-01 8.647430e-01 7.644790e-01 9.703847e-01 1.196535e+00 8.308116e-01 5.000000e-02 5.000000e-02 8.160491e-02 5.000000e-02 8.869507e-02 1.346556e-01 6.013201e-02 2.352366e-01 1.239914e-01 3.100954e-01 5.488408e-01 5.000000e-02 1.887288e-01 5.000000e-02
<GCONST> 5.795275e+01
<STATE> 14
<MEAN> 39
 -8.371709e+00 -2.532120e+01 -1.445152e+01 -5.115688e+00 9.698882e+00 -1.996865e+00 1.098751e+00 -3.210696e+00 3.491526e+00 -2.310164e+01 -4.324466e-01 -7.010014e+00 8.996556e-01 2.426228e-01 8.610998e-01 8.391197e-01 -1.030716e+00 1.921044e-02 -5.370498e-01 -1.642528e+00 -1.602443e-01 6.356843e-01 -2.205817e+00 -1.650745e-02 -6.738241e-02 -3.564175e-02 3.621722e-01 -8.438096e-02 1.800597e-01 4.291129e-02 -3.611633e-01 -6.751832e-02 -2.821179e-01 9.026080e-02 -1.161048e-01 7.617457e-01 -8.068555e-02 2.444624e-01 -6.101789e-03
<VARIANCE> 39
 3.041468e+00 3.121503e+00 1.855325e+01 8.678972e+00 2.830293e+01 3.849967e+01 2.105929e+01 1.068716e+01 3.061018e+01 2.028553e+01 8.980581e-01 3.757119e+01 5.000000e-02 3.188549e-01 6.491947e-01 3.890313e-01 4.248098e-01 2.409765e-01 6.777270e-01 1.655669e+00 5.190153e-01 2.443657e+00 3.933335e+00 9.444024e-01 1.077881e+00 5.000000e-02 5.090500e-02 7.320199e-02 7.127649e-02 8.880808e-02 1.134865e-01 6.529246e-02 1.042082e-01 1.576319e-01 2.381169e-01 3.496124e-01 8.635043e-02 2.846546e-01 5.000000e-02
<GCONST> 6.346366e+01
<STATE> 15
<MEAN> 39
 -7.481146e+00 -2.386205e+01 -1.414448e+01 -7.026036e+00 7.831336e+00 -2.743043e+00 -1.933585e+00 -2.830245e+00 6.794355e+00 -2.339057e+01 -9.048269e-01 -6.319239e+00 8.282042e-01 9.522815e-01 2.965270e-01 1.329015e+00 -6.526311e-01 -9.317842e-01 -4.231052e-01 -2.102032e+00 -4.307675e-01 -1.092831e-01 -4.379775e-01 -1.494606e-01 -2.596537e-01 -4.668377e-02 4.369272e-01 -5.405714e-01 4.653691e-01 4.831770e-02 -2.845162e-01 9.517761e-02 -1.417685e-01 1.421479e-02 -9.684309e-01 1.286592e+00 -4.291609e-01 4.185969e-02 -3.177756e-03
<VARIANCE> 39
 1.194745e+01 1.594422e+01 1.748746e+01 1.168474e+01 2.456478e+01 1.084145e+01 2.774060e+01 1.356808e+01 1.606751e+01 4.921380e+01 2.739441e-01 5.064645e+00 5.000000e-02 2.462902e-01 4.271848e-01 8.367284e-01 6.250138e-01 1.754689e+00 9.342445e-01 1.482470e+00 1.730006e+00 2.065673e+00 7.484484e-01 6.666402e-01 1.230371e+00 5.000000e-02 1.032632e-01 1.789497e-01 1.089577e-01 8.028392e-02 1.468918e-01 8.236340e-02 3.581518e-01 1.781087e-01 4.518398e-01 9.768754e-01 1.823338e-01 2.517877e-01 5.000000e-02
<GCONST> 7.075287e+01
<STATE> 16
<MEAN> 39
 -7.412606e+00 -2.571586e+01 -1.130142e+01 -8.592194e+00 7.148665e+00 -1.656313e+00 -3.404841e+00 -1.782277e+00 6.828474e+00 -2.441195e+01 -8.936547e-01 -6.298104e+00 7.940493e-01 1.485669e+00 -5.250961e-01 1.762712e+00 -9.330945e-01 -3.053161e-01 -6.042624e-01 -1.841373e+00 -2.794628e-01 -1.891346e+00 1.115816e+00 -8.652243e-01 -9.739128e-02 -4.663270e-02 4.702149e-01 -2.165579e-01 4.368620e-01 1.140484e-01 -4.673731e-02 1.009489e-01 2.376868e-01 1.429708e-01 -6.672053e-01 1.409719e+00 -2.459536e-01 2.237572e-01 -7.126057e-04
<VARIANCE> 39
 1.173767e+01 1.471540e+01 1.580065e+01 1.788949e+01 1.182474e+01 2.605303e+01 3.749833e+01 2.711647e+01 7.102249e+00 2.411271e+01 2.433744e+00 9.192479e+00 5.000000e-02 6.328242e-01 5.652108e-01 1.087175e+00 1.014815e-01 2.980183e+00 5.157246e-01 1.683620e+00 9.269376e-01 1.049716e+00 3.197049e+00 8.805843e-01 1.738927e+00 5.000000e-02 5.000000e-02 1.751991e-01 1.163232e-01 1.277556e-01 6.693079e-02 5.708503e-02 5.161718e-01 2.216171e-01 4.359909e-01 2.938175e-01 5.000000e-02 1.918516e-01 5.000000e-02
<GCONST> 7.028731e+01
<STATE> 17
<MEAN> 39
 -3.746967e+00 -2.552879e+01 -8.326170e+00 -8.746434e+00 6.312600e+00 -3.411078e+00 -8.606176e+00 -3.507395e+00 5.227510e-01 -1.889250e+01 -1.780192e+00 -5.383561e+00 7.104129e-01 2.389652e+00 -7.958919e-01 3.004059e+00 -9.079104e-01 -6.467792e-01 -3.918011e-02 -1.093855e+00 3.460733e-01 -2.421791e+00 4.059383e+00 -1.096739e+00 4.449336e-01 -4.456782e-02 1.152464e-01 -4.454183e-02 -1.456687e-01 8.637554e-02 -2.851877e-01 3.277494e-01 7.609795e-01 6.541019e-02 -2.308069e-03 3.817633e-01 2.466534e-02 -2.494881e-01 5.415759e-03
<VARIANCE> 39
 1.094747e+01 1.523554e+01 2.106128e+01 1.782561e+01 9.564284e+00 4.596902e+01 2.468680e+01 2.504902e+01 6.765727e+00 1.380269e+01 1.759202e+01 2.956126e+01 5.000000e-02 3.054473e-01 7.896073e-01 5.529828e-01 5.717755e-01 2.933914e+00 3.860878e-01 2.448805e+00 1.198034e+00 1.744295e+00 2.929842e+00 4.020178e-01 1.125408e+00 5.000000e-02 1.500057e-01 1.797438e-01 2.294989e-01 1.722630e-01 8.631904e-02 3.531885e-01 4.020896e-01 2.442286e-01 2.306413e-01 6.839465e-01 1.222964e-01 5.240195e-01 5.000000e-02
<GCONST> 7.925466e+01
<STATE> 18
<MEAN> 39
 5.734574e-01 -2.695021e+01 -2.469173e+00 -1.086837e+01 4.806155e+00 -2.310162e+00 -8.245041e+00 -1.658251e+00 -2.696014e+00 -1.320799e+01 -4.948140e+00 -3.416838e+00 6.506508e-01 1.760503e+00 -1.254958e-01 1.280031e+00 -3.706857e-01 -1.448921e+00 1.488937e-01 6.183028e-01 6.401265e-01 -1.775747e+00 2.708546e+00 -4.686413e-01 -1.863398e-01 -2.843465e-02 -3.883992e-01 3.567873e-01 -9.293894e-01 2.948528e-01 -3.098548e-01 1.108834e-01 6.429051e-01 -3.499074e-01 7.459965e-01 -6.453380e-01 4.219080e-01 -3.424841e-01 7.341694e-03
<VARIANCE> 39
 1.162463e+01 5.213388e+00 1.269667e+01 2.925872e+00 3.011947e+01 2.206882e+01 1.160640e+01 2.224674e+01 5.575875e+00 2.382707e+01 4.526747e+00 1.306428e+01 5.000000e-02 4.422759e-01 8.462235e-01 5.460025e-01 8.573595e-01 7.971031e-01 1.395371e+00 2.244289e+00 1.018374e+00 1.400636e+00 2.015635e+00 7.760919e-01 2.504951e+00 5.000000e-02 1.081046e-01 9.837388e-02 1.385173e-01 6.092231e-02 4.583084e-01 8.492379e-02 3.720437e-01 2.064251e-01 9.384040e-02 4.100267e-01 1.134272e-01 5.789226e-01 5.000000e-02
<GCONST> 7.121316e+01
<STATE> 19
<MEAN> 39
 8.554347e-01 -2.685213e+01 -2.629524e+00 -9.086787e+00 4.086616e+00 -2.101169e+00 -5.838947e+00 8.816307e-01 -1.564899e+00 -1.194930e+01 -4.913404e+00 -6.145277e+00 6.224197e-01 1.260006e+00 3.660879e-01 -1.725355e-01 2.346765e-01 -2.467219e+00 5.403231e-01 7.200088e-02 -1.096699e+00 -1.435929e-01 1.000222e+00 2.644970e-01 -3.322967e-01 -2.713183e-02 -3.295617e-01 7.441746e-02 -7.243719e-01 1.967101e-01 -3.595692e-01 -1.158901e-01 -2.178993e-02 -7.669194e-01 5.023768e-01 -9.030082e-01 -1.927911e-04 9.344343e-02 5.471138e-03
<VARIANCE> 39
 8.128190e+00 1.535979e+00 1.180536e+01 8.656281e+00 3.367747e+01 9.688953e+00 2.144812e+00 3.531918e+01 7.700693e+00 1.372841e+01 9.218606e+00 1.090968e+01 5.000000e-02 7.408037e-01 4.103854e-01 1.115892e+00 1.786699e+00 1.544463e+00 1.249888e+00 1.014470e+00 1.247249e+00 4.526028e-01 1.370698e+00 2.439739e-01 3.864680e+00 5.000000e-02 7.551251e-02 1.094619e-01 6.901954e-02 7.681404e-02 4.603673e-01 1.051537e-01 3.939480e-01 1.703291e-01 6.894850e-02 1.610374e-01 2.777069e-01 4.177895e-01 5.000000e-02
<GCONST> 6.666498e+01
<STATE> 20
<MEAN> 39
 3.011868e+00 -2.629853e+01 -5.084239e+00 -1.114448e+01 -1.729285e+00 -7.849147e-01 -6.685633e+00 -5.575937e+00 -2.845502e+00 -1.123537e+01 -2.297818e+00 -7.498740e+00 5.816122e-01 6.439586e-01 2.307315e-01 -1.005287e+00 5.613785e-01 -1.984589e+00 -3.049947e-01 -2.948947e-02 -2.214968e+00 5.227783e-01 -3.609363e-01 -8.161312e-01 1.888009e-01 -1.566030e-02 -1.936184e-01 1.990838e-01 -8.906353e-02 4.293144e-01 3.282163e-01 -4.011904e-01 8.689728e-02 2.949316e-01 1.313505e-01 -5.997286e-01 -2.048272e-01 3.517631e-01 2.960895e-03
<VARIANCE> 39
 2.746151e+00 1.709872e+00 2.100498e+00 6.747676e+00 2.878677e+00 9.318275e-01 1.465024e+01 1.287998e+01 1.130095e+01 1.239454e+01 1.110699e+01 1.945151e+01 5.000000e-02 1.675865e-01 1.192844e-01 7.633088e-01 4.911678e-01 4.804564e-01 4.881895e-01 8.436868e-01 1.097685e+00 4.206121e-01 4.404273e-01 1.611388e+00 8.367303e-01 5.000000e-02 1.125308e-01 5.000000e-02 9.767441e-02 8.644545e-02 7.703975e-02 1.666572e-01 8.884434e-02 1.219460e-01 1.016157e-01 1.761318e-01 1.671225e-01 7.929278e-01 5.000000e-02
<GCONST> 5.074583e+01
<STATE> 21
<MEAN> 39
 3.266274e+00 -2.545160e+01 -4.345166e+00 -9.102041e+00 -4.609069e+00 -2.083548e+00 -6.987765e+00 -8.434579e+00 -5.657724e-01 -1.195643e+01 -6.282500e+00 -4.239260e+00 5.698793e-01 4.627034e-01 5.483569e-01 -1.013656e-01 7.830831e-01 -1.009023e+00 -8.887446e-01 7.049962e-01 -1.078908e-01 -1.413381e-02 -9.908962e-01 -5.864656e-01 4.642460e-01 -1.097375e-02 -1.431427e-01 1.734667e-02 -4.920437e-02 1.029531e-01 7.337450e-01 -2.722436e-01 1.094658e-01 9.421394e-01 -3.560790e-01 -1.224209e-01 3.069773e-01 -2.700758e-01 8.541215e-04
<VARIANCE> 39
 1.193818e+00 2.036801e+00 8.795425e+00 2.114719e+01 6.269124e+00 7.152833e+00 9.718594e+00 9.566321e+00 1.686151e+01 2.155694e+01 1.134020e+01 1.728160e+01 5.000000e-02 2.105244e-01 7.973616e-02 1.853456e+00 1.153054e+00 5.482195e-01 6.151583e-01 3.461958e-01 1.334961e+00 8.388480e-01 6.295267e-01 2.438127e+00 1.080307e+00 5.000000e-02 5.801221e-02 5.000000e-02 7.733787e-02 5.000000e-02 1.701023e-01 1.705778e-01 3.893307e-01 1.279705e-01 2.110863e-01 3.535822e-01 3.011705e-01 1.259105e-01 5.000000e-02
<GCONST> 5.965213e+01
<STATE> 22
<MEAN> 39
 5.126213e+00 -2.418514e+01 -7.897525e+00 -5.009700e+00 -5.229095e+00 -5.874201e+00 -3.905662e+00 -5.445938e+00 -3.691850e+00 -1.374863e+01 -4.863141e+00 -6.855669e+00 5.421880e-01 2.641105e-01 5.306853e-01 -6.951316e-01 8.355073e-01 -1.470853e-01 -1.285127e+00 1.133771e+00 7.743047e-01 -6.917785e-01 1.353128e-01 3.239208e-01 -9.830237e-01 -1.497449e-02 -2.300498e-01 -8.855807e-02 1.904346e-01 -1.914358e-01 5.752122e-01 3.435918e-01 -7.455636e-02 3.700944e-01 2.570311e-01 2.598065e-01 -1.268658e-01 1.016338e-01 -9.756054e-04
<VARIANCE> 39
 3.588564e+00 2.015662e+00 2.119885e+01 3.539090e+01 7.451497e+00 1.263791e+01 6.250008e+00 4.649851e+00 2.405877e+01 1.634888e+01 1.565563e+01 7.626312e+00 5.000000e-02 2.156411e-01 8.038887e-02 8.163987e-01 7.855173e-01 1.831842e+00 7.175760e-01 1.588770e+00 1.021293e+00 1.301939e+00 2.186367e+00 7.376776e-01 5.885193e-01 5.000000e-02 5.000000e-02 5.000000e-02 3.249759e-01 1.744929e-01 9.699071e-02 1.166952e-01 1.899362e-01 9.562702e-02 6.299376e-01 7.013678e-02 3.920384e-01 1.098375e-01 5.000000e-02
<GCONST> 6.281499e+01
<STATE> 23
<MEAN> 39
 5.141366e+00 -2.425358e+01 -7.289159e+00 -8.252183e+00 -4.788617e+00 -5.858788e+00 -3.056221e+00 -5.176945e+00 -3.510314e+00 -1.163164e+01 -5.855253e+00 -8.212478e+00 5.426096e-01 1.002684e-01 3.153000e-01 -4.713614e-01 5.873565e-01 6.703562e-01 9.709238e-02 8.219079e-02 1.210042e+00 8.391567e-01 -1.419120e-01 -6.365449e-01 3.388802e-01 -1.623646e-02 -9.375035e-02 2.026573e-01 -3.429478e-02 3.260946e-01 3.801886e-01 4.160803e-01 -2.249810e-01 -1.144601e-01 3.920924e-02 -2.660741e-02 3.175536e-03 3.380256e-01 -4.050273e-03
<VARIANCE> 39
 5.031013e+00 1.025257e+00 2.264813e+01 5.672308e+01 3.320621e+00 8.471106e+00 2.226874e+01 2.931847e+00 8.533175e+00 3.374915e+01 3.198619e+01 6.075810e+00 5.000000e-02 1.581571e-01 3.859349e-01 1.596956e+00 8.628637e-01 1.393597e+00 3.345457e-01 1.570350e+00 4.404010e-01 2.897578e+00 1.273640e+00 1.634353e+00 4.148360e-01 5.000000e-02 8.491006e-02 7.185594e-02 1.895326e-01 5.232171e-01 5.000000e-02 7.863310e-02 3.120659e-01 1.096770e-01 2.913957e-01 4.001161e-01 1.947785e-01 1.085700e-01 5.000000e-02
<GCONST> 6.491760e+01
<STATE> 24
<MEAN> 39
 4.185201e+00 -2.376169e+01 -5.960585e+00 -4.956888e+00 -1.590304e+00 -3.761161e+00 -5.026803e+00 -3.084422e+00 -2.579864e+00 -1.533633e+01 -5.617696e+00 -3.978075e+00 5.083421e-01 -2.633182e-01 5.980158e-01 -4.411943e-01 1.325305e+00 1.205477e+00 5.250552e-01 -8.822851e-03 4.474637e-01 -5.930707e-01 -2.291466e-01 -1.354277e-01 5.145144e-01 -2.378492e-02 -5.977086e-02 1.307006e-01 2.639587e-03 2.513166e-01 -4.530567e-03 4.887320e-02 1.305360e-01 -4.763671e-01 -6.957816e-02 1.328938e-01 8.621434e-02 1.246189e-01 -7.602050e-03
<VARIANCE> 39
 7.166347e+00 2.152648e+00 1.579656e+01 2.625721e+01 2.214960e+01 1.465324e+01 1.758194e+01 3.853698e+00 9.676852e+00 3.561198e+01 1.456559e+01 1.188534e+01 5.000000e-02 5.371841e-01 7.750750e-01 6.762497e-01 2.446698e+00 6.939082e-01 1.323648e-01 4.975744e-01 2.427310e-01 4.355184e+00 1.349414e+00 4.924570e-01 9.446201e-01 5.000000e-02 5.000000e-02 8.055231e-02 2.962905e-01 1.417423e-01 3.336051e-01 5.123718e-02 4.187707e-01 8.215819e-02 4.835925e-01 1.967209e-01 3.240567e-01 7.521366e-02 5.000000e-02
<GCONST> 6.639013e+01
<STATE> 25
<MEAN> 39
 4.979770e+00 -2.215487e+01 -8.594039e+00 -3.575039e+00 -2.418623e+00 -4.862314e+00 -3.236013e+00 -2.571711e+00 -2.295898e+00 -1.157187e+01 -5.839236e+00 -5.220897e+00 4.776649e-01 -1.064416e-01 1.125668e+00 -1.638142e-01 1.727864e+00 8.604143e-01 1.708582e-01 5.014363e-01 -9.111906e-02 -5.098799e-01 -3.014674e-01 1.511176e-01 6.264980e-01 -3.587769e-02 -1.406976e-01 5.996693e-02 3.089066e-01 -5.693005e-02 -1.488765e-02 -9.334161e-02 1.869554e-01 -2.259504e-01 -1.197724e-01 -5.777704e-02 2.750913e-01 5.845710e-02 -3.286056e-03
<VARIANCE> 39
 1.082740e+01 1.009661e+01 1.166609e+01 7.509258e+00 8.930129e+00 8.942144e+00 2.060950e+01 1.391346e+01 1.700216e+01 2.976185e+01 1.144492e+01 9.492687e+00 5.000000e-02 5.210626e-01 6.008901e-01 8.071763e-01 1.981689e+00 5.341619e-01 7.883747e-01 1.290812e+00 8.749231e-01 5.861776e-01 3.281001e-01 6.482865e-01 1.213420e+00 5.000000e-02 6.826357e-02 1.951761e-01 2.075397e-01 1.740304e-01 1.807655e-01 5.886736e-02 2.030741e-01 1.280494e-01 8.491578e-01 3.177825e-01 1.537107e-01 3.376557e-01 5.000000e-02
<GCONST> 6.938728e+01
<STATE> 26
<MEAN> 39
 3.903880e+00 -2.048342e+01 -8.784664e+00 -1.262414e+00 2.945374e-01 -4.063081e+00 -3.076181e+00 -3.006785e+00 -3.875454e+00 -1.427298e+01 -6.062850e+00 -5.608013e+00 4.034758e-01 -5.160576e-01 5.690121e-01 1.625668e-01 1.291197e+00 9.304276e-01 6.214743e-02 5.382357e-01 -4.412759e-01 -5.717501e-01 -1.887295e-01 3.917606e-01 6.975207e-01 -3.628370e-02 -8.815778e-03 -1.632733e-01 5.402355e-02 -2.259416e-01 -3.542402e-01 -1.878699e-01 2.425080e-01 -1.483584e-01 1.668405e-01 3.204622e-01 1.798740e-01 -1.249572e-01 2.623972e-03
<VARIANCE> 39
 1.299834e+01 1.497513e+01 6.581955e+00 7.205935e+00 7.598708e+00 1.786777e+01 7.835846e+00 6.913138e+00 1.168678e+01 3.954770e+01 7.986814e+00 1.434918e+01 5.000000e-02 2.152206e-01 6.947365e-01 7.708244e-01 9.012961e-01 1.201785e+00 1.711902e-01 1.979148e+00 3.271354e-01 1.640142e+00 1.625876e+00 1.661689e+00 1.497586e+00 5.000000e-02 7.407252e-02 2.570234e-01 5.000000e-02 1.343358e-01 6.003572e-02 1.074426e-01 1.154735e-01 3.545297e-01 2.968470e-01 2.630465e-01 2.699679e-01 6.885704e-01 5.000000e-02
<GCONST> 6.777682e+01
<STATE> 27
<MEAN> 39
 4.096340e+00 -2.026547e+01 -7.312963e+00 1.985160e+00 1.046169e+00 -5.365136e+00 -1.278125e+00 -5.364027e+00 -4.958891e+00 -1.402018e+01 -6.824482e+00 -4.272972e+00 3.724385e-01 -3.764051e-01 3.848317e-01 1.915360e-01 7.022288e-01 3.128809e-01 -2.501111e-01 1.332816e+00 3.862784e-01 5.710351e-01 2.689129e-01 5.469447e-01 2.618496e-02 -2.749995e-02 -7.797970e-03 -1.358284e-01 -3.518710e-01 -6.178604e-01 -2.212249e-01 -7.141486e-03 -5.751877e-02 3.629045e-01 5.512485e-01 5.058221e-01 2.778476e-01 1.239065e-01 4.017065e-03
<VARIANCE> 39
 7.160711e+00 6.276917e+00 3.049563e+00 2.315429e+00 9.774721e+00 2.813145e+00 1.550895e+01 8.916352e+00 6.084735e+00 6.988859e+00 8.158755e+00 2.439918e+01 5.000000e-02 1.432277e-01 8.805123e-01 4.204178e-01 1.124443e+00 5.150230e-01 1.122190e+00 6.443368e-01 2.596742e+00 1.753927e+00 2.516893e+00 3.309863e+00 4.563683e+00 5.000000e-02 5.000000e-02 1.157891e-01 1.011226e-01 7.702839e-02 9.445211e-02 1.030143e-01 3.508837e-01 2.044610e-01 2.241003e-01 1.101189e-01 1.851361e-01 4.423977e-01 5.000000e-02
<GCONST> 6.360581e+01
<STATE> 28
<MEAN> 39
 2.667625e+00 -1.919833e+01 -7.539661e+00 -1.214628e-01 2.702443e-01 -4.193750e+00 7.353610e-01 -2.044507e+00 -1.954143e+00 -1.122033e+01 -1.394589e+00 -2.234346e+00 3.333151e-01 -3.691660e-01 2.351431e-01 -9.973770e-01 -5.865291e-01 1.147735e-01 -2.326622e-01 1.513378e-01 3.016991e-01 9.415570e-01 1.713289e+00 9.228293e-01 6.238240e-01 -1.857716e-02 -5.146643e-02 -2.451420e-01 -1.642020e-01 3.175447e-03 1.626773e-01 2.034756e-01 -1.375278e-01 4.834357e-02 6.276338e-02 7.087182e-03 -4.432605e-01 -2.139636e-01 2.279998e-03
<VARIANCE> 39
 5.858401e+00 1.469167e+00 1.118246e+00 3.729346e+00 1.411832e+01 2.805088e+01 2.609478e+00 2.899656e+01 2.119043e+01 1.483176e+01 1.284858e+01 2.603710e+01 5.000000e-02 2.521692e-01 5.724951e-01 3.508985e-01 2.831904e-01 2.356168e-01 9.120940e-01 8.049154e-01 1.704086e+00 1.518156e+00 1.357023e+00 1.224706e+00 1.231859e+00 5.000000e-02 5.000000e-02 7.480419e-02 5.000000e-02 1.675523e-01 9.825539e-02 2.280138e-01 9.759258e-02 8.619424e-01 6.282999e-01 1.948262e-01 4.881205e-01 7.769951e-01 5.000000e-02
<GCONST> 6.409486e+01
<STATE> 29
<MEAN> 39
 2.377451e+00 -2.013163e+01 -1.133412e+01 -3.338074e-01 9.826849e-01 -6.823962e+00 -4.233448e-01 -3.497282e+00 -2.000397e+00 -1.026484e+01 -4.671956e+00 -3.825777e+00 2.995087e-01 -5.080740e-01 -2.399111e-01 -6.290308e-01 3.749834e-01 9.225309e-01 9.478428e-01 8.406915e-01 6.247534e-01 5.867463e-01 6.904597e-01 -1.988355e-01 7.991726e-01 -2.131495e-02 -6.772094e-02 -9.834564e-02 2.777039e-01 3.349876e-01 8.280953e-02 9.704450e-02 -8.307497e-02 -4.073085e-02 -7.822384e-02 9.992626e-03 3.510266e-02 -8.071387e-02 -8.629278e-04
<VARIANCE> 39
 2.433324e+00 1.258253e+00 1.904562e+00 4.627992e+00 1.472851e+01 1.539683e+01 5.216880e+00 6.227795e+00 4.362193e+00 7.715474e+00 1.129111e+01 1.730564e+01 5.000000e-02 4.000847e-01 5.068042e-01 3.856705e-01 1.887905e-01 2.632479e-01 1.040092e+00 6.073452e-01 3.061582e+00 4.893317e+00 9.465761e-01 2.842054e+00 3.273543e+00 5.000000e-02 5.000000e-02 5.000000e-02 5.000000e-02 6.977812e-02 8.288913e-02 2.220971e-01 1.501441e-01 3.022799e-01 3.064561e-01 4.659773e-01 3.821183e-01 4.496211e-01 5.000000e-02
<GCONST> 6.010941e+01
<STATE> 30
<MEAN> 39
 1.318482e+00 -1.958086e+01 -9.714163e+00 7.119789e-01 3.054733e+00 -2.373659e+00 2.831840e+00 1.087809e-01 1.666638e+00 -9.267450e+00 -4.033688e+00 -3.865142e-01 2.812378e-01 -5.865984e-01 -2.832051e-02 5.282472e-02 9.113467e-01 3.011469e-01 -1.612166e-01 5.370943e-01 3.674041e-01 1.148701e+00 1.078090e+00 5.872668e-02 -6.427943e-01 -2.545298e-02 -2.378939e-01 -8.099318e-02 3.028314e-01 7.166001e-02 -3.081266e-01 -2.555463e-01 -4.179279e-01 -2.296418e-01 -2.267518e-01 -1.345521e-01 3.535220e-01 5.608488e-02 -3.289985e-03
<VARIANCE> 39
 1.324683e+00 3.797515e+00 5.713356e+00 3.588921e+00 1.222040e+01 3.915952e+01 6.315983e+00 7.358160e+00 2.974994e+01 4.428013e+00 2.527109e+01 8.419485e+00 5.000000e-02 3.247667e-01 5.014552e-01 3.971298e-01 3.085020e-01 1.098042e+00 1.651385e+00 4.464476e-01 2.208337e+00 3.019591e+00 1.923728e+00 1.501542e+00 1.315287e+00 5.000000e-02 8.310536e-02 2.798893e-01 1.733783e-01 7.124033e-02 8.026899e-02 2.564474e-01 2.046524e-01 4.288070e-01 9.673284e-01 2.045459e-01 2.814589e-01 2.210736e-01 5.000000e-02
<GCONST> 6.781471e+01
<STATE> 31
<MEAN> 39
 2.699266e-01 -2.090237e+01 -1.035346e+01 2.902115e+00 1.604901e+00 -6.118775e+00 1.225534e+00 -2.957815e+00 7.110656e-01 -7.406722e+00 -2.804834e+00 -5.405580e+00 2.340154e-01 -1.262727e+00 -7.066631e-01 -1.555513e-01 1.450004e-01 -7.326791e-02 5.030395e-02 -4.263190e-01 3.552672e-01 3.597977e-01 9.190763e-01 1.523085e+00 5.269508e-01 -2.532466e-02 2.084168e-02 1.975549e-01 1.420337e-01 -2.515211e-01 7.002785e-02 5.379130e-02 -2.203392e-01 6.764439e-02 -1.275089e-01 -2.387811e-01 2.097024e-01 4.822957e-01 2.121057e-03
<VARIANCE> 39
 2.727887e+00 2.565946e+00 1.472754e+00 2.726679e+00 6.926115e+00 1.927845e+01 6.168454e+00 6.083623e+00 1.210762e+01 1.236326e+01 1.443303e+01 3.343611e+00 5.000000e-02 4.205370e-01 1.350065e+00 9.327936e-01 4.792053e-01 8.889564e-01 1.146562e+00 7.341278e-01 1.126713e+00 1.463271e+00 6.231807e-01 1.084151e+00 3.198248e-01 5.000000e-02 9.574735e-02 1.044300e-01 6.671835e-02 5.000000e-02 1.035143e-01 3.059688e-01 1.572229e-01 5.414817e-01 5.395977e-01 3.691578e-01 3.027513e-01 1.959587e-01 5.000000e-02
<GCONST> 6.007484e+01
<STATE> 32
<MEAN> 39
 -2.245955e+00 -2.200473e+01 -9.608160e+00 2.243250e+00 1.892199e+00 -4.464433e+00 1.015330e+00 1.588430e-01 1.448786e+00 -5.763860e+00 1.078604e+00 9.129398e-02 2.007264e-01 -8.309343e-01 3.528876e-01 5.403469e-01 3.512352e-01 3.165973e-01 -2.091174e-01 -1.112783e+00 -3.549329e-01 -1.112006e-02 1.200059e-01 1.107515e+00 1.610566e+00 -2.392665e-02 4.089626e-01 3.354793e-01 -8.535017e-03 -3.049149e-01 2.976993e-02 -1.131368e-01 -2.946959e-02 -2.789133e-01 -5.022798e-01 -4.873347e-01 -3.862768e-01 -7.703546e-02 7.078137e-03
<VARIANCE> 39
 5.581315e+00 9.549392e+00 1.594851e+01 7.432060e+00 5.429509e+00 7.748044e+00 1.716853e+00 2.379017e+01 2.550903e+01 8.017000e+00 6.708286e+00 8.834440e+00 5.000000e-02 3.891949e-01 6.955357e-01 8.796230e-01 1.217996e+00 1.158909e+00 1.632967e+00 6.493835e-01 1.533733e+00 2.293196e+00 8.011604e-01 2.877242e-01 5.758644e-01 5.000000e-02 7.332635e-02 1.630115e-01 1.905365e-01 1.638163e-01 1.406178e-01 1.415659e-01 5.000000e-02 2.791625e-01 5.530668e-01 5.000000e-02 9.759387e-02 5.000000e-02 5.000000e-02
<GCONST> 6.150661e+01
<STATE> 33
<MEAN> 39
 -2.498566e+00 -2.000103e+01 -9.846036e+00 2.316971e+00 2.910453e+00 -3.995160e+00 1.081855e-01 -5.639203e-01 2.760604e+00 -6.702453e+00 4.725812e-03 1.248588e+00 1.617008e-01 -9.817363e-02 6.016230e-01 4.036880e-01 -4.173604e-01 5.004302e-01 3.318606e-01 -1.544112e-01 -5.520318e-01 -8.143423e-01 -5.857858e-01 -2.490831e-02 3.291538e-01 -9.773655e-03 4.614686e-01 2.828915e-01 2.074436e-01 -7.629951e-02 -5.890821e-02 6.588776e-03 1.706772e-01 -1.718558e-01 -3.018222e-01 -3.124864e-01 -5.261904e-01 -5.082026e-01 7.127888e-03
<VARIANCE> 39
 9.280074e+00 5.510848e+00 1.634135e+01 2.922538e+01 1.006905e+01 2.216900e+01 1.034269e+01 7.566386e+00 1.335345e+01 2.974958e+00 2.269671e+00 3.897610e+00 5.000000e-02 1.401018e-01 4.056277e-01 9.055943e-01 6.848773e-02 7.313557e-01 5.357473e-01 3.291420e-01 1.029105e+00 1.432266e+00 7.275927e-01 9.284973e-01 1.559885e-01 5.000000e-02 1.656310e-01 2.137955e-01 2.236580e-01 4.186252e-01 2.247666e-01 2.265455e-01 1.583528e-01 4.545168e-01 3.013739e-01 1.336864e-01 5.632963e-02 6.422179e-02 5.000000e-02
<GCONST> 5.871337e+01
<STATE> 34
<MEAN> 39
 -1.236138e+00 -1.810178e+01 -7.238576e+00 1.640961e+00 4.160349e+00 -4.319432e+00 -1.334496e+00 -4.076154e+00 -3.070731e-01 -8.410817e+00 -9.199560e-01 -2.163126e-01 1.832363e-01 7.973256e-01 6.309936e-01 6.041839e-01 8.632141e-02 -1.312202e-01 -3.859095e-01 -1.213620e-01 -1.466039e-01 -3.641061e-01 -4.799644e-01 -2.727987e-01 -2.810932e-01 6.295794e-03 -1.224491e-01 5.690960e-02 1.647773e-02 -1.206652e-01 -2.701530e-01 -1.369188e-02 2.326567e-01 3.291123e-01 4.942291e-01 2.535098e-01 -5.076747e-02 -5.255395e-02 -6.299788e-03
<VARIANCE> 39
 1.131867e+01 1.474849e+01 2.739678e+01 2.949556e+00 6.757499e+00 1.147962e+00 4.201941e+00 6.504092e+00 1.352853e+01 4.034009e+00 1.559283e+01 7.793680e+00 5.000000e-02 6.450964e-01 1.612884e+00 1.646073e+00 1.555583e+00 8.203027e-01 1.023529e+00 1.238106e-01 1.994549e+00 2.500345e+00 4.718793e-01 3.496108e-01 9.895958e-01 5.000000e-02 2.994584e-01 3.143464e-01 3.519774e-01 1.934912e-01 1.808993e-01 2.625216e-01 7.869977e-02 1.170973e-01 1.072846e-01 1.563282e-01 2.800665e-01 1.103407e-01 5.000000e-02
<GCONST> 6.451763e+01
<STATE> 35
<MEAN> 39
 -1.420115e-01 -1.939902e+01 -8.783167e+00 1.324066e+00 1.504717e+00 -5.352316e+00 1.375636e-01 -1.114487e+00 -1.763851e+00 -8.277734e+00 -5.827539e-01 3.131222e-01 1.878284e-01 -4.461253e-01 1.314034e+00 8.063181e-01 -6.322421e-01 -2.413458e-01 1.331348e-02 2.484842e-01 4.718521e-01 7.305876e-01 7.158088e-02 -4.885643e-01 2.046582e-01 -3.053525e-02 -4.956618e-01 4.509293e-01 3.242119e-01 2.961005e-02 2.995783e-01 1.653453e-01 -2.082437e-02 -7.662056e-02 3.912031e-01 4.212908e-01 7.859565e-02 -1.293718e-01 -1.684561e-02
<VARIANCE> 39
 2.109409e+00 6.398139e+00 1.605522e+01 6.967284e+00 3.760980e+00 1.586221e+01 3.441800e+00 6.916910e+00 1.005951e+01 5.517850e+00 4.633903e+00 1.084762e+01 5.000000e-02 1.130892e+00 1.431594e+00 1.362774e+00 1.050951e+00 1.015309e+00 1.196128e+00 3.145176e-01 7.439260e-01 8.174212e-01 7.470723e-01 7.264521e-01 5.071331e-01 5.000000e-02 5.478990e-02 1.212994e-01 1.788146e-01 2.112769e-01 1.984409e-01 4.358253e-01 5.000000e-02 1.644132e-01 1.318685e-01 1.057756e-01 5.052705e-02 2.509439e-01 5.000000e-02
<GCONST> 5.911434e+01
<STATE> 36
<MEAN> 39
 -2.222517e+00 -1.580964e+01 -6.488536e+00 1.183395e+00 2.877530e+00 -4.893417e+00 3.200122e-01 -6.909752e-01 3.332500e+00 -8.322702e+00 -1.677980e+00 7.644765e-01 1.215783e-01 -1.266635e+00 1.883036e+00 1.418462e+00 -3.560715e-01 4.823096e-01 -1.221774e-01 -2.395254e-01 -4.978634e-01 3.082373e-01 1.148759e+00 2.736637e-01 6.129038e-02 -5.389564e-02 -3.675011e-01 -3.970490e-02 -6.086388e-03 -7.353531e-02 2.097416e-01 1.969061e-01 1.230598e-01 -2.659895e-01 -3.543853e-01 2.405871e-01 1.892596e-01 -3.263310e-01 -1.275754e-02
<VARIANCE> 39
 2.951995e+00 4.468258e+00 3.266384e+00 7.893024e+00 4.634613e+00 7.028135e+00 3.494862e+00 1.130139e+00 8.117443e+00 1.064983e+01 1.377280e+00 1.034948e+01 5.000000e-02 8.217410e-01 1.006203e+00 1.431883e+00 7.871779e-01 1.153600e+00 2.731185e+00 2.617408e-01 3.976843e-01 6.320745e-01 6.629601e-01 2.835279e-01 1.843558e+00 5.000000e-02 1.346205e-01 1.637824e-01 1.195606e-01 1.996852e-01 1.080828e-01 1.634375e-01 6.063752e-02 5.000000e-02 5.000000e-02 5.550987e-02 1.634764e-01 2.347641e-01 5.000000e-02
<GCONST> 5.125762e+01
<STATE> 37
<MEAN> 39
 -4.466117e+00 -1.213008e+01 -3.597381e+00 -6.307644e-01 4.124566e+00 -3.833544e+00 -9.019703e-01 -3.340487e+00 1.177971e+00 -4.742345e+00 6.299958e-01 -6.576414e-01 -8.383281e-03 -1.256450e+00 1.168711e+00 9.131383e-01 -3.251797e-01 2.424722e-01 4.214790e-01 4.358962e-01 -4.331945e-01 -7.050538e-02 1.027985e+00 3.041243e-01 -8.001709e-01 -5.992672e-02 1.721154e-01 -5.283148e-01 -2.982183e-01 1.197178e-01 -3.537930e-01 -1.458635e-01 1.469546e-01 1.857038e-01 -2.357409e-01 -3.283735e-01 -3.212103e-02 1.110095e-01 7.460290e-03
<VARIANCE> 39
 2.903429e+00 4.527228e+00 1.188367e+01 6.136551e+00 8.904423e+00 2.003606e+01 2.516555e+00 8.621734e+00 1.366656e+01 1.176205e+01 2.287771e+00 5.512101e+00 5.000000e-02 3.419028e-01 4.337479e-01 3.943379e-01 3.876551e-01 7.181168e-01 6.140007e-01 4.603804e-01 1.793051e-01 8.633297e-01 7.996305e-01 5.828806e-01 8.231862e-01 5.000000e-02 1.078902e-01 1.613588e-01 3.216875e-01 2.336208e-01 1.542533e-01 4.178251e-01 5.000000e-02 7.005436e-02 3.229072e-01 1.442870e-01 1.298381e-01 3.023332e-01 5.000000e-02
<GCONST> 5.588708e+01
<STATE> 38
<MEAN> 39
 -5.880667e+00 -1.183801e+01 -3.012989e+00 2.184466e-01 4.150646e+00 -4.229045e+00 2.051504e+00 -3.052349e+00 1.730946e+00 -4.434939e+00 -1.247296e+00 -2.730222e+00 -7.067473e-02 -8.687506e-01 1.364162e-01 5.779094e-02 -6.005653e-01 -3.912234e-01 4.255209e-01 5.179144e-01 2.480623e-01 -3.154951e-01 -3.367277e-01 3.788037e-03 -4.544626e-01 -4.460153e-02 2.260459e-01 -4.168720e-01 -4.389668e-01 9.400285e-02 -3.056138e-01 -1.790149e-01 -1.836685e-01 3.166323e-01 2.515324e-01 -3.007721e-01 -1.909611e-02 5.355532e-01 1.294098e-02
<VARIANCE> 39
 1.509731e+00 1.288681e+00 3.089761e+00 2.037441e+00 2.036472e+00 7.957997e+00 6.518738e+00 5.409428e+00 9.865728e+00 2.222301e+01 4.399182e+00 3.495905e+00 5.000000e-02 2.439704e-01 3.630486e-01 1.206716e+00 2.259506e+00 5.746924e-01 2.188253e+00 1.657462e-01 6.847225e-02 1.939742e+00 9.268913e-01 4.743528e-01 1.282379e+00 5.000000e-02 5.500262e-02 5.000000e-02 5.000000e-02 5.029922e-02 5.144886e-02 1.476129e-01 5.000000e-02 5.000000e-02 2.142234e-01 2.587943e-01 6.781260e-02 1.507313e-01 5.000000e-02
<GCONST> 4.385689e+01
<STATE> 39
<MEAN> 39
 -6.797391e+00 -1.279650e+01 -3.596212e+00 -1.734508e+00 2.278341e+00 -2.427546e+00 1.870612e+00 -1.455835e+00 5.147494e-01 -4.808062e+00 6.577620e-01 -1.251656e+00 -1.021237e-01 -5.519372e-01 -1.541772e-01 -1.123016e-01 -1.023846e-01 -9.301313e-01 -4.409029e-01 4.239416e-02 6.019806e-01 6.447766e-01 8.402060e-03 3.611207e-01 9.760604e-01 -2.107781e-02 2.978013e-01 -7.747073e-02 -1.822132e-01 1.368456e-01 -6.814275e-02 -2.214908e-01 -2.061125e-01 7.738847e-02 2.457329e-01 -9.215544e-02 -9.909215e-02 4.000842e-01 1.446461e-02
<VARIANCE> 39
 1.255139e+00 1.346765e+00 4.252482e+00 5.148598e+00 2.309706e+00 3.896251e+00 4.544760e+00 3.615402e+00 1.283173e+01 7.248760e+00 1.099595e+01 3.452414e+00 5.000000e-02 1.497094e-01 1.282536e-01 5.684905e-01 3.294563e-01 1.879534e-01 5.823076e-01 3.464554e-01 4.611210e-01 2.400974e+00 1.193933e+00 3.236066e-01 3.134137e-01 5.000000e-02 5.000000e-02 5.000000e-02 1.113655e-01 2.344410e-01 6.064600e-02 2.666430e-01 8.440974e-02 5.000000e-02 1.469326e-01 1.446242e-01 2.789872e-01 3.077524e-01 5.000000e-02
<GCONST> 4.302146e+01
<TRANSP> 40
 0.000000e+00 1.000000e+00 0.000000e+00 0.000000e+00 0.000000e+00 0.000000e+00 0.000000e+00 0.000000e+00 0.000000e+00 0.000000e+00 0.000000e+00 0.000000e+00 0.000000e+00 0.000000e+00 0.000000e+00 0.000000e+00 0.000000e+00 0.000000e+00 0.000000e+00 0.000000e+00 0.000000e+00 0.000000e+00 0.000000e+00 0.000000e+00 0.000000e+00 0.000000e+00 0.000000e+00 0.000000e+00 0.000000e+00 0.000000e+00 0.000000e+00 0.000000e+00 0.000000e+00 0.000000e+00 0.000000e+00 0.000000e+00 0.000000e+00 0.000000e+00 0.000000e+00 0.000000e+00
 0.000000e+00 5.002540e-01 4.997459e-01 0.000000e+00 0.000000e+00 0.000000e+00 0.000000e+00 0.000000e+00 0.000000e+00 0.000000e+00 0.000000e+00 0.000000e+00 0.000000e+00 0.000000e+00 0.000000e+00 0.000000e+00 0.000000e+00 0.000000e+00 0.000000e+00 0.000000e+00 0.000000e+00 0.000000e+00 0.000000e+00 0.000000e+00 0.000000e+00 0.000000e+00 0.000000e+00 0.000000e+00 0.000000e+00 0.000000e+00 0.000000e+00 0.000000e+00 0.000000e+00 0.000000e+00 0.000000e+00 0.000000e+00 0.000000e+00 0.000000e+00 0.000000e+00 0.000000e+00
 0.000000e+00 0.000000e+00 1.669613e-01 8.330387e-01 0.000000e+00 0.000000e+00 0.000000e+00 0.000000e+00 0.000000e+00 0.000000e+00 0.000000e+00 0.000000e+00 0.000000e+00 0.000000e+00 0.000000e+00 0.000000e+00 0.000000e+00 0.000000e+00 0.000000e+00 0.000000e+00 0.000000e+00 0.000000e+00 0.000000e+00 0.000000e+00 0.000000e+00 0.000000e+00 0.000000e+00 0.000000e+00 0.000000e+00 0.000000e+00 0.000000e+00 0.000000e+00 0.000000e+00 0.000000e+00 0.000000e+00 0.000000e+00 0.000000e+00 0.000000e+00 0.000000e+00 0.000000e+00
 0.000000e+00 0.000000e+00 0.000000e+00 3.749868e-01 6.250132e-01 0.000000e+00 0.000000e+00 0.000000e+00 0.000000e+00 0.000000e+00 0.000000e+00 0.000000e+00 0.000000e+00 0.000000e+00 0.000000e+00 0.000000e+00 0.000000e+00 0.000000e+00 0.000000e+00 0.000000e+00 0.000000e+00 0.000000e+00 0.000000e+00 0.000000e+00 0.000000e+00 0.000000e+00 0.000000e+00 0.000000e+00 0.000000e+00 0.000000e+00 0.000000e+00 0.000000e+00 0.000000e+00 0.000000e+00 0.000000e+00 0.000000e+00 0.000000e+00 0.000000e+00 0.000000e+00 0.000000e+00
 0.000000e+00 0.000000e+00 0.000000e+00 0.000000e+00 3.750126e-01 6.249874e-01 0.000000e+00 0.000000e+00 0.000000e+00 0.000000e+00 0.000000e+00 0.000000e+00 0.000000e+00 0.000000e+00 0.000000e+00 0.000000e+00 0.000000e+00 0.000000e+00 0.000000e+00 0.000000e+00 0.000000e+00 0.000000e+00 0.000000e+00 0.000000e+00 0.000000e+00 0.000000e+00 0.000000e+00 0.000000e+00 0.000000e+00 0.000000e+00 0.000000e+00 0.000000e+00 0.000000e+00 0.000000e+00 0.000000e+00 0.000000e+00 0.000000e+00 0.000000e+00 0.000000e+00 0.000000e+00
 0.000000e+00 0.000000e+00 0.000000e+00 0.000000e+00 0.000000e+00 1.666618e-01 8.333382e-01 0.000000e+00 0.000000e+00 0.000000e+00 0.000000e+00 0.000000e+00 0.000000e+00 0.000000e+00 0.000000e+00 0.000000e+00 0.000000e+00 0.000000e+00 0.000000e+00 0.000000e+00 0.000000e+00 0.000000e+00 0.000000e+00 0.000000e+00 0.000000e+00 0.000000e+00 0.000000e+00 0.000000e+00 0.000000e+00 0.000000e+00 0.000000e+00 0.000000e+00 0.000000e+00 0.000000e+00 0.000000e+00 0.000000e+00 0.000000e+00 0.000000e+00 0.000000e+00 0.000000e+00
 0.000000e+00 0.000000e+00 0.000000e+00 0.000000e+00 0.000000e+00 0.000000e+00 3.750009e-01 6.249992e-01 0.000000e+00 0.000000e+00 0.000000e+00 0.000000e+00 0.000000e+00 0.000000e+00 0.000000e+00 0.000000e+00 0.000000e+00 0.000000e+00 0.000000e+00 0.000000e+00 0.000000e+00 0.000000e+00 0.000000e+00 0.000000e+00 0.000000e+00 0.000000e+00 0.000000e+00 0.000000e+00 0.000000e+00 0.000000e+00 0.000000e+00 0.000000e+00 0.000000e+00 0.000000e+00 0.000000e+00 0.000000e+00 0.000000e+00 0.000000e+00 0.000000e+00 0.000000e+00
 0.000000e+00 0.000000e+00 0.000000e+00 0.000000e+00 0.000000e+00 0.000000e+00 0.000000e+00 7.005832e-15 1.000000e+00 0.000000e+00 0.000000e+00 0.000000e+00 0.000000e+00 0.000000e+00 0.000000e+00 0.000000e+00 0.000000e+00 0.000000e+00 0.000000e+00 0.000000e+00 0.000000e+00 0.000000e+00 0.000000e+00 0.000000e+00 0.000000e+00 0.000000e+00 0.000000e+00 0.000000e+00 0.000000e+00 0.000000e+00 0.000000e+00 0.000000e+00 0.000000e+00 0.000000e+00 0.000000e+00 0.000000e+00 0.000000e+00 0.000000e+00 0.000000e+00 0.000000e+00
 0.000000e+00 0.000000e+00 0.000000e+00 0.000000e+00 0.000000e+00 0.000000e+00 0.000000e+00 0.000000e+00 4.433168e-01 5.566832e-01 0.000000e+00 0.000000e+00 0.000000e+00 0.000000e+00 0.000000e+00 0.000000e+00 0.000000e+00 0.000000e+00 0.000000e+00 0.000000e+00 0.000000e+00 0.000000e+00 0.000000e+00 0.000000e+00 0.000000e+00 0.000000e+00 0.000000e+00 0.000000e+00 0.000000e+00 0.000000e+00 0.000000e+00 0.000000e+00 0.000000e+00 0.000000e+00 0.000000e+00 0.000000e+00 0.000000e+00 0.000000e+00 0.000000e+00 0.000000e+00
 0.000000e+00 0.000000e+00 0.000000e+00 0.000000e+00 0.000000e+00 0.000000e+00 0.000000e+00 0.000000e+00 0.000000e+00 2.876225e-01 7.123775e-01 0.000000e+00 0.000000e+00 0.000000e+00 0.000000e+00 0.000000e+00 0.000000e+00 0.000000e+00 0.000000e+00 0.000000e+00 0.000000e+00 0.000000e+00 0.000000e+00 0.000000e+00 0.000000e+00 0.000000e+00 0.000000e+00 0.000000e+00 0.000000e+00 0.000000e+00 0.000000e+00 0.000000e+00 0.000000e+00 0.000000e+00 0.000000e+00 0.000000e+00 0.000000e+00 0.000000e+00 0.000000e+00 0.000000e+00
 0.000000e+00 0.000000e+00 0.000000e+00 0.000000e+00 0.000000e+00 0.000000e+00 0.000000e+00 0.000000e+00 0.000000e+00 0.000000e+00 2.860544e-01 7.139457e-01 0.000000e+00 0.000000e+00 0.000000e+00 0.000000e+00 0.000000e+00 0.000000e+00 0.000000e+00 0.000000e+00 0.000000e+00 0.000000e+00 0.000000e+00 0.000000e+00 0.000000e+00 0.000000e+00 0.000000e+00 0.000000e+00 0.000000e+00 0.000000e+00 0.000000e+00 0.000000e+00 0.000000e+00 0.000000e+00 0.000000e+00 0.000000e+00 0.000000e+00 0.000000e+00 0.000000e+00 0.000000e+00
 0.000000e+00 0.000000e+00 0.000000e+00 0.000000e+00 0.000000e+00 0.000000e+00 0.000000e+00 0.000000e+00 0.000000e+00 0.000000e+00 0.000000e+00 3.746138e-01 6.253862e-01 0.000000e+00 0.000000e+00 0.000000e+00 0.000000e+00 0.000000e+00 0.000000e+00 0.000000e+00 0.000000e+00 0.000000e+00 0.000000e+00 0.000000e+00 0.000000e+00 0.000000e+00 0.000000e+00 0.000000e+00 0.000000e+00 0.000000e+00 0.000000e+00 0.000000e+00 0.000000e+00 0.000000e+00 0.000000e+00 0.000000e+00 0.000000e+00 0.000000e+00 0.000000e+00 0.000000e+00
 0.000000e+00 0.000000e+00 0.000000e+00 0.000000e+00 0.000000e+00 0.000000e+00 0.000000e+00 0.000000e+00 0.000000e+00 0.000000e+00 0.000000e+00 0.000000e+00 3.761699e-01 6.238301e-01 0.000000e+00 0.000000e+00 0.000000e+00 0.000000e+00 0.000000e+00 0.000000e+00 0.000000e+00 0.000000e+00 0.000000e+00 0.000000e+00 0.000000e+00 0.000000e+00 0.000000e+00 0.000000e+00 0.000000e+00 0.000000e+00 0.000000e+00 0.000000e+00 0.000000e+00 0.000000e+00 0.000000e+00 0.000000e+00 0.000000e+00 0.000000e+00 0.000000e+00 0.000000e+00
 0.000000e+00 0.000000e+00 0.000000e+00 0.000000e+00 0.000000e+00 0.000000e+00 0.000000e+00 0.000000e+00 0.000000e+00 0.000000e+00 0.000000e+00 0.000000e+00 0.000000e+00 3.750151e-01 6.249850e-01 0.000000e+00 0.000000e+00 0.000000e+00 0.000000e+00 0.000000e+00 0.000000e+00 0.000000e+00 0.000000e+00 0.000000e+00 0.000000e+00 0.000000e+00 0.000000e+00 0.000000e+00 0.000000e+00 0.000000e+00 0.000000e+00 0.000000e+00 0.000000e+00 0.000000e+00 0.000000e+00 0.000000e+00 0.000000e+00 0.000000e+00 0.000000e+00 0.000000e+00
 0.000000e+00 0.000000e+00 0.000000e+00 0.000000e+00 0.000000e+00 0.000000e+00 0.000000e+00 0.000000e+00 0.000000e+00 0.000000e+00 0.000000e+00 0.000000e+00 0.000000e+00 0.000000e+00 1.666722e-01 8.333278e-01 0.000000e+00 0.000000e+00 0.000000e+00 0.000000e+00 0.000000e+00 0.000000e+00 0.000000e+00 0.000000e+00 0.000000e+00 0.000000e+00 0.000000e+00 0.000000e+00 0.000000e+00 0.000000e+00 0.000000e+00 0.000000e+00 0.000000e+00 0.000000e+00 0.000000e+00 0.000000e+00 0.000000e+00 0.000000e+00 0.000000e+00 0.000000e+00
 0.000000e+00 0.000000e+00 0.000000e+00 0.000000e+00 0.000000e+00 0.000000e+00 0.000000e+00 0.000000e+00 0.000000e+00 0.000000e+00 0.000000e+00 0.000000e+00 0.000000e+00 0.000000e+00 0.000000e+00 1.647005e-01 8.352994e-01 0.000000e+00 0.000000e+00 0.000000e+00 0.000000e+00 0.000000e+00 0.000000e+00 0.000000e+00 0.000000e+00 0.000000e+00 0.000000e+00 0.000000e+00 0.000000e+00 0.000000e+00 0.000000e+00 0.000000e+00 0.000000e+00 0.000000e+00 0.000000e+00 0.000000e+00 0.000000e+00 0.000000e+00 0.000000e+00 0.000000e+00
 0.000000e+00 0.000000e+00 0.000000e+00 0.000000e+00 0.000000e+00 0.000000e+00 0.000000e+00 0.000000e+00 0.000000e+00 0.000000e+00 0.000000e+00 0.000000e+00 0.000000e+00 0.000000e+00 0.000000e+00 0.000000e+00 2.857215e-01 7.142786e-01 0.000000e+00 0.000000e+00 0.000000e+00 0.000000e+00 0.000000e+00 0.000000e+00 0.000000e+00 0.000000e+00 0.000000e+00 0.000000e+00 0.000000e+00 0.000000e+00 0.000000e+00 0.000000e+00 0.000000e+00 0.000000e+00 0.000000e+00 0.000000e+00 0.000000e+00 0.000000e+00 0.000000e+00 0.000000e+00
 0.000000e+00 0.000000e+00 0.000000e+00 0.000000e+00 0.000000e+00 0.000000e+00 0.000000e+00 0.000000e+00 0.000000e+00 0.000000e+00 0.000000e+00 0.000000e+00 0.000000e+00 0.000000e+00 0.000000e+00 0.000000e+00 0.000000e+00 2.860537e-01 7.139463e-01 0.000000e+00 0.000000e+00 0.000000e+00 0.000000e+00 0.000000e+00 0.000000e+00 0.000000e+00 0.000000e+00 0.000000e+00 0.000000e+00 0.000000e+00 0.000000e+00 0.000000e+00 0.000000e+00 0.000000e+00 0.000000e+00 0.000000e+00 0.000000e+00 0.000000e+00 0.000000e+00 0.000000e+00
 0.000000e+00 0.000000e+00 0.000000e+00 0.000000e+00 0.000000e+00 0.000000e+00 0.000000e+00 0.000000e+00 0.000000e+00 0.000000e+00 0.000000e+00 0.000000e+00 0.000000e+00 0.000000e+00 0.000000e+00 0.000000e+00 0.000000e+00 0.000000e+00 3.747344e-01 6.252655e-01 0.000000e+00 0.000000e+00 0.000000e+00 0.000000e+00 0.000000e+00 0.000000e+00 0.000000e+00 0.000000e+00 0.000000e+00 0.000000e+00 0.000000e+00 0.000000e+00 0.000000e+00 0.000000e+00 0.000000e+00 0.000000e+00 0.000000e+00 0.000000e+00 0.000000e+00 0.000000e+00
 0.000000e+00 0.000000e+00 0.000000e+00 0.000000e+00 0.000000e+00 0.000000e+00 0.000000e+00 0.000000e+00 0.000000e+00 0.000000e+00 0.000000e+00 0.000000e+00 0.000000e+00 0.000000e+00 0.000000e+00 0.000000e+00 0.000000e+00 0.000000e+00 0.000000e+00 2.857164e-01 7.142836e-01 0.000000e+00 0.000000e+00 0.000000e+00 0.000000e+00 0.000000e+00 0.000000e+00 0.000000e+00 0.000000e+00 0.000000e+00 0.000000e+00 0.000000e+00 0.000000e+00 0.000000e+00 0.000000e+00 0.000000e+00 0.000000e+00 0.000000e+00 0.000000e+00 0.000000e+00
 0.000000e+00 0.000000e+00 0.000000e+00 0.000000e+00 0.000000e+00 0.000000e+00 0.000000e+00 0.000000e+00 0.000000e+00 0.000000e+00 0.000000e+00 0.000000e+00 0.000000e+00 0.000000e+00 0.000000e+00 0.000000e+00 0.000000e+00 0.000000e+00 0.000000e+00 0.000000e+00 3.750406e-01 6.249595e-01 0.000000e+00 0.000000e+00 0.000000e+00 0.000000e+00 0.000000e+00 0.000000e+00 0.000000e+00 0.000000e+00 0.000000e+00 0.000000e+00 0.000000e+00 0.000000e+00 0.000000e+00 0.000000e+00 0.000000e+00 0.000000e+00 0.000000e+00 0.000000e+00
 0.000000e+00 0.000000e+00 0.000000e+00 0.000000e+00 0.000000e+00 0.000000e+00 0.000000e+00 0.000000e+00 0.000000e+00 0.000000e+00 0.000000e+00 0.000000e+00 0.000000e+00 0.000000e+00 0.000000e+00 0.000000e+00 0.000000e+00 0.000000e+00 0.000000e+00 0.000000e+00 0.000000e+00 3.749450e-01 6.250550e-01 0.000000e+00 0.000000e+00 0.000000e+00 0.000000e+00 0.000000e+00 0.000000e+00 0.000000e+00 0.000000e+00 0.000000e+00 0.000000e+00 0.000000e+00 0.000000e+00 0.000000e+00 0.000000e+00 0.000000e+00 0.000000e+00 0.000000e+00
 0.000000e+00 0.000000e+00 0.000000e+00 0.000000e+00 0.000000e+00 0.000000e+00 0.000000e+00 0.000000e+00 0.000000e+00 0.000000e+00 0.000000e+00 0.000000e+00 0.000000e+00 0.000000e+00 0.000000e+00 0.000000e+00 0.000000e+00 0.000000e+00 0.000000e+00 0.000000e+00 0.000000e+00 0.000000e+00 2.857431e-01 7.142569e-01 0.000000e+00 0.000000e+00 0.000000e+00 0.000000e+00 0.000000e+00 0.000000e+00 0.000000e+00 0.000000e+00 0.000000e+00 0.000000e+00 0.000000e+00 0.000000e+00 0.000000e+00 0.000000e+00 0.000000e+00 0.000000e+00
 0.000000e+00 0.000000e+00 0.000000e+00 0.000000e+00 0.000000e+00 0.000000e+00 0.000000e+00 0.000000e+00 0.000000e+00 0.000000e+00 0.000000e+00 0.000000e+00 0.000000e+00 0.000000e+00 0.000000e+00 0.000000e+00 0.000000e+00 0.000000e+00 0.000000e+00 0.000000e+00 0.000000e+00 0.000000e+00 0.000000e+00 1.668268e-01 8.331732e-01 0.000000e+00 0.000000e+00 0.000000e+00 0.000000e+00 0.000000e+00 0.000000e+00 0.000000e+00 0.000000e+00 0.000000e+00 0.000000e+00 0.000000e+00 0.000000e+00 0.000000e+00 0.000000e+00 0.000000e+00
 0.000000e+00 0.000000e+00 0.000000e+00 0.000000e+00 0.000000e+00 0.000000e+00 0.000000e+00 0.000000e+00 0.000000e+00 0.000000e+00 0.000000e+00 0.000000e+00 0.000000e+00 0.000000e+00 0.000000e+00 0.000000e+00 0.000000e+00 0.000000e+00 0.000000e+00 0.000000e+00 0.000000e+00 0.000000e+00 0.000000e+00 0.000000e+00 2.439212e-01 7.560788e-01 0.000000e+00 0.000000e+00 0.000000e+00 0.000000e+00 0.000000e+00 0.000000e+00 0.000000e+00 0.000000e+00 0.000000e+00 0.000000e+00 0.000000e+00 0.000000e+00 0.000000e+00 0.000000e+00
 0.000000e+00 0.000000e+00 0.000000e+00 0.000000e+00 0.000000e+00 0.000000e+00 0.000000e+00 0.000000e+00 0.000000e+00 0.000000e+00 0.000000e+00 0.000000e+00 0.000000e+00 0.000000e+00 0.000000e+00 0.000000e+00 0.000000e+00 0.000000e+00 0.000000e+00 0.000000e+00 0.000000e+00 0.000000e+00 0.000000e+00 0.000000e+00 0.000000e+00 2.836439e-01 7.163560e-01 0.000000e+00 0.000000e+00 0.000000e+00 0.000000e+00 0.000000e+00 0.000000e+00 0.000000e+00 0.000000e+00 0.000000e+00 0.000000e+00 0.000000e+00 0.000000e+00 0.000000e+00
 0.000000e+00 0.000000e+00 0.000000e+00 0.000000e+00 0.000000e+00 0.000000e+00 0.000000e+00 0.000000e+00 0.000000e+00 0.000000e+00 0.000000e+00 0.000000e+00 0.000000e+00 0.000000e+00 0.000000e+00 0.000000e+00 0.000000e+00 0.000000e+00 0.000000e+00 0.000000e+00 0.000000e+00 0.000000e+00 0.000000e+00 0.000000e+00 0.000000e+00 0.000000e+00 3.249649e-01 6.750351e-01 0.000000e+00 0.000000e+00 0.000000e+00 0.000000e+00 0.000000e+00 0.000000e+00 0.000000e+00 0.000000e+00 0.000000e+00 0.000000e+00 0.000000e+00 0.000000e+00
 0.000000e+00 0.000000e+00 0.000000e+00 0.000000e+00 0.000000e+00 0.000000e+00 0.000000e+00 0.000000e+00 0.000000e+00 0.000000e+00 0.000000e+00 0.000000e+00 0.000000e+00 0.000000e+00 0.000000e+00 0.000000e+00 0.000000e+00 0.000000e+00 0.000000e+00 0.000000e+00 0.000000e+00 0.000000e+00 0.000000e+00 0.000000e+00 0.000000e+00 0.000000e+00 0.000000e+00 4.436260e-01 5.563740e-01 0.000000e+00 0.000000e+00 0.000000e+00 0.000000e+00 0.000000e+00 0.000000e+00 0.000000e+00 0.000000e+00 0.000000e+00 0.000000e+00 0.000000e+00
 0.000000e+00 0.000000e+00 0.000000e+00 0.000000e+00 0.000000e+00 0.000000e+00 0.000000e+00 0.000000e+00 0.000000e+00 0.000000e+00 0.000000e+00 0.000000e+00 0.000000e+00 0.000000e+00 0.000000e+00 0.000000e+00 0.000000e+00 0.000000e+00 0.000000e+00 0.000000e+00 0.000000e+00 0.000000e+00 0.000000e+00 0.000000e+00 0.000000e+00 0.000000e+00 0.000000e+00 0.000000e+00 1.692588e-01 8.307412e-01 0.000000e+00 0.000000e+00 0.000000e+00 0.000000e+00 0.000000e+00 0.000000e+00 0.000000e+00 0.000000e+00 0.000000e+00 0.000000e+00
 0.000000e+00 0.000000e+00 0.000000e+00 0.000000e+00 0.000000e+00 0.000000e+00 0.000000e+00 0.000000e+00 0.000000e+00 0.000000e+00 0.000000e+00 0.000000e+00 0.000000e+00 0.000000e+00 0.000000e+00 0.000000e+00 0.000000e+00 0.000000e+00 0.000000e+00 0.000000e+00 0.000000e+00 0.000000e+00 0.000000e+00 0.000000e+00 0.000000e+00 0.000000e+00 0.000000e+00 0.000000e+00 0.000000e+00 3.744948e-01 6.255052e-01 0.000000e+00 0.000000e+00 0.000000e+00 0.000000e+00 0.000000e+00 0.000000e+00 0.000000e+00 0.000000e+00 0.000000e+00
 0.000000e+00 0.000000e+00 0.000000e+00 0.000000e+00 0.000000e+00 0.000000e+00 0.000000e+00 0.000000e+00 0.000000e+00 0.000000e+00 0.000000e+00 0.000000e+00 0.000000e+00 0.000000e+00 0.000000e+00 0.000000e+00 0.000000e+00 0.000000e+00 0.000000e+00 0.000000e+00 0.000000e+00 0.000000e+00 0.000000e+00 0.000000e+00 0.000000e+00 0.000000e+00 0.000000e+00 0.000000e+00 0.000000e+00 0.000000e+00 2.856982e-01 7.143018e-01 0.000000e+00 0.000000e+00 0.000000e+00 0.000000e+00 0.000000e+00 0.000000e+00 0.000000e+00 0.000000e+00
 0.000000e+00 0.000000e+00 0.000000e+00 0.000000e+00 0.000000e+00 0.000000e+00 0.000000e+00 0.000000e+00 0.000000e+00 0.000000e+00 0.000000e+00 0.000000e+00 0.000000e+00 0.000000e+00 0.000000e+00 0.000000e+00 0.000000e+00 0.000000e+00 0.000000e+00 0.000000e+00 0.000000e+00 0.000000e+00 0.000000e+00 0.000000e+00 0.000000e+00 0.000000e+00 0.000000e+00 0.000000e+00 0.000000e+00 0.000000e+00 0.000000e+00 1.666677e-01 8.333323e-01 0.000000e+00 0.000000e+00 0.000000e+00 0.000000e+00 0.000000e+00 0.000000e+00 0.000000e+00
 0.000000e+00 0.000000e+00 0.000000e+00 0.000000e+00 0.000000e+00 0.000000e+00 0.000000e+00 0.000000e+00 0.000000e+00 0.000000e+00 0.000000e+00 0.000000e+00 0.000000e+00 0.000000e+00 0.000000e+00 0.000000e+00 0.000000e+00 0.000000e+00 0.000000e+00 0.000000e+00 0.000000e+00 0.000000e+00 0.000000e+00 0.000000e+00 0.000000e+00 0.000000e+00 0.000000e+00 0.000000e+00 0.000000e+00 0.000000e+00 0.000000e+00 0.000000e+00 1.666667e-01 8.333334e-01 0.000000e+00 0.000000e+00 0.000000e+00 0.000000e+00 0.000000e+00 0.000000e+00
 0.000000e+00 0.000000e+00 0.000000e+00 0.000000e+00 0.000000e+00 0.000000e+00 0.000000e+00 0.000000e+00 0.000000e+00 0.000000e+00 0.000000e+00 0.000000e+00 0.000000e+00 0.000000e+00 0.000000e+00 0.000000e+00 0.000000e+00 0.000000e+00 0.000000e+00 0.000000e+00 0.000000e+00 0.000000e+00 0.000000e+00 0.000000e+00 0.000000e+00 0.000000e+00 0.000000e+00 0.000000e+00 0.000000e+00 0.000000e+00 0.000000e+00 0.000000e+00 0.000000e+00 3.749845e-01 6.250155e-01 0.000000e+00 0.000000e+00 0.000000e+00 0.000000e+00 0.000000e+00
 0.000000e+00 0.000000e+00 0.000000e+00 0.000000e+00 0.000000e+00 0.000000e+00 0.000000e+00 0.000000e+00 0.000000e+00 0.000000e+00 0.000000e+00 0.000000e+00 0.000000e+00 0.000000e+00 0.000000e+00 0.000000e+00 0.000000e+00 0.000000e+00 0.000000e+00 0.000000e+00 0.000000e+00 0.000000e+00 0.000000e+00 0.000000e+00 0.000000e+00 0.000000e+00 0.000000e+00 0.000000e+00 0.000000e+00 0.000000e+00 0.000000e+00 0.000000e+00 0.000000e+00 0.000000e+00 3.750154e-01 6.249846e-01 0.000000e+00 0.000000e+00 0.000000e+00 0.000000e+00
 0.000000e+00 0.000000e+00 0.000000e+00 0.000000e+00 0.000000e+00 0.000000e+00 0.000000e+00 0.000000e+00 0.000000e+00 0.000000e+00 0.000000e+00 0.000000e+00 0.000000e+00 0.000000e+00 0.000000e+00 0.000000e+00 0.000000e+00 0.000000e+00 0.000000e+00 0.000000e+00 0.000000e+00 0.000000e+00 0.000000e+00 0.000000e+00 0.000000e+00 0.000000e+00 0.000000e+00 0.000000e+00 0.000000e+00 0.000000e+00 0.000000e+00 0.000000e+00 0.000000e+00 0.000000e+00 0.000000e+00 1.667311e-01 8.332689e-01 0.000000e+00 0.000000e+00 0.000000e+00
 0.000000e+00 0.000000e+00 0.000000e+00 0.000000e+00 0.000000e+00 0.000000e+00 0.000000e+00 0.000000e+00 0.000000e+00 0.000000e+00 0.000000e+00 0.000000e+00 0.000000e+00 0.000000e+00 0.000000e+00 0.000000e+00 0.000000e+00 0.000000e+00 0.000000e+00 0.000000e+00 0.000000e+00 0.000000e+00 0.000000e+00 0.000000e+00 0.000000e+00 0.000000e+00 0.000000e+00 0.000000e+00 0.000000e+00 0.000000e+00 0.000000e+00 0.000000e+00 0.000000e+00 0.000000e+00 0.000000e+00 0.000000e+00 4.438489e-01 5.561511e-01 0.000000e+00 0.000000e+00
 0.000000e+00 0.000000e+00 0.000000e+00 0.000000e+00 0.000000e+00 0.000000e+00 0.000000e+00 0.000000e+00 0.000000e+00 0.000000e+00 0.000000e+00 0.000000e+00 0.000000e+00 0.000000e+00 0.000000e+00 0.000000e+00 0.000000e+00 0.000000e+00 0.000000e+00 0.000000e+00 0.000000e+00 0.000000e+00 0.000000e+00 0.000000e+00 0.000000e+00 0.000000e+00 0.000000e+00 0.000000e+00 0.000000e+00 0.000000e+00 0.000000e+00 0.000000e+00 0.000000e+00 0.000000e+00 0.000000e+00 0.000000e+00 0.000000e+00 1.679388e-01 8.320612e-01 0.000000e+00
 0.000000e+00 0.000000e+00 0.000000e+00 0.000000e+00 0.000000e+00 0.000000e+00 0.000000e+00 0.000000e+00 0.000000e+00 0.000000e+00 0.000000e+00 0.000000e+00 0.000000e+00 0.000000e+00 0.000000e+00 0.000000e+00 0.000000e+00 0.000000e+00 0.000000e+00 0.000000e+00 0.000000e+00 0.000000e+00 0.000000e+00 0.000000e+00 0.000000e+00 0.000000e+00 0.000000e+00 0.000000e+00 0.000000e+00 0.000000e+00 0.000000e+00 0.000000e+00 0.000000e+00 0.000000e+00 0.000000e+00 0.000000e+00 0.000000e+00 0.000000e+00 0.000000e+00 1.000000e+00
 0.000000e+00 0.000000e+00 0.000000e+00 0.000000e+00 0.000000e+00 0.000000e+00 0.000000e+00 0.000000e+00 0.000000e+00 0.000000e+00 0.000000e+00 0.000000e+00 0.000000e+00 0.000000e+00 0.000000e+00 0.000000e+00 0.000000e+00 0.000000e+00 0.000000e+00 0.000000e+00 0.000000e+00 0.000000e+00 0.000000e+00 0.000000e+00 0.000000e+00 0.000000e+00 0.000000e+00 0.000000e+00 0.000000e+00 0.000000e+00 0.000000e+00 0.000000e+00 0.000000e+00 0.000000e+00 0.000000e+00 0.000000e+00 0.000000e+00 0.000000e+00 0.000000e+00 0.000000e+00
<ENDHMM>
