~o
<STREAMINFO> 1 39
<VECSIZE> 39<NULLD><MFCC_E_D_A><DIAGC>
~h "Tie^p"
<BEGINHMM>
<NUMSTATES> 14
<STATE> 2
<MEAN> 39
 -6.708846e+00 -7.664161e+00 1.119605e+00 -1.992399e+00 -3.910016e-01 -1.078266e+00 -5.177624e-01 -3.661457e+00 4.323273e+00 -4.152629e+00 2.509334e-01 7.402914e-01 2.686549e-02 -1.498918e-01 5.291973e-02 -5.579529e-01 -1.711859e-01 -2.439029e-01 -3.634216e-01 2.500229e-01 -2.034082e-01 -5.158780e-02 -4.641739e-02 2.379930e-01 -6.147522e-02 3.373322e-02 -6.511270e-02 -1.585991e-01 -1.858331e-01 -2.364018e-01 -2.812319e-01 -2.972088e-01 1.401882e-01 2.988603e-02 1.128721e-01 1.713424e-01 4.652186e-02 7.946999e-02 1.816074e-02
<VARIANCE> 39
 5.072195e+00 7.636268e+00 6.797346e+00 8.405454e+00 1.024619e+01 1.304972e+01 8.729303e+00 1.247332e+01 2.057698e+01 1.011170e+01 1.170561e+01 2.066796e+01 5.000000e-02 9.627464e-01 1.047562e+00 2.523393e+00 1.625792e+00 2.037812e+00 1.822554e+00 1.650575e+00 1.467771e+00 1.500007e+00 1.136388e+00 1.755455e+00 1.998441e+00 5.000000e-02 1.971203e-01 2.561291e-01 3.217095e-01 3.931485e-01 5.928335e-01 4.212885e-01 2.757708e-01 2.611202e-01 3.124366e-01 3.262328e-01 4.050789e-01 4.308957e-01 5.000000e-02
<GCONST> 8.310906e+01
<STATE> 3
<MEAN> 39
 -8.902998e+00 -1.038749e+01 -1.050202e+01 -8.771361e+00 -1.002498e+01 -1.625447e+01 6.207129e+00 -2.990787e+00 2.858343e+00 -2.243771e-01 6.722044e+00 -6.809989e-01 7.425623e-01 -3.737834e-01 -2.407995e+00 -2.914414e-01 -3.724227e+00 -4.818053e+00 -3.238783e+00 1.277352e+00 1.421161e+00 1.405136e+00 3.958256e+00 -4.205273e-01 2.833660e-01 1.921177e-01 1.585090e-01 -1.482638e-01 1.297198e+00 -8.842411e-02 3.876038e-01 8.994867e-01 -1.605699e-01 3.286457e-01 1.909578e-01 7.408634e-01 -6.710326e-01 -3.666366e-01 -3.611600e-02
<VARIANCE> 39
 1.204101e+01 2.045222e+01 3.457071e+01 4.752778e+01 9.389466e+01 5.981279e+01 2.665800e+01 2.572482e+01 8.685177e+00 4.280255e+01 2.029956e+01 1.800634e+01 5.000000e-02 6.744221e-01 5.867099e-01 5.950335e+00 1.660959e+00 2.466656e+00 3.946119e+00 1.733683e+00 3.330777e+00 5.231024e-01 4.238778e+00 2.981124e+00 2.821750e+00 5.000000e-02 1.871338e-01 5.068738e-01 4.339656e-01 9.712809e-01 1.778497e+00 8.433628e-01 2.120940e-01 7.553487e-01 1.601222e-01 1.500720e+00 3.325965e-01 3.406653e-01 5.000000e-02
<GCONST> 1.026541e+02
<STATE> 4
<MEAN> 39
 -9.109911e+00 -1.586251e+01 -3.402812e+00 -1.840590e+01 -1.625116e+01 -1.635737e+01 8.565495e+00 2.436517e+00 6.014190e+00 1.204381e+01 2.456752e-01 -3.009727e+00 9.853073e-01 -4.101465e-01 -2.144625e-01 1.202912e+00 -1.118803e+00 1.770840e-02 1.430144e+00 2.475045e-01 -8.353790e-02 3.499359e-01 3.350962e-01 -1.413811e+00 -7.177788e-01 1.050130e-02 -1.544657e-03 4.713596e-01 -3.517084e-01 6.852425e-01 5.609580e-01 3.446248e-01 -2.224542e-01 -5.351968e-01 -3.303802e-01 -1.163659e+00 1.889674e-01 3.256438e-02 -2.545463e-02
<VARIANCE> 39
 3.688021e+00 2.775089e+00 1.312103e+01 8.627255e+00 1.830133e+01 4.127512e+01 3.824778e+01 2.400858e+01 4.620901e+00 1.549557e+01 1.642267e+01 6.741073e+00 5.000000e-02 4.968820e-01 8.682731e-01 1.024897e+00 1.348406e+00 3.738029e-01 4.791408e-01 5.840260e-01 1.264405e+00 2.184097e-01 4.309246e+00 8.070427e-01 4.121661e-01 5.000000e-02 5.782527e-02 2.556774e-01 1.460973e-01 1.911227e-01 5.072273e-01 3.940994e-01 9.333967e-02 2.806792e-01 5.000000e-02 7.434525e-01 1.581953e-01 1.865458e-01 5.000000e-02
<GCONST> 6.861153e+01
<STATE> 5
<MEAN> 39
 -1.061215e+01 -1.484711e+01 -1.343789e+00 -1.914695e+01 -1.787525e+01 -1.107046e+01 7.907828e+00 -1.530381e+00 4.459781e+00 7.131371e+00 -3.160676e+00 -5.855490e+00 9.549417e-01 1.226752e-01 -1.261431e-02 2.154532e-01 -9.595956e-02 4.177072e-01 6.852579e-01 5.751343e-02 -3.769229e-01 -8.028354e-01 -7.403464e-01 -7.924803e-01 -8.129302e-01 -8.860703e-03 1.671748e-01 -1.547736e-01 -7.484983e-03 7.416768e-02 2.283759e-01 -1.303371e-01 4.860824e-02 1.407364e-01 -8.606710e-02 -2.575612e-02 -1.700664e-02 -1.686054e-02 -1.792680e-03
<VARIANCE> 39
 2.628691e+00 3.217284e+00 1.236872e+01 1.311092e+01 2.268643e+01 1.784208e+01 1.712573e+01 1.724242e+01 1.783419e+01 1.074290e+01 1.154270e+01 1.424354e+01 5.000000e-02 1.791266e-01 4.671052e-01 4.392661e-01 3.631633e-01 1.124853e+00 9.248326e-01 8.742543e-01 8.165306e-01 8.289984e-01 4.579909e-01 5.689399e-01 9.062908e-01 5.000000e-02 5.000000e-02 9.383481e-02 8.033932e-02 5.701076e-02 1.499500e-01 2.240174e-01 1.241544e-01 1.788220e-01 1.847365e-01 1.788223e-01 9.377941e-02 2.498926e-01 5.000000e-02
<GCONST> 6.060509e+01
<STATE> 6
<MEAN> 39
 -8.194106e+00 -1.776743e+01 5.553507e-01 -1.950402e+01 -1.224917e+01 -9.269367e+00 9.139297e+00 -1.572831e+00 -2.753696e-01 3.423796e+00 -8.301833e+00 -9.202853e+00 8.922778e-01 1.333182e+00 -1.469429e+00 2.696039e-01 4.154243e-01 1.221862e+00 -1.440795e+00 -9.587752e-02 6.305240e-01 -5.834138e-01 -1.278020e+00 -5.243446e-01 4.081944e-01 -2.707273e-02 3.996454e-01 -7.987147e-02 1.381392e-01 2.903722e-01 -5.415610e-01 -2.567783e-01 -6.035445e-01 -1.636436e-03 1.810113e-01 7.810831e-04 3.411150e-01 5.725384e-01 -1.130032e-02
<VARIANCE> 39
 2.516651e+00 8.367785e+00 2.979433e+01 3.938830e+01 1.350051e+01 1.461138e+01 4.063025e+00 2.174388e+01 1.773050e+01 7.730521e+00 1.272995e+01 2.283113e+01 5.000000e-02 4.413416e-01 3.884925e-01 1.533430e-01 9.056445e-01 1.395960e+00 1.949410e+00 1.038582e+00 1.166867e+00 9.227722e-01 1.456418e+00 4.221311e-01 1.478664e+00 5.000000e-02 6.623664e-02 1.463819e-01 1.436181e-01 2.680660e-01 3.943534e-01 5.639304e-01 1.091164e-01 3.114210e-01 2.146944e-01 2.474016e-01 5.405722e-02 2.645197e-01 5.000000e-02
<GCONST> 7.048212e+01
<STATE> 7
<MEAN> 39
 -1.465612e+00 -2.153812e+01 9.529840e-01 -1.627828e+01 -1.171069e+01 -1.349954e+01 4.040554e+00 -8.461924e-01 -5.196108e-01 -6.601042e-01 -8.361580e+00 -6.176888e+00 7.553672e-01 1.900968e+00 1.416484e-02 1.594789e+00 2.127100e+00 -1.874681e+00 1.467120e+00 -2.114514e+00 -1.135807e+00 7.392813e-01 -2.020469e-01 1.086643e+00 1.223505e+00 -8.027592e-02 -3.957842e-01 6.155403e-01 2.716491e-01 1.962686e-01 -5.122420e-01 1.035247e+00 3.878915e-01 -3.405148e-01 4.813861e-01 5.433178e-01 5.454559e-01 -7.335950e-02 -1.022652e-02
<VARIANCE> 39
 1.272146e+01 1.068075e+01 1.683197e+01 3.600418e+01 1.677558e+01 2.291846e+01 2.088438e+01 3.333167e+01 1.897520e+01 1.364916e+01 9.922847e+00 9.456225e+00 5.000000e-02 6.748706e-01 1.413745e+00 1.921965e+00 2.820521e+00 2.147362e+00 3.454920e+00 1.780503e+00 2.578026e+00 2.290331e+00 1.718799e+00 1.573713e+00 7.857917e-01 5.000000e-02 1.648624e-01 1.007294e-01 2.611294e-01 5.827744e-01 7.564619e-01 4.512496e-01 7.004174e-01 6.757013e-01 3.395936e-01 3.856499e-01 1.179787e-01 2.805289e-01 5.000000e-02
<GCONST> 9.011352e+01
<STATE> 8
<MEAN> 39
 -1.866764e-01 -1.839870e+01 8.399446e+00 -1.049297e+01 -1.891274e+01 -3.354910e+00 4.695114e+00 -4.402905e+00 3.022719e+00 2.100358e+00 -1.360994e+00 -2.907962e+00 4.623595e-01 6.900115e-02 6.588560e-01 2.450146e-01 9.100180e-01 8.578882e-02 7.042673e-01 3.206681e-01 -4.892984e-01 5.385160e-01 5.344062e-02 5.066636e-01 -1.793928e-01 -3.860409e-02 -1.789350e-01 7.614698e-02 -4.211858e-01 -1.324361e-01 5.277998e-01 -3.359039e-01 1.704093e-01 1.849798e-01 -1.222149e-01 -1.328805e-01 -2.163535e-01 -2.693944e-01 9.080239e-03
<VARIANCE> 39
 2.620273e+00 5.899581e+00 1.226743e+01 7.261076e+00 2.524789e+01 3.432928e+01 2.305447e+01 1.261732e+01 1.080558e+01 1.137857e+01 6.016241e+00 7.110221e+00 5.000000e-02 1.779366e-01 2.887210e-01 1.429106e+00 1.182917e+00 4.014636e+00 3.174127e+00 4.345029e+00 2.449623e+00 1.178679e+00 2.113235e+00 2.143012e+00 1.264902e+00 5.000000e-02 8.317132e-02 5.607602e-02 2.022705e-01 2.436580e-01 6.464980e-01 3.457865e-01 1.218353e+00 5.569846e-01 1.845684e-01 4.108815e-01 4.462840e-01 1.603195e-01 5.000000e-02
<GCONST> 7.981882e+01
<STATE> 9
<MEAN> 39
 3.251991e-01 -1.580645e+01 5.260892e+00 -6.568332e+00 -1.593057e+01 -4.090387e+00 6.078588e+00 -5.308399e+00 4.186115e+00 2.303406e+00 1.023976e+00 -5.507696e+00 3.662029e-01 -1.996991e-01 6.021283e-01 -9.043074e-01 -3.069799e-01 -5.875159e-01 6.410424e-01 1.365815e+00 1.073682e+00 1.291342e-01 8.043659e-01 4.699636e-01 1.249233e-01 -2.303148e-02 -1.458967e-01 -1.122819e-01 -8.786435e-02 -4.709280e-01 -2.836735e-01 -2.451135e-01 3.643110e-02 3.434242e-01 -2.123225e-01 8.667658e-02 -3.271267e-01 1.497422e-01 3.423655e-03
<VARIANCE> 39
 2.173963e+00 5.032732e+00 1.189960e+01 6.739313e+00 1.042859e+01 2.106797e+01 1.796746e+01 1.252736e+01 1.138936e+01 9.437691e+00 1.558007e+01 7.783141e+00 5.000000e-02 4.317716e-01 5.124303e-01 8.321909e-01 8.455377e-01 1.479110e+00 2.439919e+00 2.811934e+00 1.643659e+00 1.699458e+00 9.706907e-01 1.442483e+00 4.830814e-01 5.000000e-02 5.000000e-02 5.004743e-02 8.768260e-02 1.132699e-01 5.091639e-01 4.432477e-01 9.236176e-01 5.227347e-01 1.637102e-01 2.811105e-01 1.208722e-01 1.876677e-01 5.000000e-02
<GCONST> 7.116071e+01
<STATE> 10
<MEAN> 39
 -6.720979e-01 -1.445144e+01 2.308659e+00 -8.640888e+00 -1.713355e+01 -5.049350e+00 6.262359e+00 -3.178579e+00 4.184198e+00 3.963753e+00 -1.353201e+00 -4.599719e+00 3.196147e-01 -5.950593e-01 7.949573e-01 -3.691505e-01 -2.114983e-02 7.096230e-01 -2.993162e-01 -3.411003e-01 -1.052390e-01 1.758344e-02 2.413648e-01 6.167753e-01 2.537428e-01 -3.833640e-02 -4.347874e-02 2.505640e-02 4.393984e-02 2.070214e-01 5.399898e-01 -1.451654e-01 -2.785747e-01 -2.489630e-01 -3.953322e-02 -1.080813e-01 2.266186e-01 7.914153e-02 -1.970727e-03
<VARIANCE> 39
 4.009933e+00 1.476000e+01 1.138257e+01 1.389886e+01 1.231983e+01 1.404956e+01 1.174125e+01 1.437934e+01 1.951646e+01 1.116035e+01 1.271031e+01 8.426320e+00 5.000000e-02 1.684417e-01 8.706974e-01 5.978388e-01 1.294316e+00 1.651050e+00 1.938967e+00 9.668210e-01 9.846298e-01 1.177710e+00 4.959435e-01 7.937732e-01 9.540188e-01 5.000000e-02 5.000000e-02 2.069867e-01 1.664259e-01 3.103181e-01 3.580725e-01 4.797201e-01 3.364601e-01 3.209473e-01 4.128627e-01 5.193755e-02 6.606530e-02 1.715926e-01 5.000000e-02
<GCONST> 7.045356e+01
<STATE> 11
<MEAN> 39
 -3.562460e+00 -1.035638e+01 2.005659e+00 -5.142712e+00 -8.049644e+00 -4.800475e+00 3.365911e+00 -4.394908e+00 2.962451e+00 2.636688e+00 2.790975e+00 -2.423770e+00 1.415170e-01 -4.546956e-01 4.869068e-01 -1.726057e-01 9.738717e-01 1.865929e+00 -3.506660e-02 -4.040785e-01 2.126976e-02 -4.917436e-01 -2.367703e-01 6.666845e-01 4.990576e-02 -2.937236e-02 5.792003e-02 -1.763488e-01 4.785208e-02 -5.140645e-02 -3.533431e-01 -2.446028e-02 1.652685e-01 2.175597e-01 -5.703389e-02 -1.227424e-01 -2.894130e-01 -2.957470e-01 4.233188e-03
<VARIANCE> 39
 2.988317e+00 5.249556e+00 7.801032e+00 1.222949e+01 1.666586e+01 1.561821e+01 2.050221e+01 3.055250e+01 2.139220e+01 1.359798e+01 1.434441e+01 4.865942e+00 5.000000e-02 1.652664e-01 6.749710e-01 6.410871e-01 8.304260e-01 2.608144e+00 8.424519e-01 2.219255e+00 3.563921e+00 3.562073e+00 1.918553e+00 2.044499e+00 1.151026e+00 5.000000e-02 5.000000e-02 8.030105e-02 1.449102e-01 1.401854e-01 2.319400e-01 4.205456e-01 4.560306e-01 5.240200e-01 5.931110e-01 4.476553e-01 3.745459e-01 2.078081e-01 5.000000e-02
<GCONST> 7.767825e+01
<STATE> 12
<MEAN> 39
 -4.247046e+00 -1.068360e+01 1.109568e-01 -4.533276e+00 -7.107567e+00 -7.437991e+00 3.401640e+00 -2.884712e+00 3.031601e+00 1.654106e+00 2.572299e+00 -3.252641e+00 8.002783e-02 -2.750537e-01 2.818089e-01 5.876078e-02 5.407487e-01 6.748157e-01 -1.477082e-01 -1.961428e-02 1.467612e-01 7.645423e-02 -3.923565e-01 -5.693617e-01 -1.393885e-01 -1.639075e-02 1.581152e-02 -9.609501e-03 3.864343e-02 4.187373e-03 -2.317220e-02 2.271294e-01 1.491263e-01 -8.624422e-03 1.454767e-01 2.461810e-01 -2.726240e-02 3.813355e-03 2.767554e-03
<VARIANCE> 39
 4.653789e+00 5.664216e+00 2.621509e+00 5.102718e+00 1.018270e+01 9.695133e+00 1.048768e+01 5.759298e+00 9.772557e+00 1.927726e+01 1.298414e+01 9.895582e+00 5.000000e-02 4.481561e-01 2.021391e-01 2.004405e-01 5.995938e-01 2.179219e+00 1.602647e+00 1.172927e+00 1.168426e+00 1.550800e+00 1.685369e+00 8.449311e-01 1.404362e+00 5.000000e-02 8.896625e-02 5.000000e-02 5.000000e-02 9.773989e-02 4.619136e-01 2.782704e-01 1.397421e-01 2.422078e-01 3.023043e-01 2.684995e-01 2.835884e-01 2.046397e-01 5.000000e-02
<GCONST> 6.398869e+01
<STATE> 13
<MEAN> 39
 -6.219683e+00 -9.060450e+00 1.146225e+00 -2.542568e+00 -3.808234e+00 -4.598577e+00 4.282750e+00 -2.172679e+00 4.531884e+00 3.192635e+00 1.843271e+00 -5.053953e+00 -2.339724e-03 -2.617327e-01 -1.482760e-02 -2.624562e-01 -6.636130e-02 3.718446e-01 5.027798e-01 -1.815938e-01 2.133556e-02 -5.449215e-02 1.496580e-01 4.917401e-01 1.729427e-01 -1.133927e-02 6.925337e-02 -8.342911e-02 -3.591529e-02 -2.384992e-01 -2.310088e-01 -1.132114e-01 -1.648045e-01 -1.299146e-01 -3.407867e-01 -3.547171e-01 2.179876e-02 1.759158e-01 2.232206e-03
<VARIANCE> 39
 2.111100e+00 5.140100e+00 6.585260e+00 4.000148e+00 4.115870e+00 7.749162e+00 7.689734e+00 6.635276e+00 6.109235e+00 1.238850e+01 9.730205e+00 1.576735e+01 5.000000e-02 9.212873e-02 1.878662e-01 1.088194e-01 3.614720e-01 6.470604e-01 6.296974e-01 7.796015e-01 7.153554e-01 9.646519e-01 1.349266e+00 1.137105e+00 1.146413e+00 5.000000e-02 5.000000e-02 6.019435e-02 5.352101e-02 9.686491e-02 2.153183e-01 1.251773e-01 1.440571e-01 1.135621e-01 1.948808e-01 1.589000e-01 2.261443e-01 2.859231e-01 5.000000e-02
<GCONST> 5.184649e+01
<TRANSP> 14
 0.000000e+00 1.000000e+00 0.000000e+00 0.000000e+00 0.000000e+00 0.000000e+00 0.000000e+00 0.000000e+00 0.000000e+00 0.000000e+00 0.000000e+00 0.000000e+00 0.000000e+00 0.000000e+00
 0.000000e+00 8.973572e-01 1.026428e-01 0.000000e+00 0.000000e+00 0.000000e+00 0.000000e+00 0.000000e+00 0.000000e+00 0.000000e+00 0.000000e+00 0.000000e+00 0.000000e+00 0.000000e+00
 0.000000e+00 0.000000e+00 6.875002e-01 3.124999e-01 0.000000e+00 0.000000e+00 0.000000e+00 0.000000e+00 0.000000e+00 0.000000e+00 0.000000e+00 0.000000e+00 0.000000e+00 0.000000e+00
 0.000000e+00 0.000000e+00 0.000000e+00 7.208822e-01 2.791179e-01 0.000000e+00 0.000000e+00 0.000000e+00 0.000000e+00 0.000000e+00 0.000000e+00 0.000000e+00 0.000000e+00 0.000000e+00
 0.000000e+00 0.000000e+00 0.000000e+00 0.000000e+00 8.442038e-01 1.557962e-01 0.000000e+00 0.000000e+00 0.000000e+00 0.000000e+00 0.000000e+00 0.000000e+00 0.000000e+00 0.000000e+00
 0.000000e+00 0.000000e+00 0.000000e+00 0.000000e+00 0.000000e+00 6.665183e-01 3.334817e-01 0.000000e+00 0.000000e+00 0.000000e+00 0.000000e+00 0.000000e+00 0.000000e+00 0.000000e+00
 0.000000e+00 0.000000e+00 0.000000e+00 0.000000e+00 0.000000e+00 0.000000e+00 6.666093e-01 3.333907e-01 0.000000e+00 0.000000e+00 0.000000e+00 0.000000e+00 0.000000e+00 0.000000e+00
 0.000000e+00 0.000000e+00 0.000000e+00 0.000000e+00 0.000000e+00 0.000000e+00 0.000000e+00 7.727379e-01 2.272621e-01 0.000000e+00 0.000000e+00 0.000000e+00 0.000000e+00 0.000000e+00
 0.000000e+00 0.000000e+00 0.000000e+00 0.000000e+00 0.000000e+00 0.000000e+00 0.000000e+00 0.000000e+00 6.152938e-01 3.847062e-01 0.000000e+00 0.000000e+00 0.000000e+00 0.000000e+00
 0.000000e+00 0.000000e+00 0.000000e+00 0.000000e+00 0.000000e+00 0.000000e+00 0.000000e+00 0.000000e+00 0.000000e+00 7.836955e-01 2.163045e-01 0.000000e+00 0.000000e+00 0.000000e+00
 0.000000e+00 0.000000e+00 0.000000e+00 0.000000e+00 0.000000e+00 0.000000e+00 0.000000e+00 0.000000e+00 0.000000e+00 0.000000e+00 6.807685e-01 3.192315e-01 0.000000e+00 0.000000e+00
 0.000000e+00 0.000000e+00 0.000000e+00 0.000000e+00 0.000000e+00 0.000000e+00 0.000000e+00 0.000000e+00 0.000000e+00 0.000000e+00 0.000000e+00 7.931213e-01 2.068787e-01 0.000000e+00
 0.000000e+00 0.000000e+00 0.000000e+00 0.000000e+00 0.000000e+00 0.000000e+00 0.000000e+00 0.000000e+00 0.000000e+00 0.000000e+00 0.000000e+00 0.000000e+00 7.598414e-01 2.401586e-01
 0.000000e+00 0.000000e+00 0.000000e+00 0.000000e+00 0.000000e+00 0.000000e+00 0.000000e+00 0.000000e+00 0.000000e+00 0.000000e+00 0.000000e+00 0.000000e+00 0.000000e+00 0.000000e+00
<ENDHMM>
