~o
<STREAMINFO> 1 13
<VECSIZE> 13<NULLD><MFCC_E><DIAGC>
~h "To"
<BEGINHMM>
<NUMSTATES> 38
<STATE> 2
<MEAN> 13
 -7.278314e+00 -7.787981e+00 -4.037445e+00 -8.073124e-01 2.291333e+00 -5.623849e+00 2.633911e+00 -2.559786e+00 2.441069e+00 -3.889570e+00 1.859591e+00 -1.379053e+00 -9.446167e-02
<VARIANCE> 13
 7.860346e+00 1.222888e+01 1.143605e+01 4.486757e+00 9.183983e+00 1.975374e+01 1.205637e+01 1.626986e+01 1.140698e+01 1.218344e+01 9.361937e+00 4.209777e+00 5.000000e-02
<GCONST> 4.848828e+01
<STATE> 3
<MEAN> 13
 -7.380035e+00 -8.451180e+00 6.716702e-01 -3.906152e+00 1.479725e-01 9.591661e-01 -9.935515e-01 -4.777274e+00 6.003434e+00 -4.541111e+00 -1.919032e-01 9.943355e-01 -5.718306e-02
<VARIANCE> 13
 3.138688e+00 5.200387e+00 2.107287e+01 1.407156e+01 8.289867e+00 2.859221e+01 2.291413e+01 1.090229e+01 2.696698e+01 1.112551e+01 1.010794e+01 3.743722e+01 5.000000e-02
<GCONST> 5.201009e+01
<STATE> 4
<MEAN> 13
 -1.015868e+01 -6.074937e+00 -7.994837e+00 -1.043532e+01 1.283619e+00 -9.054121e+00 1.931842e+00 -6.075599e-01 4.091487e+00 -3.573143e+00 6.321546e-01 -4.374290e+00 3.838534e-01
<VARIANCE> 13
 2.145132e+01 8.528017e+00 3.942818e+01 1.541127e+01 1.967903e+01 9.729621e+00 4.499595e+00 1.066375e+01 2.179660e+01 9.126755e+00 2.070791e+01 2.137020e+01 6.637407e-02
<GCONST> 5.330972e+01
<STATE> 5
<MEAN> 13
 -8.877898e+00 -1.382623e+01 -2.470175e+01 -1.078792e+01 2.748528e+00 -1.245924e+01 6.370368e+00 2.965386e+00 6.185382e+00 -5.621497e+00 -6.259736e+00 -1.797632e+00 7.441467e-01
<VARIANCE> 13
 2.795483e+01 4.880506e+01 7.415923e+00 9.055160e+00 4.644430e+01 4.408107e+01 2.853470e+01 5.010356e+01 1.776962e+01 6.924170e+00 2.092519e+01 3.069862e+00 5.000000e-02
<GCONST> 5.618665e+01
<STATE> 6
<MEAN> 13
 -7.564763e+00 -2.059545e+01 -2.331966e+01 -8.401461e+00 5.435025e+00 -9.407819e+00 8.604483e+00 -8.498544e-02 3.967832e+00 -9.074327e+00 -5.916805e+00 -4.525992e+00 8.620870e-01
<VARIANCE> 13
 8.826846e+00 2.426023e+01 1.437504e+01 1.071351e+01 2.574381e+01 4.320943e+01 2.858222e+01 3.199389e+01 2.657504e+01 1.856773e+01 5.948704e+00 7.094380e+00 5.000000e-02
<GCONST> 5.507676e+01
<STATE> 7
<MEAN> 13
 -6.680970e+00 -2.241986e+01 -2.264063e+01 -8.383474e+00 9.453280e+00 -5.925891e+00 7.827662e+00 -6.327412e+00 4.078923e+00 -8.312456e+00 -7.909436e-01 -6.086900e+00 9.280494e-01
<VARIANCE> 13
 7.685112e+00 7.693804e+00 4.402082e+00 7.008313e+00 2.175693e+01 4.726650e+01 1.219148e+01 3.785988e+00 1.639631e+01 4.748311e+00 1.141881e+01 5.967442e+00 5.000000e-02
<GCONST> 4.774975e+01
<STATE> 8
<MEAN> 13
 -5.684847e+00 -2.315047e+01 -2.345112e+01 -1.009984e+01 8.662523e+00 -2.460896e+00 5.966558e+00 -8.222606e+00 2.590467e+00 -5.016208e+00 -3.703375e-01 -8.607347e+00 9.535791e-01
<VARIANCE> 13
 2.151475e+00 6.947337e+00 1.435308e+01 3.731262e+00 1.982861e+01 2.531093e+01 3.412874e+01 2.282306e+01 4.394221e+00 6.608696e+00 1.885603e+00 8.640742e+00 5.000000e-02
<GCONST> 4.661757e+01
<STATE> 9
<MEAN> 13
 -2.927628e+00 -2.262074e+01 -2.103366e+01 -1.015153e+01 1.027576e+01 7.625955e-01 6.943962e+00 -7.776453e+00 1.194034e+00 -1.638545e+00 9.709147e-01 -9.839618e+00 9.643502e-01
<VARIANCE> 13
 2.741810e+00 6.296194e+00 2.223297e+01 5.798292e+00 1.401529e+01 2.055297e+01 1.858577e+01 1.690674e+01 7.037981e+00 1.649792e+01 3.767756e+00 5.725170e+00 5.000000e-02
<GCONST> 4.784355e+01
<STATE> 10
<MEAN> 13
 -2.297843e+00 -2.215686e+01 -2.370020e+01 -1.176756e+01 1.304417e+01 -4.288538e-01 1.121641e+01 -1.205658e+01 1.069641e+00 -8.513614e-01 -1.836420e-01 -9.701463e+00 9.746450e-01
<VARIANCE> 13
 3.876500e+00 9.861333e+00 2.759498e+01 1.932141e+01 1.574195e+01 7.609374e+00 2.389522e+01 2.446736e+01 1.802645e+01 1.744034e+01 1.348620e+01 7.685835e+00 5.000000e-02
<GCONST> 5.236747e+01
<STATE> 11
<MEAN> 13
 -3.715105e+00 -2.041139e+01 -2.153882e+01 -1.610168e+01 9.441339e+00 5.349067e+00 8.121758e+00 -1.191660e+01 1.144789e+00 2.629562e+00 3.850145e+00 -7.975950e+00 9.803900e-01
<VARIANCE> 13
 3.508075e+00 9.446193e+00 6.024178e+00 3.827774e+00 3.640350e+01 1.216356e+01 7.734711e+00 2.263837e+01 1.137182e+01 1.148787e+01 3.891759e+00 4.139704e+00 5.000000e-02
<GCONST> 4.644580e+01
<STATE> 12
<MEAN> 13
 -7.021399e+00 -2.298020e+01 -1.748202e+01 -2.029961e+01 1.314447e+01 3.324234e+00 6.814571e+00 -1.370052e+01 3.447532e+00 -4.089054e+00 1.432320e+00 -1.149407e+01 9.327933e-01
<VARIANCE> 13
 8.939748e+00 6.920189e+00 1.840338e+01 1.050899e+01 8.464172e+00 7.615135e+00 5.280147e+00 2.080713e+01 1.831730e+01 6.815758e+00 4.938552e+00 4.513996e+00 5.000000e-02
<GCONST> 4.708295e+01
<STATE> 13
<MEAN> 13
 -2.156150e+00 -2.098650e+01 -2.062560e+01 -1.572846e+01 1.172370e+01 5.475096e+00 5.299956e+00 -1.172977e+01 -1.578330e+00 -4.667369e-02 5.566772e-01 -9.218569e+00 9.614556e-01
<VARIANCE> 13
 3.061732e+00 1.184545e+01 4.008824e+01 1.674345e+01 2.761458e+01 3.294363e+01 8.332560e+00 2.246735e+01 1.465721e+01 1.374847e+01 1.403785e+01 6.213956e+00 5.000000e-02
<GCONST> 5.281647e+01
<STATE> 14
<MEAN> 13
 -2.795838e+00 -2.287029e+01 -2.025501e+01 -1.804019e+01 1.063579e+01 5.371204e+00 6.531171e+00 -1.115614e+01 -1.646817e-01 -3.219991e-03 1.522261e+00 -9.231790e+00 9.559233e-01
<VARIANCE> 13
 2.331926e+00 1.253571e+01 4.625846e+01 2.149811e+01 2.861601e+01 2.024420e+01 1.068854e+01 2.355258e+01 1.231269e+00 8.250257e+00 2.419327e+01 3.546239e+00 5.000000e-02
<GCONST> 4.983465e+01
<STATE> 15
<MEAN> 13
 -2.030080e-01 -1.866352e+01 -2.358927e+01 -1.710177e+01 1.876283e+01 8.523016e-01 9.072098e+00 -8.274953e+00 -3.507667e+00 -1.978697e+00 7.963621e+00 -1.069907e+01 9.443335e-01
<VARIANCE> 13
 1.811532e+00 7.899277e+00 1.760637e+01 1.227493e+01 3.591173e+01 3.838524e+01 1.137642e+01 1.279605e+01 7.605593e+00 1.420760e+01 2.008155e+01 8.978295e+00 5.000000e-02
<GCONST> 5.102013e+01
<STATE> 16
<MEAN> 13
 -1.079709e+00 -2.094263e+01 -2.250453e+01 -1.734858e+01 9.226994e+00 7.083971e+00 3.759309e+00 -1.026297e+01 -1.292102e+00 1.542087e+00 1.807219e+00 -1.040774e+01 9.316831e-01
<VARIANCE> 13
 1.966953e+00 2.076205e+01 3.222343e+01 3.536345e+01 3.601294e+01 2.481644e+01 1.560255e+01 2.614235e+01 1.477877e+01 8.776457e+00 8.126194e+00 5.878117e+00 5.000000e-02
<GCONST> 5.318262e+01
<STATE> 17
<MEAN> 13
 -3.438118e-01 -1.955264e+01 -2.323102e+01 -1.775575e+01 1.359990e+01 1.942039e+00 7.600411e+00 -1.457440e+01 9.442677e-01 -1.511815e+00 1.459754e+00 -9.869168e+00 9.019034e-01
<VARIANCE> 13
 2.040627e+00 1.761771e+01 1.748860e+01 1.984997e+01 1.727449e+01 9.009152e+00 2.041893e+01 3.580262e+01 4.966056e+00 8.360027e+00 3.527913e+00 1.023956e+01 5.000000e-02
<GCONST> 4.928360e+01
<STATE> 18
<MEAN> 13
 1.542061e+00 -2.268242e+01 -1.941738e+01 -1.924470e+01 1.122295e+01 5.020125e+00 2.441865e+00 -1.044014e+01 -1.413585e-01 -2.042640e+00 -3.651376e+00 -7.726668e+00 8.645173e-01
<VARIANCE> 13
 2.157529e+00 6.652189e+00 3.626994e+01 1.236580e+01 2.913556e+01 1.683812e+01 2.384868e+01 5.164832e+01 6.019013e+00 2.949059e+00 2.982409e+00 9.024187e+00 5.000000e-02
<GCONST> 4.914735e+01
<STATE> 19
<MEAN> 13
 3.036733e+00 -2.034761e+01 -2.265072e+01 -1.509204e+01 9.290759e+00 3.838557e+00 5.513872e+00 -1.344750e+01 1.974049e+00 -4.480403e+00 -3.284081e+00 -7.402085e+00 7.968020e-01
<VARIANCE> 13
 1.571372e+00 1.404501e+01 2.184398e+01 1.494220e+01 3.394191e+01 3.550790e+01 3.259684e+01 3.086442e+01 3.337017e+01 2.058088e+01 1.217562e+01 7.328690e+00 5.000000e-02
<GCONST> 5.481049e+01
<STATE> 20
<MEAN> 13
 2.195546e+00 -2.464394e+01 -1.740427e+01 -1.906528e+01 9.904825e+00 9.189903e+00 -4.369914e-01 -5.331273e+00 -5.613234e-01 -4.395215e-03 8.943179e-01 -4.833806e+00 8.911182e-01
<VARIANCE> 13
 4.388076e+00 9.469687e+00 1.286320e+01 1.332069e+01 7.957843e+00 1.148663e+01 1.503318e+01 1.716272e+01 6.378387e+00 5.972062e+00 4.843300e+00 3.228218e+00 5.000000e-02
<GCONST> 4.622522e+01
<STATE> 21
<MEAN> 13
 3.921628e+00 -2.177445e+01 -1.843920e+01 -1.615147e+01 6.320566e+00 8.031535e+00 1.578492e+00 -9.601349e+00 2.641174e-01 -2.834170e+00 -2.238177e+00 -5.979951e+00 7.117539e-01
<VARIANCE> 13
 2.402407e+00 4.299342e+00 1.043830e+01 1.894366e+01 1.431121e+01 1.785835e+01 1.974187e+01 8.136291e+00 1.978670e+01 5.923595e+00 2.702408e+01 5.106451e+00 5.000000e-02
<GCONST> 4.883233e+01
<STATE> 22
<MEAN> 13
 2.630120e+00 -2.180120e+01 -1.643296e+01 -1.425568e+01 8.244315e+00 4.827687e+00 -2.197523e-01 -6.637266e+00 2.289870e+00 -2.193514e+00 8.592084e-01 -6.687078e+00 6.017755e-01
<VARIANCE> 13
 4.239680e+00 3.236145e+00 2.511480e+01 2.547831e+01 3.080194e+01 1.957166e+01 1.639581e+01 1.475115e+01 2.582544e+01 2.232480e+01 2.659142e+01 1.964973e+01 5.000000e-02
<GCONST> 5.448255e+01
<STATE> 23
<MEAN> 13
 5.964800e+00 -1.963931e+01 -2.185342e+01 -9.723743e+00 1.003636e+01 2.150276e+00 4.599526e-01 -4.657195e+00 -1.751828e+00 -6.124740e+00 -3.884304e+00 -8.223355e+00 5.832373e-01
<VARIANCE> 13
 2.839767e+00 4.675724e+00 1.981383e+01 9.291709e+00 1.548376e+01 3.625551e+00 2.243401e+01 1.371059e+01 1.161925e+01 2.061711e+01 9.937304e+00 6.138645e+00 5.000000e-02
<GCONST> 4.804451e+01
<STATE> 24
<MEAN> 13
 5.369091e+00 -1.925537e+01 -1.965371e+01 -7.984571e+00 9.301135e+00 3.749026e+00 1.595167e+00 -8.637305e+00 -4.186696e-01 -4.534368e+00 -2.880250e+00 -4.968234e+00 5.228099e-01
<VARIANCE> 13
 5.955486e+00 1.017493e+01 7.882730e+00 2.986239e+00 2.571832e+00 8.787170e+00 9.178334e+00 4.632479e+00 8.580067e+00 1.012214e+01 1.180779e+01 9.822963e+00 5.000000e-02
<GCONST> 4.424510e+01
<STATE> 25
<MEAN> 13
 4.603786e+00 -1.790841e+01 -1.904399e+01 -8.647086e+00 8.708318e+00 4.502326e+00 9.477381e-02 -8.311715e+00 -2.052493e+00 -4.489829e+00 1.091143e+00 -7.081214e-01 4.512707e-01
<VARIANCE> 13
 4.946900e+00 1.673562e+00 1.316465e+00 1.410485e+01 6.668377e+00 9.333498e+00 6.963688e+00 4.034260e+00 2.145814e+01 1.372854e+01 9.038664e+00 1.113832e+01 5.000000e-02
<GCONST> 4.369585e+01
<STATE> 26
<MEAN> 13
 5.312753e+00 -1.700275e+01 -1.740627e+01 -7.040686e+00 7.144974e+00 2.112132e+00 1.164493e+00 -6.274065e+00 -1.331316e+00 -1.641614e+00 -1.285201e-01 -4.508541e+00 4.362300e-01
<VARIANCE> 13
 5.368245e+00 2.679527e+00 3.900099e+00 5.419242e+00 2.926155e+00 5.323090e+00 4.837037e+00 1.894217e+01 1.708894e+01 1.556120e+01 1.075604e+01 1.349780e+01 5.000000e-02
<GCONST> 4.443842e+01
<STATE> 27
<MEAN> 13
 2.560901e+00 -1.914155e+01 -1.750661e+01 -8.726910e+00 5.792594e+00 5.424396e+00 2.101862e+00 -8.751601e+00 1.241558e+00 -3.914437e+00 -1.355653e+00 -2.688873e+00 3.799403e-01
<VARIANCE> 13
 3.482998e+00 1.730585e+00 4.295351e+01 3.664411e+00 2.491786e+01 6.635156e+00 1.035699e+01 7.020252e-01 5.056532e+01 7.820239e+00 5.345478e+00 7.616602e+00 5.000000e-02
<GCONST> 4.453022e+01
<STATE> 28
<MEAN> 13
 2.489589e+00 -1.989779e+01 -2.021349e+01 -9.861372e+00 4.813144e+00 2.720817e+00 1.628277e+00 -5.478623e+00 -5.476890e-01 -2.452765e+00 6.339772e-01 -2.054992e+00 3.548675e-01
<VARIANCE> 13
 1.672145e+00 2.391167e+00 5.879389e+00 2.752537e+00 2.534026e+00 2.766893e+00 1.289917e+01 1.185330e+01 4.794253e+00 1.630601e+01 5.418052e+00 5.369096e+00 5.000000e-02
<GCONST> 3.977319e+01
<STATE> 29
<MEAN> 13
 2.023139e+00 -1.830077e+01 -1.568515e+01 -5.213303e+00 6.684062e+00 -8.931557e-01 1.486490e+00 -4.541221e+00 1.975989e-01 -3.465627e+00 -2.085201e-01 -3.875611e+00 2.946894e-01
<VARIANCE> 13
 2.247360e+00 6.129732e+00 9.167676e+00 7.959002e+00 1.444343e+01 1.427731e+01 3.860830e+00 1.121841e+01 1.676278e+01 2.519659e+01 1.118631e+01 5.211686e+00 5.000000e-02
<GCONST> 4.701838e+01
<STATE> 30
<MEAN> 13
 1.838523e+00 -1.810909e+01 -1.681720e+01 -4.434244e+00 1.000219e+01 4.545000e+00 1.335283e+00 -6.618398e+00 -1.067139e+00 -1.092095e+00 1.106256e+00 -5.576735e+00 2.893982e-01
<VARIANCE> 13
 2.656188e+00 6.871705e+00 1.924319e+01 4.927028e+00 9.639860e+00 5.620672e+00 1.449761e+01 1.571866e+01 1.863511e+01 2.043387e+01 8.193217e+00 6.128680e+00 5.000000e-02
<GCONST> 4.763259e+01
<STATE> 31
<MEAN> 13
 2.720901e+00 -1.651593e+01 -1.562260e+01 -7.036931e+00 5.843137e+00 1.202134e+00 1.362042e+00 -5.204113e+00 -2.113432e+00 -1.708510e+00 6.174481e-01 -5.445673e+00 2.777756e-01
<VARIANCE> 13
 8.792907e-01 5.866004e+00 1.918510e+01 5.123692e+00 5.061531e+00 1.232017e+01 1.450847e+01 6.588200e+00 1.429513e+00 4.599829e+00 1.048247e+01 9.433234e+00 5.000000e-02
<GCONST> 4.229543e+01
<STATE> 32
<MEAN> 13
 1.727416e+00 -1.419457e+01 -1.123756e+01 -4.656007e+00 6.219639e+00 3.625193e+00 -8.817763e-01 -8.922406e+00 -4.400079e-01 -4.548492e+00 9.928000e-01 -3.419318e+00 2.596048e-01
<VARIANCE> 13
 1.520740e+00 3.746833e+00 2.501021e+01 2.585710e+00 1.004804e+01 3.743595e+00 1.589012e+00 2.456425e+01 7.557669e+00 1.065096e+01 7.616906e+00 1.513978e+01 5.000000e-02
<GCONST> 4.323380e+01
<STATE> 33
<MEAN> 13
 2.275612e+00 -1.571575e+01 -1.225431e+01 -3.104283e+00 7.605766e+00 2.814360e+00 1.033130e-01 -5.921694e+00 -1.914697e+00 -1.646045e+00 9.545068e-01 -3.525185e+00 2.328924e-01
<VARIANCE> 13
 1.451790e+00 1.755532e+00 1.552940e+01 1.514415e+00 7.547430e+00 3.972288e+00 1.591224e+01 1.502800e+01 6.543025e+00 1.745155e+01 2.436182e+01 3.870115e+01 5.000000e-02
<GCONST> 4.545427e+01
<STATE> 34
<MEAN> 13
 3.900030e-01 -1.454710e+01 -1.150659e+01 -4.511302e+00 6.158675e+00 -4.123403e-01 -2.770458e+00 -7.592130e+00 -4.176235e-01 -2.084930e+00 3.921661e+00 -2.067496e+00 1.717591e-01
<VARIANCE> 13
 5.556880e+00 7.217354e+00 6.121222e+00 4.658421e+00 7.338041e+00 3.809746e+00 6.809377e+00 7.887725e+00 2.166159e+01 1.092574e+01 1.584859e+01 2.657883e+01 5.000000e-02
<GCONST> 4.676274e+01
<STATE> 35
<MEAN> 13
 -3.300575e+00 -1.325119e+01 -1.147797e+01 -7.282017e+00 6.603558e+00 1.756038e+00 2.289133e+00 -6.594071e+00 -1.772910e-01 -3.271764e+00 6.919802e-01 -1.448035e+00 4.202760e-02
<VARIANCE> 13
 3.544173e+00 3.769543e+00 6.658377e+00 8.393896e+00 7.530516e+00 1.102708e+01 1.349506e+01 1.246291e+01 1.096937e+01 8.296715e+00 1.002908e+01 4.604373e+00 5.000000e-02
<GCONST> 4.540018e+01
<STATE> 36
<MEAN> 13
 -4.733292e+00 -1.149539e+01 -5.239096e+00 -2.469011e+00 7.821053e+00 3.322155e+00 1.176306e+00 -5.284464e+00 -7.687970e-01 -2.260536e+00 1.451915e+00 -2.245390e+00 -3.394794e-02
<VARIANCE> 13
 1.878562e-01 5.682811e+00 2.449162e+01 5.831849e+00 6.453862e+00 2.140233e+01 6.116541e+00 7.042187e+00 5.224694e+00 1.042990e+01 1.170385e+01 1.052470e+01 5.000000e-02
<GCONST> 4.342652e+01
<STATE> 37
<MEAN> 13
 -5.402911e+00 -9.391705e+00 -4.329521e+00 -3.861809e+00 5.244669e+00 4.050038e-01 8.084966e-01 -4.619674e+00 5.253215e-01 -8.664479e-01 4.422094e+00 -9.169068e-01 -6.621374e-02
<VARIANCE> 13
 1.342034e-01 1.580321e+00 1.303379e+01 1.467263e+00 5.397832e+00 6.273871e+00 6.249158e+00 3.486832e+00 7.848343e+00 1.323625e+01 2.752874e+01 7.015778e+00 5.000000e-02
<GCONST> 3.880733e+01
<TRANSP> 38
 0.000000e+00 1.000000e+00 0.000000e+00 0.000000e+00 0.000000e+00 0.000000e+00 0.000000e+00 0.000000e+00 0.000000e+00 0.000000e+00 0.000000e+00 0.000000e+00 0.000000e+00 0.000000e+00 0.000000e+00 0.000000e+00 0.000000e+00 0.000000e+00 0.000000e+00 0.000000e+00 0.000000e+00 0.000000e+00 0.000000e+00 0.000000e+00 0.000000e+00 0.000000e+00 0.000000e+00 0.000000e+00 0.000000e+00 0.000000e+00 0.000000e+00 0.000000e+00 0.000000e+00 0.000000e+00 0.000000e+00 0.000000e+00 0.000000e+00 0.000000e+00
 0.000000e+00 7.526042e-01 2.473958e-01 0.000000e+00 0.000000e+00 0.000000e+00 0.000000e+00 0.000000e+00 0.000000e+00 0.000000e+00 0.000000e+00 0.000000e+00 0.000000e+00 0.000000e+00 0.000000e+00 0.000000e+00 0.000000e+00 0.000000e+00 0.000000e+00 0.000000e+00 0.000000e+00 0.000000e+00 0.000000e+00 0.000000e+00 0.000000e+00 0.000000e+00 0.000000e+00 0.000000e+00 0.000000e+00 0.000000e+00 0.000000e+00 0.000000e+00 0.000000e+00 0.000000e+00 0.000000e+00 0.000000e+00 0.000000e+00 0.000000e+00
 0.000000e+00 0.000000e+00 6.280664e-01 3.719336e-01 0.000000e+00 0.000000e+00 0.000000e+00 0.000000e+00 0.000000e+00 0.000000e+00 0.000000e+00 0.000000e+00 0.000000e+00 0.000000e+00 0.000000e+00 0.000000e+00 0.000000e+00 0.000000e+00 0.000000e+00 0.000000e+00 0.000000e+00 0.000000e+00 0.000000e+00 0.000000e+00 0.000000e+00 0.000000e+00 0.000000e+00 0.000000e+00 0.000000e+00 0.000000e+00 0.000000e+00 0.000000e+00 0.000000e+00 0.000000e+00 0.000000e+00 0.000000e+00 0.000000e+00 0.000000e+00
 0.000000e+00 0.000000e+00 0.000000e+00 2.854556e-01 7.145444e-01 0.000000e+00 0.000000e+00 0.000000e+00 0.000000e+00 0.000000e+00 0.000000e+00 0.000000e+00 0.000000e+00 0.000000e+00 0.000000e+00 0.000000e+00 0.000000e+00 0.000000e+00 0.000000e+00 0.000000e+00 0.000000e+00 0.000000e+00 0.000000e+00 0.000000e+00 0.000000e+00 0.000000e+00 0.000000e+00 0.000000e+00 0.000000e+00 0.000000e+00 0.000000e+00 0.000000e+00 0.000000e+00 0.000000e+00 0.000000e+00 0.000000e+00 0.000000e+00 0.000000e+00
 0.000000e+00 0.000000e+00 0.000000e+00 0.000000e+00 9.617526e-13 1.000000e+00 0.000000e+00 0.000000e+00 0.000000e+00 0.000000e+00 0.000000e+00 0.000000e+00 0.000000e+00 0.000000e+00 0.000000e+00 0.000000e+00 0.000000e+00 0.000000e+00 0.000000e+00 0.000000e+00 0.000000e+00 0.000000e+00 0.000000e+00 0.000000e+00 0.000000e+00 0.000000e+00 0.000000e+00 0.000000e+00 0.000000e+00 0.000000e+00 0.000000e+00 0.000000e+00 0.000000e+00 0.000000e+00 0.000000e+00 0.000000e+00 0.000000e+00 0.000000e+00
 0.000000e+00 0.000000e+00 0.000000e+00 0.000000e+00 0.000000e+00 2.856556e-01 7.143444e-01 0.000000e+00 0.000000e+00 0.000000e+00 0.000000e+00 0.000000e+00 0.000000e+00 0.000000e+00 0.000000e+00 0.000000e+00 0.000000e+00 0.000000e+00 0.000000e+00 0.000000e+00 0.000000e+00 0.000000e+00 0.000000e+00 0.000000e+00 0.000000e+00 0.000000e+00 0.000000e+00 0.000000e+00 0.000000e+00 0.000000e+00 0.000000e+00 0.000000e+00 0.000000e+00 0.000000e+00 0.000000e+00 0.000000e+00 0.000000e+00 0.000000e+00
 0.000000e+00 0.000000e+00 0.000000e+00 0.000000e+00 0.000000e+00 0.000000e+00 0.000000e+00 1.000000e+00 0.000000e+00 0.000000e+00 0.000000e+00 0.000000e+00 0.000000e+00 0.000000e+00 0.000000e+00 0.000000e+00 0.000000e+00 0.000000e+00 0.000000e+00 0.000000e+00 0.000000e+00 0.000000e+00 0.000000e+00 0.000000e+00 0.000000e+00 0.000000e+00 0.000000e+00 0.000000e+00 0.000000e+00 0.000000e+00 0.000000e+00 0.000000e+00 0.000000e+00 0.000000e+00 0.000000e+00 0.000000e+00 0.000000e+00 0.000000e+00
 0.000000e+00 0.000000e+00 0.000000e+00 0.000000e+00 0.000000e+00 0.000000e+00 0.000000e+00 0.000000e+00 1.000000e+00 0.000000e+00 0.000000e+00 0.000000e+00 0.000000e+00 0.000000e+00 0.000000e+00 0.000000e+00 0.000000e+00 0.000000e+00 0.000000e+00 0.000000e+00 0.000000e+00 0.000000e+00 0.000000e+00 0.000000e+00 0.000000e+00 0.000000e+00 0.000000e+00 0.000000e+00 0.000000e+00 0.000000e+00 0.000000e+00 0.000000e+00 0.000000e+00 0.000000e+00 0.000000e+00 0.000000e+00 0.000000e+00 0.000000e+00
 0.000000e+00 0.000000e+00 0.000000e+00 0.000000e+00 0.000000e+00 0.000000e+00 0.000000e+00 0.000000e+00 0.000000e+00 1.000000e+00 0.000000e+00 0.000000e+00 0.000000e+00 0.000000e+00 0.000000e+00 0.000000e+00 0.000000e+00 0.000000e+00 0.000000e+00 0.000000e+00 0.000000e+00 0.000000e+00 0.000000e+00 0.000000e+00 0.000000e+00 0.000000e+00 0.000000e+00 0.000000e+00 0.000000e+00 0.000000e+00 0.000000e+00 0.000000e+00 0.000000e+00 0.000000e+00 0.000000e+00 0.000000e+00 0.000000e+00 0.000000e+00
 0.000000e+00 0.000000e+00 0.000000e+00 0.000000e+00 0.000000e+00 0.000000e+00 0.000000e+00 0.000000e+00 0.000000e+00 4.737829e-01 5.262171e-01 0.000000e+00 0.000000e+00 0.000000e+00 0.000000e+00 0.000000e+00 0.000000e+00 0.000000e+00 0.000000e+00 0.000000e+00 0.000000e+00 0.000000e+00 0.000000e+00 0.000000e+00 0.000000e+00 0.000000e+00 0.000000e+00 0.000000e+00 0.000000e+00 0.000000e+00 0.000000e+00 0.000000e+00 0.000000e+00 0.000000e+00 0.000000e+00 0.000000e+00 0.000000e+00 0.000000e+00
 0.000000e+00 0.000000e+00 0.000000e+00 0.000000e+00 0.000000e+00 0.000000e+00 0.000000e+00 0.000000e+00 0.000000e+00 0.000000e+00 5.999289e-01 4.000711e-01 0.000000e+00 0.000000e+00 0.000000e+00 0.000000e+00 0.000000e+00 0.000000e+00 0.000000e+00 0.000000e+00 0.000000e+00 0.000000e+00 0.000000e+00 0.000000e+00 0.000000e+00 0.000000e+00 0.000000e+00 0.000000e+00 0.000000e+00 0.000000e+00 0.000000e+00 0.000000e+00 0.000000e+00 0.000000e+00 0.000000e+00 0.000000e+00 0.000000e+00 0.000000e+00
 0.000000e+00 0.000000e+00 0.000000e+00 0.000000e+00 0.000000e+00 0.000000e+00 0.000000e+00 0.000000e+00 0.000000e+00 0.000000e+00 0.000000e+00 6.432784e-01 3.567216e-01 0.000000e+00 0.000000e+00 0.000000e+00 0.000000e+00 0.000000e+00 0.000000e+00 0.000000e+00 0.000000e+00 0.000000e+00 0.000000e+00 0.000000e+00 0.000000e+00 0.000000e+00 0.000000e+00 0.000000e+00 0.000000e+00 0.000000e+00 0.000000e+00 0.000000e+00 0.000000e+00 0.000000e+00 0.000000e+00 0.000000e+00 0.000000e+00 0.000000e+00
 0.000000e+00 0.000000e+00 0.000000e+00 0.000000e+00 0.000000e+00 0.000000e+00 0.000000e+00 0.000000e+00 0.000000e+00 0.000000e+00 0.000000e+00 0.000000e+00 2.851641e-01 7.148359e-01 0.000000e+00 0.000000e+00 0.000000e+00 0.000000e+00 0.000000e+00 0.000000e+00 0.000000e+00 0.000000e+00 0.000000e+00 0.000000e+00 0.000000e+00 0.000000e+00 0.000000e+00 0.000000e+00 0.000000e+00 0.000000e+00 0.000000e+00 0.000000e+00 0.000000e+00 0.000000e+00 0.000000e+00 0.000000e+00 0.000000e+00 0.000000e+00
 0.000000e+00 0.000000e+00 0.000000e+00 0.000000e+00 0.000000e+00 0.000000e+00 0.000000e+00 0.000000e+00 0.000000e+00 0.000000e+00 0.000000e+00 0.000000e+00 0.000000e+00 7.980231e-11 1.000000e+00 0.000000e+00 0.000000e+00 0.000000e+00 0.000000e+00 0.000000e+00 0.000000e+00 0.000000e+00 0.000000e+00 0.000000e+00 0.000000e+00 0.000000e+00 0.000000e+00 0.000000e+00 0.000000e+00 0.000000e+00 0.000000e+00 0.000000e+00 0.000000e+00 0.000000e+00 0.000000e+00 0.000000e+00 0.000000e+00 0.000000e+00
 0.000000e+00 0.000000e+00 0.000000e+00 0.000000e+00 0.000000e+00 0.000000e+00 0.000000e+00 0.000000e+00 0.000000e+00 0.000000e+00 0.000000e+00 0.000000e+00 0.000000e+00 0.000000e+00 6.695530e-01 3.304471e-01 0.000000e+00 0.000000e+00 0.000000e+00 0.000000e+00 0.000000e+00 0.000000e+00 0.000000e+00 0.000000e+00 0.000000e+00 0.000000e+00 0.000000e+00 0.000000e+00 0.000000e+00 0.000000e+00 0.000000e+00 0.000000e+00 0.000000e+00 0.000000e+00 0.000000e+00 0.000000e+00 0.000000e+00 0.000000e+00
 0.000000e+00 0.000000e+00 0.000000e+00 0.000000e+00 0.000000e+00 0.000000e+00 0.000000e+00 0.000000e+00 0.000000e+00 0.000000e+00 0.000000e+00 0.000000e+00 0.000000e+00 0.000000e+00 0.000000e+00 2.890376e-01 7.109624e-01 0.000000e+00 0.000000e+00 0.000000e+00 0.000000e+00 0.000000e+00 0.000000e+00 0.000000e+00 0.000000e+00 0.000000e+00 0.000000e+00 0.000000e+00 0.000000e+00 0.000000e+00 0.000000e+00 0.000000e+00 0.000000e+00 0.000000e+00 0.000000e+00 0.000000e+00 0.000000e+00 0.000000e+00
 0.000000e+00 0.000000e+00 0.000000e+00 0.000000e+00 0.000000e+00 0.000000e+00 0.000000e+00 0.000000e+00 0.000000e+00 0.000000e+00 0.000000e+00 0.000000e+00 0.000000e+00 0.000000e+00 0.000000e+00 0.000000e+00 5.775079e-01 4.224921e-01 0.000000e+00 0.000000e+00 0.000000e+00 0.000000e+00 0.000000e+00 0.000000e+00 0.000000e+00 0.000000e+00 0.000000e+00 0.000000e+00 0.000000e+00 0.000000e+00 0.000000e+00 0.000000e+00 0.000000e+00 0.000000e+00 0.000000e+00 0.000000e+00 0.000000e+00 0.000000e+00
 0.000000e+00 0.000000e+00 0.000000e+00 0.000000e+00 0.000000e+00 0.000000e+00 0.000000e+00 0.000000e+00 0.000000e+00 0.000000e+00 0.000000e+00 0.000000e+00 0.000000e+00 0.000000e+00 0.000000e+00 0.000000e+00 0.000000e+00 1.654930e-01 8.345070e-01 0.000000e+00 0.000000e+00 0.000000e+00 0.000000e+00 0.000000e+00 0.000000e+00 0.000000e+00 0.000000e+00 0.000000e+00 0.000000e+00 0.000000e+00 0.000000e+00 0.000000e+00 0.000000e+00 0.000000e+00 0.000000e+00 0.000000e+00 0.000000e+00 0.000000e+00
 0.000000e+00 0.000000e+00 0.000000e+00 0.000000e+00 0.000000e+00 0.000000e+00 0.000000e+00 0.000000e+00 0.000000e+00 0.000000e+00 0.000000e+00 0.000000e+00 0.000000e+00 0.000000e+00 0.000000e+00 0.000000e+00 0.000000e+00 0.000000e+00 4.238977e-01 5.761023e-01 0.000000e+00 0.000000e+00 0.000000e+00 0.000000e+00 0.000000e+00 0.000000e+00 0.000000e+00 0.000000e+00 0.000000e+00 0.000000e+00 0.000000e+00 0.000000e+00 0.000000e+00 0.000000e+00 0.000000e+00 0.000000e+00 0.000000e+00 0.000000e+00
 0.000000e+00 0.000000e+00 0.000000e+00 0.000000e+00 0.000000e+00 0.000000e+00 0.000000e+00 0.000000e+00 0.000000e+00 0.000000e+00 0.000000e+00 0.000000e+00 0.000000e+00 0.000000e+00 0.000000e+00 0.000000e+00 0.000000e+00 0.000000e+00 0.000000e+00 6.873044e-01 3.126956e-01 0.000000e+00 0.000000e+00 0.000000e+00 0.000000e+00 0.000000e+00 0.000000e+00 0.000000e+00 0.000000e+00 0.000000e+00 0.000000e+00 0.000000e+00 0.000000e+00 0.000000e+00 0.000000e+00 0.000000e+00 0.000000e+00 0.000000e+00
 0.000000e+00 0.000000e+00 0.000000e+00 0.000000e+00 0.000000e+00 0.000000e+00 0.000000e+00 0.000000e+00 0.000000e+00 0.000000e+00 0.000000e+00 0.000000e+00 0.000000e+00 0.000000e+00 0.000000e+00 0.000000e+00 0.000000e+00 0.000000e+00 0.000000e+00 0.000000e+00 3.388252e-01 6.611748e-01 0.000000e+00 0.000000e+00 0.000000e+00 0.000000e+00 0.000000e+00 0.000000e+00 0.000000e+00 0.000000e+00 0.000000e+00 0.000000e+00 0.000000e+00 0.000000e+00 0.000000e+00 0.000000e+00 0.000000e+00 0.000000e+00
 0.000000e+00 0.000000e+00 0.000000e+00 0.000000e+00 0.000000e+00 0.000000e+00 0.000000e+00 0.000000e+00 0.000000e+00 0.000000e+00 0.000000e+00 0.000000e+00 0.000000e+00 0.000000e+00 0.000000e+00 0.000000e+00 0.000000e+00 0.000000e+00 0.000000e+00 0.000000e+00 0.000000e+00 3.321026e-01 6.678974e-01 0.000000e+00 0.000000e+00 0.000000e+00 0.000000e+00 0.000000e+00 0.000000e+00 0.000000e+00 0.000000e+00 0.000000e+00 0.000000e+00 0.000000e+00 0.000000e+00 0.000000e+00 0.000000e+00 0.000000e+00
 0.000000e+00 0.000000e+00 0.000000e+00 0.000000e+00 0.000000e+00 0.000000e+00 0.000000e+00 0.000000e+00 0.000000e+00 0.000000e+00 0.000000e+00 0.000000e+00 0.000000e+00 0.000000e+00 0.000000e+00 0.000000e+00 0.000000e+00 0.000000e+00 0.000000e+00 0.000000e+00 0.000000e+00 0.000000e+00 4.762775e-01 5.237224e-01 0.000000e+00 0.000000e+00 0.000000e+00 0.000000e+00 0.000000e+00 0.000000e+00 0.000000e+00 0.000000e+00 0.000000e+00 0.000000e+00 0.000000e+00 0.000000e+00 0.000000e+00 0.000000e+00
 0.000000e+00 0.000000e+00 0.000000e+00 0.000000e+00 0.000000e+00 0.000000e+00 0.000000e+00 0.000000e+00 0.000000e+00 0.000000e+00 0.000000e+00 0.000000e+00 0.000000e+00 0.000000e+00 0.000000e+00 0.000000e+00 0.000000e+00 0.000000e+00 0.000000e+00 0.000000e+00 0.000000e+00 0.000000e+00 0.000000e+00 3.456194e-01 6.543806e-01 0.000000e+00 0.000000e+00 0.000000e+00 0.000000e+00 0.000000e+00 0.000000e+00 0.000000e+00 0.000000e+00 0.000000e+00 0.000000e+00 0.000000e+00 0.000000e+00 0.000000e+00
 0.000000e+00 0.000000e+00 0.000000e+00 0.000000e+00 0.000000e+00 0.000000e+00 0.000000e+00 0.000000e+00 0.000000e+00 0.000000e+00 0.000000e+00 0.000000e+00 0.000000e+00 0.000000e+00 0.000000e+00 0.000000e+00 0.000000e+00 0.000000e+00 0.000000e+00 0.000000e+00 0.000000e+00 0.000000e+00 0.000000e+00 0.000000e+00 3.831891e-01 6.168109e-01 0.000000e+00 0.000000e+00 0.000000e+00 0.000000e+00 0.000000e+00 0.000000e+00 0.000000e+00 0.000000e+00 0.000000e+00 0.000000e+00 0.000000e+00 0.000000e+00
 0.000000e+00 0.000000e+00 0.000000e+00 0.000000e+00 0.000000e+00 0.000000e+00 0.000000e+00 0.000000e+00 0.000000e+00 0.000000e+00 0.000000e+00 0.000000e+00 0.000000e+00 0.000000e+00 0.000000e+00 0.000000e+00 0.000000e+00 0.000000e+00 0.000000e+00 0.000000e+00 0.000000e+00 0.000000e+00 0.000000e+00 0.000000e+00 0.000000e+00 4.439113e-01 5.560887e-01 0.000000e+00 0.000000e+00 0.000000e+00 0.000000e+00 0.000000e+00 0.000000e+00 0.000000e+00 0.000000e+00 0.000000e+00 0.000000e+00 0.000000e+00
 0.000000e+00 0.000000e+00 0.000000e+00 0.000000e+00 0.000000e+00 0.000000e+00 0.000000e+00 0.000000e+00 0.000000e+00 0.000000e+00 0.000000e+00 0.000000e+00 0.000000e+00 0.000000e+00 0.000000e+00 0.000000e+00 0.000000e+00 0.000000e+00 0.000000e+00 0.000000e+00 0.000000e+00 0.000000e+00 0.000000e+00 0.000000e+00 0.000000e+00 0.000000e+00 3.747600e-01 6.252400e-01 0.000000e+00 0.000000e+00 0.000000e+00 0.000000e+00 0.000000e+00 0.000000e+00 0.000000e+00 0.000000e+00 0.000000e+00 0.000000e+00
 0.000000e+00 0.000000e+00 0.000000e+00 0.000000e+00 0.000000e+00 0.000000e+00 0.000000e+00 0.000000e+00 0.000000e+00 0.000000e+00 0.000000e+00 0.000000e+00 0.000000e+00 0.000000e+00 0.000000e+00 0.000000e+00 0.000000e+00 0.000000e+00 0.000000e+00 0.000000e+00 0.000000e+00 0.000000e+00 0.000000e+00 0.000000e+00 0.000000e+00 0.000000e+00 0.000000e+00 5.448613e-01 4.551387e-01 0.000000e+00 0.000000e+00 0.000000e+00 0.000000e+00 0.000000e+00 0.000000e+00 0.000000e+00 0.000000e+00 0.000000e+00
 0.000000e+00 0.000000e+00 0.000000e+00 0.000000e+00 0.000000e+00 0.000000e+00 0.000000e+00 0.000000e+00 0.000000e+00 0.000000e+00 0.000000e+00 0.000000e+00 0.000000e+00 0.000000e+00 0.000000e+00 0.000000e+00 0.000000e+00 0.000000e+00 0.000000e+00 0.000000e+00 0.000000e+00 0.000000e+00 0.000000e+00 0.000000e+00 0.000000e+00 0.000000e+00 0.000000e+00 0.000000e+00 1.660394e-01 8.339607e-01 0.000000e+00 0.000000e+00 0.000000e+00 0.000000e+00 0.000000e+00 0.000000e+00 0.000000e+00 0.000000e+00
 0.000000e+00 0.000000e+00 0.000000e+00 0.000000e+00 0.000000e+00 0.000000e+00 0.000000e+00 0.000000e+00 0.000000e+00 0.000000e+00 0.000000e+00 0.000000e+00 0.000000e+00 0.000000e+00 0.000000e+00 0.000000e+00 0.000000e+00 0.000000e+00 0.000000e+00 0.000000e+00 0.000000e+00 0.000000e+00 0.000000e+00 0.000000e+00 0.000000e+00 0.000000e+00 0.000000e+00 0.000000e+00 0.000000e+00 4.548986e-01 5.451014e-01 0.000000e+00 0.000000e+00 0.000000e+00 0.000000e+00 0.000000e+00 0.000000e+00 0.000000e+00
 0.000000e+00 0.000000e+00 0.000000e+00 0.000000e+00 0.000000e+00 0.000000e+00 0.000000e+00 0.000000e+00 0.000000e+00 0.000000e+00 0.000000e+00 0.000000e+00 0.000000e+00 0.000000e+00 0.000000e+00 0.000000e+00 0.000000e+00 0.000000e+00 0.000000e+00 0.000000e+00 0.000000e+00 0.000000e+00 0.000000e+00 0.000000e+00 0.000000e+00 0.000000e+00 0.000000e+00 0.000000e+00 0.000000e+00 0.000000e+00 4.940324e-01 5.059676e-01 0.000000e+00 0.000000e+00 0.000000e+00 0.000000e+00 0.000000e+00 0.000000e+00
 0.000000e+00 0.000000e+00 0.000000e+00 0.000000e+00 0.000000e+00 0.000000e+00 0.000000e+00 0.000000e+00 0.000000e+00 0.000000e+00 0.000000e+00 0.000000e+00 0.000000e+00 0.000000e+00 0.000000e+00 0.000000e+00 0.000000e+00 0.000000e+00 0.000000e+00 0.000000e+00 0.000000e+00 0.000000e+00 0.000000e+00 0.000000e+00 0.000000e+00 0.000000e+00 0.000000e+00 0.000000e+00 0.000000e+00 0.000000e+00 0.000000e+00 2.864083e-01 7.135917e-01 0.000000e+00 0.000000e+00 0.000000e+00 0.000000e+00 0.000000e+00
 0.000000e+00 0.000000e+00 0.000000e+00 0.000000e+00 0.000000e+00 0.000000e+00 0.000000e+00 0.000000e+00 0.000000e+00 0.000000e+00 0.000000e+00 0.000000e+00 0.000000e+00 0.000000e+00 0.000000e+00 0.000000e+00 0.000000e+00 0.000000e+00 0.000000e+00 0.000000e+00 0.000000e+00 0.000000e+00 0.000000e+00 0.000000e+00 0.000000e+00 0.000000e+00 0.000000e+00 0.000000e+00 0.000000e+00 0.000000e+00 0.000000e+00 0.000000e+00 3.662592e-01 6.337407e-01 0.000000e+00 0.000000e+00 0.000000e+00 0.000000e+00
 0.000000e+00 0.000000e+00 0.000000e+00 0.000000e+00 0.000000e+00 0.000000e+00 0.000000e+00 0.000000e+00 0.000000e+00 0.000000e+00 0.000000e+00 0.000000e+00 0.000000e+00 0.000000e+00 0.000000e+00 0.000000e+00 0.000000e+00 0.000000e+00 0.000000e+00 0.000000e+00 0.000000e+00 0.000000e+00 0.000000e+00 0.000000e+00 0.000000e+00 0.000000e+00 0.000000e+00 0.000000e+00 0.000000e+00 0.000000e+00 0.000000e+00 0.000000e+00 0.000000e+00 5.853760e-01 4.146241e-01 0.000000e+00 0.000000e+00 0.000000e+00
 0.000000e+00 0.000000e+00 0.000000e+00 0.000000e+00 0.000000e+00 0.000000e+00 0.000000e+00 0.000000e+00 0.000000e+00 0.000000e+00 0.000000e+00 0.000000e+00 0.000000e+00 0.000000e+00 0.000000e+00 0.000000e+00 0.000000e+00 0.000000e+00 0.000000e+00 0.000000e+00 0.000000e+00 0.000000e+00 0.000000e+00 0.000000e+00 0.000000e+00 0.000000e+00 0.000000e+00 0.000000e+00 0.000000e+00 0.000000e+00 0.000000e+00 0.000000e+00 0.000000e+00 0.000000e+00 5.839756e-01 4.160244e-01 0.000000e+00 0.000000e+00
 0.000000e+00 0.000000e+00 0.000000e+00 0.000000e+00 0.000000e+00 0.000000e+00 0.000000e+00 0.000000e+00 0.000000e+00 0.000000e+00 0.000000e+00 0.000000e+00 0.000000e+00 0.000000e+00 0.000000e+00 0.000000e+00 0.000000e+00 0.000000e+00 0.000000e+00 0.000000e+00 0.000000e+00 0.000000e+00 0.000000e+00 0.000000e+00 0.000000e+00 0.000000e+00 0.000000e+00 0.000000e+00 0.000000e+00 0.000000e+00 0.000000e+00 0.000000e+00 0.000000e+00 0.000000e+00 0.000000e+00 5.849117e-01 4.150883e-01 0.000000e+00
 0.000000e+00 0.000000e+00 0.000000e+00 0.000000e+00 0.000000e+00 0.000000e+00 0.000000e+00 0.000000e+00 0.000000e+00 0.000000e+00 0.000000e+00 0.000000e+00 0.000000e+00 0.000000e+00 0.000000e+00 0.000000e+00 0.000000e+00 0.000000e+00 0.000000e+00 0.000000e+00 0.000000e+00 0.000000e+00 0.000000e+00 0.000000e+00 0.000000e+00 0.000000e+00 0.000000e+00 0.000000e+00 0.000000e+00 0.000000e+00 0.000000e+00 0.000000e+00 0.000000e+00 0.000000e+00 0.000000e+00 0.000000e+00 0.000000e+00 1.000000e+00
 0.000000e+00 0.000000e+00 0.000000e+00 0.000000e+00 0.000000e+00 0.000000e+00 0.000000e+00 0.000000e+00 0.000000e+00 0.000000e+00 0.000000e+00 0.000000e+00 0.000000e+00 0.000000e+00 0.000000e+00 0.000000e+00 0.000000e+00 0.000000e+00 0.000000e+00 0.000000e+00 0.000000e+00 0.000000e+00 0.000000e+00 0.000000e+00 0.000000e+00 0.000000e+00 0.000000e+00 0.000000e+00 0.000000e+00 0.000000e+00 0.000000e+00 0.000000e+00 0.000000e+00 0.000000e+00 0.000000e+00 0.000000e+00 0.000000e+00 0.000000e+00
<ENDHMM>
