~o
<STREAMINFO> 1 39
<VECSIZE> 39<NULLD><MFCC_E_D_A><DIAGC>
~h "To*i"
<BEGINHMM>
<NUMSTATES> 36
<STATE> 2
<MEAN> 39
 -5.881558e+00 -7.982959e+00 -9.098517e-01 -1.593980e+00 1.584432e+00 -3.169360e+00 -2.837897e-01 -4.544765e+00 1.178229e+00 -1.060479e+00 1.272500e+00 -9.197376e-01 -2.021291e-02 -2.586974e-01 2.698324e-01 -3.643585e-02 1.606696e-01 1.208434e-01 7.011026e-02 7.148601e-01 4.181745e-02 -8.985417e-01 -1.156602e+00 -6.482617e-01 1.163116e-01 1.398875e-02 -2.659097e-01 -1.671697e-01 -8.835201e-01 -6.767530e-01 -2.139001e-01 -6.039191e-01 3.518191e-01 6.626149e-01 4.602691e-01 -4.442746e-01 -2.708250e-01 -2.540075e-01 4.095495e-02
<VARIANCE> 39
 3.164380e+00 2.022776e+00 4.833280e+00 7.425651e+00 4.356753e+00 9.046731e+00 9.316146e+00 7.028321e+00 7.821259e+00 8.561600e+00 1.438626e+01 9.433548e+00 5.000000e-02 4.767258e-01 1.140852e-01 1.356197e-01 4.912498e-01 1.677027e+00 7.470765e-01 2.792948e-01 1.963216e+00 1.632707e+00 6.317474e-01 5.842660e-01 1.396983e+00 5.000000e-02 1.811362e-01 3.367972e-01 9.599636e-02 1.603848e-01 2.077940e-01 7.642116e-02 5.884577e-02 2.834651e-01 4.080829e-01 1.313357e-01 2.193361e-01 1.796686e-01 5.000000e-02
<GCONST> 5.756282e+01
<STATE> 3
<MEAN> 39
 -6.945339e+00 -6.974327e+00 -9.772604e-01 -3.305662e-01 1.217268e+00 -4.688892e+00 1.431222e+00 -8.411040e-01 -8.853040e-01 -5.173940e+00 5.242566e-01 -9.374466e-01 -4.929637e-02 -5.470451e-01 3.095931e-01 -2.342639e+00 -1.655805e+00 -2.701552e-01 -1.596963e+00 7.702409e-01 1.905949e+00 1.070564e+00 -9.683726e-01 -3.010762e-01 -5.578890e-01 1.510222e-01 -8.631069e-03 -9.414183e-01 -1.379320e+00 -7.805361e-01 -1.946300e-01 -6.343707e-01 4.681815e-01 1.563041e-01 8.738118e-01 -1.100317e-01 -3.579758e-01 -2.550886e-01 6.229181e-02
<VARIANCE> 39
 2.566488e+00 4.807020e+00 5.576778e+00 3.373805e+00 5.233808e+00 7.264302e+00 9.392968e+00 1.970809e+01 1.057627e+01 6.620531e+00 3.321048e+00 9.668487e+00 5.000000e-02 2.243932e+00 2.615933e+00 1.885644e+00 1.726816e+00 1.617203e+00 1.165897e+00 1.901661e+00 7.987390e-01 2.688165e+00 8.914671e-01 1.123392e+00 1.067707e+00 5.000000e-02 2.052909e-01 6.400376e-01 1.661673e-01 7.161723e-02 1.150102e-01 2.375536e-01 1.789051e-01 2.838988e-01 6.468744e-01 7.211368e-02 2.584668e-01 3.311811e-01 5.000000e-02
<GCONST> 7.120868e+01
<STATE> 4
<MEAN> 39
 -8.892605e+00 -8.233475e+00 -9.294338e+00 -9.912241e+00 -7.831751e-01 -8.428834e+00 2.701238e+00 4.766925e+00 6.640893e+00 -4.657062e+00 1.926147e-01 -2.392360e+00 5.397565e-01 -7.178289e-02 -3.734510e+00 -5.111037e+00 -2.751861e+00 -7.629935e-01 -2.589303e+00 2.157478e+00 5.301193e-01 2.799109e+00 -1.697835e+00 -2.213265e+00 -8.940613e-01 2.432260e-01 4.485656e-01 -1.158004e+00 9.256516e-02 4.821528e-01 6.084210e-01 6.512456e-02 2.329733e-01 -1.195177e+00 -6.283970e-01 -4.793536e-02 -4.410202e-02 -1.635605e-01 -1.170219e-02
<VARIANCE> 39
 3.370270e+01 2.399751e+01 3.120191e+01 1.546502e+01 2.420684e+01 2.488310e+01 2.199259e+01 1.156893e+01 1.801401e+01 1.001998e+01 2.991601e+01 1.259192e+01 5.000000e-02 1.647514e+00 2.917845e+00 1.475451e+00 1.829393e+00 1.687057e+00 1.886355e+00 7.191518e-01 2.126881e+00 3.979146e+00 6.786717e-01 1.932128e+00 1.234231e+00 5.000000e-02 5.104761e-01 6.976463e-01 5.210369e-01 3.419528e-01 3.220466e-01 2.263534e-01 2.602485e-01 2.159525e-01 5.402180e-01 2.363236e-01 4.479206e-01 2.123094e-01 5.000000e-02
<GCONST> 9.197363e+01
<STATE> 5
<MEAN> 39
 -7.909817e+00 -1.973424e+01 -1.930419e+01 -1.011858e+01 -1.332111e+00 -1.294842e+01 9.020515e+00 9.152480e-01 9.939957e+00 -1.097984e+01 -7.331754e+00 -3.896293e+00 8.654792e-01 7.392280e-01 -4.013265e+00 -2.333488e+00 -7.441982e-02 1.821015e+00 -1.081892e+00 1.643738e+00 -2.093505e+00 -7.014512e-01 -1.256155e+00 -4.992985e-01 -1.166568e+00 1.156629e-01 3.041004e-01 6.284072e-01 1.460670e+00 6.105195e-01 8.228483e-01 9.006900e-01 -4.880522e-01 -6.718641e-01 -9.741135e-01 8.315808e-01 8.376734e-01 1.264560e-01 -5.934045e-02
<VARIANCE> 39
 9.752621e+00 1.403147e+01 1.461200e+01 2.505072e+01 1.838588e+01 9.776159e+00 1.116541e+01 5.808134e+00 2.037296e+01 5.038632e+00 1.015669e+01 2.643922e+00 5.000000e-02 2.041638e+00 2.866923e+00 3.262004e+00 1.518147e+00 8.168162e-01 1.694514e+00 2.875647e+00 2.442608e+00 2.422871e+00 1.196229e+00 2.852736e+00 6.223729e-01 5.000000e-02 1.176653e-01 2.447302e-01 1.000764e-01 3.722368e-01 4.311683e-01 1.182291e-01 6.255152e-02 2.564521e-01 5.065783e-01 1.761443e-01 4.062888e-01 2.546880e-01 5.000000e-02
<GCONST> 7.944489e+01
<STATE> 6
<MEAN> 39
 -5.066271e+00 -2.301258e+01 -1.974383e+01 -9.059700e+00 5.060151e+00 -1.447692e+01 1.165108e+01 -2.077443e+00 4.301094e+00 -1.011745e+01 -2.469456e+00 -5.570663e+00 9.211382e-01 1.060099e+00 -2.084033e+00 -2.187870e-01 -7.875655e-02 2.449291e+00 5.902554e-01 1.089554e+00 -1.990997e+00 -1.416969e+00 9.995892e-01 3.414034e-01 -6.623309e-01 4.209506e-02 -1.638196e-01 1.279225e+00 1.147229e+00 -8.766315e-02 1.042546e-01 8.788240e-01 -6.970000e-01 1.189184e-02 -6.534205e-03 9.329556e-01 -1.269139e-01 1.052398e-01 -4.300685e-02
<VARIANCE> 39
 8.879037e+00 5.825355e+00 2.532318e+01 1.532460e+01 2.479546e+01 2.082723e+01 3.472058e+01 8.993893e+00 2.142565e+01 4.827471e+00 4.150322e+00 2.997676e+00 5.000000e-02 1.326499e-01 2.526926e+00 2.194464e+00 2.407311e+00 9.623188e-01 4.154851e-01 2.029742e+00 3.963355e-01 4.592505e-01 6.621098e-01 1.740429e+00 6.727172e-01 5.000000e-02 2.041216e-01 1.948198e-01 4.067135e-01 2.220409e-01 4.562700e-01 2.239029e-01 2.965505e-01 2.129021e-01 7.666823e-01 5.000000e-02 7.659771e-02 1.044571e-01 5.000000e-02
<GCONST> 7.138965e+01
<STATE> 7
<MEAN> 39
 -5.010664e+00 -2.360466e+01 -1.726628e+01 -1.141827e+01 7.368445e+00 -1.108769e+01 9.302162e+00 -4.670429e+00 4.877703e+00 -7.280620e+00 -3.599782e+00 -6.110313e+00 9.538681e-01 4.750627e-01 -1.969867e-02 2.622625e-01 -8.393282e-01 1.808815e+00 9.234638e-01 1.326154e-01 -1.649903e+00 6.326780e-02 1.559000e+00 -8.832402e-01 -4.563499e-01 1.267362e-02 -2.354437e-01 8.413826e-01 8.603220e-02 -1.610794e-01 -5.394324e-01 1.994874e-01 -2.791681e-01 3.471881e-01 6.098369e-01 2.987436e-01 -4.265141e-01 1.167644e-01 -1.357058e-02
<VARIANCE> 39
 5.375689e+00 1.062505e+01 3.335124e+01 1.821478e+01 9.803502e+00 1.018861e+01 1.423538e+01 1.152363e+01 1.319567e+01 7.371512e+00 1.353099e+00 2.558042e+00 5.000000e-02 1.594803e-01 3.483635e-01 7.788691e-01 2.659532e-01 2.062711e+00 1.591072e-01 2.582854e-01 2.895819e-01 1.420017e+00 6.074589e-01 6.108628e-01 3.133651e-01 5.000000e-02 1.046392e-01 3.380269e-01 2.224393e-01 3.530453e-01 1.788317e-01 5.239920e-02 2.908331e-01 8.235352e-02 2.737248e-01 9.721445e-02 5.981544e-02 5.000000e-02 5.000000e-02
<GCONST> 5.496804e+01
<STATE> 8
<MEAN> 39
 -4.197200e+00 -2.295526e+01 -1.839585e+01 -1.154769e+01 8.716536e+00 -9.863443e+00 1.104786e+01 -6.355410e+00 5.348361e+00 -3.981608e+00 -7.087225e+00 -7.186709e+00 9.565421e-01 1.462913e-01 3.292079e-01 2.330747e-01 -1.192298e+00 4.801707e-01 1.004767e+00 -3.408033e-01 -1.026032e+00 1.179528e+00 1.754675e+00 -1.071876e+00 -4.213189e-01 3.512276e-03 -3.926215e-02 7.072352e-02 -5.828016e-02 -1.565181e-01 -3.980713e-01 -5.672814e-02 -4.757914e-01 4.697759e-01 5.022424e-01 -8.615353e-02 1.303490e-01 8.286232e-02 -2.457444e-03
<VARIANCE> 39
 4.313939e+00 6.134477e+00 2.882526e+01 1.451014e+01 1.517527e+01 1.780149e+01 3.140591e+01 4.785955e+00 2.248872e+01 7.178598e+00 3.207552e+00 4.436334e+00 5.000000e-02 2.314277e-01 2.146790e-01 3.478651e-01 8.301297e-01 5.391913e-01 5.376893e-02 1.077624e+00 6.883019e-02 6.874137e-01 4.313116e-01 4.762294e-01 1.212689e-01 5.000000e-02 5.000000e-02 5.000000e-02 1.733297e-01 1.610832e-01 2.460449e-01 5.000000e-02 5.215432e-02 6.302486e-02 2.228649e-01 9.859133e-02 9.688176e-02 7.594288e-02 5.000000e-02
<GCONST> 4.748372e+01
<STATE> 9
<MEAN> 39
 -4.081918e+00 -2.196216e+01 -1.809006e+01 -1.404780e+01 1.076753e+01 -9.206885e+00 1.115282e+01 -8.713669e+00 7.362487e+00 -3.042127e+00 -6.925028e+00 -7.511568e+00 9.634167e-01 3.556736e-01 2.762974e-01 1.775687e-02 -9.102873e-01 5.042638e-01 7.817472e-01 -1.241178e+00 2.369278e-01 8.895547e-01 1.702609e+00 -4.007299e-01 -3.006445e-01 1.585144e-03 -1.143887e-02 -3.506957e-02 -1.065215e-01 1.252824e-01 -2.718139e-01 -5.924203e-02 -7.008137e-01 6.989928e-01 -7.332446e-02 1.817166e-02 -1.128990e-01 -9.258179e-03 1.120490e-03
<VARIANCE> 39
 4.304534e+00 1.287499e+01 2.899371e+01 1.357422e+01 2.349189e+01 1.869120e+01 2.565966e+01 1.006964e+01 2.330485e+01 1.380232e+01 4.432891e+00 4.210155e+00 5.000000e-02 1.557545e-01 6.683256e-02 7.298328e-01 9.456646e-01 7.312760e-01 3.565221e-01 1.093112e+00 6.803216e-01 9.151140e-01 5.625455e-01 1.037951e+00 3.039931e-01 5.000000e-02 5.000000e-02 5.000000e-02 5.000000e-02 5.946288e-02 6.523150e-02 5.000000e-02 1.629231e-01 5.000000e-02 2.216226e-01 9.201057e-02 2.144210e-01 5.000000e-02 5.000000e-02
<GCONST> 5.385204e+01
<STATE> 10
<MEAN> 39
 -3.258803e+00 -2.171773e+01 -1.892577e+01 -1.515582e+01 9.946070e+00 -7.644334e+00 6.217128e+00 -6.448046e+00 9.491488e+00 1.015833e+00 -7.992669e+00 -8.350275e+00 9.710310e-01 1.798549e-01 7.503344e-02 -3.541597e-01 -5.620825e-01 -1.161615e-01 7.321013e-01 -2.261251e+00 1.164108e+00 1.014167e+00 1.410111e+00 -1.400740e+00 -4.179156e-01 1.044452e-02 -1.052698e-01 -9.586364e-02 1.064918e-01 2.159342e-01 -1.803452e-01 -1.028736e-01 1.943002e-01 4.053221e-01 -2.658598e-01 -5.555240e-01 -3.323936e-01 -3.319564e-02 1.246896e-04
<VARIANCE> 39
 3.258894e+00 1.130757e+01 2.953369e+01 1.083901e+01 3.002322e+01 9.728263e+00 1.106435e+01 2.097599e+00 2.454642e+01 1.201662e+01 9.596170e+00 4.772039e+00 5.000000e-02 1.236811e-01 3.605418e-01 2.516813e-01 2.962072e-01 3.288564e-01 4.172130e-01 1.023441e+00 6.888518e-01 1.183209e+00 1.302804e+00 6.629095e-01 2.684578e-01 5.000000e-02 5.000000e-02 5.000000e-02 5.209564e-02 1.939859e-01 1.945209e-01 9.512594e-02 1.591572e-01 2.281665e-01 3.619424e-01 1.264714e-01 1.614290e-01 7.236647e-02 5.000000e-02
<GCONST> 5.563715e+01
<STATE> 11
<MEAN> 39
 -3.424263e+00 -2.358293e+01 -1.728508e+01 -1.758401e+01 8.680554e+00 -4.965270e+00 -1.101535e-01 -2.892807e+00 1.024006e+01 2.740320e+00 -1.219608e+01 -8.960501e+00 9.930723e-01 -6.105237e-02 -2.285744e-02 2.374759e-01 -3.121418e-01 -5.195146e-01 7.978338e-01 -1.127454e+00 1.759348e+00 8.665019e-02 2.500595e-02 -1.703264e+00 -5.981421e-01 6.181566e-03 -2.205955e-01 2.969256e-01 5.216033e-02 1.290414e-01 -2.167226e-01 -1.201233e-01 9.483757e-01 -2.436684e-01 -1.822816e-01 -7.984434e-01 4.695337e-01 2.280644e-01 -5.620136e-03
<VARIANCE> 39
 3.120017e+00 1.718509e+01 3.327989e+01 1.449233e+01 1.320419e+01 1.834729e+01 2.245784e+01 9.735932e+00 1.598254e+01 1.215773e+01 3.295094e+00 7.459520e+00 5.000000e-02 7.690947e-02 2.814851e-01 2.099782e-01 4.991401e-01 8.989842e-01 5.994791e-01 1.219569e+00 1.034474e+00 1.392978e+00 9.503540e-02 3.963937e-01 4.781712e-01 5.000000e-02 5.000000e-02 1.781240e-01 1.308333e-01 6.903517e-02 7.669073e-02 2.300348e-01 5.274320e-02 1.354436e-01 2.354009e-01 2.756286e-01 1.028998e-01 9.057730e-02 5.000000e-02
<GCONST> 5.622219e+01
<STATE> 12
<MEAN> 39
 -3.524949e+00 -2.129260e+01 -1.887380e+01 -1.532676e+01 9.225786e+00 -6.270297e+00 3.261928e+00 -1.785634e+00 1.167774e+01 1.395773e+00 -1.376027e+01 -9.871758e+00 9.928749e-01 -3.357978e-01 3.756406e-01 5.400415e-01 -4.476288e-01 -5.268191e-01 -7.319336e-02 7.993321e-01 4.244324e-01 1.963692e-01 -1.666133e+00 -3.586397e-01 2.115492e-01 -8.345430e-03 -6.943437e-02 1.771862e-01 2.314132e-02 -1.551616e-01 -9.855724e-02 -3.480942e-01 6.986432e-01 -4.239280e-01 -5.843164e-01 -5.118612e-01 6.581482e-01 5.369636e-01 -8.076793e-03
<VARIANCE> 39
 4.734210e+00 1.159924e+01 3.664680e+01 1.628851e+01 1.196425e+01 1.059068e+01 1.054626e+01 1.457110e+01 1.432264e+01 1.629103e+01 9.108559e+00 2.738697e+00 5.000000e-02 5.000000e-02 4.548204e-01 2.476929e-01 4.943086e-01 9.521003e-01 9.514089e-01 4.696652e-01 1.271994e+00 1.227464e+00 5.864034e-01 8.000930e-01 4.578156e-01 5.000000e-02 5.000000e-02 1.069147e-01 5.736576e-02 1.051601e-01 1.003947e-01 3.805832e-01 1.879661e-01 2.556341e-01 2.506979e-01 1.883455e-01 5.000000e-02 6.455036e-02 5.000000e-02
<GCONST> 5.837123e+01
<STATE> 13
<MEAN> 39
 -4.949818e+00 -2.156851e+01 -1.539332e+01 -1.903041e+01 7.395252e+00 -4.603368e+00 4.225430e+00 -1.345900e+00 1.132159e+01 -2.324026e+00 -1.237262e+01 -8.781570e+00 9.709831e-01 -4.064780e-01 1.218098e+00 -1.837361e-01 -5.516490e-01 -8.016624e-01 2.528879e-01 1.031165e+00 3.044184e-01 -1.243073e+00 -1.098703e+00 5.784039e-01 1.443781e+00 -1.818449e-02 1.363593e-01 8.346833e-03 -6.937426e-02 2.421558e-01 -1.378669e-01 -1.633336e-01 -2.730624e-02 -1.226845e-01 -5.712532e-01 5.403461e-02 3.086482e-02 4.062027e-01 -4.380216e-03
<VARIANCE> 39
 3.775870e+00 1.142460e+01 2.350975e+01 2.023517e+01 1.450621e+01 3.469629e+01 3.381343e+01 1.384154e+01 1.356990e+01 4.317085e+00 7.027606e+00 1.090495e+00 5.000000e-02 6.212632e-02 8.677160e-01 4.192609e-01 5.197310e-01 9.826960e-01 2.893945e+00 2.158301e+00 2.024952e+00 1.584133e+00 7.588854e-01 8.721936e-02 2.912138e-01 5.000000e-02 5.000000e-02 1.691152e-01 1.210286e-01 1.742447e-01 4.519188e-01 5.551801e-01 1.060819e-01 2.851112e-01 2.252993e-01 1.058358e-01 5.855023e-02 5.618476e-02 5.000000e-02
<GCONST> 6.271662e+01
<STATE> 14
<MEAN> 39
 -4.873624e+00 -1.872654e+01 -1.743711e+01 -1.841710e+01 5.694882e+00 -4.417677e+00 6.720930e+00 -1.731960e+00 7.585646e+00 -3.146728e+00 -1.029897e+01 -4.555843e+00 9.326092e-01 5.932303e-02 5.718570e-01 -8.209436e-02 4.367479e-01 -1.081693e+00 -8.062280e-01 5.658637e-01 2.178295e-01 -1.633312e+00 -1.533201e+00 -2.588533e-02 1.479097e+00 -2.172926e-02 9.581823e-02 -4.710092e-01 1.515233e-01 4.617496e-01 -1.299526e-01 -7.900369e-01 -4.928206e-02 2.853388e-01 1.428088e-01 2.403118e-02 -7.237968e-02 -1.346278e-01 5.518614e-05
<VARIANCE> 39
 4.728307e+00 5.390407e+00 1.711447e+01 1.082367e+01 1.464493e+01 4.335054e+01 3.673994e+01 9.493643e+00 1.946383e+01 1.047785e+01 2.301999e+00 2.353521e+00 5.000000e-02 1.052808e-01 6.908817e-01 4.209191e-01 9.686366e-01 1.971576e+00 5.134193e+00 5.281192e-01 8.050472e-01 1.046192e+00 5.053501e-01 5.431632e-01 8.055749e-02 5.000000e-02 5.000000e-02 1.184831e-01 1.492096e-01 1.481543e-01 3.443662e-01 2.136643e-01 2.915394e-01 2.524284e-01 3.044740e-01 1.537134e-01 1.186866e-01 5.000000e-02 5.000000e-02
<GCONST> 6.229210e+01
<STATE> 15
<MEAN> 39
 -4.092537e+00 -1.831377e+01 -1.764521e+01 -1.685048e+01 4.942861e+00 -7.860382e+00 4.819386e+00 -1.045898e+00 3.682665e+00 -5.356530e+00 -1.435431e+01 -4.229694e+00 8.938667e-01 1.142647e-01 -8.604257e-01 8.061563e-01 4.292687e-01 -9.191141e-01 -2.133579e+00 8.280250e-01 8.273481e-01 -1.192871e+00 -8.987137e-01 -3.566802e-01 9.166895e-01 -2.081011e-02 3.541127e-02 -4.373215e-01 3.298347e-01 7.079093e-02 -2.858194e-01 -4.988931e-01 9.068178e-02 2.649931e-01 7.245147e-01 5.091148e-01 3.603564e-01 -2.769942e-01 3.742659e-03
<VARIANCE> 39
 3.956818e+00 3.090497e+00 3.389910e+01 1.212664e+01 1.370877e+01 1.051594e+02 4.599567e+01 7.981625e+00 1.167624e+00 4.053390e+00 1.362198e+01 3.360997e+00 5.000000e-02 5.172043e-01 6.158636e-01 8.992460e-01 1.197319e+00 3.302896e+00 1.590158e+00 1.047694e+00 8.477506e-01 1.028454e+00 1.252776e+00 1.368155e+00 1.813604e-01 5.000000e-02 5.000000e-02 1.351493e-01 5.000000e-02 5.942494e-02 2.055449e-01 7.346348e-01 5.036090e-02 1.531849e-01 8.623097e-02 6.782597e-02 9.525578e-02 8.848345e-02 5.000000e-02
<GCONST> 6.161105e+01
<STATE> 16
<MEAN> 39
 -5.146097e+00 -2.024697e+01 -1.692280e+01 -1.504110e+01 1.705082e+00 -1.184501e+01 8.331912e+00 8.687658e-01 4.736682e+00 -7.870958e+00 -1.248700e+01 -1.321495e+00 8.678816e-01 -8.709356e-03 -7.898319e-01 9.890762e-01 1.027885e+00 -1.961706e+00 -3.004355e+00 1.106140e+00 1.079596e+00 5.709962e-01 -9.832521e-02 1.592672e+00 7.006463e-01 -1.307343e-02 3.945591e-02 1.270064e-01 3.814240e-01 -3.331139e-01 -2.160217e-01 -1.046142e-01 8.287019e-02 -2.277421e-01 4.346835e-01 9.058700e-01 4.622889e-01 -9.289773e-01 6.123933e-03
<VARIANCE> 39
 4.355206e+00 6.799306e+00 2.495836e+01 1.497289e+01 1.551802e+01 8.516782e+01 3.647174e+01 7.258884e-01 1.764635e+00 8.760317e+00 1.276578e+01 1.305879e+00 5.000000e-02 1.197837e-01 5.468415e-01 3.188187e-01 8.078635e-01 2.991330e-01 1.246456e+00 7.298019e-01 3.596340e-01 3.645330e-01 1.263722e+00 1.285815e+00 7.779417e-01 5.000000e-02 5.000000e-02 9.160708e-02 5.000000e-02 1.849839e-01 3.378401e-01 5.640881e-01 1.690452e-01 2.376551e-01 1.511941e-01 1.659487e-01 1.701648e-01 2.769544e-01 5.000000e-02
<GCONST> 5.915353e+01
<STATE> 17
<MEAN> 39
 -4.071132e+00 -2.232406e+01 -1.324707e+01 -1.522268e+01 -7.103162e-01 -1.605531e+01 9.736301e+00 3.105585e+00 6.749710e+00 -5.361659e+00 -8.043551e+00 -1.933243e+00 8.621264e-01 1.878607e-01 1.343535e-01 1.641168e+00 -5.005126e-01 -2.399514e+00 -2.134512e+00 6.918548e-01 5.253965e-01 1.817872e-01 1.808900e+00 9.934555e-01 -1.560786e+00 1.138871e-04 -8.243110e-02 4.460298e-01 2.633172e-01 -4.713580e-01 1.677132e-01 8.334524e-01 -9.484323e-02 -2.570288e-01 -5.331312e-01 3.830770e-01 -4.760137e-01 -8.536878e-01 7.455657e-04
<VARIANCE> 39
 8.264903e+00 8.169760e+00 1.262220e+01 3.407504e+01 3.009378e+01 7.962422e+01 8.639955e+01 1.072516e+01 3.922860e+00 1.979006e+01 2.779399e+01 9.146585e+00 5.000000e-02 6.667738e-02 6.084135e-01 1.097643e-01 9.194273e-01 3.434082e-01 2.161598e+00 8.451629e-01 1.476081e+00 4.360035e-01 9.913769e-01 8.896897e-01 3.578222e+00 5.000000e-02 5.000000e-02 1.377410e-01 5.000000e-02 3.264865e-01 2.710000e-01 3.760802e-01 4.714038e-01 3.423418e-01 1.482282e-01 3.985881e-01 3.885887e-01 5.574466e-01 5.000000e-02
<GCONST> 7.465481e+01
<STATE> 18
<MEAN> 39
 -3.417874e+00 -2.093929e+01 -9.324829e+00 -1.727986e+01 -5.120278e+00 -1.722668e+01 7.808731e+00 3.732755e+00 5.052091e+00 -1.485087e+00 -9.518961e+00 -5.534691e+00 8.781326e-01 -1.382603e-01 3.712280e-01 2.012003e+00 -7.819856e-01 -1.047700e+00 -4.903431e-01 1.272560e+00 -4.117927e-02 -6.793807e-01 1.133857e+00 1.829661e-01 -2.411034e+00 -4.118744e-03 -2.045369e-01 -7.594945e-02 8.763342e-02 -2.879734e-01 8.478249e-01 9.564104e-01 8.810508e-02 -7.838559e-01 -6.156609e-01 -2.610553e-01 -6.617638e-01 -9.511164e-02 -8.827821e-03
<VARIANCE> 39
 5.379190e+00 7.509555e+00 2.811760e+01 2.861148e+01 1.492136e+01 5.428791e+01 7.063004e+01 2.349439e+01 6.185896e+00 5.427571e+00 1.673982e+01 3.391734e+01 5.000000e-02 7.824223e-02 6.403127e-01 5.344283e-02 1.227975e+00 6.840307e-01 1.957395e+00 4.299982e+00 1.647338e+00 9.180580e-01 1.900617e+00 1.562521e+00 4.511858e+00 5.000000e-02 5.000000e-02 8.999858e-02 5.000000e-02 2.316159e-01 5.498009e-02 2.764305e-01 4.937372e-01 3.711821e-01 1.023237e-01 1.373097e-01 1.302987e-01 7.467536e-01 5.000000e-02
<GCONST> 7.374692e+01
<STATE> 19
<MEAN> 39
 -5.042816e+00 -1.967032e+01 -8.336261e+00 -1.756701e+01 -4.412892e+00 -1.823501e+01 1.369058e+01 1.835537e+00 3.667469e+00 -7.902169e-01 -7.802474e+00 -1.191173e+01 8.403792e-01 -4.043923e-01 -2.078380e-01 1.927450e+00 -1.120395e+00 4.768421e-01 1.023817e+00 3.584536e-01 -1.375823e+00 -2.039165e+00 5.902588e-01 -1.350265e+00 -1.556010e+00 -3.076728e-02 -2.065473e-01 -1.386598e-01 -1.781569e-02 -2.214498e-02 3.002316e-01 3.473844e-01 -5.560066e-01 -2.334772e-01 2.625800e-01 -5.143065e-02 -3.686539e-01 1.148530e+00 -1.010135e-02
<VARIANCE> 39
 8.019089e+00 1.201018e+01 2.568134e+01 1.549009e+01 1.370846e+01 2.709538e+01 1.850830e+01 3.002666e+01 2.296921e+01 1.151263e+01 5.796573e+00 2.650317e+01 5.000000e-02 1.766110e-01 1.431510e+00 7.723290e-01 1.092153e+00 7.378806e-01 9.821503e-01 2.502260e+00 1.341676e+00 1.442071e+00 6.283235e-01 1.011600e+00 3.505885e+00 5.000000e-02 5.000000e-02 2.823024e-01 8.117733e-02 3.566307e-01 1.857290e-01 3.324234e-01 6.222803e-02 5.644282e-01 5.990102e-01 4.346490e-01 2.902269e-01 5.036063e-01 5.000000e-02
<GCONST> 7.939946e+01
<STATE> 20
<MEAN> 39
 -5.198451e+00 -2.141716e+01 -4.950981e+00 -1.989022e+01 -3.138276e+00 -1.643128e+01 1.240645e+01 -1.858074e+00 -5.799084e-01 -6.866353e-01 -1.251946e+01 -1.081454e+01 7.680805e-01 -1.030834e+00 -3.115140e-01 1.908193e+00 -1.247992e+00 -9.334423e-02 9.318893e-01 -6.812164e-01 -1.812822e+00 5.399039e-01 1.531466e+00 -9.148436e-01 8.237392e-01 -4.234763e-02 7.239711e-02 -2.690876e-03 -3.071889e-01 -1.862098e-01 -1.564505e-01 1.439253e-02 -5.994292e-01 2.229081e-01 8.927045e-01 4.674678e-01 4.316545e-01 1.165549e+00 -7.089618e-03
<VARIANCE> 39
 9.464856e+00 2.236640e+01 2.250521e+01 1.204816e+01 4.240970e+00 3.677988e+01 1.606387e+01 1.850793e+01 3.112367e+01 1.602324e+00 9.780558e+00 2.059076e+01 5.000000e-02 7.267735e-01 5.902851e-01 1.885545e-01 1.537148e+00 3.281075e-01 8.051658e-01 3.235827e+00 2.610359e+00 4.472713e+00 1.721582e+00 7.192482e-01 2.191749e+00 5.000000e-02 1.449361e-01 5.034668e-01 2.956240e-01 2.417011e-01 9.307099e-02 1.826322e-01 5.540141e-01 5.323380e-01 4.915746e-01 7.026803e-02 1.251783e-01 2.649839e-01 5.000000e-02
<GCONST> 7.749747e+01
<STATE> 21
<MEAN> 39
 -7.952499e+00 -2.043364e+01 -9.207903e-01 -2.198516e+01 -4.539907e+00 -1.428325e+01 1.006856e+01 -2.353465e+00 4.362077e+00 3.994581e+00 -1.286973e+01 -8.239755e+00 6.992753e-01 -6.077347e-02 1.661032e-01 7.982407e-01 -1.214064e+00 -4.094002e-01 7.388628e-01 -1.256032e+00 6.530388e-02 1.057881e+00 1.995407e+00 3.597993e-01 2.861731e+00 -5.346068e-02 9.119189e-01 -2.205054e-01 -9.643538e-01 1.089395e+00 -4.074922e-01 3.369740e-01 -2.578161e-01 5.440242e-01 2.861810e-01 -6.614380e-01 4.660280e-01 1.823381e-01 -6.804836e-03
<VARIANCE> 39
 1.156398e+01 3.861057e+00 2.143104e+01 1.835921e+01 1.501319e+01 5.131256e+01 3.132959e+01 1.779619e+01 3.824916e+01 4.320458e+00 6.447429e+00 9.996551e+00 5.000000e-02 1.509790e+00 2.698299e+00 3.586393e+00 1.254763e+00 5.803555e-01 2.401800e+00 1.214395e+00 3.586988e+00 2.150900e+00 1.450837e+00 2.021657e+00 3.831498e-01 5.000000e-02 2.063588e-01 1.274617e-01 1.551077e-01 4.475932e-01 2.139446e-01 4.848436e-01 5.755166e-01 4.590433e-01 9.283029e-01 5.679681e-01 1.812718e-01 3.717070e-01 5.000000e-02
<GCONST> 8.706246e+01
<STATE> 22
<MEAN> 39
 -6.635677e+00 -2.073265e+01 -8.867614e-01 -2.461199e+01 -3.989974e+00 -1.601875e+01 8.735735e+00 -3.673086e+00 3.370318e+00 9.548593e+00 -8.468893e+00 1.842354e-01 5.998476e-01 2.064880e+00 -8.987350e-01 -1.420537e+00 2.207846e+00 -1.591286e+00 1.908571e+00 -2.251533e+00 2.346040e-01 1.514413e+00 -4.501587e-01 2.814265e-01 1.545072e+00 -6.508709e-02 8.330189e-01 -3.347821e-01 -9.650591e-01 1.615119e+00 -2.979017e-01 7.573371e-01 -2.633594e-01 2.390452e-01 -9.661311e-02 -1.668210e+00 -2.193592e-01 -1.098516e+00 -2.888670e-04
<VARIANCE> 39
 9.443171e+00 9.719064e+00 8.173555e+00 1.574390e+01 1.891542e+01 4.493149e+01 3.310211e+01 9.194943e+00 4.931788e+00 1.195964e+01 2.738505e+01 1.838756e+01 5.000000e-02 1.094072e+00 6.816781e-01 1.074554e+00 2.168608e+00 1.497984e+00 4.542086e+00 1.748076e+00 2.664530e+00 1.295144e+00 3.955296e+00 1.081434e+00 1.132271e+00 5.000000e-02 1.926124e-01 2.849098e-01 4.328235e-01 2.571131e-01 2.841260e-01 5.485619e-01 5.642012e-01 8.464206e-01 1.514806e-01 2.134488e-01 4.034997e-01 1.442981e-01 5.000000e-02
<GCONST> 8.670265e+01
<STATE> 23
<MEAN> 39
 -5.542750e-01 -2.375813e+01 -5.952299e+00 -1.659265e+01 -7.718154e+00 -7.601530e+00 4.409284e+00 -2.394340e-01 7.287545e+00 1.137571e+00 -1.265354e+01 -1.543306e+00 5.034075e-01 2.750027e+00 -1.553552e+00 -1.608674e+00 3.863064e+00 -1.189674e+00 2.712196e+00 -1.793900e+00 2.254450e-01 8.010939e-01 -2.886815e+00 2.329225e-01 -4.826486e-01 -5.346091e-02 -3.073481e-01 2.189671e-01 -2.027107e-02 4.992881e-01 3.395456e-01 -3.100616e-01 3.569013e-01 -1.749719e-01 -5.633225e-01 -3.405105e-01 2.217555e-01 -7.978606e-01 7.958718e-03
<VARIANCE> 39
 3.942501e+00 6.370831e+00 8.631362e+00 1.904796e+01 3.420967e+00 1.252073e+01 9.396611e+00 1.108927e+01 1.893487e+01 2.823636e+01 1.173122e+01 2.696027e+00 5.000000e-02 7.616601e-01 3.453255e-01 1.497152e+00 1.279996e+00 2.015075e+00 3.617400e+00 3.641929e+00 1.264838e+00 4.118248e-01 1.120033e+00 2.040561e+00 2.736180e+00 5.000000e-02 2.805990e-01 2.334822e-01 2.325769e-01 3.351389e-01 1.837138e-01 3.742883e-01 2.078533e-01 5.028344e-01 2.020388e-01 5.270890e-01 1.076957e-01 5.000000e-02 5.000000e-02
<GCONST> 7.525334e+01
<STATE> 24
<MEAN> 39
 1.110519e+00 -2.620712e+01 -7.069608e+00 -1.095956e+01 -1.058599e+01 -4.090859e+00 1.782807e+00 -1.928098e+00 7.638235e+00 -2.391574e+00 -1.046414e+01 -4.075473e+00 4.286856e-01 1.101356e+00 2.027270e-01 -1.732288e+00 3.487105e+00 2.357976e-01 8.684418e-01 -3.751487e-01 2.719384e-01 -5.480797e-01 -1.755501e+00 1.051067e+00 -9.427650e-01 -3.619263e-02 -6.007340e-01 6.970119e-01 1.977226e-01 -5.400925e-01 8.159882e-01 -1.005096e+00 6.363441e-01 5.707338e-02 -4.589062e-01 6.271362e-01 1.061410e-01 -4.745463e-02 9.739093e-03
<VARIANCE> 39
 1.051160e+00 2.642653e+00 2.004485e+01 1.237776e+01 1.216908e+01 7.790828e+00 1.214688e+01 1.669327e+01 4.632057e+00 1.056250e+01 9.929409e+00 1.191414e+01 5.000000e-02 8.462871e-01 7.063244e-01 9.634129e-01 2.198848e+00 1.733935e+00 3.531810e+00 1.007666e+00 3.037243e+00 1.177716e+00 2.274959e+00 7.826324e-01 2.214563e-01 5.000000e-02 8.857062e-02 5.000000e-02 2.181337e-01 2.727872e-01 4.312560e-01 3.122451e-01 4.741064e-01 2.222661e-01 5.000000e-02 3.281738e-01 2.075141e-01 1.812942e-01 5.000000e-02
<GCONST> 7.026604e+01
<STATE> 25
<MEAN> 39
 3.203787e+00 -2.208743e+01 -1.044173e+01 -7.192555e+00 -6.933930e+00 -5.761096e+00 3.423571e+00 -4.286863e-01 5.257082e+00 -3.005084e+00 -7.030450e+00 -4.234682e+00 3.939388e-01 3.189512e-01 7.583237e-01 -1.135030e+00 1.735759e+00 1.176421e+00 -6.732364e-01 2.894684e-01 4.891717e-01 -8.738483e-01 -4.618050e-01 6.471765e-01 -2.268067e-01 -2.261569e-02 -4.684596e-01 1.726752e-01 4.963093e-01 -7.238808e-01 3.945140e-01 -7.834130e-01 3.200912e-01 1.957258e-01 7.316476e-02 9.019173e-01 1.393610e-01 2.646942e-01 5.139049e-03
<VARIANCE> 39
 2.002733e+00 2.223316e+00 1.338410e+01 1.915611e+00 6.481054e+00 1.538723e+01 8.757701e+00 2.988854e+01 8.986406e+00 4.049547e+00 2.448491e+00 5.293094e+00 5.000000e-02 5.227154e-01 1.371595e+00 2.659488e-01 1.838301e+00 2.363459e+00 1.433742e+00 6.607365e-01 5.462649e-01 8.500308e-01 2.545149e+00 4.167601e-01 4.989140e-01 5.000000e-02 8.886549e-02 5.000000e-02 1.957634e-01 1.648852e-01 1.469719e-01 3.893164e-01 1.725178e-01 5.162929e-01 1.606875e-01 1.035895e-01 1.512736e-01 7.888925e-02 5.000000e-02
<GCONST> 5.945487e+01
<STATE> 26
<MEAN> 39
 2.661791e+00 -2.218799e+01 -9.819835e+00 -4.640083e+00 -5.789431e+00 -7.491060e+00 2.979641e+00 -1.663652e+00 3.611472e+00 -3.142079e+00 -9.059035e+00 -5.096959e+00 3.713823e-01 5.141926e-02 7.320247e-01 -2.616996e-01 1.283569e+00 9.087000e-01 -6.752735e-01 2.516701e-01 8.072145e-01 9.458655e-03 5.078920e-01 7.054344e-01 -1.696359e-01 -2.160366e-02 -2.009814e-01 -5.657047e-02 4.914744e-01 -4.194170e-01 -1.299950e-01 1.299943e-01 -5.699065e-02 5.574929e-02 3.966351e-01 4.326430e-01 1.756520e-01 1.002172e-01 3.642827e-04
<VARIANCE> 39
 4.458934e+00 1.074328e+01 2.178791e+01 5.610805e+00 1.081002e+01 1.172223e+01 1.202370e+00 7.809171e+00 7.365896e+00 8.220127e+00 3.169753e+00 9.119493e+00 5.000000e-02 3.816530e-01 9.481343e-01 6.582166e-01 3.581226e-01 1.929516e-01 1.366632e+00 1.017226e+00 1.076855e+00 6.976224e-01 8.985094e-01 4.538046e-01 4.904447e-01 5.000000e-02 1.163197e-01 1.987175e-01 1.272382e-01 1.817792e-01 2.033919e-01 2.112109e-01 1.034445e-01 1.966621e-01 9.991930e-02 3.153924e-01 1.021973e-01 5.000000e-02 5.000000e-02
<GCONST> 5.693088e+01
<STATE> 27
<MEAN> 39
 1.926436e+00 -2.192465e+01 -1.141913e+01 -3.976812e+00 -4.966080e+00 -8.362909e+00 4.022976e+00 2.264921e+00 5.922872e+00 -1.424655e+00 -5.901434e+00 -5.465354e+00 3.156337e-01 -1.473517e-01 9.139348e-01 4.991646e-01 7.577634e-01 1.019027e+00 -3.233864e-01 -7.280163e-02 1.438559e-01 2.310149e-01 5.495929e-01 1.370362e+00 -1.996986e-01 -2.466860e-02 -6.101215e-02 4.546383e-02 3.640955e-01 -3.255441e-01 1.123611e-02 4.712475e-01 -1.456886e-01 -4.339370e-01 -3.966990e-02 -2.927105e-01 -2.755207e-01 6.014940e-02 2.240462e-03
<VARIANCE> 39
 1.505187e+00 7.705349e+00 5.017916e+00 1.210424e+00 9.126347e+00 6.248147e+00 1.498247e+00 4.471417e+00 6.811963e+00 8.062232e+00 2.009419e+00 6.965192e+00 5.000000e-02 3.217395e-01 4.999202e-01 9.012258e-01 2.641033e-01 7.150119e-01 7.627928e-01 3.214173e-01 1.337786e+00 5.804760e-01 1.067893e+00 8.757609e-01 3.993338e-01 5.000000e-02 5.000000e-02 1.199730e-01 5.000000e-02 5.000000e-02 8.579856e-02 2.219332e-01 6.142667e-02 9.644733e-02 1.202745e-01 3.189460e-01 5.766362e-02 1.159536e-01 5.000000e-02
<GCONST> 4.482722e+01
<STATE> 28
<MEAN> 39
 2.377376e+00 -1.906994e+01 -9.142014e+00 -1.731212e+00 -1.103460e+00 -7.519008e+00 3.255481e+00 4.516913e-01 5.699292e+00 -9.219764e-01 -3.161613e+00 -4.758773e+00 2.912214e-01 -3.784253e-01 6.603186e-01 6.919065e-01 3.457858e-01 8.457543e-01 5.372586e-01 -7.122923e-03 -1.695633e-01 -1.257316e-01 -8.132444e-02 -5.652738e-02 7.195060e-04 -2.029145e-02 -8.289719e-02 -7.982892e-03 -1.297343e-01 -2.586837e-01 -2.974384e-01 5.234341e-02 4.933200e-02 -2.855521e-02 -1.766528e-01 -2.762975e-01 -4.506949e-01 -8.207233e-03 -6.202803e-04
<VARIANCE> 39
 2.396367e+00 5.099589e+00 1.348319e+01 6.494156e+00 1.078758e+01 1.063078e+01 1.261871e+01 6.591844e+00 5.572071e+00 6.004888e+00 1.107076e+01 7.986074e+00 5.000000e-02 2.606652e-01 3.739449e-01 2.572128e-01 1.673101e-01 1.115064e+00 7.268232e-01 6.397752e-01 1.572849e+00 1.330111e+00 1.784723e+00 9.039361e-01 5.537209e-01 5.000000e-02 5.032883e-02 1.343025e-01 8.064756e-02 1.284619e-01 1.993119e-01 1.674342e-01 2.296542e-01 3.257683e-01 1.819429e-01 2.963527e-01 1.206907e-01 1.021033e-01 5.000000e-02
<GCONST> 5.843958e+01
<STATE> 29
<MEAN> 39
 2.074090e-01 -2.107023e+01 -8.681924e+00 -3.189762e+00 -2.526106e+00 -6.425971e+00 3.264466e+00 -2.741157e-01 3.955238e+00 -2.573967e+00 -7.222082e+00 -5.804287e+00 2.625180e-01 -1.668781e-01 1.124832e+00 2.319656e-01 -1.530497e-02 5.380537e-01 6.463491e-01 1.842694e-01 -1.628420e-01 -6.863360e-01 -5.855016e-01 -3.837707e-01 2.105070e-01 -1.278794e-02 8.572406e-02 1.001489e-01 -2.386615e-01 -1.675904e-01 -1.368002e-01 -1.299777e-01 -8.527475e-02 2.043115e-01 -8.012863e-02 -1.545141e-01 2.643759e-01 1.407989e-01 1.207788e-03
<VARIANCE> 39
 3.105634e+00 1.084755e+01 3.351074e+00 3.138433e+00 2.033996e+01 1.679146e+00 5.054418e+00 1.408570e+01 2.293634e+01 2.073032e+01 1.140737e+01 1.022315e+01 5.000000e-02 6.440777e-01 3.787923e-01 9.124486e-02 7.233616e-01 1.210894e+00 8.398323e-01 2.264430e+00 2.603490e+00 1.183689e+00 2.213304e+00 3.786540e-01 7.818967e-01 5.000000e-02 1.083410e-01 1.351259e-01 7.259049e-02 9.984054e-02 2.632130e-01 6.701995e-02 2.142563e-01 3.370777e-01 2.524322e-01 3.331836e-01 2.146437e-01 1.383203e-01 5.000000e-02
<GCONST> 6.287855e+01
<STATE> 30
<MEAN> 39
 1.024480e+00 -1.613873e+01 -8.116181e+00 -2.430866e+00 -6.945139e-01 -6.042385e+00 4.073832e+00 1.211167e+00 5.398675e+00 -3.729264e-01 -4.081162e+00 -4.846436e+00 2.127965e-01 -1.547993e-01 9.542549e-01 -9.485908e-02 -3.925352e-01 -2.262929e-01 -1.697256e-01 -8.771192e-01 -3.008472e-01 -6.572347e-01 -8.863483e-01 3.315517e-01 2.016488e-01 -2.040047e-02 2.804405e-02 -1.196641e-01 -1.156109e-01 -7.854957e-02 7.540803e-02 -1.121114e-01 -4.304614e-01 -1.872906e-01 -2.294634e-01 -2.375519e-01 2.441764e-01 -2.327808e-02 1.058569e-03
<VARIANCE> 39
 5.579224e+00 6.025670e+00 2.235359e+01 2.693669e+00 5.788112e+00 3.279564e+00 2.106125e+01 2.845426e+01 1.683193e+01 1.116142e+01 3.531871e+00 2.709373e+00 5.000000e-02 7.002484e-01 1.158769e+00 9.565989e-01 1.057331e+00 1.414689e+00 6.392187e-01 1.516159e+00 9.071814e-01 6.972029e-01 1.051923e+00 7.494922e-01 1.186242e+00 5.000000e-02 1.194018e-01 1.094218e-01 1.444810e-01 1.259652e-01 2.675562e-01 1.438174e-01 8.106813e-01 9.134318e-01 5.338423e-01 5.534926e-01 1.109009e-01 8.151721e-02 5.000000e-02
<GCONST> 6.890202e+01
<STATE> 31
<MEAN> 39
 6.119832e-01 -1.612007e+01 -8.599627e+00 -3.401950e+00 -2.030913e+00 -6.886725e+00 1.759706e+00 -2.674240e-01 2.635597e+00 -5.480564e+00 -4.410784e+00 -4.616902e+00 2.078696e-01 -5.268823e-01 2.183727e-01 -2.202158e-01 -2.912575e-01 3.249251e-01 1.340215e-01 -3.491371e-01 3.244650e-01 -4.156389e-01 -2.369824e-01 7.361571e-01 -5.945133e-02 -2.078255e-02 -7.660698e-02 -1.387376e-01 1.817735e-01 1.565952e-01 7.054748e-02 1.576878e-01 2.586339e-01 1.361318e-01 1.559880e-01 4.381212e-01 -1.474242e-02 1.741664e-02 -8.041809e-04
<VARIANCE> 39
 3.607172e+00 5.283307e+00 7.575917e+00 5.913504e+00 5.812960e+00 1.077260e+01 1.128174e+01 9.756438e+00 4.899984e+00 4.481760e+00 1.026384e+00 8.977150e+00 5.000000e-02 4.101364e-01 5.500705e-01 1.545825e+00 7.271692e-01 8.446975e-01 9.483403e-01 3.947375e+00 2.949085e+00 1.609426e+00 1.873936e+00 1.069535e+00 3.841270e-01 5.000000e-02 8.710256e-02 1.233819e-01 9.240060e-02 1.629012e-01 4.109858e-01 4.484082e-01 3.222820e-01 1.880167e-01 5.722470e-02 1.385884e-01 8.781669e-02 1.979503e-01 5.000000e-02
<GCONST> 6.254951e+01
<STATE> 32
<MEAN> 39
 3.346571e-01 -1.575618e+01 -8.116956e+00 -2.543720e+00 2.613977e-01 -5.732381e+00 1.690780e+00 5.640845e-01 2.320257e+00 -2.931645e+00 -2.655212e+00 -5.010520e+00 1.821391e-01 -3.762865e-01 8.866376e-01 7.832900e-01 8.420785e-02 3.950187e-01 2.960902e-01 -4.112141e-01 -2.820910e-01 -4.244582e-01 5.430427e-01 4.839678e-01 2.189003e-02 -2.199725e-02 -2.648548e-01 1.213788e-01 2.087787e-01 -6.213640e-02 -1.572333e-01 2.040113e-01 1.162082e-01 -5.104543e-02 3.388454e-01 2.868545e-01 -2.008492e-01 1.689649e-01 -9.783235e-03
<VARIANCE> 39
 1.522790e+00 9.259367e+00 6.194116e+00 8.391971e+00 1.733612e+01 3.210280e+00 1.622904e+01 6.375401e+00 5.213031e+00 1.069695e+01 6.442955e+00 3.279792e+00 5.000000e-02 2.443467e-01 4.496160e-01 6.424291e-01 6.358707e-01 2.061397e+00 2.483640e+00 1.107966e+00 6.863542e-01 1.135346e+00 1.851563e+00 4.517586e-01 5.615187e-01 5.000000e-02 1.065430e-01 1.310083e-01 1.899233e-01 1.566301e-01 2.289368e-01 6.295806e-02 4.338879e-01 3.943577e-01 4.396763e-01 5.138901e-01 1.337958e-01 5.000000e-02 5.000000e-02
<GCONST> 6.235769e+01
<STATE> 33
<MEAN> 39
 -5.506997e-01 -1.444361e+01 -8.000098e+00 -3.741285e+00 -1.192063e+00 -6.555194e+00 -1.926749e-01 -1.153721e+00 4.928318e-01 -3.473427e+00 -2.889219e+00 -4.974216e+00 1.380578e-01 -1.293147e+00 7.186827e-01 5.671409e-01 -1.816675e-01 2.741159e-01 1.145237e+00 2.723542e-01 2.800519e-01 6.449364e-01 3.786095e-01 -1.331995e-01 5.604799e-01 -5.314925e-02 -2.458974e-01 -1.211151e-01 2.983894e-02 1.566480e-01 6.037140e-02 1.716398e-01 2.966020e-01 1.878056e-01 3.426822e-01 -3.402065e-02 -2.770784e-02 2.685280e-01 -7.286161e-03
<VARIANCE> 39
 2.673149e+00 7.152792e+00 1.491842e+01 4.844848e+00 2.160116e+01 1.473310e+01 4.020927e+00 6.912765e+00 4.544634e+00 7.971701e+00 1.467659e+01 5.984744e+00 5.000000e-02 3.606704e-01 6.674311e-01 5.305480e-01 4.681780e-01 8.784450e-01 5.010720e-01 8.481362e-01 9.398970e-01 1.473932e+00 1.073488e+00 7.301977e-01 5.770991e-01 5.000000e-02 6.506087e-02 1.370816e-01 2.187514e-01 1.703265e-01 4.554644e-01 2.866894e-01 5.262979e-02 1.581315e-01 2.048373e-01 1.966462e-01 3.743663e-01 5.000000e-02 5.000000e-02
<GCONST> 6.078062e+01
<STATE> 34
<MEAN> 39
 -3.825396e+00 -1.310907e+01 -5.584685e+00 -3.453968e+00 -4.193581e-03 -3.284363e+00 2.413428e+00 1.379833e+00 4.163910e+00 -2.677539e+00 -4.210775e+00 -2.851343e+00 2.095295e-02 -1.009630e+00 4.018425e-01 5.854973e-01 2.850726e-01 -2.757663e-01 5.511256e-02 1.636856e-01 -1.966509e-01 1.631128e-01 4.353006e-01 1.052851e-01 7.116195e-01 -4.476233e-02 2.085166e-01 1.015632e-01 1.063660e-01 7.081433e-02 -5.520438e-02 -3.756414e-01 -9.570180e-02 -2.921083e-01 -2.948955e-01 -3.782780e-02 2.434691e-01 -2.311039e-01 8.103208e-03
<VARIANCE> 39
 8.400127e-01 2.027857e+00 4.380883e+00 2.309469e+00 2.983016e+00 1.596573e+01 2.226500e+01 7.336389e+00 2.184965e+01 8.108681e+00 1.013359e+01 4.896179e+00 5.000000e-02 3.314460e-01 6.755715e-01 1.078875e+00 7.976586e-01 1.316050e+00 1.173155e+00 9.598353e-01 1.908667e+00 2.629797e+00 1.133108e+00 2.217658e+00 2.733159e-01 5.000000e-02 5.000000e-02 9.767143e-02 1.724878e-01 5.989429e-02 9.978842e-02 2.926795e-01 3.784184e-01 2.050773e-01 2.576763e-01 2.851648e-01 1.546725e-01 1.737813e-01 5.000000e-02
<GCONST> 6.135075e+01
<STATE> 35
<MEAN> 39
 -5.243655e+00 -1.252216e+01 -5.360571e+00 -2.326620e+00 -6.027802e-01 -2.879918e+00 3.105594e+00 -1.327919e+00 3.075490e+00 -6.637747e-01 -2.336133e+00 -1.964290e+00 -6.092212e-02 -5.059530e-01 8.294885e-01 9.444605e-01 4.040145e-01 3.380983e-01 1.151988e-01 2.298537e-01 -8.720155e-01 -6.037019e-01 -8.980726e-02 7.718294e-01 2.207993e-01 -1.922740e-02 4.362559e-01 6.611823e-02 1.252818e-01 4.896840e-02 2.299952e-01 -1.502133e-01 4.780726e-02 1.846488e-01 -1.677984e-01 -3.268704e-01 9.337948e-02 -3.865835e-01 2.028496e-02
<VARIANCE> 39
 4.959219e-01 2.471621e+00 9.981462e-01 1.104672e+00 2.499229e+00 4.902941e+00 2.452561e+00 1.455385e+01 2.406831e+01 9.937007e+00 1.601363e+01 4.860134e-01 5.000000e-02 1.492107e-01 2.684735e-01 5.022714e-01 3.358356e-01 3.219807e-01 1.359493e+00 4.055427e+00 2.415439e+00 1.186368e+00 1.326105e+00 6.231611e-01 5.849367e-01 5.000000e-02 9.372434e-02 5.000000e-02 1.268122e-01 5.000000e-02 5.000000e-02 2.352117e-01 2.210305e-01 3.983909e-01 4.470576e-01 1.517938e-01 2.459647e-01 5.000000e-02 5.000000e-02
<GCONST> 4.811841e+01
<TRANSP> 36
 0.000000e+00 1.000000e+00 0.000000e+00 0.000000e+00 0.000000e+00 0.000000e+00 0.000000e+00 0.000000e+00 0.000000e+00 0.000000e+00 0.000000e+00 0.000000e+00 0.000000e+00 0.000000e+00 0.000000e+00 0.000000e+00 0.000000e+00 0.000000e+00 0.000000e+00 0.000000e+00 0.000000e+00 0.000000e+00 0.000000e+00 0.000000e+00 0.000000e+00 0.000000e+00 0.000000e+00 0.000000e+00 0.000000e+00 0.000000e+00 0.000000e+00 0.000000e+00 0.000000e+00 0.000000e+00 0.000000e+00 0.000000e+00
 0.000000e+00 1.989562e-01 8.010438e-01 0.000000e+00 0.000000e+00 0.000000e+00 0.000000e+00 0.000000e+00 0.000000e+00 0.000000e+00 0.000000e+00 0.000000e+00 0.000000e+00 0.000000e+00 0.000000e+00 0.000000e+00 0.000000e+00 0.000000e+00 0.000000e+00 0.000000e+00 0.000000e+00 0.000000e+00 0.000000e+00 0.000000e+00 0.000000e+00 0.000000e+00 0.000000e+00 0.000000e+00 0.000000e+00 0.000000e+00 0.000000e+00 0.000000e+00 0.000000e+00 0.000000e+00 0.000000e+00 0.000000e+00
 0.000000e+00 0.000000e+00 5.000061e-01 4.999940e-01 0.000000e+00 0.000000e+00 0.000000e+00 0.000000e+00 0.000000e+00 0.000000e+00 0.000000e+00 0.000000e+00 0.000000e+00 0.000000e+00 0.000000e+00 0.000000e+00 0.000000e+00 0.000000e+00 0.000000e+00 0.000000e+00 0.000000e+00 0.000000e+00 0.000000e+00 0.000000e+00 0.000000e+00 0.000000e+00 0.000000e+00 0.000000e+00 0.000000e+00 0.000000e+00 0.000000e+00 0.000000e+00 0.000000e+00 0.000000e+00 0.000000e+00 0.000000e+00
 0.000000e+00 0.000000e+00 0.000000e+00 4.444444e-01 5.555556e-01 0.000000e+00 0.000000e+00 0.000000e+00 0.000000e+00 0.000000e+00 0.000000e+00 0.000000e+00 0.000000e+00 0.000000e+00 0.000000e+00 0.000000e+00 0.000000e+00 0.000000e+00 0.000000e+00 0.000000e+00 0.000000e+00 0.000000e+00 0.000000e+00 0.000000e+00 0.000000e+00 0.000000e+00 0.000000e+00 0.000000e+00 0.000000e+00 0.000000e+00 0.000000e+00 0.000000e+00 0.000000e+00 0.000000e+00 0.000000e+00 0.000000e+00
 0.000000e+00 0.000000e+00 0.000000e+00 0.000000e+00 3.749757e-01 6.250243e-01 0.000000e+00 0.000000e+00 0.000000e+00 0.000000e+00 0.000000e+00 0.000000e+00 0.000000e+00 0.000000e+00 0.000000e+00 0.000000e+00 0.000000e+00 0.000000e+00 0.000000e+00 0.000000e+00 0.000000e+00 0.000000e+00 0.000000e+00 0.000000e+00 0.000000e+00 0.000000e+00 0.000000e+00 0.000000e+00 0.000000e+00 0.000000e+00 0.000000e+00 0.000000e+00 0.000000e+00 0.000000e+00 0.000000e+00 0.000000e+00
 0.000000e+00 0.000000e+00 0.000000e+00 0.000000e+00 0.000000e+00 1.667252e-01 8.332747e-01 0.000000e+00 0.000000e+00 0.000000e+00 0.000000e+00 0.000000e+00 0.000000e+00 0.000000e+00 0.000000e+00 0.000000e+00 0.000000e+00 0.000000e+00 0.000000e+00 0.000000e+00 0.000000e+00 0.000000e+00 0.000000e+00 0.000000e+00 0.000000e+00 0.000000e+00 0.000000e+00 0.000000e+00 0.000000e+00 0.000000e+00 0.000000e+00 0.000000e+00 0.000000e+00 0.000000e+00 0.000000e+00 0.000000e+00
 0.000000e+00 0.000000e+00 0.000000e+00 0.000000e+00 0.000000e+00 0.000000e+00 4.443165e-01 5.556834e-01 0.000000e+00 0.000000e+00 0.000000e+00 0.000000e+00 0.000000e+00 0.000000e+00 0.000000e+00 0.000000e+00 0.000000e+00 0.000000e+00 0.000000e+00 0.000000e+00 0.000000e+00 0.000000e+00 0.000000e+00 0.000000e+00 0.000000e+00 0.000000e+00 0.000000e+00 0.000000e+00 0.000000e+00 0.000000e+00 0.000000e+00 0.000000e+00 0.000000e+00 0.000000e+00 0.000000e+00 0.000000e+00
 0.000000e+00 0.000000e+00 0.000000e+00 0.000000e+00 0.000000e+00 0.000000e+00 0.000000e+00 2.859972e-01 7.140028e-01 0.000000e+00 0.000000e+00 0.000000e+00 0.000000e+00 0.000000e+00 0.000000e+00 0.000000e+00 0.000000e+00 0.000000e+00 0.000000e+00 0.000000e+00 0.000000e+00 0.000000e+00 0.000000e+00 0.000000e+00 0.000000e+00 0.000000e+00 0.000000e+00 0.000000e+00 0.000000e+00 0.000000e+00 0.000000e+00 0.000000e+00 0.000000e+00 0.000000e+00 0.000000e+00 0.000000e+00
 0.000000e+00 0.000000e+00 0.000000e+00 0.000000e+00 0.000000e+00 0.000000e+00 0.000000e+00 0.000000e+00 4.409042e-01 5.590958e-01 0.000000e+00 0.000000e+00 0.000000e+00 0.000000e+00 0.000000e+00 0.000000e+00 0.000000e+00 0.000000e+00 0.000000e+00 0.000000e+00 0.000000e+00 0.000000e+00 0.000000e+00 0.000000e+00 0.000000e+00 0.000000e+00 0.000000e+00 0.000000e+00 0.000000e+00 0.000000e+00 0.000000e+00 0.000000e+00 0.000000e+00 0.000000e+00 0.000000e+00 0.000000e+00
 0.000000e+00 0.000000e+00 0.000000e+00 0.000000e+00 0.000000e+00 0.000000e+00 0.000000e+00 0.000000e+00 0.000000e+00 4.478903e-01 5.521097e-01 0.000000e+00 0.000000e+00 0.000000e+00 0.000000e+00 0.000000e+00 0.000000e+00 0.000000e+00 0.000000e+00 0.000000e+00 0.000000e+00 0.000000e+00 0.000000e+00 0.000000e+00 0.000000e+00 0.000000e+00 0.000000e+00 0.000000e+00 0.000000e+00 0.000000e+00 0.000000e+00 0.000000e+00 0.000000e+00 0.000000e+00 0.000000e+00 0.000000e+00
 0.000000e+00 0.000000e+00 0.000000e+00 0.000000e+00 0.000000e+00 0.000000e+00 0.000000e+00 0.000000e+00 0.000000e+00 0.000000e+00 2.857115e-01 7.142885e-01 0.000000e+00 0.000000e+00 0.000000e+00 0.000000e+00 0.000000e+00 0.000000e+00 0.000000e+00 0.000000e+00 0.000000e+00 0.000000e+00 0.000000e+00 0.000000e+00 0.000000e+00 0.000000e+00 0.000000e+00 0.000000e+00 0.000000e+00 0.000000e+00 0.000000e+00 0.000000e+00 0.000000e+00 0.000000e+00 0.000000e+00 0.000000e+00
 0.000000e+00 0.000000e+00 0.000000e+00 0.000000e+00 0.000000e+00 0.000000e+00 0.000000e+00 0.000000e+00 0.000000e+00 0.000000e+00 0.000000e+00 3.750023e-01 6.249977e-01 0.000000e+00 0.000000e+00 0.000000e+00 0.000000e+00 0.000000e+00 0.000000e+00 0.000000e+00 0.000000e+00 0.000000e+00 0.000000e+00 0.000000e+00 0.000000e+00 0.000000e+00 0.000000e+00 0.000000e+00 0.000000e+00 0.000000e+00 0.000000e+00 0.000000e+00 0.000000e+00 0.000000e+00 0.000000e+00 0.000000e+00
 0.000000e+00 0.000000e+00 0.000000e+00 0.000000e+00 0.000000e+00 0.000000e+00 0.000000e+00 0.000000e+00 0.000000e+00 0.000000e+00 0.000000e+00 0.000000e+00 3.749975e-01 6.250024e-01 0.000000e+00 0.000000e+00 0.000000e+00 0.000000e+00 0.000000e+00 0.000000e+00 0.000000e+00 0.000000e+00 0.000000e+00 0.000000e+00 0.000000e+00 0.000000e+00 0.000000e+00 0.000000e+00 0.000000e+00 0.000000e+00 0.000000e+00 0.000000e+00 0.000000e+00 0.000000e+00 0.000000e+00 0.000000e+00
 0.000000e+00 0.000000e+00 0.000000e+00 0.000000e+00 0.000000e+00 0.000000e+00 0.000000e+00 0.000000e+00 0.000000e+00 0.000000e+00 0.000000e+00 0.000000e+00 0.000000e+00 3.750027e-01 6.249973e-01 0.000000e+00 0.000000e+00 0.000000e+00 0.000000e+00 0.000000e+00 0.000000e+00 0.000000e+00 0.000000e+00 0.000000e+00 0.000000e+00 0.000000e+00 0.000000e+00 0.000000e+00 0.000000e+00 0.000000e+00 0.000000e+00 0.000000e+00 0.000000e+00 0.000000e+00 0.000000e+00 0.000000e+00
 0.000000e+00 0.000000e+00 0.000000e+00 0.000000e+00 0.000000e+00 0.000000e+00 0.000000e+00 0.000000e+00 0.000000e+00 0.000000e+00 0.000000e+00 0.000000e+00 0.000000e+00 0.000000e+00 2.857157e-01 7.142843e-01 0.000000e+00 0.000000e+00 0.000000e+00 0.000000e+00 0.000000e+00 0.000000e+00 0.000000e+00 0.000000e+00 0.000000e+00 0.000000e+00 0.000000e+00 0.000000e+00 0.000000e+00 0.000000e+00 0.000000e+00 0.000000e+00 0.000000e+00 0.000000e+00 0.000000e+00 0.000000e+00
 0.000000e+00 0.000000e+00 0.000000e+00 0.000000e+00 0.000000e+00 0.000000e+00 0.000000e+00 0.000000e+00 0.000000e+00 0.000000e+00 0.000000e+00 0.000000e+00 0.000000e+00 0.000000e+00 0.000000e+00 3.749985e-01 6.250015e-01 0.000000e+00 0.000000e+00 0.000000e+00 0.000000e+00 0.000000e+00 0.000000e+00 0.000000e+00 0.000000e+00 0.000000e+00 0.000000e+00 0.000000e+00 0.000000e+00 0.000000e+00 0.000000e+00 0.000000e+00 0.000000e+00 0.000000e+00 0.000000e+00 0.000000e+00
 0.000000e+00 0.000000e+00 0.000000e+00 0.000000e+00 0.000000e+00 0.000000e+00 0.000000e+00 0.000000e+00 0.000000e+00 0.000000e+00 0.000000e+00 0.000000e+00 0.000000e+00 0.000000e+00 0.000000e+00 0.000000e+00 3.754421e-01 6.245579e-01 0.000000e+00 0.000000e+00 0.000000e+00 0.000000e+00 0.000000e+00 0.000000e+00 0.000000e+00 0.000000e+00 0.000000e+00 0.000000e+00 0.000000e+00 0.000000e+00 0.000000e+00 0.000000e+00 0.000000e+00 0.000000e+00 0.000000e+00 0.000000e+00
 0.000000e+00 0.000000e+00 0.000000e+00 0.000000e+00 0.000000e+00 0.000000e+00 0.000000e+00 0.000000e+00 0.000000e+00 0.000000e+00 0.000000e+00 0.000000e+00 0.000000e+00 0.000000e+00 0.000000e+00 0.000000e+00 0.000000e+00 2.850267e-01 7.149733e-01 0.000000e+00 0.000000e+00 0.000000e+00 0.000000e+00 0.000000e+00 0.000000e+00 0.000000e+00 0.000000e+00 0.000000e+00 0.000000e+00 0.000000e+00 0.000000e+00 0.000000e+00 0.000000e+00 0.000000e+00 0.000000e+00 0.000000e+00
 0.000000e+00 0.000000e+00 0.000000e+00 0.000000e+00 0.000000e+00 0.000000e+00 0.000000e+00 0.000000e+00 0.000000e+00 0.000000e+00 0.000000e+00 0.000000e+00 0.000000e+00 0.000000e+00 0.000000e+00 0.000000e+00 0.000000e+00 0.000000e+00 4.445865e-01 5.554134e-01 0.000000e+00 0.000000e+00 0.000000e+00 0.000000e+00 0.000000e+00 0.000000e+00 0.000000e+00 0.000000e+00 0.000000e+00 0.000000e+00 0.000000e+00 0.000000e+00 0.000000e+00 0.000000e+00 0.000000e+00 0.000000e+00
 0.000000e+00 0.000000e+00 0.000000e+00 0.000000e+00 0.000000e+00 0.000000e+00 0.000000e+00 0.000000e+00 0.000000e+00 0.000000e+00 0.000000e+00 0.000000e+00 0.000000e+00 0.000000e+00 0.000000e+00 0.000000e+00 0.000000e+00 0.000000e+00 0.000000e+00 3.750019e-01 6.249981e-01 0.000000e+00 0.000000e+00 0.000000e+00 0.000000e+00 0.000000e+00 0.000000e+00 0.000000e+00 0.000000e+00 0.000000e+00 0.000000e+00 0.000000e+00 0.000000e+00 0.000000e+00 0.000000e+00 0.000000e+00
 0.000000e+00 0.000000e+00 0.000000e+00 0.000000e+00 0.000000e+00 0.000000e+00 0.000000e+00 0.000000e+00 0.000000e+00 0.000000e+00 0.000000e+00 0.000000e+00 0.000000e+00 0.000000e+00 0.000000e+00 0.000000e+00 0.000000e+00 0.000000e+00 0.000000e+00 0.000000e+00 4.443640e-01 5.556359e-01 0.000000e+00 0.000000e+00 0.000000e+00 0.000000e+00 0.000000e+00 0.000000e+00 0.000000e+00 0.000000e+00 0.000000e+00 0.000000e+00 0.000000e+00 0.000000e+00 0.000000e+00 0.000000e+00
 0.000000e+00 0.000000e+00 0.000000e+00 0.000000e+00 0.000000e+00 0.000000e+00 0.000000e+00 0.000000e+00 0.000000e+00 0.000000e+00 0.000000e+00 0.000000e+00 0.000000e+00 0.000000e+00 0.000000e+00 0.000000e+00 0.000000e+00 0.000000e+00 0.000000e+00 0.000000e+00 0.000000e+00 2.857194e-01 7.142806e-01 0.000000e+00 0.000000e+00 0.000000e+00 0.000000e+00 0.000000e+00 0.000000e+00 0.000000e+00 0.000000e+00 0.000000e+00 0.000000e+00 0.000000e+00 0.000000e+00 0.000000e+00
 0.000000e+00 0.000000e+00 0.000000e+00 0.000000e+00 0.000000e+00 0.000000e+00 0.000000e+00 0.000000e+00 0.000000e+00 0.000000e+00 0.000000e+00 0.000000e+00 0.000000e+00 0.000000e+00 0.000000e+00 0.000000e+00 0.000000e+00 0.000000e+00 0.000000e+00 0.000000e+00 0.000000e+00 0.000000e+00 2.857059e-01 7.142941e-01 0.000000e+00 0.000000e+00 0.000000e+00 0.000000e+00 0.000000e+00 0.000000e+00 0.000000e+00 0.000000e+00 0.000000e+00 0.000000e+00 0.000000e+00 0.000000e+00
 0.000000e+00 0.000000e+00 0.000000e+00 0.000000e+00 0.000000e+00 0.000000e+00 0.000000e+00 0.000000e+00 0.000000e+00 0.000000e+00 0.000000e+00 0.000000e+00 0.000000e+00 0.000000e+00 0.000000e+00 0.000000e+00 0.000000e+00 0.000000e+00 0.000000e+00 0.000000e+00 0.000000e+00 0.000000e+00 0.000000e+00 4.444483e-01 5.555518e-01 0.000000e+00 0.000000e+00 0.000000e+00 0.000000e+00 0.000000e+00 0.000000e+00 0.000000e+00 0.000000e+00 0.000000e+00 0.000000e+00 0.000000e+00
 0.000000e+00 0.000000e+00 0.000000e+00 0.000000e+00 0.000000e+00 0.000000e+00 0.000000e+00 0.000000e+00 0.000000e+00 0.000000e+00 0.000000e+00 0.000000e+00 0.000000e+00 0.000000e+00 0.000000e+00 0.000000e+00 0.000000e+00 0.000000e+00 0.000000e+00 0.000000e+00 0.000000e+00 0.000000e+00 0.000000e+00 0.000000e+00 1.666482e-01 8.333518e-01 0.000000e+00 0.000000e+00 0.000000e+00 0.000000e+00 0.000000e+00 0.000000e+00 0.000000e+00 0.000000e+00 0.000000e+00 0.000000e+00
 0.000000e+00 0.000000e+00 0.000000e+00 0.000000e+00 0.000000e+00 0.000000e+00 0.000000e+00 0.000000e+00 0.000000e+00 0.000000e+00 0.000000e+00 0.000000e+00 0.000000e+00 0.000000e+00 0.000000e+00 0.000000e+00 0.000000e+00 0.000000e+00 0.000000e+00 0.000000e+00 0.000000e+00 0.000000e+00 0.000000e+00 0.000000e+00 0.000000e+00 3.750110e-01 6.249890e-01 0.000000e+00 0.000000e+00 0.000000e+00 0.000000e+00 0.000000e+00 0.000000e+00 0.000000e+00 0.000000e+00 0.000000e+00
 0.000000e+00 0.000000e+00 0.000000e+00 0.000000e+00 0.000000e+00 0.000000e+00 0.000000e+00 0.000000e+00 0.000000e+00 0.000000e+00 0.000000e+00 0.000000e+00 0.000000e+00 0.000000e+00 0.000000e+00 0.000000e+00 0.000000e+00 0.000000e+00 0.000000e+00 0.000000e+00 0.000000e+00 0.000000e+00 0.000000e+00 0.000000e+00 0.000000e+00 0.000000e+00 3.749840e-01 6.250160e-01 0.000000e+00 0.000000e+00 0.000000e+00 0.000000e+00 0.000000e+00 0.000000e+00 0.000000e+00 0.000000e+00
 0.000000e+00 0.000000e+00 0.000000e+00 0.000000e+00 0.000000e+00 0.000000e+00 0.000000e+00 0.000000e+00 0.000000e+00 0.000000e+00 0.000000e+00 0.000000e+00 0.000000e+00 0.000000e+00 0.000000e+00 0.000000e+00 0.000000e+00 0.000000e+00 0.000000e+00 0.000000e+00 0.000000e+00 0.000000e+00 0.000000e+00 0.000000e+00 0.000000e+00 0.000000e+00 0.000000e+00 4.996284e-01 5.003716e-01 0.000000e+00 0.000000e+00 0.000000e+00 0.000000e+00 0.000000e+00 0.000000e+00 0.000000e+00
 0.000000e+00 0.000000e+00 0.000000e+00 0.000000e+00 0.000000e+00 0.000000e+00 0.000000e+00 0.000000e+00 0.000000e+00 0.000000e+00 0.000000e+00 0.000000e+00 0.000000e+00 0.000000e+00 0.000000e+00 0.000000e+00 0.000000e+00 0.000000e+00 0.000000e+00 0.000000e+00 0.000000e+00 0.000000e+00 0.000000e+00 0.000000e+00 0.000000e+00 0.000000e+00 0.000000e+00 0.000000e+00 1.677273e-01 8.322727e-01 0.000000e+00 0.000000e+00 0.000000e+00 0.000000e+00 0.000000e+00 0.000000e+00
 0.000000e+00 0.000000e+00 0.000000e+00 0.000000e+00 0.000000e+00 0.000000e+00 0.000000e+00 0.000000e+00 0.000000e+00 0.000000e+00 0.000000e+00 0.000000e+00 0.000000e+00 0.000000e+00 0.000000e+00 0.000000e+00 0.000000e+00 0.000000e+00 0.000000e+00 0.000000e+00 0.000000e+00 0.000000e+00 0.000000e+00 0.000000e+00 0.000000e+00 0.000000e+00 0.000000e+00 0.000000e+00 0.000000e+00 2.860285e-01 7.139715e-01 0.000000e+00 0.000000e+00 0.000000e+00 0.000000e+00 0.000000e+00
 0.000000e+00 0.000000e+00 0.000000e+00 0.000000e+00 0.000000e+00 0.000000e+00 0.000000e+00 0.000000e+00 0.000000e+00 0.000000e+00 0.000000e+00 0.000000e+00 0.000000e+00 0.000000e+00 0.000000e+00 0.000000e+00 0.000000e+00 0.000000e+00 0.000000e+00 0.000000e+00 0.000000e+00 0.000000e+00 0.000000e+00 0.000000e+00 0.000000e+00 0.000000e+00 0.000000e+00 0.000000e+00 0.000000e+00 0.000000e+00 4.435830e-01 5.564170e-01 0.000000e+00 0.000000e+00 0.000000e+00 0.000000e+00
 0.000000e+00 0.000000e+00 0.000000e+00 0.000000e+00 0.000000e+00 0.000000e+00 0.000000e+00 0.000000e+00 0.000000e+00 0.000000e+00 0.000000e+00 0.000000e+00 0.000000e+00 0.000000e+00 0.000000e+00 0.000000e+00 0.000000e+00 0.000000e+00 0.000000e+00 0.000000e+00 0.000000e+00 0.000000e+00 0.000000e+00 0.000000e+00 0.000000e+00 0.000000e+00 0.000000e+00 0.000000e+00 0.000000e+00 0.000000e+00 0.000000e+00 3.752237e-01 6.247763e-01 0.000000e+00 0.000000e+00 0.000000e+00
 0.000000e+00 0.000000e+00 0.000000e+00 0.000000e+00 0.000000e+00 0.000000e+00 0.000000e+00 0.000000e+00 0.000000e+00 0.000000e+00 0.000000e+00 0.000000e+00 0.000000e+00 0.000000e+00 0.000000e+00 0.000000e+00 0.000000e+00 0.000000e+00 0.000000e+00 0.000000e+00 0.000000e+00 0.000000e+00 0.000000e+00 0.000000e+00 0.000000e+00 0.000000e+00 0.000000e+00 0.000000e+00 0.000000e+00 0.000000e+00 0.000000e+00 0.000000e+00 2.865284e-01 7.134717e-01 0.000000e+00 0.000000e+00
 0.000000e+00 0.000000e+00 0.000000e+00 0.000000e+00 0.000000e+00 0.000000e+00 0.000000e+00 0.000000e+00 0.000000e+00 0.000000e+00 0.000000e+00 0.000000e+00 0.000000e+00 0.000000e+00 0.000000e+00 0.000000e+00 0.000000e+00 0.000000e+00 0.000000e+00 0.000000e+00 0.000000e+00 0.000000e+00 0.000000e+00 0.000000e+00 0.000000e+00 0.000000e+00 0.000000e+00 0.000000e+00 0.000000e+00 0.000000e+00 0.000000e+00 0.000000e+00 0.000000e+00 4.998597e-01 5.001403e-01 0.000000e+00
 0.000000e+00 0.000000e+00 0.000000e+00 0.000000e+00 0.000000e+00 0.000000e+00 0.000000e+00 0.000000e+00 0.000000e+00 0.000000e+00 0.000000e+00 0.000000e+00 0.000000e+00 0.000000e+00 0.000000e+00 0.000000e+00 0.000000e+00 0.000000e+00 0.000000e+00 0.000000e+00 0.000000e+00 0.000000e+00 0.000000e+00 0.000000e+00 0.000000e+00 0.000000e+00 0.000000e+00 0.000000e+00 0.000000e+00 0.000000e+00 0.000000e+00 0.000000e+00 0.000000e+00 0.000000e+00 0.000000e+00 1.000000e+00
 0.000000e+00 0.000000e+00 0.000000e+00 0.000000e+00 0.000000e+00 0.000000e+00 0.000000e+00 0.000000e+00 0.000000e+00 0.000000e+00 0.000000e+00 0.000000e+00 0.000000e+00 0.000000e+00 0.000000e+00 0.000000e+00 0.000000e+00 0.000000e+00 0.000000e+00 0.000000e+00 0.000000e+00 0.000000e+00 0.000000e+00 0.000000e+00 0.000000e+00 0.000000e+00 0.000000e+00 0.000000e+00 0.000000e+00 0.000000e+00 0.000000e+00 0.000000e+00 0.000000e+00 0.000000e+00 0.000000e+00 0.000000e+00
<ENDHMM>
