~o
<STREAMINFO> 1 39
<VECSIZE> 39<NULLD><MFCC_E_D_A><DIAGC>
~h "Tru*o*c"
<BEGINHMM>
<NUMSTATES> 32
<STATE> 2
<MEAN> 39
 -5.894073e+00 -7.227655e+00 1.300563e+00 -1.795039e+00 2.708701e+00 -3.517238e+00 2.603379e+00 -8.649670e-01 3.641553e-01 -1.965426e+00 3.886325e+00 1.941044e-01 -2.498383e-03 -1.543250e-01 9.050903e-02 2.025009e-01 4.348098e-01 3.904954e-01 -2.067096e-01 -5.285397e-01 -5.802315e-01 -1.072248e+00 -6.318606e-02 6.016713e-01 1.540053e-01 6.195892e-04 -4.481335e-01 -2.114327e-01 -1.133875e-01 -7.060645e-01 -2.317717e-01 1.793139e-01 -7.717053e-01 -2.748735e-01 -3.493448e-02 -3.221279e-01 -2.814822e-02 -4.235469e-01 3.100163e-02
<VARIANCE> 39
 3.699900e+00 2.281075e+00 5.047101e+00 6.758459e+00 6.283685e+00 4.865319e+00 1.276205e+01 1.514364e+01 8.939021e+00 2.915160e+00 6.519260e+00 1.480085e+01 5.000000e-02 1.451582e-01 5.416965e-02 6.407063e-02 1.149892e-01 2.187650e-01 4.310922e-01 5.480883e-01 5.515291e-01 4.956450e-01 1.255359e+00 4.973225e-01 7.379060e-01 5.000000e-02 1.090269e-01 5.000000e-02 7.975334e-02 2.372997e-01 1.260423e-01 4.148860e-01 2.727581e-01 1.574879e-01 2.314347e-01 3.301859e-01 1.015284e-01 1.932835e-01 5.000000e-02
<GCONST> 4.829557e+01
<STATE> 3
<MEAN> 39
 -5.465134e+00 -7.372572e+00 9.943846e-01 -1.431828e+00 2.853391e+00 -3.454334e+00 -4.229888e-02 -2.680772e+00 -1.327400e+00 -2.723179e+00 4.982946e+00 -1.816477e+00 1.796888e-03 -2.486616e+00 -7.354058e-01 5.928620e-02 -2.556294e+00 -3.713757e-01 1.245976e+00 -2.051690e+00 -8.591728e-01 2.245856e-02 -2.560669e-01 2.008618e-01 -7.782760e-01 1.338971e-01 -9.145209e-01 1.551963e-01 -3.207244e-01 -1.086063e+00 -7.786111e-01 -2.751805e-01 5.905850e-03 2.083958e-01 3.563806e-01 -3.703686e-01 -2.958335e-02 -9.632615e-02 5.023230e-02
<VARIANCE> 39
 4.798621e+00 9.009845e-01 2.304315e+00 5.179527e+00 1.741350e+00 3.357704e+00 3.510446e+00 7.617883e+00 9.966102e+00 1.317038e+01 5.626037e+00 6.183849e+00 5.000000e-02 2.064024e+00 1.390599e-01 5.912927e-01 1.839635e+00 1.601018e+00 2.563791e+00 1.494418e+00 1.174595e+00 1.372120e+00 1.965506e+00 5.209884e-01 1.498066e+00 5.000000e-02 1.332035e-01 5.000000e-02 1.851804e-01 1.452075e-01 1.337386e-01 3.743135e-01 2.095054e-01 1.930130e-01 1.342310e-01 4.220117e-01 6.001103e-02 6.580995e-02 5.000000e-02
<GCONST> 5.843192e+01
<STATE> 4
<MEAN> 39
 -1.299546e+01 -1.223909e+01 3.286500e+00 -7.663991e+00 1.081009e+00 7.040682e-01 -5.459405e+00 -2.916194e+00 1.046584e+00 -1.509292e+00 4.095010e+00 -4.741052e-01 3.722101e-01 -4.384838e+00 7.012943e-01 -5.415903e-01 -3.824772e+00 -1.309889e+00 -2.811184e-02 -6.200669e-01 -4.115235e-02 -3.833251e-01 -1.549428e+00 6.816843e-01 -7.067751e-01 1.882861e-01 8.864830e-01 -6.595066e-02 -4.842040e-01 -8.211049e-02 -1.266217e+00 -1.828202e+00 9.941190e-01 8.334529e-01 4.127110e-01 -4.785644e-02 -4.758736e-02 8.333161e-02 9.849123e-03
<VARIANCE> 39
 3.193542e+01 1.813598e+00 4.948257e+00 4.784734e+01 2.165966e+01 2.295532e+01 1.553281e+01 9.656141e+00 1.241161e+01 1.848667e+01 3.658495e+00 4.867520e+00 7.465620e-02 8.129152e-01 7.333243e-01 7.497053e-01 1.006153e-01 1.027365e+00 1.872180e+00 1.088361e+00 1.647683e+00 2.130632e+00 4.678311e+00 7.711668e-02 5.736516e-01 5.000000e-02 2.889378e-01 5.000000e-02 2.666819e-01 6.974572e-01 2.730202e-01 2.853699e-01 3.467354e-01 5.000000e-02 2.541190e-01 1.803294e-01 1.379504e-01 8.618222e-02 5.000000e-02
<GCONST> 6.942787e+01
<STATE> 5
<MEAN> 39
 -1.994839e+01 -6.076945e+00 -9.040020e-01 -1.470738e+01 -9.593998e-01 -3.020772e+00 -3.372453e+00 -3.313831e+00 -1.411203e+00 -6.912260e+00 6.627148e+00 -3.821316e+00 6.023887e-01 3.595431e-01 -6.182793e-01 -1.399128e+00 -2.483907e+00 -4.275020e+00 -4.657959e+00 1.119687e+00 1.600113e+00 8.814867e-01 -5.983174e-01 -2.672915e-02 -5.125445e-01 1.499481e-01 2.237372e+00 -1.145520e+00 2.064388e-01 7.334687e-01 -2.857896e-01 -1.566213e+00 8.428521e-01 1.127076e+00 8.220766e-01 1.128672e+00 -5.125886e-01 2.539869e-01 -2.486577e-02
<VARIANCE> 39
 1.980967e+01 1.647273e+01 9.104685e+00 6.345309e+00 2.196428e+01 4.439857e+01 1.696671e+01 2.387797e+01 1.712115e+01 2.879446e+01 7.413258e+00 9.004782e+00 5.000000e-02 4.697049e+00 9.604185e-01 2.142286e+00 3.188462e+00 1.075601e+00 1.978514e+00 1.775153e+00 2.166616e+00 2.498565e+00 2.135036e+00 1.308591e+00 7.448834e-01 5.000000e-02 1.938249e-01 1.431577e-01 1.653145e-01 1.249077e-01 6.454102e-01 7.007593e-01 3.838992e-01 6.060754e-01 3.544771e-01 1.344845e+00 1.758403e-01 1.185411e-01 5.000000e-02
<GCONST> 8.867382e+01
<STATE> 6
<MEAN> 39
 -8.372894e+00 -1.416066e+01 -2.568223e+00 -1.514018e+01 -1.470316e+01 -1.779395e+01 2.818942e-01 3.682862e+00 4.869077e+00 -3.345281e+00 3.891235e+00 -3.720645e+00 8.254874e-01 3.958560e+00 -4.058155e+00 1.931808e-01 -1.064850e+00 -1.684021e+00 -4.800398e+00 1.507878e+00 3.469586e+00 2.731595e+00 2.800928e+00 -1.688373e+00 2.101097e-01 8.368815e-02 -4.286418e-02 -3.241879e-01 1.532825e-01 1.011588e-01 1.888039e+00 1.124792e+00 -2.621404e-01 -1.257183e-01 1.230462e-01 5.158127e-01 -5.793816e-01 2.348453e-01 -2.780998e-02
<VARIANCE> 39
 5.488956e+00 2.564957e+01 2.494011e+01 4.593079e+00 1.109665e+01 1.892206e+01 7.294314e+00 1.691835e+01 1.106501e+01 1.662417e+01 2.051053e+01 1.114222e+01 5.000000e-02 1.259200e+00 6.847460e-01 1.669535e+00 1.013594e+00 3.999702e+00 3.113536e+00 1.859862e+00 4.779171e+00 1.650412e+00 5.941024e+00 2.707071e+00 1.320812e+00 5.000000e-02 7.623014e-01 3.773051e-01 2.943915e-01 3.979832e-01 1.006725e-01 3.504866e-01 1.136426e-01 4.252353e-01 4.256695e-01 5.976071e-01 6.172618e-02 6.365422e-02 5.000000e-02
<GCONST> 8.515599e+01
<STATE> 7
<MEAN> 39
 -4.007088e+00 -2.072384e+01 -1.373559e+00 -1.791013e+01 -9.911242e+00 -2.375235e+01 2.924525e+00 1.094859e+01 8.817157e+00 4.025823e+00 2.479094e+00 -3.520572e+00 9.334104e-01 1.419256e+00 -2.249200e+00 -2.739833e-01 -1.436166e+00 2.481058e+00 -1.435045e+00 5.993233e-01 1.739000e+00 2.051986e+00 1.935598e+00 -1.856108e+00 2.487917e-01 4.217785e-02 -1.078642e+00 1.033704e+00 -5.303596e-01 6.853427e-02 1.386370e+00 1.719838e+00 -6.703181e-01 -1.298479e+00 -6.989584e-01 -7.433024e-01 -3.761901e-01 1.485439e-02 -2.535593e-02
<VARIANCE> 39
 8.934707e+00 1.179465e+01 2.869828e+01 7.394217e+00 1.183449e+01 9.887834e+00 1.525872e+01 2.153715e+01 1.960671e+01 2.332609e+01 4.052333e+01 1.283733e+01 5.000000e-02 1.212832e+00 2.063369e+00 9.421918e-01 7.768629e-01 1.628529e+00 1.947483e+00 1.170920e+00 2.688914e+00 2.243888e+00 3.344341e+00 1.126747e+00 5.100439e-01 5.000000e-02 9.630602e-02 1.735289e-01 3.560959e-01 5.000000e-02 3.422296e-01 2.611867e-01 2.553959e-01 2.913254e-01 3.668711e-01 6.937209e-01 2.497542e-01 1.744622e-01 5.000000e-02
<GCONST> 8.237528e+01
<STATE> 8
<MEAN> 39
 -4.503520e+00 -2.115782e+01 -2.846168e+00 -2.094897e+01 -3.046900e+00 -2.217437e+01 3.557517e+00 8.786350e+00 1.043939e+01 3.569556e+00 -3.329496e+00 -2.142745e+00 9.453130e-01 1.063786e-01 -6.246908e-01 -1.853950e+00 -1.200041e+00 2.754426e+00 1.042287e+00 -7.606283e-01 -4.836343e-01 2.931901e-01 5.018908e-01 -2.709153e+00 2.268436e-01 8.406905e-03 -4.745273e-01 7.413169e-01 -4.960192e-01 4.687937e-01 -4.275987e-01 1.227429e+00 -7.804439e-01 -3.497541e-01 -8.173383e-01 -2.244803e-01 -5.700262e-02 2.373334e-01 -1.296731e-02
<VARIANCE> 39
 4.931096e+00 9.568293e+00 4.237934e+01 6.431466e+00 3.177821e+01 1.561709e+01 1.159743e+01 1.519343e+01 2.377556e+01 1.626005e+01 5.473112e+01 2.242712e+01 5.000000e-02 2.637347e-01 8.922583e-01 4.768371e-01 4.096837e-01 1.139499e+00 7.826656e-01 4.903489e-01 1.798132e-01 2.314409e+00 9.702011e-01 4.455607e-01 1.823084e-01 5.000000e-02 1.146984e-01 1.225815e-01 1.133051e-01 1.440911e-01 2.866930e-01 1.950422e-01 2.085393e-01 2.357755e-01 3.255497e-01 4.072461e-01 3.587676e-01 1.833482e-01 5.000000e-02
<GCONST> 7.025867e+01
<STATE> 9
<MEAN> 39
 -4.519312e+00 -2.116231e+01 -7.413156e+00 -2.119177e+01 -1.018524e+00 -1.965196e+01 1.070420e+00 7.668669e+00 1.159096e+01 2.667974e+00 -5.410021e+00 -3.421642e+00 9.472101e-01 4.548434e-02 -2.429570e-01 -1.611498e+00 -3.541579e-01 1.438730e+00 2.042492e+00 -1.186686e+00 1.932651e-01 -8.278516e-01 1.540837e+00 -2.564530e+00 1.428210e+00 4.614800e-04 -5.531005e-03 2.795544e-01 1.839941e-01 5.597020e-01 -8.592472e-01 5.127367e-01 -3.573233e-01 2.387098e-01 -4.598370e-01 5.329462e-01 3.987528e-01 2.139447e-01 -1.612360e-03
<VARIANCE> 39
 2.746455e+00 7.379749e+00 2.093121e+01 5.312754e+00 4.321497e+01 1.232850e+01 7.638113e+00 8.456266e+00 8.060524e+00 1.348943e+01 3.081896e+01 1.028408e+01 5.000000e-02 3.417165e-01 2.652596e-01 5.929223e-01 4.007500e-01 8.690006e-01 6.965906e-01 1.659459e+00 2.740659e-01 1.421039e+00 8.918867e-01 5.217726e-01 4.937640e-01 5.000000e-02 5.000000e-02 1.283340e-01 5.000000e-02 5.083048e-02 9.073415e-02 5.000000e-02 1.161447e-01 5.000000e-02 2.024752e-01 3.809684e-01 1.755630e-01 1.500615e-01 5.000000e-02
<GCONST> 5.729045e+01
<STATE> 10
<MEAN> 39
 -4.353250e+00 -2.220389e+01 -8.903778e+00 -2.176958e+01 -4.604076e-01 -1.629767e+01 -1.575961e+00 1.008967e+01 7.843869e+00 8.607572e+00 -1.035782e+01 1.106210e+00 9.517802e-01 1.998514e-01 2.264585e-01 -1.072153e+00 5.821631e-01 -1.639448e-01 2.456032e+00 -2.095729e+00 6.259733e-01 -1.133077e+00 1.966568e+00 -1.527154e+00 8.798547e-01 3.123197e-03 2.660422e-02 4.545775e-01 1.735412e-01 4.666304e-01 -5.211897e-01 2.812599e-02 2.712261e-02 -2.859450e-01 4.661367e-01 -5.291930e-01 8.886597e-01 -1.010309e+00 1.239944e-03
<VARIANCE> 39
 1.601666e+00 5.896853e+00 3.285812e+01 6.903885e+00 2.635336e+01 9.883680e+00 8.448817e+00 2.498560e+01 7.411715e+00 1.328100e+01 1.682286e+01 7.266759e+00 5.000000e-02 4.263335e-01 3.275481e-01 1.056813e+00 2.745714e-01 2.221324e-01 5.015639e-01 6.206023e-01 4.390773e-01 5.900786e-01 2.292153e+00 1.778967e+00 1.365531e+00 5.000000e-02 5.000000e-02 5.000000e-02 7.701904e-02 7.739795e-02 7.882135e-02 5.000000e-02 2.825366e-01 1.648002e-01 2.060134e-01 2.278112e-01 2.415110e-01 1.364628e-01 5.000000e-02
<GCONST> 5.897015e+01
<STATE> 11
<MEAN> 39
 -4.205405e+00 -2.061292e+01 -1.026334e+01 -1.828588e+01 -2.662310e+00 -8.123322e+00 -6.699881e+00 1.074205e+01 5.119598e+00 9.531601e+00 -1.243820e+01 2.147218e+00 9.540125e-01 -6.930390e-02 1.390279e+00 -1.209609e+00 1.455412e+00 -5.903244e-01 2.348742e+00 -1.558617e+00 -4.682814e-01 7.854375e-01 -1.104205e-01 9.463759e-01 -2.036416e+00 6.666670e-03 7.970562e-03 1.987128e-01 1.384195e-01 -9.743104e-02 9.018072e-02 -4.147714e-01 4.734049e-01 -6.690903e-01 9.158487e-01 -7.791440e-01 5.930653e-01 -1.068720e+00 1.388257e-03
<VARIANCE> 39
 2.815120e+00 3.877599e+00 2.866834e+01 1.162259e+01 2.207347e+01 5.189595e+01 8.909613e+00 5.733427e+00 2.551737e+00 1.378050e+01 1.116679e+01 6.491984e+00 5.000000e-02 3.293031e-01 4.838507e-01 7.202040e-01 2.948709e-01 3.665302e-01 6.841499e-01 5.997224e-01 8.891188e-01 1.199839e+00 1.448768e+00 2.779197e+00 5.131551e-01 5.000000e-02 8.165838e-02 1.354377e-01 2.776543e-01 1.418034e-01 9.653193e-02 1.403362e-01 1.169320e-01 1.372329e-01 1.025723e-01 3.920421e-01 2.513395e-01 2.203311e-01 5.000000e-02
<GCONST> 6.293906e+01
<STATE> 12
<MEAN> 39
 -4.220948e+00 -1.763911e+01 -1.290051e+01 -1.616289e+01 -2.292264e+00 -7.591697e+00 -6.814306e+00 8.027836e+00 9.655368e+00 6.567519e+00 -7.219650e+00 -5.334067e+00 9.614986e-01 1.039653e-01 8.582937e-01 -9.196088e-01 5.523494e-01 9.304660e-02 1.149402e+00 -5.513286e-01 -1.989717e+00 2.038871e+00 -1.292891e+00 5.721881e-01 -3.000561e+00 5.654644e-03 2.002575e-02 -2.864186e-01 9.418657e-03 -4.719690e-01 -1.274251e-01 -2.333267e-01 3.233207e-01 -1.690423e-02 8.296015e-03 -3.922066e-01 -1.017762e-01 -2.594134e-01 -4.793705e-04
<VARIANCE> 39
 1.358757e+00 9.223475e+00 1.898323e+01 1.196459e+01 1.650125e+01 5.779007e+01 1.562654e+01 5.363004e+00 1.024806e+01 1.612273e+01 2.566678e+01 5.538783e+00 5.000000e-02 1.820270e-01 1.153329e+00 9.512039e-01 8.874354e-01 6.995463e-01 6.194340e-01 1.085380e+00 2.300655e+00 1.525192e+00 1.419388e+00 1.601980e+00 3.622578e-01 5.000000e-02 7.132934e-02 2.848342e-01 7.843208e-02 6.934746e-02 9.513042e-02 1.429663e-01 9.392250e-02 3.403076e-01 2.415636e-01 4.117747e-01 2.804880e-01 3.801159e-01 5.000000e-02
<GCONST> 6.917582e+01
<STATE> 13
<MEAN> 39
 -4.032084e+00 -1.791333e+01 -1.332629e+01 -1.667643e+01 -1.898721e+00 -7.835417e+00 -7.541584e+00 5.542431e+00 1.348187e+01 6.811495e+00 -8.902603e+00 -9.082760e+00 9.824952e-01 -4.602218e-02 6.836852e-01 -1.416665e+00 -2.914722e-01 -6.436883e-01 1.534577e+00 -1.496758e-01 -9.650530e-01 1.426310e+00 -1.490496e+00 3.749688e-01 -2.927292e+00 6.205105e-03 3.956527e-02 -5.565442e-02 1.293797e-01 -3.936544e-01 4.427566e-02 2.991696e-02 6.098697e-01 3.899315e-01 -7.659112e-01 -2.002200e-01 6.877596e-02 3.548727e-01 -6.641819e-03
<VARIANCE> 39
 7.045614e-01 9.630894e-01 1.346541e+01 4.524449e+00 1.546121e+01 4.443060e+01 1.823715e+01 1.283774e+01 1.984287e+01 3.536880e+01 2.440923e+01 9.065934e+00 5.000000e-02 3.585961e-01 1.659679e+00 9.348043e-01 1.255067e+00 3.302961e-01 1.149030e+00 4.015153e-01 1.432800e+00 2.481858e+00 6.653292e-01 2.629942e-01 1.183374e+00 5.000000e-02 5.977241e-02 5.000000e-02 5.000000e-02 1.098311e-01 6.244033e-02 2.077701e-01 1.214883e-01 2.768691e-01 1.493938e-01 4.196775e-01 4.536906e-01 1.488955e-01 5.000000e-02
<GCONST> 6.358770e+01
<STATE> 14
<MEAN> 39
 -3.472434e+00 -1.675081e+01 -1.457888e+01 -1.754172e+01 -3.842945e+00 -5.750303e+00 -5.996902e+00 3.311698e+00 1.492294e+01 2.597621e+00 -5.771469e+00 -1.384801e+01 9.682268e-01 5.795680e-01 3.721318e-01 -2.761559e-01 -5.157115e-01 4.442560e-01 1.723028e+00 8.175041e-01 3.423128e-01 -1.116673e+00 -9.331543e-01 5.214608e-01 -1.377932e+00 -1.671210e-02 2.531264e-01 -3.547018e-01 5.153555e-01 -2.735630e-01 5.584135e-01 -4.574864e-01 -2.025776e-02 2.707797e-01 -1.136769e+00 3.660242e-01 -4.430340e-01 1.047041e+00 -1.213057e-02
<VARIANCE> 39
 1.767969e+00 2.153803e+00 7.620598e+00 6.563298e+00 1.184684e+01 2.743709e+01 3.541739e+01 1.463677e+01 2.522388e+01 1.757753e+01 4.428299e+01 2.930812e+01 5.000000e-02 4.605078e-01 6.036260e-01 9.720020e-01 7.101456e-01 1.619571e+00 1.026319e+00 1.473137e+00 5.298389e-01 1.834006e+00 8.226652e-01 1.801030e+00 1.994740e+00 5.000000e-02 5.000000e-02 1.284150e-01 7.203430e-02 1.375534e-01 7.100838e-02 2.886289e-01 5.688002e-01 2.682087e-01 4.417895e-01 1.701231e-01 2.653976e-01 1.435327e-01 5.000000e-02
<GCONST> 7.225036e+01
<STATE> 15
<MEAN> 39
 -2.931100e+00 -1.662538e+01 -1.472183e+01 -2.057597e+01 -1.730587e+00 -8.286710e-01 -5.437065e+00 6.938530e+00 7.115483e+00 3.509426e+00 -9.944771e+00 -1.068384e+01 9.466385e-01 5.921514e-01 -3.718664e-01 7.178031e-01 -9.641395e-01 1.432804e+00 -9.340383e-01 3.582878e-01 -8.630775e-01 -1.664771e+00 -3.990836e-01 -1.059061e+00 2.912810e-01 -3.209238e-02 1.693636e-01 -1.563173e-01 3.723805e-01 4.805474e-01 3.499563e-01 -8.191087e-01 -5.976475e-01 -2.941413e-01 2.150290e-02 3.345093e-01 -8.685063e-02 3.498405e-01 -1.151741e-02
<VARIANCE> 39
 3.101649e+00 1.994917e+00 3.220408e+00 9.202817e+00 1.339781e+01 1.847193e+01 3.628830e+01 1.016167e+01 1.193504e+01 1.620661e+01 3.083477e+01 2.406722e+01 5.000000e-02 6.008428e-01 4.239542e-01 4.804481e-01 1.691525e+00 2.110063e+00 2.058053e+00 3.351302e+00 3.634052e-01 2.805471e+00 1.110092e+00 3.950438e-01 1.489417e+00 5.000000e-02 5.236252e-02 5.000000e-02 1.804401e-01 2.190703e-01 3.846143e-01 2.289926e-01 4.598938e-01 5.000000e-02 1.160119e-01 1.316742e-01 1.547591e-01 3.480595e-01 5.000000e-02
<GCONST> 6.941284e+01
<STATE> 16
<MEAN> 39
 1.418603e-02 -1.874580e+01 -1.284480e+01 -2.044484e+01 1.651103e+00 -4.658688e+00 -3.199168e+00 3.743551e+00 6.829388e+00 2.651104e+00 -8.329445e+00 -1.195691e+01 8.610218e-01 1.259052e+00 -4.893031e-01 6.196086e-01 4.246054e-01 1.283297e+00 -1.241870e+00 -1.927573e+00 -6.217842e-01 -2.042278e+00 5.121372e-01 -8.921496e-01 1.233656e+00 -5.167500e-02 4.458393e-02 1.430724e-01 2.903642e-02 9.238977e-01 -6.535432e-01 -5.064585e-01 -3.192720e-01 1.667276e-01 3.755778e-01 2.719356e-01 4.078994e-01 3.433076e-01 -1.044649e-02
<VARIANCE> 39
 1.566162e+01 6.534747e+00 1.180213e+01 8.182242e+00 2.280835e+01 4.850112e+00 8.969790e+00 1.132234e+01 5.680052e+00 2.351729e+01 2.686324e+01 1.260300e+01 5.000000e-02 4.894115e-01 4.145172e-01 1.169261e+00 1.939018e+00 1.993718e+00 1.556858e-01 7.643667e-01 8.333266e-01 4.013859e+00 6.079790e-01 5.452363e-01 3.160789e+00 5.000000e-02 1.772062e-01 6.330224e-02 2.866556e-01 5.150392e-01 7.539084e-01 2.844452e-01 3.461064e-01 1.464811e-01 1.754475e-01 6.513975e-02 5.000000e-02 1.671447e-01 5.000000e-02
<GCONST> 7.079250e+01
<STATE> 17
<MEAN> 39
 7.194985e-02 -1.834779e+01 -1.105349e+01 -2.143150e+01 4.234858e+00 -8.421398e+00 -9.269114e+00 2.662044e+00 4.842329e+00 4.326522e+00 -1.159056e+01 -9.986935e+00 7.997097e-01 1.287667e+00 -9.631066e-02 1.140620e+00 1.564422e+00 1.418198e-02 -1.748126e+00 -1.078158e+00 -4.126096e-01 -1.254685e+00 4.287646e-01 4.879643e-01 1.251114e+00 -6.823669e-02 3.691925e-02 1.206751e-01 -1.862741e-01 1.125964e+00 -1.235907e+00 -1.613696e-02 6.319746e-01 4.047627e-01 6.441953e-01 -1.663014e-01 6.436166e-01 1.634945e-01 -7.296409e-03
<VARIANCE> 39
 1.061635e+01 7.014874e+00 1.922099e+01 1.494462e+01 1.975315e+01 2.600505e+01 9.944479e+00 8.069401e+00 1.434205e+01 2.109375e+01 2.161401e+01 1.393884e+01 5.000000e-02 4.341645e-01 3.088926e-01 1.596435e+00 3.754885e+00 2.590678e+00 9.291379e-01 1.101943e+00 1.659498e+00 1.708487e+00 5.550647e-01 5.426196e-01 1.870449e+00 5.000000e-02 1.741303e-01 6.991152e-02 5.446365e-01 3.377192e-01 3.385014e-01 2.807017e-01 2.618196e-01 1.745752e-01 8.584587e-01 1.552340e-01 5.511154e-02 5.989330e-01 5.000000e-02
<GCONST> 7.896593e+01
<STATE> 18
<MEAN> 39
 2.133525e+00 -1.743882e+01 -9.824547e+00 -1.437328e+01 1.179287e+00 -9.201420e+00 -9.814716e+00 3.900960e+00 2.113662e+00 4.426595e+00 -8.748129e+00 -7.655722e+00 6.440858e-01 1.095439e+00 -8.445934e-02 3.188564e-02 4.118549e+00 -2.719513e+00 -1.077918e+00 1.000121e+00 8.687235e-01 9.496662e-01 -5.411610e-01 1.444430e+00 1.029200e+00 -7.097121e-02 -2.305191e-01 -2.035970e-01 -3.131101e-01 1.963389e-01 -4.121770e-01 2.268500e-01 1.063055e+00 7.933898e-02 1.000893e+00 -4.334660e-01 1.821771e-01 -1.460387e-01 5.316329e-03
<VARIANCE> 39
 1.108747e+01 4.871111e+00 2.350965e+01 3.369196e+01 4.855640e+01 2.765654e+01 5.540416e+01 8.870461e+00 2.209249e+01 4.917637e+00 8.412138e+00 7.013207e+00 5.000000e-02 6.724946e-01 3.047107e-01 2.913888e+00 9.651768e-01 1.390823e+00 2.553474e+00 2.350843e+00 2.140646e+00 3.389181e+00 1.680492e+00 1.564206e+00 1.981070e+00 5.000000e-02 2.050310e-01 1.014692e-01 4.484014e-01 8.370655e-01 7.517371e-01 4.223568e-01 8.140871e-01 3.493930e-01 1.000830e+00 1.233424e-01 5.000000e-02 1.319398e-01 5.000000e-02
<GCONST> 8.635198e+01
<STATE> 19
<MEAN> 39
 4.806737e+00 -1.918994e+01 -1.127378e+01 -6.492629e+00 -6.391028e+00 -1.254600e+01 -4.675912e+00 5.241236e+00 6.594221e+00 2.497449e+00 -4.125475e+00 -5.832719e+00 5.336388e-01 -6.187517e-02 -4.245835e-01 4.683315e-01 2.055027e+00 -1.394940e+00 -1.067373e+00 2.485691e+00 5.995780e-01 1.772327e+00 -7.454477e-01 8.710088e-01 4.168528e-01 -5.094804e-02 -2.900373e-01 1.678719e-02 1.637883e-01 -7.335947e-01 6.381729e-01 4.888341e-01 2.609501e-02 -4.479303e-01 2.203067e-01 -4.628198e-02 3.479022e-02 -3.081136e-01 1.130323e-02
<VARIANCE> 39
 4.969943e+00 5.565419e+00 1.714977e+01 7.611999e+00 1.840677e+01 7.333474e+00 1.000203e+01 2.970963e+01 6.126301e+00 9.914454e+00 2.346222e+00 9.113900e+00 5.000000e-02 1.295259e+00 6.142680e-01 1.437536e+00 2.684399e+00 2.887992e+00 2.950464e+00 4.232086e+00 2.366656e-01 3.956034e+00 7.159398e-01 9.185677e-01 3.351642e-01 5.000000e-02 1.251394e-01 1.215009e-01 7.030168e-01 1.770586e-01 1.929978e-01 3.816376e-01 1.874539e-01 3.999507e-01 1.212401e-01 1.788366e-01 8.619914e-02 2.566084e-01 5.000000e-02
<GCONST> 7.266784e+01
<STATE> 20
<MEAN> 39
 4.164442e+00 -1.960689e+01 -1.060620e+01 -5.271324e+00 -5.214579e+00 -1.334366e+01 -6.004269e-01 5.070264e+00 1.054504e+01 2.120167e+00 -5.421885e+00 -5.852530e+00 4.787226e-01 -2.194593e-02 -3.392311e-01 7.606286e-02 1.263189e+00 -2.764335e-01 5.656605e-02 1.053404e+00 -9.505082e-01 1.303046e+00 -1.701077e-01 1.101302e+00 3.399064e-01 -3.171753e-02 -1.502184e-01 2.444297e-01 4.808421e-02 -7.266355e-01 8.219289e-01 4.713626e-01 -7.060217e-01 -5.363413e-01 -8.488465e-01 -6.950919e-02 -2.333831e-01 -3.368602e-02 6.095547e-03
<VARIANCE> 39
 1.145290e+00 4.139870e+00 3.475756e+00 8.815678e+00 2.396613e+00 1.801851e+01 6.084027e+00 5.340961e+00 3.076400e+01 1.504390e+01 2.290345e+01 2.215945e+00 5.000000e-02 2.456421e-01 7.368256e-01 1.765238e+00 7.525794e-01 1.092465e+00 1.349717e+00 2.604373e+00 3.997545e-01 1.098800e+00 8.934702e-01 5.913507e-01 4.043649e-01 5.000000e-02 1.605019e-01 1.987362e-01 1.231606e-01 2.904563e-01 8.996041e-02 1.796022e-01 4.680079e-01 1.795398e-01 6.386911e-01 2.735969e-01 2.782066e-01 8.161375e-02 5.000000e-02
<GCONST> 6.362624e+01
<STATE> 21
<MEAN> 39
 4.015903e+00 -1.920617e+01 -8.348106e+00 -3.151338e+00 -5.053012e+00 -1.127496e+01 -9.186585e-01 2.943178e+00 1.046453e+01 7.846421e-01 -1.802128e+00 -4.874063e+00 4.576877e-01 -2.314761e-01 3.842032e-01 6.686359e-01 4.502400e-01 5.766254e-01 7.717234e-01 -1.016430e-01 -1.643170e+00 -1.567563e-01 -1.074338e+00 6.921536e-01 6.561269e-01 -3.462314e-02 -1.640516e-01 2.377182e-01 -1.991538e-01 -4.145519e-01 4.901189e-01 1.440044e-01 -8.416950e-01 8.637635e-02 -6.496068e-01 1.393773e-01 -3.123866e-01 -4.100301e-04 9.437597e-04
<VARIANCE> 39
 4.953486e-01 5.443425e-01 8.271281e+00 4.613850e+00 1.109319e+01 5.281651e+00 3.730812e+00 1.455506e+01 8.459448e+00 1.210012e+01 1.215691e+01 1.751179e+01 5.000000e-02 1.189349e-01 1.958392e+00 1.614421e+00 3.121172e-01 1.110996e+00 7.849553e-01 7.816870e-01 9.937760e-01 1.091535e+00 6.275372e-01 3.850833e-01 5.079118e-01 5.000000e-02 6.381350e-02 1.415710e-01 2.383796e-01 2.546841e-01 7.972717e-02 2.910871e-01 3.830722e-01 2.354947e-01 4.563590e-01 3.000179e-01 2.297478e-01 2.969793e-01 5.000000e-02
<GCONST> 6.018314e+01
<STATE> 22
<MEAN> 39
 2.744343e+00 -1.829723e+01 -8.629780e+00 -4.242629e+00 -2.936080e+00 -9.024810e+00 -1.827296e+00 4.257695e-01 6.527985e+00 -1.457784e+00 -2.102381e+00 -3.796836e+00 3.738602e-01 -2.765149e-01 2.203391e-01 -3.263674e-01 1.092792e-01 1.097975e+00 3.666368e-01 -9.649553e-01 1.057043e-01 -3.447547e-01 -1.193929e-01 2.423432e-01 -5.521141e-02 -2.784511e-02 1.684576e-02 1.421926e-01 -1.111039e-01 -2.380870e-01 -1.217840e-01 -3.564747e-01 -1.905038e-01 3.896552e-01 2.279822e-01 3.416791e-01 -9.953398e-02 -3.744149e-01 4.858174e-03
<VARIANCE> 39
 2.599576e+00 1.192039e+01 4.943124e+00 1.403043e+01 1.638924e+01 1.754245e+01 7.725914e+00 1.030005e+01 7.852700e+00 1.184268e+01 3.818948e+00 7.823081e+00 5.000000e-02 2.423512e-01 5.027359e-01 4.796596e-01 2.644665e-01 1.202180e+00 1.233391e+00 7.067983e-01 1.231428e+00 2.000789e+00 3.226952e+00 1.966160e+00 1.499626e+00 5.000000e-02 5.000000e-02 3.068793e-01 2.226148e-01 5.034894e-02 2.374548e-01 2.761008e-01 3.168301e-01 4.078112e-01 3.567106e-01 1.884943e-01 1.217395e-01 1.625357e-01 5.000000e-02
<GCONST> 6.730061e+01
<STATE> 23
<MEAN> 39
 2.947917e+00 -1.824727e+01 -1.032909e+01 -3.861047e+00 -9.503007e-01 -1.108919e+01 -6.183148e+00 4.164280e+00 1.070312e+01 1.798388e+00 -3.576558e+00 -6.544500e+00 3.610678e-01 -1.811666e-01 9.002319e-01 -2.134928e-01 -2.968622e-02 2.255697e-02 -5.671369e-01 -3.268500e-01 1.257735e-01 6.604308e-01 5.770177e-01 2.344691e-01 -4.361939e-01 -1.688842e-02 -5.152223e-02 2.862268e-01 2.493435e-01 -1.586901e-01 -5.047061e-01 2.233174e-02 4.508779e-01 -1.665948e-01 1.555479e-02 -5.533225e-02 -8.624931e-02 5.709228e-02 2.123962e-03
<VARIANCE> 39
 1.912352e+00 4.745370e+00 1.813492e+00 2.399939e+00 1.145121e+01 6.181121e+00 1.173262e+01 4.322184e+00 4.118613e+00 9.327359e+00 4.699989e+00 1.575510e+00 5.000000e-02 2.726254e-01 4.752215e-01 6.773602e-01 9.737293e-01 1.309249e-01 1.882607e+00 1.973970e+00 4.749114e+00 1.770032e+00 4.272385e-01 6.437405e-01 1.715508e+00 5.000000e-02 5.000000e-02 1.320667e-01 1.430494e-01 5.000000e-02 3.149696e-01 2.112358e-01 1.559295e-01 5.000000e-02 1.568009e-01 6.963139e-01 4.020435e-01 8.199191e-02 5.000000e-02
<GCONST> 5.524842e+01
<STATE> 24
<MEAN> 39
 2.914350e+00 -1.729857e+01 -1.003807e+01 -4.389468e+00 -3.306992e+00 -1.239754e+01 -2.882218e+00 3.926969e+00 9.856038e+00 1.613680e+00 -2.232784e+00 -5.903115e+00 3.488844e-01 -2.334867e-01 7.405652e-01 1.374843e-01 -5.079694e-01 -7.018792e-01 -3.229895e-02 6.042357e-02 -8.049027e-01 2.149640e-01 -4.971582e-01 -1.978864e-01 -2.260394e-01 -2.119264e-02 -1.710045e-01 5.466023e-02 3.264924e-01 1.212477e-02 1.108121e-02 4.204770e-01 3.444951e-01 -3.731413e-01 -4.732077e-01 -3.197845e-01 4.827787e-02 3.397194e-01 -4.765389e-03
<VARIANCE> 39
 6.666455e-01 8.385843e-01 7.999083e-01 7.172370e+00 1.017044e+01 7.319174e+00 1.131087e+01 8.973429e+00 1.526864e+01 1.107436e+01 1.332640e+01 1.223359e+01 5.000000e-02 4.956605e-01 9.789889e-01 1.079972e+00 2.418872e-01 1.317701e+00 1.181891e+00 1.026434e+00 1.401463e+00 1.252628e+00 1.259251e+00 7.971699e-01 4.334664e-01 5.000000e-02 5.000000e-02 8.614971e-02 7.732860e-02 5.214436e-02 1.558677e-01 1.820906e-01 4.301440e-01 3.946124e-01 4.492372e-01 3.923290e-01 3.743080e-01 2.621440e-01 5.000000e-02
<GCONST> 6.079043e+01
<STATE> 25
<MEAN> 39
 1.742797e+00 -1.645808e+01 -1.021617e+01 -5.873258e+00 -4.538978e+00 -1.091779e+01 -4.680945e+00 -6.021650e-01 1.032261e+01 -9.999857e-01 -2.586001e+00 -6.175041e+00 2.864504e-01 -6.084315e-01 1.095415e+00 9.900322e-01 1.713535e-01 7.206929e-01 1.227591e+00 6.946868e-01 -9.970781e-01 -1.083168e+00 -8.247268e-01 6.492229e-01 7.548308e-01 -3.312622e-02 3.599117e-02 3.960896e-02 2.996908e-01 2.792010e-01 3.994174e-01 3.286434e-01 3.093753e-01 3.505564e-01 -1.422093e-01 2.326329e-01 8.648425e-02 1.413344e-01 2.386148e-04
<VARIANCE> 39
 3.820654e+00 8.240305e+00 5.808358e+00 4.750688e+00 1.002462e+01 3.784774e+00 2.657935e+00 5.213310e+00 3.624581e+00 3.924054e+00 8.829981e+00 1.013804e+00 5.000000e-02 3.834029e-01 3.757621e-01 5.705154e-01 4.412308e-01 6.725932e-01 2.287266e-01 5.152720e-01 3.237132e-01 5.268565e-01 7.356346e-01 1.436711e+00 3.360526e-01 5.000000e-02 1.054659e-01 1.691503e-01 1.896002e-01 8.422548e-02 1.924720e-01 2.726540e-01 4.603107e-01 3.491136e-01 1.683162e-01 2.526363e-01 1.688536e-01 1.240101e-01 5.000000e-02
<GCONST> 5.195011e+01
<STATE> 26
<MEAN> 39
 6.985799e-01 -1.272398e+01 -5.771460e+00 -4.074410e+00 -1.834732e+00 -7.601425e+00 -8.374501e-01 1.769681e+00 5.992172e+00 -1.878031e+00 -1.458929e+00 -4.119735e+00 2.376788e-01 -3.542903e-01 8.451738e-01 1.026275e+00 3.634871e-01 4.411354e-01 8.455647e-01 1.358595e+00 3.699799e-01 -4.716998e-01 2.614680e-01 5.785834e-01 4.360710e-01 -2.350722e-02 3.151283e-02 -2.591678e-01 -2.410602e-01 5.843676e-02 1.609424e-01 -2.045195e-01 -1.849011e-01 8.540045e-02 1.663590e-01 2.144483e-01 6.150833e-02 -3.204725e-02 3.673414e-03
<VARIANCE> 39
 5.120584e+00 4.557148e+00 1.071718e+01 3.871918e+00 7.248578e+00 6.929047e+00 1.418000e+01 9.300016e+00 9.817996e+00 4.352822e+00 4.050296e+00 2.904187e+00 5.000000e-02 2.250275e-01 3.376784e-01 3.527456e-01 1.765174e-01 1.038173e+00 8.031814e-01 1.829186e+00 9.455748e-01 9.641132e-01 7.637653e-01 7.856611e-01 3.968409e-01 5.000000e-02 7.058723e-02 1.012392e-01 1.660616e-01 5.694376e-02 1.492059e-01 2.241026e-01 5.032163e-01 4.656879e-01 5.000000e-02 8.376558e-02 2.582498e-01 5.369891e-02 5.000000e-02
<GCONST> 5.392015e+01
<STATE> 27
<MEAN> 39
 1.519689e+00 -1.389663e+01 -6.587449e+00 -3.904946e+00 -9.929199e-01 -8.025059e+00 4.852335e-01 1.053998e+00 8.372026e+00 3.179662e-01 -3.113868e-01 -3.893079e+00 2.497890e-01 -4.096808e-01 1.559417e-01 2.253670e-03 3.337536e-02 4.357236e-01 3.165472e-01 3.533039e-01 2.814918e-01 -3.997073e-01 5.676069e-02 -3.382134e-01 -1.705957e-01 -2.086034e-02 -2.240811e-01 -1.228752e-02 -1.904223e-01 -1.255454e-01 -1.135691e-01 -1.398916e-01 -3.995911e-01 -9.760466e-02 -1.507442e-01 -1.431623e-01 -3.337088e-01 -1.402026e-01 -4.684607e-03
<VARIANCE> 39
 3.745202e+00 6.013259e+00 2.510675e+00 3.669439e+00 5.589921e+00 1.573619e+01 1.157700e+01 6.128307e+00 9.459425e+00 2.461516e+00 4.154364e+00 2.908944e+00 5.000000e-02 3.264718e-01 6.638514e-01 9.688173e-01 7.545698e-01 8.314620e-01 1.946887e+00 1.387049e+00 2.701635e+00 6.406061e-01 4.002460e-01 8.305342e-01 2.254668e-01 5.000000e-02 5.000000e-02 1.130568e-01 5.280447e-02 5.000000e-02 5.000000e-02 2.171866e-01 2.355918e-01 1.484943e-01 9.830862e-02 5.000000e-02 1.652903e-01 6.449807e-02 5.000000e-02
<GCONST> 5.048301e+01
<STATE> 28
<MEAN> 39
 -8.724352e-01 -1.299120e+01 -6.765237e+00 -4.391362e+00 -8.252882e-01 -7.286632e+00 -2.640277e+00 -5.144688e-01 4.827844e+00 -1.022341e+00 -2.294014e+00 -4.748531e+00 1.651914e-01 -8.034199e-01 7.029648e-01 3.757763e-01 8.761425e-02 5.980847e-01 3.458497e-01 -6.801903e-01 -3.838430e-01 -5.348406e-01 -2.848812e-01 -1.016574e-01 1.058048e-01 -2.633699e-02 -9.528898e-03 4.776687e-02 1.319411e-01 -2.388762e-02 -1.638884e-01 -4.789799e-02 3.364859e-01 4.271595e-01 5.696904e-01 2.082173e-01 1.921290e-01 -1.393904e-01 2.793794e-03
<VARIANCE> 39
 2.946434e+00 7.883184e+00 1.067958e+01 8.344419e+00 8.062350e+00 9.988716e+00 2.152770e+01 1.442107e+01 2.307433e+01 1.309154e+01 9.282308e+00 6.387614e+00 5.000000e-02 1.909788e-01 4.360501e-01 6.124461e-01 6.566654e-01 3.715728e-01 8.721228e-01 1.443590e+00 8.371862e-01 4.865510e-01 6.263569e-01 1.151420e+00 9.026594e-01 5.000000e-02 1.338060e-01 1.689573e-01 1.175280e-01 2.054053e-01 1.197587e-01 2.499842e-01 3.089362e-01 5.670453e-01 2.106116e-01 2.881732e-01 1.751031e-01 9.630042e-02 5.000000e-02
<GCONST> 6.511308e+01
<STATE> 29
<MEAN> 39
 -8.527396e-01 -1.240503e+01 -8.090191e+00 -5.211227e+00 5.796554e-01 -9.891933e+00 -1.701744e+00 2.972711e+00 1.026045e+01 9.078929e-01 -2.263589e+00 -4.708995e+00 1.942764e-01 -9.151737e-01 3.026990e-01 4.145055e-01 -1.500587e-01 -2.967893e-01 6.213424e-02 7.638625e-01 2.187381e-02 3.917271e-01 7.104996e-01 8.790324e-01 -2.009100e-01 -3.191676e-02 -2.456943e-01 5.291160e-02 3.087391e-01 2.404625e-01 -1.070564e-01 2.862447e-01 1.021182e-01 -9.028920e-02 -2.267971e-01 -1.880111e-01 1.762871e-01 1.955671e-02 -1.187575e-02
<VARIANCE> 39
 6.502411e+00 2.671530e+00 2.105100e+01 1.689091e+01 1.359234e+01 1.231419e+01 7.455917e+00 1.595437e+01 2.106936e+01 1.665421e+01 1.516915e+01 1.678185e+01 5.000000e-02 1.018356e+00 6.718265e-01 1.240485e+00 6.744179e-01 2.048493e-01 1.737947e+00 7.304803e-01 3.973760e+00 5.437958e+00 2.333415e+00 5.572661e-01 6.771867e-01 5.000000e-02 1.141281e-01 1.026052e-01 2.724399e-01 1.409650e-01 1.143535e-01 1.767382e-01 1.916283e-01 4.950741e-01 5.272352e-01 5.078521e-01 2.362798e-01 1.550542e-01 5.000000e-02
<GCONST> 7.517063e+01
<STATE> 30
<MEAN> 39
 -4.641266e+00 -1.027012e+01 -3.278186e+00 -3.569144e+00 -7.986215e-01 -5.487060e+00 1.066192e+00 1.297140e+00 5.756245e+00 -1.190619e-03 7.989573e-01 -5.133558e+00 3.193901e-02 -9.612172e-01 7.385530e-01 1.025497e+00 5.223804e-01 1.187809e-01 6.648744e-01 5.483644e-01 5.578944e-01 4.300297e-01 1.349501e-02 5.073786e-01 -2.217454e-01 -3.990763e-02 4.045466e-01 -8.481367e-02 -1.252698e-01 1.020796e-01 1.416704e-01 -1.877679e-01 -3.759050e-01 -2.576264e-01 -4.597635e-02 -5.619687e-02 -1.888070e-01 1.292135e-01 1.123179e-02
<VARIANCE> 39
 2.897506e+00 2.794577e+00 7.415736e+00 3.338799e+00 6.869062e+00 7.258811e+00 1.131820e+01 2.056112e+01 1.815432e+01 6.648284e+00 3.290758e+00 5.146101e+00 5.000000e-02 3.719026e-01 6.120579e-01 1.863371e+00 8.146542e-01 9.064367e-01 4.994628e-01 1.095278e+00 2.696359e+00 2.105746e+00 1.666203e+00 1.100390e+00 8.634320e-01 5.000000e-02 6.499428e-02 7.449538e-02 1.188677e-01 6.366263e-02 1.174271e-01 9.554049e-02 1.387068e-01 6.233010e-01 5.461521e-01 1.324487e-01 1.617099e-01 1.486609e-01 5.000000e-02
<GCONST> 6.189716e+01
<STATE> 31
<MEAN> 39
 -5.087647e+00 -9.860715e+00 -3.658448e+00 -3.029872e+00 1.663217e+00 -4.312597e+00 2.116872e+00 2.965412e+00 9.563594e+00 1.650123e-01 7.801797e-01 -4.374817e+00 9.995085e-03 4.382432e-02 3.288159e-01 5.722021e-01 6.592689e-01 5.609063e-01 6.918190e-02 -9.377962e-01 -6.870534e-01 7.976190e-02 7.650121e-02 1.145321e-01 6.403819e-01 -7.464312e-03 4.039322e-01 -1.767479e-01 -2.017162e-01 -4.808748e-02 -5.106865e-02 -3.469390e-01 -2.507715e-01 -4.241227e-01 -4.316982e-01 -1.457347e-01 -3.508819e-01 1.659678e-01 1.146652e-02
<VARIANCE> 39
 2.346762e+00 5.123034e+00 8.843827e+00 1.012673e+01 9.328039e+00 1.085489e+01 3.623980e+00 1.471738e+01 1.846636e+01 2.145692e+00 7.022373e+00 3.177588e+00 5.000000e-02 2.348077e-01 3.013377e-01 9.801007e-01 4.172186e-01 8.973070e-01 8.434188e-01 7.611920e-01 1.442842e+00 8.440009e-01 5.594074e-01 2.412525e-01 4.325500e-01 5.000000e-02 5.000000e-02 1.098587e-01 2.674108e-01 1.977554e-01 1.322902e-01 1.056954e-01 6.735301e-02 3.849739e-01 1.893859e-01 2.173612e-01 1.344341e-01 1.054986e-01 5.000000e-02
<GCONST> 5.480021e+01
<TRANSP> 32
 0.000000e+00 1.000000e+00 0.000000e+00 0.000000e+00 0.000000e+00 0.000000e+00 0.000000e+00 0.000000e+00 0.000000e+00 0.000000e+00 0.000000e+00 0.000000e+00 0.000000e+00 0.000000e+00 0.000000e+00 0.000000e+00 0.000000e+00 0.000000e+00 0.000000e+00 0.000000e+00 0.000000e+00 0.000000e+00 0.000000e+00 0.000000e+00 0.000000e+00 0.000000e+00 0.000000e+00 0.000000e+00 0.000000e+00 0.000000e+00 0.000000e+00 0.000000e+00
 0.000000e+00 4.512930e-01 5.487070e-01 0.000000e+00 0.000000e+00 0.000000e+00 0.000000e+00 0.000000e+00 0.000000e+00 0.000000e+00 0.000000e+00 0.000000e+00 0.000000e+00 0.000000e+00 0.000000e+00 0.000000e+00 0.000000e+00 0.000000e+00 0.000000e+00 0.000000e+00 0.000000e+00 0.000000e+00 0.000000e+00 0.000000e+00 0.000000e+00 0.000000e+00 0.000000e+00 0.000000e+00 0.000000e+00 0.000000e+00 0.000000e+00 0.000000e+00
 0.000000e+00 0.000000e+00 4.444444e-01 5.555556e-01 0.000000e+00 0.000000e+00 0.000000e+00 0.000000e+00 0.000000e+00 0.000000e+00 0.000000e+00 0.000000e+00 0.000000e+00 0.000000e+00 0.000000e+00 0.000000e+00 0.000000e+00 0.000000e+00 0.000000e+00 0.000000e+00 0.000000e+00 0.000000e+00 0.000000e+00 0.000000e+00 0.000000e+00 0.000000e+00 0.000000e+00 0.000000e+00 0.000000e+00 0.000000e+00 0.000000e+00 0.000000e+00
 0.000000e+00 0.000000e+00 0.000000e+00 3.581184e-27 1.000000e+00 0.000000e+00 0.000000e+00 0.000000e+00 0.000000e+00 0.000000e+00 0.000000e+00 0.000000e+00 0.000000e+00 0.000000e+00 0.000000e+00 0.000000e+00 0.000000e+00 0.000000e+00 0.000000e+00 0.000000e+00 0.000000e+00 0.000000e+00 0.000000e+00 0.000000e+00 0.000000e+00 0.000000e+00 0.000000e+00 0.000000e+00 0.000000e+00 0.000000e+00 0.000000e+00 0.000000e+00
 0.000000e+00 0.000000e+00 0.000000e+00 0.000000e+00 5.000000e-01 5.000000e-01 0.000000e+00 0.000000e+00 0.000000e+00 0.000000e+00 0.000000e+00 0.000000e+00 0.000000e+00 0.000000e+00 0.000000e+00 0.000000e+00 0.000000e+00 0.000000e+00 0.000000e+00 0.000000e+00 0.000000e+00 0.000000e+00 0.000000e+00 0.000000e+00 0.000000e+00 0.000000e+00 0.000000e+00 0.000000e+00 0.000000e+00 0.000000e+00 0.000000e+00 0.000000e+00
 0.000000e+00 0.000000e+00 0.000000e+00 0.000000e+00 0.000000e+00 4.780528e-01 5.219472e-01 0.000000e+00 0.000000e+00 0.000000e+00 0.000000e+00 0.000000e+00 0.000000e+00 0.000000e+00 0.000000e+00 0.000000e+00 0.000000e+00 0.000000e+00 0.000000e+00 0.000000e+00 0.000000e+00 0.000000e+00 0.000000e+00 0.000000e+00 0.000000e+00 0.000000e+00 0.000000e+00 0.000000e+00 0.000000e+00 0.000000e+00 0.000000e+00 0.000000e+00
 0.000000e+00 0.000000e+00 0.000000e+00 0.000000e+00 0.000000e+00 0.000000e+00 3.251850e-01 6.748150e-01 0.000000e+00 0.000000e+00 0.000000e+00 0.000000e+00 0.000000e+00 0.000000e+00 0.000000e+00 0.000000e+00 0.000000e+00 0.000000e+00 0.000000e+00 0.000000e+00 0.000000e+00 0.000000e+00 0.000000e+00 0.000000e+00 0.000000e+00 0.000000e+00 0.000000e+00 0.000000e+00 0.000000e+00 0.000000e+00 0.000000e+00 0.000000e+00
 0.000000e+00 0.000000e+00 0.000000e+00 0.000000e+00 0.000000e+00 0.000000e+00 0.000000e+00 3.758586e-01 6.241414e-01 0.000000e+00 0.000000e+00 0.000000e+00 0.000000e+00 0.000000e+00 0.000000e+00 0.000000e+00 0.000000e+00 0.000000e+00 0.000000e+00 0.000000e+00 0.000000e+00 0.000000e+00 0.000000e+00 0.000000e+00 0.000000e+00 0.000000e+00 0.000000e+00 0.000000e+00 0.000000e+00 0.000000e+00 0.000000e+00 0.000000e+00
 0.000000e+00 0.000000e+00 0.000000e+00 0.000000e+00 0.000000e+00 0.000000e+00 0.000000e+00 0.000000e+00 2.872441e-01 7.127559e-01 0.000000e+00 0.000000e+00 0.000000e+00 0.000000e+00 0.000000e+00 0.000000e+00 0.000000e+00 0.000000e+00 0.000000e+00 0.000000e+00 0.000000e+00 0.000000e+00 0.000000e+00 0.000000e+00 0.000000e+00 0.000000e+00 0.000000e+00 0.000000e+00 0.000000e+00 0.000000e+00 0.000000e+00 0.000000e+00
 0.000000e+00 0.000000e+00 0.000000e+00 0.000000e+00 0.000000e+00 0.000000e+00 0.000000e+00 0.000000e+00 0.000000e+00 4.435067e-01 5.564933e-01 0.000000e+00 0.000000e+00 0.000000e+00 0.000000e+00 0.000000e+00 0.000000e+00 0.000000e+00 0.000000e+00 0.000000e+00 0.000000e+00 0.000000e+00 0.000000e+00 0.000000e+00 0.000000e+00 0.000000e+00 0.000000e+00 0.000000e+00 0.000000e+00 0.000000e+00 0.000000e+00 0.000000e+00
 0.000000e+00 0.000000e+00 0.000000e+00 0.000000e+00 0.000000e+00 0.000000e+00 0.000000e+00 0.000000e+00 0.000000e+00 0.000000e+00 2.626740e-01 7.373260e-01 0.000000e+00 0.000000e+00 0.000000e+00 0.000000e+00 0.000000e+00 0.000000e+00 0.000000e+00 0.000000e+00 0.000000e+00 0.000000e+00 0.000000e+00 0.000000e+00 0.000000e+00 0.000000e+00 0.000000e+00 0.000000e+00 0.000000e+00 0.000000e+00 0.000000e+00 0.000000e+00
 0.000000e+00 0.000000e+00 0.000000e+00 0.000000e+00 0.000000e+00 0.000000e+00 0.000000e+00 0.000000e+00 0.000000e+00 0.000000e+00 0.000000e+00 3.916461e-01 6.083539e-01 0.000000e+00 0.000000e+00 0.000000e+00 0.000000e+00 0.000000e+00 0.000000e+00 0.000000e+00 0.000000e+00 0.000000e+00 0.000000e+00 0.000000e+00 0.000000e+00 0.000000e+00 0.000000e+00 0.000000e+00 0.000000e+00 0.000000e+00 0.000000e+00 0.000000e+00
 0.000000e+00 0.000000e+00 0.000000e+00 0.000000e+00 0.000000e+00 0.000000e+00 0.000000e+00 0.000000e+00 0.000000e+00 0.000000e+00 0.000000e+00 0.000000e+00 8.069366e-09 1.000000e+00 0.000000e+00 0.000000e+00 0.000000e+00 0.000000e+00 0.000000e+00 0.000000e+00 0.000000e+00 0.000000e+00 0.000000e+00 0.000000e+00 0.000000e+00 0.000000e+00 0.000000e+00 0.000000e+00 0.000000e+00 0.000000e+00 0.000000e+00 0.000000e+00
 0.000000e+00 0.000000e+00 0.000000e+00 0.000000e+00 0.000000e+00 0.000000e+00 0.000000e+00 0.000000e+00 0.000000e+00 0.000000e+00 0.000000e+00 0.000000e+00 0.000000e+00 5.469655e-01 4.530344e-01 0.000000e+00 0.000000e+00 0.000000e+00 0.000000e+00 0.000000e+00 0.000000e+00 0.000000e+00 0.000000e+00 0.000000e+00 0.000000e+00 0.000000e+00 0.000000e+00 0.000000e+00 0.000000e+00 0.000000e+00 0.000000e+00 0.000000e+00
 0.000000e+00 0.000000e+00 0.000000e+00 0.000000e+00 0.000000e+00 0.000000e+00 0.000000e+00 0.000000e+00 0.000000e+00 0.000000e+00 0.000000e+00 0.000000e+00 0.000000e+00 0.000000e+00 3.719635e-01 6.280365e-01 0.000000e+00 0.000000e+00 0.000000e+00 0.000000e+00 0.000000e+00 0.000000e+00 0.000000e+00 0.000000e+00 0.000000e+00 0.000000e+00 0.000000e+00 0.000000e+00 0.000000e+00 0.000000e+00 0.000000e+00 0.000000e+00
 0.000000e+00 0.000000e+00 0.000000e+00 0.000000e+00 0.000000e+00 0.000000e+00 0.000000e+00 0.000000e+00 0.000000e+00 0.000000e+00 0.000000e+00 0.000000e+00 0.000000e+00 0.000000e+00 0.000000e+00 1.670278e-01 8.329722e-01 0.000000e+00 0.000000e+00 0.000000e+00 0.000000e+00 0.000000e+00 0.000000e+00 0.000000e+00 0.000000e+00 0.000000e+00 0.000000e+00 0.000000e+00 0.000000e+00 0.000000e+00 0.000000e+00 0.000000e+00
 0.000000e+00 0.000000e+00 0.000000e+00 0.000000e+00 0.000000e+00 0.000000e+00 0.000000e+00 0.000000e+00 0.000000e+00 0.000000e+00 0.000000e+00 0.000000e+00 0.000000e+00 0.000000e+00 0.000000e+00 0.000000e+00 3.767855e-01 6.232145e-01 0.000000e+00 0.000000e+00 0.000000e+00 0.000000e+00 0.000000e+00 0.000000e+00 0.000000e+00 0.000000e+00 0.000000e+00 0.000000e+00 0.000000e+00 0.000000e+00 0.000000e+00 0.000000e+00
 0.000000e+00 0.000000e+00 0.000000e+00 0.000000e+00 0.000000e+00 0.000000e+00 0.000000e+00 0.000000e+00 0.000000e+00 0.000000e+00 0.000000e+00 0.000000e+00 0.000000e+00 0.000000e+00 0.000000e+00 0.000000e+00 0.000000e+00 4.429199e-01 5.570801e-01 0.000000e+00 0.000000e+00 0.000000e+00 0.000000e+00 0.000000e+00 0.000000e+00 0.000000e+00 0.000000e+00 0.000000e+00 0.000000e+00 0.000000e+00 0.000000e+00 0.000000e+00
 0.000000e+00 0.000000e+00 0.000000e+00 0.000000e+00 0.000000e+00 0.000000e+00 0.000000e+00 0.000000e+00 0.000000e+00 0.000000e+00 0.000000e+00 0.000000e+00 0.000000e+00 0.000000e+00 0.000000e+00 0.000000e+00 0.000000e+00 0.000000e+00 3.750867e-01 6.249133e-01 0.000000e+00 0.000000e+00 0.000000e+00 0.000000e+00 0.000000e+00 0.000000e+00 0.000000e+00 0.000000e+00 0.000000e+00 0.000000e+00 0.000000e+00 0.000000e+00
 0.000000e+00 0.000000e+00 0.000000e+00 0.000000e+00 0.000000e+00 0.000000e+00 0.000000e+00 0.000000e+00 0.000000e+00 0.000000e+00 0.000000e+00 0.000000e+00 0.000000e+00 0.000000e+00 0.000000e+00 0.000000e+00 0.000000e+00 0.000000e+00 0.000000e+00 2.856705e-01 7.143295e-01 0.000000e+00 0.000000e+00 0.000000e+00 0.000000e+00 0.000000e+00 0.000000e+00 0.000000e+00 0.000000e+00 0.000000e+00 0.000000e+00 0.000000e+00
 0.000000e+00 0.000000e+00 0.000000e+00 0.000000e+00 0.000000e+00 0.000000e+00 0.000000e+00 0.000000e+00 0.000000e+00 0.000000e+00 0.000000e+00 0.000000e+00 0.000000e+00 0.000000e+00 0.000000e+00 0.000000e+00 0.000000e+00 0.000000e+00 0.000000e+00 0.000000e+00 1.667296e-01 8.332704e-01 0.000000e+00 0.000000e+00 0.000000e+00 0.000000e+00 0.000000e+00 0.000000e+00 0.000000e+00 0.000000e+00 0.000000e+00 0.000000e+00
 0.000000e+00 0.000000e+00 0.000000e+00 0.000000e+00 0.000000e+00 0.000000e+00 0.000000e+00 0.000000e+00 0.000000e+00 0.000000e+00 0.000000e+00 0.000000e+00 0.000000e+00 0.000000e+00 0.000000e+00 0.000000e+00 0.000000e+00 0.000000e+00 0.000000e+00 0.000000e+00 0.000000e+00 4.999965e-01 5.000035e-01 0.000000e+00 0.000000e+00 0.000000e+00 0.000000e+00 0.000000e+00 0.000000e+00 0.000000e+00 0.000000e+00 0.000000e+00
 0.000000e+00 0.000000e+00 0.000000e+00 0.000000e+00 0.000000e+00 0.000000e+00 0.000000e+00 0.000000e+00 0.000000e+00 0.000000e+00 0.000000e+00 0.000000e+00 0.000000e+00 0.000000e+00 0.000000e+00 0.000000e+00 0.000000e+00 0.000000e+00 0.000000e+00 0.000000e+00 0.000000e+00 0.000000e+00 2.477840e-14 1.000000e+00 0.000000e+00 0.000000e+00 0.000000e+00 0.000000e+00 0.000000e+00 0.000000e+00 0.000000e+00 0.000000e+00
 0.000000e+00 0.000000e+00 0.000000e+00 0.000000e+00 0.000000e+00 0.000000e+00 0.000000e+00 0.000000e+00 0.000000e+00 0.000000e+00 0.000000e+00 0.000000e+00 0.000000e+00 0.000000e+00 0.000000e+00 0.000000e+00 0.000000e+00 0.000000e+00 0.000000e+00 0.000000e+00 0.000000e+00 0.000000e+00 0.000000e+00 2.857206e-01 7.142794e-01 0.000000e+00 0.000000e+00 0.000000e+00 0.000000e+00 0.000000e+00 0.000000e+00 0.000000e+00
 0.000000e+00 0.000000e+00 0.000000e+00 0.000000e+00 0.000000e+00 0.000000e+00 0.000000e+00 0.000000e+00 0.000000e+00 0.000000e+00 0.000000e+00 0.000000e+00 0.000000e+00 0.000000e+00 0.000000e+00 0.000000e+00 0.000000e+00 0.000000e+00 0.000000e+00 0.000000e+00 0.000000e+00 0.000000e+00 0.000000e+00 0.000000e+00 2.875099e-01 7.124901e-01 0.000000e+00 0.000000e+00 0.000000e+00 0.000000e+00 0.000000e+00 0.000000e+00
 0.000000e+00 0.000000e+00 0.000000e+00 0.000000e+00 0.000000e+00 0.000000e+00 0.000000e+00 0.000000e+00 0.000000e+00 0.000000e+00 0.000000e+00 0.000000e+00 0.000000e+00 0.000000e+00 0.000000e+00 0.000000e+00 0.000000e+00 0.000000e+00 0.000000e+00 0.000000e+00 0.000000e+00 0.000000e+00 0.000000e+00 0.000000e+00 0.000000e+00 3.737034e-01 6.262966e-01 0.000000e+00 0.000000e+00 0.000000e+00 0.000000e+00 0.000000e+00
 0.000000e+00 0.000000e+00 0.000000e+00 0.000000e+00 0.000000e+00 0.000000e+00 0.000000e+00 0.000000e+00 0.000000e+00 0.000000e+00 0.000000e+00 0.000000e+00 0.000000e+00 0.000000e+00 0.000000e+00 0.000000e+00 0.000000e+00 0.000000e+00 0.000000e+00 0.000000e+00 0.000000e+00 0.000000e+00 0.000000e+00 0.000000e+00 0.000000e+00 0.000000e+00 4.443805e-01 5.556195e-01 0.000000e+00 0.000000e+00 0.000000e+00 0.000000e+00
 0.000000e+00 0.000000e+00 0.000000e+00 0.000000e+00 0.000000e+00 0.000000e+00 0.000000e+00 0.000000e+00 0.000000e+00 0.000000e+00 0.000000e+00 0.000000e+00 0.000000e+00 0.000000e+00 0.000000e+00 0.000000e+00 0.000000e+00 0.000000e+00 0.000000e+00 0.000000e+00 0.000000e+00 0.000000e+00 0.000000e+00 0.000000e+00 0.000000e+00 0.000000e+00 0.000000e+00 4.994410e-01 5.005590e-01 0.000000e+00 0.000000e+00 0.000000e+00
 0.000000e+00 0.000000e+00 0.000000e+00 0.000000e+00 0.000000e+00 0.000000e+00 0.000000e+00 0.000000e+00 0.000000e+00 0.000000e+00 0.000000e+00 0.000000e+00 0.000000e+00 0.000000e+00 0.000000e+00 0.000000e+00 0.000000e+00 0.000000e+00 0.000000e+00 0.000000e+00 0.000000e+00 0.000000e+00 0.000000e+00 0.000000e+00 0.000000e+00 0.000000e+00 0.000000e+00 0.000000e+00 3.761783e-01 6.238217e-01 0.000000e+00 0.000000e+00
 0.000000e+00 0.000000e+00 0.000000e+00 0.000000e+00 0.000000e+00 0.000000e+00 0.000000e+00 0.000000e+00 0.000000e+00 0.000000e+00 0.000000e+00 0.000000e+00 0.000000e+00 0.000000e+00 0.000000e+00 0.000000e+00 0.000000e+00 0.000000e+00 0.000000e+00 0.000000e+00 0.000000e+00 0.000000e+00 0.000000e+00 0.000000e+00 0.000000e+00 0.000000e+00 0.000000e+00 0.000000e+00 0.000000e+00 4.996369e-01 5.003631e-01 0.000000e+00
 0.000000e+00 0.000000e+00 0.000000e+00 0.000000e+00 0.000000e+00 0.000000e+00 0.000000e+00 0.000000e+00 0.000000e+00 0.000000e+00 0.000000e+00 0.000000e+00 0.000000e+00 0.000000e+00 0.000000e+00 0.000000e+00 0.000000e+00 0.000000e+00 0.000000e+00 0.000000e+00 0.000000e+00 0.000000e+00 0.000000e+00 0.000000e+00 0.000000e+00 0.000000e+00 0.000000e+00 0.000000e+00 0.000000e+00 0.000000e+00 9.183453e-06 9.999908e-01
 0.000000e+00 0.000000e+00 0.000000e+00 0.000000e+00 0.000000e+00 0.000000e+00 0.000000e+00 0.000000e+00 0.000000e+00 0.000000e+00 0.000000e+00 0.000000e+00 0.000000e+00 0.000000e+00 0.000000e+00 0.000000e+00 0.000000e+00 0.000000e+00 0.000000e+00 0.000000e+00 0.000000e+00 0.000000e+00 0.000000e+00 0.000000e+00 0.000000e+00 0.000000e+00 0.000000e+00 0.000000e+00 0.000000e+00 0.000000e+00 0.000000e+00 0.000000e+00
<ENDHMM>
