~o
<STREAMINFO> 1 39
<VECSIZE> 39<NULLD><MFCC_E_D_A><DIAGC>
~h "Tu*o*i"
<BEGINHMM>
<NUMSTATES> 34
<STATE> 2
<MEAN> 39
 -5.433913e+00 -9.150715e+00 -1.523768e+00 -1.397555e+00 2.146513e+00 -6.213933e+00 2.077843e+00 -9.491230e-01 -5.990971e-01 -2.523904e+00 2.738587e+00 -2.727274e+00 2.633594e-02 -8.429500e-01 2.710049e-01 2.530984e-01 1.761762e-01 -3.630125e-01 5.867764e-01 7.587829e-01 1.045377e+00 -1.089014e-02 -7.732455e-01 -9.356079e-01 -6.043902e-01 1.104880e-02 -3.773859e-01 -6.038538e-02 -6.928701e-01 -5.154555e-01 -5.048637e-01 -3.106511e-01 2.086319e-02 1.999876e-01 4.736840e-01 -3.008699e-01 -2.834382e-01 1.928229e-01 4.300261e-02
<VARIANCE> 39
 7.728487e-01 1.351465e+00 1.716092e-01 7.775153e-01 2.092612e+00 8.150246e+00 4.896551e+00 1.012669e+01 6.623623e+00 8.344000e+00 8.549048e+00 8.077227e+00 5.000000e-02 3.923521e-01 9.220365e-02 5.617328e-01 1.056733e+00 3.134183e+00 1.772767e+00 6.549770e-01 5.156465e-01 4.486207e-01 1.202985e+00 9.917989e-01 1.127543e+00 5.000000e-02 1.906812e-01 5.000000e-02 1.351165e-01 1.952474e-01 5.000000e-02 8.801365e-01 1.413703e-01 2.336635e-01 2.319791e-01 1.790615e-01 1.985264e-01 1.595764e-01 5.000000e-02
<GCONST> 5.053526e+01
<STATE> 3
<MEAN> 39
 -7.267858e+00 -8.465135e+00 -5.788227e-02 -1.158758e+00 5.310267e-01 -2.594358e+00 2.172148e+00 -1.530108e-01 1.462864e-01 -4.612947e+00 1.717940e+00 -2.933622e+00 2.691403e-02 -1.153549e+00 -4.104824e-01 -2.174907e+00 -1.606953e+00 -1.371205e+00 -1.292797e+00 1.389855e-01 6.886097e-01 1.332339e+00 -1.254159e+00 -5.328234e-01 1.419976e-01 1.430622e-01 2.319366e-01 -4.697332e-01 -1.076216e+00 -9.731951e-01 -8.436679e-01 -1.539737e+00 -3.185695e-01 8.220679e-02 8.185170e-01 2.953252e-01 -2.227265e-01 4.482707e-01 6.367227e-02
<VARIANCE> 39
 4.595279e+00 3.543043e+00 1.865849e+00 1.259661e+01 1.376660e+01 1.178616e+01 3.307987e+00 2.482312e+00 8.745046e+00 2.122815e+01 1.502003e+01 7.402786e+00 5.000000e-02 1.675554e+00 2.783606e-01 9.757157e-01 2.354149e+00 1.197805e+00 5.067211e+00 1.326924e+00 2.160020e+00 1.384606e+00 2.158943e+00 1.610018e+00 1.308169e+00 5.000000e-02 9.088030e-02 6.605097e-02 1.000278e-01 2.681403e-01 3.881627e-01 2.575935e-01 2.633818e-01 1.995833e-01 2.966910e-01 7.565227e-01 3.822035e-01 7.861509e-02 5.000000e-02
<GCONST> 7.155043e+01
<STATE> 4
<MEAN> 39
 -9.806284e+00 -1.002386e+01 -1.056183e+01 -7.680130e+00 -2.513841e+00 -1.164690e+01 4.351283e+00 1.329763e+00 4.933915e+00 -7.728438e+00 9.691082e-01 -1.323266e+00 5.613116e-01 3.260558e-01 -1.423498e+00 -3.669246e+00 -3.400939e+00 -3.184875e+00 -5.395283e+00 -4.584675e-01 1.180263e+00 2.912230e+00 -6.526466e-02 -1.013014e+00 1.115469e+00 2.366903e-01 6.461869e-01 -3.324415e-01 3.429310e-01 -5.607567e-02 3.882821e-02 -1.909057e-01 -5.636753e-01 -1.641508e-02 3.016297e-01 9.633261e-01 -4.718630e-01 9.144959e-03 -1.064462e-02
<VARIANCE> 39
 2.136534e+01 3.921607e+00 1.275891e+01 2.638287e+01 3.369106e+01 5.148582e+01 2.056213e+01 3.463145e+01 1.797477e+01 2.724633e+01 2.439769e+01 1.919205e+01 5.000000e-02 4.360895e-01 6.818537e-01 1.024019e+00 1.392544e+00 9.276314e-01 1.505130e+00 1.883309e+00 3.169252e+00 2.472854e+00 1.497553e+00 1.729735e+00 5.240214e-01 5.000000e-02 1.872554e-01 6.163432e-02 1.930238e-01 4.848379e-01 7.429339e-01 1.472885e+00 1.923556e-01 3.788526e-01 2.804600e-01 4.854515e-01 2.307177e-01 3.467580e-01 5.000000e-02
<GCONST> 8.790075e+01
<STATE> 5
<MEAN> 39
 -7.211401e+00 -1.393715e+01 -1.291661e+01 -1.449431e+01 -1.021374e+01 -2.065882e+01 -4.980210e-01 4.571949e+00 1.018019e+01 -2.666639e+00 -3.444550e+00 1.790736e+00 8.745890e-01 1.154285e+00 -1.475804e+00 -1.283380e+00 -1.764322e+00 -1.390193e+00 -2.413083e+00 -1.303069e+00 7.261609e-01 2.584010e+00 2.620058e+00 -2.290224e+00 3.910780e-01 1.109884e-01 1.988004e-01 3.564062e-01 7.934493e-01 7.931412e-01 1.496480e+00 1.707685e+00 -2.852017e-01 -5.933059e-01 -3.127427e-01 6.529661e-01 -3.375020e-02 -5.597348e-01 -5.922786e-02
<VARIANCE> 39
 1.217296e+01 3.925586e+00 1.742018e+01 1.649109e+01 1.328271e+01 1.744968e+01 2.489883e+01 3.825962e+01 1.322679e+01 8.776966e+00 2.562190e+01 8.991709e+00 5.000000e-02 4.574520e-01 3.459174e-01 3.955072e-01 2.406494e+00 5.315652e+00 5.373342e+00 6.141182e-01 2.716252e+00 5.677056e-01 3.386424e+00 1.592497e+00 1.509478e+00 5.000000e-02 5.000000e-02 1.069297e-01 1.939305e-01 2.502947e-01 1.341372e-01 1.535161e-01 3.819758e-01 2.648365e-01 3.484014e-01 5.755384e-01 4.037511e-01 1.711422e-01 5.000000e-02
<GCONST> 7.950810e+01
<STATE> 6
<MEAN> 39
 -4.695214e+00 -1.538711e+01 -1.446518e+01 -1.246667e+01 -8.332519e+00 -2.150288e+01 6.353597e-02 3.924613e+00 1.294683e+01 -8.118490e-01 -4.430697e+00 -4.230347e-01 9.317350e-01 8.643124e-01 -6.993091e-01 -5.063279e-01 -1.172900e+00 1.594463e+00 6.450517e-01 -2.113723e+00 -4.653271e-01 1.398035e+00 2.923048e+00 -2.058659e+00 -6.081062e-01 3.991113e-02 -7.502197e-02 5.657378e-01 4.676728e-01 7.849371e-02 1.185080e+00 1.415308e+00 -2.674408e-01 -4.072635e-01 -7.560982e-01 3.430114e-01 2.323461e-01 -4.341091e-01 -3.872067e-02
<VARIANCE> 39
 6.264468e+00 4.192970e+00 1.692381e+01 1.997644e+01 9.135554e+00 2.611381e+01 1.258827e+01 6.294034e+01 1.510398e+01 2.493739e+01 1.498049e+01 5.627598e+00 5.000000e-02 4.594743e-01 4.446164e-01 4.562835e-01 6.285467e-01 2.740780e+00 2.994534e+00 5.892429e-01 8.368787e-01 1.607058e+00 1.918710e+00 6.352366e-01 1.411627e+00 5.000000e-02 6.605850e-02 1.049979e-01 1.312869e-01 1.976351e-01 2.858001e-01 7.921486e-01 1.720641e-01 6.317056e-01 1.774842e-01 7.614776e-01 3.925136e-01 1.209962e-01 5.000000e-02
<GCONST> 7.649883e+01
<STATE> 7
<MEAN> 39
 -4.405597e+00 -1.520339e+01 -1.494673e+01 -1.676370e+01 -3.436687e+00 -1.695522e+01 -5.876274e+00 9.915978e-01 1.600147e+01 4.322923e+00 -8.796048e+00 -7.804692e-01 9.521628e-01 9.449726e-01 5.261694e-01 -3.840438e-01 -1.417122e+00 1.941078e+00 1.165417e+00 -1.862592e+00 -4.378551e-01 4.504359e-01 2.498969e+00 -5.574204e-01 -1.083784e+00 9.784800e-03 -5.662383e-02 3.425896e-01 2.735824e-01 -1.492446e-01 -2.531409e-01 9.972347e-02 2.993043e-01 1.850749e-01 -7.839217e-01 -2.332784e-01 7.463415e-01 4.665846e-02 -8.649897e-03
<VARIANCE> 39
 1.285348e+01 2.566834e+00 1.230660e+01 7.186820e+00 1.735653e+01 1.220889e+01 9.562673e+00 3.226261e+01 1.028905e+01 2.181001e+01 1.072746e+01 7.796412e+00 5.000000e-02 3.194604e-01 3.941314e-01 1.630699e-01 5.664577e-01 4.589292e-01 7.654284e-01 1.070136e+00 1.843931e+00 1.242583e+00 3.403504e+00 1.095834e+00 2.359525e-01 5.000000e-02 5.000000e-02 9.496517e-02 5.000000e-02 1.123317e-01 3.758834e-01 1.990548e-01 1.471874e-01 7.437397e-01 5.445179e-01 1.639250e-01 9.653696e-02 1.716322e-01 5.000000e-02
<GCONST> 6.501205e+01
<STATE> 8
<MEAN> 39
 -2.276577e+00 -1.326002e+01 -1.493630e+01 -1.879886e+01 -6.301525e-01 -1.621505e+01 -7.284155e+00 2.134961e+00 1.405136e+01 9.539712e+00 -7.853002e+00 -4.072261e+00 9.669203e-01 6.997377e-01 7.985221e-01 3.183385e-01 -1.995205e+00 1.118224e+00 1.058114e+00 -7.345464e-01 -6.008405e-01 -1.160571e+00 2.181227e+00 5.850130e-01 -3.707145e-01 5.907419e-03 -1.957244e-01 -4.168720e-03 1.772280e-01 8.050250e-02 -4.504931e-01 -2.147036e-01 7.470746e-01 1.264863e-01 -4.678522e-01 -4.989432e-01 3.593583e-01 4.107356e-01 -1.979029e-03
<VARIANCE> 39
 1.643561e+01 3.680665e+00 5.177188e+00 9.351949e+00 1.829633e+01 5.412264e+00 1.638168e+00 3.769283e+01 2.127453e+01 6.369485e+01 3.984679e+00 6.610071e+00 5.000000e-02 1.245914e-01 1.215588e-01 1.034920e-01 2.267856e-01 7.065246e-01 8.944754e-01 1.398126e+00 5.609692e+00 1.788647e+00 3.903493e-01 1.669900e+00 3.425642e-01 5.000000e-02 5.000000e-02 1.023179e-01 5.000000e-02 8.041517e-02 1.134371e-01 3.619774e-01 6.600227e-01 1.433830e-01 1.401869e-01 7.290182e-01 3.472447e-01 5.000000e-02 5.000000e-02
<GCONST> 5.993794e+01
<STATE> 9
<MEAN> 39
 -2.290863e+00 -1.256139e+01 -1.324373e+01 -2.311546e+01 7.333224e-02 -1.254285e+01 -9.009963e+00 1.730731e+00 1.174473e+01 1.099564e+01 -7.024441e+00 -1.167328e+00 9.705638e-01 4.040409e-01 2.762581e-01 4.364760e-01 -1.011986e+00 2.282559e-01 1.009642e+00 -2.384932e-01 2.884735e-01 -1.102776e+00 1.733438e+00 3.200922e-01 3.672371e-01 6.568486e-03 -2.442002e-01 -1.876883e-01 -4.979759e-02 4.952127e-01 -3.560890e-01 -2.302419e-01 4.756701e-01 1.610255e-01 3.343407e-01 -6.506186e-01 1.563738e-02 5.177603e-02 -2.694642e-04
<VARIANCE> 39
 1.351096e+01 2.960259e+00 1.308110e+01 2.124150e+01 1.571682e+01 2.440649e+01 1.026977e+01 4.193501e+01 8.993753e+00 3.345169e+01 9.697907e+00 6.947294e+00 5.000000e-02 5.000000e-02 6.360210e-01 8.991954e-02 5.956380e-01 5.158236e-01 9.674529e-01 2.809620e+00 3.659691e+00 2.022411e+00 1.108450e+00 4.521757e-01 1.925898e-01 5.000000e-02 5.000000e-02 6.003619e-02 5.000000e-02 8.821663e-02 7.923889e-02 7.896169e-02 3.439219e-01 5.102928e-01 1.470432e-01 8.195465e-01 2.167664e-01 5.000000e-02 5.000000e-02
<GCONST> 6.287709e+01
<STATE> 10
<MEAN> 39
 -3.458660e-02 -1.230128e+01 -1.518803e+01 -2.201397e+01 -8.113540e-01 -1.626345e+01 -5.643364e+00 2.944670e+00 8.873467e+00 1.406944e+01 -6.202820e+00 -3.580574e+00 9.829360e-01 -1.211912e-01 2.351937e-01 -9.790946e-03 -3.475712e-01 3.688238e-01 1.582725e-01 1.293683e+00 -4.373942e-01 -6.801317e-02 -4.389721e-01 5.144786e-01 -2.884573e-01 1.125955e-03 -1.948784e-01 -2.175040e-01 -1.039021e-01 4.164044e-01 -5.956149e-02 -1.503261e-01 3.375297e-01 -2.501695e-01 5.745034e-01 -7.698985e-01 5.490593e-02 -1.097074e-01 -2.040695e-03
<VARIANCE> 39
 1.418523e+01 4.399740e+00 6.635784e+00 8.982872e+00 1.205831e+01 3.177389e+01 3.723611e+01 1.856966e+01 3.970330e+01 3.193471e+01 8.422619e+00 7.797796e+00 5.000000e-02 1.731168e-01 3.942216e-01 6.045297e-01 1.214530e+00 1.071286e+00 7.282228e-01 2.470595e+00 1.615882e+00 8.765756e-01 3.380672e+00 8.934388e-01 4.851201e-01 5.000000e-02 5.000000e-02 1.285138e-01 8.345577e-02 5.000000e-02 1.036014e-01 1.815905e-01 3.977000e-01 7.909409e-01 3.571322e-01 6.412297e-02 1.879384e-01 5.000000e-02 5.000000e-02
<GCONST> 6.902103e+01
<STATE> 11
<MEAN> 39
 -3.507152e+00 -1.252680e+01 -1.336224e+01 -2.197757e+01 -3.274168e-01 -1.062245e+01 -7.104108e+00 1.664706e+00 1.330477e+01 1.012335e+01 -5.414990e+00 -2.478605e+00 9.834379e-01 -2.690776e-01 1.017722e-01 -1.364834e-01 3.168986e-02 6.354319e-02 1.445583e-01 7.428038e-01 2.361701e-01 4.112296e-01 -9.259490e-01 4.700305e-01 -2.159853e-01 1.093905e-03 -5.715213e-02 -1.092913e-01 -6.441502e-02 4.039977e-01 -2.429553e-02 -4.014694e-01 9.646054e-02 9.532658e-02 1.696957e-01 -4.846349e-01 -3.204858e-01 1.747135e-02 -1.811797e-03
<VARIANCE> 39
 7.454277e+00 2.905168e+00 1.350388e+01 1.094121e+01 3.732225e+00 2.935084e+01 3.740577e+01 1.006133e+01 1.744772e+01 4.860535e+01 3.616002e+00 7.351366e+00 5.000000e-02 2.057244e-01 5.555410e-01 4.080942e-01 3.286090e-01 9.615394e-01 9.732849e-01 1.176513e+00 1.258532e+00 8.542218e-01 2.428542e+00 5.568880e-01 3.027016e-01 5.000000e-02 5.000000e-02 8.870725e-02 5.000000e-02 5.262475e-02 5.000000e-02 9.972032e-02 1.840035e-01 5.695598e-02 2.884353e-01 8.768301e-01 1.114099e-01 7.802476e-02 5.000000e-02
<GCONST> 5.917035e+01
<STATE> 12
<MEAN> 39
 -1.663612e+00 -1.257480e+01 -1.430990e+01 -2.287775e+01 1.384307e+00 -1.605214e+01 -1.349693e+00 9.971189e-01 1.197463e+01 9.243135e+00 -4.234013e+00 -4.440243e+00 9.805365e-01 -2.200871e-01 -6.615504e-01 -2.759603e-02 1.315669e+00 1.236887e-01 -7.868342e-01 1.089147e+00 7.360559e-02 6.151743e-01 -1.577256e+00 -7.805566e-01 -2.453825e-01 -2.609380e-03 5.924331e-03 -2.069086e-01 -1.110101e-01 6.780305e-01 -5.949936e-01 -1.270534e-01 -2.949360e-01 3.324314e-01 -3.963247e-01 -1.823969e-01 -4.300663e-01 1.079259e-01 -8.279306e-04
<VARIANCE> 39
 1.355449e+01 2.312299e+00 1.720539e+01 1.874000e+01 8.741897e+00 4.784710e+01 3.740832e+01 3.669995e+00 1.800387e+01 4.533176e+01 6.969893e+00 1.518122e+01 5.000000e-02 1.737835e-01 4.699450e-01 3.889832e-01 5.406699e-01 4.199301e-01 7.820969e-01 9.312891e-01 7.770696e-01 2.174977e+00 2.830683e+00 7.662476e-01 2.792965e-01 5.000000e-02 5.000000e-02 1.512162e-01 2.799769e-01 5.379107e-02 2.136580e-01 2.416922e-01 2.043222e-01 1.612684e-01 7.341698e-02 1.549476e-01 1.087902e-01 1.958784e-01 5.000000e-02
<GCONST> 6.522848e+01
<STATE> 13
<MEAN> 39
 -2.266162e+00 -1.357631e+01 -1.538227e+01 -1.771077e+01 4.448556e-01 -1.571239e+01 -2.009781e-01 2.068455e+00 1.221523e+01 5.894044e+00 -6.514316e+00 -4.409445e+00 9.700547e-01 -3.148620e-01 -8.880450e-01 -3.277920e-01 2.283617e+00 -1.434277e+00 -6.798755e-01 4.644404e-01 3.407994e-01 -1.445302e-01 -2.268104e+00 -1.145155e+00 1.108452e-01 -4.297850e-03 -7.198673e-02 -1.429798e-02 1.629840e-01 1.412931e-01 -6.442496e-01 -1.935391e-01 -1.631185e-01 2.030267e-01 -5.384426e-01 -8.131290e-02 4.041847e-01 2.319508e-01 4.930029e-04
<VARIANCE> 39
 1.195964e+01 1.628954e+00 1.497341e+01 3.056139e+01 6.154229e+00 4.788400e+01 5.459662e+01 2.928720e+00 1.759583e+01 4.758662e+01 2.066432e+00 1.147520e+01 5.000000e-02 5.000000e-02 3.784888e-01 5.184920e-01 1.391709e-01 1.115915e+00 9.699050e-01 3.065302e-01 1.254937e+00 1.771165e+00 2.553380e+00 2.906049e-01 1.185749e+00 5.000000e-02 6.797136e-02 1.046132e-01 1.731080e-01 1.374341e-01 1.104280e-01 1.546429e-01 2.967336e-01 1.446604e-01 1.451204e-01 2.331232e-01 9.592690e-02 5.000000e-02 5.000000e-02
<GCONST> 6.078418e+01
<STATE> 14
<MEAN> 39
 -2.101355e+00 -1.470929e+01 -1.579103e+01 -1.639228e+01 -1.002012e+00 -1.836185e+01 -1.785192e+00 4.150836e+00 1.113232e+01 5.209005e+00 -8.213562e+00 -4.009357e+00 9.768108e-01 -6.989248e-01 -3.915975e-01 -1.700830e-01 2.264933e+00 -2.129241e+00 -7.058955e-01 -5.465173e-01 1.279227e+00 -8.389392e-01 -2.440232e+00 4.453763e-01 7.769310e-01 -1.285366e-03 -3.864758e-02 7.520889e-02 6.120516e-01 -1.809726e-01 -5.656978e-01 -3.036248e-01 3.667849e-01 -1.084985e-01 -7.017981e-01 4.456688e-01 8.998349e-01 4.276311e-01 6.095174e-04
<VARIANCE> 39
 1.232263e+01 1.911976e+00 6.261458e+00 1.938403e+01 1.546839e+01 4.273118e+01 3.722583e+01 1.402060e+01 4.645486e+01 5.944551e+01 8.196321e-01 7.656100e+00 5.000000e-02 4.700708e-01 3.712443e-01 1.081956e+00 3.420283e-01 5.718793e-01 5.022020e-01 3.090427e+00 1.092341e+00 1.272498e+00 2.384478e+00 1.155142e+00 8.921334e-01 5.000000e-02 6.509622e-02 5.934611e-02 7.960797e-02 1.170496e-01 2.883295e-01 1.589697e-01 4.606985e-01 2.707363e-01 3.315020e-01 4.362529e-01 6.166157e-02 1.735178e-01 5.000000e-02
<GCONST> 6.966148e+01
<STATE> 15
<MEAN> 39
 -4.582410e+00 -1.520636e+01 -1.476329e+01 -1.274849e+01 -6.222338e+00 -1.737494e+01 -1.610726e+00 3.932768e+00 1.152237e+01 -1.346230e+00 -5.893149e+00 -2.903524e+00 9.665244e-01 -2.303824e-01 -4.481756e-01 1.299863e+00 1.084375e+00 -2.179482e+00 -2.117062e+00 1.639178e+00 5.490727e-01 -2.057772e+00 -6.161563e-01 1.590485e+00 1.072154e+00 1.357228e-03 1.128127e-01 1.095665e-01 6.088834e-01 -5.247236e-01 -1.767962e-01 -2.425358e-01 4.146418e-01 -3.456106e-01 -7.306619e-01 1.222269e+00 4.505121e-01 3.569013e-02 -7.224408e-04
<VARIANCE> 39
 3.011701e+00 2.870033e+00 9.168112e+00 1.814095e+01 1.855270e+00 3.294495e+01 3.392117e+01 1.063754e+01 5.533210e+01 6.064563e+01 2.074493e+01 1.026227e+01 5.000000e-02 2.106996e-01 2.451222e-01 2.028100e-01 1.134232e+00 1.648642e+00 8.282830e-01 4.142003e-01 6.088901e-01 1.020984e+00 6.915905e-01 7.978214e-01 6.649951e-01 5.000000e-02 5.243966e-02 5.000000e-02 7.831248e-02 5.000000e-02 2.040327e-01 2.283154e-01 4.665908e-01 2.570620e-01 4.763767e-01 2.259105e-01 2.656569e-01 1.588684e-01 5.000000e-02
<GCONST> 6.489230e+01
<STATE> 16
<MEAN> 39
 -4.293203e+00 -1.574124e+01 -1.198046e+01 -1.221870e+01 -9.088489e+00 -2.063721e+01 2.885754e+00 4.743459e+00 5.699996e+00 -5.537542e-01 -2.603345e+00 -4.764556e-01 9.671999e-01 -1.396824e-01 -2.152677e-01 2.009079e+00 5.076635e-01 -2.707603e+00 -1.742293e+00 2.205287e+00 -9.330786e-01 -2.599150e+00 1.542719e+00 1.893974e+00 7.491558e-01 -5.830277e-03 1.114464e-01 1.177422e-01 3.530500e-01 -4.749427e-01 -6.963063e-02 3.023044e-01 -1.241742e-01 -7.096644e-01 1.946088e-01 8.446859e-01 -2.480223e-01 -3.322877e-01 -4.271781e-03
<VARIANCE> 39
 4.400339e+00 1.919387e+00 8.537005e+00 1.602216e+01 4.488492e+00 3.506469e+01 5.489098e+01 7.810989e+00 2.512209e+01 2.011637e+01 1.337292e+01 2.641020e+00 5.000000e-02 5.000000e-02 7.147515e-02 2.833527e-01 8.356983e-01 7.184632e-01 1.251937e+00 1.648211e+00 1.858304e+00 2.502312e+00 5.896965e-01 1.308117e+00 1.365285e+00 5.000000e-02 5.647175e-02 5.000000e-02 2.186429e-01 1.619073e-01 2.651491e-01 3.537350e-01 2.160237e-01 3.490495e-01 3.997606e-01 1.449741e-01 3.175757e-01 1.043248e-01 5.000000e-02
<GCONST> 6.514133e+01
<STATE> 17
<MEAN> 39
 -5.535732e+00 -1.566237e+01 -7.152773e+00 -1.265107e+01 -1.427688e+01 -2.187495e+01 1.947048e+00 2.309568e+00 4.078073e+00 4.634725e+00 -9.436495e-01 8.440811e-02 9.611693e-01 -8.837172e-02 -4.588434e-02 2.501958e+00 -1.573678e-01 -2.458499e+00 -8.747007e-01 8.478988e-01 -9.234295e-01 -2.164786e+00 2.180714e+00 8.086220e-01 -3.051598e-01 -1.321250e-02 1.214799e-01 -7.834836e-03 8.770381e-02 -5.480607e-01 7.254308e-01 7.906693e-01 -2.679141e-01 -1.401743e-01 6.306592e-01 5.701863e-01 -1.004556e+00 -3.001040e-01 -5.985910e-03
<VARIANCE> 39
 4.007996e+00 2.878684e+00 1.113895e+01 7.402059e+00 7.681523e+00 1.447501e+01 5.527216e+01 2.341367e+01 1.873897e+01 1.833182e+01 9.848805e+00 1.163725e+01 5.000000e-02 9.213461e-02 6.103195e-02 1.214739e+00 1.955153e-01 8.191105e-01 2.950388e+00 1.088607e+00 2.918173e+00 4.090780e+00 2.835625e-01 2.039028e+00 1.040743e+00 5.000000e-02 5.000000e-02 5.271612e-02 8.738081e-02 2.377245e-01 7.853168e-02 2.059467e-01 2.448591e-01 2.350084e-01 1.438673e-01 9.212976e-02 1.658959e-01 5.615489e-01 5.000000e-02
<GCONST> 6.483692e+01
<STATE> 18
<MEAN> 39
 -4.012766e+00 -1.600376e+01 -3.594838e+00 -1.354506e+01 -1.619172e+01 -2.309188e+01 5.576699e+00 1.028457e+00 2.977806e-01 1.016341e+01 -1.629682e+00 -3.826444e-01 9.196754e-01 3.153878e-01 -4.103191e-01 2.238004e+00 -1.583516e+00 -3.154013e-01 7.296900e-01 2.366380e-01 -1.460113e+00 -4.840640e-01 2.561310e+00 -2.013643e+00 -1.675509e-01 -2.534486e-02 2.247827e-01 -9.049616e-02 -2.276462e-01 -3.936673e-01 6.903526e-01 4.423711e-01 -4.964149e-01 -2.948054e-02 2.945787e-01 -5.196059e-01 -7.851422e-01 1.546806e-01 -4.973801e-03
<VARIANCE> 39
 8.995628e+00 1.511206e+00 3.730183e+01 1.474045e+01 9.927460e+00 5.209905e+01 6.223919e+01 5.296326e+01 2.116763e+01 4.741108e+01 1.818506e+01 1.233463e+01 5.000000e-02 1.615718e-01 1.852234e-01 7.741449e-01 9.476725e-01 5.986566e-01 1.557986e+00 2.037493e+00 1.678711e+00 1.922177e+00 7.990217e-01 1.250421e+00 2.836904e+00 5.000000e-02 5.000000e-02 5.000000e-02 2.457298e-01 1.347178e-01 5.000000e-02 5.234305e-01 3.613686e-01 7.416713e-01 4.891909e-01 3.382767e-01 4.195808e-01 2.870519e-01 5.000000e-02
<GCONST> 7.904443e+01
<STATE> 19
<MEAN> 39
 -4.384444e+00 -1.735769e+01 1.504275e+00 -1.879190e+01 -1.526261e+01 -1.922132e+01 4.434372e+00 -4.220475e+00 2.712559e-01 1.485776e+01 -8.564494e+00 -2.488467e-01 8.326563e-01 1.032546e+00 -2.359349e-01 1.299617e+00 -1.415567e+00 7.407070e-01 9.730003e-01 -8.677632e-01 -1.250855e+00 -9.473196e-01 -1.737044e-01 -2.415300e+00 5.983230e-01 -3.495823e-02 2.134407e-01 9.638800e-02 -4.028310e-01 4.913468e-01 2.014479e-01 -9.569331e-02 -4.351442e-01 6.909727e-01 3.487405e-01 -1.212201e+00 5.191040e-01 1.470225e-01 -3.337967e-03
<VARIANCE> 39
 5.597094e+00 2.510543e-01 1.290230e+01 2.000449e+00 9.423637e-01 3.700974e+01 1.803201e+01 1.462742e+01 3.475790e+01 1.449693e+01 2.092295e+01 2.799794e+01 5.000000e-02 1.428956e-01 1.464767e-01 5.040599e-01 3.963085e-01 2.776413e-01 7.247509e-01 2.951845e+00 2.194155e+00 8.459836e-01 3.132257e+00 1.500432e+00 8.263399e-01 5.000000e-02 5.304880e-02 5.000000e-02 9.076679e-02 8.421987e-02 5.000000e-02 6.045347e-01 1.730618e-01 3.184010e-01 5.275197e-01 8.288027e-02 2.055561e-01 6.208968e-01 5.000000e-02
<GCONST> 6.158815e+01
<STATE> 20
<MEAN> 39
 -9.229684e-01 -1.723098e+01 2.581847e+00 -1.992459e+01 -1.506276e+01 -1.828531e+01 1.543825e+00 -3.820995e+00 -2.798846e-02 1.213826e+01 -1.116106e+01 1.118035e+00 7.994558e-01 1.309108e+00 -3.664434e-01 6.899228e-01 1.525377e-01 6.713763e-01 1.356793e+00 -1.019916e+00 1.147751e+00 1.427851e+00 -1.389052e+00 -5.606142e-01 1.050854e+00 -4.027178e-02 3.774302e-03 9.227034e-02 -5.721148e-01 1.039081e+00 6.777538e-02 7.357884e-02 1.638528e-01 2.994228e-01 4.623528e-01 -1.000072e+00 6.751063e-01 -2.453607e-01 -7.168128e-03
<VARIANCE> 39
 1.061576e+01 1.423752e+00 2.110970e+01 7.814624e+00 1.329426e+01 4.515656e+01 1.402852e+01 1.604929e+01 4.627727e+00 2.354655e+01 4.531838e+01 1.831477e+01 5.000000e-02 4.356827e-01 4.701511e-01 2.937016e-01 1.236568e+00 2.897431e-01 4.320447e+00 2.539662e+00 1.984975e+00 7.182159e-01 1.652632e+00 1.225887e+00 1.431517e+00 5.000000e-02 5.563571e-02 7.218301e-02 5.204893e-02 8.492447e-02 1.717066e-01 4.034629e-01 2.717381e-01 2.965707e-01 5.299959e-01 9.609476e-02 6.194251e-01 3.400295e-01 5.000000e-02
<GCONST> 7.305363e+01
<STATE> 21
<MEAN> 39
 1.637465e-01 -1.914828e+01 3.205501e+00 -1.627845e+01 -1.193206e+01 -1.421943e+01 1.155755e+00 -4.798218e-01 4.908641e+00 5.708444e+00 -1.027314e+01 3.064887e+00 6.768581e-01 9.704548e-01 -1.310119e-01 -5.232376e-01 2.124207e+00 6.385353e-01 8.041008e-01 -4.758025e-01 -3.496299e-01 8.849747e-01 -2.908593e+00 1.151027e-01 -5.897474e-01 -5.600039e-02 -1.583410e-01 3.129102e-01 -4.712113e-01 4.644166e-01 4.871294e-02 -3.564700e-01 -2.137286e-01 -4.247817e-01 -4.997626e-01 1.216359e-01 3.455741e-01 -7.288013e-01 -2.106097e-03
<VARIANCE> 39
 7.338111e+00 3.725042e+00 8.693774e+00 2.382294e+01 2.548677e+00 2.063326e+01 6.165792e+00 2.285317e+00 2.195284e+01 4.989606e+01 1.991129e+01 5.704244e+00 5.000000e-02 3.238580e-01 6.587729e-01 4.695912e-01 2.295814e+00 9.273441e-01 2.279407e+00 1.082053e+00 2.923219e+00 1.776080e+00 1.050143e+00 4.465956e+00 2.101383e+00 5.000000e-02 5.000000e-02 6.650235e-02 9.618282e-02 3.246688e-01 1.223575e-01 5.509661e-01 4.826141e-01 2.449511e-01 1.134020e-01 1.086216e+00 4.005437e-01 7.695855e-02 5.000000e-02
<GCONST> 7.338519e+01
<STATE> 22
<MEAN> 39
 2.296439e+00 -1.736709e+01 3.871890e-03 -1.232587e+01 -1.234691e+01 -1.708053e+01 -1.711504e+00 -3.808559e+00 2.866173e+00 3.178962e+00 -9.704555e+00 -5.340730e-01 5.922223e-01 4.283369e-01 8.155172e-01 -1.234195e+00 1.437655e+00 1.135105e+00 -1.349557e-01 -8.907145e-01 -1.117096e-01 -9.894125e-01 -1.260008e+00 8.670920e-01 -1.302513e+00 -4.696919e-02 -1.480993e-01 4.289792e-02 -1.223154e-01 1.542485e-01 8.552054e-02 1.818086e-01 2.053602e-01 1.269213e-01 -1.901194e-01 1.495455e-01 5.872433e-01 2.677263e-03 2.814966e-03
<VARIANCE> 39
 1.212583e+01 5.479808e+00 4.824469e+00 4.843988e+01 5.309393e+00 3.841890e+01 1.048050e+01 9.138486e+00 6.111370e+01 2.597615e+01 2.269761e+01 4.267552e+00 5.000000e-02 1.196626e-01 2.381147e-01 4.788179e-01 4.905688e-01 9.403384e-01 9.396909e-01 1.146423e+00 9.384885e-01 1.500167e+00 5.450032e+00 6.551551e+00 4.981783e-01 5.000000e-02 1.008642e-01 9.922960e-02 1.060002e-01 6.224219e-01 2.521444e-01 5.782053e-01 3.410694e-01 6.388295e-01 4.788951e-01 3.669839e-01 5.413001e-01 1.976011e-01 5.000000e-02
<GCONST> 7.764442e+01
<STATE> 23
<MEAN> 39
 3.261301e+00 -1.517948e+01 -2.157670e+00 -1.058613e+01 -8.502246e+00 -1.625585e+01 1.300970e+00 -1.503307e+00 -7.293735e-01 1.778085e+00 -7.909325e+00 -4.294372e+00 5.515806e-01 3.055419e-01 3.192758e-01 -8.044220e-01 1.693555e+00 9.591488e-01 1.349516e+00 -8.517645e-01 -3.825564e-01 -2.518030e-01 -1.450650e+00 9.527332e-01 -1.169028e+00 -4.665910e-02 -1.750382e-01 -2.906097e-01 1.430718e-01 2.484914e-01 -4.529723e-01 1.817966e-01 -1.596759e-01 4.390218e-02 4.849903e-01 2.637433e-01 1.377552e-01 3.765125e-01 3.889922e-03
<VARIANCE> 39
 7.595745e+00 4.463604e-01 2.800158e+01 4.261325e+01 2.115232e+00 4.039479e+01 5.716162e+00 8.433552e+00 5.064718e+01 2.363977e+01 4.111976e+01 1.064811e+00 5.000000e-02 4.937865e-01 3.653211e-01 3.078544e-01 9.734509e-01 1.970620e+00 1.102429e+00 3.248065e+00 1.707813e+00 1.611792e+00 2.233968e+00 1.035851e+00 3.981460e-01 5.000000e-02 6.089734e-02 5.000000e-02 1.213202e-01 5.522321e-01 1.254095e-01 5.667360e-01 3.664744e-01 3.002523e-01 3.036310e-01 5.742636e-01 1.062589e+00 1.398335e-01 5.000000e-02
<GCONST> 7.315115e+01
<STATE> 24
<MEAN> 39
 2.980426e+00 -1.548648e+01 -1.984546e+00 -9.442808e+00 -8.751962e+00 -1.362821e+01 -2.964854e+00 -2.837193e+00 2.945234e-01 -5.852777e-01 -6.787626e+00 -3.124947e+00 4.898076e-01 2.617650e-01 -1.522185e-01 -1.594646e-01 2.663298e+00 1.476451e-03 1.386901e+00 -4.221172e-01 -2.782132e-02 7.954835e-01 -1.875079e+00 1.330430e+00 -1.811624e-01 -3.561448e-02 -1.673591e-01 -6.385969e-02 8.563822e-02 -2.092092e-01 -4.425671e-01 -4.197069e-01 4.319205e-01 2.943582e-01 2.665306e-01 2.467960e-01 -1.171145e-01 3.370494e-01 5.560407e-03
<VARIANCE> 39
 5.381910e+00 5.048026e+00 2.315863e+01 3.633587e+01 3.978878e+01 1.486964e+01 1.858301e+01 2.855934e+00 1.880868e+01 2.238510e+01 5.655062e+01 1.068589e+01 5.000000e-02 4.511224e-01 1.990186e-01 2.439726e-01 3.823564e+00 8.046393e-01 3.704038e+00 1.277329e+00 2.584224e+00 9.049713e-01 1.729225e+00 1.579997e+00 1.674085e+00 5.000000e-02 5.000000e-02 5.000000e-02 1.551263e-01 3.507503e-01 4.813812e-01 2.503534e-01 1.756657e-01 2.326587e-01 1.257752e-01 3.337359e-01 1.116200e+00 1.547596e-01 5.000000e-02
<GCONST> 7.761282e+01
<STATE> 25
<MEAN> 39
 2.919088e+00 -1.652954e+01 -2.516490e+00 -3.200817e+00 -8.872988e+00 -1.250494e+01 -2.494882e+00 -2.242766e+00 2.560170e+00 -1.710409e+00 -4.203285e+00 -2.960005e+00 4.278181e-01 -6.833736e-02 1.512131e-01 -1.002350e+00 9.872771e-01 -4.469111e-01 -6.103669e-01 5.035064e-01 1.613047e+00 5.954687e-01 -7.529050e-01 1.412458e+00 4.482488e-01 -2.610936e-02 -1.987674e-01 1.828721e-01 -4.623187e-02 -8.268262e-01 -7.504609e-02 -6.982129e-01 2.826101e-01 3.140785e-01 -9.309835e-02 6.267900e-01 -4.370870e-02 2.748555e-01 7.333913e-03
<VARIANCE> 39
 1.954377e+00 4.896036e+00 1.479477e+01 9.572552e+00 3.149343e+00 6.676501e+00 9.779944e+00 2.528968e+01 2.170601e+01 7.702520e+00 2.407011e+01 1.042307e+01 5.000000e-02 4.224040e-01 6.852427e-01 9.050780e-01 3.998712e+00 1.610520e+00 2.468415e+00 2.195323e+00 1.310045e+00 3.619427e-01 1.698510e+00 3.288326e+00 1.115831e+00 5.000000e-02 5.000000e-02 5.000000e-02 1.575085e-01 2.428428e-01 1.244049e-01 2.594263e-01 4.785261e-01 5.840785e-01 5.169093e-02 2.439547e-01 2.163684e-01 4.375585e-01 5.000000e-02
<GCONST> 7.170489e+01
<STATE> 26
<MEAN> 39
 2.518824e+00 -1.583096e+01 -4.145846e+00 -6.704513e+00 -1.179428e+01 -1.547610e+01 -1.178042e+00 1.121011e+00 4.167284e+00 -1.335469e+00 -2.318084e+00 -1.877832e+00 4.312185e-01 -5.020471e-01 8.640847e-01 -5.142167e-01 -2.135939e-01 3.826428e-01 -6.954692e-01 3.538806e-01 4.595793e-01 2.964505e-01 7.179102e-01 7.880648e-01 8.741616e-02 -2.110536e-02 -1.563460e-01 2.192501e-01 8.688784e-02 -1.665492e-01 5.768279e-01 5.860409e-01 1.060562e-01 -4.207687e-01 -1.497622e-01 4.340866e-01 1.987593e-01 6.641391e-02 -4.223140e-03
<VARIANCE> 39
 1.224842e+00 1.727277e+01 1.798836e+01 4.531625e+00 1.492159e+01 9.260242e+00 3.826245e+01 1.977281e+01 2.209978e+01 5.530478e+00 2.612342e+01 2.293161e+01 5.000000e-02 2.210977e-01 3.903050e-01 7.934704e-01 1.823877e+00 1.044189e+00 1.308871e+00 1.785860e+00 1.245332e+00 6.443425e-01 4.926529e-01 2.274246e+00 2.422191e+00 5.000000e-02 5.000000e-02 1.823013e-01 1.119630e-01 7.439841e-02 2.569055e-01 2.888638e-01 4.562524e-01 3.248334e-01 5.132172e-02 2.658907e-01 6.053258e-01 4.417943e-01 5.000000e-02
<GCONST> 7.288252e+01
<STATE> 27
<MEAN> 39
 1.360681e+00 -1.377267e+01 -4.617035e+00 -5.888648e+00 -7.920270e+00 -1.537911e+01 -2.082205e+00 -6.692007e-01 3.176951e+00 -1.918385e+00 -2.069049e+00 -2.164568e+00 3.678773e-01 -6.115283e-01 6.986105e-01 -2.884827e-01 2.569799e-02 8.159217e-01 8.335137e-01 3.914840e-01 -5.607532e-01 -1.296391e-01 9.711850e-01 1.578996e+00 7.541769e-01 -3.201630e-02 1.237563e-01 2.253997e-02 3.067589e-01 1.594622e-01 1.123053e-01 6.909181e-01 5.317545e-02 -1.759165e-01 -3.190117e-02 1.355275e-01 1.403444e-01 5.637855e-02 1.684179e-03
<VARIANCE> 39
 1.865649e+00 3.303237e+00 1.273366e+01 1.414591e+01 2.517956e+00 1.588799e+01 5.676174e+00 1.014034e+01 1.249380e+01 3.967355e+00 1.831887e+01 3.499114e+00 5.000000e-02 5.000000e-02 4.488301e-01 8.061461e-01 5.922216e-01 1.522578e+00 7.850509e-01 1.281097e+00 1.045160e+00 5.284229e-01 1.560084e+00 2.669466e+00 2.504591e+00 5.000000e-02 1.239663e-01 1.534126e-01 1.487115e-01 1.303256e-01 5.000000e-02 3.059042e-01 3.366970e-01 2.264215e-01 9.086338e-02 1.474711e-01 2.168270e-01 1.420696e-01 5.000000e-02
<GCONST> 6.069613e+01
<STATE> 28
<MEAN> 39
 3.132036e-01 -1.287860e+01 -5.204925e+00 -4.158649e+00 -7.434586e+00 -1.363944e+01 4.365688e-01 1.007702e+00 3.511431e+00 1.578483e+00 2.872176e+00 2.063362e-01 3.078727e-01 -8.919178e-02 5.945466e-01 -6.084086e-02 -1.050441e-01 9.027591e-01 1.186951e+00 1.896108e-01 9.920299e-02 4.363760e-01 1.286112e+00 1.402286e+00 4.374423e-01 -8.740978e-03 1.886738e-01 -1.851756e-01 9.147496e-02 -1.255128e-01 4.850211e-03 5.227702e-02 -3.783992e-01 -2.160730e-01 -5.851781e-02 -2.747877e-01 -5.273226e-01 -4.609389e-01 5.931562e-03
<VARIANCE> 39
 5.020279e+00 3.000857e+00 6.134004e+00 1.049454e+01 4.518656e+00 3.324845e+00 1.520754e+01 7.955563e+00 1.852361e+01 1.945858e+01 8.139221e+00 1.445013e+01 5.000000e-02 6.880380e-01 6.241672e-01 2.159497e-01 6.436113e-01 5.570179e-01 8.123028e-01 8.862683e-01 3.606973e-01 7.360279e-01 4.005774e-01 1.432355e+00 1.228398e+00 5.000000e-02 1.237000e-01 1.232997e-01 9.751485e-02 1.545115e-01 2.092733e-01 2.017671e-01 1.765458e-01 5.000000e-02 7.705936e-02 3.125603e-01 2.880559e-01 2.516542e-01 5.000000e-02
<GCONST> 5.969534e+01
<STATE> 29
<MEAN> 39
 1.613297e+00 -1.136330e+01 -4.444378e+00 -6.206721e+00 -7.051967e+00 -1.080298e+01 4.226226e-01 3.972151e-01 3.390670e+00 3.379205e+00 4.643082e+00 6.802894e-01 3.453230e-01 1.137449e-01 1.301072e-01 2.718895e-01 5.678080e-02 9.018713e-01 9.104062e-01 -6.541973e-01 -5.608501e-01 -1.051629e-01 -1.287960e-01 1.250385e-01 -3.741555e-01 -6.478708e-03 -4.644159e-01 -2.843270e-01 8.455101e-04 2.126043e-01 1.165920e-01 -3.729425e-01 -2.590278e-01 -7.981112e-03 2.479919e-01 -4.376693e-01 -3.639128e-01 -1.540187e-01 -1.713554e-02
<VARIANCE> 39
 3.525093e+00 1.898283e+01 6.507573e+00 6.637136e+00 9.503048e+00 4.642913e+00 8.383338e+00 2.863066e+00 1.161282e+01 4.760087e+00 5.218157e+00 1.947397e+00 5.000000e-02 9.167652e-01 9.857258e-01 4.768834e-01 3.414820e-01 4.593253e-01 2.322165e+00 1.569807e+00 1.035925e+00 1.307748e+00 1.560482e+00 7.539310e-01 4.767619e-01 5.000000e-02 9.308796e-02 2.417948e-01 5.000000e-02 6.101664e-02 1.849179e-01 5.000000e-02 1.733785e-01 5.000000e-02 2.257839e-01 9.683107e-02 6.546403e-02 5.000000e-02 5.000000e-02
<GCONST> 5.371706e+01
<STATE> 30
<MEAN> 39
 1.006347e+00 -1.224448e+01 -4.816959e+00 -6.898885e+00 -4.836271e+00 -9.757071e+00 -2.087374e+00 -1.740968e+00 3.929826e+00 3.386126e-01 6.422937e-01 -3.288851e+00 3.168666e-01 -1.666433e+00 -2.588834e-01 -9.706843e-02 1.602931e-01 9.448699e-01 1.227728e-01 -8.566796e-01 -2.963640e-01 5.040086e-01 -3.776436e-01 -1.139202e-01 -4.586591e-01 -7.125255e-02 -5.017183e-01 3.393956e-02 -3.510671e-02 1.081081e-01 -1.811880e-01 -4.620675e-01 1.299250e-01 1.931863e-01 6.104144e-02 1.407116e-01 2.905708e-01 1.660600e-01 -1.892970e-02
<VARIANCE> 39
 7.856017e+00 1.774098e+01 4.940419e+00 3.123650e+00 5.538090e+00 9.772262e+00 4.280748e+00 6.102230e+00 1.268308e+01 7.910510e+00 6.976131e+00 4.049047e+00 5.000000e-02 7.202374e-01 9.512279e-01 7.981575e-02 5.323399e-01 1.149172e+00 9.226333e-01 3.822187e-01 5.770165e-01 2.149745e+00 4.522058e-01 8.455650e-01 4.859284e-01 5.000000e-02 1.490805e-01 1.648896e-01 7.401086e-02 6.887334e-02 1.377072e-01 2.977330e-01 1.367497e-01 2.268355e-01 2.347712e-01 3.299185e-01 1.379827e-01 7.988954e-02 5.000000e-02
<GCONST> 5.694163e+01
<STATE> 31
<MEAN> 39
 -3.413032e+00 -1.245189e+01 -4.697991e+00 -4.442075e+00 -3.274923e+00 -1.077435e+01 -2.054735e+00 5.038602e-01 6.443497e+00 2.256076e+00 3.717525e+00 -7.065012e-01 1.380708e-01 -1.413019e+00 4.625881e-01 3.804537e-01 7.227008e-01 6.062438e-01 -8.346841e-01 -1.983296e-01 3.768967e-01 4.221673e-01 3.966712e-01 9.790758e-01 2.132048e-01 -6.572370e-02 1.659596e-01 2.428148e-01 1.666405e-01 4.317404e-02 -3.107750e-02 2.048799e-01 4.804426e-01 8.364208e-02 -3.338259e-01 -1.329835e-01 -2.640664e-02 1.927927e-01 3.090812e-03
<VARIANCE> 39
 6.256234e+00 3.161926e+00 6.467541e-01 1.042708e+01 9.417376e+00 2.127532e+01 3.415713e+00 1.540406e+01 1.759202e+01 8.121709e+00 4.624398e+00 6.663846e+00 5.000000e-02 5.792002e-01 4.652269e-01 6.284671e-01 7.877713e-01 1.574626e+00 8.818897e-01 2.318602e-01 1.410493e+00 1.550546e+00 1.452742e+00 1.057958e+00 3.988258e-01 5.000000e-02 1.860016e-01 1.024636e-01 5.000000e-02 5.000000e-02 1.956169e-01 4.213111e-01 5.000000e-02 2.341484e-01 5.657662e-01 1.621993e-01 1.352461e-01 6.171490e-02 5.000000e-02
<GCONST> 5.831239e+01
<STATE> 32
<MEAN> 39
 -3.935670e+00 -1.143548e+01 -3.970577e+00 -3.985676e+00 -3.149058e+00 -1.316635e+01 -3.634302e+00 -8.036095e-01 4.564021e+00 2.307549e+00 4.864757e+00 -1.627323e+00 8.537012e-02 -1.057112e+00 3.057216e-01 3.987250e-01 2.810173e-01 5.479016e-01 9.922583e-01 9.527402e-01 -1.954035e-01 -1.557437e-01 -2.556384e-01 8.205823e-02 2.501734e-01 -5.312323e-02 1.731178e-01 -1.055328e-01 -6.341484e-02 -1.391791e-02 -1.268542e-01 3.911949e-01 3.792127e-01 2.099996e-01 1.894105e-01 -2.712678e-02 -2.051490e-01 1.084094e-01 1.078650e-02
<VARIANCE> 39
 3.449837e+00 6.737263e+00 9.044426e-01 1.021514e+01 4.162287e+00 1.032173e+01 5.002839e+00 1.354090e+01 7.060902e+00 8.025388e+00 8.006756e+00 1.178023e+01 5.000000e-02 3.167366e-01 1.451763e-01 2.406831e-01 1.686434e-01 8.772207e-01 1.595628e+00 6.047751e-01 7.982638e-01 2.611176e+00 8.209319e-01 9.105240e-01 3.572063e-01 5.000000e-02 7.560468e-02 5.000000e-02 7.400332e-02 1.236485e-01 1.607773e-01 1.828488e-01 6.919890e-02 2.367883e-01 2.377133e-01 1.717814e-01 1.010863e-01 1.632619e-01 5.000000e-02
<GCONST> 5.237046e+01
<STATE> 33
<MEAN> 39
 -5.661884e+00 -1.087805e+01 -2.899000e+00 -4.674963e+00 -3.024326e+00 -7.596584e+00 2.415094e+00 -1.092610e+00 3.437096e+00 4.431525e-01 3.740074e+00 -3.218597e-01 -2.490191e-03 -8.599194e-01 1.374160e-01 6.885342e-02 3.027244e-01 4.653812e-01 1.274910e+00 1.303191e+00 1.058554e+00 7.930074e-01 -1.340065e-01 -6.987170e-02 3.863622e-01 -2.980094e-02 2.366492e-01 -1.515438e-01 -1.909655e-01 6.697345e-03 -2.901644e-01 -2.383843e-01 -1.750540e-01 1.701506e-01 1.077302e-01 5.941052e-02 -8.356295e-02 -1.205012e-01 1.311813e-02
<VARIANCE> 39
 1.279411e+00 3.497519e+00 5.533856e-01 9.163200e+00 3.351630e+00 6.219686e+00 9.273542e+00 1.689761e+00 7.247838e+00 5.669398e+00 1.753433e+01 4.249349e+00 5.000000e-02 1.094629e-01 4.112101e-01 5.000000e-02 3.119108e-01 4.335801e-01 9.927502e-01 3.283414e-01 8.900569e-01 1.243364e+00 1.113225e+00 1.607482e-01 9.532922e-01 5.000000e-02 5.000000e-02 5.000000e-02 5.684119e-02 6.270099e-02 1.985924e-01 3.462233e-01 1.250289e-01 5.000000e-02 2.120705e-01 1.020661e-01 4.089745e-01 5.217949e-02 5.000000e-02
<GCONST> 4.168159e+01
<TRANSP> 34
 0.000000e+00 1.000000e+00 0.000000e+00 0.000000e+00 0.000000e+00 0.000000e+00 0.000000e+00 0.000000e+00 0.000000e+00 0.000000e+00 0.000000e+00 0.000000e+00 0.000000e+00 0.000000e+00 0.000000e+00 0.000000e+00 0.000000e+00 0.000000e+00 0.000000e+00 0.000000e+00 0.000000e+00 0.000000e+00 0.000000e+00 0.000000e+00 0.000000e+00 0.000000e+00 0.000000e+00 0.000000e+00 0.000000e+00 0.000000e+00 0.000000e+00 0.000000e+00 0.000000e+00 0.000000e+00
 0.000000e+00 1.666667e-01 8.333333e-01 0.000000e+00 0.000000e+00 0.000000e+00 0.000000e+00 0.000000e+00 0.000000e+00 0.000000e+00 0.000000e+00 0.000000e+00 0.000000e+00 0.000000e+00 0.000000e+00 0.000000e+00 0.000000e+00 0.000000e+00 0.000000e+00 0.000000e+00 0.000000e+00 0.000000e+00 0.000000e+00 0.000000e+00 0.000000e+00 0.000000e+00 0.000000e+00 0.000000e+00 0.000000e+00 0.000000e+00 0.000000e+00 0.000000e+00 0.000000e+00 0.000000e+00
 0.000000e+00 0.000000e+00 4.444433e-01 5.555567e-01 0.000000e+00 0.000000e+00 0.000000e+00 0.000000e+00 0.000000e+00 0.000000e+00 0.000000e+00 0.000000e+00 0.000000e+00 0.000000e+00 0.000000e+00 0.000000e+00 0.000000e+00 0.000000e+00 0.000000e+00 0.000000e+00 0.000000e+00 0.000000e+00 0.000000e+00 0.000000e+00 0.000000e+00 0.000000e+00 0.000000e+00 0.000000e+00 0.000000e+00 0.000000e+00 0.000000e+00 0.000000e+00 0.000000e+00 0.000000e+00
 0.000000e+00 0.000000e+00 0.000000e+00 4.444456e-01 5.555545e-01 0.000000e+00 0.000000e+00 0.000000e+00 0.000000e+00 0.000000e+00 0.000000e+00 0.000000e+00 0.000000e+00 0.000000e+00 0.000000e+00 0.000000e+00 0.000000e+00 0.000000e+00 0.000000e+00 0.000000e+00 0.000000e+00 0.000000e+00 0.000000e+00 0.000000e+00 0.000000e+00 0.000000e+00 0.000000e+00 0.000000e+00 0.000000e+00 0.000000e+00 0.000000e+00 0.000000e+00 0.000000e+00 0.000000e+00
 0.000000e+00 0.000000e+00 0.000000e+00 0.000000e+00 2.851979e-01 7.148021e-01 0.000000e+00 0.000000e+00 0.000000e+00 0.000000e+00 0.000000e+00 0.000000e+00 0.000000e+00 0.000000e+00 0.000000e+00 0.000000e+00 0.000000e+00 0.000000e+00 0.000000e+00 0.000000e+00 0.000000e+00 0.000000e+00 0.000000e+00 0.000000e+00 0.000000e+00 0.000000e+00 0.000000e+00 0.000000e+00 0.000000e+00 0.000000e+00 0.000000e+00 0.000000e+00 0.000000e+00 0.000000e+00
 0.000000e+00 0.000000e+00 0.000000e+00 0.000000e+00 0.000000e+00 3.753942e-01 6.246058e-01 0.000000e+00 0.000000e+00 0.000000e+00 0.000000e+00 0.000000e+00 0.000000e+00 0.000000e+00 0.000000e+00 0.000000e+00 0.000000e+00 0.000000e+00 0.000000e+00 0.000000e+00 0.000000e+00 0.000000e+00 0.000000e+00 0.000000e+00 0.000000e+00 0.000000e+00 0.000000e+00 0.000000e+00 0.000000e+00 0.000000e+00 0.000000e+00 0.000000e+00 0.000000e+00 0.000000e+00
 0.000000e+00 0.000000e+00 0.000000e+00 0.000000e+00 0.000000e+00 0.000000e+00 4.444414e-01 5.555586e-01 0.000000e+00 0.000000e+00 0.000000e+00 0.000000e+00 0.000000e+00 0.000000e+00 0.000000e+00 0.000000e+00 0.000000e+00 0.000000e+00 0.000000e+00 0.000000e+00 0.000000e+00 0.000000e+00 0.000000e+00 0.000000e+00 0.000000e+00 0.000000e+00 0.000000e+00 0.000000e+00 0.000000e+00 0.000000e+00 0.000000e+00 0.000000e+00 0.000000e+00 0.000000e+00
 0.000000e+00 0.000000e+00 0.000000e+00 0.000000e+00 0.000000e+00 0.000000e+00 0.000000e+00 2.848460e-01 7.151540e-01 0.000000e+00 0.000000e+00 0.000000e+00 0.000000e+00 0.000000e+00 0.000000e+00 0.000000e+00 0.000000e+00 0.000000e+00 0.000000e+00 0.000000e+00 0.000000e+00 0.000000e+00 0.000000e+00 0.000000e+00 0.000000e+00 0.000000e+00 0.000000e+00 0.000000e+00 0.000000e+00 0.000000e+00 0.000000e+00 0.000000e+00 0.000000e+00 0.000000e+00
 0.000000e+00 0.000000e+00 0.000000e+00 0.000000e+00 0.000000e+00 0.000000e+00 0.000000e+00 0.000000e+00 2.866974e-01 7.133026e-01 0.000000e+00 0.000000e+00 0.000000e+00 0.000000e+00 0.000000e+00 0.000000e+00 0.000000e+00 0.000000e+00 0.000000e+00 0.000000e+00 0.000000e+00 0.000000e+00 0.000000e+00 0.000000e+00 0.000000e+00 0.000000e+00 0.000000e+00 0.000000e+00 0.000000e+00 0.000000e+00 0.000000e+00 0.000000e+00 0.000000e+00 0.000000e+00
 0.000000e+00 0.000000e+00 0.000000e+00 0.000000e+00 0.000000e+00 0.000000e+00 0.000000e+00 0.000000e+00 0.000000e+00 3.750174e-01 6.249826e-01 0.000000e+00 0.000000e+00 0.000000e+00 0.000000e+00 0.000000e+00 0.000000e+00 0.000000e+00 0.000000e+00 0.000000e+00 0.000000e+00 0.000000e+00 0.000000e+00 0.000000e+00 0.000000e+00 0.000000e+00 0.000000e+00 0.000000e+00 0.000000e+00 0.000000e+00 0.000000e+00 0.000000e+00 0.000000e+00 0.000000e+00
 0.000000e+00 0.000000e+00 0.000000e+00 0.000000e+00 0.000000e+00 0.000000e+00 0.000000e+00 0.000000e+00 0.000000e+00 0.000000e+00 5.453948e-01 4.546053e-01 0.000000e+00 0.000000e+00 0.000000e+00 0.000000e+00 0.000000e+00 0.000000e+00 0.000000e+00 0.000000e+00 0.000000e+00 0.000000e+00 0.000000e+00 0.000000e+00 0.000000e+00 0.000000e+00 0.000000e+00 0.000000e+00 0.000000e+00 0.000000e+00 0.000000e+00 0.000000e+00 0.000000e+00 0.000000e+00
 0.000000e+00 0.000000e+00 0.000000e+00 0.000000e+00 0.000000e+00 0.000000e+00 0.000000e+00 0.000000e+00 0.000000e+00 0.000000e+00 0.000000e+00 2.857257e-01 7.142743e-01 0.000000e+00 0.000000e+00 0.000000e+00 0.000000e+00 0.000000e+00 0.000000e+00 0.000000e+00 0.000000e+00 0.000000e+00 0.000000e+00 0.000000e+00 0.000000e+00 0.000000e+00 0.000000e+00 0.000000e+00 0.000000e+00 0.000000e+00 0.000000e+00 0.000000e+00 0.000000e+00 0.000000e+00
 0.000000e+00 0.000000e+00 0.000000e+00 0.000000e+00 0.000000e+00 0.000000e+00 0.000000e+00 0.000000e+00 0.000000e+00 0.000000e+00 0.000000e+00 0.000000e+00 1.666736e-01 8.333264e-01 0.000000e+00 0.000000e+00 0.000000e+00 0.000000e+00 0.000000e+00 0.000000e+00 0.000000e+00 0.000000e+00 0.000000e+00 0.000000e+00 0.000000e+00 0.000000e+00 0.000000e+00 0.000000e+00 0.000000e+00 0.000000e+00 0.000000e+00 0.000000e+00 0.000000e+00 0.000000e+00
 0.000000e+00 0.000000e+00 0.000000e+00 0.000000e+00 0.000000e+00 0.000000e+00 0.000000e+00 0.000000e+00 0.000000e+00 0.000000e+00 0.000000e+00 0.000000e+00 0.000000e+00 2.857149e-01 7.142851e-01 0.000000e+00 0.000000e+00 0.000000e+00 0.000000e+00 0.000000e+00 0.000000e+00 0.000000e+00 0.000000e+00 0.000000e+00 0.000000e+00 0.000000e+00 0.000000e+00 0.000000e+00 0.000000e+00 0.000000e+00 0.000000e+00 0.000000e+00 0.000000e+00 0.000000e+00
 0.000000e+00 0.000000e+00 0.000000e+00 0.000000e+00 0.000000e+00 0.000000e+00 0.000000e+00 0.000000e+00 0.000000e+00 0.000000e+00 0.000000e+00 0.000000e+00 0.000000e+00 0.000000e+00 2.857119e-01 7.142881e-01 0.000000e+00 0.000000e+00 0.000000e+00 0.000000e+00 0.000000e+00 0.000000e+00 0.000000e+00 0.000000e+00 0.000000e+00 0.000000e+00 0.000000e+00 0.000000e+00 0.000000e+00 0.000000e+00 0.000000e+00 0.000000e+00 0.000000e+00 0.000000e+00
 0.000000e+00 0.000000e+00 0.000000e+00 0.000000e+00 0.000000e+00 0.000000e+00 0.000000e+00 0.000000e+00 0.000000e+00 0.000000e+00 0.000000e+00 0.000000e+00 0.000000e+00 0.000000e+00 0.000000e+00 2.859240e-01 7.140760e-01 0.000000e+00 0.000000e+00 0.000000e+00 0.000000e+00 0.000000e+00 0.000000e+00 0.000000e+00 0.000000e+00 0.000000e+00 0.000000e+00 0.000000e+00 0.000000e+00 0.000000e+00 0.000000e+00 0.000000e+00 0.000000e+00 0.000000e+00
 0.000000e+00 0.000000e+00 0.000000e+00 0.000000e+00 0.000000e+00 0.000000e+00 0.000000e+00 0.000000e+00 0.000000e+00 0.000000e+00 0.000000e+00 0.000000e+00 0.000000e+00 0.000000e+00 0.000000e+00 0.000000e+00 3.748625e-01 6.251375e-01 0.000000e+00 0.000000e+00 0.000000e+00 0.000000e+00 0.000000e+00 0.000000e+00 0.000000e+00 0.000000e+00 0.000000e+00 0.000000e+00 0.000000e+00 0.000000e+00 0.000000e+00 0.000000e+00 0.000000e+00 0.000000e+00
 0.000000e+00 0.000000e+00 0.000000e+00 0.000000e+00 0.000000e+00 0.000000e+00 0.000000e+00 0.000000e+00 0.000000e+00 0.000000e+00 0.000000e+00 0.000000e+00 0.000000e+00 0.000000e+00 0.000000e+00 0.000000e+00 0.000000e+00 6.153755e-01 3.846245e-01 0.000000e+00 0.000000e+00 0.000000e+00 0.000000e+00 0.000000e+00 0.000000e+00 0.000000e+00 0.000000e+00 0.000000e+00 0.000000e+00 0.000000e+00 0.000000e+00 0.000000e+00 0.000000e+00 0.000000e+00
 0.000000e+00 0.000000e+00 0.000000e+00 0.000000e+00 0.000000e+00 0.000000e+00 0.000000e+00 0.000000e+00 0.000000e+00 0.000000e+00 0.000000e+00 0.000000e+00 0.000000e+00 0.000000e+00 0.000000e+00 0.000000e+00 0.000000e+00 0.000000e+00 3.749976e-01 6.250025e-01 0.000000e+00 0.000000e+00 0.000000e+00 0.000000e+00 0.000000e+00 0.000000e+00 0.000000e+00 0.000000e+00 0.000000e+00 0.000000e+00 0.000000e+00 0.000000e+00 0.000000e+00 0.000000e+00
 0.000000e+00 0.000000e+00 0.000000e+00 0.000000e+00 0.000000e+00 0.000000e+00 0.000000e+00 0.000000e+00 0.000000e+00 0.000000e+00 0.000000e+00 0.000000e+00 0.000000e+00 0.000000e+00 0.000000e+00 0.000000e+00 0.000000e+00 0.000000e+00 0.000000e+00 3.749915e-01 6.250085e-01 0.000000e+00 0.000000e+00 0.000000e+00 0.000000e+00 0.000000e+00 0.000000e+00 0.000000e+00 0.000000e+00 0.000000e+00 0.000000e+00 0.000000e+00 0.000000e+00 0.000000e+00
 0.000000e+00 0.000000e+00 0.000000e+00 0.000000e+00 0.000000e+00 0.000000e+00 0.000000e+00 0.000000e+00 0.000000e+00 0.000000e+00 0.000000e+00 0.000000e+00 0.000000e+00 0.000000e+00 0.000000e+00 0.000000e+00 0.000000e+00 0.000000e+00 0.000000e+00 0.000000e+00 3.721483e-01 6.278517e-01 0.000000e+00 0.000000e+00 0.000000e+00 0.000000e+00 0.000000e+00 0.000000e+00 0.000000e+00 0.000000e+00 0.000000e+00 0.000000e+00 0.000000e+00 0.000000e+00
 0.000000e+00 0.000000e+00 0.000000e+00 0.000000e+00 0.000000e+00 0.000000e+00 0.000000e+00 0.000000e+00 0.000000e+00 0.000000e+00 0.000000e+00 0.000000e+00 0.000000e+00 0.000000e+00 0.000000e+00 0.000000e+00 0.000000e+00 0.000000e+00 0.000000e+00 0.000000e+00 0.000000e+00 4.466860e-01 5.533140e-01 0.000000e+00 0.000000e+00 0.000000e+00 0.000000e+00 0.000000e+00 0.000000e+00 0.000000e+00 0.000000e+00 0.000000e+00 0.000000e+00 0.000000e+00
 0.000000e+00 0.000000e+00 0.000000e+00 0.000000e+00 0.000000e+00 0.000000e+00 0.000000e+00 0.000000e+00 0.000000e+00 0.000000e+00 0.000000e+00 0.000000e+00 0.000000e+00 0.000000e+00 0.000000e+00 0.000000e+00 0.000000e+00 0.000000e+00 0.000000e+00 0.000000e+00 0.000000e+00 0.000000e+00 1.666689e-01 8.333312e-01 0.000000e+00 0.000000e+00 0.000000e+00 0.000000e+00 0.000000e+00 0.000000e+00 0.000000e+00 0.000000e+00 0.000000e+00 0.000000e+00
 0.000000e+00 0.000000e+00 0.000000e+00 0.000000e+00 0.000000e+00 0.000000e+00 0.000000e+00 0.000000e+00 0.000000e+00 0.000000e+00 0.000000e+00 0.000000e+00 0.000000e+00 0.000000e+00 0.000000e+00 0.000000e+00 0.000000e+00 0.000000e+00 0.000000e+00 0.000000e+00 0.000000e+00 0.000000e+00 0.000000e+00 2.857102e-01 7.142898e-01 0.000000e+00 0.000000e+00 0.000000e+00 0.000000e+00 0.000000e+00 0.000000e+00 0.000000e+00 0.000000e+00 0.000000e+00
 0.000000e+00 0.000000e+00 0.000000e+00 0.000000e+00 0.000000e+00 0.000000e+00 0.000000e+00 0.000000e+00 0.000000e+00 0.000000e+00 0.000000e+00 0.000000e+00 0.000000e+00 0.000000e+00 0.000000e+00 0.000000e+00 0.000000e+00 0.000000e+00 0.000000e+00 0.000000e+00 0.000000e+00 0.000000e+00 0.000000e+00 0.000000e+00 4.892724e-01 5.107276e-01 0.000000e+00 0.000000e+00 0.000000e+00 0.000000e+00 0.000000e+00 0.000000e+00 0.000000e+00 0.000000e+00
 0.000000e+00 0.000000e+00 0.000000e+00 0.000000e+00 0.000000e+00 0.000000e+00 0.000000e+00 0.000000e+00 0.000000e+00 0.000000e+00 0.000000e+00 0.000000e+00 0.000000e+00 0.000000e+00 0.000000e+00 0.000000e+00 0.000000e+00 0.000000e+00 0.000000e+00 0.000000e+00 0.000000e+00 0.000000e+00 0.000000e+00 0.000000e+00 0.000000e+00 4.571199e-01 5.428801e-01 0.000000e+00 0.000000e+00 0.000000e+00 0.000000e+00 0.000000e+00 0.000000e+00 0.000000e+00
 0.000000e+00 0.000000e+00 0.000000e+00 0.000000e+00 0.000000e+00 0.000000e+00 0.000000e+00 0.000000e+00 0.000000e+00 0.000000e+00 0.000000e+00 0.000000e+00 0.000000e+00 0.000000e+00 0.000000e+00 0.000000e+00 0.000000e+00 0.000000e+00 0.000000e+00 0.000000e+00 0.000000e+00 0.000000e+00 0.000000e+00 0.000000e+00 0.000000e+00 0.000000e+00 1.672681e-01 8.327319e-01 0.000000e+00 0.000000e+00 0.000000e+00 0.000000e+00 0.000000e+00 0.000000e+00
 0.000000e+00 0.000000e+00 0.000000e+00 0.000000e+00 0.000000e+00 0.000000e+00 0.000000e+00 0.000000e+00 0.000000e+00 0.000000e+00 0.000000e+00 0.000000e+00 0.000000e+00 0.000000e+00 0.000000e+00 0.000000e+00 0.000000e+00 0.000000e+00 0.000000e+00 0.000000e+00 0.000000e+00 0.000000e+00 0.000000e+00 0.000000e+00 0.000000e+00 0.000000e+00 0.000000e+00 4.441735e-01 5.558265e-01 0.000000e+00 0.000000e+00 0.000000e+00 0.000000e+00 0.000000e+00
 0.000000e+00 0.000000e+00 0.000000e+00 0.000000e+00 0.000000e+00 0.000000e+00 0.000000e+00 0.000000e+00 0.000000e+00 0.000000e+00 0.000000e+00 0.000000e+00 0.000000e+00 0.000000e+00 0.000000e+00 0.000000e+00 0.000000e+00 0.000000e+00 0.000000e+00 0.000000e+00 0.000000e+00 0.000000e+00 0.000000e+00 0.000000e+00 0.000000e+00 0.000000e+00 0.000000e+00 0.000000e+00 2.857830e-01 7.142169e-01 0.000000e+00 0.000000e+00 0.000000e+00 0.000000e+00
 0.000000e+00 0.000000e+00 0.000000e+00 0.000000e+00 0.000000e+00 0.000000e+00 0.000000e+00 0.000000e+00 0.000000e+00 0.000000e+00 0.000000e+00 0.000000e+00 0.000000e+00 0.000000e+00 0.000000e+00 0.000000e+00 0.000000e+00 0.000000e+00 0.000000e+00 0.000000e+00 0.000000e+00 0.000000e+00 0.000000e+00 0.000000e+00 0.000000e+00 0.000000e+00 0.000000e+00 0.000000e+00 0.000000e+00 2.857364e-01 7.142636e-01 0.000000e+00 0.000000e+00 0.000000e+00
 0.000000e+00 0.000000e+00 0.000000e+00 0.000000e+00 0.000000e+00 0.000000e+00 0.000000e+00 0.000000e+00 0.000000e+00 0.000000e+00 0.000000e+00 0.000000e+00 0.000000e+00 0.000000e+00 0.000000e+00 0.000000e+00 0.000000e+00 0.000000e+00 0.000000e+00 0.000000e+00 0.000000e+00 0.000000e+00 0.000000e+00 0.000000e+00 0.000000e+00 0.000000e+00 0.000000e+00 0.000000e+00 0.000000e+00 0.000000e+00 2.900532e-01 7.099469e-01 0.000000e+00 0.000000e+00
 0.000000e+00 0.000000e+00 0.000000e+00 0.000000e+00 0.000000e+00 0.000000e+00 0.000000e+00 0.000000e+00 0.000000e+00 0.000000e+00 0.000000e+00 0.000000e+00 0.000000e+00 0.000000e+00 0.000000e+00 0.000000e+00 0.000000e+00 0.000000e+00 0.000000e+00 0.000000e+00 0.000000e+00 0.000000e+00 0.000000e+00 0.000000e+00 0.000000e+00 0.000000e+00 0.000000e+00 0.000000e+00 0.000000e+00 0.000000e+00 0.000000e+00 4.417357e-01 5.582644e-01 0.000000e+00
 0.000000e+00 0.000000e+00 0.000000e+00 0.000000e+00 0.000000e+00 0.000000e+00 0.000000e+00 0.000000e+00 0.000000e+00 0.000000e+00 0.000000e+00 0.000000e+00 0.000000e+00 0.000000e+00 0.000000e+00 0.000000e+00 0.000000e+00 0.000000e+00 0.000000e+00 0.000000e+00 0.000000e+00 0.000000e+00 0.000000e+00 0.000000e+00 0.000000e+00 0.000000e+00 0.000000e+00 0.000000e+00 0.000000e+00 0.000000e+00 0.000000e+00 0.000000e+00 0.000000e+00 1.000000e+00
 0.000000e+00 0.000000e+00 0.000000e+00 0.000000e+00 0.000000e+00 0.000000e+00 0.000000e+00 0.000000e+00 0.000000e+00 0.000000e+00 0.000000e+00 0.000000e+00 0.000000e+00 0.000000e+00 0.000000e+00 0.000000e+00 0.000000e+00 0.000000e+00 0.000000e+00 0.000000e+00 0.000000e+00 0.000000e+00 0.000000e+00 0.000000e+00 0.000000e+00 0.000000e+00 0.000000e+00 0.000000e+00 0.000000e+00 0.000000e+00 0.000000e+00 0.000000e+00 0.000000e+00 0.000000e+00
<ENDHMM>
