~o
<STREAMINFO> 1 39
<VECSIZE> 39<NULLD><MFCC_E_D_A><DIAGC>
~h "Vao"
<BEGINHMM>
<NUMSTATES> 33
<STATE> 2
<MEAN> 39
 -4.138564e+00 -7.864279e+00 3.564866e-01 -2.066720e+00 9.806535e-01 -5.234977e+00 2.087959e+00 -1.033021e+00 7.545946e-01 -1.037658e+00 3.221759e+00 -2.276113e+00 5.166292e-02 9.295288e-01 2.260998e-01 -1.260666e+00 -1.408949e+00 -1.231570e+00 -9.685225e-01 -3.237887e-02 4.488679e-01 -5.342740e-01 -4.032723e-01 -1.218638e+00 -1.217242e+00 2.303489e-02 3.553012e-01 2.491695e-02 -4.132232e-01 -6.658112e-02 -3.032373e-01 -2.201136e-01 -3.104886e-01 -2.285293e-01 -2.801556e-01 -3.369978e-01 -3.389733e-01 -2.141089e-01 1.124877e-02
<VARIANCE> 39
 2.330780e+00 4.319747e+00 6.860966e+00 7.248228e+00 7.204093e+00 6.847141e+00 5.039618e+00 1.300255e+01 6.785607e+00 5.228208e+00 6.705308e+00 8.594768e+00 5.000000e-02 5.261724e-01 2.110873e-01 1.252031e+00 8.139887e-01 9.587682e-01 9.512476e-01 1.087243e+00 1.447514e+00 9.532760e-01 5.738629e-01 8.743138e-01 4.540120e-01 5.000000e-02 9.083156e-02 1.030783e-01 1.151989e-01 1.203219e-01 1.431967e-01 2.813720e-01 6.480403e-02 4.938611e-01 2.830989e-01 1.469757e-01 1.874308e-01 9.577721e-02 5.000000e-02
<GCONST> 5.846277e+01
<STATE> 3
<MEAN> 39
 -9.883958e-01 -5.229102e+00 -4.855976e+00 -6.171217e+00 -2.774264e+00 -6.635944e+00 -5.212891e-01 -2.322710e+00 -1.416152e+00 -4.763573e+00 -1.034934e+00 -6.313119e+00 1.150102e-01 9.855995e-01 3.710074e-01 -1.372245e+00 -3.861334e-02 -1.163014e+00 -6.759778e-01 -1.039333e+00 -5.028716e-01 -1.117466e+00 -7.730514e-01 -1.238560e+00 -1.161718e+00 4.641525e-02 -2.267602e-01 -3.893608e-01 1.544467e-01 5.461663e-01 3.938364e-01 -1.536817e-02 -6.639750e-02 7.670532e-02 1.019292e-01 4.800161e-02 1.946656e-01 1.867371e-01 1.081135e-02
<VARIANCE> 39
 5.086936e+00 3.913917e+00 1.232963e+01 1.130079e+01 1.305111e+01 4.113761e+00 1.011825e+01 6.486525e+00 8.801011e+00 1.095746e+01 3.287320e+00 2.299325e+00 5.000000e-02 1.776736e+00 9.628630e-01 6.185572e-01 1.013342e+00 1.656023e+00 2.162025e+00 3.148856e-01 2.289240e+00 1.648488e+00 1.001081e+00 9.133880e-01 8.191063e-01 5.000000e-02 5.000000e-02 1.216295e-01 3.925164e-01 3.173669e-01 4.361731e-01 1.926707e-01 1.855149e-01 3.181222e-01 1.548648e-01 1.405292e-01 2.728368e-01 1.310260e-01 5.000000e-02
<GCONST> 6.695511e+01
<STATE> 4
<MEAN> 39
 1.282990e+00 -7.871337e+00 -5.615765e+00 -2.713974e+00 -3.070821e+00 -1.054905e+01 -1.448732e+00 -2.138820e+00 -4.201034e+00 -5.546761e+00 -2.109855e+00 -7.258918e+00 2.957909e-01 2.536227e-01 -1.415759e+00 -1.016744e+00 6.699865e-01 5.696697e-01 -6.279140e-01 1.289469e-01 3.177814e-01 -5.623994e-02 4.531945e-02 -3.518401e-01 -6.019061e-01 6.072246e-02 -1.493089e-01 -6.634637e-01 -5.104485e-01 -4.806937e-01 2.683679e-01 4.766870e-01 5.916299e-01 1.263961e-01 7.307874e-01 6.169523e-01 -2.331687e-01 4.303972e-01 1.777984e-02
<VARIANCE> 39
 2.511883e+01 1.580342e+01 3.750927e+00 1.849797e+01 1.423395e+01 2.675260e+01 1.068550e+01 8.054282e+00 1.590245e+01 1.091799e+01 9.483796e+00 6.698958e+00 5.000000e-02 7.857215e-01 9.148872e-01 1.924241e+00 2.216477e+00 9.953753e-01 3.067846e+00 8.884388e-01 1.256525e+00 1.190883e+00 1.617122e+00 1.690020e+00 9.114375e-01 5.000000e-02 3.169467e-01 4.199950e-01 5.053899e-01 6.684045e-01 6.884627e-01 5.877551e-01 2.821385e-01 3.281961e-01 5.295407e-01 1.207853e-01 3.592952e-01 1.714315e-01 5.000000e-02
<GCONST> 8.413066e+01
<STATE> 5
<MEAN> 39
 6.558050e-01 -1.080776e+01 -8.818567e+00 -4.772046e+00 -1.189528e+00 -8.498582e+00 -1.350876e+00 -4.227304e-01 -1.580765e-02 -3.751868e+00 -2.205635e+00 -8.024143e+00 4.182895e-01 7.497351e-01 -2.861590e+00 -3.493191e+00 -2.011319e+00 2.776496e-01 4.598284e-01 1.647171e+00 5.367407e-01 2.153268e+00 1.398429e+00 -2.104770e+00 7.048143e-01 1.491946e-01 -3.244031e-01 -3.917504e-01 -7.205142e-01 -1.151073e-01 1.580142e-01 3.402417e-01 1.147928e+00 -1.302528e-01 -6.658281e-02 -1.902185e-01 -4.373443e-01 6.998552e-01 1.790096e-02
<VARIANCE> 39
 1.783497e+01 1.720162e+01 1.292352e+01 7.389371e+00 7.163715e+00 3.100507e+01 6.952171e+00 1.206776e+01 2.329100e+01 3.247655e+01 2.391468e+01 1.702293e+01 5.000000e-02 6.783545e-01 2.502655e+00 5.093072e+00 1.597116e+00 3.253723e+00 2.604634e+00 3.646549e+00 1.323248e+00 1.922801e+00 9.290041e-01 6.081983e-01 8.570108e-01 5.000000e-02 1.769404e-01 2.627304e-01 5.061651e-01 2.834190e-01 2.355329e-01 6.930717e-01 1.818770e-01 3.426388e-01 3.087142e-01 6.697806e-01 3.629321e-01 3.236051e-01 5.000000e-02
<GCONST> 8.839436e+01
<STATE> 6
<MEAN> 39
 1.766659e+00 -1.846777e+01 -1.909554e+01 -9.218360e+00 -1.616764e+00 -7.998461e+00 5.517913e+00 3.976943e-01 2.655844e+00 -4.996741e-01 -1.003737e+01 -5.642875e+00 7.844762e-01 -1.134543e+00 -2.862822e+00 -3.617222e+00 -1.037890e-01 1.141558e+00 8.127098e-01 3.913508e+00 -1.094484e-01 5.686600e-02 -4.982004e-01 -2.064841e+00 2.163328e+00 1.277992e-01 -6.198062e-01 4.011652e-01 7.251998e-01 1.075098e+00 4.198750e-01 1.670478e-01 -1.208452e-01 -5.041752e-01 -7.812170e-01 -6.986700e-01 8.309789e-01 3.360385e-01 -2.554751e-02
<VARIANCE> 39
 1.761691e+01 6.272316e+00 4.501766e+01 2.197199e+01 1.763990e+01 1.240719e+01 4.252858e+01 2.288950e+01 2.084363e+01 1.549478e+01 9.204397e+00 7.554428e+00 5.000000e-02 1.215072e+00 8.506657e-01 1.727976e+00 1.706600e+00 1.744329e+00 2.521927e+00 8.544997e-01 2.810756e+00 1.597380e+00 3.965419e+00 1.616282e+00 1.342075e+00 5.000000e-02 1.372842e-01 2.785144e-01 9.399416e-01 3.776625e-01 5.245140e-01 2.944678e-01 6.172044e-01 1.327838e-01 3.125881e-01 1.753397e-01 1.994159e-01 1.896940e-01 5.000000e-02
<GCONST> 8.782518e+01
<STATE> 7
<MEAN> 39
 -2.391887e+00 -2.225362e+01 -2.211713e+01 -4.617574e+00 3.079459e+00 -5.680697e+00 1.336196e+01 -2.276541e+00 2.136451e-01 -5.449432e+00 -9.840359e+00 9.620436e-01 9.325668e-01 -1.528448e+00 -1.241256e+00 -7.256434e-01 2.019615e+00 1.613670e+00 1.346489e+00 9.922475e-01 -1.482758e+00 -8.746406e-01 -9.476914e-01 8.944609e-01 1.775017e+00 4.424906e-02 2.297775e-01 5.799735e-01 8.169509e-01 2.699464e-01 -1.935899e-01 -9.686925e-03 -1.305591e+00 -5.087615e-01 1.022116e-01 3.131769e-01 7.045622e-01 -4.646465e-01 -2.862713e-02
<VARIANCE> 39
 1.574931e+01 2.403245e+00 6.964330e+00 2.391767e+01 1.324319e+01 8.688784e+00 1.717435e+01 4.658424e+01 2.651163e+01 1.344990e+01 1.215742e+01 7.025609e+00 5.000000e-02 6.389989e-01 5.082908e-01 2.166360e+00 1.481109e+00 1.099161e+00 1.593115e-01 1.613332e+00 6.563596e-01 6.683565e-01 6.342313e-01 1.068322e+00 7.436554e-01 5.000000e-02 9.357905e-02 6.329581e-02 2.442923e-01 2.588770e-01 2.421138e-01 2.651861e-01 8.622523e-02 3.324518e-01 1.198856e-01 3.412397e-01 3.989148e-01 2.326269e-01 5.000000e-02
<GCONST> 7.069999e+01
<STATE> 8
<MEAN> 39
 -4.615786e+00 -2.330756e+01 -2.270654e+01 -1.345041e+00 4.914633e+00 -2.673163e+00 1.003719e+01 -5.077169e+00 -1.107658e+00 -4.417406e+00 -7.235028e+00 1.003965e+00 9.686178e-01 -4.282561e-01 -6.406319e-01 -4.480407e-01 1.221016e+00 5.192024e-01 7.958516e-01 -8.170273e-01 -2.027979e+00 3.197344e-01 3.586883e-01 7.214038e-01 5.548129e-01 1.372095e-02 4.642422e-01 1.600617e-01 1.064888e-01 -3.529767e-01 -3.952023e-01 -2.252153e-01 -2.746529e-01 1.200064e-01 4.497261e-01 1.744449e-01 -2.729079e-01 -2.213817e-01 -9.039873e-03
<VARIANCE> 39
 1.721844e+01 2.381443e+00 8.053725e+00 2.326316e+01 4.713374e+00 9.303470e+00 1.496985e+01 5.241546e+01 2.227828e+01 1.348035e+01 1.113728e+01 5.596253e+00 5.000000e-02 2.366033e-01 7.843251e-02 5.246536e-01 9.764771e-01 5.615367e-01 4.744951e-01 3.090841e-01 1.255223e+00 7.180138e-01 6.026331e-01 1.645191e+00 6.696914e-01 5.000000e-02 5.000000e-02 5.000000e-02 1.509997e-01 1.333677e-01 1.098893e-01 5.000000e-02 1.078969e-01 2.045180e-01 6.786505e-02 1.015853e-01 1.295103e-01 1.104113e-01 5.000000e-02
<GCONST> 5.611514e+01
<STATE> 9
<MEAN> 39
 -3.140415e+00 -2.523508e+01 -2.420931e+01 1.251167e+00 4.767703e+00 -2.552937e+00 1.087381e+01 -1.106095e+01 1.815989e+00 -5.083429e+00 -5.972739e+00 3.373587e+00 9.896069e-01 3.256474e-01 -5.470770e-01 -7.680450e-02 6.913675e-01 1.589562e-01 4.513777e-01 -3.499687e-01 -1.081299e+00 8.927397e-01 -1.408676e-02 -6.319194e-02 7.249103e-01 6.591793e-03 3.880652e-02 1.612532e-01 1.798224e-01 -4.249419e-01 -7.669223e-02 -1.291728e-01 -8.767943e-02 6.014857e-01 -1.632055e-02 -1.245885e-01 -3.298149e-01 -1.541951e-01 -3.839463e-03
<VARIANCE> 39
 1.934006e+01 2.310972e+00 1.543671e+00 3.241985e+01 4.194116e+00 8.811130e+00 1.763091e+01 3.678305e+01 4.496642e+01 1.700289e+01 1.889054e+01 9.095984e+00 5.000000e-02 1.978475e-01 2.571655e-01 5.106815e-01 2.891892e-01 6.718323e-02 1.486332e-01 2.594699e-01 9.471557e-01 4.862891e-01 7.530417e-01 9.658992e-01 2.231563e-01 5.000000e-02 5.000000e-02 5.000000e-02 5.000000e-02 1.149400e-01 1.103687e-01 5.000000e-02 5.615681e-02 1.061330e-01 2.156436e-01 1.387352e-01 1.459031e-01 1.102684e-01 5.000000e-02
<GCONST> 4.972095e+01
<STATE> 10
<MEAN> 39
 -2.445966e+00 -2.566563e+01 -2.314509e+01 9.326762e-01 6.834262e+00 -2.719651e+00 9.442646e+00 -9.550785e+00 7.619120e-01 -3.870839e+00 -7.974140e+00 3.250174e+00 9.936150e-01 -4.312812e-01 1.226152e-01 -1.549386e-01 -1.854668e-01 4.389455e-02 3.360927e-01 -6.969690e-01 -1.495357e-01 5.905426e-01 -3.361368e-01 -2.673294e-01 2.981905e-01 1.340969e-03 -1.020728e-01 2.778648e-01 1.161123e-01 -2.064528e-01 -3.578905e-02 1.061870e-02 6.751046e-02 1.645118e-01 -1.695739e-01 -1.829817e-01 -2.954169e-02 -1.437224e-01 -2.055943e-03
<VARIANCE> 39
 1.728721e+01 2.005629e+00 2.446975e+00 1.842700e+01 7.522655e+00 1.077809e+01 6.601246e+00 3.411514e+01 2.837911e+01 2.931822e+01 3.196890e+01 2.188832e+00 5.000000e-02 2.743877e-01 2.917538e-01 1.682301e-01 3.046701e-01 9.447614e-01 6.323724e-01 1.025082e+00 5.213280e-01 8.888235e-01 1.059490e+00 3.588573e-01 5.671523e-01 5.000000e-02 6.298935e-02 5.718647e-02 9.396442e-02 5.000000e-02 5.551102e-02 5.000000e-02 1.046555e-01 2.045977e-01 2.687306e-01 1.885577e-01 1.286267e-01 1.077383e-01 5.000000e-02
<GCONST> 5.456051e+01
<STATE> 11
<MEAN> 39
 -4.365961e+00 -2.446913e+01 -2.374369e+01 -1.856258e-02 6.668505e+00 -1.509393e+00 9.429445e+00 -1.374292e+01 5.026984e+00 -5.008489e+00 -6.955194e+00 4.512630e+00 9.929289e-01 1.647129e-01 1.203389e-01 6.071846e-01 -1.032977e-01 2.681235e-03 7.421845e-01 -5.493339e-01 -1.637433e-01 5.946650e-01 -8.737805e-01 -2.383645e-01 -1.346758e-01 -3.072667e-03 3.763608e-02 -1.775217e-01 1.068585e-01 -2.181386e-01 -1.789619e-01 8.753314e-02 -3.720675e-02 3.232851e-01 -7.263052e-02 -5.206247e-02 3.045644e-02 -7.185829e-02 -2.327802e-03
<VARIANCE> 39
 1.331919e+01 4.416011e+00 2.079660e+00 1.566077e+01 1.864903e+01 7.641394e+00 1.294066e+01 5.914199e+01 1.991925e+01 3.170851e+01 1.048852e+01 5.945403e+00 5.000000e-02 2.001538e-01 2.392147e-01 2.792077e-01 3.692633e-01 5.662089e-01 3.805218e-01 1.118414e+00 1.107140e+00 1.337522e+00 1.518962e+00 2.610985e-01 5.565033e-01 5.000000e-02 5.000000e-02 7.158757e-02 6.860859e-02 5.000000e-02 2.627188e-01 1.275593e-01 2.562375e-01 8.245112e-02 1.601394e-01 4.286694e-01 5.000000e-02 1.693884e-01 5.000000e-02
<GCONST> 5.856537e+01
<STATE> 12
<MEAN> 39
 -2.690572e+00 -2.529567e+01 -2.214650e+01 1.985734e+00 4.166820e+00 2.304000e+00 4.686690e+00 -6.539242e+00 3.158090e+00 -7.288616e+00 -6.647297e+00 2.029764e+00 9.881059e-01 -3.329406e-02 -5.471432e-01 4.282739e-01 -6.547444e-01 -2.816430e-01 6.100282e-01 -7.978727e-01 7.829507e-01 -8.288652e-01 1.249783e-01 -8.412691e-01 7.805004e-02 -3.934362e-03 -6.606341e-04 -6.287238e-02 -1.418071e-01 1.572852e-02 -1.375916e-02 -2.440763e-01 3.335388e-01 -1.001528e-01 -1.523219e-01 3.957239e-01 -1.422771e-01 1.929338e-01 -8.801110e-04
<VARIANCE> 39
 1.515456e+01 1.996199e+00 3.659779e+00 2.188791e+01 2.562046e+00 7.771990e+00 1.865582e+01 6.317416e+01 4.155795e+01 1.056455e+01 2.214030e+01 8.966216e+00 5.000000e-02 5.000000e-02 2.914761e-01 1.330935e-01 2.184322e-01 6.952285e-01 4.942847e-01 5.593217e-01 3.985435e-01 1.365984e+00 1.589706e+00 4.732701e-01 7.078325e-01 5.000000e-02 6.300990e-02 5.000000e-02 9.488954e-02 6.214705e-02 5.000000e-02 1.145728e-01 5.000000e-02 1.199069e-01 1.199176e-01 7.723650e-02 7.710747e-02 1.099113e-01 5.000000e-02
<GCONST> 5.064286e+01
<STATE> 13
<MEAN> 39
 -7.760391e+00 -2.468150e+01 -2.032454e+01 -3.618854e+00 5.672609e+00 6.426366e-02 6.850709e+00 -9.479440e+00 5.120043e+00 -5.676110e+00 -1.079191e+01 5.730469e+00 9.517497e-01 -1.595727e-01 1.126524e-01 -1.395351e-01 -1.458458e-01 1.871876e-01 -2.205396e-01 2.908107e-02 -1.115311e-01 3.050637e-01 6.007103e-01 -5.879183e-01 7.850834e-03 -8.584007e-03 6.986270e-02 -5.187256e-02 -2.157447e-01 -1.233859e-02 -5.654081e-02 -9.260815e-02 -1.981281e-02 -1.283552e-01 -1.511891e-02 2.206438e-01 5.707571e-02 -8.113198e-02 2.670704e-05
<VARIANCE> 39
 1.306907e+01 4.661405e+00 5.145060e+00 8.135613e+00 6.316029e+00 4.522280e+00 1.614063e+01 3.225743e+01 3.274083e+01 1.318432e+01 1.064801e+01 7.878922e+00 5.000000e-02 2.026388e-01 3.430631e-01 5.323831e-01 6.006849e-01 3.997160e-01 3.811362e-01 3.213170e-01 6.500016e-01 9.252286e-01 5.392553e-01 4.028827e-01 5.061369e-01 5.000000e-02 5.000000e-02 5.000000e-02 5.000000e-02 1.665706e-01 6.958121e-02 6.423879e-02 9.896886e-02 9.342090e-02 1.798690e-01 6.189309e-02 9.745818e-02 5.000000e-02 5.000000e-02
<GCONST> 5.040351e+01
<STATE> 14
<MEAN> 39
 -3.107205e+00 -2.560718e+01 -2.367113e+01 -3.058973e-01 5.586427e+00 -2.776560e-01 7.683016e+00 -1.007326e+01 2.606429e+00 -2.732177e+00 -1.070398e+01 4.680594e+00 9.601699e-01 3.115728e-01 -5.262375e-01 -7.989846e-01 -2.126108e-01 -8.943433e-01 5.095870e-01 -3.378060e-01 -5.003406e-01 4.470162e-01 2.955152e-01 2.055514e-01 -2.594269e-01 -5.427946e-03 8.465887e-02 -1.282496e-02 -2.061822e-02 -5.133432e-03 -1.699351e-01 2.804171e-01 1.761834e-02 1.411309e-02 5.477333e-02 -1.969978e-01 3.712840e-02 -3.136337e-01 -9.953743e-04
<VARIANCE> 39
 1.832602e+01 2.771705e+00 3.173155e+00 2.796068e+01 7.680457e+00 1.505895e+01 1.586440e+01 4.956156e+01 7.011700e+01 8.812417e+00 7.026689e+00 5.617568e+00 5.000000e-02 5.000000e-02 1.182614e-01 3.323386e-01 4.808121e-01 2.750134e-01 1.204019e+00 6.850619e-01 3.525912e-01 6.770787e-01 9.609161e-01 5.788893e-01 5.660607e-01 5.000000e-02 5.000000e-02 5.000000e-02 1.614988e-01 7.326274e-02 6.798351e-02 1.482336e-01 1.101174e-01 5.000000e-02 1.173581e-01 5.000000e-02 8.774874e-02 8.701006e-02 5.000000e-02
<GCONST> 5.134615e+01
<STATE> 15
<MEAN> 39
 -1.775774e+00 -2.773623e+01 -2.535540e+01 -2.133885e-01 1.817286e+00 3.232067e+00 5.180107e+00 -9.785874e+00 2.791388e+00 -4.375677e+00 -1.011525e+01 1.582976e+00 9.521372e-01 4.252248e-01 -3.979500e-01 -9.480587e-02 -8.150781e-01 -5.395132e-01 4.837260e-01 1.671506e-01 -2.239941e-01 1.856244e-01 4.904902e-01 -2.476028e-01 -2.314864e-01 -9.237722e-03 8.360812e-02 2.659947e-01 3.344920e-01 -2.206778e-02 2.144945e-01 -2.623962e-02 1.573864e-01 8.167725e-02 -1.337187e-01 2.187373e-01 -2.376364e-02 1.459923e-01 -2.509960e-03
<VARIANCE> 39
 1.726320e+01 4.135624e+00 6.124882e+00 2.024395e+01 8.637042e+00 1.082937e+01 1.943691e+01 5.332664e+01 1.008410e+02 1.936221e+01 1.585904e+01 7.761899e+00 5.000000e-02 2.649062e-01 3.995131e-01 7.747270e-01 2.546339e-01 1.707816e-01 8.143732e-01 6.708167e-01 3.404005e-01 4.425172e-01 7.983583e-01 3.583846e-01 7.143866e-01 5.000000e-02 5.000000e-02 5.000000e-02 5.409295e-02 7.873594e-02 5.000000e-02 1.453844e-01 1.429070e-01 5.000000e-02 3.133558e-01 1.498012e-01 2.065291e-01 6.944838e-02 5.000000e-02
<GCONST> 5.730967e+01
<STATE> 16
<MEAN> 39
 -3.376466e+00 -2.731206e+01 -2.333691e+01 -3.940186e+00 2.444501e+00 2.738010e+00 4.911546e+00 -9.073483e+00 4.422043e+00 -6.632714e-01 -1.100826e+01 2.814131e+00 9.156141e-01 5.243136e-01 4.883493e-01 2.922693e-01 -2.355861e-01 2.940861e-01 1.647491e-01 2.318977e-01 -1.595551e-01 -3.167731e-01 1.230346e+00 -1.418689e-01 -5.416710e-01 -1.237031e-02 1.429308e-01 2.291381e-01 5.136892e-02 9.743133e-02 3.196372e-01 6.241837e-03 2.232128e-02 3.036423e-02 -1.526211e-01 1.236305e-02 -8.485325e-02 -4.005913e-01 1.465871e-04
<VARIANCE> 39
 3.570930e+01 9.893247e+00 3.066799e+00 1.276520e+01 1.265528e+01 1.259239e+01 2.909638e+01 3.893222e+01 6.227056e+01 2.164223e+01 8.733481e+00 7.962214e+00 5.000000e-02 1.254154e-01 8.813240e-02 3.072519e-01 2.936713e-01 6.327832e-01 1.417755e-01 2.285240e-01 4.673851e-01 1.789996e+00 5.599601e-01 1.225170e+00 5.984786e-01 5.000000e-02 5.000000e-02 5.000000e-02 5.000000e-02 7.701355e-02 1.011079e-01 1.367344e-01 2.082688e-01 9.712453e-02 1.534731e-01 1.992079e-01 8.534673e-02 7.383612e-02 5.000000e-02
<GCONST> 5.562247e+01
<STATE> 17
<MEAN> 39
 -7.028286e-01 -2.513336e+01 -2.274583e+01 -4.028653e+00 4.665716e+00 2.359566e+00 7.623664e+00 -1.318059e+01 4.661693e+00 1.550567e-01 -1.148056e+01 4.398230e-01 8.853502e-01 9.410560e-01 3.522688e-01 2.851482e-01 -6.168019e-01 3.907302e-01 7.883338e-01 -4.449564e-01 7.164336e-01 -5.500196e-01 1.251001e+00 -3.311420e-01 -1.345212e+00 -9.403651e-03 2.532582e-02 -8.983704e-02 -6.735208e-02 -2.978062e-01 -1.378359e-01 3.411828e-01 -4.494981e-01 4.409018e-01 1.045388e-01 -9.402929e-02 1.578985e-02 -3.859634e-01 -2.577459e-05
<VARIANCE> 39
 2.025101e+01 4.485237e+00 3.580242e+00 8.787984e+00 1.041936e+01 1.384898e+01 1.637437e+01 3.856156e+01 4.022364e+01 1.396801e+01 6.324027e+00 1.247579e+01 5.000000e-02 8.126041e-02 4.964606e-01 1.574034e-01 7.522641e-01 1.353888e+00 9.848033e-01 1.709994e+00 1.466562e+00 9.783053e-01 1.333054e+00 3.703708e-01 8.377407e-01 5.000000e-02 5.000000e-02 5.087133e-02 1.087392e-01 7.045395e-02 5.000000e-02 1.760075e-01 2.254453e-01 5.890262e-02 1.097924e-01 5.000000e-02 6.087219e-02 5.052521e-02 5.000000e-02
<GCONST> 5.683594e+01
<STATE> 18
<MEAN> 39
 9.135430e-02 -2.543985e+01 -2.370948e+01 -5.695299e+00 3.870270e+00 5.075681e+00 5.396314e+00 -9.258276e+00 2.079790e+00 2.444473e+00 -1.319736e+01 -1.545966e+00 8.720635e-01 6.175672e-01 5.383049e-01 -1.152863e-01 -1.353024e+00 -1.665293e-01 6.771609e-01 -8.132285e-01 9.216826e-01 -4.046998e-01 8.916474e-01 -3.067200e-01 -1.675267e+00 -1.506302e-02 4.050365e-02 1.336215e-01 1.186264e-01 -2.772866e-01 -1.804043e-01 -3.260514e-01 -2.094182e-01 2.710046e-01 7.802987e-02 -1.139386e-01 3.539562e-01 1.676479e-01 -3.437298e-03
<VARIANCE> 39
 2.845444e+01 9.944295e+00 6.451801e+00 7.814650e+00 1.387930e+01 1.608331e+01 7.849235e+00 2.087277e+01 2.950228e+01 5.618524e+00 1.755388e+01 3.000497e+01 5.000000e-02 9.012705e-02 2.273500e-01 7.528605e-01 1.242896e+00 9.666755e-01 1.073358e+00 2.834785e+00 1.104126e+00 1.131401e+00 8.553078e-01 4.752594e-01 3.943836e-01 5.000000e-02 5.000000e-02 6.413316e-02 1.130102e-01 5.000000e-02 5.044985e-01 2.698453e-01 2.372386e-01 1.303207e-01 4.093086e-01 1.603479e-01 8.661073e-02 1.861576e-01 5.000000e-02
<GCONST> 6.641614e+01
<STATE> 19
<MEAN> 39
 1.228566e+00 -2.255093e+01 -2.294509e+01 -9.048547e+00 3.192631e+00 4.455290e+00 3.255980e+00 -6.621403e+00 2.009965e+00 5.094474e+00 -1.264025e+01 -4.613234e+00 8.266951e-01 1.334072e+00 6.912493e-01 7.122422e-01 -1.617095e+00 -4.312419e-01 -2.287243e-01 -8.935654e-01 1.176887e+00 4.539235e-02 2.175725e-02 1.119324e+00 -7.487190e-01 -2.365883e-02 1.981616e-01 -1.313883e-01 1.991247e-01 7.179075e-02 -2.087852e-01 -3.771563e-01 2.145297e-01 3.944778e-02 3.210106e-02 -6.356158e-01 5.192865e-01 7.153627e-01 -4.338160e-03
<VARIANCE> 39
 2.492705e+01 6.520087e+00 1.143602e+01 1.520222e+01 1.023039e+01 3.875017e+00 9.450971e+00 1.461300e+01 7.477545e+00 1.080203e+01 1.498807e+01 2.590100e+01 5.000000e-02 2.734790e-01 8.232237e-01 1.309399e+00 4.257042e-01 2.017830e+00 2.713280e+00 1.318959e+00 3.971352e-01 3.929635e+00 9.198804e-01 6.262882e-01 1.115980e+00 5.000000e-02 5.000000e-02 6.923523e-02 5.708295e-02 1.117600e-01 1.182399e-01 1.998361e-01 2.953138e-01 6.972018e-02 1.644388e-01 2.104946e-01 6.184283e-02 2.132311e-01 5.000000e-02
<GCONST> 6.576408e+01
<STATE> 20
<MEAN> 39
 3.717422e+00 -2.233620e+01 -1.952336e+01 -1.410260e+01 3.294302e+00 5.105606e+00 -5.044379e-01 -3.862281e+00 1.145620e+00 4.404768e+00 -9.686727e+00 -6.559048e+00 7.685534e-01 1.297382e+00 2.003318e-01 5.385404e-01 -8.634909e-01 -9.237406e-01 -1.110793e+00 -4.198293e-01 1.429139e+00 1.626640e-01 -1.527162e+00 1.713089e+00 1.028501e+00 -3.382287e-02 -7.781484e-02 -1.560525e-01 -3.564942e-01 7.102193e-01 -6.310331e-02 -3.999923e-01 5.081300e-01 -3.510051e-01 5.020605e-01 -4.334460e-01 3.213864e-01 6.228806e-01 -1.935351e-03
<VARIANCE> 39
 1.158296e+01 3.339032e+00 2.816309e+01 2.166063e+01 2.852464e+01 6.775308e+00 1.057965e+01 1.931920e+01 2.642578e+01 1.594810e+01 9.020265e+00 8.778777e+00 5.000000e-02 6.103737e-01 8.175834e-01 1.083322e+00 5.346847e-01 7.974722e-01 1.726548e+00 9.022055e-01 9.528632e-01 1.511135e+00 9.027022e-01 3.373210e-01 7.100590e-01 5.000000e-02 5.129838e-02 6.147157e-02 2.067974e-01 1.158345e-01 5.077344e-01 3.265119e-01 1.305244e-01 2.657377e-01 9.234436e-01 2.968534e-01 2.240779e-01 1.092617e-01 5.000000e-02
<GCONST> 7.191381e+01
<STATE> 21
<MEAN> 39
 6.047231e+00 -2.266121e+01 -1.946747e+01 -1.314358e+01 1.242008e+00 2.528121e+00 9.211817e-01 -3.517913e+00 4.990607e+00 3.687750e-01 -6.366862e+00 -3.210373e+00 6.996470e-01 1.107770e+00 3.577265e-01 -3.920220e-01 7.463403e-01 -5.142120e-01 -1.555088e+00 7.764628e-01 5.102128e-01 8.244033e-01 -1.263903e+00 2.199732e+00 1.798310e+00 -3.222070e-02 -3.786636e-01 -1.134728e-02 -2.980914e-01 4.333107e-01 1.201669e-01 -3.753057e-01 2.030111e-01 -5.046657e-02 -3.155580e-01 2.392851e-01 -2.023191e-01 3.798056e-02 -1.898773e-03
<VARIANCE> 39
 6.126215e+00 4.755902e+00 1.880604e+01 1.621568e+01 7.963750e+00 1.338363e+01 1.692514e+01 2.020337e+01 5.653231e+00 5.523918e+00 6.351012e+00 5.986098e+00 5.000000e-02 3.480638e-01 7.093818e-01 5.336417e-01 1.418680e+00 1.560569e+00 7.465975e-01 2.369055e-01 2.291564e+00 2.843328e+00 8.556527e-01 1.467448e+00 6.255309e-01 5.000000e-02 5.547107e-02 1.448343e-01 3.066425e-01 8.729497e-02 2.254029e-01 1.723950e-01 1.639379e-01 2.797163e-01 2.179942e-01 1.573935e-01 1.863722e-01 1.046799e-01 5.000000e-02
<GCONST> 6.594962e+01
<STATE> 22
<MEAN> 39
 8.322906e+00 -2.120170e+01 -2.254673e+01 -1.088196e+01 -2.442577e+00 -3.236068e+00 3.066159e+00 -8.448065e-01 2.738804e+00 -1.908480e+00 -1.119348e+00 1.207166e+00 6.679381e-01 -1.797839e-01 -1.571543e-01 3.310248e-01 3.612779e-01 -9.862162e-01 -1.866630e+00 1.733380e-01 4.411382e-01 1.604326e-01 -5.219350e-01 3.752906e-01 4.327145e-01 -3.717832e-02 -3.341310e-01 -8.056194e-02 3.531437e-02 2.248091e-01 2.072534e-01 2.938781e-01 3.208801e-02 3.243434e-02 -1.581538e-01 1.835289e-01 -7.893445e-01 -6.007145e-01 -6.669245e-04
<VARIANCE> 39
 3.606613e+00 7.125611e+00 1.370997e+01 5.012546e+00 1.430456e+01 1.760220e+01 4.309628e+00 3.453410e+00 8.230655e+00 1.409651e+01 7.146708e+00 3.421223e+00 5.000000e-02 3.171481e-01 3.598364e-01 1.739401e+00 3.896430e-01 5.157660e-01 2.603659e-01 1.100743e+00 8.287908e-01 6.753442e-01 1.492434e+00 2.180615e+00 7.550740e-01 5.000000e-02 5.000000e-02 1.264968e-01 1.532477e-01 5.000000e-02 3.829519e-01 8.611584e-02 1.109458e-01 1.079534e-01 2.607279e-01 2.917906e-01 3.105049e-01 1.550306e-01 5.000000e-02
<GCONST> 5.881223e+01
<STATE> 23
<MEAN> 39
 5.961617e+00 -2.265204e+01 -2.218877e+01 -8.809676e+00 -9.438042e-01 -5.782536e+00 5.190770e+00 8.627398e-01 4.925601e+00 -1.141451e+00 -4.183495e+00 -1.222614e+00 5.618368e-01 -5.736034e-01 3.225043e-01 -8.966599e-03 1.167863e+00 6.796038e-01 -9.002659e-01 3.649138e-01 6.432754e-01 -8.409350e-01 -8.339196e-01 -5.171983e-01 -6.254545e-01 -3.439724e-02 -8.140706e-02 3.655746e-01 6.041740e-01 2.517620e-01 5.109407e-01 6.976683e-01 -5.312552e-01 -5.035290e-01 -2.997165e-01 -3.323897e-01 5.909635e-02 -1.609211e-01 -1.776260e-04
<VARIANCE> 39
 1.185892e+00 3.140087e+00 1.121670e+00 7.938113e+00 2.012442e+01 8.000775e+00 5.922363e+00 1.002895e+01 4.380738e+00 1.131939e+01 9.766379e+00 1.016004e+01 5.000000e-02 2.396903e-01 7.495036e-01 1.820559e+00 2.900405e-01 2.110749e+00 1.852720e+00 6.473140e-01 7.538689e-01 1.619498e+00 1.331155e+00 1.880278e+00 4.249102e-01 5.000000e-02 5.000000e-02 9.000075e-02 1.534964e-01 5.099484e-02 7.496432e-02 9.288437e-02 5.000000e-02 1.925711e-01 9.914947e-02 1.626140e-01 4.157317e-01 2.750059e-01 5.000000e-02
<GCONST> 5.653253e+01
<STATE> 24
<MEAN> 39
 5.744481e+00 -2.117426e+01 -2.104838e+01 -7.603730e+00 -3.100747e-01 -5.808098e+00 2.275833e+00 -1.076764e+00 4.337607e-01 -5.307204e+00 -4.063915e+00 -8.876966e-01 5.152935e-01 -4.471136e-01 8.107694e-01 1.553726e+00 1.883014e+00 9.495630e-01 8.102023e-01 -8.285004e-01 -8.584384e-01 -5.296177e-01 -1.091631e+00 -3.341128e-01 -7.915589e-01 -3.854192e-02 -5.704897e-02 6.727051e-03 5.106233e-01 -5.212285e-02 2.670749e-01 5.120673e-01 -2.797016e-01 -4.336720e-01 3.573669e-01 1.916613e-01 2.892773e-02 -1.451082e-01 -1.492403e-03
<VARIANCE> 39
 2.524321e+00 1.503281e+00 5.301165e+00 9.357653e+00 4.537671e+01 8.471807e+00 3.064869e+00 2.000716e+01 1.059356e+01 1.223489e+00 1.209961e+01 1.289193e+01 5.000000e-02 8.522373e-02 4.846084e-01 6.830541e-01 3.254021e-01 4.368207e-01 9.497408e-01 2.963456e-01 1.435514e+00 6.150520e-01 2.708471e-01 1.162925e+00 1.385189e+00 5.000000e-02 7.430236e-02 5.000000e-02 2.681537e-01 1.139750e-01 5.732768e-01 2.300994e-01 8.889464e-02 4.326910e-01 2.752811e-01 1.339815e-01 2.458009e-01 2.605447e-01 5.000000e-02
<GCONST> 5.745136e+01
<STATE> 25
<MEAN> 39
 4.872763e+00 -1.924097e+01 -1.630443e+01 -3.538618e+00 3.187181e+00 -2.829701e+00 1.843712e+00 -2.142043e+00 2.429958e+00 -6.246524e+00 -4.742422e+00 -3.071822e+00 4.284820e-01 -6.347945e-01 2.779414e-01 1.404268e+00 9.028522e-01 1.221757e+00 4.858166e-01 -9.292927e-01 -4.850118e-01 1.835202e-01 -4.322202e-01 -7.808819e-02 -4.763224e-01 -3.620355e-02 -6.375676e-02 -4.119287e-01 -3.392774e-01 -3.107856e-01 -1.162371e-01 -1.189817e-01 1.924911e-01 2.524454e-01 5.132575e-02 3.028364e-01 2.382712e-01 1.387326e-01 3.992093e-03
<VARIANCE> 39
 1.799547e+00 2.480839e+00 3.025176e+00 3.050836e+00 2.551440e+01 1.371387e+01 4.557254e+00 9.927821e+00 5.337484e+00 9.142603e+00 7.572633e+00 4.630709e+00 5.000000e-02 2.500899e-01 6.479164e-01 1.038848e+00 5.600220e-01 1.530107e+00 5.951719e-01 7.280913e-01 2.119575e+00 1.061866e+00 1.190584e+00 5.190736e-01 1.605399e+00 5.000000e-02 5.000000e-02 1.028844e-01 1.128225e-01 9.284176e-02 1.322072e-01 3.052323e-01 1.518204e-01 3.279986e-01 6.236707e-02 7.935305e-02 2.002448e-01 1.871227e-01 5.000000e-02
<GCONST> 5.692273e+01
<STATE> 26
<MEAN> 39
 2.678622e+00 -2.036372e+01 -1.538899e+01 -2.830999e+00 4.634065e+00 -3.450890e+00 2.493513e-01 -1.632197e+00 1.249149e+00 -6.281139e+00 -4.536283e+00 -3.346810e+00 3.604855e-01 -6.053697e-01 6.426954e-02 7.946355e-01 4.373338e-01 7.279620e-01 7.294781e-01 -1.410542e-01 -2.059315e-01 -3.320017e-01 -4.184044e-01 4.692693e-01 -2.707175e-01 -2.691460e-02 6.643221e-02 1.459716e-01 -3.680643e-02 -9.177095e-02 -1.064742e-01 1.760180e-02 1.892579e-01 -9.362817e-02 -9.643814e-02 1.134429e-01 2.817509e-01 2.867459e-01 3.879666e-03
<VARIANCE> 39
 1.567640e+00 6.859232e+00 1.234663e+01 4.127348e+00 1.112142e+01 7.435452e+00 1.777471e+01 1.227987e+01 8.127359e+00 1.042519e+01 5.133856e+00 1.048024e+01 5.000000e-02 3.641604e-01 8.975952e-01 7.649512e-01 7.394333e-01 1.504920e+00 2.117142e+00 6.110868e-01 1.059814e+00 8.166718e-01 1.000844e+00 4.991558e-01 4.882489e-01 5.000000e-02 5.000000e-02 1.994219e-01 2.477069e-01 1.613204e-01 3.006480e-01 2.672810e-01 9.478262e-02 1.830720e-01 2.441521e-01 2.293700e-01 1.246661e-01 2.865372e-01 5.000000e-02
<GCONST> 6.402715e+01
<STATE> 27
<MEAN> 39
 1.750562e+00 -1.971919e+01 -1.315138e+01 -8.096613e-01 6.354573e+00 -1.402167e+00 7.819229e-01 -2.537916e+00 2.198910e+00 -5.493521e+00 -1.768895e+00 -2.929651e+00 3.073905e-01 -4.398987e-01 6.426463e-01 1.048949e+00 4.009131e-01 3.310279e-01 -1.640340e-01 -1.633469e-01 -4.385489e-01 -9.656654e-01 -2.505331e-02 1.046907e+00 6.939948e-01 -1.794798e-02 5.272719e-02 2.365580e-01 -3.928118e-02 -3.409124e-01 -3.518860e-01 -4.383496e-01 -6.536660e-02 1.382610e-01 -1.629864e-01 3.361221e-02 -1.673114e-01 3.783436e-02 7.501870e-04
<VARIANCE> 39
 4.535584e+00 9.443191e-01 5.377567e+00 1.515064e+01 1.218146e+01 8.488792e+00 7.154750e+00 6.043779e+00 9.031622e+00 5.927866e+00 7.979147e+00 3.901951e+00 5.000000e-02 3.199962e-01 4.230030e-01 5.604235e-01 9.285344e-01 1.466861e+00 5.895143e-01 6.123459e-01 6.934755e-01 2.049239e+00 1.366671e+00 7.705096e-01 8.665602e-01 5.000000e-02 6.019397e-02 6.398848e-02 5.922090e-02 1.155146e-01 1.090307e-01 1.599316e-01 1.312342e-01 2.232993e-01 3.166096e-01 2.846092e-01 9.740844e-02 9.704571e-02 5.000000e-02
<GCONST> 5.614881e+01
<STATE> 28
<MEAN> 39
 1.649244e+00 -1.613099e+01 -9.908033e+00 -2.198246e+00 5.140095e+00 -2.689256e+00 9.938108e-01 -4.820028e+00 -3.031209e+00 -7.272997e+00 -3.732535e-01 -6.847563e-01 2.954309e-01 -2.904658e-01 9.670660e-01 5.119315e-01 -2.764075e-01 1.695340e-02 -6.337885e-01 2.155325e-01 2.416147e-01 -2.672260e-01 1.066615e+00 3.492481e-01 2.082453e-02 -2.019528e-02 -8.846665e-02 -3.475666e-02 -8.169546e-02 1.112875e-01 1.094820e-01 9.710004e-02 1.364030e-01 4.143243e-01 8.368652e-01 3.839405e-01 -2.460240e-01 -3.162820e-01 -3.769155e-03
<VARIANCE> 39
 2.525815e+00 2.109957e+00 5.464232e+00 9.682131e+00 1.306225e+01 8.880968e+00 3.862993e+00 4.185354e+00 4.293000e+00 8.767315e+00 4.434844e+00 3.540754e+00 5.000000e-02 6.412674e-02 4.667687e-01 5.810543e-01 3.324119e-01 7.444751e-01 1.901995e+00 9.468685e-01 9.795837e-01 1.781508e-01 7.353644e-01 4.382455e-01 5.155681e-01 5.000000e-02 6.504325e-02 5.000000e-02 1.005332e-01 9.105437e-02 4.114277e-01 2.828673e-01 9.933070e-02 1.175923e-01 5.000000e-02 8.697630e-02 5.000000e-02 5.000000e-02 5.000000e-02
<GCONST> 4.539775e+01
<STATE> 29
<MEAN> 39
 6.292747e-01 -1.606668e+01 -1.041737e+01 -2.377109e+00 5.341654e+00 -2.985937e+00 5.740504e-01 -3.126098e+00 -9.181548e-01 -3.257632e+00 8.308652e-01 -2.885362e+00 2.607425e-01 -6.603780e-01 8.389403e-01 9.628705e-01 4.324853e-01 3.855759e-01 -1.819678e-02 1.634038e-01 6.629220e-01 1.495556e+00 9.761857e-01 2.735693e-01 -2.620840e-01 -3.334131e-02 -1.170875e-01 1.056418e-01 2.651089e-01 1.893025e-01 8.120471e-02 2.290172e-01 -1.862864e-01 -2.020986e-01 3.341451e-01 -2.604664e-01 -4.284959e-02 -4.807540e-02 -5.978761e-03
<VARIANCE> 39
 2.352338e+00 8.363873e+00 3.593912e+00 1.649309e+01 8.092126e+00 6.548907e+00 1.841741e+01 2.049144e+01 4.251533e+00 1.680997e+01 9.002079e+00 1.611591e+01 5.000000e-02 2.347902e-01 3.701240e-01 7.152644e-01 1.081479e+00 9.741068e-01 1.487126e+00 2.877147e-01 7.924117e-01 4.135707e-01 4.554288e-01 2.601006e-01 2.456312e-01 5.000000e-02 5.000000e-02 1.575028e-01 1.027632e-01 2.184799e-01 3.291481e-01 3.932158e-01 3.575898e-01 4.085356e-01 1.334704e-01 2.987766e-01 9.289082e-02 1.665347e-01 5.000000e-02
<GCONST> 6.067442e+01
<STATE> 30
<MEAN> 39
 -6.477697e-01 -1.360363e+01 -7.635985e+00 -1.807055e+00 5.040038e+00 -4.277678e+00 1.474182e+00 -7.189609e-01 1.890452e+00 -3.906308e+00 2.952606e-01 -1.981735e+00 1.602646e-01 -7.661363e-01 9.844626e-01 1.472596e+00 2.420918e-01 -2.887013e-01 -6.721129e-03 -5.225058e-01 2.966189e-02 7.623479e-01 -2.240160e-01 -4.017865e-01 -4.394275e-01 -3.589141e-02 -8.268524e-02 1.160119e-02 8.874240e-02 8.161552e-02 7.526658e-02 3.931750e-01 -2.945255e-02 -2.519715e-01 -5.590777e-01 -3.460933e-01 1.399490e-01 6.431976e-02 -1.952779e-03
<VARIANCE> 39
 4.709638e-01 7.507528e+00 9.563881e+00 1.866608e+01 1.628052e+01 1.549650e+01 3.293913e+00 5.227888e+00 5.716746e+00 3.535274e+00 3.074108e+00 1.544223e+00 5.000000e-02 1.512945e-01 8.899013e-01 8.513492e-01 2.683655e+00 2.910784e+00 1.656238e+00 2.077430e+00 2.552706e+00 9.823403e-01 9.014983e-01 4.558431e-01 5.149143e-01 5.000000e-02 5.000000e-02 1.168515e-01 1.945056e-01 2.525050e-01 3.917095e-01 3.977455e-01 1.152083e-01 2.481494e-01 8.006941e-02 5.000000e-02 1.004947e-01 8.034100e-02 5.000000e-02
<GCONST> 5.865966e+01
<STATE> 31
<MEAN> 39
 -2.214616e+00 -1.234421e+01 -5.499794e+00 -5.749102e-02 6.656485e+00 -2.442371e+00 -1.673452e+00 -4.291758e+00 2.991557e+00 -3.613824e+00 -4.267951e-01 -3.467359e+00 1.199650e-01 -7.330726e-01 1.236473e+00 8.501760e-01 8.196826e-02 -1.215327e-01 7.912748e-01 4.529918e-01 -2.775872e-01 -8.689269e-01 -4.069116e-01 8.455267e-01 5.413525e-01 -3.858966e-02 1.274040e-01 -4.075415e-02 -2.026241e-01 -2.840427e-01 -3.682783e-01 -7.385579e-02 4.164896e-01 1.508165e-01 -4.810197e-01 1.257550e-02 1.035695e-01 2.447133e-01 4.570386e-03
<VARIANCE> 39
 1.523065e+00 5.413884e+00 6.043397e+00 5.079318e+00 1.085867e+01 8.170158e+00 3.419827e+00 9.941784e+00 9.075336e+00 1.243258e+01 1.457291e+01 3.322150e+00 5.000000e-02 9.079490e-02 5.438163e-01 4.829471e-01 7.121642e-01 1.986148e+00 1.575038e+00 8.150445e-01 9.875719e-01 7.128876e-01 4.169528e-01 3.180290e-01 3.958411e-01 5.000000e-02 5.000000e-02 8.091883e-02 1.063772e-01 2.410456e-01 3.693122e-01 1.852836e-01 1.997406e-01 4.048190e-01 2.427818e-01 7.043993e-02 1.879612e-01 5.000000e-02 5.000000e-02
<GCONST> 5.529713e+01
<STATE> 32
<MEAN> 39
 -3.845409e+00 -1.043994e+01 -4.780643e+00 -3.885242e-01 5.620960e+00 -1.463329e+00 2.920635e+00 -1.480787e+00 -2.262981e+00 -6.354314e+00 2.708102e+00 -1.181165e+00 2.061688e-02 -3.186572e-01 7.017328e-01 5.403659e-01 -1.073766e+00 -1.291061e+00 1.891516e-01 7.390838e-01 2.719857e-01 -7.692155e-01 -1.162692e-01 7.356570e-02 9.173523e-02 -2.270848e-02 1.902962e-01 -3.005475e-01 -1.773762e-01 -1.066240e-01 2.655840e-02 -3.022276e-01 -3.208256e-01 -1.069387e-01 4.529363e-01 3.611124e-01 -3.256843e-01 -3.236661e-01 1.120429e-02
<VARIANCE> 39
 7.705359e-01 1.180822e+00 2.886616e+00 1.372118e+01 2.353695e+01 1.493362e+01 5.023353e+00 5.084754e+00 5.071851e+00 6.104799e+00 3.791183e+00 2.798224e+00 5.000000e-02 5.000000e-02 1.275420e-01 1.554192e-01 7.031189e-01 1.269260e+00 6.856121e-01 5.643100e-01 1.103106e+00 7.854964e-01 2.562486e-01 1.935958e+00 6.641310e-01 5.000000e-02 5.000000e-02 6.637765e-02 5.659028e-02 2.054249e-01 3.959243e-01 2.920720e-01 5.000000e-02 9.690688e-02 1.014560e-01 7.398956e-02 5.000000e-02 5.000000e-02 5.000000e-02
<GCONST> 4.340472e+01
<TRANSP> 33
 0.000000e+00 1.000000e+00 0.000000e+00 0.000000e+00 0.000000e+00 0.000000e+00 0.000000e+00 0.000000e+00 0.000000e+00 0.000000e+00 0.000000e+00 0.000000e+00 0.000000e+00 0.000000e+00 0.000000e+00 0.000000e+00 0.000000e+00 0.000000e+00 0.000000e+00 0.000000e+00 0.000000e+00 0.000000e+00 0.000000e+00 0.000000e+00 0.000000e+00 0.000000e+00 0.000000e+00 0.000000e+00 0.000000e+00 0.000000e+00 0.000000e+00 0.000000e+00 0.000000e+00
 0.000000e+00 5.010826e-01 4.989174e-01 0.000000e+00 0.000000e+00 0.000000e+00 0.000000e+00 0.000000e+00 0.000000e+00 0.000000e+00 0.000000e+00 0.000000e+00 0.000000e+00 0.000000e+00 0.000000e+00 0.000000e+00 0.000000e+00 0.000000e+00 0.000000e+00 0.000000e+00 0.000000e+00 0.000000e+00 0.000000e+00 0.000000e+00 0.000000e+00 0.000000e+00 0.000000e+00 0.000000e+00 0.000000e+00 0.000000e+00 0.000000e+00 0.000000e+00 0.000000e+00
 0.000000e+00 0.000000e+00 5.013542e-01 4.986458e-01 0.000000e+00 0.000000e+00 0.000000e+00 0.000000e+00 0.000000e+00 0.000000e+00 0.000000e+00 0.000000e+00 0.000000e+00 0.000000e+00 0.000000e+00 0.000000e+00 0.000000e+00 0.000000e+00 0.000000e+00 0.000000e+00 0.000000e+00 0.000000e+00 0.000000e+00 0.000000e+00 0.000000e+00 0.000000e+00 0.000000e+00 0.000000e+00 0.000000e+00 0.000000e+00 0.000000e+00 0.000000e+00 0.000000e+00
 0.000000e+00 0.000000e+00 0.000000e+00 5.824098e-01 4.175902e-01 0.000000e+00 0.000000e+00 0.000000e+00 0.000000e+00 0.000000e+00 0.000000e+00 0.000000e+00 0.000000e+00 0.000000e+00 0.000000e+00 0.000000e+00 0.000000e+00 0.000000e+00 0.000000e+00 0.000000e+00 0.000000e+00 0.000000e+00 0.000000e+00 0.000000e+00 0.000000e+00 0.000000e+00 0.000000e+00 0.000000e+00 0.000000e+00 0.000000e+00 0.000000e+00 0.000000e+00 0.000000e+00
 0.000000e+00 0.000000e+00 0.000000e+00 0.000000e+00 4.444885e-01 5.555115e-01 0.000000e+00 0.000000e+00 0.000000e+00 0.000000e+00 0.000000e+00 0.000000e+00 0.000000e+00 0.000000e+00 0.000000e+00 0.000000e+00 0.000000e+00 0.000000e+00 0.000000e+00 0.000000e+00 0.000000e+00 0.000000e+00 0.000000e+00 0.000000e+00 0.000000e+00 0.000000e+00 0.000000e+00 0.000000e+00 0.000000e+00 0.000000e+00 0.000000e+00 0.000000e+00 0.000000e+00
 0.000000e+00 0.000000e+00 0.000000e+00 0.000000e+00 0.000000e+00 5.000030e-01 4.999971e-01 0.000000e+00 0.000000e+00 0.000000e+00 0.000000e+00 0.000000e+00 0.000000e+00 0.000000e+00 0.000000e+00 0.000000e+00 0.000000e+00 0.000000e+00 0.000000e+00 0.000000e+00 0.000000e+00 0.000000e+00 0.000000e+00 0.000000e+00 0.000000e+00 0.000000e+00 0.000000e+00 0.000000e+00 0.000000e+00 0.000000e+00 0.000000e+00 0.000000e+00 0.000000e+00
 0.000000e+00 0.000000e+00 0.000000e+00 0.000000e+00 0.000000e+00 0.000000e+00 4.999586e-01 5.000414e-01 0.000000e+00 0.000000e+00 0.000000e+00 0.000000e+00 0.000000e+00 0.000000e+00 0.000000e+00 0.000000e+00 0.000000e+00 0.000000e+00 0.000000e+00 0.000000e+00 0.000000e+00 0.000000e+00 0.000000e+00 0.000000e+00 0.000000e+00 0.000000e+00 0.000000e+00 0.000000e+00 0.000000e+00 0.000000e+00 0.000000e+00 0.000000e+00 0.000000e+00
 0.000000e+00 0.000000e+00 0.000000e+00 0.000000e+00 0.000000e+00 0.000000e+00 0.000000e+00 5.000051e-01 4.999950e-01 0.000000e+00 0.000000e+00 0.000000e+00 0.000000e+00 0.000000e+00 0.000000e+00 0.000000e+00 0.000000e+00 0.000000e+00 0.000000e+00 0.000000e+00 0.000000e+00 0.000000e+00 0.000000e+00 0.000000e+00 0.000000e+00 0.000000e+00 0.000000e+00 0.000000e+00 0.000000e+00 0.000000e+00 0.000000e+00 0.000000e+00 0.000000e+00
 0.000000e+00 0.000000e+00 0.000000e+00 0.000000e+00 0.000000e+00 0.000000e+00 0.000000e+00 0.000000e+00 4.444568e-01 5.555432e-01 0.000000e+00 0.000000e+00 0.000000e+00 0.000000e+00 0.000000e+00 0.000000e+00 0.000000e+00 0.000000e+00 0.000000e+00 0.000000e+00 0.000000e+00 0.000000e+00 0.000000e+00 0.000000e+00 0.000000e+00 0.000000e+00 0.000000e+00 0.000000e+00 0.000000e+00 0.000000e+00 0.000000e+00 0.000000e+00 0.000000e+00
 0.000000e+00 0.000000e+00 0.000000e+00 0.000000e+00 0.000000e+00 0.000000e+00 0.000000e+00 0.000000e+00 0.000000e+00 3.750370e-01 6.249630e-01 0.000000e+00 0.000000e+00 0.000000e+00 0.000000e+00 0.000000e+00 0.000000e+00 0.000000e+00 0.000000e+00 0.000000e+00 0.000000e+00 0.000000e+00 0.000000e+00 0.000000e+00 0.000000e+00 0.000000e+00 0.000000e+00 0.000000e+00 0.000000e+00 0.000000e+00 0.000000e+00 0.000000e+00 0.000000e+00
 0.000000e+00 0.000000e+00 0.000000e+00 0.000000e+00 0.000000e+00 0.000000e+00 0.000000e+00 0.000000e+00 0.000000e+00 0.000000e+00 3.749976e-01 6.250024e-01 0.000000e+00 0.000000e+00 0.000000e+00 0.000000e+00 0.000000e+00 0.000000e+00 0.000000e+00 0.000000e+00 0.000000e+00 0.000000e+00 0.000000e+00 0.000000e+00 0.000000e+00 0.000000e+00 0.000000e+00 0.000000e+00 0.000000e+00 0.000000e+00 0.000000e+00 0.000000e+00 0.000000e+00
 0.000000e+00 0.000000e+00 0.000000e+00 0.000000e+00 0.000000e+00 0.000000e+00 0.000000e+00 0.000000e+00 0.000000e+00 0.000000e+00 0.000000e+00 3.751737e-01 6.248263e-01 0.000000e+00 0.000000e+00 0.000000e+00 0.000000e+00 0.000000e+00 0.000000e+00 0.000000e+00 0.000000e+00 0.000000e+00 0.000000e+00 0.000000e+00 0.000000e+00 0.000000e+00 0.000000e+00 0.000000e+00 0.000000e+00 0.000000e+00 0.000000e+00 0.000000e+00 0.000000e+00
 0.000000e+00 0.000000e+00 0.000000e+00 0.000000e+00 0.000000e+00 0.000000e+00 0.000000e+00 0.000000e+00 0.000000e+00 0.000000e+00 0.000000e+00 0.000000e+00 7.058440e-01 2.941560e-01 0.000000e+00 0.000000e+00 0.000000e+00 0.000000e+00 0.000000e+00 0.000000e+00 0.000000e+00 0.000000e+00 0.000000e+00 0.000000e+00 0.000000e+00 0.000000e+00 0.000000e+00 0.000000e+00 0.000000e+00 0.000000e+00 0.000000e+00 0.000000e+00 0.000000e+00
 0.000000e+00 0.000000e+00 0.000000e+00 0.000000e+00 0.000000e+00 0.000000e+00 0.000000e+00 0.000000e+00 0.000000e+00 0.000000e+00 0.000000e+00 0.000000e+00 0.000000e+00 4.429657e-01 5.570344e-01 0.000000e+00 0.000000e+00 0.000000e+00 0.000000e+00 0.000000e+00 0.000000e+00 0.000000e+00 0.000000e+00 0.000000e+00 0.000000e+00 0.000000e+00 0.000000e+00 0.000000e+00 0.000000e+00 0.000000e+00 0.000000e+00 0.000000e+00 0.000000e+00
 0.000000e+00 0.000000e+00 0.000000e+00 0.000000e+00 0.000000e+00 0.000000e+00 0.000000e+00 0.000000e+00 0.000000e+00 0.000000e+00 0.000000e+00 0.000000e+00 0.000000e+00 0.000000e+00 5.019550e-01 4.980450e-01 0.000000e+00 0.000000e+00 0.000000e+00 0.000000e+00 0.000000e+00 0.000000e+00 0.000000e+00 0.000000e+00 0.000000e+00 0.000000e+00 0.000000e+00 0.000000e+00 0.000000e+00 0.000000e+00 0.000000e+00 0.000000e+00 0.000000e+00
 0.000000e+00 0.000000e+00 0.000000e+00 0.000000e+00 0.000000e+00 0.000000e+00 0.000000e+00 0.000000e+00 0.000000e+00 0.000000e+00 0.000000e+00 0.000000e+00 0.000000e+00 0.000000e+00 0.000000e+00 4.991148e-01 5.008852e-01 0.000000e+00 0.000000e+00 0.000000e+00 0.000000e+00 0.000000e+00 0.000000e+00 0.000000e+00 0.000000e+00 0.000000e+00 0.000000e+00 0.000000e+00 0.000000e+00 0.000000e+00 0.000000e+00 0.000000e+00 0.000000e+00
 0.000000e+00 0.000000e+00 0.000000e+00 0.000000e+00 0.000000e+00 0.000000e+00 0.000000e+00 0.000000e+00 0.000000e+00 0.000000e+00 0.000000e+00 0.000000e+00 0.000000e+00 0.000000e+00 0.000000e+00 0.000000e+00 3.756116e-01 6.243884e-01 0.000000e+00 0.000000e+00 0.000000e+00 0.000000e+00 0.000000e+00 0.000000e+00 0.000000e+00 0.000000e+00 0.000000e+00 0.000000e+00 0.000000e+00 0.000000e+00 0.000000e+00 0.000000e+00 0.000000e+00
 0.000000e+00 0.000000e+00 0.000000e+00 0.000000e+00 0.000000e+00 0.000000e+00 0.000000e+00 0.000000e+00 0.000000e+00 0.000000e+00 0.000000e+00 0.000000e+00 0.000000e+00 0.000000e+00 0.000000e+00 0.000000e+00 0.000000e+00 5.837375e-01 4.162625e-01 0.000000e+00 0.000000e+00 0.000000e+00 0.000000e+00 0.000000e+00 0.000000e+00 0.000000e+00 0.000000e+00 0.000000e+00 0.000000e+00 0.000000e+00 0.000000e+00 0.000000e+00 0.000000e+00
 0.000000e+00 0.000000e+00 0.000000e+00 0.000000e+00 0.000000e+00 0.000000e+00 0.000000e+00 0.000000e+00 0.000000e+00 0.000000e+00 0.000000e+00 0.000000e+00 0.000000e+00 0.000000e+00 0.000000e+00 0.000000e+00 0.000000e+00 0.000000e+00 4.975766e-01 5.024235e-01 0.000000e+00 0.000000e+00 0.000000e+00 0.000000e+00 0.000000e+00 0.000000e+00 0.000000e+00 0.000000e+00 0.000000e+00 0.000000e+00 0.000000e+00 0.000000e+00 0.000000e+00
 0.000000e+00 0.000000e+00 0.000000e+00 0.000000e+00 0.000000e+00 0.000000e+00 0.000000e+00 0.000000e+00 0.000000e+00 0.000000e+00 0.000000e+00 0.000000e+00 0.000000e+00 0.000000e+00 0.000000e+00 0.000000e+00 0.000000e+00 0.000000e+00 0.000000e+00 3.754821e-01 6.245179e-01 0.000000e+00 0.000000e+00 0.000000e+00 0.000000e+00 0.000000e+00 0.000000e+00 0.000000e+00 0.000000e+00 0.000000e+00 0.000000e+00 0.000000e+00 0.000000e+00
 0.000000e+00 0.000000e+00 0.000000e+00 0.000000e+00 0.000000e+00 0.000000e+00 0.000000e+00 0.000000e+00 0.000000e+00 0.000000e+00 0.000000e+00 0.000000e+00 0.000000e+00 0.000000e+00 0.000000e+00 0.000000e+00 0.000000e+00 0.000000e+00 0.000000e+00 0.000000e+00 4.457629e-01 5.542371e-01 0.000000e+00 0.000000e+00 0.000000e+00 0.000000e+00 0.000000e+00 0.000000e+00 0.000000e+00 0.000000e+00 0.000000e+00 0.000000e+00 0.000000e+00
 0.000000e+00 0.000000e+00 0.000000e+00 0.000000e+00 0.000000e+00 0.000000e+00 0.000000e+00 0.000000e+00 0.000000e+00 0.000000e+00 0.000000e+00 0.000000e+00 0.000000e+00 0.000000e+00 0.000000e+00 0.000000e+00 0.000000e+00 0.000000e+00 0.000000e+00 0.000000e+00 0.000000e+00 5.834170e-01 4.165830e-01 0.000000e+00 0.000000e+00 0.000000e+00 0.000000e+00 0.000000e+00 0.000000e+00 0.000000e+00 0.000000e+00 0.000000e+00 0.000000e+00
 0.000000e+00 0.000000e+00 0.000000e+00 0.000000e+00 0.000000e+00 0.000000e+00 0.000000e+00 0.000000e+00 0.000000e+00 0.000000e+00 0.000000e+00 0.000000e+00 0.000000e+00 0.000000e+00 0.000000e+00 0.000000e+00 0.000000e+00 0.000000e+00 0.000000e+00 0.000000e+00 0.000000e+00 0.000000e+00 4.454370e-01 5.545631e-01 0.000000e+00 0.000000e+00 0.000000e+00 0.000000e+00 0.000000e+00 0.000000e+00 0.000000e+00 0.000000e+00 0.000000e+00
 0.000000e+00 0.000000e+00 0.000000e+00 0.000000e+00 0.000000e+00 0.000000e+00 0.000000e+00 0.000000e+00 0.000000e+00 0.000000e+00 0.000000e+00 0.000000e+00 0.000000e+00 0.000000e+00 0.000000e+00 0.000000e+00 0.000000e+00 0.000000e+00 0.000000e+00 0.000000e+00 0.000000e+00 0.000000e+00 0.000000e+00 3.738224e-01 6.261775e-01 0.000000e+00 0.000000e+00 0.000000e+00 0.000000e+00 0.000000e+00 0.000000e+00 0.000000e+00 0.000000e+00
 0.000000e+00 0.000000e+00 0.000000e+00 0.000000e+00 0.000000e+00 0.000000e+00 0.000000e+00 0.000000e+00 0.000000e+00 0.000000e+00 0.000000e+00 0.000000e+00 0.000000e+00 0.000000e+00 0.000000e+00 0.000000e+00 0.000000e+00 0.000000e+00 0.000000e+00 0.000000e+00 0.000000e+00 0.000000e+00 0.000000e+00 0.000000e+00 4.432699e-01 5.567301e-01 0.000000e+00 0.000000e+00 0.000000e+00 0.000000e+00 0.000000e+00 0.000000e+00 0.000000e+00
 0.000000e+00 0.000000e+00 0.000000e+00 0.000000e+00 0.000000e+00 0.000000e+00 0.000000e+00 0.000000e+00 0.000000e+00 0.000000e+00 0.000000e+00 0.000000e+00 0.000000e+00 0.000000e+00 0.000000e+00 0.000000e+00 0.000000e+00 0.000000e+00 0.000000e+00 0.000000e+00 0.000000e+00 0.000000e+00 0.000000e+00 0.000000e+00 0.000000e+00 6.156114e-01 3.843885e-01 0.000000e+00 0.000000e+00 0.000000e+00 0.000000e+00 0.000000e+00 0.000000e+00
 0.000000e+00 0.000000e+00 0.000000e+00 0.000000e+00 0.000000e+00 0.000000e+00 0.000000e+00 0.000000e+00 0.000000e+00 0.000000e+00 0.000000e+00 0.000000e+00 0.000000e+00 0.000000e+00 0.000000e+00 0.000000e+00 0.000000e+00 0.000000e+00 0.000000e+00 0.000000e+00 0.000000e+00 0.000000e+00 0.000000e+00 0.000000e+00 0.000000e+00 0.000000e+00 6.157185e-01 3.842815e-01 0.000000e+00 0.000000e+00 0.000000e+00 0.000000e+00 0.000000e+00
 0.000000e+00 0.000000e+00 0.000000e+00 0.000000e+00 0.000000e+00 0.000000e+00 0.000000e+00 0.000000e+00 0.000000e+00 0.000000e+00 0.000000e+00 0.000000e+00 0.000000e+00 0.000000e+00 0.000000e+00 0.000000e+00 0.000000e+00 0.000000e+00 0.000000e+00 0.000000e+00 0.000000e+00 0.000000e+00 0.000000e+00 0.000000e+00 0.000000e+00 0.000000e+00 0.000000e+00 3.749995e-01 6.250005e-01 0.000000e+00 0.000000e+00 0.000000e+00 0.000000e+00
 0.000000e+00 0.000000e+00 0.000000e+00 0.000000e+00 0.000000e+00 0.000000e+00 0.000000e+00 0.000000e+00 0.000000e+00 0.000000e+00 0.000000e+00 0.000000e+00 0.000000e+00 0.000000e+00 0.000000e+00 0.000000e+00 0.000000e+00 0.000000e+00 0.000000e+00 0.000000e+00 0.000000e+00 0.000000e+00 0.000000e+00 0.000000e+00 0.000000e+00 0.000000e+00 0.000000e+00 0.000000e+00 3.747948e-01 6.252053e-01 0.000000e+00 0.000000e+00 0.000000e+00
 0.000000e+00 0.000000e+00 0.000000e+00 0.000000e+00 0.000000e+00 0.000000e+00 0.000000e+00 0.000000e+00 0.000000e+00 0.000000e+00 0.000000e+00 0.000000e+00 0.000000e+00 0.000000e+00 0.000000e+00 0.000000e+00 0.000000e+00 0.000000e+00 0.000000e+00 0.000000e+00 0.000000e+00 0.000000e+00 0.000000e+00 0.000000e+00 0.000000e+00 0.000000e+00 0.000000e+00 0.000000e+00 0.000000e+00 3.754033e-01 6.245967e-01 0.000000e+00 0.000000e+00
 0.000000e+00 0.000000e+00 0.000000e+00 0.000000e+00 0.000000e+00 0.000000e+00 0.000000e+00 0.000000e+00 0.000000e+00 0.000000e+00 0.000000e+00 0.000000e+00 0.000000e+00 0.000000e+00 0.000000e+00 0.000000e+00 0.000000e+00 0.000000e+00 0.000000e+00 0.000000e+00 0.000000e+00 0.000000e+00 0.000000e+00 0.000000e+00 0.000000e+00 0.000000e+00 0.000000e+00 0.000000e+00 0.000000e+00 0.000000e+00 4.998971e-01 5.001029e-01 0.000000e+00
 0.000000e+00 0.000000e+00 0.000000e+00 0.000000e+00 0.000000e+00 0.000000e+00 0.000000e+00 0.000000e+00 0.000000e+00 0.000000e+00 0.000000e+00 0.000000e+00 0.000000e+00 0.000000e+00 0.000000e+00 0.000000e+00 0.000000e+00 0.000000e+00 0.000000e+00 0.000000e+00 0.000000e+00 0.000000e+00 0.000000e+00 0.000000e+00 0.000000e+00 0.000000e+00 0.000000e+00 0.000000e+00 0.000000e+00 0.000000e+00 0.000000e+00 3.750158e-01 6.249843e-01
 0.000000e+00 0.000000e+00 0.000000e+00 0.000000e+00 0.000000e+00 0.000000e+00 0.000000e+00 0.000000e+00 0.000000e+00 0.000000e+00 0.000000e+00 0.000000e+00 0.000000e+00 0.000000e+00 0.000000e+00 0.000000e+00 0.000000e+00 0.000000e+00 0.000000e+00 0.000000e+00 0.000000e+00 0.000000e+00 0.000000e+00 0.000000e+00 0.000000e+00 0.000000e+00 0.000000e+00 0.000000e+00 0.000000e+00 0.000000e+00 0.000000e+00 0.000000e+00 0.000000e+00
<ENDHMM>
