~o
<STREAMINFO> 1 39
<VECSIZE> 39<NULLD><MFCC_E_D_A><DIAGC>
~h "Ve^"
<BEGINHMM>
<NUMSTATES> 7
<STATE> 2
<MEAN> 39
 -2.129652e+00 -5.681101e+00 -1.900853e+00 -3.805933e+00 -1.040087e+00 -5.235381e+00 -1.483444e+00 -1.153317e+00 -1.646342e+00 -5.096735e+00 -1.304226e+00 -4.738835e+00 2.764286e-01 2.228329e-01 -3.415665e-01 -5.329670e-01 -1.836099e-01 -4.129869e-01 -6.407577e-01 -2.316796e-01 3.657017e-01 -1.684617e-01 -6.477858e-01 -5.079858e-01 -3.096664e-01 4.689306e-02 -5.941644e-02 -3.022254e-01 -2.077243e-01 -1.443527e-01 -9.164958e-02 -2.183031e-01 2.056154e-01 7.652445e-02 1.306747e-01 1.060277e-01 -3.234920e-03 2.094402e-01 5.479856e-03
<VARIANCE> 39
 2.565422e+01 1.474275e+01 9.106770e+00 1.491196e+01 1.488449e+01 1.064181e+01 1.930494e+01 2.309147e+01 2.047445e+01 2.672830e+01 1.922238e+01 2.772622e+01 5.000000e-02 2.394996e+00 3.114749e+00 1.517810e+00 3.219867e+00 1.875459e+00 2.031946e+00 2.446096e+00 3.312872e+00 2.313543e+00 1.514721e+00 1.642804e+00 2.638907e+00 5.000000e-02 4.387801e-01 3.933320e-01 2.786725e-01 7.342802e-01 5.376282e-01 3.637378e-01 6.203101e-01 7.521499e-01 4.576485e-01 3.685289e-01 3.963587e-01 4.578836e-01 5.000000e-02
<GCONST> 9.780782e+01
<STATE> 3
<MEAN> 39
 -2.094387e+00 -1.464132e+01 -1.324575e+01 -9.845481e+00 -9.130321e+00 -1.367971e+01 6.500145e+00 5.284484e+00 -4.067026e-01 -4.848334e+00 -7.166163e+00 -1.702074e+00 8.638552e-01 -7.287997e-01 -1.240721e+00 -1.162806e+00 -1.250096e+00 -1.206003e+00 2.846808e-02 2.625970e+00 5.014319e-01 7.005725e-02 1.244434e+00 -6.171455e-01 3.704480e-01 6.697720e-02 -1.136324e-01 3.198487e-01 6.861508e-01 3.135537e-01 3.963042e-01 7.190022e-01 -2.240583e-01 -4.240429e-01 -2.383536e-01 -1.206521e-01 3.799492e-01 -4.488128e-01 -1.805566e-02
<VARIANCE> 39
 1.419248e+01 1.223427e+01 2.398595e+01 2.324639e+01 2.139049e+01 3.568274e+01 5.142146e+01 5.241179e+01 3.906560e+01 2.557367e+01 9.641427e+00 2.353088e+01 5.000000e-02 1.066281e+00 8.524118e-01 4.228604e+00 2.542764e+00 3.688040e+00 4.540300e+00 3.287739e+00 4.246615e+00 2.323688e+00 2.747284e+00 2.403257e+00 2.970013e+00 5.000000e-02 1.602604e-01 1.335479e-01 3.613847e-01 5.919952e-01 5.342491e-01 5.885034e-01 9.540892e-01 6.434153e-01 4.781605e-01 4.589073e-01 3.330572e-01 3.259116e-01 5.000000e-02
<GCONST> 1.018231e+02
<STATE> 4
<MEAN> 39
 -5.388862e+00 -1.727506e+01 -1.071801e+01 -1.246393e+01 -1.345818e+01 -9.012260e+00 1.212660e+01 2.200889e+00 1.430060e-01 2.384722e+00 -4.253615e+00 -5.027943e+00 9.554358e-01 1.256068e-01 5.525685e-02 2.027673e-01 5.409076e-03 -5.785472e-01 2.007293e-01 -1.134752e-01 -1.509932e-01 2.315839e-01 5.531049e-01 2.951992e-01 -7.616153e-02 -4.692481e-03 7.872332e-02 4.134555e-02 -3.733746e-02 6.232222e-02 -1.289475e-01 2.190117e-02 -1.456087e-01 2.330874e-02 5.158795e-02 -3.018871e-02 1.227598e-02 3.155411e-02 -1.943990e-03
<VARIANCE> 39
 4.598603e+00 4.241027e+00 7.349820e+00 7.458137e+00 2.195180e+01 3.669043e+01 1.723979e+01 3.899563e+01 1.521942e+01 3.191697e+01 8.665478e+00 2.054640e+01 5.000000e-02 2.475322e-01 3.212027e-01 4.852621e-01 6.353924e-01 9.421177e-01 8.964977e-01 6.914381e-01 8.398439e-01 8.987690e-01 7.039366e-01 5.514100e-01 7.867900e-01 5.000000e-02 5.000000e-02 5.681402e-02 1.016403e-01 1.334455e-01 1.525681e-01 1.818144e-01 1.331652e-01 1.509157e-01 1.363185e-01 1.553992e-01 9.070506e-02 1.412543e-01 5.000000e-02
<GCONST> 6.265254e+01
<STATE> 5
<MEAN> 39
 -6.012511e-02 -1.541847e+01 -5.870354e+00 -1.024418e+01 -2.365026e+01 -2.327444e+00 7.632313e+00 -7.391849e-01 4.503929e+00 3.990911e+00 7.785757e-01 -4.837059e+00 6.906912e-01 3.693807e-01 3.411421e-01 6.141124e-01 2.847114e-01 8.581077e-01 3.705402e-01 8.802573e-02 -4.824783e-01 -2.259032e-01 -5.225543e-01 2.067967e-01 -1.039619e-01 -4.643495e-02 -1.112614e-01 9.782477e-02 3.618038e-02 -8.054939e-03 5.922526e-01 -2.446125e-01 1.615512e-01 1.064187e-02 -2.124155e-01 -1.416229e-02 -1.479620e-01 1.930298e-02 -4.447526e-03
<VARIANCE> 39
 5.159447e+00 1.079168e+01 2.542878e+01 1.440171e+01 2.527316e+01 1.755137e+01 2.396782e+01 1.675677e+01 1.158424e+01 2.046455e+01 9.437673e+00 1.659416e+01 5.000000e-02 6.553265e-01 8.976610e-01 1.772938e+00 9.688954e-01 6.483241e+00 1.983515e+00 2.677155e+00 9.550093e-01 1.662215e+00 1.724535e+00 1.402105e+00 1.063011e+00 5.000000e-02 1.294845e-01 1.555182e-01 2.631129e-01 1.768661e-01 3.678718e-01 2.506040e-01 4.744951e-01 2.015935e-01 2.433733e-01 3.274744e-01 2.369889e-01 1.774960e-01 5.000000e-02
<GCONST> 8.277908e+01
<STATE> 6
<MEAN> 39
 -1.405319e+00 -1.002234e+01 -2.193407e+00 -6.993468e+00 -6.185903e+00 -5.086472e+00 8.487166e+00 -1.456875e+00 1.077474e-01 8.752187e-02 -3.824081e-01 -4.749617e+00 2.353240e-01 -4.932064e-01 4.005549e-01 3.134980e-01 4.564642e-01 9.789872e-01 -1.130304e-01 -4.543603e-01 2.348628e-01 -4.141602e-02 -4.367704e-01 8.487299e-02 2.191734e-01 -3.048423e-02 -1.006434e-02 -8.946417e-02 8.253327e-03 2.251924e-02 -2.936147e-01 7.979943e-02 -3.586759e-02 5.898909e-02 1.644733e-01 2.547678e-02 8.987921e-02 1.491086e-02 5.649376e-03
<VARIANCE> 39
 7.420080e+00 3.755221e+00 5.968294e+00 8.036909e+00 8.437117e+00 7.221475e+00 1.493658e+01 1.311970e+01 9.724105e+00 9.978459e+00 8.254594e+00 6.861603e+00 5.000000e-02 4.583656e-01 4.257245e-01 6.621642e-01 1.216011e+00 1.332197e+00 1.175870e+00 1.046578e+00 1.971041e+00 1.761331e+00 1.542268e+00 1.194613e+00 8.294502e-01 5.000000e-02 9.521852e-02 8.516037e-02 1.944495e-01 2.304428e-01 2.566506e-01 2.245980e-01 2.240278e-01 4.107179e-01 3.908698e-01 3.298776e-01 2.323664e-01 2.319044e-01 5.000000e-02
<GCONST> 7.007084e+01
<TRANSP> 7
 0.000000e+00 1.000000e+00 0.000000e+00 0.000000e+00 0.000000e+00 0.000000e+00 0.000000e+00
 0.000000e+00 9.071900e-01 9.281004e-02 0.000000e+00 0.000000e+00 0.000000e+00 0.000000e+00
 0.000000e+00 0.000000e+00 7.999647e-01 2.000353e-01 0.000000e+00 0.000000e+00 0.000000e+00
 0.000000e+00 0.000000e+00 0.000000e+00 9.457654e-01 5.423464e-02 0.000000e+00 0.000000e+00
 0.000000e+00 0.000000e+00 0.000000e+00 0.000000e+00 8.975385e-01 1.024615e-01 0.000000e+00
 0.000000e+00 0.000000e+00 0.000000e+00 0.000000e+00 0.000000e+00 8.971868e-01 1.028133e-01
 0.000000e+00 0.000000e+00 0.000000e+00 0.000000e+00 0.000000e+00 0.000000e+00 0.000000e+00
<ENDHMM>
