~o
<STREAMINFO> 1 39
<VECSIZE> 39<NULLD><MFCC_E_D_A><DIAGC>
~h "Xoa"
<BEGINHMM>
<NUMSTATES> 40
<STATE> 2
<MEAN> 39
 -7.181347e+00 -9.505199e+00 -2.851839e+00 -9.365383e-01 6.975313e-01 -4.112422e+00 2.991105e+00 2.973554e-01 2.038892e+00 -4.025858e+00 1.109756e+00 -2.919664e+00 -8.469937e-02 -8.851154e-01 1.116527e+00 -1.124700e+00 6.288982e-01 -9.780988e-02 -3.446415e-01 8.459132e-01 -1.147402e-01 4.005671e-01 -3.904845e-01 2.358134e-01 -6.244471e-01 1.634649e-02 -4.971531e-01 9.092978e-01 -4.896360e-01 2.650139e-01 -3.531584e-02 -1.795148e-01 3.082674e-01 -3.296654e-01 6.779185e-02 2.454335e-02 2.054866e-01 1.163710e-01 1.108439e-02
<VARIANCE> 39
 5.487440e+00 1.598095e+00 3.783091e+00 2.522960e+00 1.022980e+01 4.695801e+00 9.250567e+00 3.589703e+01 8.466380e+00 1.219442e+01 5.349194e+00 1.813968e+00 5.000000e-02 4.842944e-01 6.529628e-01 7.675650e-01 4.280945e-01 6.606362e-01 4.256297e-01 7.788281e-01 6.711505e-01 3.847678e-01 1.124125e+00 3.447531e-01 1.045943e+00 5.000000e-02 1.014184e-01 8.011076e-02 2.478032e-01 9.551806e-02 2.879093e-01 6.847648e-02 1.252154e-01 4.167444e-01 1.777055e-01 2.118307e-01 8.526364e-02 1.049543e-01 5.000000e-02
<GCONST> 5.423268e+01
<STATE> 3
<MEAN> 39
 -1.021932e+01 -5.512737e+00 -5.522697e+00 1.421805e+00 1.976716e+00 -4.301306e+00 6.362924e+00 -3.462730e+00 3.139468e+00 -4.274605e+00 3.193586e+00 -1.882033e+00 -4.977096e-02 -2.298871e+00 2.925676e+00 -2.270147e+00 1.116437e+00 3.384924e-01 -6.865715e-01 1.353393e+00 -8.599221e-01 4.536678e-01 8.117408e-02 6.810156e-01 2.639042e-01 3.165141e-02 -3.398442e-01 5.526842e-01 -5.067822e-01 -2.278399e-02 -1.263499e-01 4.494493e-02 -1.967279e-01 1.761027e-01 1.642841e-02 9.681993e-02 -1.231556e-01 -3.074342e-02 1.450820e-02
<VARIANCE> 39
 2.837326e+00 2.004803e+00 3.944172e+00 4.306316e+00 6.961543e+00 1.567100e+01 1.230815e+01 2.198392e+01 3.127905e+00 1.006726e+01 6.684212e+00 8.184985e+00 5.000000e-02 7.287624e-01 9.901808e-01 1.451080e+00 4.512298e-01 2.173580e+00 6.886469e-01 4.182282e-01 4.085936e+00 5.548474e-01 1.644811e+00 4.749291e-01 7.627470e-01 5.000000e-02 1.716050e-01 1.111673e-01 5.000000e-02 1.335806e-01 3.681004e-01 2.185206e-01 1.854494e-01 4.873059e-01 6.092911e-02 3.491044e-01 1.252406e-01 3.920986e-01 5.000000e-02
<GCONST> 6.333144e+01
<STATE> 4
<MEAN> 39
 -1.445107e+01 6.724093e-01 -1.071697e+01 2.671546e+00 9.325776e-01 -6.983532e+00 6.638895e+00 -1.815564e+00 5.215164e+00 -3.349581e+00 3.350009e+00 -2.455166e+00 3.455710e-02 -2.328449e+00 3.028071e+00 -2.788884e+00 6.783628e-01 -1.510025e-01 1.366612e-01 4.205013e-01 -1.608389e-01 2.824592e-01 -3.124069e-01 2.401182e-02 -4.701466e-01 7.147843e-02 1.707410e-01 -2.955269e-01 4.991201e-03 -2.195798e-01 -2.774927e-02 2.988008e-01 -5.531521e-01 -9.377541e-02 -2.940819e-01 -5.981383e-02 8.060714e-03 -1.569343e-01 1.542575e-02
<VARIANCE> 39
 1.021245e+01 4.082199e+00 3.845861e+00 4.795096e+00 9.450786e+00 8.662932e+00 1.200451e+01 1.265115e+01 5.460705e+00 1.250967e+01 1.200998e+01 9.349685e+00 5.000000e-02 1.784116e+00 1.687298e+00 6.392416e-01 1.050248e+00 3.143520e+00 2.883718e+00 2.023854e+00 3.511842e+00 1.723822e+00 1.465947e+00 2.110422e+00 1.473349e+00 5.000000e-02 6.857476e-01 1.226935e-01 1.486057e-01 8.777765e-02 3.106647e-01 1.594948e-01 3.338147e-01 3.168186e-01 1.385001e-01 3.995514e-01 3.278054e-01 2.239112e-01 5.000000e-02
<GCONST> 7.706660e+01
<STATE> 5
<MEAN> 39
 -2.050962e+01 7.650607e+00 -1.796515e+01 4.361052e+00 7.092955e-01 -3.190311e+00 7.236269e+00 -4.405122e+00 2.501989e+00 -6.553291e+00 4.027925e+00 -3.903307e+00 2.621048e-01 -1.513366e+00 1.869296e+00 -2.320804e+00 8.331041e-02 -9.875325e-03 -4.060902e-01 -1.092776e+00 -7.123690e-01 -1.171599e-01 9.473345e-03 2.110205e-01 -5.087304e-01 8.833391e-02 8.451544e-01 -1.115867e+00 6.997591e-01 -1.323493e-01 -9.977289e-02 -5.251554e-01 -3.975894e-01 2.580937e-01 1.592474e-01 1.472247e-02 -1.111902e-01 1.970477e-01 -6.344182e-03
<VARIANCE> 39
 1.918400e+01 1.672369e+01 8.048197e+00 1.162335e+01 2.546493e+01 4.965763e+01 3.657565e+01 3.412512e+01 2.913549e+01 1.712327e+01 2.201503e+01 6.786986e+00 5.000000e-02 3.658110e+00 3.537842e+00 1.588713e+00 9.434426e-01 7.524574e-01 2.440230e+00 7.906289e-01 1.792772e+00 4.554822e-01 1.361687e+00 1.972547e+00 7.536048e-01 5.000000e-02 3.255526e-01 2.907898e-01 1.681812e-01 3.113886e-01 5.277928e-01 6.051186e-01 5.754029e-01 6.229044e-01 5.457740e-01 3.761130e-01 4.992635e-01 1.611963e-01 5.000000e-02
<GCONST> 9.075341e+01
<STATE> 6
<MEAN> 39
 -1.992187e+01 7.418773e+00 -1.929478e+01 3.380366e+00 1.769066e+00 -7.800770e+00 5.055959e+00 -3.663609e+00 5.214699e+00 -3.031134e+00 2.528325e+00 -4.446223e+00 3.688686e-01 -1.605395e-01 -1.614718e-02 -3.997267e-01 7.287999e-01 -6.452645e-01 -1.042820e+00 -1.057795e+00 3.971328e-01 2.923961e-01 -5.070488e-01 3.411309e-01 2.230438e-01 5.221707e-02 4.433084e-01 -7.870378e-01 6.870916e-01 -1.649292e-01 -2.852554e-01 -2.475358e-01 8.126766e-02 1.095298e-01 2.283303e-01 -1.446169e-01 -1.245972e-01 2.343314e-01 -1.142714e-02
<VARIANCE> 39
 5.273930e+01 3.457712e+01 3.095520e+01 2.220771e+01 1.172905e+01 2.144019e+01 7.024913e+00 3.234398e+01 4.644166e+00 8.026719e+00 5.480840e+00 1.048385e+01 5.000000e-02 3.251477e+00 1.280685e+00 1.720952e+00 7.215996e-01 2.762635e+00 2.158610e+00 3.842497e+00 5.280581e+00 2.211143e+00 2.803208e+00 1.949620e+00 5.844399e-01 5.000000e-02 9.516470e-01 4.696981e-01 8.181627e-01 4.284079e-01 2.449129e-01 4.554244e-01 3.281271e-01 5.450407e-01 2.260459e-01 3.328786e-01 4.989951e-01 3.355757e-01 5.000000e-02
<GCONST> 9.360567e+01
<STATE> 7
<MEAN> 39
 -2.160416e+01 9.331378e+00 -1.922868e+01 6.591728e+00 -1.886298e+00 -1.035856e+01 1.943804e+00 -5.576507e+00 5.024991e+00 -7.448651e+00 5.008073e+00 -2.954526e+00 4.340180e-01 9.766258e-01 -1.429516e+00 2.990614e-01 -5.818044e-01 -1.197973e+00 -1.184338e+00 -4.023064e-01 -2.244588e-01 1.193542e+00 -4.900904e-01 -6.573535e-01 7.206630e-01 3.165072e-02 1.519689e+00 -1.832161e+00 2.002614e-01 -1.772891e+00 1.892873e-01 2.968422e-01 2.861844e-01 4.228024e-01 1.444307e-01 4.201762e-01 -1.134351e+00 -3.018875e-01 6.625045e-03
<VARIANCE> 39
 4.988469e+01 1.920360e+01 7.288043e+00 2.721440e+01 4.424356e+01 2.051356e+01 5.538445e+00 2.114716e+01 9.289273e+00 3.633384e+01 7.690326e+00 1.128547e+01 5.000000e-02 5.022378e+00 3.537039e+00 5.510057e+00 3.625417e+00 1.743348e+00 3.508902e+00 1.665925e+00 3.096130e+00 6.637574e-01 2.845366e+00 8.442833e-01 1.873956e+00 5.000000e-02 4.430083e-01 3.777262e-01 2.065696e-01 2.304363e-01 1.141643e+00 4.860219e-01 4.394209e-01 9.269779e-01 1.791779e-01 7.661504e-01 3.564839e-01 2.226458e-01 5.000000e-02
<GCONST> 9.628274e+01
<STATE> 8
<MEAN> 39
 -1.854257e+01 2.558772e+00 -1.480891e+01 1.853632e+00 -2.248969e+00 -8.479342e+00 2.128969e+00 -3.496413e+00 7.940909e+00 -5.946498e+00 2.073462e+00 -1.414718e+00 4.369040e-01 5.319817e+00 -6.425591e+00 -4.861324e-02 -5.607341e+00 -9.912261e-01 -6.997296e-01 -6.503047e-01 1.480764e+00 1.057295e+00 4.820720e-01 -3.943418e+00 -8.265011e-01 7.455525e-02 9.237145e-01 -1.620374e+00 -4.997068e-01 -1.116720e+00 9.003683e-01 4.100685e-01 2.245186e-01 2.494661e-01 -2.612424e-01 3.201093e-01 -5.919135e-01 -5.467754e-01 2.901176e-02
<VARIANCE> 39
 4.327963e+01 3.304924e+01 2.825856e+01 3.176669e+01 9.326194e+00 5.021964e+01 1.058795e+01 3.579155e+01 7.861770e+00 2.196391e+01 1.421110e+01 2.031064e+01 5.000000e-02 1.868535e+00 1.451745e+00 1.196708e+00 1.218980e+00 3.270043e+00 3.101404e+00 1.503447e+00 2.958281e+00 2.063856e+00 3.379668e+00 1.021530e+00 2.534446e+00 5.000000e-02 1.038921e+00 6.319960e-01 9.047803e-01 6.343126e-01 4.053829e-01 6.880452e-01 2.051570e-01 4.440702e-01 2.341130e-01 3.537290e-01 3.022754e-01 5.953668e-01 5.000000e-02
<GCONST> 9.888221e+01
<STATE> 9
<MEAN> 39
 -2.409003e+00 -1.536825e+01 -2.126076e+01 -1.191248e+01 -4.480768e+00 -1.277031e+01 1.591544e+00 1.910216e+00 9.632341e+00 -4.440469e+00 -9.015862e+00 -5.679686e+00 7.399506e-01 4.398387e+00 -7.709821e+00 -3.493911e-01 -5.006220e+00 2.532025e+00 1.062481e+00 9.576887e-02 8.897026e-01 -1.730112e-01 1.142209e+00 -2.867030e+00 -1.536805e+00 1.308554e-01 -1.117555e+00 9.419068e-01 2.093805e-01 1.121373e+00 1.142208e+00 1.054252e+00 3.643719e-01 -1.122313e+00 -9.972849e-01 4.150808e-01 1.493762e+00 -2.066389e-01 -1.027098e-02
<VARIANCE> 39
 3.315555e+01 5.383672e+01 2.271741e+01 1.609039e+01 6.252194e+00 2.331531e+01 2.565824e+01 1.944101e+01 2.733677e+01 2.673238e+00 2.269850e+01 1.912128e+01 5.000000e-02 4.632955e+00 1.791514e+00 2.200222e+00 1.957701e+00 3.513469e+00 2.817292e+00 1.082083e+00 3.430108e+00 2.008652e+00 9.702460e-01 2.281302e+00 2.104246e+00 5.000000e-02 7.347486e-01 8.565101e-01 5.251966e-01 3.752633e-01 3.753460e-01 3.896953e-01 1.663648e-01 2.694223e-01 9.017437e-01 2.926904e-01 3.840944e-01 3.189413e-01 5.000000e-02
<GCONST> 9.650761e+01
<STATE> 10
<MEAN> 39
 -5.833579e-01 -2.427975e+01 -1.813755e+01 -1.632656e+01 5.408191e+00 -5.829690e+00 2.935493e+00 -1.945579e+00 6.779473e+00 -2.183094e+00 -7.584418e+00 -7.802154e+00 8.883170e-01 8.183613e-01 -2.362655e+00 1.529913e-02 -1.055903e+00 3.225076e+00 2.540162e+00 9.569449e-01 -2.126324e+00 -2.319112e+00 1.869738e+00 1.910937e+00 -1.641220e+00 5.895140e-02 -1.112101e+00 2.019383e+00 -5.493129e-03 1.225629e+00 -4.349738e-01 2.865697e-01 2.020047e-01 -5.627937e-01 -4.246773e-01 1.225663e-01 1.248535e+00 2.716967e-01 -2.805302e-02
<VARIANCE> 39
 9.737693e+00 1.578690e+01 8.921923e+00 2.382678e+01 3.109380e+01 1.997194e+01 2.403380e+01 2.363634e+01 3.328803e+01 2.157282e+01 1.100274e+01 2.511666e+01 5.000000e-02 1.747015e+00 2.478065e+00 4.178164e+00 1.235877e+00 1.048467e+00 1.708018e+00 1.133482e+00 4.638352e-01 7.133777e+00 2.097470e+00 1.971199e+00 9.813395e-01 5.000000e-02 5.137271e-01 2.728342e-01 2.577111e-01 3.773853e-01 6.211270e-01 3.142899e-01 2.936375e-01 3.294306e-01 4.567259e-01 1.465023e-01 4.194441e-01 4.857342e-01 5.000000e-02
<GCONST> 9.190842e+01
<STATE> 11
<MEAN> 39
 -1.112572e-01 -2.395674e+01 -2.101686e+01 -1.480097e+01 8.469343e+00 -3.669339e+00 6.728642e+00 -7.371638e+00 2.991857e-01 1.975912e+00 -1.524026e+00 -1.157075e+01 9.325932e-01 1.200248e-02 -1.915012e-01 -3.714928e-01 -3.319180e-01 7.258783e-01 2.037711e+00 9.215693e-01 -1.640029e+00 -1.468271e+00 1.827670e+00 1.778375e+00 -6.106595e-01 2.320240e-02 -2.461147e-01 7.610267e-01 1.711220e-01 1.922769e-02 -7.828342e-01 -3.215840e-02 -1.961394e-01 2.597358e-01 1.010994e+00 -5.283679e-01 -3.783558e-01 7.705978e-01 -1.432752e-02
<VARIANCE> 39
 6.136395e+00 9.268037e+00 1.152665e+01 5.315518e+00 7.035515e+00 1.815807e+01 2.593774e+01 2.263980e+01 4.533874e+01 2.674338e+01 1.007982e+01 4.378812e+00 5.000000e-02 2.717477e-01 9.414464e-01 9.442254e-01 2.442061e+00 1.891171e+00 7.753078e-01 1.298895e+00 5.495178e-01 4.053313e+00 1.011307e+00 1.203855e+00 1.724445e+00 5.000000e-02 1.532547e-01 1.016690e-01 4.676462e-01 2.108558e-01 1.599962e-01 1.967735e-01 1.649774e-01 5.000000e-02 5.325820e-01 4.010290e-01 6.084352e-02 5.000000e-02 5.000000e-02
<GCONST> 7.254510e+01
<STATE> 12
<MEAN> 39
 2.331173e-01 -2.477896e+01 -1.867034e+01 -1.776401e+01 9.420496e+00 1.711382e+00 5.057354e+00 -6.417448e+00 3.499209e-01 4.878137e+00 -4.638625e-01 -1.023399e+01 9.723463e-01 -1.772817e-02 3.478262e-01 1.340969e-02 -8.413842e-02 1.478990e-01 1.578614e+00 5.315732e-01 -7.397936e-01 3.080542e-01 -1.721470e-01 4.993534e-01 6.229162e-01 5.793925e-03 -1.317470e-01 -7.933980e-02 -3.816370e-02 1.934972e-01 -3.550978e-01 -3.026532e-01 -2.286362e-01 4.082580e-01 2.788009e-01 -4.874161e-01 -4.768563e-01 1.808266e-01 -3.661701e-03
<VARIANCE> 39
 5.899605e+00 4.487332e+00 5.639421e+00 5.292973e+00 7.105478e+00 6.886570e+00 2.529436e+01 3.574833e+01 7.293472e+01 2.380567e+01 1.047284e+01 2.882402e+00 5.000000e-02 5.000203e-01 4.158832e-01 5.832744e-01 2.527271e-01 7.018189e-01 4.061556e-01 8.979194e-01 3.900443e-01 2.290492e+00 1.120579e+00 7.789993e-01 1.187891e+00 5.000000e-02 6.318574e-02 1.002209e-01 6.535655e-02 7.351326e-02 1.905203e-01 7.975008e-02 1.598057e-01 5.000000e-02 8.251958e-01 2.168918e-01 6.260736e-02 3.607959e-01 5.000000e-02
<GCONST> 6.107509e+01
<STATE> 13
<MEAN> 39
 -7.327960e-01 -2.384857e+01 -1.995172e+01 -1.696144e+01 8.239478e+00 4.457535e+00 7.109667e+00 -8.647341e+00 1.571994e+00 2.767838e+00 -1.253480e+00 -8.258383e+00 9.755559e-01 -1.477925e-01 -2.615755e-01 2.534106e-02 3.467395e-01 -2.122536e-01 1.467814e+00 -5.344673e-01 -1.963438e-01 5.969331e-02 -5.472968e-01 -2.556871e-01 5.959674e-01 3.054101e-03 7.224917e-02 -2.294073e-01 5.743737e-02 2.234437e-01 7.949910e-02 -2.816348e-01 -2.831056e-01 1.003388e-01 -1.770618e-01 -1.880663e-01 -1.039808e-01 -9.260292e-02 -1.167418e-03
<VARIANCE> 39
 1.190868e+01 1.032188e+01 6.080493e+00 3.510767e+00 2.744180e+00 1.154455e+01 1.923951e+01 2.203492e+01 7.784711e+01 1.294240e+01 2.484708e+01 1.317582e+01 5.000000e-02 1.385135e-01 2.159617e-01 2.184594e-01 2.888515e-01 3.315108e-01 5.966241e-01 2.804175e-01 6.777968e-01 1.159481e+00 8.791494e-01 4.353745e-01 6.104249e-01 5.000000e-02 5.000000e-02 6.014030e-02 1.123137e-01 1.236126e-01 1.669406e-01 7.711163e-02 1.695172e-01 5.000000e-02 2.402568e-01 1.199213e-01 1.667307e-01 2.948941e-01 5.000000e-02
<GCONST> 5.614824e+01
<STATE> 14
<MEAN> 39
 3.407838e-01 -2.410035e+01 -1.873310e+01 -1.596859e+01 8.080663e+00 7.077136e+00 4.500077e+00 -1.020905e+01 1.808370e+00 1.480029e+00 -6.262242e-01 -7.154284e+00 9.752706e-01 -5.298751e-02 -4.588423e-01 9.809877e-04 3.512995e-01 1.723024e-01 4.475747e-01 -3.225658e-01 -4.061692e-01 -7.063825e-02 -6.800194e-01 2.344569e-01 3.400936e-01 4.329470e-03 -8.277952e-02 -6.890911e-02 9.529188e-02 -6.862482e-04 2.320886e-01 -4.331859e-01 2.270815e-01 1.453761e-01 -1.807822e-02 -2.838126e-02 -2.856662e-03 -1.812961e-01 -5.987233e-04
<VARIANCE> 39
 8.900177e+00 1.168547e+01 8.744159e+00 8.539371e+00 9.525493e+00 9.092824e+00 2.557645e+01 2.646570e+01 6.180825e+01 8.513723e+00 1.720082e+01 6.244542e+00 5.000000e-02 2.166688e-01 1.798523e-01 5.223719e-01 7.488371e-01 5.721732e-01 8.858651e-01 4.613105e-01 6.994867e-01 4.160976e-01 1.359204e-01 3.815770e-01 4.976584e-01 5.000000e-02 5.000000e-02 5.723533e-02 5.000000e-02 6.555803e-02 5.000000e-02 5.000000e-02 6.645539e-02 7.673775e-02 5.000000e-02 5.823410e-02 6.721991e-02 5.711809e-02 5.000000e-02
<GCONST> 4.879248e+01
<STATE> 15
<MEAN> 39
 -1.924173e+00 -2.627546e+01 -1.832048e+01 -1.574858e+01 8.029381e+00 7.230512e+00 4.710745e+00 -1.047502e+01 4.473657e+00 -1.893779e+00 1.133682e-01 -7.375961e+00 9.758961e-01 -4.943773e-01 -6.039098e-01 6.181442e-01 2.012321e-01 6.400054e-01 1.047211e-01 5.031924e-01 5.477522e-02 1.254320e-01 -5.485518e-01 -9.838573e-02 -2.280061e-01 -3.175403e-03 -1.195906e-01 -6.622565e-02 6.450836e-02 1.486990e-03 1.425307e-01 -1.150301e-01 -6.942745e-02 7.276465e-02 -4.795071e-02 1.220300e-01 -2.988390e-01 -1.066874e-01 -1.167495e-03
<VARIANCE> 39
 1.231559e+01 6.896354e+00 1.593526e+01 7.325247e+00 8.721241e+00 8.805214e+00 2.195084e+01 3.218129e+01 4.348539e+01 1.991038e+01 1.593867e+01 6.386669e+00 5.000000e-02 2.026041e-01 2.599307e-01 4.142855e-01 3.494103e-01 1.083803e-01 5.002950e-01 4.840697e-01 8.194424e-02 6.730419e-01 2.695981e-01 5.543217e-01 7.806142e-01 5.000000e-02 5.000000e-02 5.000000e-02 7.949859e-02 5.480065e-02 1.024366e-01 1.961379e-01 1.606175e-01 1.191206e-01 5.000000e-02 5.279013e-02 9.029526e-02 6.341582e-02 5.000000e-02
<GCONST> 5.022551e+01
<STATE> 16
<MEAN> 39
 -2.396569e+00 -2.636765e+01 -1.857056e+01 -1.560543e+01 1.054683e+01 6.421556e+00 6.652895e+00 -1.025054e+01 2.784097e+00 -9.182718e-02 -9.651574e-01 -8.104733e+00 9.818498e-01 -5.608109e-01 -6.036684e-01 1.417795e-01 3.359456e-01 3.062861e-01 -5.146745e-02 -8.365753e-01 6.057001e-04 -5.249872e-01 -4.467321e-01 -9.337482e-01 -1.838943e-01 -3.180092e-04 5.658889e-02 1.404673e-01 -2.366254e-01 4.111103e-01 -3.656937e-01 -1.805537e-02 -2.971861e-01 -7.903218e-02 -5.130267e-02 -3.438464e-01 -1.324650e-01 3.163148e-03 -1.072198e-03
<VARIANCE> 39
 2.450151e+01 8.490736e+00 1.458503e+01 9.208223e-01 3.067187e+00 4.534431e+00 1.007824e+01 3.109800e+01 5.809143e+01 2.062935e+01 5.756594e+00 3.830320e+00 5.000000e-02 1.593038e-01 1.040824e-01 3.730865e-01 1.475528e-01 1.190985e+00 5.434428e-01 5.473518e-01 1.127982e+00 4.172274e-01 5.621936e-01 3.070269e-01 1.880756e-01 5.000000e-02 5.000000e-02 8.574452e-02 5.000000e-02 1.074540e-01 1.053284e-01 5.000000e-02 5.000000e-02 1.203888e-01 1.587074e-01 8.184326e-02 5.000000e-02 9.352586e-02 5.000000e-02
<GCONST> 4.622255e+01
<STATE> 17
<MEAN> 39
 -1.500059e+00 -2.755403e+01 -1.838087e+01 -1.280918e+01 1.050592e+01 5.070951e+00 3.865584e+00 -7.844394e+00 -2.010462e+00 -3.084103e-01 -3.598801e+00 -8.408819e+00 9.741039e-01 5.631898e-02 -4.034120e-01 -3.314404e-01 1.751736e+00 -4.087414e-01 -1.106740e-01 -6.356371e-01 -2.500989e-02 1.564215e-01 -1.303814e+00 -6.998957e-01 -9.740208e-02 -2.254107e-03 7.027844e-02 1.220352e-02 -1.715716e-01 2.572612e-01 -1.826745e-01 -1.098482e-01 2.183639e-03 7.192416e-02 1.498507e-01 -2.889789e-01 1.639860e-01 -1.006240e-01 -3.249982e-04
<VARIANCE> 39
 2.803292e+01 6.603971e+00 1.814427e+01 8.543855e+00 1.873196e+01 1.522595e+01 1.269578e+01 4.509316e+01 6.409821e+01 2.792253e+01 9.659720e+00 4.296848e+00 5.000000e-02 3.488670e-01 6.631821e-01 6.677995e-01 5.766680e-01 1.518559e+00 5.067434e-01 2.871617e-01 8.511644e-01 9.850075e-01 5.473806e-01 2.076408e-01 2.323238e-01 5.000000e-02 5.403358e-02 6.921458e-02 1.011456e-01 6.051460e-02 1.574428e-01 5.000000e-02 5.651609e-02 5.000000e-02 1.710111e-01 5.000000e-02 5.000000e-02 7.570545e-02 5.000000e-02
<GCONST> 5.669883e+01
<STATE> 18
<MEAN> 39
 -2.495230e+00 -2.915457e+01 -1.843851e+01 -9.305341e+00 1.019283e+01 6.697116e+00 2.527589e+00 -8.413452e+00 1.077533e+00 -4.920413e+00 -4.757631e+00 -8.551630e+00 9.722055e-01 -2.777928e-01 -1.849984e-01 -2.564687e-01 1.275703e+00 -2.296570e-01 -5.202739e-01 -7.810529e-01 2.374049e-01 1.111954e-01 -1.333349e+00 -6.964106e-02 -2.167906e-02 -2.494049e-03 3.052497e-02 2.572761e-01 2.242261e-01 -2.316351e-01 -1.249847e-02 -2.895551e-01 -5.305623e-02 2.147631e-01 -8.287809e-02 -4.308095e-04 1.376989e-01 2.510163e-01 -3.331906e-03
<VARIANCE> 39
 2.526535e+01 1.725581e+01 2.714229e+01 2.165714e+01 1.399431e+01 2.861439e+01 1.145217e+01 2.646073e+01 3.893135e+01 1.955397e+01 6.325047e+00 4.960499e+00 5.000000e-02 5.863380e-02 5.547588e-01 5.817670e-01 3.600236e-01 1.090788e+00 2.746167e-01 6.452041e-01 4.707388e-01 3.390322e-01 7.528721e-01 1.176719e-01 1.024790e+00 5.000000e-02 5.000000e-02 1.416247e-01 1.116303e-01 5.693147e-02 4.396722e-01 1.925843e-01 1.343178e-01 1.880049e-01 1.838477e-01 8.985132e-02 5.000000e-02 2.139871e-01 5.000000e-02
<GCONST> 6.126711e+01
<STATE> 19
<MEAN> 39
 -5.931344e+00 -2.773733e+01 -1.969289e+01 -7.750653e+00 6.999045e+00 4.786276e+00 1.115819e+00 -1.187518e+01 4.304690e+00 -1.038965e+01 -2.683772e+00 -1.051695e+01 9.553170e-01 2.302922e-01 3.137062e-01 7.168578e-01 1.155507e+00 -1.819947e-01 -5.248591e-01 -1.034769e+00 1.346335e+00 -6.568831e-01 -6.809673e-01 -3.448457e-01 7.441003e-01 -1.439869e-02 3.075306e-01 -2.114454e-02 5.363640e-01 -2.325170e-01 2.246692e-01 1.251626e-01 -2.379068e-03 7.263517e-01 -2.916558e-01 3.909571e-01 -1.664679e-02 5.930001e-01 -2.869835e-03
<VARIANCE> 39
 2.511703e+01 2.386522e+00 1.146777e+01 1.985169e+01 6.775116e+00 5.341671e+00 2.770137e+01 3.568201e+01 3.674807e+01 2.887324e+01 5.559615e+00 8.876761e+00 5.000000e-02 3.560720e-01 6.621983e-01 7.356542e-01 1.042140e-01 1.018744e+00 1.514838e+00 1.400614e+00 1.349146e+00 4.353827e-01 1.745633e+00 1.901400e-01 2.456150e+00 5.000000e-02 6.852241e-02 5.000000e-02 1.012719e-01 9.479514e-02 1.522868e-01 1.651456e-01 1.654728e-01 1.406796e-01 8.067098e-02 2.123666e-01 5.000000e-02 1.232921e-01 5.000000e-02
<GCONST> 6.266223e+01
<STATE> 20
<MEAN> 39
 -4.707572e-01 -2.748447e+01 -1.708433e+01 -5.924985e+00 1.064828e+01 2.489154e+00 1.628232e+00 -3.263345e+00 -7.490762e-01 -8.518567e+00 -3.856145e+00 -5.822817e+00 9.282378e-01 1.642278e-02 -2.548851e-01 1.274142e+00 3.048235e-02 5.138582e-01 -7.407469e-01 -9.553994e-01 1.965543e+00 -5.852808e-01 -4.036464e-01 -1.630183e-01 1.060070e+00 -1.292077e-02 -2.830126e-01 -1.455811e-01 -1.167834e-01 -4.155415e-01 -8.646691e-02 -6.158227e-02 -1.372878e-01 -1.981811e-01 -1.126566e-01 2.327924e-01 1.715996e-02 -5.580982e-02 -3.181323e-03
<VARIANCE> 39
 1.734910e+01 2.467047e+00 1.232460e+01 1.033840e+01 5.673844e+00 1.698759e+01 9.157342e+00 4.830722e+01 4.797028e+01 8.460679e+00 1.315624e+01 1.487242e+01 5.000000e-02 9.380656e-01 4.026091e-01 4.309241e-01 7.231008e-01 1.560853e+00 1.763418e+00 2.686062e+00 1.353955e+00 1.552921e+00 1.378017e+00 7.612331e-01 1.022544e+00 5.000000e-02 5.000000e-02 5.000000e-02 5.000000e-02 5.000000e-02 3.421552e-01 2.717561e-01 2.189589e-01 4.437614e-01 2.059425e-01 1.799399e-01 1.006580e-01 2.194818e-01 5.000000e-02
<GCONST> 7.011362e+01
<STATE> 21
<MEAN> 39
 -2.061156e+00 -2.930951e+01 -1.478883e+01 -7.649720e+00 9.344943e+00 1.842850e+00 -4.032810e+00 -1.024816e+00 -1.434999e+00 -6.990566e+00 -5.971475e+00 -3.389944e+00 9.013364e-01 -4.910877e-01 -3.459246e-01 5.702890e-01 -8.753390e-01 -3.089252e-01 -3.722509e-01 -5.781774e-01 1.371934e+00 -8.606519e-01 -6.867180e-01 3.437334e-01 1.502090e+00 -2.157763e-02 -1.889733e-01 1.093673e-01 -1.171581e-01 -1.954905e-01 6.611072e-02 1.456790e-02 5.081988e-01 -3.416725e-01 2.168749e-01 -2.203449e-01 2.025522e-01 -5.228845e-02 -4.995774e-03
<VARIANCE> 39
 8.259408e+00 5.685060e+00 1.799914e+01 1.727128e+01 1.248243e+01 3.110669e+01 2.394766e+01 1.927445e+01 1.255463e+01 3.515960e+00 1.262725e+01 1.313562e+01 5.000000e-02 7.030012e-01 3.162728e-01 3.697966e-01 3.635411e-01 1.638528e+00 1.342460e+00 1.813699e+00 1.595353e+00 1.097950e+00 7.723543e-01 4.479253e-01 8.191376e-01 5.000000e-02 1.227854e-01 7.675394e-02 2.017222e-01 1.073680e-01 9.534020e-02 2.025565e-01 3.050556e-01 1.381073e-01 6.594311e-02 8.155662e-02 1.383281e-01 1.343960e-01 5.000000e-02
<GCONST> 6.562523e+01
<STATE> 22
<MEAN> 39
 -5.306104e+00 -2.838852e+01 -1.380792e+01 -7.340525e+00 9.049932e+00 1.250685e+00 -3.887291e+00 -7.285492e-01 -4.138693e+00 -1.204150e+01 -3.780177e+00 -1.745227e+00 8.344070e-01 -9.142851e-01 6.794165e-01 2.078388e-01 -2.553546e-01 9.939875e-02 -9.490403e-01 6.356044e-03 1.777945e-01 -2.383307e-01 -9.638792e-02 -2.541986e-01 7.761230e-01 -3.991563e-02 2.325820e-01 2.078030e-02 -1.844823e-01 2.690786e-01 -4.275677e-01 2.198415e-01 1.838390e-01 -1.943886e-01 4.109346e-01 3.454769e-01 -2.197753e-01 -3.125244e-01 -7.450569e-03
<VARIANCE> 39
 8.934164e+00 8.721562e+00 3.867087e+00 1.702025e+01 4.723964e+01 6.826213e+01 3.835769e+01 7.476986e+00 5.825663e+00 1.998262e+01 2.334409e+00 1.205285e+01 5.000000e-02 8.757717e-01 8.053404e-01 4.997801e-01 8.111514e-01 1.144415e+00 1.025329e+00 1.309037e+00 3.141213e+00 1.621274e+00 2.530212e+00 7.521334e-01 3.870423e-01 5.000000e-02 6.144831e-01 2.832510e-01 9.679528e-02 4.630324e-01 8.689364e-01 8.304259e-01 7.901605e-02 1.844202e-01 2.529552e-01 3.035730e-01 5.000000e-02 1.065379e-01 5.000000e-02
<GCONST> 7.635329e+01
<STATE> 23
<MEAN> 39
 -7.225910e+00 -2.723797e+01 -1.212442e+01 -9.866349e+00 9.614338e+00 7.522374e-01 -3.423342e+00 1.381434e+00 -1.944962e+00 -1.051452e+01 -5.345710e+00 1.311297e+00 7.663242e-01 4.815819e-01 -4.649330e-01 4.306011e-01 -2.857718e-01 -8.043536e-01 -1.139954e-01 4.429973e-01 5.115104e-01 6.488688e-01 -9.028976e-02 -5.068361e-01 9.013700e-02 -5.247196e-02 7.437909e-01 -2.724218e-01 -2.220874e-01 5.650032e-01 -5.027063e-01 2.442026e-01 -1.269338e-02 -7.094761e-01 2.043540e-01 -9.087411e-03 -2.340188e-01 -5.160872e-01 -4.151281e-03
<VARIANCE> 39
 2.024918e+01 7.859583e+00 5.986904e+00 2.864858e+01 2.828453e+01 3.766659e+01 2.752749e+01 7.389882e+00 1.269738e+01 4.087771e+00 5.021045e+00 9.165014e+00 5.000000e-02 2.088503e+00 1.262671e+00 8.970217e-01 2.899450e+00 2.813598e+00 1.374670e+00 3.403306e-01 1.732454e+00 7.072958e-01 7.703782e-01 1.297893e+00 5.162624e-01 5.000000e-02 4.605246e-01 2.530067e-01 1.203497e-01 3.021881e-01 1.590068e-01 3.903873e-01 2.271141e-01 5.276620e-01 1.680644e-01 2.796739e-01 2.652195e-01 8.442607e-02 5.000000e-02
<GCONST> 7.749026e+01
<STATE> 24
<MEAN> 39
 -2.216191e+00 -3.007503e+01 -1.311775e+01 -8.250946e+00 6.128913e+00 -2.259024e-01 -1.326308e+00 1.483669e+00 -1.366907e+00 -9.048423e+00 -5.932056e+00 -6.767007e-01 6.688271e-01 1.343656e+00 -4.393649e-01 -5.173623e-01 1.304228e+00 -1.713455e+00 9.366955e-02 -8.567004e-02 -1.830919e+00 6.015930e-01 2.785482e-01 -4.522283e-01 -5.425701e-01 -4.941044e-02 4.456513e-02 3.670381e-01 -1.728612e-01 4.418484e-01 3.478441e-02 4.275507e-02 -2.038520e-01 -5.745447e-01 5.028979e-02 1.025243e-01 1.106450e-01 5.739317e-02 1.853304e-03
<VARIANCE> 39
 1.238493e+01 4.168782e+00 1.714116e+01 1.059851e+01 1.049407e+01 1.213825e+01 3.363985e+01 9.902591e+00 1.674661e+01 2.379545e+00 1.461622e+01 5.679549e+00 5.000000e-02 4.130826e+00 5.392430e-01 4.266050e-01 2.929899e+00 1.403978e+00 4.720496e+00 1.960864e+00 1.839467e+00 9.583285e-01 1.025972e+00 1.006449e+00 7.194721e-01 5.000000e-02 2.453665e-01 1.585997e-01 2.115958e-01 3.549719e-01 2.317671e-01 2.521805e-01 1.668404e-01 6.250865e-01 1.353960e-01 1.004066e-01 1.875838e-01 7.288618e-02 5.000000e-02
<GCONST> 7.492855e+01
<STATE> 25
<MEAN> 39
 -5.890460e-01 -2.845961e+01 -1.457288e+01 -4.181608e+00 3.953800e+00 1.361875e+00 -2.736867e+00 -5.164083e+00 -1.027390e+00 -1.055781e+01 -7.151392e+00 -2.594204e+00 5.833297e-01 4.186053e-01 9.440725e-01 -1.247496e-01 1.116512e+00 -8.793420e-01 -5.116615e-02 -1.988197e-01 -1.204310e+00 3.923740e-01 -1.516850e-01 -1.244280e-01 3.912410e-01 -3.619619e-02 -1.422720e-01 2.828557e-01 1.398177e-01 -1.333442e-01 5.376818e-01 -5.043717e-02 1.982821e-01 4.635201e-01 -1.189757e-02 2.857665e-01 3.181373e-01 3.102661e-01 1.488035e-03
<VARIANCE> 39
 1.830376e+01 1.530614e+00 5.157621e+00 1.661516e+01 8.588914e+00 3.675105e+01 2.120234e+01 2.234329e+01 1.289148e+01 1.691392e+01 1.750291e+01 3.305551e+00 5.000000e-02 9.138109e-01 6.177577e-01 9.920037e-01 5.348258e-01 3.992375e-01 3.300783e-01 6.361163e-01 3.197438e+00 9.022989e-01 1.354049e+00 6.827317e-01 5.256500e-01 5.000000e-02 6.416497e-01 9.203959e-02 6.615549e-02 4.310090e-01 1.125001e-01 6.113339e-01 2.206642e-01 3.601139e-01 2.602758e-01 2.340748e-01 1.695397e-01 8.982550e-02 5.000000e-02
<GCONST> 6.990609e+01
<STATE> 26
<MEAN> 39
 -1.249085e+00 -2.658579e+01 -1.319994e+01 -4.524793e+00 2.458819e+00 1.129385e+00 -3.620619e+00 -4.101647e+00 1.702070e+00 -9.213444e+00 -5.851687e+00 1.316142e+00 5.382549e-01 8.433979e-01 7.286696e-01 -1.145899e-01 1.204601e+00 6.277125e-01 -1.144382e-01 8.732724e-01 -2.520227e-01 3.715794e-01 1.072135e+00 7.457817e-01 6.477473e-01 -4.173080e-02 1.559029e-01 -1.515511e-01 -2.259689e-01 1.241481e-01 6.061780e-01 -1.142449e-01 3.475483e-01 2.818140e-01 -1.272184e-01 1.354615e-01 2.039518e-01 -3.416971e-01 1.604701e-03
<VARIANCE> 39
 1.886139e+01 6.193927e+00 5.404033e+00 1.139871e+01 1.596789e+01 3.167019e+01 1.483768e+01 3.737525e+01 1.771373e+01 2.637302e+01 4.024606e+00 5.688079e+00 5.000000e-02 1.662827e+00 7.867348e-01 3.356274e-01 1.213518e+00 5.591890e-01 1.346233e+00 9.335355e-01 1.621633e+00 1.810427e+00 6.753492e-01 8.311642e-01 2.030344e-01 5.000000e-02 4.920356e-01 1.553713e-01 1.134923e-01 2.263025e-01 1.691282e-01 2.991674e-01 1.005789e-01 8.808233e-01 3.091047e-01 4.584373e-01 5.000000e-02 6.623732e-02 5.000000e-02
<GCONST> 7.201096e+01
<STATE> 27
<MEAN> 39
 2.124788e+00 -2.560156e+01 -1.478127e+01 -2.188965e-01 5.798238e+00 9.440181e-01 -1.818957e-01 -5.493483e+00 -4.946271e-02 -7.648572e+00 -4.237792e+00 -8.082445e-01 4.696297e-01 1.187765e+00 5.730382e-01 -9.675413e-01 1.688810e+00 1.109530e+00 -1.253179e-01 1.103907e+00 -2.299476e-01 8.695372e-03 8.028308e-01 7.389376e-01 -6.070948e-01 -3.557993e-02 -2.492895e-01 -1.640635e-01 -3.048947e-01 -4.050467e-01 -1.482583e-01 -2.295464e-01 -1.433617e-01 3.933781e-01 -1.427369e-02 -1.781357e-01 -1.149321e-01 -8.061861e-02 1.024979e-02
<VARIANCE> 39
 1.913847e+00 6.457930e+00 9.390593e+00 1.174890e+01 1.613667e+01 1.215130e+01 4.337751e+00 1.335058e+01 4.747387e+00 9.434098e+00 5.634969e+00 7.925687e+00 5.000000e-02 2.444640e+00 4.728348e-01 3.285613e-01 1.966650e+00 1.202935e+00 3.063920e+00 1.156695e+00 3.036479e+00 2.993651e+00 2.048374e+00 4.701766e-01 5.861490e-01 5.000000e-02 1.385340e-01 8.364089e-02 7.921907e-02 1.781937e-01 1.879008e-01 3.310469e-01 1.293174e-01 1.954480e-01 3.717112e-01 2.130169e-01 6.425915e-02 1.447365e-01 5.000000e-02
<GCONST> 6.725273e+01
<STATE> 28
<MEAN> 39
 2.304941e+00 -2.487009e+01 -1.671989e+01 6.804929e-01 7.283565e+00 -1.699009e+00 5.557261e-02 -4.103935e+00 1.397159e+00 -6.409878e+00 -3.286446e+00 -5.861211e-01 4.241049e-01 5.274438e-02 1.809154e-01 -6.270061e-01 -1.565440e-01 6.469831e-02 -9.348962e-01 2.881025e-01 6.395994e-01 2.345976e-01 1.774987e-01 4.025280e-02 1.278518e-02 -1.273207e-02 -2.441174e-01 -1.073487e-01 2.229950e-01 -4.258208e-01 -2.682527e-01 4.930931e-02 -1.663542e-01 -2.010714e-02 1.840723e-03 -5.983077e-02 -2.726457e-01 5.736948e-02 3.553789e-03
<VARIANCE> 39
 5.800063e+00 4.795373e+00 6.526150e+00 4.447405e+00 3.627479e+00 1.546129e+01 3.939419e+00 1.185036e+01 1.496535e+01 8.956501e+00 3.263055e+00 1.232730e+01 5.000000e-02 3.024151e-01 2.662823e-01 8.240855e-01 2.591099e-01 8.917075e-01 1.529856e+00 1.426019e+00 8.190666e-01 1.124123e+00 1.122473e+00 2.306274e-01 5.360573e-01 5.000000e-02 2.478488e-01 6.611572e-02 5.000000e-02 2.135532e-01 5.262526e-02 2.940089e-01 2.557240e-01 4.516943e-01 6.249935e-01 3.166052e-01 7.188004e-02 1.995666e-01 5.000000e-02
<GCONST> 5.954884e+01
<STATE> 29
<MEAN> 39
 2.225638e+00 -2.539209e+01 -1.842052e+01 -1.538310e+00 5.605055e+00 -1.256793e+00 2.318268e+00 -3.090600e+00 1.089251e-01 -6.044462e+00 -5.094398e+00 5.332533e-01 3.974356e-01 -1.978471e-01 2.639259e-01 -2.542449e-01 -2.417348e-01 4.922666e-02 1.692179e-01 -3.494180e-01 8.437397e-02 2.817436e-01 3.458653e-01 -3.090477e-02 3.984683e-01 -1.514831e-02 -2.113263e-01 6.563340e-02 2.525606e-01 1.106054e-01 7.076003e-03 2.526058e-01 -1.700958e-01 2.065054e-02 1.710747e-01 4.395238e-03 2.282789e-01 -1.433047e-01 -1.473794e-03
<VARIANCE> 39
 2.892710e+00 5.770935e+00 3.221251e+00 5.224889e+00 3.295499e+00 1.091705e+01 2.238532e+01 1.758131e+00 1.910668e+01 1.530014e+00 4.927650e+00 2.605823e+00 5.000000e-02 1.848541e-01 6.810819e-02 5.387826e-01 1.904889e-01 1.925638e-01 8.288684e-01 1.092980e+00 2.177063e+00 1.698736e+00 7.808031e-01 5.211311e-01 1.500923e+00 5.000000e-02 9.378320e-02 7.391243e-02 1.799261e-01 6.240835e-02 6.225624e-02 1.638581e-01 4.181224e-01 2.526559e-01 5.212009e-02 1.321668e-01 1.261577e-01 1.055454e-01 5.000000e-02
<GCONST> 4.833829e+01
<STATE> 30
<MEAN> 39
 1.572520e+00 -2.478360e+01 -1.743744e+01 -3.735752e-01 6.521724e+00 -4.990354e-01 -1.965826e-01 -5.034161e+00 1.469234e+00 -6.105865e+00 -3.439172e+00 -3.844869e-01 3.720406e-01 -7.521721e-01 1.279042e-01 -3.433663e-02 2.810815e-01 3.289039e-01 3.512049e-01 5.587693e-01 9.055638e-01 3.085274e-01 1.968547e-01 3.039013e-01 -4.265739e-01 -2.160987e-02 -4.565203e-02 5.493742e-02 1.826027e-01 2.893583e-01 1.670005e-01 -2.423679e-01 2.103864e-01 2.469526e-01 -1.788753e-01 -1.239352e-01 1.449192e-01 4.009607e-02 -5.574636e-04
<VARIANCE> 39
 3.102012e+00 2.749681e+00 1.271255e+01 1.734170e+00 4.545469e+00 2.135830e+01 7.711988e+00 1.882441e+01 1.389720e+01 4.036945e+00 1.086657e+01 9.410954e+00 5.000000e-02 2.096712e-01 5.012148e-01 8.357219e-01 1.008592e+00 5.304868e-01 8.093665e-01 1.093117e+00 6.481075e-01 9.664750e-01 7.924407e-01 1.069365e+00 1.272913e+00 5.000000e-02 9.713574e-02 8.985694e-02 3.854783e-01 1.321560e-01 1.150765e-01 3.798548e-01 2.017854e-01 3.315247e-01 1.014678e-01 6.089842e-02 1.508608e-01 2.621793e-01 5.000000e-02
<GCONST> 6.069294e+01
<STATE> 31
<MEAN> 39
 2.709965e-01 -2.367960e+01 -1.707903e+01 -5.050210e-01 7.169944e+00 -2.230987e+00 2.170078e+00 -3.577335e-02 3.755637e+00 -4.587841e+00 -2.102933e+00 -1.637093e+00 3.486343e-01 5.736780e-03 6.615189e-01 6.930799e-01 2.949831e-01 -3.815928e-02 -7.771322e-01 2.166406e-02 -1.930507e-01 -4.931563e-01 -2.528220e-01 5.575866e-01 6.133097e-02 -1.049256e-02 2.828940e-01 1.333667e-01 1.022810e-01 -1.081912e-01 -1.497820e-01 3.400550e-04 -3.463165e-01 -6.378247e-01 -6.586906e-01 -3.898063e-01 -5.996280e-02 1.873397e-01 4.677645e-03
<VARIANCE> 39
 2.243709e+00 5.587225e+00 6.273099e+00 4.596227e+00 3.207774e+00 1.183080e+01 4.017993e+00 2.594829e+00 2.337136e+01 1.213013e+01 2.269493e+00 1.213437e+01 5.000000e-02 8.654754e-01 7.721083e-01 2.570485e+00 1.219921e+00 7.963778e-01 1.696251e+00 1.095431e+00 1.257581e+00 1.682783e+00 1.097534e+00 3.749590e-01 5.682036e-01 5.000000e-02 8.297594e-02 1.309113e-01 2.101801e-01 1.458646e-01 5.000000e-02 1.323415e-01 2.822873e-01 1.412099e-01 3.286434e-01 4.102326e-01 1.025701e-01 2.190134e-01 5.000000e-02
<GCONST> 6.190425e+01
<STATE> 32
<MEAN> 39
 3.315315e-01 -2.243970e+01 -1.460248e+01 2.160796e+00 6.956461e+00 -3.818854e+00 2.860459e-01 -3.199243e+00 7.772843e-02 -7.335834e+00 -1.957668e+00 -6.148237e-01 3.159359e-01 3.856618e-02 5.078174e-01 2.190304e-01 -2.557189e-01 -2.362542e-03 -8.122469e-02 -6.068155e-01 -6.568394e-01 -1.250662e+00 -7.697340e-01 4.072168e-01 1.857330e-01 -1.058164e-02 1.501622e-01 2.792691e-02 -2.034883e-01 -5.072874e-01 -8.818083e-02 1.546525e-01 -6.300376e-02 3.276436e-02 1.310197e-01 1.419142e-01 -1.683204e-01 -1.599513e-01 1.478389e-03
<VARIANCE> 39
 4.777401e+00 1.269495e+01 2.029839e+01 1.548901e+01 7.633088e+00 6.782066e+00 3.854725e+00 6.626810e+00 6.973864e+00 2.984056e+00 3.355974e+00 1.119312e+01 5.000000e-02 3.801262e-01 5.278605e-01 6.972219e-01 1.019773e+00 1.555596e-01 8.905149e-01 1.154231e+00 1.623069e+00 2.640406e+00 1.789022e+00 8.501325e-01 9.761816e-01 5.000000e-02 2.391151e-01 3.011304e-01 7.601277e-01 4.738108e-01 1.422413e-01 4.655928e-01 2.880205e-01 2.288782e-01 2.321030e-01 1.676096e-01 8.800542e-02 1.952920e-01 5.000000e-02
<GCONST> 6.806791e+01
<STATE> 33
<MEAN> 39
 1.594413e+00 -2.141624e+01 -1.634805e+01 -8.662984e-01 6.613722e+00 -2.847947e+00 -1.107805e+00 -5.224927e+00 -2.162358e+00 -6.856546e+00 -1.308450e-01 9.012374e-02 3.181427e-01 1.747897e-01 6.534336e-01 3.412608e-01 -3.117481e-01 -1.396730e-01 -2.340174e-01 5.106296e-02 4.728858e-01 1.557762e-01 5.557406e-02 1.457129e-01 -2.855475e-01 -1.564505e-02 -1.710221e-01 -1.885520e-02 1.865172e-01 9.727404e-02 -2.841555e-02 1.696330e-01 3.426983e-01 4.573797e-01 7.315762e-01 2.776772e-01 -2.646319e-01 -2.729246e-01 -5.858988e-03
<VARIANCE> 39
 1.421354e+00 6.097806e+00 1.144660e+01 3.702031e+00 6.955301e-01 3.582928e+00 1.098330e+01 1.804158e+01 3.878888e+00 8.198243e+00 4.643134e+00 5.116038e+00 5.000000e-02 8.216395e-01 1.417772e+00 1.712459e+00 1.649040e+00 3.808115e-01 9.831519e-01 1.631974e+00 1.843728e+00 1.354752e+00 3.627515e-01 4.042135e-01 8.486308e-01 5.000000e-02 1.010783e-01 1.984578e-01 2.303103e-01 1.829356e-01 5.636197e-02 1.126194e-01 2.464488e-01 4.018428e-01 4.288883e-01 4.211018e-01 5.169762e-02 9.407275e-02 5.000000e-02
<GCONST> 5.946956e+01
<STATE> 34
<MEAN> 39
 4.192792e-01 -2.097665e+01 -1.520031e+01 -1.255479e+00 6.387008e+00 -2.481553e+00 1.408063e+00 -1.657458e+00 1.099585e-01 -7.570631e+00 -2.634826e+00 -1.876085e+00 2.575775e-01 -2.999284e-01 8.523805e-01 8.598427e-01 -1.345463e-01 -2.081014e-01 2.324432e-01 -3.267385e-01 -1.837777e-01 5.380117e-01 4.045735e-01 -4.291402e-01 -7.289904e-01 -2.930753e-02 -1.433062e-01 2.475917e-01 3.369991e-01 2.540427e-01 3.352506e-02 2.395215e-02 -4.005906e-02 -1.800683e-01 1.376990e-01 1.416991e-01 1.713953e-01 2.452221e-01 -6.054233e-03
<VARIANCE> 39
 3.135595e+00 6.470863e+00 5.078558e+00 6.860229e+00 1.199298e+01 5.015384e+00 8.058578e+00 8.100092e+00 8.469491e+00 2.998388e+00 7.143842e+00 7.844184e+00 5.000000e-02 7.503298e-01 9.816565e-01 2.083569e+00 1.351335e+00 3.575109e-01 5.754476e-01 9.273763e-01 1.281017e+00 1.669605e+00 1.486575e+00 2.019709e-01 3.337114e-01 5.000000e-02 1.062077e-01 1.190827e-01 3.133722e-01 2.652444e-01 5.637987e-02 8.587006e-02 1.932750e-01 1.416852e-01 9.508348e-02 6.740437e-02 5.000000e-02 1.867774e-01 5.000000e-02
<GCONST> 5.680965e+01
<STATE> 35
<MEAN> 39
 1.049334e+00 -1.773706e+01 -1.177330e+01 3.456633e-02 6.845967e+00 -2.961609e+00 -2.673303e+00 -3.709006e+00 5.558014e-01 -5.860987e+00 -1.569819e+00 -2.059909e+00 2.239232e-01 -5.926878e-01 1.030871e+00 9.655880e-01 -8.306496e-02 -1.910076e-01 4.544285e-01 6.525330e-01 2.352746e-01 9.088804e-01 5.506291e-01 5.967332e-01 8.089115e-01 -3.053986e-02 -2.300082e-01 -2.093996e-01 -3.667038e-01 -2.855251e-01 -1.027052e-01 4.221099e-03 3.649362e-01 1.578004e-01 -5.710861e-02 5.560048e-02 2.468081e-01 3.383841e-01 -1.280837e-04
<VARIANCE> 39
 4.389610e+00 1.707800e+00 2.792080e+00 6.917474e+00 2.683178e+00 7.851029e+00 8.810188e+00 1.502569e+01 1.687693e+01 1.833528e+01 1.769442e+00 7.909457e+00 5.000000e-02 4.664412e-01 4.182838e-01 4.290036e-01 9.976776e-01 3.627727e-01 2.782709e-01 1.316934e+00 1.196674e+00 5.402069e-01 5.933295e-01 3.345000e-01 5.648010e-01 5.000000e-02 1.872959e-01 9.871814e-02 1.626493e-01 1.876394e-01 9.797199e-02 9.336151e-02 8.293384e-02 2.478430e-01 4.443478e-01 8.330646e-01 6.389688e-02 1.017526e-01 5.000000e-02
<GCONST> 5.475833e+01
<STATE> 36
<MEAN> 39
 -1.676255e+00 -1.690763e+01 -1.210096e+01 -2.338789e+00 5.475098e+00 -6.976538e-01 3.567535e+00 -1.770495e+00 3.441745e+00 -5.068174e+00 5.320601e-03 6.309675e-02 1.295407e-01 -4.830622e-01 5.041251e-01 1.969170e-01 -2.248897e-01 -2.579552e-01 -3.124771e-01 3.908401e-01 4.117667e-02 2.600127e-01 1.604926e-01 5.510209e-01 9.299997e-01 -1.919254e-02 5.324826e-02 -1.254419e-01 1.723048e-02 2.226160e-01 8.016258e-02 -3.007058e-01 -4.154670e-01 -2.027105e-01 -4.992602e-01 -4.181226e-01 -2.741966e-01 -1.369933e-01 4.264972e-03
<VARIANCE> 39
 3.765337e+00 7.633930e+00 4.821765e+00 8.241297e+00 9.284046e+00 2.390999e+00 8.489836e+00 2.289400e+00 1.137615e+01 6.280186e+00 5.895745e+00 5.805770e+00 5.000000e-02 6.275824e-01 6.720784e-01 1.624322e+00 1.100793e+00 9.121220e-01 5.832441e-01 7.506695e-01 6.750441e-01 2.092500e+00 4.252458e+00 1.050993e+00 3.929761e-01 5.000000e-02 7.636915e-02 1.039054e-01 2.486070e-01 1.714805e-01 7.729960e-02 5.307844e-02 2.542170e-01 1.750880e-01 2.102992e-01 2.519881e-01 1.916503e-01 1.937271e-01 5.000000e-02
<GCONST> 6.047779e+01
<STATE> 37
<MEAN> 39
 -2.237465e+00 -1.666909e+01 -1.149925e+01 -4.068944e-01 5.504366e+00 -4.250305e+00 -3.667614e-01 -3.350231e+00 2.379292e+00 -4.632518e+00 -1.905555e-01 2.006048e+00 1.157162e-01 -7.522414e-01 8.290170e-01 1.103493e+00 4.114199e-01 2.946057e-01 -4.159885e-01 -7.017524e-01 -1.221510e-01 -7.427105e-01 -5.833571e-01 -1.855346e-01 -2.527224e-01 -3.020195e-02 -7.558175e-02 2.400598e-01 3.788100e-01 -8.420988e-02 1.338439e-01 2.870735e-01 -1.434785e-01 1.484328e-02 -1.819988e-01 3.730015e-02 -2.133879e-02 -5.750089e-01 -6.687957e-03
<VARIANCE> 39
 2.349348e+00 9.358681e+00 1.288116e+01 9.509301e+00 9.020733e+00 1.219485e+01 1.339734e+01 1.139979e+01 1.846738e+01 2.649847e+01 1.828153e+01 7.032803e+00 5.000000e-02 8.633029e-01 8.877761e-01 1.419607e+00 5.684526e-01 5.210985e-01 5.095397e-01 1.957220e+00 1.387267e+00 2.493386e+00 2.418115e+00 1.954057e+00 7.540653e-01 5.000000e-02 8.248353e-02 1.926308e-01 3.076361e-01 2.593321e-01 9.401811e-02 1.009833e-01 1.550900e-01 1.317825e-01 4.114426e-01 1.030630e+00 4.689457e-01 1.782849e-01 5.000000e-02
<GCONST> 7.418622e+01
<STATE> 38
<MEAN> 39
 -3.915356e+00 -1.318220e+01 -7.287831e+00 -1.164937e+00 6.283983e+00 -2.506022e+00 9.330510e-01 -2.536960e+00 -1.295426e-01 -7.568178e+00 -7.514601e-01 -1.249450e+00 4.377904e-02 -1.029915e+00 1.009768e+00 1.203286e+00 -5.507829e-01 1.289294e-01 7.021990e-01 -1.653556e-01 -1.192481e-01 -6.402430e-01 4.149776e-01 2.461801e-01 -9.953843e-01 -4.750626e-02 4.667798e-02 -1.664579e-01 -3.351964e-01 -1.869673e-01 3.948163e-03 1.756061e-01 1.295829e-01 5.349558e-02 2.093869e-01 3.820290e-01 1.663567e-01 1.223106e-01 -1.228741e-03
<VARIANCE> 39
 6.183118e+00 1.014326e+01 1.506359e+01 1.031230e+01 1.263318e+01 3.992787e+00 9.020460e+00 1.215151e+01 1.346921e+01 1.154869e+01 1.139972e+01 4.465131e+00 5.000000e-02 1.534096e-01 8.570138e-01 1.519909e+00 8.067295e-01 4.840479e-01 1.141232e+00 6.609733e-01 1.367177e+00 1.832768e+00 2.449297e+00 2.398786e+00 9.973018e-01 5.000000e-02 1.698036e-01 1.998089e-01 2.584132e-01 1.117640e-01 1.180467e-01 5.000000e-02 2.290850e-01 1.542349e-01 3.563614e-01 3.972566e-01 3.178256e-01 1.236003e-01 5.000000e-02
<GCONST> 6.872758e+01
<STATE> 39
<MEAN> 39
 -6.072847e+00 -1.283469e+01 -6.267168e+00 -2.787185e+00 5.342440e+00 -1.519347e+00 -1.106873e+00 -3.850877e+00 1.095287e+00 -4.501420e+00 4.358739e-01 -1.723198e+00 -5.793525e-02 -6.067388e-01 5.094730e-01 5.165146e-01 -4.651460e-01 1.615417e-01 1.818960e-01 -4.741384e-01 -1.573649e-01 -1.659406e-01 4.707403e-01 1.962777e-01 -1.935936e-01 -3.512143e-02 3.169236e-01 -2.539558e-01 -3.947262e-01 2.159633e-01 -2.709096e-02 -1.623615e-01 2.981471e-01 6.919296e-02 2.208432e-02 8.613354e-03 1.177171e-01 4.900950e-01 1.163194e-02
<VARIANCE> 39
 1.433707e+00 8.040538e-01 5.909546e+00 1.077801e+01 1.048101e+01 1.859436e+00 2.127428e+00 9.872671e+00 2.690094e+01 6.535882e+00 1.105853e+01 1.001794e+01 5.000000e-02 2.059177e-01 7.134313e-01 7.931455e-01 1.224048e-01 5.225297e-01 2.637179e-01 6.109711e-01 7.980038e-01 7.617520e-01 1.868545e+00 8.568714e-01 6.553749e-01 5.000000e-02 5.000000e-02 1.194840e-01 2.351854e-01 1.306122e-01 8.042572e-02 6.199183e-02 5.000000e-02 2.523019e-01 4.437037e-01 2.219724e-01 3.024925e-01 1.461950e-01 5.000000e-02
<GCONST> 5.198985e+01
<TRANSP> 40
 0.000000e+00 1.000000e+00 0.000000e+00 0.000000e+00 0.000000e+00 0.000000e+00 0.000000e+00 0.000000e+00 0.000000e+00 0.000000e+00 0.000000e+00 0.000000e+00 0.000000e+00 0.000000e+00 0.000000e+00 0.000000e+00 0.000000e+00 0.000000e+00 0.000000e+00 0.000000e+00 0.000000e+00 0.000000e+00 0.000000e+00 0.000000e+00 0.000000e+00 0.000000e+00 0.000000e+00 0.000000e+00 0.000000e+00 0.000000e+00 0.000000e+00 0.000000e+00 0.000000e+00 0.000000e+00 0.000000e+00 0.000000e+00 0.000000e+00 0.000000e+00 0.000000e+00 0.000000e+00
 0.000000e+00 5.435669e-01 4.564331e-01 0.000000e+00 0.000000e+00 0.000000e+00 0.000000e+00 0.000000e+00 0.000000e+00 0.000000e+00 0.000000e+00 0.000000e+00 0.000000e+00 0.000000e+00 0.000000e+00 0.000000e+00 0.000000e+00 0.000000e+00 0.000000e+00 0.000000e+00 0.000000e+00 0.000000e+00 0.000000e+00 0.000000e+00 0.000000e+00 0.000000e+00 0.000000e+00 0.000000e+00 0.000000e+00 0.000000e+00 0.000000e+00 0.000000e+00 0.000000e+00 0.000000e+00 0.000000e+00 0.000000e+00 0.000000e+00 0.000000e+00 0.000000e+00 0.000000e+00
 0.000000e+00 0.000000e+00 3.750292e-01 6.249708e-01 0.000000e+00 0.000000e+00 0.000000e+00 0.000000e+00 0.000000e+00 0.000000e+00 0.000000e+00 0.000000e+00 0.000000e+00 0.000000e+00 0.000000e+00 0.000000e+00 0.000000e+00 0.000000e+00 0.000000e+00 0.000000e+00 0.000000e+00 0.000000e+00 0.000000e+00 0.000000e+00 0.000000e+00 0.000000e+00 0.000000e+00 0.000000e+00 0.000000e+00 0.000000e+00 0.000000e+00 0.000000e+00 0.000000e+00 0.000000e+00 0.000000e+00 0.000000e+00 0.000000e+00 0.000000e+00 0.000000e+00 0.000000e+00
 0.000000e+00 0.000000e+00 0.000000e+00 4.999662e-01 5.000339e-01 0.000000e+00 0.000000e+00 0.000000e+00 0.000000e+00 0.000000e+00 0.000000e+00 0.000000e+00 0.000000e+00 0.000000e+00 0.000000e+00 0.000000e+00 0.000000e+00 0.000000e+00 0.000000e+00 0.000000e+00 0.000000e+00 0.000000e+00 0.000000e+00 0.000000e+00 0.000000e+00 0.000000e+00 0.000000e+00 0.000000e+00 0.000000e+00 0.000000e+00 0.000000e+00 0.000000e+00 0.000000e+00 0.000000e+00 0.000000e+00 0.000000e+00 0.000000e+00 0.000000e+00 0.000000e+00 0.000000e+00
 0.000000e+00 0.000000e+00 0.000000e+00 0.000000e+00 4.444325e-01 5.555674e-01 0.000000e+00 0.000000e+00 0.000000e+00 0.000000e+00 0.000000e+00 0.000000e+00 0.000000e+00 0.000000e+00 0.000000e+00 0.000000e+00 0.000000e+00 0.000000e+00 0.000000e+00 0.000000e+00 0.000000e+00 0.000000e+00 0.000000e+00 0.000000e+00 0.000000e+00 0.000000e+00 0.000000e+00 0.000000e+00 0.000000e+00 0.000000e+00 0.000000e+00 0.000000e+00 0.000000e+00 0.000000e+00 0.000000e+00 0.000000e+00 0.000000e+00 0.000000e+00 0.000000e+00 0.000000e+00
 0.000000e+00 0.000000e+00 0.000000e+00 0.000000e+00 0.000000e+00 4.444733e-01 5.555267e-01 0.000000e+00 0.000000e+00 0.000000e+00 0.000000e+00 0.000000e+00 0.000000e+00 0.000000e+00 0.000000e+00 0.000000e+00 0.000000e+00 0.000000e+00 0.000000e+00 0.000000e+00 0.000000e+00 0.000000e+00 0.000000e+00 0.000000e+00 0.000000e+00 0.000000e+00 0.000000e+00 0.000000e+00 0.000000e+00 0.000000e+00 0.000000e+00 0.000000e+00 0.000000e+00 0.000000e+00 0.000000e+00 0.000000e+00 0.000000e+00 0.000000e+00 0.000000e+00 0.000000e+00
 0.000000e+00 0.000000e+00 0.000000e+00 0.000000e+00 0.000000e+00 0.000000e+00 4.444767e-01 5.555233e-01 0.000000e+00 0.000000e+00 0.000000e+00 0.000000e+00 0.000000e+00 0.000000e+00 0.000000e+00 0.000000e+00 0.000000e+00 0.000000e+00 0.000000e+00 0.000000e+00 0.000000e+00 0.000000e+00 0.000000e+00 0.000000e+00 0.000000e+00 0.000000e+00 0.000000e+00 0.000000e+00 0.000000e+00 0.000000e+00 0.000000e+00 0.000000e+00 0.000000e+00 0.000000e+00 0.000000e+00 0.000000e+00 0.000000e+00 0.000000e+00 0.000000e+00 0.000000e+00
 0.000000e+00 0.000000e+00 0.000000e+00 0.000000e+00 0.000000e+00 0.000000e+00 0.000000e+00 3.749899e-01 6.250101e-01 0.000000e+00 0.000000e+00 0.000000e+00 0.000000e+00 0.000000e+00 0.000000e+00 0.000000e+00 0.000000e+00 0.000000e+00 0.000000e+00 0.000000e+00 0.000000e+00 0.000000e+00 0.000000e+00 0.000000e+00 0.000000e+00 0.000000e+00 0.000000e+00 0.000000e+00 0.000000e+00 0.000000e+00 0.000000e+00 0.000000e+00 0.000000e+00 0.000000e+00 0.000000e+00 0.000000e+00 0.000000e+00 0.000000e+00 0.000000e+00 0.000000e+00
 0.000000e+00 0.000000e+00 0.000000e+00 0.000000e+00 0.000000e+00 0.000000e+00 0.000000e+00 0.000000e+00 4.444441e-01 5.555559e-01 0.000000e+00 0.000000e+00 0.000000e+00 0.000000e+00 0.000000e+00 0.000000e+00 0.000000e+00 0.000000e+00 0.000000e+00 0.000000e+00 0.000000e+00 0.000000e+00 0.000000e+00 0.000000e+00 0.000000e+00 0.000000e+00 0.000000e+00 0.000000e+00 0.000000e+00 0.000000e+00 0.000000e+00 0.000000e+00 0.000000e+00 0.000000e+00 0.000000e+00 0.000000e+00 0.000000e+00 0.000000e+00 0.000000e+00 0.000000e+00
 0.000000e+00 0.000000e+00 0.000000e+00 0.000000e+00 0.000000e+00 0.000000e+00 0.000000e+00 0.000000e+00 0.000000e+00 5.000000e-01 5.000001e-01 0.000000e+00 0.000000e+00 0.000000e+00 0.000000e+00 0.000000e+00 0.000000e+00 0.000000e+00 0.000000e+00 0.000000e+00 0.000000e+00 0.000000e+00 0.000000e+00 0.000000e+00 0.000000e+00 0.000000e+00 0.000000e+00 0.000000e+00 0.000000e+00 0.000000e+00 0.000000e+00 0.000000e+00 0.000000e+00 0.000000e+00 0.000000e+00 0.000000e+00 0.000000e+00 0.000000e+00 0.000000e+00 0.000000e+00
 0.000000e+00 0.000000e+00 0.000000e+00 0.000000e+00 0.000000e+00 0.000000e+00 0.000000e+00 0.000000e+00 0.000000e+00 0.000000e+00 3.755247e-01 6.244753e-01 0.000000e+00 0.000000e+00 0.000000e+00 0.000000e+00 0.000000e+00 0.000000e+00 0.000000e+00 0.000000e+00 0.000000e+00 0.000000e+00 0.000000e+00 0.000000e+00 0.000000e+00 0.000000e+00 0.000000e+00 0.000000e+00 0.000000e+00 0.000000e+00 0.000000e+00 0.000000e+00 0.000000e+00 0.000000e+00 0.000000e+00 0.000000e+00 0.000000e+00 0.000000e+00 0.000000e+00 0.000000e+00
 0.000000e+00 0.000000e+00 0.000000e+00 0.000000e+00 0.000000e+00 0.000000e+00 0.000000e+00 0.000000e+00 0.000000e+00 0.000000e+00 0.000000e+00 5.834168e-01 4.165833e-01 0.000000e+00 0.000000e+00 0.000000e+00 0.000000e+00 0.000000e+00 0.000000e+00 0.000000e+00 0.000000e+00 0.000000e+00 0.000000e+00 0.000000e+00 0.000000e+00 0.000000e+00 0.000000e+00 0.000000e+00 0.000000e+00 0.000000e+00 0.000000e+00 0.000000e+00 0.000000e+00 0.000000e+00 0.000000e+00 0.000000e+00 0.000000e+00 0.000000e+00 0.000000e+00 0.000000e+00
 0.000000e+00 0.000000e+00 0.000000e+00 0.000000e+00 0.000000e+00 0.000000e+00 0.000000e+00 0.000000e+00 0.000000e+00 0.000000e+00 0.000000e+00 0.000000e+00 4.450149e-01 5.549852e-01 0.000000e+00 0.000000e+00 0.000000e+00 0.000000e+00 0.000000e+00 0.000000e+00 0.000000e+00 0.000000e+00 0.000000e+00 0.000000e+00 0.000000e+00 0.000000e+00 0.000000e+00 0.000000e+00 0.000000e+00 0.000000e+00 0.000000e+00 0.000000e+00 0.000000e+00 0.000000e+00 0.000000e+00 0.000000e+00 0.000000e+00 0.000000e+00 0.000000e+00 0.000000e+00
 0.000000e+00 0.000000e+00 0.000000e+00 0.000000e+00 0.000000e+00 0.000000e+00 0.000000e+00 0.000000e+00 0.000000e+00 0.000000e+00 0.000000e+00 0.000000e+00 0.000000e+00 3.736322e-01 6.263678e-01 0.000000e+00 0.000000e+00 0.000000e+00 0.000000e+00 0.000000e+00 0.000000e+00 0.000000e+00 0.000000e+00 0.000000e+00 0.000000e+00 0.000000e+00 0.000000e+00 0.000000e+00 0.000000e+00 0.000000e+00 0.000000e+00 0.000000e+00 0.000000e+00 0.000000e+00 0.000000e+00 0.000000e+00 0.000000e+00 0.000000e+00 0.000000e+00 0.000000e+00
 0.000000e+00 0.000000e+00 0.000000e+00 0.000000e+00 0.000000e+00 0.000000e+00 0.000000e+00 0.000000e+00 0.000000e+00 0.000000e+00 0.000000e+00 0.000000e+00 0.000000e+00 0.000000e+00 5.000156e-01 4.999844e-01 0.000000e+00 0.000000e+00 0.000000e+00 0.000000e+00 0.000000e+00 0.000000e+00 0.000000e+00 0.000000e+00 0.000000e+00 0.000000e+00 0.000000e+00 0.000000e+00 0.000000e+00 0.000000e+00 0.000000e+00 0.000000e+00 0.000000e+00 0.000000e+00 0.000000e+00 0.000000e+00 0.000000e+00 0.000000e+00 0.000000e+00 0.000000e+00
 0.000000e+00 0.000000e+00 0.000000e+00 0.000000e+00 0.000000e+00 0.000000e+00 0.000000e+00 0.000000e+00 0.000000e+00 0.000000e+00 0.000000e+00 0.000000e+00 0.000000e+00 0.000000e+00 0.000000e+00 3.748759e-01 6.251242e-01 0.000000e+00 0.000000e+00 0.000000e+00 0.000000e+00 0.000000e+00 0.000000e+00 0.000000e+00 0.000000e+00 0.000000e+00 0.000000e+00 0.000000e+00 0.000000e+00 0.000000e+00 0.000000e+00 0.000000e+00 0.000000e+00 0.000000e+00 0.000000e+00 0.000000e+00 0.000000e+00 0.000000e+00 0.000000e+00 0.000000e+00
 0.000000e+00 0.000000e+00 0.000000e+00 0.000000e+00 0.000000e+00 0.000000e+00 0.000000e+00 0.000000e+00 0.000000e+00 0.000000e+00 0.000000e+00 0.000000e+00 0.000000e+00 0.000000e+00 0.000000e+00 0.000000e+00 4.996741e-01 5.003259e-01 0.000000e+00 0.000000e+00 0.000000e+00 0.000000e+00 0.000000e+00 0.000000e+00 0.000000e+00 0.000000e+00 0.000000e+00 0.000000e+00 0.000000e+00 0.000000e+00 0.000000e+00 0.000000e+00 0.000000e+00 0.000000e+00 0.000000e+00 0.000000e+00 0.000000e+00 0.000000e+00 0.000000e+00 0.000000e+00
 0.000000e+00 0.000000e+00 0.000000e+00 0.000000e+00 0.000000e+00 0.000000e+00 0.000000e+00 0.000000e+00 0.000000e+00 0.000000e+00 0.000000e+00 0.000000e+00 0.000000e+00 0.000000e+00 0.000000e+00 0.000000e+00 0.000000e+00 5.002910e-01 4.997090e-01 0.000000e+00 0.000000e+00 0.000000e+00 0.000000e+00 0.000000e+00 0.000000e+00 0.000000e+00 0.000000e+00 0.000000e+00 0.000000e+00 0.000000e+00 0.000000e+00 0.000000e+00 0.000000e+00 0.000000e+00 0.000000e+00 0.000000e+00 0.000000e+00 0.000000e+00 0.000000e+00 0.000000e+00
 0.000000e+00 0.000000e+00 0.000000e+00 0.000000e+00 0.000000e+00 0.000000e+00 0.000000e+00 0.000000e+00 0.000000e+00 0.000000e+00 0.000000e+00 0.000000e+00 0.000000e+00 0.000000e+00 0.000000e+00 0.000000e+00 0.000000e+00 0.000000e+00 4.448285e-01 5.551715e-01 0.000000e+00 0.000000e+00 0.000000e+00 0.000000e+00 0.000000e+00 0.000000e+00 0.000000e+00 0.000000e+00 0.000000e+00 0.000000e+00 0.000000e+00 0.000000e+00 0.000000e+00 0.000000e+00 0.000000e+00 0.000000e+00 0.000000e+00 0.000000e+00 0.000000e+00 0.000000e+00
 0.000000e+00 0.000000e+00 0.000000e+00 0.000000e+00 0.000000e+00 0.000000e+00 0.000000e+00 0.000000e+00 0.000000e+00 0.000000e+00 0.000000e+00 0.000000e+00 0.000000e+00 0.000000e+00 0.000000e+00 0.000000e+00 0.000000e+00 0.000000e+00 0.000000e+00 5.453882e-01 4.546118e-01 0.000000e+00 0.000000e+00 0.000000e+00 0.000000e+00 0.000000e+00 0.000000e+00 0.000000e+00 0.000000e+00 0.000000e+00 0.000000e+00 0.000000e+00 0.000000e+00 0.000000e+00 0.000000e+00 0.000000e+00 0.000000e+00 0.000000e+00 0.000000e+00 0.000000e+00
 0.000000e+00 0.000000e+00 0.000000e+00 0.000000e+00 0.000000e+00 0.000000e+00 0.000000e+00 0.000000e+00 0.000000e+00 0.000000e+00 0.000000e+00 0.000000e+00 0.000000e+00 0.000000e+00 0.000000e+00 0.000000e+00 0.000000e+00 0.000000e+00 0.000000e+00 0.000000e+00 4.998172e-01 5.001828e-01 0.000000e+00 0.000000e+00 0.000000e+00 0.000000e+00 0.000000e+00 0.000000e+00 0.000000e+00 0.000000e+00 0.000000e+00 0.000000e+00 0.000000e+00 0.000000e+00 0.000000e+00 0.000000e+00 0.000000e+00 0.000000e+00 0.000000e+00 0.000000e+00
 0.000000e+00 0.000000e+00 0.000000e+00 0.000000e+00 0.000000e+00 0.000000e+00 0.000000e+00 0.000000e+00 0.000000e+00 0.000000e+00 0.000000e+00 0.000000e+00 0.000000e+00 0.000000e+00 0.000000e+00 0.000000e+00 0.000000e+00 0.000000e+00 0.000000e+00 0.000000e+00 0.000000e+00 3.750130e-01 6.249869e-01 0.000000e+00 0.000000e+00 0.000000e+00 0.000000e+00 0.000000e+00 0.000000e+00 0.000000e+00 0.000000e+00 0.000000e+00 0.000000e+00 0.000000e+00 0.000000e+00 0.000000e+00 0.000000e+00 0.000000e+00 0.000000e+00 0.000000e+00
 0.000000e+00 0.000000e+00 0.000000e+00 0.000000e+00 0.000000e+00 0.000000e+00 0.000000e+00 0.000000e+00 0.000000e+00 0.000000e+00 0.000000e+00 0.000000e+00 0.000000e+00 0.000000e+00 0.000000e+00 0.000000e+00 0.000000e+00 0.000000e+00 0.000000e+00 0.000000e+00 0.000000e+00 0.000000e+00 2.878398e-01 7.121602e-01 0.000000e+00 0.000000e+00 0.000000e+00 0.000000e+00 0.000000e+00 0.000000e+00 0.000000e+00 0.000000e+00 0.000000e+00 0.000000e+00 0.000000e+00 0.000000e+00 0.000000e+00 0.000000e+00 0.000000e+00 0.000000e+00
 0.000000e+00 0.000000e+00 0.000000e+00 0.000000e+00 0.000000e+00 0.000000e+00 0.000000e+00 0.000000e+00 0.000000e+00 0.000000e+00 0.000000e+00 0.000000e+00 0.000000e+00 0.000000e+00 0.000000e+00 0.000000e+00 0.000000e+00 0.000000e+00 0.000000e+00 0.000000e+00 0.000000e+00 0.000000e+00 0.000000e+00 4.431480e-01 5.568520e-01 0.000000e+00 0.000000e+00 0.000000e+00 0.000000e+00 0.000000e+00 0.000000e+00 0.000000e+00 0.000000e+00 0.000000e+00 0.000000e+00 0.000000e+00 0.000000e+00 0.000000e+00 0.000000e+00 0.000000e+00
 0.000000e+00 0.000000e+00 0.000000e+00 0.000000e+00 0.000000e+00 0.000000e+00 0.000000e+00 0.000000e+00 0.000000e+00 0.000000e+00 0.000000e+00 0.000000e+00 0.000000e+00 0.000000e+00 0.000000e+00 0.000000e+00 0.000000e+00 0.000000e+00 0.000000e+00 0.000000e+00 0.000000e+00 0.000000e+00 0.000000e+00 0.000000e+00 4.997481e-01 5.002519e-01 0.000000e+00 0.000000e+00 0.000000e+00 0.000000e+00 0.000000e+00 0.000000e+00 0.000000e+00 0.000000e+00 0.000000e+00 0.000000e+00 0.000000e+00 0.000000e+00 0.000000e+00 0.000000e+00
 0.000000e+00 0.000000e+00 0.000000e+00 0.000000e+00 0.000000e+00 0.000000e+00 0.000000e+00 0.000000e+00 0.000000e+00 0.000000e+00 0.000000e+00 0.000000e+00 0.000000e+00 0.000000e+00 0.000000e+00 0.000000e+00 0.000000e+00 0.000000e+00 0.000000e+00 0.000000e+00 0.000000e+00 0.000000e+00 0.000000e+00 0.000000e+00 0.000000e+00 3.752110e-01 6.247890e-01 0.000000e+00 0.000000e+00 0.000000e+00 0.000000e+00 0.000000e+00 0.000000e+00 0.000000e+00 0.000000e+00 0.000000e+00 0.000000e+00 0.000000e+00 0.000000e+00 0.000000e+00
 0.000000e+00 0.000000e+00 0.000000e+00 0.000000e+00 0.000000e+00 0.000000e+00 0.000000e+00 0.000000e+00 0.000000e+00 0.000000e+00 0.000000e+00 0.000000e+00 0.000000e+00 0.000000e+00 0.000000e+00 0.000000e+00 0.000000e+00 0.000000e+00 0.000000e+00 0.000000e+00 0.000000e+00 0.000000e+00 0.000000e+00 0.000000e+00 0.000000e+00 0.000000e+00 3.751763e-01 6.248237e-01 0.000000e+00 0.000000e+00 0.000000e+00 0.000000e+00 0.000000e+00 0.000000e+00 0.000000e+00 0.000000e+00 0.000000e+00 0.000000e+00 0.000000e+00 0.000000e+00
 0.000000e+00 0.000000e+00 0.000000e+00 0.000000e+00 0.000000e+00 0.000000e+00 0.000000e+00 0.000000e+00 0.000000e+00 0.000000e+00 0.000000e+00 0.000000e+00 0.000000e+00 0.000000e+00 0.000000e+00 0.000000e+00 0.000000e+00 0.000000e+00 0.000000e+00 0.000000e+00 0.000000e+00 0.000000e+00 0.000000e+00 0.000000e+00 0.000000e+00 0.000000e+00 0.000000e+00 5.000085e-01 4.999914e-01 0.000000e+00 0.000000e+00 0.000000e+00 0.000000e+00 0.000000e+00 0.000000e+00 0.000000e+00 0.000000e+00 0.000000e+00 0.000000e+00 0.000000e+00
 0.000000e+00 0.000000e+00 0.000000e+00 0.000000e+00 0.000000e+00 0.000000e+00 0.000000e+00 0.000000e+00 0.000000e+00 0.000000e+00 0.000000e+00 0.000000e+00 0.000000e+00 0.000000e+00 0.000000e+00 0.000000e+00 0.000000e+00 0.000000e+00 0.000000e+00 0.000000e+00 0.000000e+00 0.000000e+00 0.000000e+00 0.000000e+00 0.000000e+00 0.000000e+00 0.000000e+00 0.000000e+00 4.444504e-01 5.555496e-01 0.000000e+00 0.000000e+00 0.000000e+00 0.000000e+00 0.000000e+00 0.000000e+00 0.000000e+00 0.000000e+00 0.000000e+00 0.000000e+00
 0.000000e+00 0.000000e+00 0.000000e+00 0.000000e+00 0.000000e+00 0.000000e+00 0.000000e+00 0.000000e+00 0.000000e+00 0.000000e+00 0.000000e+00 0.000000e+00 0.000000e+00 0.000000e+00 0.000000e+00 0.000000e+00 0.000000e+00 0.000000e+00 0.000000e+00 0.000000e+00 0.000000e+00 0.000000e+00 0.000000e+00 0.000000e+00 0.000000e+00 0.000000e+00 0.000000e+00 0.000000e+00 0.000000e+00 4.445245e-01 5.554755e-01 0.000000e+00 0.000000e+00 0.000000e+00 0.000000e+00 0.000000e+00 0.000000e+00 0.000000e+00 0.000000e+00 0.000000e+00
 0.000000e+00 0.000000e+00 0.000000e+00 0.000000e+00 0.000000e+00 0.000000e+00 0.000000e+00 0.000000e+00 0.000000e+00 0.000000e+00 0.000000e+00 0.000000e+00 0.000000e+00 0.000000e+00 0.000000e+00 0.000000e+00 0.000000e+00 0.000000e+00 0.000000e+00 0.000000e+00 0.000000e+00 0.000000e+00 0.000000e+00 0.000000e+00 0.000000e+00 0.000000e+00 0.000000e+00 0.000000e+00 0.000000e+00 0.000000e+00 4.987847e-01 5.012153e-01 0.000000e+00 0.000000e+00 0.000000e+00 0.000000e+00 0.000000e+00 0.000000e+00 0.000000e+00 0.000000e+00
 0.000000e+00 0.000000e+00 0.000000e+00 0.000000e+00 0.000000e+00 0.000000e+00 0.000000e+00 0.000000e+00 0.000000e+00 0.000000e+00 0.000000e+00 0.000000e+00 0.000000e+00 0.000000e+00 0.000000e+00 0.000000e+00 0.000000e+00 0.000000e+00 0.000000e+00 0.000000e+00 0.000000e+00 0.000000e+00 0.000000e+00 0.000000e+00 0.000000e+00 0.000000e+00 0.000000e+00 0.000000e+00 0.000000e+00 0.000000e+00 0.000000e+00 3.767900e-01 6.232101e-01 0.000000e+00 0.000000e+00 0.000000e+00 0.000000e+00 0.000000e+00 0.000000e+00 0.000000e+00
 0.000000e+00 0.000000e+00 0.000000e+00 0.000000e+00 0.000000e+00 0.000000e+00 0.000000e+00 0.000000e+00 0.000000e+00 0.000000e+00 0.000000e+00 0.000000e+00 0.000000e+00 0.000000e+00 0.000000e+00 0.000000e+00 0.000000e+00 0.000000e+00 0.000000e+00 0.000000e+00 0.000000e+00 0.000000e+00 0.000000e+00 0.000000e+00 0.000000e+00 0.000000e+00 0.000000e+00 0.000000e+00 0.000000e+00 0.000000e+00 0.000000e+00 0.000000e+00 4.444486e-01 5.555514e-01 0.000000e+00 0.000000e+00 0.000000e+00 0.000000e+00 0.000000e+00 0.000000e+00
 0.000000e+00 0.000000e+00 0.000000e+00 0.000000e+00 0.000000e+00 0.000000e+00 0.000000e+00 0.000000e+00 0.000000e+00 0.000000e+00 0.000000e+00 0.000000e+00 0.000000e+00 0.000000e+00 0.000000e+00 0.000000e+00 0.000000e+00 0.000000e+00 0.000000e+00 0.000000e+00 0.000000e+00 0.000000e+00 0.000000e+00 0.000000e+00 0.000000e+00 0.000000e+00 0.000000e+00 0.000000e+00 0.000000e+00 0.000000e+00 0.000000e+00 0.000000e+00 0.000000e+00 5.454441e-01 4.545560e-01 0.000000e+00 0.000000e+00 0.000000e+00 0.000000e+00 0.000000e+00
 0.000000e+00 0.000000e+00 0.000000e+00 0.000000e+00 0.000000e+00 0.000000e+00 0.000000e+00 0.000000e+00 0.000000e+00 0.000000e+00 0.000000e+00 0.000000e+00 0.000000e+00 0.000000e+00 0.000000e+00 0.000000e+00 0.000000e+00 0.000000e+00 0.000000e+00 0.000000e+00 0.000000e+00 0.000000e+00 0.000000e+00 0.000000e+00 0.000000e+00 0.000000e+00 0.000000e+00 0.000000e+00 0.000000e+00 0.000000e+00 0.000000e+00 0.000000e+00 0.000000e+00 0.000000e+00 4.448171e-01 5.551829e-01 0.000000e+00 0.000000e+00 0.000000e+00 0.000000e+00
 0.000000e+00 0.000000e+00 0.000000e+00 0.000000e+00 0.000000e+00 0.000000e+00 0.000000e+00 0.000000e+00 0.000000e+00 0.000000e+00 0.000000e+00 0.000000e+00 0.000000e+00 0.000000e+00 0.000000e+00 0.000000e+00 0.000000e+00 0.000000e+00 0.000000e+00 0.000000e+00 0.000000e+00 0.000000e+00 0.000000e+00 0.000000e+00 0.000000e+00 0.000000e+00 0.000000e+00 0.000000e+00 0.000000e+00 0.000000e+00 0.000000e+00 0.000000e+00 0.000000e+00 0.000000e+00 0.000000e+00 5.002151e-01 4.997849e-01 0.000000e+00 0.000000e+00 0.000000e+00
 0.000000e+00 0.000000e+00 0.000000e+00 0.000000e+00 0.000000e+00 0.000000e+00 0.000000e+00 0.000000e+00 0.000000e+00 0.000000e+00 0.000000e+00 0.000000e+00 0.000000e+00 0.000000e+00 0.000000e+00 0.000000e+00 0.000000e+00 0.000000e+00 0.000000e+00 0.000000e+00 0.000000e+00 0.000000e+00 0.000000e+00 0.000000e+00 0.000000e+00 0.000000e+00 0.000000e+00 0.000000e+00 0.000000e+00 0.000000e+00 0.000000e+00 0.000000e+00 0.000000e+00 0.000000e+00 0.000000e+00 0.000000e+00 4.428594e-01 5.571406e-01 0.000000e+00 0.000000e+00
 0.000000e+00 0.000000e+00 0.000000e+00 0.000000e+00 0.000000e+00 0.000000e+00 0.000000e+00 0.000000e+00 0.000000e+00 0.000000e+00 0.000000e+00 0.000000e+00 0.000000e+00 0.000000e+00 0.000000e+00 0.000000e+00 0.000000e+00 0.000000e+00 0.000000e+00 0.000000e+00 0.000000e+00 0.000000e+00 0.000000e+00 0.000000e+00 0.000000e+00 0.000000e+00 0.000000e+00 0.000000e+00 0.000000e+00 0.000000e+00 0.000000e+00 0.000000e+00 0.000000e+00 0.000000e+00 0.000000e+00 0.000000e+00 0.000000e+00 4.454041e-01 5.545958e-01 0.000000e+00
 0.000000e+00 0.000000e+00 0.000000e+00 0.000000e+00 0.000000e+00 0.000000e+00 0.000000e+00 0.000000e+00 0.000000e+00 0.000000e+00 0.000000e+00 0.000000e+00 0.000000e+00 0.000000e+00 0.000000e+00 0.000000e+00 0.000000e+00 0.000000e+00 0.000000e+00 0.000000e+00 0.000000e+00 0.000000e+00 0.000000e+00 0.000000e+00 0.000000e+00 0.000000e+00 0.000000e+00 0.000000e+00 0.000000e+00 0.000000e+00 0.000000e+00 0.000000e+00 0.000000e+00 0.000000e+00 0.000000e+00 0.000000e+00 0.000000e+00 0.000000e+00 0.000000e+00 1.000000e+00
 0.000000e+00 0.000000e+00 0.000000e+00 0.000000e+00 0.000000e+00 0.000000e+00 0.000000e+00 0.000000e+00 0.000000e+00 0.000000e+00 0.000000e+00 0.000000e+00 0.000000e+00 0.000000e+00 0.000000e+00 0.000000e+00 0.000000e+00 0.000000e+00 0.000000e+00 0.000000e+00 0.000000e+00 0.000000e+00 0.000000e+00 0.000000e+00 0.000000e+00 0.000000e+00 0.000000e+00 0.000000e+00 0.000000e+00 0.000000e+00 0.000000e+00 0.000000e+00 0.000000e+00 0.000000e+00 0.000000e+00 0.000000e+00 0.000000e+00 0.000000e+00 0.000000e+00 0.000000e+00
<ENDHMM>
