~o
<STREAMINFO> 1 39
<VECSIZE> 39<NULLD><MFCC_E_D_A><DIAGC>
~h "Xong"
<BEGINHMM>
<NUMSTATES> 10
<STATE> 2
<MEAN> 39
 -1.723392e+01 2.487106e+00 -1.300906e+01 2.203255e+00 5.244430e-01 -5.261498e+00 7.612854e+00 -2.901775e+00 2.893077e+00 -3.884859e+00 3.134319e+00 -2.073494e+00 1.448492e-01 -1.964478e+00 1.764940e+00 -2.104935e+00 1.010380e+00 -1.132286e-01 -1.869291e-01 1.958765e-01 -3.556263e-01 4.932783e-01 -3.108528e-03 6.253038e-02 1.703293e-01 5.422094e-02 3.314360e-01 -3.665301e-01 1.152333e-01 -3.395885e-03 -1.210755e-01 -6.125290e-02 -3.067331e-01 1.494806e-01 -4.019637e-02 -7.418060e-02 -1.027659e-01 -5.005288e-02 5.888854e-03
<VARIANCE> 39
 5.715969e+01 6.801517e+01 5.392488e+01 1.630039e+01 1.135712e+01 1.994721e+01 1.814570e+01 1.669554e+01 1.648321e+01 1.050317e+01 5.558396e+00 1.241894e+01 5.814398e-02 3.227447e+00 5.552875e+00 3.458936e+00 1.252394e+00 9.832115e-01 2.392008e+00 2.758033e+00 1.725988e+00 1.466628e+00 1.827809e+00 8.333748e-01 1.062129e+00 5.000000e-02 9.555171e-01 1.380172e+00 8.047915e-01 2.622480e-01 1.774446e-01 5.057301e-01 3.035434e-01 3.692587e-01 2.920317e-01 4.559668e-01 2.482034e-01 2.872122e-01 5.000000e-02
<GCONST> 9.550642e+01
<STATE> 3
<MEAN> 39
 -1.419873e+01 -3.186879e+00 -1.933688e+01 2.664945e+00 -3.294370e+00 -6.748507e+00 2.000647e+00 3.078414e-01 5.675934e+00 -7.581666e+00 -1.420261e+00 -1.598396e+00 5.356345e-01 3.205701e+00 -4.625299e+00 -6.027049e-01 -1.934185e+00 4.797179e-01 7.003245e-02 3.731655e-01 5.692101e-01 4.469419e-01 -1.565765e+00 -1.837008e+00 2.511257e-02 8.494376e-02 1.560484e-02 -4.874896e-01 -1.660100e-01 -2.863624e-02 6.103627e-01 3.920220e-01 3.533748e-01 -5.342184e-01 -1.882195e-01 8.220448e-02 1.558374e-01 -1.768717e-01 1.011380e-02
<VARIANCE> 39
 7.458581e+01 9.620042e+01 3.306627e+01 9.152898e+01 2.029656e+01 4.115749e+01 4.231603e+01 3.171647e+01 3.317747e+01 1.770536e+01 4.499182e+01 2.147637e+01 5.000000e-02 3.974165e+00 5.104208e+00 5.474868e+00 8.042553e+00 3.864058e+00 2.916612e+00 6.373498e+00 4.934898e+00 3.514717e+00 1.344680e+00 2.617918e+00 3.583241e+00 5.000000e-02 1.391156e+00 9.744518e-01 9.906310e-01 2.431841e+00 3.009469e-01 6.888906e-01 1.180078e+00 6.856571e-01 8.447332e-01 5.063480e-01 9.791010e-01 7.898881e-01 5.000000e-02
<GCONST> 1.215117e+02
<STATE> 4
<MEAN> 39
 -3.286999e+00 -2.450385e+01 -2.323475e+01 -2.447621e+00 8.690230e+00 -2.055907e-01 4.986478e+00 -8.982418e+00 4.246523e+00 -8.639810e+00 -4.001788e+00 -6.325601e+00 9.700169e-01 4.193232e-01 -1.047678e+00 5.138654e-01 -3.325326e-01 1.454271e+00 1.638410e+00 -9.741960e-01 -1.377304e+00 -2.906577e-01 7.641396e-01 9.911504e-01 -9.840409e-01 2.027673e-02 -2.094355e-01 7.315192e-01 3.792710e-01 -2.921160e-01 -2.570023e-01 -7.945323e-02 -2.760774e-01 3.140742e-01 3.987937e-02 8.262736e-02 9.098043e-02 1.436969e-01 -1.528991e-02
<VARIANCE> 39
 2.391553e+01 6.268098e+00 7.436203e+00 6.174202e+00 2.369169e+01 1.827484e+01 1.278423e+01 4.107377e+01 9.595168e+01 2.134304e+01 2.680838e+01 2.232581e+01 5.000000e-02 7.985454e-01 3.229064e+00 8.333830e-01 1.676584e+00 2.321287e+00 1.204536e+00 1.406547e+00 2.205749e+00 3.497794e+00 3.093388e+00 1.937399e+00 1.645608e+00 5.000000e-02 3.471531e-01 6.516513e-01 1.402054e-01 2.740639e-01 3.381237e-01 1.482929e-01 3.925230e-01 3.507856e-01 5.894110e-01 8.917927e-01 3.744213e-01 2.704259e-01 5.000000e-02
<GCONST> 9.220880e+01
<STATE> 5
<MEAN> 39
 -1.464614e+00 -2.548217e+01 -1.637968e+01 -1.242103e+01 1.200473e+01 1.023293e+01 -1.616113e+00 -7.665959e+00 -6.496266e-01 -8.806855e+00 -2.121700e-01 -7.858847e+00 9.349862e-01 5.451302e-01 1.562397e-02 8.608224e-01 -1.282476e+00 -9.498886e-01 6.347984e-01 -3.781821e-01 8.124561e-01 -6.326759e-01 -1.292026e-01 -2.622789e-01 -3.353484e-01 -1.977524e-02 8.306899e-02 9.499505e-02 4.520375e-03 2.321931e-01 -5.008107e-01 -4.101849e-01 6.889603e-03 3.029396e-02 2.593371e-01 9.313995e-02 -2.176795e-01 -4.621156e-02 -5.187897e-03
<VARIANCE> 39
 1.612498e+01 8.324229e+00 1.011761e+01 2.592294e+01 1.868690e+01 1.652661e+01 1.234317e+01 2.387659e+01 8.189794e+01 1.627744e+01 2.589064e+01 1.403791e+01 5.000000e-02 7.014161e-01 5.795122e-01 6.202520e-01 1.439406e+00 4.934948e+00 3.100858e+00 1.320702e+00 1.519880e+00 3.100856e+00 9.890301e-01 2.076918e+00 1.278186e+00 5.000000e-02 1.033846e-01 1.187703e-01 1.212230e-01 3.158903e-01 4.094658e-01 5.161425e-01 3.128248e-01 3.311955e-01 4.499251e-01 2.519892e-01 3.058265e-01 2.656729e-01 5.000000e-02
<GCONST> 8.600575e+01
<STATE> 6
<MEAN> 39
 3.643876e+00 -2.110030e+01 -7.794427e+00 -1.363275e+01 1.225618e+00 2.761711e+00 -9.427601e+00 -5.575642e+00 3.399198e+00 -8.498931e+00 -1.890719e+00 -7.523328e+00 6.319200e-01 4.625121e-01 8.442235e-01 2.192660e-01 1.446671e+00 -7.276024e-01 -1.856041e+00 -2.656856e-01 -7.737440e-01 -1.407053e-01 2.245499e-01 2.709454e-02 1.622830e-01 -3.519525e-02 -7.634541e-02 -3.228165e-02 -3.571944e-01 1.692258e-01 4.062365e-01 6.301462e-02 1.593974e-01 -1.803421e-01 -3.211854e-01 -7.861492e-02 1.149353e-01 2.712792e-02 2.463586e-03
<VARIANCE> 39
 2.819454e+00 9.385707e+00 1.235137e+01 2.056606e+01 2.236083e+01 3.097908e+01 4.118797e+01 2.116909e+01 2.322752e+01 1.556564e+01 1.861431e+01 3.439175e+01 5.000000e-02 2.722408e-01 3.371808e-01 1.993915e+00 7.063389e-01 2.894347e+00 3.775429e+00 3.850163e+00 3.004364e+00 2.611549e+00 1.381972e+00 2.348303e+00 2.078287e+00 5.000000e-02 5.291690e-02 8.850858e-02 1.620971e-01 2.534584e-01 5.911034e-01 7.446242e-01 4.419176e-01 7.401373e-01 4.326157e-01 1.719597e-01 6.256322e-01 5.170285e-01 5.000000e-02
<GCONST> 8.860793e+01
<STATE> 7
<MEAN> 39
 7.882546e+00 -1.806893e+01 -1.346418e+01 -4.223952e+00 -2.236906e+00 -4.520945e+00 -2.643214e+00 -1.180319e+01 -6.000745e+00 -5.993707e+00 -5.433367e+00 -1.107107e+01 5.343094e-01 -2.704548e-01 1.614644e-01 -5.693349e-01 5.180307e-01 1.017976e+00 3.058337e-02 8.964223e-02 2.752766e-02 -5.006275e-02 -5.385381e-02 -6.249616e-02 1.519196e-01 -2.352319e-02 -2.087078e-01 -1.720663e-01 1.083904e-02 -2.253776e-01 2.256020e-01 3.956106e-01 1.005656e-01 2.552239e-01 2.317615e-01 1.728617e-01 1.848221e-01 1.705217e-01 4.309236e-04
<VARIANCE> 39
 3.411101e+00 6.737925e+00 5.897448e+00 7.587708e+00 2.958988e+01 7.496346e+00 6.274145e+00 1.658094e+01 1.841896e+01 2.213573e+01 3.828222e+00 1.411104e+01 5.000000e-02 5.087789e-01 6.930412e-01 1.137475e+00 7.657895e-01 1.544218e+00 1.375165e+00 4.987692e-01 1.783040e+00 2.353302e+00 2.908498e+00 1.065644e+00 1.827964e+00 5.000000e-02 5.000000e-02 1.261187e-01 1.683320e-01 1.630543e-01 2.779023e-01 3.352251e-01 2.016204e-01 2.551991e-01 4.607887e-01 6.056324e-01 2.119630e-01 3.418862e-01 5.000000e-02
<GCONST> 7.381468e+01
<STATE> 8
<MEAN> 39
 9.599339e-01 -1.903211e+01 -1.518062e+01 -2.713945e+00 5.971537e+00 -1.402315e+00 -6.666210e-01 -5.158917e+00 -6.141764e-01 -4.401704e+00 -5.484209e-01 -5.544691e+00 2.935366e-01 -5.681580e-01 2.429983e-01 3.060994e-01 -1.097019e-02 5.816743e-02 1.637950e-01 2.341336e-01 4.698165e-01 3.251362e-01 4.411213e-01 4.530866e-01 4.074701e-01 -2.433241e-02 7.411202e-03 1.969382e-01 2.994129e-01 -5.502530e-03 -1.499054e-01 -7.705580e-02 -6.841918e-02 -2.130504e-02 -6.404681e-02 -1.185156e-01 -6.636158e-02 -3.534864e-02 -2.661396e-03
<VARIANCE> 39
 4.984826e+00 5.761559e+00 1.032271e+01 6.923982e+00 7.461147e+00 6.721689e+00 1.391575e+01 1.155626e+01 1.047844e+01 1.332118e+01 1.446422e+01 1.459251e+01 5.000000e-02 3.813256e-01 1.085229e+00 2.057360e+00 7.757165e-01 5.137463e-01 9.985681e-01 1.195705e+00 1.240444e+00 5.897078e-01 1.255917e+00 1.204748e+00 1.125432e+00 5.000000e-02 6.038382e-02 1.784451e-01 3.879117e-01 1.539251e-01 9.978853e-02 1.820495e-01 1.875608e-01 2.448386e-01 8.220004e-02 2.891413e-01 2.454381e-01 2.361281e-01 5.000000e-02
<GCONST> 6.789388e+01
<STATE> 9
<MEAN> 39
 -4.474518e+00 -1.204981e+01 -6.205777e+00 -2.900687e+00 4.887666e+00 -1.164137e+00 -4.519623e-01 -3.491667e+00 3.443499e-01 -2.719782e+00 2.258080e+00 -3.023666e+00 -3.638369e-03 -3.593388e-01 8.246848e-01 1.328338e+00 3.403792e-01 -1.078120e-01 -1.010268e-01 1.508352e-01 -2.319890e-01 -2.326797e-01 -1.082512e-01 1.857850e-01 1.624564e-01 -2.141272e-02 1.795692e-01 -1.444563e-01 -2.354746e-01 5.518911e-02 4.315101e-02 -4.596059e-02 7.922611e-02 -1.103919e-01 1.973101e-02 8.911943e-02 4.436607e-03 -7.758819e-02 1.111407e-02
<VARIANCE> 39
 3.740161e+00 2.154027e+00 7.690126e+00 4.973710e+00 4.098825e+00 8.822944e+00 1.196931e+01 7.700179e+00 1.238838e+01 1.225191e+01 6.745783e+00 9.574892e+00 5.000000e-02 6.000798e-01 5.872934e-01 1.405289e+00 4.044875e-01 8.614430e-01 1.127508e+00 1.843523e+00 1.118763e+00 9.278246e-01 1.571372e+00 7.850727e-01 1.351766e+00 5.000000e-02 9.613197e-02 7.000012e-02 1.932483e-01 1.002651e-01 1.490617e-01 2.645563e-01 3.608390e-01 2.057150e-01 1.788360e-01 2.925247e-01 9.736147e-02 2.923205e-01 5.000000e-02
<GCONST> 6.395774e+01
<TRANSP> 10
 0.000000e+00 1.000000e+00 0.000000e+00 0.000000e+00 0.000000e+00 0.000000e+00 0.000000e+00 0.000000e+00 0.000000e+00 0.000000e+00
 0.000000e+00 8.791126e-01 1.208873e-01 0.000000e+00 0.000000e+00 0.000000e+00 0.000000e+00 0.000000e+00 0.000000e+00 0.000000e+00
 0.000000e+00 0.000000e+00 8.191196e-01 1.808804e-01 0.000000e+00 0.000000e+00 0.000000e+00 0.000000e+00 0.000000e+00 0.000000e+00
 0.000000e+00 0.000000e+00 0.000000e+00 8.445911e-01 1.554088e-01 0.000000e+00 0.000000e+00 0.000000e+00 0.000000e+00 0.000000e+00
 0.000000e+00 0.000000e+00 0.000000e+00 0.000000e+00 8.843796e-01 1.156204e-01 0.000000e+00 0.000000e+00 0.000000e+00 0.000000e+00
 0.000000e+00 0.000000e+00 0.000000e+00 0.000000e+00 0.000000e+00 8.577457e-01 1.422543e-01 0.000000e+00 0.000000e+00 0.000000e+00
 0.000000e+00 0.000000e+00 0.000000e+00 0.000000e+00 0.000000e+00 0.000000e+00 8.547617e-01 1.452383e-01 0.000000e+00 0.000000e+00
 0.000000e+00 0.000000e+00 0.000000e+00 0.000000e+00 0.000000e+00 0.000000e+00 0.000000e+00 9.137687e-01 8.623131e-02 0.000000e+00
 0.000000e+00 0.000000e+00 0.000000e+00 0.000000e+00 0.000000e+00 0.000000e+00 0.000000e+00 0.000000e+00 8.401312e-01 1.598689e-01
 0.000000e+00 0.000000e+00 0.000000e+00 0.000000e+00 0.000000e+00 0.000000e+00 0.000000e+00 0.000000e+00 0.000000e+00 0.000000e+00
<ENDHMM>
