~o
<STREAMINFO> 1 39
<VECSIZE> 39<NULLD><MFCC_E_D_A><DIAGC>
~h "Bai"
<BEGINHMM>
<NUMSTATES> 36
<STATE> 2
<MEAN> 39
 -4.527794e+00 -8.041709e+00 -2.138007e-01 -1.447220e+00 2.219636e+00 -5.377398e+00 2.045557e-01 -2.648109e+00 -1.081115e+00 -3.254370e+00 2.428284e+00 -1.256585e+00 7.095946e-03 1.389208e+00 1.768171e-01 -7.786194e-01 -1.286690e+00 -1.426717e+00 -1.660404e+00 -9.129093e-01 2.246269e-02 -6.424893e-01 -7.051672e-01 -1.550494e+00 -7.527211e-01 6.653852e-02 6.366528e-01 -1.789378e-01 -9.501201e-01 -5.206162e-01 -6.451621e-01 -5.714237e-01 -1.896443e-01 1.327469e-01 8.348251e-02 -1.887953e-01 -5.809737e-01 -4.471380e-01 3.548791e-02
<VARIANCE> 39
 6.034665e-01 1.968896e+00 4.023025e+00 1.983308e+00 6.753395e+00 1.502177e+01 6.187769e+00 1.069182e+01 1.506611e+01 1.075363e+01 1.695724e+01 3.337183e+00 1.000000e-02 1.134830e+00 4.278108e-01 8.825966e-01 5.369387e-01 8.420823e-01 9.400578e-01 4.183470e-01 9.461657e-01 5.511921e-01 1.584041e+00 2.392550e+00 2.503013e-01 1.000000e-02 1.633466e-01 1.575597e-01 1.221312e-01 1.678221e-01 1.479893e-01 2.262781e-01 1.051990e-01 2.927221e-01 2.453019e-01 3.060713e-01 4.405543e-01 5.899848e-02 1.000000e-02
<GCONST> 5.410423e+01
<STATE> 3
<MEAN> 39
 9.565809e-01 -6.002635e+00 -4.556769e+00 -6.507201e+00 -3.738481e+00 -1.104572e+01 -1.804178e+00 -1.804643e+00 -2.044953e+00 -6.443724e+00 -4.490556e+00 -5.274469e+00 2.529443e-01 3.288130e+00 -6.428500e-01 -3.003854e+00 -1.511041e+00 -1.428806e+00 -1.612914e+00 -1.276541e+00 -2.067692e-02 -4.514024e-01 -1.100067e+00 -1.834617e+00 -2.087601e+00 1.547717e-01 -3.421280e-01 -6.962885e-01 -8.285880e-01 2.988451e-01 6.276662e-01 4.515510e-01 4.756389e-01 -6.431375e-01 6.216520e-01 3.137152e-01 1.592416e-01 -6.571491e-02 1.709445e-02
<VARIANCE> 39
 2.264277e+01 2.710911e+00 7.987991e+00 4.003074e+00 8.185312e+00 7.390903e+00 9.355383e+00 1.440515e+01 9.904832e+00 4.675566e+00 1.365033e+01 5.158762e+00 4.130141e-02 1.214540e+00 1.000028e+00 7.839572e-01 8.817252e-01 1.192759e+00 9.663042e-01 9.852406e-01 3.054032e+00 2.004476e+00 2.124690e+00 2.703116e+00 1.863947e-01 1.000000e-02 7.454714e-01 4.677197e-02 2.431680e-01 1.287425e-01 1.983555e-01 1.413687e-01 3.672492e-01 5.721904e-01 1.409705e-01 1.421090e-01 5.538881e-01 1.385744e-01 1.000000e-02
<GCONST> 6.735860e+01
<STATE> 4
<MEAN> 39
 7.450721e+00 -1.130185e+01 -1.314490e+01 -7.828992e+00 -4.704844e+00 -1.330229e+01 -4.799501e+00 -3.273399e+00 -2.139215e+00 -7.463315e+00 -5.340423e+00 -9.132153e+00 6.054471e-01 -5.106637e-01 -2.361655e+00 -4.374542e+00 -3.923346e-01 7.083398e-01 -1.770819e-01 1.579606e+00 -2.206498e+00 2.364802e+00 5.255763e-01 -1.587857e+00 -8.040152e-01 1.389696e-01 -1.832832e+00 -5.523389e-01 -7.122239e-02 6.060270e-01 1.148045e+00 7.137611e-01 1.735242e+00 -2.916738e-01 6.156909e-01 2.692996e-01 8.934253e-02 1.267923e+00 -2.071707e-02
<VARIANCE> 39
 1.457523e+01 1.498936e+01 7.709209e+00 9.468024e+00 1.074820e+01 4.265273e+00 1.948145e+00 2.892184e+01 1.772565e+01 2.095403e+01 1.443966e+01 3.913701e+00 1.244287e-02 3.453611e+00 7.291190e-01 1.497770e+00 2.239987e+00 1.514890e+00 7.514507e-01 4.792471e+00 2.709636e+00 1.477361e+00 1.015663e+00 2.255952e+00 2.324884e+00 1.000000e-02 1.683131e-01 1.526704e-01 1.907765e-01 2.110991e-01 3.313374e-01 1.769703e-01 2.468075e-01 6.328141e-01 4.665633e-01 1.013897e+00 4.989606e-01 1.591587e-01 1.000000e-02
<GCONST> 7.760800e+01
<STATE> 5
<MEAN> 39
 1.714434e+00 -1.355976e+01 -1.864414e+01 -7.848546e+00 -1.647050e+00 -1.017775e+01 2.765646e-01 -1.029580e+01 5.917106e+00 -3.545967e+00 -9.191699e+00 -1.122906e+01 7.880255e-01 -3.546016e+00 -2.781969e+00 -3.675973e+00 4.981813e-01 2.832057e+00 1.135709e+00 4.977735e+00 -1.743914e+00 2.123831e+00 2.021850e-01 -1.634250e+00 2.059235e+00 9.669391e-02 -6.119100e-01 -5.924153e-02 8.037152e-01 6.649998e-01 6.102108e-01 3.731122e-01 5.224809e-01 4.565571e-01 -7.234457e-01 -2.290441e-01 4.222107e-01 1.238224e+00 -2.820181e-02
<VARIANCE> 39
 2.027822e+01 1.513953e+01 2.575704e+01 2.850438e+01 1.805410e+01 1.357863e+01 1.697838e+01 2.742934e+01 2.329001e+01 8.579878e+00 8.610885e+00 1.444128e+01 1.000000e-02 4.868371e-01 4.182352e-01 6.270689e-01 5.376015e-01 9.901644e-01 7.185855e-01 2.095589e+00 2.644268e+00 1.053139e+00 4.846035e+00 1.769412e+00 1.297418e+00 1.000000e-02 2.508685e-01 1.192216e-01 4.271371e-01 4.157088e-01 2.506945e-01 2.109304e-01 3.908238e-01 3.902295e-01 4.206011e-01 2.815976e-01 4.357573e-01 2.543165e-01 1.000000e-02
<GCONST> 7.871580e+01
<STATE> 6
<MEAN> 39
 -3.054832e+00 -1.996071e+01 -2.631563e+01 -6.988539e+00 3.480372e+00 -1.110802e+01 1.272351e+01 -8.101691e+00 5.853292e+00 -6.316484e+00 -1.131935e+01 -3.485379e+00 8.800902e-01 -2.640005e+00 -2.812914e+00 -2.360630e+00 1.308618e+00 3.013776e+00 9.900013e-01 4.059960e+00 -7.020817e-01 5.248996e-01 -3.191933e-03 -4.794544e-01 3.320982e+00 5.966646e-02 7.035455e-01 6.204559e-01 1.218822e+00 4.345033e-01 -2.748585e-01 1.133758e-01 -1.364872e+00 2.381690e-01 -1.056249e+00 -8.214456e-02 5.594458e-01 3.808174e-02 -2.278371e-02
<VARIANCE> 39
 2.273008e+01 6.961685e+00 1.001828e+01 2.076676e+01 5.915347e+00 1.632168e+01 9.233531e+00 2.650928e+01 2.002226e+01 2.196198e+01 1.792447e+01 2.440928e+01 1.000000e-02 9.415816e-01 7.789453e-01 1.637813e+00 5.735751e-01 1.239397e+00 1.135335e+00 1.997646e+00 8.509549e-01 2.086637e+00 4.212803e+00 1.613830e+00 6.738551e-01 1.000000e-02 2.118633e-01 6.788378e-02 1.052192e-01 2.611164e-01 1.839625e-01 2.022294e-01 2.190861e-01 4.587026e-01 1.398661e-01 4.506627e-01 1.353968e-01 5.262479e-01 1.000000e-02
<GCONST> 7.442747e+01
<STATE> 7
<MEAN> 39
 -4.811043e+00 -2.213117e+01 -2.414328e+01 -2.770726e+00 7.327105e+00 -7.585419e+00 1.129149e+01 -1.018673e+01 4.233747e+00 -6.093404e+00 -9.418036e+00 1.216608e+00 9.496720e-01 -5.101790e-01 -9.192841e-01 2.182274e-01 1.844147e+00 1.225403e+00 9.594469e-01 -4.677986e-01 -1.242575e+00 -1.312492e+00 2.319556e-01 2.934210e-01 1.331248e+00 2.457411e-02 7.272773e-01 5.697239e-01 6.980456e-01 -3.627664e-01 -8.260388e-01 -2.063651e-01 -1.346478e+00 -3.329654e-03 -2.032510e-01 2.948088e-01 9.555550e-02 -8.084681e-01 -1.623023e-02
<VARIANCE> 39
 9.545881e+00 1.103687e+01 1.019797e+01 1.532801e+01 2.345099e+00 6.133195e+00 2.813156e+01 1.569212e+01 1.716156e+01 1.913476e+01 8.468479e+00 1.177100e+00 1.000000e-02 3.309062e-01 4.238040e-01 7.331300e-01 1.751071e+00 6.239750e-01 9.086681e-01 9.128985e-01 6.941035e-01 1.721782e+00 1.912379e+00 1.487490e+00 1.336368e+00 1.000000e-02 6.294846e-02 8.273588e-02 1.143630e-01 1.248420e-01 1.647423e-01 1.093532e-01 1.403292e-01 5.392986e-02 1.497877e-01 6.367999e-01 1.094436e-01 6.709656e-02 1.000000e-02
<GCONST> 5.789023e+01
<STATE> 8
<MEAN> 39
 -5.743424e+00 -2.354210e+01 -2.291464e+01 -3.251848e+00 6.561322e+00 -5.729491e+00 6.169889e+00 -1.239350e+01 2.485945e+00 -6.263930e+00 -1.094555e+01 1.069932e+00 9.750811e-01 -4.464000e-02 -5.660684e-01 6.536507e-02 1.881102e-01 -2.360387e-02 6.789702e-01 -1.050449e+00 -6.016187e-01 -3.907973e-01 6.295080e-01 -2.942212e-01 5.226889e-01 9.093457e-03 1.530334e-01 2.711162e-01 -1.298448e-02 -3.704602e-01 -3.141512e-01 -2.765832e-02 -1.033153e-02 3.704446e-01 2.952072e-01 -1.529212e-02 1.166066e-01 -3.753660e-02 -5.316620e-03
<VARIANCE> 39
 5.355023e+00 1.249888e+01 1.826664e+01 1.786994e+01 7.129990e+00 1.458406e+01 5.535695e+01 1.520736e+01 3.290050e+01 7.245360e+00 2.676382e+01 4.282073e+00 1.000000e-02 2.543383e-01 1.786698e-01 4.415804e-01 8.737644e-01 6.443403e-01 9.054661e-01 1.081362e+00 4.468311e-01 3.335328e-01 1.039420e+00 6.452292e-01 4.818974e-01 1.000000e-02 3.387778e-02 1.698919e-02 4.209355e-02 2.355810e-01 1.229633e-01 1.140750e-01 3.730034e-01 7.942738e-02 7.188682e-02 2.202234e-01 2.960542e-01 1.907652e-01 1.000000e-02
<GCONST> 5.503209e+01
<STATE> 9
<MEAN> 39
 -5.609437e+00 -2.340596e+01 -2.485439e+01 -1.274722e+00 7.750313e+00 -6.054125e+00 9.130139e+00 -1.148755e+01 3.468361e+00 -2.767257e+00 -8.442101e+00 2.127345e+00 9.725779e-01 -2.286501e-01 -3.826520e-01 -4.142889e-01 -1.668882e-01 -1.740890e-01 3.804778e-01 -4.506451e-01 -2.956932e-02 2.923721e-01 9.604339e-02 2.911530e-01 1.084341e+00 6.896281e-03 5.939110e-02 5.590289e-03 -1.050933e-01 -1.705182e-01 -2.206333e-01 -1.406834e-01 5.704156e-03 6.794431e-02 9.460406e-02 -3.463331e-01 -1.946315e-02 -6.020631e-02 -2.972084e-03
<VARIANCE> 39
 4.379663e+00 4.998110e+00 3.204801e+01 4.491475e+00 4.612706e+00 2.004431e+01 4.412696e+01 1.646395e+01 2.687531e+01 7.557932e+00 1.699588e+01 9.239900e+00 1.000000e-02 6.969113e-02 1.546905e-01 2.997466e-01 5.491080e-01 7.342702e-02 2.967249e-01 3.177220e-01 2.646472e-01 1.955896e-01 3.758686e-01 4.380584e-01 2.265003e-01 1.000000e-02 2.186677e-02 1.659060e-02 8.145492e-02 1.852275e-01 6.163888e-02 5.535268e-02 8.722724e-02 1.667146e-01 4.159303e-02 6.503375e-02 1.145491e-01 3.062279e-02 1.000000e-02
<GCONST> 3.625294e+01
<STATE> 10
<MEAN> 39
 -5.127236e+00 -2.420481e+01 -2.667404e+01 -2.036051e+00 7.416777e+00 -7.169093e+00 9.328304e+00 -1.402421e+01 3.766796e+00 -4.737708e+00 -9.512166e+00 3.995132e+00 9.858799e-01 1.102514e-01 -3.876775e-01 -2.016301e-01 3.971823e-02 -3.344931e-01 4.118731e-01 -6.502194e-01 -3.085216e-01 -1.268677e-01 -7.302262e-01 -1.381652e-01 5.387419e-01 3.812985e-03 1.259710e-01 8.656905e-02 1.888144e-01 1.989070e-01 1.584078e-02 1.864737e-01 7.487458e-02 1.701311e-01 -3.840822e-02 2.302499e-02 -5.259768e-02 -1.215786e-01 -1.520352e-03
<VARIANCE> 39
 5.250812e+00 3.266232e+00 2.672078e+01 6.904586e+00 6.089027e+00 1.906750e+01 3.835491e+01 1.051905e+01 2.264785e+01 6.925275e+00 1.336451e+01 5.417791e+00 1.000000e-02 2.521513e-02 6.940853e-02 7.061074e-01 3.403084e-01 3.010225e-01 1.522887e-01 3.013502e-01 1.274365e+00 1.794623e-01 4.356673e-01 5.099741e-01 1.215925e-01 1.000000e-02 1.000000e-02 1.000000e-02 3.233079e-02 4.008457e-02 4.374855e-02 6.580396e-02 5.916450e-02 1.106812e-01 4.496143e-02 7.761537e-02 1.074904e-01 5.836106e-02 1.000000e-02
<GCONST> 3.140360e+01
<STATE> 11
<MEAN> 39
 -4.962327e+00 -2.448778e+01 -2.500548e+01 -2.127299e+00 5.876345e+00 -3.345126e+00 4.959817e+00 -1.104783e+01 8.781343e-01 -5.017590e+00 -1.042989e+01 4.700441e+00 9.913163e-01 2.827328e-01 -1.658353e-01 3.844256e-01 4.661758e-01 -1.540945e-01 9.298682e-01 -3.124805e-01 5.076585e-01 5.573935e-02 -4.288771e-02 1.335860e-01 4.252787e-01 1.005397e-03 -7.098724e-03 9.033412e-02 7.261024e-02 5.327564e-02 -4.107898e-03 3.625357e-02 1.926183e-02 4.639827e-02 9.460936e-02 1.430503e-01 -1.469811e-01 -1.344954e-02 -7.290485e-04
<VARIANCE> 39
 4.827029e+00 6.453472e+00 3.799026e+01 5.208889e+00 9.566619e+00 2.619677e+01 5.982186e+01 2.152563e+01 3.822022e+01 8.860441e+00 1.313398e+01 4.204416e+00 1.000000e-02 4.390091e-02 9.857663e-02 3.975504e-01 2.187885e-01 3.619756e-01 2.300111e-01 4.213463e-01 7.912138e-01 4.138955e-01 2.542142e-01 6.400297e-01 3.228526e-01 1.000000e-02 1.000000e-02 3.093887e-02 4.423463e-02 9.655569e-02 7.678786e-02 2.792000e-02 4.032656e-02 6.407396e-02 5.349011e-02 4.265720e-02 9.880348e-02 6.394552e-02 1.000000e-02
<GCONST> 3.702388e+01
<STATE> 12
<MEAN> 39
 -3.978802e+00 -2.509619e+01 -2.469440e+01 -2.425191e-01 6.323330e+00 -2.906374e+00 8.164983e+00 -1.220881e+01 4.172577e+00 -5.321968e+00 -9.159087e+00 6.117829e+00 9.891102e-01 1.643019e-01 1.734329e-01 1.304364e-01 5.508009e-01 -3.516502e-01 6.598875e-01 -3.755558e-01 1.829637e-01 1.951102e-01 -1.179238e-02 -1.964690e-01 5.996591e-01 3.203951e-04 -6.427035e-02 2.375382e-02 -4.898538e-02 -1.745575e-01 -9.775277e-03 -1.922037e-01 -6.169013e-02 4.777536e-02 -2.158840e-01 3.595181e-03 -1.318714e-01 -1.359622e-01 -5.418432e-04
<VARIANCE> 39
 4.186804e+00 1.933679e+00 4.710883e+01 2.970319e+00 2.113401e+00 1.573139e+01 3.662527e+01 1.578113e+01 3.472990e+01 5.569818e+00 2.187729e+01 1.718665e+00 1.000000e-02 8.270737e-02 3.245459e-01 1.389772e-01 2.548892e-01 4.016024e-01 2.377629e-01 1.948239e-01 1.873497e-01 2.265732e-01 9.608795e-02 3.313133e-01 4.199916e-01 1.000000e-02 2.122336e-02 3.709759e-02 8.840655e-02 2.565424e-02 8.119980e-02 4.297135e-02 1.292187e-01 2.599035e-01 5.547188e-02 5.258352e-02 8.886941e-02 1.326586e-01 1.000000e-02
<GCONST> 3.266764e+01
<STATE> 13
<MEAN> 39
 -5.648767e+00 -2.420913e+01 -2.407455e+01 -3.953868e-01 5.203076e+00 -1.101563e+00 4.500722e+00 -1.296287e+01 4.425314e+00 -6.159818e+00 -1.023624e+01 7.392961e+00 9.934852e-01 -3.224067e-03 1.346426e-02 1.238085e-01 -2.059533e-01 -4.369609e-01 3.594046e-01 -2.434510e-01 2.736797e-01 -5.265949e-01 -3.682354e-02 -5.176406e-01 2.252809e-01 -2.538230e-03 -1.305825e-02 -6.462786e-02 1.151737e-01 -1.981693e-01 -1.615336e-01 -1.503920e-01 2.010069e-01 2.687427e-01 -2.872813e-01 -2.252380e-02 2.527451e-01 -1.744791e-01 -3.006081e-03
<VARIANCE> 39
 4.880517e+00 1.057119e+00 2.717103e+01 6.218934e+00 2.407049e+00 8.472360e+00 4.009416e+01 2.503535e+01 2.829499e+01 7.317204e+00 1.371578e+01 5.895735e+00 1.000000e-02 8.376770e-02 1.380284e-01 1.953610e-01 9.125809e-02 3.241118e-01 3.025793e-01 2.751922e-01 4.661337e-01 1.898374e-01 2.851056e-01 5.962113e-01 6.077877e-01 1.000000e-02 1.000000e-02 4.058899e-02 6.597735e-02 5.397511e-02 1.054408e-01 2.314658e-02 3.802641e-02 5.926331e-02 3.155746e-02 3.236047e-02 5.059273e-02 1.075485e-01 1.000000e-02
<GCONST> 2.983210e+01
<STATE> 14
<MEAN> 39
 -3.703117e+00 -2.499523e+01 -2.424804e+01 -1.403082e+00 4.379413e+00 -1.276018e+00 4.476546e+00 -8.948605e+00 5.144358e-03 -4.363011e+00 -1.198236e+01 6.162149e+00 9.843608e-01 8.543987e-02 -4.896926e-03 4.673365e-01 -2.329428e-01 -3.016649e-01 -7.723684e-02 2.512586e-01 1.068079e+00 -1.034603e+00 -1.663183e-01 4.528999e-01 -2.468929e-01 -7.242135e-03 -1.483868e-01 1.036017e-01 3.236405e-02 5.196935e-02 -1.245187e-01 -2.993937e-01 4.202906e-01 1.088171e-01 -1.612649e-01 -1.710694e-01 1.750961e-01 3.835790e-02 -3.661232e-03
<VARIANCE> 39
 1.027315e+01 4.929314e+00 2.937778e+01 4.892185e+00 2.699732e+00 1.411942e+01 4.382048e+01 3.005280e+01 2.297645e+01 9.458770e+00 2.036396e+01 1.132912e+01 1.000000e-02 9.304079e-02 9.986041e-02 7.406570e-01 2.883734e-01 8.470448e-01 4.972251e-01 9.601216e-01 1.310716e+00 2.391167e-01 4.642586e-01 3.319358e-01 6.088163e-01 1.000000e-02 3.093056e-02 4.186694e-02 6.764659e-02 9.190425e-02 7.888823e-02 8.816693e-02 1.578409e-02 9.450600e-02 5.308853e-02 2.067415e-01 7.563916e-02 2.087281e-01 1.000000e-02
<GCONST> 4.587978e+01
<STATE> 15
<MEAN> 39
 -3.756768e+00 -2.475399e+01 -2.341667e+01 -1.098464e+00 4.548921e+00 -2.444330e+00 7.565325e+00 -8.192150e+00 -5.869201e-01 -4.606159e+00 -9.408148e+00 6.586839e+00 9.648728e-01 -4.424869e-01 2.594505e-01 3.988777e-01 -9.856801e-02 -9.889942e-01 -6.970704e-01 1.066380e+00 1.213212e+00 -1.130671e+00 -5.074175e-01 3.755263e-01 5.914536e-01 -1.538732e-02 -1.286177e-01 5.491295e-02 4.008503e-02 1.931922e-01 -5.003566e-01 -7.471541e-02 4.001109e-01 -2.209066e-02 6.800453e-02 -2.462730e-01 -2.340175e-02 -6.086244e-02 -2.916011e-03
<VARIANCE> 39
 8.838609e+00 4.276016e+00 2.034786e+01 3.219365e+00 1.134886e+01 6.525781e+00 2.033835e+01 2.355178e+01 3.889295e+01 1.570974e+01 1.742324e+01 1.646560e+01 1.000000e-02 1.620541e-01 2.535978e-01 2.935597e-01 5.628548e-01 3.742757e-01 7.151242e-01 4.898522e-01 6.289883e-01 3.903631e-01 1.293360e+00 1.586127e-01 8.716278e-01 1.000000e-02 1.354480e-02 5.369201e-02 9.445610e-02 3.960969e-02 1.450475e-01 1.257502e-01 4.539109e-02 1.532561e-01 2.126073e-01 1.919903e-01 4.886957e-02 2.378193e-01 1.000000e-02
<GCONST> 4.863679e+01
<STATE> 16
<MEAN> 39
 -6.195026e+00 -2.345792e+01 -2.280091e+01 -1.072028e+00 6.251274e-01 -3.734337e+00 7.976054e+00 -5.949002e+00 -2.323724e+00 -8.239278e+00 -9.581649e+00 7.437071e+00 9.282950e-01 -4.600797e-01 2.088974e-01 7.239077e-01 5.285145e-01 -2.339665e+00 -4.982471e-02 1.515456e+00 9.104345e-01 -7.613816e-01 -6.552428e-01 8.790159e-02 -5.360669e-01 -1.949450e-02 -4.198733e-02 1.713448e-02 3.107914e-01 -2.606062e-01 -4.054113e-01 4.044915e-01 1.868326e-01 1.087335e-01 1.205235e-01 3.810069e-01 -1.411441e-01 -5.654635e-01 -8.030924e-04
<VARIANCE> 39
 4.781600e+00 3.826555e+00 3.768261e+01 2.281994e+00 8.789871e+00 2.150903e+01 3.319585e+01 1.533147e+01 1.780800e+01 5.720994e+00 1.924814e+01 1.792728e+01 1.000000e-02 1.491705e-01 3.374656e-01 6.870645e-01 8.281020e-01 8.714231e-01 1.010844e+00 1.221422e-01 2.552839e-01 2.166808e+00 7.790450e-01 6.190398e-01 1.107030e+00 1.000000e-02 6.590556e-02 1.688583e-02 1.477403e-01 1.644508e-01 1.769511e-01 2.949656e-01 5.002764e-02 9.776910e-02 4.578726e-02 3.354050e-01 6.359642e-02 1.471432e-01 1.000000e-02
<GCONST> 5.252350e+01
<STATE> 17
<MEAN> 39
 -5.466625e+00 -2.445081e+01 -2.146778e+01 4.232758e-01 -2.482687e+00 -2.677950e+00 1.215351e+01 -5.929702e+00 -2.457483e+00 -7.592607e+00 -8.749047e+00 7.112113e+00 9.063109e-01 -6.363129e-01 2.541633e-03 1.052154e+00 -6.600431e-01 -2.468811e+00 1.721487e-01 1.905652e+00 1.112459e+00 -6.364787e-01 -2.182016e-01 -2.022582e-02 -1.617824e+00 -1.835975e-02 -6.243800e-02 3.002076e-01 1.035809e-01 -5.325833e-01 -1.712200e-01 -3.377103e-02 -3.403108e-02 -6.290390e-02 2.205913e-01 5.256588e-01 -8.772512e-02 -6.300341e-01 -1.703671e-03
<VARIANCE> 39
 9.883685e+00 5.634709e+00 9.315414e+00 1.900336e+01 9.284945e+00 1.873031e+01 2.224519e+01 3.165769e+01 1.030256e+01 4.000813e+00 1.321292e+01 1.386848e+01 1.000000e-02 1.643361e-01 1.525787e-01 8.555341e-01 7.612766e-01 1.096951e+00 1.450518e+00 7.996736e-02 6.298574e-01 2.050554e-01 2.324478e+00 6.344751e-01 7.971325e-01 1.000000e-02 3.114729e-02 3.247758e-02 1.695525e-02 2.318950e-01 5.491876e-02 1.030336e-01 5.042854e-02 1.506086e-01 1.579608e-01 1.292786e-01 8.191890e-02 1.573297e-01 1.000000e-02
<GCONST> 4.890946e+01
<STATE> 18
<MEAN> 39
 -7.360456e+00 -2.332513e+01 -1.896766e+01 -2.484930e+00 -7.274733e+00 -2.511761e+00 1.476920e+01 -2.322449e+00 -4.951876e+00 -7.214288e+00 -9.687298e+00 1.716004e+00 8.734512e-01 -5.403190e-01 1.194713e+00 1.002921e+00 -1.604579e+00 -2.713455e+00 -7.622974e-02 1.349057e+00 7.660735e-01 -6.170275e-02 1.264870e+00 1.036740e-01 -2.194781e+00 -2.381976e-02 1.322157e-01 3.515496e-01 -7.651416e-02 -2.745446e-01 3.677830e-02 -4.130884e-01 -7.204627e-01 -4.792518e-01 5.887877e-01 7.846559e-01 1.403701e-01 2.907191e-01 -5.445371e-03
<VARIANCE> 39
 4.637890e+00 5.664704e+00 2.128119e+01 1.772424e+01 6.811758e+00 3.609420e+01 4.598997e+01 2.984144e+01 1.901900e+01 8.629478e+00 1.399548e+01 9.722299e+00 1.000000e-02 1.969896e-01 1.620554e-01 6.270442e-01 1.117083e+00 9.492995e-01 1.051725e+00 6.268468e-01 1.953891e+00 3.618997e-01 1.493851e+00 9.251073e-01 5.210291e-01 1.000000e-02 1.000000e-02 1.751510e-02 1.236515e-01 1.303050e-01 1.181927e-01 1.449605e-01 1.248364e-01 2.150330e-01 1.282796e-01 1.828726e-01 2.111060e-01 1.055755e-01 1.000000e-02
<GCONST> 5.684303e+01
<STATE> 19
<MEAN> 39
 -8.108598e+00 -1.953361e+01 -1.755226e+01 -5.952899e+00 -1.093073e+01 -2.298512e+00 1.523828e+01 -2.465791e+00 -2.247080e+00 -3.660979e+00 -9.113941e+00 -1.384939e+00 8.233368e-01 -1.070204e-01 1.374498e+00 8.837879e-01 -1.250453e+00 -2.332224e+00 -1.019725e+00 -4.958485e-01 -2.903493e-01 1.603756e+00 2.595919e+00 4.649932e-01 -6.310526e-01 -3.603945e-02 2.344125e-01 -1.833185e-01 1.049727e-02 1.415066e-01 3.131915e-01 -6.178375e-01 -1.142211e+00 -3.684223e-01 4.264884e-01 5.333123e-01 1.734464e-01 5.592020e-01 -3.827223e-03
<VARIANCE> 39
 3.747857e+00 1.813864e+01 1.627176e+01 2.038376e+01 9.633333e+00 3.142188e+01 2.788321e+01 1.922533e+01 1.320103e+01 1.631283e+01 7.831295e+00 1.200424e+01 1.000000e-02 1.119963e-01 1.596875e-01 4.130792e-01 8.562840e-01 5.187508e-02 2.585421e-01 1.821146e+00 9.579778e-01 1.537126e+00 2.258891e-01 6.861050e-01 4.804890e-01 1.000000e-02 4.053681e-02 4.180146e-02 1.025842e-01 1.820000e-01 6.106449e-02 6.923509e-02 2.838534e-02 4.642447e-01 1.546632e-01 2.220961e-01 8.672161e-02 1.435497e-01 1.000000e-02
<GCONST> 5.089830e+01
<STATE> 20
<MEAN> 39
 -8.655602e+00 -1.953989e+01 -1.466582e+01 -8.551717e+00 -1.631154e+01 -4.746712e+00 1.190903e+01 -4.181435e+00 -2.845948e-01 1.430214e+00 -7.361741e+00 1.321265e+00 7.468537e-01 5.533784e-02 6.266096e-01 1.493190e+00 -1.459707e+00 -1.334299e+00 -1.975381e+00 -2.545424e+00 -7.655227e-01 1.436565e+00 3.210734e+00 5.206949e-01 -2.522822e-01 -4.119196e-02 1.597736e-01 -2.681622e-01 2.076498e-01 4.040194e-02 7.193208e-01 8.020280e-02 -4.398344e-01 1.213201e-01 1.669972e-02 -3.040551e-01 -5.471552e-02 2.017465e-01 1.900851e-03
<VARIANCE> 39
 3.433999e+00 9.249314e+00 1.493674e+01 1.290761e+01 5.371248e+00 1.717084e+01 2.763848e+01 1.457617e+01 1.570548e+01 2.344029e+01 3.548361e+00 1.983955e+01 1.000000e-02 5.342438e-02 7.512011e-02 5.427598e-01 1.974677e-01 1.212652e+00 1.896695e-01 1.696010e-01 1.346007e+00 5.216882e-01 5.577526e-01 7.312199e-01 2.597979e-01 1.000000e-02 5.379869e-02 2.256364e-02 1.252731e-01 1.650962e-01 6.543028e-02 1.419969e-01 2.315302e-01 4.744550e-01 3.602987e-01 4.241214e-01 1.598832e-01 2.718127e-01 1.000000e-02
<GCONST> 5.117917e+01
<STATE> 21
<MEAN> 39
 -7.640002e+00 -1.854509e+01 -1.333751e+01 -9.896875e+00 -1.660201e+01 -1.088457e+01 8.082737e+00 -6.246185e+00 3.852452e+00 6.834399e+00 -7.262764e+00 -1.197323e+00 6.849093e-01 5.002095e-01 3.939270e-01 1.542062e+00 -1.174699e+00 -1.039450e-01 -9.721204e-01 -2.041418e+00 -1.307289e-02 1.029759e+00 1.576566e+00 5.275255e-01 3.876056e-01 -2.974200e-02 2.933689e-01 -3.063987e-01 -1.150935e-01 2.682745e-01 6.641139e-01 8.871222e-01 3.831136e-01 2.501426e-01 -6.522416e-01 -1.027656e+00 -1.293513e-01 3.295052e-01 3.851789e-03
<VARIANCE> 39
 6.506416e+00 5.363615e+00 3.598112e+01 3.284435e+01 7.387350e+00 2.938021e+01 4.925819e+01 1.350863e+01 6.245453e+00 1.484253e+01 1.549657e+01 1.561263e+01 1.000000e-02 2.990558e-01 1.811034e-01 4.107122e-01 5.584597e-01 1.180855e+00 1.928688e+00 1.028787e+00 2.137288e+00 2.083779e+00 3.583218e+00 1.050578e+00 1.337121e+00 1.000000e-02 2.004040e-02 3.336842e-02 1.315821e-01 1.618666e-01 4.078063e-02 2.092225e-01 2.299895e-01 7.814808e-02 2.834814e-01 1.631775e-01 2.563116e-01 6.226216e-02 1.000000e-02
<GCONST> 6.280720e+01
<STATE> 22
<MEAN> 39
 -5.995746e+00 -1.704751e+01 -1.149945e+01 -1.049025e+01 -1.474964e+01 -7.944705e+00 4.844831e+00 -1.966013e+00 2.140544e+00 6.585179e+00 -6.312888e+00 -4.630978e-02 6.587213e-01 1.124314e+00 -6.390124e-01 9.913538e-01 -4.919533e-01 8.098880e-01 1.363157e+00 -7.475615e-01 1.231615e-01 -3.423817e-01 -5.403764e-01 -1.694463e-01 5.812041e-01 -2.540438e-02 3.234360e-01 -4.329634e-01 2.431699e-01 2.016571e-01 3.643982e-01 6.763780e-01 3.817683e-01 -1.950201e-02 -2.938868e-01 -8.268786e-01 -3.527655e-01 -1.628436e-01 -1.896050e-03
<VARIANCE> 39
 8.595991e+00 1.140965e+01 1.879879e+01 1.301487e+01 8.542347e+00 4.486552e+01 5.623044e+01 2.435284e+01 9.711389e+00 1.063412e+01 1.655060e+01 1.562180e+01 1.000000e-02 1.591994e-01 5.761228e-01 8.103398e-01 1.168884e+00 1.627236e+00 1.511582e+00 1.642071e+00 9.872156e-01 1.754269e+00 1.709697e+00 1.992487e+00 3.381698e-01 1.000000e-02 8.482784e-02 5.166456e-02 8.717553e-02 2.290775e-01 1.097329e-01 3.246552e-01 2.748043e-01 4.404871e-01 3.993106e-01 2.065286e-01 2.422364e-01 3.499340e-01 1.000000e-02
<GCONST> 7.120089e+01
<STATE> 23
<MEAN> 39
 -2.596472e+00 -1.997508e+01 -8.970985e+00 -1.268543e+01 -1.415144e+01 -5.739887e+00 4.778952e+00 -6.060899e+00 2.048757e+00 5.374895e+00 -6.906312e+00 1.038547e+00 6.042173e-01 1.719574e+00 -9.733984e-01 2.224533e+00 -8.926722e-02 1.465628e+00 1.601880e+00 -1.058207e+00 8.576987e-01 -6.842074e-01 -1.527045e+00 -9.674629e-01 -5.244166e-01 -3.545413e-02 9.649956e-02 -1.849759e-03 8.361593e-02 5.946093e-01 1.844623e-01 -3.007661e-01 1.870240e-01 2.794808e-01 -3.849111e-03 -3.091328e-01 1.405218e-01 -2.605563e-01 -3.003190e-03
<VARIANCE> 39
 1.316805e+01 5.269302e+00 1.146540e+01 9.634502e+00 2.816941e+01 4.255196e+01 9.429222e+00 1.192671e+01 2.220258e+01 1.072139e+01 1.898474e+01 2.042988e+01 1.000000e-02 1.510601e-01 5.755974e-01 7.899616e-01 2.975282e+00 4.216939e-01 9.108904e-01 2.063673e+00 1.027585e+00 1.870828e+00 2.548550e+00 6.104571e-01 1.669851e+00 1.000000e-02 8.874950e-02 4.566883e-02 7.529414e-02 1.332252e-01 2.811116e-01 4.053873e-01 7.916272e-02 3.209487e-01 1.339108e-01 9.375746e-02 3.962386e-01 2.320727e-01 1.000000e-02
<GCONST> 6.711980e+01
<STATE> 24
<MEAN> 39
 -7.027124e-01 -2.214026e+01 -3.305007e+00 -1.052271e+01 -9.490251e+00 -2.061982e+00 2.166687e+00 -1.121689e+00 1.610425e+00 -6.564872e-01 -1.011614e+01 -4.661382e-01 5.149917e-01 1.873238e+00 -8.371008e-01 1.565476e+00 1.453007e+00 1.346877e+00 3.217193e-01 -1.960723e-01 6.910156e-01 -4.349113e-01 -1.699841e+00 5.019526e-01 -2.523707e-01 -3.556861e-02 -2.458312e-01 1.646345e-01 -7.096246e-01 2.949257e-01 -2.083680e-01 -3.834262e-01 1.760747e-01 -3.588040e-01 2.513178e-02 1.477312e-01 6.255474e-01 -1.925264e-02 3.865222e-03
<VARIANCE> 39
 6.409453e+00 3.833513e+00 1.281247e+01 7.753392e+00 1.251160e+01 2.160677e+01 7.479609e+00 9.814230e+00 1.464533e+01 4.673294e+01 1.469658e+01 7.668749e+00 1.000000e-02 6.186005e-01 5.712438e-01 7.307701e-01 2.625409e+00 7.931666e-01 1.317212e+00 8.658752e-01 2.502155e+00 7.864166e-01 7.364162e-01 2.058464e+00 2.992692e+00 1.000000e-02 8.517305e-02 1.248064e-01 2.008832e-01 3.610646e-01 1.879221e-01 4.523121e-02 2.339516e-01 1.387638e-01 3.660313e-01 2.592868e-01 2.289330e-01 8.709972e-02 1.000000e-02
<GCONST> 6.687801e+01
<STATE> 25
<MEAN> 39
 2.012980e+00 -2.117517e+01 -3.132385e+00 -9.622434e+00 -9.830502e+00 -4.683903e+00 3.498067e+00 -1.329788e+00 -2.565048e-02 2.116249e+00 -6.032656e+00 4.247843e-02 4.964740e-01 9.658446e-01 -3.257489e-01 -2.301092e-01 1.450912e+00 5.976925e-01 5.814958e-01 -4.307431e-02 -5.940124e-01 2.091924e-01 -1.678520e+00 9.854504e-01 -2.217937e-01 -2.531349e-02 -3.791741e-01 7.313971e-02 -1.090267e+00 2.547702e-01 1.367010e-01 -4.709713e-02 2.473606e-01 -4.681444e-01 1.142564e-01 -2.836068e-01 1.951234e-01 -2.487253e-02 3.652909e-03
<VARIANCE> 39
 2.327447e+00 8.420412e+00 6.929642e+00 2.562323e+01 2.010106e+01 2.187483e+01 4.594886e+00 3.785523e+00 3.411068e+01 2.630752e+01 3.218969e+00 6.256391e+00 1.000000e-02 2.342259e-01 2.865331e-01 7.961523e-01 4.124690e-01 7.586585e-01 1.112926e+00 1.010208e+00 7.456663e-01 4.085709e-01 6.848067e-01 1.476704e+00 8.677180e-01 1.000000e-02 1.253244e-01 3.328735e-02 1.167489e-01 4.662930e-01 9.919979e-02 4.086265e-01 1.566294e-01 1.955599e-01 3.930476e-01 4.369463e-01 2.162127e-01 2.542004e-01 1.000000e-02
<GCONST> 5.972321e+01
<STATE> 26
<MEAN> 39
 3.143938e+00 -2.307624e+01 -5.309848e+00 -6.041117e+00 -7.870934e+00 -2.055267e+00 2.909679e+00 -4.213778e+00 1.141155e+00 -4.155687e+00 -5.807544e+00 -1.302165e+00 4.502637e-01 9.672888e-02 -5.409077e-01 -1.756838e+00 1.281095e+00 1.734954e+00 2.118768e-01 3.064624e-01 -7.642742e-01 -3.278922e-01 -1.892866e+00 9.587698e-01 -2.664297e-01 -2.236382e-02 -5.223965e-01 5.380531e-02 -5.071369e-01 -6.051287e-02 3.955609e-01 -2.858793e-01 1.300725e-01 2.308916e-01 -2.038945e-01 3.107498e-01 2.692307e-02 3.075631e-01 -4.472120e-04
<VARIANCE> 39
 6.073868e+00 1.057346e+01 2.244966e+00 3.926433e+00 1.915585e+01 1.628025e+01 4.709537e+00 4.871662e+00 1.750873e+01 2.148057e+01 6.464498e+00 1.006040e+01 1.000000e-02 3.798904e-01 4.698176e-01 1.709758e+00 7.536803e-01 1.013752e+00 1.494978e+00 1.924524e-01 9.211001e-01 2.120873e+00 2.055340e+00 9.720039e-01 3.358145e-01 1.000000e-02 6.695207e-02 9.596473e-02 8.507623e-02 1.545327e-01 9.534447e-02 2.115311e-01 8.914215e-02 3.004456e-01 1.402785e-01 1.655124e-01 2.996526e-01 2.610908e-01 1.000000e-02
<GCONST> 5.753586e+01
<STATE> 27
<MEAN> 39
 1.950660e+00 -2.395489e+01 -1.011171e+01 -3.647906e+00 -2.881649e+00 -2.646488e+00 3.979646e+00 -4.139357e+00 -8.683316e-01 -7.315923e+00 -2.782425e+00 -8.343173e-01 3.981921e-01 -6.983783e-01 -2.938124e-01 -2.022900e+00 1.315814e+00 2.133934e+00 -7.088166e-01 6.262724e-01 5.159130e-01 -7.863712e-01 -4.131775e-01 1.138320e+00 8.535823e-01 -2.816708e-02 -1.121106e-01 2.307583e-01 3.177370e-01 -3.396230e-01 -5.361170e-01 -3.032656e-01 1.299510e-01 5.499342e-01 8.244113e-03 5.171364e-01 -2.099940e-01 1.075589e-01 -1.253069e-03
<VARIANCE> 39
 3.896835e+00 1.224855e+01 6.720582e+00 1.052646e+01 5.179578e+00 1.947755e+01 4.757619e+00 6.520447e+00 3.322332e+00 7.491763e+00 6.487088e+00 1.228159e+01 1.000000e-02 3.125609e-01 5.496680e-01 3.096172e-01 1.247464e+00 5.624074e-01 1.061336e+00 8.010305e-01 1.623178e+00 2.146374e+00 1.960887e+00 1.552919e+00 1.693787e+00 1.000000e-02 7.618569e-02 1.826376e-01 4.021155e-01 9.453949e-02 1.130002e-01 2.823037e-01 3.971252e-02 2.370547e-01 1.719560e-01 1.753504e-01 1.154963e-01 1.213581e-01 1.000000e-02
<GCONST> 5.764124e+01
<STATE> 28
<MEAN> 39
 4.931383e-01 -2.445020e+01 -1.272900e+01 -5.811758e-01 3.274723e-01 -3.768947e+00 6.399683e+00 -3.046550e+00 -1.879187e+00 -4.767803e+00 -1.146154e+00 1.928721e+00 3.337345e-01 -2.400687e-01 5.582968e-01 -3.835570e-01 -3.862584e-02 -1.426641e-01 -1.046456e+00 5.926540e-01 1.269931e+00 -4.091860e-01 1.014411e-01 -9.831864e-02 2.565897e-02 -2.473436e-02 6.985147e-02 3.296386e-01 8.104745e-01 -4.010954e-01 -7.580366e-01 -2.276956e-01 -3.634409e-01 9.107877e-02 4.176895e-01 -3.953790e-02 -2.764972e-01 -1.569947e-01 -1.410313e-03
<VARIANCE> 39
 1.542592e+00 2.961981e+00 6.173519e+00 9.350881e+00 1.050546e+01 9.597306e+00 1.813776e+01 6.510246e+00 7.643078e+00 5.716686e+00 9.349473e+00 2.427247e+01 1.000000e-02 3.107381e-01 1.409837e+00 1.685077e+00 2.600907e-01 2.819436e-01 1.392641e+00 2.840167e-01 5.966153e-01 2.833770e-01 1.855371e+00 5.379657e-01 8.478091e-01 1.000000e-02 2.571378e-02 2.689176e-02 1.466161e-01 1.671474e-01 1.790541e-01 2.953636e-01 3.150279e-01 3.651460e-01 2.072841e-01 2.716955e-01 3.912843e-01 4.140705e-01 1.000000e-02
<GCONST> 5.545070e+01
<STATE> 29
<MEAN> 39
 9.253365e-01 -2.311226e+01 -1.253806e+01 -3.505936e+00 -2.491720e+00 -5.873633e+00 5.818425e+00 4.234630e-01 -2.228051e+00 -8.713903e+00 -3.279396e+00 3.643062e-01 3.224141e-01 -5.008256e-01 6.983567e-01 4.596844e-01 1.069271e-01 -3.831077e-01 -8.474861e-01 1.109691e-01 7.781179e-01 3.449219e-01 -3.964132e-03 7.736722e-01 4.426821e-01 -3.213379e-02 -1.041028e-01 2.973830e-01 4.275342e-01 -1.741454e-02 1.239719e-01 3.529689e-01 -2.587740e-01 -4.515903e-01 2.951019e-01 3.789592e-01 4.462684e-01 2.306276e-01 -4.073547e-03
<VARIANCE> 39
 6.844156e-01 7.046824e-01 9.383244e+00 8.131123e+00 1.150092e+01 4.914058e+00 7.077826e+00 1.249632e+01 7.403549e+00 7.604825e+00 6.713149e+00 2.434448e+00 1.000000e-02 2.777697e-01 6.544267e-01 1.684626e+00 4.920461e-01 1.104553e+00 2.252393e+00 1.900580e+00 2.705658e+00 2.978537e-01 3.889708e-01 1.390140e+00 8.464863e-01 1.000000e-02 3.346061e-02 1.897532e-01 3.145907e-01 1.240535e-01 2.544953e-01 3.178143e-01 1.856318e-01 5.405539e-01 1.231261e-01 3.350641e-01 1.430054e-01 1.786563e-01 1.000000e-02
<GCONST> 5.550027e+01
<STATE> 30
<MEAN> 39
 -7.661971e-01 -2.058537e+01 -9.799348e+00 -1.043271e+00 -1.354903e+00 -8.159688e+00 5.262743e+00 -8.206843e-01 1.402963e-01 -4.890309e+00 8.325478e-01 2.632856e+00 2.257610e-01 -7.759920e-01 1.231370e+00 7.129395e-01 1.558307e-01 5.744520e-01 -4.270365e-02 -5.393865e-01 -3.644573e-03 7.155771e-01 7.283273e-01 1.368191e+00 1.069395e+00 -4.021426e-02 -1.053613e-01 2.094099e-02 -7.180068e-02 -2.817329e-02 3.302003e-01 4.168853e-01 -1.539032e-03 1.475671e-01 -6.119371e-02 1.631398e-02 -1.804340e-01 -3.267767e-01 -1.057704e-03
<VARIANCE> 39
 8.875525e-01 3.803839e+00 4.842953e+00 7.406994e+00 7.226747e+00 1.962577e+01 1.734697e+01 1.565898e+01 5.588839e+00 1.001020e+01 1.260966e+01 1.318231e+01 1.000000e-02 7.744920e-02 8.324848e-01 9.969285e-01 1.104580e+00 1.522861e+00 2.542305e+00 1.954499e+00 3.203656e+00 1.019795e+00 1.855400e+00 1.825880e+00 2.002098e+00 1.000000e-02 6.047407e-02 3.061028e-01 1.428540e-01 3.427183e-01 4.513928e-01 5.519173e-01 4.532917e-01 6.741143e-01 1.726291e-01 7.809064e-02 2.925813e-01 2.924542e-01 1.000000e-02
<GCONST> 6.848567e+01
<STATE> 31
<MEAN> 39
 -2.588790e+00 -1.851342e+01 -9.609613e+00 -2.781129e+00 -1.541092e-01 -5.520369e+00 4.397070e+00 1.084632e+00 4.634561e-01 -4.948882e+00 2.483484e+00 4.243584e+00 1.588032e-01 -8.518782e-01 1.114433e+00 4.255787e-01 -2.884683e-01 8.775817e-01 5.296027e-01 -2.310442e-01 8.162321e-01 1.581112e-01 8.462201e-02 -2.529490e-02 -1.083115e+00 -3.529374e-02 1.691040e-01 -8.705121e-02 -5.719128e-02 6.549136e-02 4.603681e-02 6.250080e-02 -2.061445e-02 -1.467689e-01 -2.632248e-01 -3.264093e-01 -6.418291e-01 -7.616923e-01 5.448556e-03
<VARIANCE> 39
 1.939931e+00 1.538913e+01 5.674383e+00 1.840488e+01 1.248433e+01 1.068462e+01 1.638999e+01 3.941541e+01 5.595956e+00 7.141904e+00 1.052979e+01 1.136677e+01 1.000000e-02 4.531595e-01 1.835456e+00 2.946167e-01 2.261793e+00 2.560046e+00 2.154674e+00 1.609174e+00 2.314452e+00 1.269887e+00 4.984356e-01 1.902790e+00 1.812684e+00 1.000000e-02 5.766707e-02 4.403912e-01 1.945212e-01 5.061913e-01 3.512439e-01 4.397439e-01 3.950890e-01 6.967611e-01 1.360113e-01 2.799107e-01 2.484820e-01 4.443353e-01 1.000000e-02
<GCONST> 7.433595e+01
<STATE> 32
<MEAN> 39
 -2.975112e+00 -1.768855e+01 -9.695367e+00 -2.388353e+00 4.047297e-01 -6.979630e+00 4.353260e+00 2.715952e+00 1.048218e+00 -5.263863e+00 3.582368e-01 -1.357688e+00 1.443234e-01 -3.575747e-01 9.490181e-01 6.786095e-01 3.823897e-01 6.218686e-01 -2.119902e-01 -3.373281e-01 -1.073534e-01 -2.584540e-01 -4.316150e-01 -9.998187e-01 -1.387388e+00 -3.052511e-02 -5.036033e-02 -1.168099e-01 1.694215e-01 1.531012e-01 -9.596875e-02 3.363923e-02 -1.002581e-01 -2.547008e-01 1.448140e-01 1.019668e-01 -5.515447e-02 3.991280e-01 -2.602676e-03
<VARIANCE> 39
 7.000374e+00 2.153887e+01 1.319896e+01 2.665939e+01 1.664814e+01 1.233406e+01 8.515882e+00 7.311650e+00 4.513614e+00 8.260633e+00 1.956845e+01 1.494539e+00 1.000000e-02 5.625643e-01 1.700543e+00 1.044267e+00 1.354918e+00 9.208012e-01 1.202935e+00 6.469702e-01 2.033175e+00 9.382215e-01 1.579973e+00 1.959177e-01 1.819230e+00 1.000000e-02 1.420255e-01 4.315045e-01 1.321605e-01 6.896903e-01 6.192027e-01 2.195665e-01 7.372952e-02 2.162697e-01 3.115298e-01 1.349277e-01 1.898275e-01 2.420744e-01 1.000000e-02
<GCONST> 6.766143e+01
<STATE> 33
<MEAN> 39
 -3.582914e+00 -1.594357e+01 -8.443181e+00 -1.631839e+00 2.751648e+00 -4.287567e+00 3.981858e+00 1.635245e-01 -9.242857e-01 -6.011881e+00 -3.761863e-01 -8.946722e-01 5.879083e-02 -5.291556e-01 7.493023e-01 6.209665e-01 2.007410e-01 1.033253e-01 5.267216e-01 -4.970507e-01 -3.215809e-01 7.418090e-01 5.076652e-01 -4.696343e-02 1.279580e-01 -3.246750e-02 -3.387494e-02 9.040202e-02 1.179275e-01 -1.649048e-01 -3.197612e-01 8.158508e-02 2.433213e-01 -9.568312e-02 2.110763e-01 2.601695e-01 4.651748e-01 6.864957e-01 -1.886511e-03
<VARIANCE> 39
 3.592383e+00 6.784374e+00 1.032924e+01 5.062650e+00 5.197770e+00 9.803373e+00 2.978067e+00 1.052443e+01 9.298524e+00 1.791636e+01 6.397647e+00 4.074306e+00 1.000000e-02 4.444590e-01 1.601801e+00 1.670734e+00 3.363819e+00 2.370166e+00 6.595767e-01 8.462248e-01 6.528816e-01 1.585111e+00 1.005728e+00 7.533444e-01 9.323584e-01 1.000000e-02 1.051016e-01 3.125301e-01 2.315924e-01 2.260527e-01 2.471897e-01 2.014372e-01 9.103479e-02 2.748528e-01 1.617811e-01 2.910291e-01 5.861200e-02 2.715258e-01 1.000000e-02
<GCONST> 6.186736e+01
<STATE> 34
<MEAN> 39
 -5.800493e+00 -1.435494e+01 -5.502922e+00 -3.316614e-01 1.667150e+00 -5.208847e+00 1.792746e+00 1.369963e+00 3.268904e+00 -3.239161e+00 2.059764e-01 6.399381e-01 -4.699776e-03 -6.942830e-01 8.050464e-01 5.838560e-01 -1.568128e-01 1.132064e-01 9.939111e-01 6.210639e-01 -1.243574e-01 4.955530e-01 7.665375e-01 9.627101e-01 1.229740e+00 -3.418665e-02 1.041925e-01 -2.181022e-01 -3.418550e-01 -2.135230e-01 4.268543e-02 7.070483e-02 2.605287e-01 -9.583247e-02 -4.206108e-01 -1.204190e-01 3.203988e-02 -7.117768e-02 4.236326e-03
<VARIANCE> 39
 1.444695e+00 3.298463e+00 5.160959e+00 2.364839e+00 5.939817e+00 5.910528e+00 1.066558e+01 1.040360e+01 2.545443e+01 1.645355e+01 1.819617e+01 8.896739e+00 1.000000e-02 3.666900e-01 5.919000e-01 7.832770e-01 6.786679e-01 1.201447e+00 9.648499e-01 2.042311e-01 1.136231e+00 8.542628e-01 2.126228e+00 6.762539e-01 5.329101e-01 1.000000e-02 4.852812e-02 4.911119e-02 1.816466e-01 4.307739e-01 4.283192e-01 1.683012e-01 1.746620e-01 1.462724e-01 4.286810e-01 2.003683e-01 1.494613e-01 2.600365e-01 1.000000e-02
<GCONST> 5.683395e+01
<STATE> 35
<MEAN> 39
 -6.211413e+00 -1.244469e+01 -6.173773e+00 -3.685683e+00 1.734414e+00 -1.872726e+00 6.958051e+00 6.966817e-02 1.764866e+00 -3.544724e+00 3.876309e+00 3.254433e+00 -4.963617e-02 -3.287499e-01 3.509993e-01 -3.460033e-02 -6.579709e-01 1.496334e-01 6.673238e-01 6.229965e-01 -9.295595e-01 -8.438382e-01 -3.383625e-02 3.277776e-01 2.776549e-01 -2.859603e-02 1.874730e-01 -1.591021e-01 -1.190925e-01 1.617854e-01 4.424178e-02 -3.076340e-01 -3.564742e-01 4.944332e-02 -4.397999e-01 -4.667690e-01 -5.430745e-01 -5.922501e-01 7.382058e-03
<VARIANCE> 39
 9.982818e-01 2.425118e-01 1.838987e+00 1.168910e+00 4.523777e+00 1.291318e+01 3.176209e+00 1.215943e+01 1.145724e+01 1.023615e+01 7.414813e+00 1.801704e+00 1.000000e-02 1.662109e-01 1.571527e-01 8.133112e-01 3.084102e-01 1.453703e+00 2.011757e+00 8.389613e-01 1.000349e+00 1.409777e+00 9.432639e-01 2.787405e-01 6.877508e-01 1.000000e-02 4.522974e-02 6.133900e-02 5.886264e-02 7.322290e-02 9.153526e-02 8.815110e-02 8.722471e-02 6.230109e-02 8.863254e-02 3.841874e-01 1.081834e-01 7.771382e-02 1.000000e-02
<GCONST> 3.726237e+01
<TRANSP> 36
 0.000000e+00 1.000000e+00 0.000000e+00 0.000000e+00 0.000000e+00 0.000000e+00 0.000000e+00 0.000000e+00 0.000000e+00 0.000000e+00 0.000000e+00 0.000000e+00 0.000000e+00 0.000000e+00 0.000000e+00 0.000000e+00 0.000000e+00 0.000000e+00 0.000000e+00 0.000000e+00 0.000000e+00 0.000000e+00 0.000000e+00 0.000000e+00 0.000000e+00 0.000000e+00 0.000000e+00 0.000000e+00 0.000000e+00 0.000000e+00 0.000000e+00 0.000000e+00 0.000000e+00 0.000000e+00 0.000000e+00 0.000000e+00
 0.000000e+00 5.454546e-01 4.545455e-01 0.000000e+00 0.000000e+00 0.000000e+00 0.000000e+00 0.000000e+00 0.000000e+00 0.000000e+00 0.000000e+00 0.000000e+00 0.000000e+00 0.000000e+00 0.000000e+00 0.000000e+00 0.000000e+00 0.000000e+00 0.000000e+00 0.000000e+00 0.000000e+00 0.000000e+00 0.000000e+00 0.000000e+00 0.000000e+00 0.000000e+00 0.000000e+00 0.000000e+00 0.000000e+00 0.000000e+00 0.000000e+00 0.000000e+00 0.000000e+00 0.000000e+00 0.000000e+00 0.000000e+00
 0.000000e+00 0.000000e+00 5.000000e-01 5.000000e-01 0.000000e+00 0.000000e+00 0.000000e+00 0.000000e+00 0.000000e+00 0.000000e+00 0.000000e+00 0.000000e+00 0.000000e+00 0.000000e+00 0.000000e+00 0.000000e+00 0.000000e+00 0.000000e+00 0.000000e+00 0.000000e+00 0.000000e+00 0.000000e+00 0.000000e+00 0.000000e+00 0.000000e+00 0.000000e+00 0.000000e+00 0.000000e+00 0.000000e+00 0.000000e+00 0.000000e+00 0.000000e+00 0.000000e+00 0.000000e+00 0.000000e+00 0.000000e+00
 0.000000e+00 0.000000e+00 0.000000e+00 5.000000e-01 5.000000e-01 0.000000e+00 0.000000e+00 0.000000e+00 0.000000e+00 0.000000e+00 0.000000e+00 0.000000e+00 0.000000e+00 0.000000e+00 0.000000e+00 0.000000e+00 0.000000e+00 0.000000e+00 0.000000e+00 0.000000e+00 0.000000e+00 0.000000e+00 0.000000e+00 0.000000e+00 0.000000e+00 0.000000e+00 0.000000e+00 0.000000e+00 0.000000e+00 0.000000e+00 0.000000e+00 0.000000e+00 0.000000e+00 0.000000e+00 0.000000e+00 0.000000e+00
 0.000000e+00 0.000000e+00 0.000000e+00 0.000000e+00 0.000000e+00 1.000000e+00 0.000000e+00 0.000000e+00 0.000000e+00 0.000000e+00 0.000000e+00 0.000000e+00 0.000000e+00 0.000000e+00 0.000000e+00 0.000000e+00 0.000000e+00 0.000000e+00 0.000000e+00 0.000000e+00 0.000000e+00 0.000000e+00 0.000000e+00 0.000000e+00 0.000000e+00 0.000000e+00 0.000000e+00 0.000000e+00 0.000000e+00 0.000000e+00 0.000000e+00 0.000000e+00 0.000000e+00 0.000000e+00 0.000000e+00 0.000000e+00
 0.000000e+00 0.000000e+00 0.000000e+00 0.000000e+00 0.000000e+00 3.750000e-01 6.250000e-01 0.000000e+00 0.000000e+00 0.000000e+00 0.000000e+00 0.000000e+00 0.000000e+00 0.000000e+00 0.000000e+00 0.000000e+00 0.000000e+00 0.000000e+00 0.000000e+00 0.000000e+00 0.000000e+00 0.000000e+00 0.000000e+00 0.000000e+00 0.000000e+00 0.000000e+00 0.000000e+00 0.000000e+00 0.000000e+00 0.000000e+00 0.000000e+00 0.000000e+00 0.000000e+00 0.000000e+00 0.000000e+00 0.000000e+00
 0.000000e+00 0.000000e+00 0.000000e+00 0.000000e+00 0.000000e+00 0.000000e+00 3.750000e-01 6.250000e-01 0.000000e+00 0.000000e+00 0.000000e+00 0.000000e+00 0.000000e+00 0.000000e+00 0.000000e+00 0.000000e+00 0.000000e+00 0.000000e+00 0.000000e+00 0.000000e+00 0.000000e+00 0.000000e+00 0.000000e+00 0.000000e+00 0.000000e+00 0.000000e+00 0.000000e+00 0.000000e+00 0.000000e+00 0.000000e+00 0.000000e+00 0.000000e+00 0.000000e+00 0.000000e+00 0.000000e+00 0.000000e+00
 0.000000e+00 0.000000e+00 0.000000e+00 0.000000e+00 0.000000e+00 0.000000e+00 0.000000e+00 4.444444e-01 5.555556e-01 0.000000e+00 0.000000e+00 0.000000e+00 0.000000e+00 0.000000e+00 0.000000e+00 0.000000e+00 0.000000e+00 0.000000e+00 0.000000e+00 0.000000e+00 0.000000e+00 0.000000e+00 0.000000e+00 0.000000e+00 0.000000e+00 0.000000e+00 0.000000e+00 0.000000e+00 0.000000e+00 0.000000e+00 0.000000e+00 0.000000e+00 0.000000e+00 0.000000e+00 0.000000e+00 0.000000e+00
 0.000000e+00 0.000000e+00 0.000000e+00 0.000000e+00 0.000000e+00 0.000000e+00 0.000000e+00 0.000000e+00 5.000000e-01 5.000000e-01 0.000000e+00 0.000000e+00 0.000000e+00 0.000000e+00 0.000000e+00 0.000000e+00 0.000000e+00 0.000000e+00 0.000000e+00 0.000000e+00 0.000000e+00 0.000000e+00 0.000000e+00 0.000000e+00 0.000000e+00 0.000000e+00 0.000000e+00 0.000000e+00 0.000000e+00 0.000000e+00 0.000000e+00 0.000000e+00 0.000000e+00 0.000000e+00 0.000000e+00 0.000000e+00
 0.000000e+00 0.000000e+00 0.000000e+00 0.000000e+00 0.000000e+00 0.000000e+00 0.000000e+00 0.000000e+00 0.000000e+00 3.750000e-01 6.250000e-01 0.000000e+00 0.000000e+00 0.000000e+00 0.000000e+00 0.000000e+00 0.000000e+00 0.000000e+00 0.000000e+00 0.000000e+00 0.000000e+00 0.000000e+00 0.000000e+00 0.000000e+00 0.000000e+00 0.000000e+00 0.000000e+00 0.000000e+00 0.000000e+00 0.000000e+00 0.000000e+00 0.000000e+00 0.000000e+00 0.000000e+00 0.000000e+00 0.000000e+00
 0.000000e+00 0.000000e+00 0.000000e+00 0.000000e+00 0.000000e+00 0.000000e+00 0.000000e+00 0.000000e+00 0.000000e+00 0.000000e+00 5.000000e-01 5.000000e-01 0.000000e+00 0.000000e+00 0.000000e+00 0.000000e+00 0.000000e+00 0.000000e+00 0.000000e+00 0.000000e+00 0.000000e+00 0.000000e+00 0.000000e+00 0.000000e+00 0.000000e+00 0.000000e+00 0.000000e+00 0.000000e+00 0.000000e+00 0.000000e+00 0.000000e+00 0.000000e+00 0.000000e+00 0.000000e+00 0.000000e+00 0.000000e+00
 0.000000e+00 0.000000e+00 0.000000e+00 0.000000e+00 0.000000e+00 0.000000e+00 0.000000e+00 0.000000e+00 0.000000e+00 0.000000e+00 0.000000e+00 3.750000e-01 6.250000e-01 0.000000e+00 0.000000e+00 0.000000e+00 0.000000e+00 0.000000e+00 0.000000e+00 0.000000e+00 0.000000e+00 0.000000e+00 0.000000e+00 0.000000e+00 0.000000e+00 0.000000e+00 0.000000e+00 0.000000e+00 0.000000e+00 0.000000e+00 0.000000e+00 0.000000e+00 0.000000e+00 0.000000e+00 0.000000e+00 0.000000e+00
 0.000000e+00 0.000000e+00 0.000000e+00 0.000000e+00 0.000000e+00 0.000000e+00 0.000000e+00 0.000000e+00 0.000000e+00 0.000000e+00 0.000000e+00 0.000000e+00 5.000000e-01 5.000000e-01 0.000000e+00 0.000000e+00 0.000000e+00 0.000000e+00 0.000000e+00 0.000000e+00 0.000000e+00 0.000000e+00 0.000000e+00 0.000000e+00 0.000000e+00 0.000000e+00 0.000000e+00 0.000000e+00 0.000000e+00 0.000000e+00 0.000000e+00 0.000000e+00 0.000000e+00 0.000000e+00 0.000000e+00 0.000000e+00
 0.000000e+00 0.000000e+00 0.000000e+00 0.000000e+00 0.000000e+00 0.000000e+00 0.000000e+00 0.000000e+00 0.000000e+00 0.000000e+00 0.000000e+00 0.000000e+00 0.000000e+00 3.750000e-01 6.250000e-01 0.000000e+00 0.000000e+00 0.000000e+00 0.000000e+00 0.000000e+00 0.000000e+00 0.000000e+00 0.000000e+00 0.000000e+00 0.000000e+00 0.000000e+00 0.000000e+00 0.000000e+00 0.000000e+00 0.000000e+00 0.000000e+00 0.000000e+00 0.000000e+00 0.000000e+00 0.000000e+00 0.000000e+00
 0.000000e+00 0.000000e+00 0.000000e+00 0.000000e+00 0.000000e+00 0.000000e+00 0.000000e+00 0.000000e+00 0.000000e+00 0.000000e+00 0.000000e+00 0.000000e+00 0.000000e+00 0.000000e+00 4.444444e-01 5.555556e-01 0.000000e+00 0.000000e+00 0.000000e+00 0.000000e+00 0.000000e+00 0.000000e+00 0.000000e+00 0.000000e+00 0.000000e+00 0.000000e+00 0.000000e+00 0.000000e+00 0.000000e+00 0.000000e+00 0.000000e+00 0.000000e+00 0.000000e+00 0.000000e+00 0.000000e+00 0.000000e+00
 0.000000e+00 0.000000e+00 0.000000e+00 0.000000e+00 0.000000e+00 0.000000e+00 0.000000e+00 0.000000e+00 0.000000e+00 0.000000e+00 0.000000e+00 0.000000e+00 0.000000e+00 0.000000e+00 0.000000e+00 3.750000e-01 6.250000e-01 0.000000e+00 0.000000e+00 0.000000e+00 0.000000e+00 0.000000e+00 0.000000e+00 0.000000e+00 0.000000e+00 0.000000e+00 0.000000e+00 0.000000e+00 0.000000e+00 0.000000e+00 0.000000e+00 0.000000e+00 0.000000e+00 0.000000e+00 0.000000e+00 0.000000e+00
 0.000000e+00 0.000000e+00 0.000000e+00 0.000000e+00 0.000000e+00 0.000000e+00 0.000000e+00 0.000000e+00 0.000000e+00 0.000000e+00 0.000000e+00 0.000000e+00 0.000000e+00 0.000000e+00 0.000000e+00 0.000000e+00 2.857143e-01 7.142857e-01 0.000000e+00 0.000000e+00 0.000000e+00 0.000000e+00 0.000000e+00 0.000000e+00 0.000000e+00 0.000000e+00 0.000000e+00 0.000000e+00 0.000000e+00 0.000000e+00 0.000000e+00 0.000000e+00 0.000000e+00 0.000000e+00 0.000000e+00 0.000000e+00
 0.000000e+00 0.000000e+00 0.000000e+00 0.000000e+00 0.000000e+00 0.000000e+00 0.000000e+00 0.000000e+00 0.000000e+00 0.000000e+00 0.000000e+00 0.000000e+00 0.000000e+00 0.000000e+00 0.000000e+00 0.000000e+00 0.000000e+00 4.444444e-01 5.555556e-01 0.000000e+00 0.000000e+00 0.000000e+00 0.000000e+00 0.000000e+00 0.000000e+00 0.000000e+00 0.000000e+00 0.000000e+00 0.000000e+00 0.000000e+00 0.000000e+00 0.000000e+00 0.000000e+00 0.000000e+00 0.000000e+00 0.000000e+00
 0.000000e+00 0.000000e+00 0.000000e+00 0.000000e+00 0.000000e+00 0.000000e+00 0.000000e+00 0.000000e+00 0.000000e+00 0.000000e+00 0.000000e+00 0.000000e+00 0.000000e+00 0.000000e+00 0.000000e+00 0.000000e+00 0.000000e+00 0.000000e+00 3.750000e-01 6.250000e-01 0.000000e+00 0.000000e+00 0.000000e+00 0.000000e+00 0.000000e+00 0.000000e+00 0.000000e+00 0.000000e+00 0.000000e+00 0.000000e+00 0.000000e+00 0.000000e+00 0.000000e+00 0.000000e+00 0.000000e+00 0.000000e+00
 0.000000e+00 0.000000e+00 0.000000e+00 0.000000e+00 0.000000e+00 0.000000e+00 0.000000e+00 0.000000e+00 0.000000e+00 0.000000e+00 0.000000e+00 0.000000e+00 0.000000e+00 0.000000e+00 0.000000e+00 0.000000e+00 0.000000e+00 0.000000e+00 0.000000e+00 3.750000e-01 6.250000e-01 0.000000e+00 0.000000e+00 0.000000e+00 0.000000e+00 0.000000e+00 0.000000e+00 0.000000e+00 0.000000e+00 0.000000e+00 0.000000e+00 0.000000e+00 0.000000e+00 0.000000e+00 0.000000e+00 0.000000e+00
 0.000000e+00 0.000000e+00 0.000000e+00 0.000000e+00 0.000000e+00 0.000000e+00 0.000000e+00 0.000000e+00 0.000000e+00 0.000000e+00 0.000000e+00 0.000000e+00 0.000000e+00 0.000000e+00 0.000000e+00 0.000000e+00 0.000000e+00 0.000000e+00 0.000000e+00 0.000000e+00 4.444444e-01 5.555556e-01 0.000000e+00 0.000000e+00 0.000000e+00 0.000000e+00 0.000000e+00 0.000000e+00 0.000000e+00 0.000000e+00 0.000000e+00 0.000000e+00 0.000000e+00 0.000000e+00 0.000000e+00 0.000000e+00
 0.000000e+00 0.000000e+00 0.000000e+00 0.000000e+00 0.000000e+00 0.000000e+00 0.000000e+00 0.000000e+00 0.000000e+00 0.000000e+00 0.000000e+00 0.000000e+00 0.000000e+00 0.000000e+00 0.000000e+00 0.000000e+00 0.000000e+00 0.000000e+00 0.000000e+00 0.000000e+00 0.000000e+00 5.000000e-01 5.000000e-01 0.000000e+00 0.000000e+00 0.000000e+00 0.000000e+00 0.000000e+00 0.000000e+00 0.000000e+00 0.000000e+00 0.000000e+00 0.000000e+00 0.000000e+00 0.000000e+00 0.000000e+00
 0.000000e+00 0.000000e+00 0.000000e+00 0.000000e+00 0.000000e+00 0.000000e+00 0.000000e+00 0.000000e+00 0.000000e+00 0.000000e+00 0.000000e+00 0.000000e+00 0.000000e+00 0.000000e+00 0.000000e+00 0.000000e+00 0.000000e+00 0.000000e+00 0.000000e+00 0.000000e+00 0.000000e+00 0.000000e+00 3.750000e-01 6.250000e-01 0.000000e+00 0.000000e+00 0.000000e+00 0.000000e+00 0.000000e+00 0.000000e+00 0.000000e+00 0.000000e+00 0.000000e+00 0.000000e+00 0.000000e+00 0.000000e+00
 0.000000e+00 0.000000e+00 0.000000e+00 0.000000e+00 0.000000e+00 0.000000e+00 0.000000e+00 0.000000e+00 0.000000e+00 0.000000e+00 0.000000e+00 0.000000e+00 0.000000e+00 0.000000e+00 0.000000e+00 0.000000e+00 0.000000e+00 0.000000e+00 0.000000e+00 0.000000e+00 0.000000e+00 0.000000e+00 0.000000e+00 3.750000e-01 6.250000e-01 0.000000e+00 0.000000e+00 0.000000e+00 0.000000e+00 0.000000e+00 0.000000e+00 0.000000e+00 0.000000e+00 0.000000e+00 0.000000e+00 0.000000e+00
 0.000000e+00 0.000000e+00 0.000000e+00 0.000000e+00 0.000000e+00 0.000000e+00 0.000000e+00 0.000000e+00 0.000000e+00 0.000000e+00 0.000000e+00 0.000000e+00 0.000000e+00 0.000000e+00 0.000000e+00 0.000000e+00 0.000000e+00 0.000000e+00 0.000000e+00 0.000000e+00 0.000000e+00 0.000000e+00 0.000000e+00 0.000000e+00 2.857143e-01 7.142857e-01 0.000000e+00 0.000000e+00 0.000000e+00 0.000000e+00 0.000000e+00 0.000000e+00 0.000000e+00 0.000000e+00 0.000000e+00 0.000000e+00
 0.000000e+00 0.000000e+00 0.000000e+00 0.000000e+00 0.000000e+00 0.000000e+00 0.000000e+00 0.000000e+00 0.000000e+00 0.000000e+00 0.000000e+00 0.000000e+00 0.000000e+00 0.000000e+00 0.000000e+00 0.000000e+00 0.000000e+00 0.000000e+00 0.000000e+00 0.000000e+00 0.000000e+00 0.000000e+00 0.000000e+00 0.000000e+00 0.000000e+00 5.000000e-01 5.000000e-01 0.000000e+00 0.000000e+00 0.000000e+00 0.000000e+00 0.000000e+00 0.000000e+00 0.000000e+00 0.000000e+00 0.000000e+00
 0.000000e+00 0.000000e+00 0.000000e+00 0.000000e+00 0.000000e+00 0.000000e+00 0.000000e+00 0.000000e+00 0.000000e+00 0.000000e+00 0.000000e+00 0.000000e+00 0.000000e+00 0.000000e+00 0.000000e+00 0.000000e+00 0.000000e+00 0.000000e+00 0.000000e+00 0.000000e+00 0.000000e+00 0.000000e+00 0.000000e+00 0.000000e+00 0.000000e+00 0.000000e+00 5.000000e-01 5.000000e-01 0.000000e+00 0.000000e+00 0.000000e+00 0.000000e+00 0.000000e+00 0.000000e+00 0.000000e+00 0.000000e+00
 0.000000e+00 0.000000e+00 0.000000e+00 0.000000e+00 0.000000e+00 0.000000e+00 0.000000e+00 0.000000e+00 0.000000e+00 0.000000e+00 0.000000e+00 0.000000e+00 0.000000e+00 0.000000e+00 0.000000e+00 0.000000e+00 0.000000e+00 0.000000e+00 0.000000e+00 0.000000e+00 0.000000e+00 0.000000e+00 0.000000e+00 0.000000e+00 0.000000e+00 0.000000e+00 0.000000e+00 2.857143e-01 7.142857e-01 0.000000e+00 0.000000e+00 0.000000e+00 0.000000e+00 0.000000e+00 0.000000e+00 0.000000e+00
 0.000000e+00 0.000000e+00 0.000000e+00 0.000000e+00 0.000000e+00 0.000000e+00 0.000000e+00 0.000000e+00 0.000000e+00 0.000000e+00 0.000000e+00 0.000000e+00 0.000000e+00 0.000000e+00 0.000000e+00 0.000000e+00 0.000000e+00 0.000000e+00 0.000000e+00 0.000000e+00 0.000000e+00 0.000000e+00 0.000000e+00 0.000000e+00 0.000000e+00 0.000000e+00 0.000000e+00 0.000000e+00 4.444444e-01 5.555556e-01 0.000000e+00 0.000000e+00 0.000000e+00 0.000000e+00 0.000000e+00 0.000000e+00
 0.000000e+00 0.000000e+00 0.000000e+00 0.000000e+00 0.000000e+00 0.000000e+00 0.000000e+00 0.000000e+00 0.000000e+00 0.000000e+00 0.000000e+00 0.000000e+00 0.000000e+00 0.000000e+00 0.000000e+00 0.000000e+00 0.000000e+00 0.000000e+00 0.000000e+00 0.000000e+00 0.000000e+00 0.000000e+00 0.000000e+00 0.000000e+00 0.000000e+00 0.000000e+00 0.000000e+00 0.000000e+00 0.000000e+00 4.444444e-01 5.555556e-01 0.000000e+00 0.000000e+00 0.000000e+00 0.000000e+00 0.000000e+00
 0.000000e+00 0.000000e+00 0.000000e+00 0.000000e+00 0.000000e+00 0.000000e+00 0.000000e+00 0.000000e+00 0.000000e+00 0.000000e+00 0.000000e+00 0.000000e+00 0.000000e+00 0.000000e+00 0.000000e+00 0.000000e+00 0.000000e+00 0.000000e+00 0.000000e+00 0.000000e+00 0.000000e+00 0.000000e+00 0.000000e+00 0.000000e+00 0.000000e+00 0.000000e+00 0.000000e+00 0.000000e+00 0.000000e+00 0.000000e+00 4.444444e-01 5.555556e-01 0.000000e+00 0.000000e+00 0.000000e+00 0.000000e+00
 0.000000e+00 0.000000e+00 0.000000e+00 0.000000e+00 0.000000e+00 0.000000e+00 0.000000e+00 0.000000e+00 0.000000e+00 0.000000e+00 0.000000e+00 0.000000e+00 0.000000e+00 0.000000e+00 0.000000e+00 0.000000e+00 0.000000e+00 0.000000e+00 0.000000e+00 0.000000e+00 0.000000e+00 0.000000e+00 0.000000e+00 0.000000e+00 0.000000e+00 0.000000e+00 0.000000e+00 0.000000e+00 0.000000e+00 0.000000e+00 0.000000e+00 2.857143e-01 7.142857e-01 0.000000e+00 0.000000e+00 0.000000e+00
 0.000000e+00 0.000000e+00 0.000000e+00 0.000000e+00 0.000000e+00 0.000000e+00 0.000000e+00 0.000000e+00 0.000000e+00 0.000000e+00 0.000000e+00 0.000000e+00 0.000000e+00 0.000000e+00 0.000000e+00 0.000000e+00 0.000000e+00 0.000000e+00 0.000000e+00 0.000000e+00 0.000000e+00 0.000000e+00 0.000000e+00 0.000000e+00 0.000000e+00 0.000000e+00 0.000000e+00 0.000000e+00 0.000000e+00 0.000000e+00 0.000000e+00 0.000000e+00 5.000000e-01 5.000000e-01 0.000000e+00 0.000000e+00
 0.000000e+00 0.000000e+00 0.000000e+00 0.000000e+00 0.000000e+00 0.000000e+00 0.000000e+00 0.000000e+00 0.000000e+00 0.000000e+00 0.000000e+00 0.000000e+00 0.000000e+00 0.000000e+00 0.000000e+00 0.000000e+00 0.000000e+00 0.000000e+00 0.000000e+00 0.000000e+00 0.000000e+00 0.000000e+00 0.000000e+00 0.000000e+00 0.000000e+00 0.000000e+00 0.000000e+00 0.000000e+00 0.000000e+00 0.000000e+00 0.000000e+00 0.000000e+00 0.000000e+00 4.444444e-01 5.555556e-01 0.000000e+00
 0.000000e+00 0.000000e+00 0.000000e+00 0.000000e+00 0.000000e+00 0.000000e+00 0.000000e+00 0.000000e+00 0.000000e+00 0.000000e+00 0.000000e+00 0.000000e+00 0.000000e+00 0.000000e+00 0.000000e+00 0.000000e+00 0.000000e+00 0.000000e+00 0.000000e+00 0.000000e+00 0.000000e+00 0.000000e+00 0.000000e+00 0.000000e+00 0.000000e+00 0.000000e+00 0.000000e+00 0.000000e+00 0.000000e+00 0.000000e+00 0.000000e+00 0.000000e+00 0.000000e+00 0.000000e+00 0.000000e+00 1.000000e+00
 0.000000e+00 0.000000e+00 0.000000e+00 0.000000e+00 0.000000e+00 0.000000e+00 0.000000e+00 0.000000e+00 0.000000e+00 0.000000e+00 0.000000e+00 0.000000e+00 0.000000e+00 0.000000e+00 0.000000e+00 0.000000e+00 0.000000e+00 0.000000e+00 0.000000e+00 0.000000e+00 0.000000e+00 0.000000e+00 0.000000e+00 0.000000e+00 0.000000e+00 0.000000e+00 0.000000e+00 0.000000e+00 0.000000e+00 0.000000e+00 0.000000e+00 0.000000e+00 0.000000e+00 0.000000e+00 0.000000e+00 0.000000e+00
<ENDHMM>
