~o
<STREAMINFO> 1 39
<VECSIZE> 39<NULLD><MFCC_E_D_A><DIAGC>
~h "Bay"
<BEGINHMM>
<NUMSTATES> 19
<STATE> 2
<MEAN> 39
 -6.613930e+00 -8.883677e+00 -2.885891e+00 -2.104726e+00 -4.565206e-02 -5.101353e+00 2.933330e+00 -9.973933e-01 4.036143e-01 -1.333471e+00 1.962375e+00 -2.128884e+00 -4.539702e-02 1.964705e+00 2.331705e-01 -5.628120e-01 -1.025977e+00 -7.324471e-01 -1.126338e+00 -7.676436e-01 -7.318604e-01 -7.975073e-01 -2.994489e-01 -1.093242e+00 -1.343294e-01 9.498315e-02 7.151841e-01 -2.581446e-01 -6.302785e-01 -4.607849e-01 -1.035082e-01 -4.642648e-01 -2.466295e-01 -1.421793e-01 -4.404719e-02 -5.576045e-01 -5.715786e-01 -3.736728e-01 4.444341e-02
<VARIANCE> 39
 5.030010e+00 4.893469e+00 2.273806e+00 5.416615e+00 8.899484e+00 8.611853e+00 8.686212e+00 1.649645e+01 1.066192e+01 4.718960e+00 1.080042e+01 1.671356e+01 1.950506e-02 2.946446e+00 8.619581e-01 1.137412e+00 1.080794e+00 4.433462e-01 2.035156e+00 7.973590e-01 5.863462e-01 6.568995e-01 1.415591e+00 1.754955e+00 2.402515e+00 1.000000e-02 2.879361e-01 3.357006e-01 2.577409e-01 1.128990e-01 1.724622e-01 2.285022e-01 2.637068e-01 3.180933e-01 3.490539e-01 1.387972e-01 1.982236e-01 5.092299e-01 1.000000e-02
<GCONST> 6.739757e+01
<STATE> 3
<MEAN> 39
 5.861192e+00 -1.067854e+01 -9.458055e+00 -8.319161e+00 -3.709809e+00 -1.338357e+01 -2.746518e+00 -3.172663e+00 -2.189527e+00 -6.662762e+00 -5.546394e+00 -7.723942e+00 5.475962e-01 7.040706e-01 -2.167814e+00 -3.470009e+00 -9.952254e-01 3.186126e-01 -7.350207e-01 -1.189895e-01 -4.261069e-01 7.876853e-01 -1.034846e+00 -2.221389e+00 -1.984407e+00 1.760051e-01 -1.775745e+00 -6.503390e-01 -5.440270e-01 8.119000e-01 8.867157e-01 1.078206e+00 1.090002e+00 -6.607817e-03 7.826807e-01 3.488684e-01 4.021262e-01 6.245264e-01 -1.832136e-02
<VARIANCE> 39
 1.416679e+01 2.110853e+01 1.235768e+01 5.248179e+00 1.081766e+01 1.897618e+01 1.295790e+01 1.294370e+01 1.645562e+01 6.325331e+00 1.621026e+01 1.023865e+01 3.780606e-02 6.123495e+00 1.465342e+00 1.909423e+00 1.155839e+00 2.756865e+00 2.493171e+00 4.917241e+00 2.493460e+00 2.881296e+00 2.088487e+00 1.159836e+00 1.079379e+00 1.000000e-02 2.068097e-01 4.630550e-01 2.145448e-01 1.223119e-01 2.917306e-01 3.868508e-01 4.299393e-01 4.327067e-01 3.833775e-01 1.106820e-01 3.821753e-01 5.800487e-01 1.000000e-02
<GCONST> 8.419123e+01
<STATE> 4
<MEAN> 39
 -4.312939e+00 -1.871451e+01 -2.080456e+01 -6.572201e+00 2.528713e+00 -6.528403e+00 4.948234e+00 -4.689949e+00 5.913779e+00 -7.496377e+00 -8.309762e+00 -6.244443e+00 8.898630e-01 -3.093433e+00 -2.787303e+00 -2.862659e+00 1.909370e+00 2.514243e+00 2.290582e+00 2.852039e+00 -1.537028e+00 1.801467e+00 -5.210267e-01 3.577668e-01 2.204135e+00 7.819106e-02 -7.017176e-02 5.047189e-01 9.938941e-01 3.147975e-01 8.324019e-02 -6.895860e-02 -1.426657e-01 -4.066564e-01 -5.654753e-01 2.107719e-01 7.537880e-01 5.048513e-01 -3.486168e-02
<VARIANCE> 39
 1.629798e+01 1.830936e+01 2.520429e+01 1.400083e+01 1.860987e+01 3.186356e+01 3.521627e+01 1.004400e+01 2.349858e+01 2.013267e+01 6.564148e+00 3.673666e+01 1.000000e-02 1.068451e+00 2.320167e+00 1.637538e+00 4.271370e-01 2.157711e+00 1.609136e+00 1.872337e+00 1.897727e+00 2.540178e+00 6.402514e-01 1.298327e+00 2.815908e+00 1.000000e-02 4.351807e-01 3.998013e-01 2.462546e-01 3.774579e-01 4.422840e-01 5.132847e-01 6.296068e-01 3.575938e-01 4.852607e-01 3.444483e-01 1.161009e-01 6.890387e-01 1.000000e-02
<GCONST> 8.675743e+01
<STATE> 5
<MEAN> 39
 -9.608376e+00 -2.230478e+01 -2.297012e+01 -2.011639e+00 8.870683e+00 -6.166604e+00 8.681597e+00 -1.123581e+01 4.355488e+00 -6.436527e+00 -5.075904e+00 -2.572578e+00 9.825307e-01 -1.736913e+00 -4.225458e-01 6.956212e-03 3.329294e-02 6.416004e-01 7.985898e-02 5.215961e-01 -9.538869e-01 -6.394445e-02 -3.644559e-04 8.963246e-01 6.081243e-01 7.184213e-03 3.217109e-01 2.529424e-01 4.031743e-01 -3.349625e-01 -5.994326e-01 -1.264758e-01 -1.861449e-01 5.219303e-01 -1.152146e-01 -3.054034e-01 -5.913487e-02 -1.822119e-01 -1.173002e-02
<VARIANCE> 39
 1.538637e+01 7.642130e+00 1.271680e+01 8.447761e+00 1.493788e+01 3.339143e+01 1.424367e+01 6.094279e+00 1.058718e+01 6.028570e+00 6.497545e+00 1.695963e+01 1.000000e-02 5.823635e-01 8.079326e-01 1.142944e+00 1.097026e+00 1.929760e+00 3.756828e-01 1.284492e+00 1.325381e+00 9.068550e-01 1.585371e+00 5.549168e-01 9.340454e-01 1.000000e-02 1.060974e-01 3.187738e-01 2.021916e-01 2.383635e-01 2.531705e-01 2.511001e-01 4.658062e-01 1.551919e-01 1.901793e-01 2.811577e-01 1.024965e-01 3.446357e-01 1.000000e-02
<GCONST> 6.815488e+01
<STATE> 6
<MEAN> 39
 -1.429193e+01 -2.370967e+01 -2.078154e+01 -2.125559e+00 6.679204e+00 -2.653539e+00 1.021571e+01 -1.027774e+01 5.543571e+00 -1.048527e+01 -2.487784e+00 8.559926e-01 9.303894e-01 -2.798431e-02 1.316409e-01 9.519541e-01 6.678376e-01 -1.033854e+00 6.846052e-01 7.361009e-01 1.156934e+00 -6.864352e-01 -1.570988e+00 7.518172e-01 4.304907e-01 -2.464572e-02 1.823353e-01 1.368650e-01 1.945992e-01 -1.099338e-01 -4.273070e-01 -8.382563e-02 1.437796e-01 2.804292e-01 -2.230891e-01 -3.072123e-02 1.204046e-01 -1.945307e-01 -1.117131e-03
<VARIANCE> 39
 7.162128e+00 8.151576e+00 1.316906e+01 1.046670e+01 1.158053e+01 3.427892e+01 2.426233e+01 5.921632e+00 1.649491e+01 5.517867e+00 5.368593e+00 5.010083e+00 1.000000e-02 3.056896e-01 5.786698e-01 8.610780e-01 5.879350e-01 1.341772e+00 7.459229e-01 9.028757e-01 5.239555e-01 3.616683e-01 4.302385e-01 4.090713e-01 6.071198e-01 1.000000e-02 1.395684e-01 6.775483e-02 2.004477e-01 3.782136e-01 2.031032e-01 1.830074e-01 1.324337e-01 8.909474e-02 6.490883e-02 1.349343e-01 3.970503e-02 7.185190e-02 1.000000e-02
<GCONST> 5.362561e+01
<STATE> 7
<MEAN> 39
 -1.419152e+01 -2.324864e+01 -1.699007e+01 -2.780468e+00 1.218168e+00 -2.310138e+00 1.455901e+01 -6.030621e+00 1.483296e+00 -1.602281e+01 1.006638e+00 1.266313e+00 8.791321e-01 -5.491962e-01 6.018656e-01 1.607840e+00 -1.403426e+00 -2.144327e+00 -4.076337e-01 1.382105e+00 1.047691e+00 -7.925708e-01 -1.313582e-01 7.048884e-01 -1.102831e+00 -3.938758e-03 -2.121717e-02 1.491877e-01 1.740257e-01 -4.155011e-01 -2.921111e-01 -1.526093e-01 -2.537046e-01 -5.660880e-02 4.114868e-01 1.023954e+00 -3.231490e-01 -6.879333e-01 3.983737e-03
<VARIANCE> 39
 8.739719e+00 1.329117e+01 1.234607e+01 9.830215e+00 3.994713e+01 2.406365e+01 2.852361e+01 5.826674e+00 2.071444e+01 5.580802e+00 7.027171e+00 1.037885e+01 1.000000e-02 8.570446e-02 5.544460e-01 1.055681e+00 7.260448e-01 2.998181e+00 4.335875e-01 4.881342e-01 5.215925e-01 1.104782e+00 1.701918e+00 7.469272e-01 1.050442e+00 1.000000e-02 7.318170e-02 8.907943e-02 2.169310e-01 1.407967e-01 4.992946e-01 1.374411e-01 1.463094e-01 1.328316e-01 2.351967e-01 1.103748e-01 9.828554e-02 1.449013e-01 1.000000e-02
<GCONST> 6.136289e+01
<STATE> 8
<MEAN> 39
 -1.552636e+01 -2.021333e+01 -1.226192e+01 -7.183634e+00 -5.673616e+00 -5.276078e+00 1.784027e+01 -1.161150e+00 8.785622e-01 -1.008531e+01 1.127236e+00 -7.296758e+00 8.816522e-01 -8.805621e-02 5.455611e-01 1.402523e+00 -1.834671e+00 -3.184126e+00 -4.310120e-01 -2.877240e-01 1.212474e+00 1.480003e+00 2.993735e+00 -3.458862e-01 -2.170329e+00 -2.667666e-03 3.189074e-01 -4.086729e-02 -2.264580e-01 2.034494e-02 -2.102462e-02 -1.208555e-01 -5.344492e-01 -2.663589e-01 4.199738e-01 3.292312e-01 -1.890015e-01 2.686132e-01 1.360903e-03
<VARIANCE> 39
 2.759065e+00 1.808464e+00 1.454010e+01 9.838831e+00 1.896996e+01 3.208975e+01 1.571765e+01 7.128555e+00 1.471295e+01 1.233647e+01 5.980674e+00 1.268789e+01 1.000000e-02 4.341804e-01 4.209947e-01 5.395153e-01 2.110462e-01 4.839600e-01 1.467276e-01 3.067150e-01 5.625765e-01 6.482653e-01 8.987478e-01 3.324243e-01 6.391785e-01 1.000000e-02 3.101016e-02 3.801187e-02 8.687413e-02 6.621791e-02 1.982676e-01 3.930229e-02 3.323920e-02 1.054585e-01 2.327052e-01 3.651293e-01 1.315645e-01 1.455469e-01 1.000000e-02
<GCONST> 4.589928e+01
<STATE> 9
<MEAN> 39
 -1.401816e+01 -1.906384e+01 -9.275875e+00 -1.279055e+01 -1.573889e+01 -6.926131e+00 1.455228e+01 -3.408197e-01 7.780542e+00 -1.153038e+00 -2.408725e-01 -1.037183e+01 8.736559e-01 1.067814e+00 7.666590e-01 6.792537e-01 -7.982910e-01 -2.181836e+00 -4.848121e-01 -1.596680e+00 -5.466321e-01 8.465986e-01 1.559406e+00 -5.306950e-01 -1.362737e-01 -8.440674e-03 5.748861e-02 1.653099e-01 -3.021766e-01 5.076623e-01 6.041455e-01 1.003664e-01 -2.097555e-01 -5.620818e-01 -4.519484e-01 -6.296023e-01 2.116601e-01 6.907820e-01 -6.729496e-03
<VARIANCE> 39
 3.670767e+00 4.671245e+00 5.971095e+00 5.891575e+00 1.219552e+01 2.578500e+01 1.195938e+01 1.511395e+01 1.243978e+01 9.108151e+00 4.240867e+00 1.989519e+01 1.000000e-02 2.744206e-01 5.415455e-01 2.870575e-01 1.032058e+00 8.270245e-01 6.933505e-01 9.387728e-02 6.248676e-01 1.107713e+00 8.331268e-01 3.585006e-01 1.964335e+00 1.000000e-02 6.620394e-02 1.053424e-01 5.827818e-02 9.157477e-02 1.038781e-01 1.296132e-01 6.161560e-02 9.249520e-02 2.041260e-01 8.136094e-02 9.317708e-02 1.626870e-01 1.000000e-02
<GCONST> 4.947037e+01
<STATE> 10
<MEAN> 39
 -1.158129e+01 -1.592504e+01 -8.419968e+00 -1.317734e+01 -1.876399e+01 -8.010872e+00 8.695760e+00 -3.939892e+00 7.641190e+00 9.507854e-01 2.196651e-01 -7.119713e+00 8.196729e-01 4.219935e-01 8.298266e-01 -1.181192e-02 -4.843328e-01 -2.302512e-01 -8.727143e-01 -7.804484e-01 -8.864483e-01 1.800688e-01 5.881722e-01 3.383445e-01 5.342842e-01 -1.594728e-02 -7.727208e-02 -1.197038e-01 1.521914e-02 -6.734622e-02 5.632307e-01 3.219441e-02 3.222091e-01 2.000372e-01 -2.001050e-01 -3.315694e-01 -2.163897e-01 -1.704329e-01 -1.329395e-03
<VARIANCE> 39
 5.556322e+00 3.259710e+00 4.089079e+00 8.752748e+00 7.824168e+00 2.190656e+01 8.477745e+00 7.914934e+00 1.568138e+01 1.108294e+01 9.622683e+00 3.569315e+00 1.000000e-02 1.834422e-01 3.729100e-01 2.348076e-01 4.775443e-01 6.299505e-01 9.623883e-01 1.163907e+00 8.074635e-01 2.495117e+00 6.575908e-01 4.837740e-01 8.730840e-01 1.000000e-02 4.593278e-02 5.219621e-02 8.019610e-02 1.026130e-01 1.137262e-01 3.259768e-01 1.188843e-01 1.058838e-01 4.849705e-01 1.125729e-01 2.350661e-01 2.058980e-01 1.000000e-02
<GCONST> 5.214157e+01
<STATE> 11
<MEAN> 39
 -9.993436e+00 -1.399006e+01 -7.779429e+00 -1.503323e+01 -1.521388e+01 -9.558647e+00 8.816194e+00 -6.184206e+00 6.417841e+00 3.258961e-01 -8.791107e-01 -7.587939e+00 7.508480e-01 5.104733e-01 6.268043e-02 5.477742e-01 -4.687828e-01 1.516135e+00 2.981403e-01 -4.409350e-01 5.468202e-01 -8.761452e-01 -7.475995e-01 -1.450287e+00 4.698516e-01 -2.991161e-02 -1.176674e-02 -2.845162e-01 6.091349e-02 -1.507945e-02 -1.653699e-01 1.618412e-01 -1.226756e-01 4.575486e-01 -1.051180e-01 -1.358083e-01 -2.880571e-01 2.509595e-01 -3.726029e-03
<VARIANCE> 39
 6.733929e+00 5.539624e+00 1.050948e+01 8.123272e+00 1.368022e+01 1.301152e+01 2.185806e+01 1.133866e+01 1.720149e+01 1.242417e+01 8.741433e+00 7.541291e+00 1.000000e-02 2.220623e-01 2.672619e-01 5.685190e-01 2.923336e-01 6.471697e-01 1.661697e+00 1.035613e+00 2.908292e+00 1.903812e+00 6.034950e-01 1.741176e+00 1.064707e+00 1.000000e-02 2.689847e-02 2.343772e-02 1.297844e-01 7.631028e-02 3.197080e-01 2.937019e-01 1.358463e-01 3.650220e-01 4.760720e-01 1.824827e-01 2.202740e-01 1.662187e-01 1.000000e-02
<GCONST> 6.038380e+01
<STATE> 12
<MEAN> 39
 -8.815244e+00 -1.480589e+01 -6.219687e+00 -1.678569e+01 -1.456959e+01 -9.509372e+00 6.495689e+00 -2.749859e+00 4.450394e+00 -2.153351e+00 -5.586231e+00 -4.555626e+00 6.433205e-01 8.809084e-01 -8.241199e-01 9.661849e-01 3.791769e-01 4.944343e-02 1.789863e-01 -8.364587e-01 -2.278081e-01 -9.305762e-01 -9.094256e-01 -7.693596e-01 4.349766e-01 -4.254469e-02 3.292567e-01 -3.308118e-01 2.204929e-01 5.882185e-01 -6.099465e-02 3.005196e-01 -4.832941e-02 -5.250053e-01 7.314165e-02 -1.237804e-01 3.401366e-01 -4.733798e-02 -4.561850e-03
<VARIANCE> 39
 6.383865e+00 6.581903e+00 9.365822e+00 7.840224e+00 1.824729e+01 4.241495e+01 3.352198e+01 1.798444e+01 1.934704e+01 8.876114e+00 1.055138e+01 6.420989e+00 1.000000e-02 3.850246e-01 2.879045e-01 1.285898e+00 1.385767e+00 1.415224e+00 2.895016e+00 7.435066e-01 1.869410e+00 1.244415e+00 6.813521e-01 1.018420e+00 1.346708e+00 1.000000e-02 4.481267e-02 2.197601e-02 1.783057e-01 2.031007e-01 3.325571e-01 7.094905e-01 3.663363e-01 3.915871e-01 3.072597e-01 1.059796e-01 2.306529e-01 2.743622e-01 1.000000e-02
<GCONST> 6.876765e+01
<STATE> 13
<MEAN> 39
 -2.919384e+00 -2.101686e+01 -1.216343e+00 -1.088365e+01 -1.326962e+01 -3.986954e+00 3.344632e+00 -6.468189e+00 2.931105e+00 -5.490495e+00 -6.324451e+00 -3.298721e+00 4.450649e-01 1.644302e+00 -1.308859e+00 3.427047e-01 1.833391e+00 7.424668e-01 1.116082e+00 7.330725e-02 -3.266281e-01 4.382893e-01 -5.113145e-01 9.620194e-01 7.206506e-01 -4.301161e-02 -2.644626e-01 3.767871e-01 -5.780299e-01 5.333412e-02 1.800392e-01 -3.561928e-01 3.104759e-01 4.818572e-01 2.528122e-01 3.495331e-01 4.997038e-01 6.196566e-02 4.777880e-03
<VARIANCE> 39
 5.741815e+00 8.762998e+00 4.171586e+00 6.546197e+00 1.032186e+01 2.403233e+01 1.799418e+01 2.014162e+01 9.088175e+00 1.534659e+01 1.431542e+01 5.561163e+00 1.000000e-02 4.165013e-01 8.730556e-01 1.703557e+00 1.216454e+00 1.603954e+00 2.868997e+00 2.854311e+00 3.729577e+00 6.235653e-01 1.718365e+00 1.805617e+00 3.726234e-01 1.000000e-02 7.659494e-02 1.341113e-01 2.396506e-01 1.670649e-01 1.682616e-01 5.597768e-01 3.298312e-01 3.826592e-01 1.672517e-01 2.723093e-01 1.860450e-01 1.822470e-01 1.000000e-02
<GCONST> 7.038834e+01
<STATE> 14
<MEAN> 39
 2.064880e-01 -2.136470e+01 -2.392281e+00 -5.210449e+00 -9.831631e+00 -4.426109e+00 5.382938e+00 -4.825119e+00 3.192105e+00 -5.979346e+00 -6.234723e-01 -4.476193e-01 3.701615e-01 1.602769e-01 2.450635e-01 -5.651548e-01 1.442413e+00 8.894783e-01 4.327754e-02 7.716445e-01 7.966200e-01 -2.439340e-01 3.334966e-01 8.341676e-01 5.016186e-01 -2.582911e-02 -2.788674e-01 2.482872e-01 -1.508434e-01 -3.827110e-01 -1.009863e-01 -2.811460e-01 6.730182e-02 -1.122593e-01 -1.559059e-01 1.996529e-01 -3.759175e-01 -3.486391e-01 3.058396e-03
<VARIANCE> 39
 1.479973e+00 8.820572e+00 7.000739e+00 6.311760e+00 6.551064e+00 3.888717e+00 1.209221e+01 1.132437e+01 1.222531e+01 6.136596e+00 1.023615e+01 5.561040e+00 1.000000e-02 1.794038e-01 3.824704e-01 8.917627e-01 5.945721e-01 1.119600e+00 2.008620e+00 8.576749e-01 5.481451e-01 1.223475e+00 1.523393e+00 1.868333e+00 8.515823e-01 1.000000e-02 7.252086e-02 8.653591e-02 9.655637e-02 9.887131e-02 1.347384e-01 1.662034e-01 3.464017e-01 4.122019e-01 1.413739e-01 1.660171e-01 3.781435e-01 1.221188e-01 1.000000e-02
<GCONST> 5.626970e+01
<STATE> 15
<MEAN> 39
 -5.357310e-01 -1.974020e+01 -6.440089e+00 -3.448304e+00 -7.688230e+00 -6.201518e+00 6.628953e+00 -3.677844e+00 3.188980e+00 -3.437154e+00 -1.551092e-02 -1.000177e+00 2.556288e-01 -2.311855e-01 8.309973e-01 -9.204147e-01 9.092014e-02 4.709668e-01 -1.174585e+00 -5.506760e-01 -4.567540e-01 -1.974121e-01 8.420513e-01 7.699763e-01 -5.676993e-01 -2.737806e-02 -1.481061e-01 -4.726057e-02 2.135736e-01 -2.793317e-01 1.839266e-03 1.961062e-02 -2.559177e-01 -3.655911e-02 -2.207808e-02 -5.717756e-02 -4.576735e-02 -6.594439e-02 -1.208242e-03
<VARIANCE> 39
 2.962510e+00 5.453657e+00 8.080047e+00 7.899528e+00 1.974327e+01 1.296189e+01 3.163905e+00 1.029011e+01 1.876279e+01 1.279805e+01 1.375041e+01 6.715089e+00 1.000000e-02 1.279747e-01 3.834012e-01 8.528908e-01 5.948266e-01 6.404069e-01 3.727490e-01 1.004782e+00 1.157918e+00 1.194556e+00 1.160382e+00 1.440251e+00 9.324151e-01 1.000000e-02 1.585318e-02 9.777064e-02 1.980668e-01 1.709152e-01 1.461055e-01 2.965241e-01 1.884197e-01 3.463545e-01 2.173291e-01 2.798849e-01 2.121801e-01 1.372495e-01 1.000000e-02
<GCONST> 5.742200e+01
<STATE> 16
<MEAN> 39
 -2.031268e+00 -1.901131e+01 -7.243320e+00 -3.890888e+00 -6.084566e+00 -8.098397e+00 4.561815e+00 -3.687032e+00 1.608763e+00 -2.321634e+00 1.069220e+00 -3.329430e+00 1.966745e-01 -1.088851e+00 1.502481e-02 -1.913849e-01 1.616792e-02 1.038662e+00 5.150251e-01 3.252368e-01 1.093314e+00 3.769666e-01 6.756363e-02 1.842178e-01 2.322965e-01 -4.222773e-02 -8.588599e-02 1.973504e-01 3.728836e-01 1.082993e-01 1.062119e-02 4.742569e-01 1.940939e-01 2.603330e-02 -2.176551e-02 -8.962532e-02 1.187047e-01 4.099112e-01 -2.794836e-03
<VARIANCE> 39
 4.330132e+00 4.648564e+00 7.140086e+00 5.097405e+00 1.640463e+01 1.123983e+01 5.751144e+00 4.913583e+00 9.075048e+00 8.879546e+00 1.075390e+01 7.627381e+00 1.000000e-02 3.033901e-01 2.773886e-01 6.202865e-01 8.408819e-01 8.735493e-01 1.791379e+00 6.832123e-01 1.094352e+00 1.050012e+00 2.705248e-01 7.533600e-01 9.199032e-01 1.000000e-02 1.010391e-01 1.203519e-01 4.970909e-02 1.309305e-01 2.119299e-01 3.669308e-01 3.015012e-01 2.801543e-01 2.851854e-01 2.856432e-01 2.204421e-01 1.716700e-01 1.000000e-02
<GCONST> 5.696716e+01
<STATE> 17
<MEAN> 39
 -4.474344e+00 -1.642566e+01 -6.128723e+00 -3.092699e+00 -4.151673e+00 -4.901802e+00 6.858942e+00 -1.746559e+00 1.655397e+00 -2.122050e+00 3.817556e+00 4.870926e-01 5.968644e-02 -2.871487e-01 1.801493e+00 1.186907e+00 1.966673e-02 1.994094e-01 5.700995e-01 -4.181005e-01 -5.928745e-01 -8.193849e-01 4.458101e-01 5.610168e-01 3.081234e-01 -2.395048e-02 1.520139e-01 2.032219e-01 1.613043e-01 -2.621182e-02 -4.532670e-02 -1.759929e-01 -3.051052e-01 -1.095296e-01 9.164891e-02 1.351989e-01 -2.226873e-01 -3.638024e-01 6.063740e-03
<VARIANCE> 39
 2.661310e+00 8.657023e+00 6.056118e+00 2.055800e+00 6.999139e+00 1.125304e+01 9.178992e+00 2.211475e+01 2.046265e+01 6.425820e+00 5.441025e+00 8.355548e+00 1.287227e-02 4.419401e-01 8.930513e-01 3.039574e-01 4.487603e-01 7.657512e-01 1.915593e+00 1.431136e+00 8.808705e-01 1.239738e+00 1.984796e+00 9.120637e-01 9.317065e-01 1.000000e-02 8.420006e-02 1.781114e-01 1.143183e-01 7.591858e-02 1.046657e-01 3.121918e-01 1.211546e-01 4.820476e-01 5.891322e-01 1.857854e-01 1.696427e-01 1.903444e-01 1.000000e-02
<GCONST> 5.972552e+01
<STATE> 18
<MEAN> 39
 -5.774975e+00 -1.114456e+01 -1.813704e+00 -2.937593e+00 -2.013102e+00 -4.317126e+00 3.906977e+00 -3.096685e+00 1.657833e+00 3.046955e-01 3.629701e+00 -1.171001e+00 9.459240e-03 -3.257074e-01 5.854290e-01 4.654018e-01 4.369449e-01 9.073662e-01 2.741011e-01 -4.703251e-01 4.345756e-01 4.081804e-01 -1.273921e-01 -4.366425e-01 -5.308203e-01 -1.738569e-02 5.784456e-02 -5.442002e-01 -3.822004e-01 3.972409e-02 5.356981e-02 1.883196e-02 1.453368e-01 2.751452e-01 5.619245e-02 -3.715250e-01 -9.276710e-02 1.158429e-01 2.271878e-03
<VARIANCE> 39
 2.626033e+00 5.837143e+00 2.313951e+00 6.455132e+00 8.310184e+00 5.326249e+00 5.585242e+00 1.209866e+01 1.302864e+01 1.240392e+01 7.261827e+00 6.266902e+00 1.000000e-02 1.903823e-01 7.895230e-01 6.360105e-01 1.736590e-01 5.467333e-01 2.348108e-01 3.294904e-01 1.897464e+00 2.347861e+00 7.033921e-01 8.574347e-01 1.171961e+00 1.000000e-02 8.577017e-02 1.415233e-01 6.123707e-02 9.199852e-02 2.184027e-01 1.377971e-01 1.008833e-01 2.505669e-01 3.064341e-01 9.747245e-02 1.556300e-01 2.337373e-01 1.000000e-02
<GCONST> 5.049116e+01
<TRANSP> 19
 0.000000e+00 1.000000e+00 0.000000e+00 0.000000e+00 0.000000e+00 0.000000e+00 0.000000e+00 0.000000e+00 0.000000e+00 0.000000e+00 0.000000e+00 0.000000e+00 0.000000e+00 0.000000e+00 0.000000e+00 0.000000e+00 0.000000e+00 0.000000e+00 0.000000e+00
 0.000000e+00 7.368421e-01 2.631579e-01 0.000000e+00 0.000000e+00 0.000000e+00 0.000000e+00 0.000000e+00 0.000000e+00 0.000000e+00 0.000000e+00 0.000000e+00 0.000000e+00 0.000000e+00 0.000000e+00 0.000000e+00 0.000000e+00 0.000000e+00 0.000000e+00
 0.000000e+00 0.000000e+00 6.428571e-01 3.571429e-01 0.000000e+00 0.000000e+00 0.000000e+00 0.000000e+00 0.000000e+00 0.000000e+00 0.000000e+00 0.000000e+00 0.000000e+00 0.000000e+00 0.000000e+00 0.000000e+00 0.000000e+00 0.000000e+00 0.000000e+00
 0.000000e+00 0.000000e+00 0.000000e+00 6.153846e-01 3.846154e-01 0.000000e+00 0.000000e+00 0.000000e+00 0.000000e+00 0.000000e+00 0.000000e+00 0.000000e+00 0.000000e+00 0.000000e+00 0.000000e+00 0.000000e+00 0.000000e+00 0.000000e+00 0.000000e+00
 0.000000e+00 0.000000e+00 0.000000e+00 0.000000e+00 7.619048e-01 2.380952e-01 0.000000e+00 0.000000e+00 0.000000e+00 0.000000e+00 0.000000e+00 0.000000e+00 0.000000e+00 0.000000e+00 0.000000e+00 0.000000e+00 0.000000e+00 0.000000e+00 0.000000e+00
 0.000000e+00 0.000000e+00 0.000000e+00 0.000000e+00 0.000000e+00 7.222222e-01 2.777778e-01 0.000000e+00 0.000000e+00 0.000000e+00 0.000000e+00 0.000000e+00 0.000000e+00 0.000000e+00 0.000000e+00 0.000000e+00 0.000000e+00 0.000000e+00 0.000000e+00
 0.000000e+00 0.000000e+00 0.000000e+00 0.000000e+00 0.000000e+00 0.000000e+00 6.666667e-01 3.333333e-01 0.000000e+00 0.000000e+00 0.000000e+00 0.000000e+00 0.000000e+00 0.000000e+00 0.000000e+00 0.000000e+00 0.000000e+00 0.000000e+00 0.000000e+00
 0.000000e+00 0.000000e+00 0.000000e+00 0.000000e+00 0.000000e+00 0.000000e+00 0.000000e+00 6.666667e-01 3.333333e-01 0.000000e+00 0.000000e+00 0.000000e+00 0.000000e+00 0.000000e+00 0.000000e+00 0.000000e+00 0.000000e+00 0.000000e+00 0.000000e+00
 0.000000e+00 0.000000e+00 0.000000e+00 0.000000e+00 0.000000e+00 0.000000e+00 0.000000e+00 0.000000e+00 6.428571e-01 3.571429e-01 0.000000e+00 0.000000e+00 0.000000e+00 0.000000e+00 0.000000e+00 0.000000e+00 0.000000e+00 0.000000e+00 0.000000e+00
 0.000000e+00 0.000000e+00 0.000000e+00 0.000000e+00 0.000000e+00 0.000000e+00 0.000000e+00 0.000000e+00 0.000000e+00 7.368421e-01 2.631579e-01 0.000000e+00 0.000000e+00 0.000000e+00 0.000000e+00 0.000000e+00 0.000000e+00 0.000000e+00 0.000000e+00
 0.000000e+00 0.000000e+00 0.000000e+00 0.000000e+00 0.000000e+00 0.000000e+00 0.000000e+00 0.000000e+00 0.000000e+00 0.000000e+00 6.428571e-01 3.571429e-01 0.000000e+00 0.000000e+00 0.000000e+00 0.000000e+00 0.000000e+00 0.000000e+00 0.000000e+00
 0.000000e+00 0.000000e+00 0.000000e+00 0.000000e+00 0.000000e+00 0.000000e+00 0.000000e+00 0.000000e+00 0.000000e+00 0.000000e+00 0.000000e+00 7.368421e-01 2.631579e-01 0.000000e+00 0.000000e+00 0.000000e+00 0.000000e+00 0.000000e+00 0.000000e+00
 0.000000e+00 0.000000e+00 0.000000e+00 0.000000e+00 0.000000e+00 0.000000e+00 0.000000e+00 0.000000e+00 0.000000e+00 0.000000e+00 0.000000e+00 0.000000e+00 7.058824e-01 2.941177e-01 0.000000e+00 0.000000e+00 0.000000e+00 0.000000e+00 0.000000e+00
 0.000000e+00 0.000000e+00 0.000000e+00 0.000000e+00 0.000000e+00 0.000000e+00 0.000000e+00 0.000000e+00 0.000000e+00 0.000000e+00 0.000000e+00 0.000000e+00 0.000000e+00 6.666667e-01 3.333333e-01 0.000000e+00 0.000000e+00 0.000000e+00 0.000000e+00
 0.000000e+00 0.000000e+00 0.000000e+00 0.000000e+00 0.000000e+00 0.000000e+00 0.000000e+00 0.000000e+00 0.000000e+00 0.000000e+00 0.000000e+00 0.000000e+00 0.000000e+00 0.000000e+00 6.875000e-01 3.125000e-01 0.000000e+00 0.000000e+00 0.000000e+00
 0.000000e+00 0.000000e+00 0.000000e+00 0.000000e+00 0.000000e+00 0.000000e+00 0.000000e+00 0.000000e+00 0.000000e+00 0.000000e+00 0.000000e+00 0.000000e+00 0.000000e+00 0.000000e+00 0.000000e+00 6.666667e-01 3.333333e-01 0.000000e+00 0.000000e+00
 0.000000e+00 0.000000e+00 0.000000e+00 0.000000e+00 0.000000e+00 0.000000e+00 0.000000e+00 0.000000e+00 0.000000e+00 0.000000e+00 0.000000e+00 0.000000e+00 0.000000e+00 0.000000e+00 0.000000e+00 0.000000e+00 6.666667e-01 3.333333e-01 0.000000e+00
 0.000000e+00 0.000000e+00 0.000000e+00 0.000000e+00 0.000000e+00 0.000000e+00 0.000000e+00 0.000000e+00 0.000000e+00 0.000000e+00 0.000000e+00 0.000000e+00 0.000000e+00 0.000000e+00 0.000000e+00 0.000000e+00 0.000000e+00 6.428571e-01 3.571429e-01
 0.000000e+00 0.000000e+00 0.000000e+00 0.000000e+00 0.000000e+00 0.000000e+00 0.000000e+00 0.000000e+00 0.000000e+00 0.000000e+00 0.000000e+00 0.000000e+00 0.000000e+00 0.000000e+00 0.000000e+00 0.000000e+00 0.000000e+00 0.000000e+00 0.000000e+00
<ENDHMM>
