~o
<STREAMINFO> 1 39
<VECSIZE> 39<NULLD><MFCC_E_D_A><DIAGC>
~h "Cha^m"
<BEGINHMM>
<NUMSTATES> 13
<STATE> 2
<MEAN> 39
 -8.685641e+00 -8.002045e+00 -2.310580e+00 -5.167118e+00 2.933662e+00 -4.131386e+00 1.447335e+00 -1.620956e+00 2.703283e-01 -1.650993e+00 2.255130e+00 -1.637015e+00 8.176292e-02 -1.598755e+00 2.055982e-01 -5.849013e-01 -3.029971e+00 -4.555304e-01 -1.566368e+00 -2.170163e-01 5.712521e-02 4.275995e-02 9.167812e-01 -3.545045e-01 -3.959350e-01 1.037135e-01 -6.493796e-02 -2.851435e-01 -1.708800e-01 -7.103547e-01 -7.365696e-01 -6.234495e-01 3.751592e-01 1.814308e-02 1.919690e-01 1.730905e-01 -9.610922e-02 -1.043853e-01 3.404132e-02
<VARIANCE> 39
 3.061201e+01 3.546504e+00 9.047033e+00 4.956828e+01 1.610077e+01 3.059105e+01 1.577767e+01 1.115955e+01 1.269430e+01 1.146840e+01 1.033222e+01 1.495661e+01 4.042142e-02 2.415286e+00 9.926983e-01 9.845865e-01 5.848591e+00 3.100118e+00 4.872292e+00 1.334516e+00 1.412551e+00 2.139590e+00 1.025725e+00 1.223020e+00 2.108102e+00 1.000000e-02 9.804613e-01 4.129153e-01 1.131992e-01 9.062848e-01 7.729847e-01 5.427980e-01 3.472474e-01 2.723005e-01 3.877271e-01 3.007922e-01 2.355191e-01 3.542446e-01 1.000000e-02
<GCONST> 8.810965e+01
<STATE> 3
<MEAN> 39
 -1.058758e+01 -1.520764e+01 -7.002264e+00 -1.872901e+01 -9.916033e+00 -1.351472e+01 8.815411e+00 2.375683e-01 2.453229e+00 1.645730e+00 -1.149300e+00 -4.869412e+00 8.110431e-01 7.425496e-01 -3.336593e+00 -1.749816e+00 9.381526e-01 -8.148600e-01 3.792487e-01 2.971807e+00 1.160436e+00 -7.100489e-01 -1.300310e+00 -1.292788e+00 -1.403215e-01 9.501567e-02 -4.839838e-02 -3.036850e-02 -1.923790e-01 1.383732e+00 1.615241e+00 9.802473e-01 -1.521423e-01 -4.073812e-02 -4.892477e-01 -7.506003e-01 -1.988904e-01 5.070341e-01 -3.111718e-02
<VARIANCE> 39
 2.077947e+01 6.204490e+01 3.503570e+01 2.142703e+01 4.303231e+01 3.925103e+01 5.479364e+01 2.950154e+01 1.660842e+01 2.443076e+01 1.897613e+01 1.373795e+01 1.259213e-02 1.677633e+00 2.016528e+00 1.303028e+00 7.166806e+00 1.898690e+01 5.771794e+00 1.644957e+00 1.754582e+00 3.091638e+00 6.282772e+00 1.571095e+00 2.214801e+00 1.000000e-02 6.371585e-01 1.384523e+00 2.380829e-01 8.490997e-01 1.722282e+00 6.864817e-01 1.196143e+00 6.130571e-01 4.680888e-01 7.574301e-01 2.522953e-01 3.628807e-01 1.000000e-02
<GCONST> 1.063926e+02
<STATE> 4
<MEAN> 39
 -1.097717e+01 -2.387809e+01 -1.560382e+01 -7.211339e+00 4.418668e+00 -6.537602e+00 1.385490e+01 1.392859e+00 -2.754099e+00 -6.464640e+00 -7.060402e+00 5.388262e-01 9.828784e-01 -4.705659e-01 -2.352227e-01 -1.178954e+00 1.108065e+00 3.260383e+00 1.016486e+00 -1.087026e+00 -1.704263e+00 4.907198e-01 -2.303739e-01 -6.463754e-01 5.523611e-01 8.900126e-03 8.660331e-02 3.795763e-01 2.952506e-01 -8.609087e-01 -6.362795e-01 -2.956151e-01 -4.739691e-01 -3.694212e-01 7.702183e-01 6.852680e-01 2.916769e-01 -6.525627e-01 -1.060980e-02
<VARIANCE> 39
 1.287401e+01 3.477898e+00 1.606803e+01 1.090136e+01 2.380053e+01 2.106070e+01 1.416629e+01 3.212166e+01 2.123417e+01 1.716695e+01 1.223656e+01 3.760043e+00 1.000000e-02 3.402336e-01 6.772115e-01 3.584449e-01 2.672064e+00 2.203760e+00 7.408150e-01 7.164193e-01 1.121057e+00 1.535316e+00 1.166811e+00 3.716619e-01 2.080628e+00 1.000000e-02 6.737608e-02 1.685533e-01 6.535497e-02 1.480327e-01 2.175758e-01 1.286533e-01 3.627762e-01 4.225211e-01 1.703606e-01 2.783647e-01 1.533093e-01 1.621546e-01 1.000000e-02
<GCONST> 6.666914e+01
<STATE> 5
<MEAN> 39
 -1.162744e+01 -2.350466e+01 -1.809031e+01 -1.076246e+01 1.069449e+01 -3.413118e+00 9.274326e+00 -5.857752e+00 6.181520e+00 -4.048323e+00 -7.456393e+00 -5.039063e+00 9.282410e-01 7.552757e-01 6.635235e-01 1.039051e-01 -1.521246e+00 -5.351029e-01 -2.046225e-01 -1.075926e+00 -4.977755e-01 2.180806e+00 8.471062e-01 7.463428e-01 -1.691790e+00 -3.114509e-02 4.925384e-01 1.612614e-01 5.413041e-01 3.243114e-02 -8.943249e-01 -6.478867e-01 -7.746249e-02 1.227849e-01 -2.901648e-01 -1.449086e-01 3.034904e-01 7.332244e-02 -9.454181e-03
<VARIANCE> 39
 7.944771e+00 4.575776e+00 9.249167e+00 9.939704e+00 8.866260e+00 1.152009e+01 9.199615e+00 2.027881e+01 3.138011e+01 1.447761e+01 1.078663e+01 1.284572e+01 1.000000e-02 6.510736e-01 4.159380e-01 1.093751e+00 4.897401e-01 2.606039e+00 1.996538e+00 7.841424e-01 7.690185e-01 9.312265e-01 6.883677e-01 8.285437e-01 3.010410e-01 1.000000e-02 7.822043e-02 6.860416e-02 1.762869e-01 2.828730e-01 2.209643e-01 3.835568e-01 2.011266e-01 3.314852e-01 4.213877e-01 2.180386e-01 9.152349e-02 2.406853e-01 1.000000e-02
<GCONST> 6.465602e+01
<STATE> 6
<MEAN> 39
 -3.748134e+00 -2.006431e+01 -1.124924e+01 -1.390603e+01 8.780576e-01 -1.209568e+01 3.551704e+00 -9.342726e+00 9.362280e+00 -3.538058e+00 -2.831435e+00 -8.467646e+00 7.018666e-01 2.636980e+00 -6.625270e-02 2.808482e+00 1.057135e+00 -2.934789e+00 -2.041600e+00 -1.057727e+00 -1.893993e+00 -1.517560e+00 -7.919480e-01 -2.349604e-01 5.268280e-01 -5.673536e-02 -1.030777e-01 -3.944635e-01 -7.549094e-02 4.703838e-01 2.046483e-01 7.815714e-01 2.340358e-01 7.915479e-02 -5.478408e-01 1.096139e-02 -6.519690e-01 4.496814e-01 7.908456e-03
<VARIANCE> 39
 2.209209e+01 2.774814e+00 2.406787e+01 1.020849e+01 1.830577e+01 2.739161e+01 2.209044e+01 2.291487e+01 2.002213e+01 2.608700e+01 1.815504e+01 7.042831e+00 1.000000e-02 6.517642e-01 5.396867e-01 7.046592e-01 1.054243e+00 2.000691e+00 4.134525e+00 2.248806e+00 1.561716e+00 2.379219e+00 6.184475e-01 1.990571e+00 1.039458e+00 1.000000e-02 2.242475e-01 4.199601e-02 4.500068e-01 3.348830e-01 3.881109e-01 6.764102e-01 2.316988e-01 6.256177e-01 7.691472e-01 2.752211e-01 1.460422e-01 1.632912e-01 1.000000e-02
<GCONST> 7.906042e+01
<STATE> 7
<MEAN> 39
 3.326068e+00 -2.191450e+01 -5.114797e+00 -1.064295e+01 -5.472034e+00 -1.202709e+01 7.305893e-01 -1.061799e+01 2.299358e+00 -2.594621e+00 -7.919126e+00 -6.198532e+00 6.172264e-01 2.176109e-01 -1.856935e-01 5.009335e-01 -1.395016e-01 2.899756e-03 1.716697e-01 -1.790489e-01 9.194894e-01 -2.137945e-01 3.105422e-01 -8.318635e-01 1.833766e-01 -7.118958e-03 -3.927933e-01 1.337994e-01 -2.940906e-01 -2.071441e-01 3.833221e-01 -3.099784e-02 1.365376e-01 2.262343e-01 4.835941e-01 -2.418784e-02 1.735061e-01 -1.003714e-01 2.179736e-03
<VARIANCE> 39
 9.803700e+00 4.391944e+00 3.816246e+00 7.282663e+00 8.126887e+00 1.280413e+01 2.114770e+01 2.563325e+01 2.334559e+01 2.728901e+01 1.043886e+01 1.330271e+01 1.000000e-02 8.481048e-01 2.979645e-01 4.118222e-01 8.322789e-01 1.541450e+00 1.884789e+00 9.860550e-01 1.658499e+00 2.101435e+00 1.557829e+00 4.434719e-01 1.262133e+00 1.000000e-02 1.500207e-01 2.523188e-02 1.111138e-01 2.368929e-01 4.487081e-01 3.222300e-01 1.760736e-01 6.638544e-01 2.460743e-01 3.321032e-01 9.363995e-02 3.114063e-01 1.000000e-02
<GCONST> 6.766368e+01
<STATE> 8
<MEAN> 39
 1.641712e+00 -2.189059e+01 -4.020412e+00 -1.053826e+01 -4.793326e+00 -1.072855e+01 1.048301e+00 -8.398179e+00 6.441370e+00 -3.308587e+00 -9.226957e+00 -4.825215e+00 5.271894e-01 3.156567e-03 1.123149e-01 -5.073257e-01 1.317992e+00 -8.369576e-02 9.246411e-01 -8.211093e-02 1.907566e-01 1.891094e-01 3.688002e-02 1.062195e+00 7.034674e-01 -3.896498e-02 1.035660e-01 -3.075036e-02 -3.809662e-01 4.431650e-01 1.280580e-01 1.511152e-01 6.193436e-02 1.048809e-01 -5.366331e-01 1.488485e-02 4.617446e-01 1.420266e-01 -6.518516e-03
<VARIANCE> 39
 3.233180e+00 8.395448e+00 4.324111e+00 1.294681e+01 7.085710e+00 2.782774e+01 1.151727e+01 2.441468e+01 1.262400e+01 1.867674e+01 1.354722e+01 1.416200e+01 1.000000e-02 1.906919e-01 3.290899e-01 8.474323e-01 2.424110e+00 8.997911e-01 1.574646e+00 6.617610e-01 2.703183e+00 2.357470e+00 1.619954e+00 1.529781e+00 9.005421e-01 1.000000e-02 4.387679e-02 5.574027e-02 1.175929e-01 2.908062e-01 1.986469e-01 4.428759e-01 1.484813e-01 6.113425e-01 2.583024e-01 3.823140e-01 2.719148e-01 1.782554e-01 1.000000e-02
<GCONST> 6.781138e+01
<STATE> 9
<MEAN> 39
 1.849118e+00 -2.204573e+01 -9.958332e+00 -3.384782e+00 -3.082886e+00 -8.037556e+00 1.937189e+00 -4.409050e+00 2.866616e+00 -3.920995e+00 -2.918206e+00 -7.787813e-01 3.506594e-01 -4.693003e-01 -1.907725e-01 -9.334569e-01 9.685512e-01 6.921501e-01 5.168418e-01 3.641625e-01 6.150586e-01 -7.546985e-01 -7.178880e-01 2.549115e-01 6.155095e-01 -3.062182e-02 -1.563049e-01 9.503294e-02 3.761064e-01 -1.406070e-01 1.634758e-01 7.725093e-03 -2.699901e-02 -1.705262e-01 1.033358e-01 -1.186940e-01 -4.174383e-01 -1.836927e-01 2.608992e-03
<VARIANCE> 39
 4.529417e+00 1.032096e+01 8.553800e+00 6.625565e+00 7.074664e+00 6.428915e+00 8.598930e+00 1.249487e+01 5.957493e+00 1.123124e+01 1.098270e+01 1.074849e+01 1.000000e-02 3.023183e-01 3.498780e-01 1.093831e+00 7.319245e-01 6.865776e-01 1.944348e+00 6.536252e-01 6.671512e-01 8.830592e-01 1.372414e+00 2.664976e+00 8.296695e-01 1.000000e-02 5.342359e-02 1.608406e-01 1.908408e-01 2.623973e-01 1.421631e-01 4.020490e-01 9.136751e-02 1.880225e-01 1.564873e-01 3.634442e-01 3.479526e-01 1.155403e-01 1.000000e-02
<GCONST> 6.043044e+01
<STATE> 10
<MEAN> 39
 -6.110476e-01 -2.045969e+01 -8.892420e+00 6.505736e-01 1.505096e+00 -6.233099e+00 3.583566e+00 -2.476354e+00 2.049298e+00 -5.944633e+00 -4.170733e+00 -9.735496e-01 2.280901e-01 -4.130807e-01 7.770560e-01 4.179231e-01 5.171593e-01 7.363829e-01 7.302298e-02 -1.294016e-01 6.375618e-01 3.205370e-01 2.210875e-01 2.560386e-01 -3.865578e-01 -2.477569e-02 -7.178112e-02 -5.356421e-02 -1.341956e-02 -1.853281e-01 -1.071326e-01 -4.095624e-02 -1.313183e-02 3.625522e-02 4.136419e-02 4.465681e-02 4.780490e-04 -9.164604e-02 3.192398e-04
<VARIANCE> 39
 2.904458e+00 9.915231e+00 3.716282e+00 4.772022e+00 3.919607e+00 6.521136e+00 1.491092e+01 1.239729e+01 1.327573e+01 1.093165e+01 1.299828e+01 9.122087e+00 1.000000e-02 6.456705e-01 1.651851e+00 1.057760e+00 4.888619e-01 5.434107e-01 4.915821e-01 1.172427e+00 1.037467e+00 8.955694e-01 1.271742e+00 8.968747e-01 7.694248e-01 1.000000e-02 1.322075e-01 3.344553e-01 1.302705e-01 5.651012e-02 6.900439e-02 1.472917e-01 3.567487e-01 1.370619e-01 3.186013e-01 3.738594e-01 2.391396e-01 1.536240e-01 1.000000e-02
<GCONST> 5.928237e+01
<STATE> 11
<MEAN> 39
 -3.449821e+00 -2.054403e+01 -9.259722e+00 2.074430e+00 4.585888e+00 -4.887790e+00 2.001155e+00 -1.103040e+00 4.781429e-01 -6.552839e+00 -3.895971e+00 -2.109674e+00 1.391133e-01 -7.064786e-01 6.329004e-01 4.887102e-01 -1.889936e-01 3.365356e-01 4.258809e-01 8.266255e-01 5.314265e-01 7.952607e-02 2.776583e-01 1.268576e-01 1.391670e-01 -2.952337e-02 1.134165e-01 4.747059e-01 2.000682e-01 -3.530348e-01 -2.343038e-01 1.521895e-01 2.368843e-01 -5.087423e-02 2.945936e-01 4.352678e-01 3.618207e-01 2.001323e-01 -3.569153e-03
<VARIANCE> 39
 6.797511e-01 1.947511e+01 1.252627e+01 7.983849e+00 6.114645e+00 9.686449e+00 1.860277e+01 1.121825e+01 9.778432e+00 8.421819e+00 4.959261e+00 6.987925e+00 1.000000e-02 2.227512e-01 2.836824e+00 1.133360e+00 9.302415e-01 6.455222e-01 1.928241e+00 3.491911e+00 1.210437e+00 2.181758e+00 2.013929e+00 9.308497e-01 1.218481e+00 1.000000e-02 2.020597e-02 5.810220e-01 4.290973e-01 8.565945e-02 6.612971e-02 2.904994e-01 4.506485e-01 3.112659e-01 3.533894e-01 3.359939e-01 8.461545e-02 1.305949e-01 1.000000e-02
<GCONST> 6.498833e+01
<STATE> 12
<MEAN> 39
 -4.948238e+00 -1.319978e+01 -4.882844e+00 -1.389137e+00 4.011388e+00 -2.086893e+00 5.155410e+00 -1.543782e-01 3.780464e+00 -2.012195e+00 1.592458e-01 -8.998694e-01 6.876372e-03 -2.570317e-01 1.037030e+00 5.229273e-01 -7.000779e-01 -2.398988e-01 4.079517e-01 -2.426844e-01 -3.212444e-01 -1.618234e-01 3.694864e-01 5.776573e-01 -6.305154e-02 -2.262099e-02 1.066938e-01 -3.644477e-01 -2.466551e-01 1.861141e-01 -5.617770e-02 -2.892064e-01 -4.017844e-01 -1.262343e-01 -4.177394e-01 -3.611912e-01 -1.742296e-01 -1.076514e-01 5.295236e-03
<VARIANCE> 39
 2.433026e+00 4.402884e+00 6.361044e+00 3.252275e+00 3.564692e+00 1.148047e+01 1.316307e+01 1.415226e+01 2.363859e+01 1.364470e+01 1.241964e+01 1.624449e+01 1.000000e-02 2.713515e-01 1.689987e+00 1.372388e+00 5.660671e-01 4.278198e-01 1.808603e+00 1.798948e+00 2.191069e+00 3.163338e+00 2.901157e+00 1.312007e+00 2.157545e+00 1.000000e-02 5.285146e-02 1.984878e-01 2.028927e-01 1.035136e-01 4.182117e-02 3.426504e-01 4.221045e-01 4.943940e-01 5.758315e-01 5.548385e-01 2.232297e-01 4.428632e-01 1.000000e-02
<GCONST> 6.893734e+01
<TRANSP> 13
 0.000000e+00 1.000000e+00 0.000000e+00 0.000000e+00 0.000000e+00 0.000000e+00 0.000000e+00 0.000000e+00 0.000000e+00 0.000000e+00 0.000000e+00 0.000000e+00 0.000000e+00
 0.000000e+00 8.000000e-01 2.000000e-01 0.000000e+00 0.000000e+00 0.000000e+00 0.000000e+00 0.000000e+00 0.000000e+00 0.000000e+00 0.000000e+00 0.000000e+00 0.000000e+00
 0.000000e+00 0.000000e+00 7.916667e-01 2.083333e-01 0.000000e+00 0.000000e+00 0.000000e+00 0.000000e+00 0.000000e+00 0.000000e+00 0.000000e+00 0.000000e+00 0.000000e+00
 0.000000e+00 0.000000e+00 0.000000e+00 7.619048e-01 2.380952e-01 0.000000e+00 0.000000e+00 0.000000e+00 0.000000e+00 0.000000e+00 0.000000e+00 0.000000e+00 0.000000e+00
 0.000000e+00 0.000000e+00 0.000000e+00 0.000000e+00 7.916667e-01 2.083333e-01 0.000000e+00 0.000000e+00 0.000000e+00 0.000000e+00 0.000000e+00 0.000000e+00 0.000000e+00
 0.000000e+00 0.000000e+00 0.000000e+00 0.000000e+00 0.000000e+00 7.222222e-01 2.777778e-01 0.000000e+00 0.000000e+00 0.000000e+00 0.000000e+00 0.000000e+00 0.000000e+00
 0.000000e+00 0.000000e+00 0.000000e+00 0.000000e+00 0.000000e+00 0.000000e+00 8.148148e-01 1.851852e-01 0.000000e+00 0.000000e+00 0.000000e+00 0.000000e+00 0.000000e+00
 0.000000e+00 0.000000e+00 0.000000e+00 0.000000e+00 0.000000e+00 0.000000e+00 0.000000e+00 7.500000e-01 2.500000e-01 0.000000e+00 0.000000e+00 0.000000e+00 0.000000e+00
 0.000000e+00 0.000000e+00 0.000000e+00 0.000000e+00 0.000000e+00 0.000000e+00 0.000000e+00 0.000000e+00 7.916667e-01 2.083333e-01 0.000000e+00 0.000000e+00 0.000000e+00
 0.000000e+00 0.000000e+00 0.000000e+00 0.000000e+00 0.000000e+00 0.000000e+00 0.000000e+00 0.000000e+00 0.000000e+00 8.076923e-01 1.923077e-01 0.000000e+00 0.000000e+00
 0.000000e+00 0.000000e+00 0.000000e+00 0.000000e+00 0.000000e+00 0.000000e+00 0.000000e+00 0.000000e+00 0.000000e+00 0.000000e+00 7.058824e-01 2.941177e-01 0.000000e+00
 0.000000e+00 0.000000e+00 0.000000e+00 0.000000e+00 0.000000e+00 0.000000e+00 0.000000e+00 0.000000e+00 0.000000e+00 0.000000e+00 0.000000e+00 7.619048e-01 2.380952e-01
 0.000000e+00 0.000000e+00 0.000000e+00 0.000000e+00 0.000000e+00 0.000000e+00 0.000000e+00 0.000000e+00 0.000000e+00 0.000000e+00 0.000000e+00 0.000000e+00 0.000000e+00
<ENDHMM>
