~o
<STREAMINFO> 1 39
<VECSIZE> 39<NULLD><MFCC_E_D_A><DIAGC>
~h "Chay"
<BEGINHMM>
<NUMSTATES> 16
<STATE> 2
<MEAN> 39
 -7.076573e+00 -8.921466e+00 -1.599537e+00 -2.632339e+00 3.374392e-03 -4.417348e+00 1.037416e+00 -1.680456e+00 1.283558e+00 -1.612656e+00 1.240505e+00 -1.810042e+00 -6.478803e-02 -1.329538e+00 5.756242e-01 -7.998241e-01 -2.206224e+00 2.272304e-01 -7.825138e-01 -2.007645e-01 6.465042e-02 9.476199e-01 7.332797e-01 -6.932346e-01 -2.517537e-01 7.371758e-02 -2.413177e-01 1.023338e-01 -3.014471e-01 -1.135827e+00 -2.993093e-01 -2.923121e-01 1.432196e-01 5.891332e-02 2.821760e-01 2.473656e-01 -1.153967e-01 1.725160e-02 4.984067e-02
<VARIANCE> 39
 4.788486e+00 2.080345e+00 3.845351e+00 7.383466e+00 7.171355e+00 6.157047e+00 8.983126e+00 5.273813e+00 1.226159e+01 1.019996e+01 1.495076e+01 1.466745e+01 1.319049e-02 1.131971e+00 1.029151e+00 1.426012e+00 5.587510e+00 2.145398e+00 2.452860e+00 1.364042e+00 1.758358e+00 4.486068e-01 1.049726e+00 1.277175e+00 1.555313e+00 1.000000e-02 1.508724e-01 1.757529e-01 1.967895e-01 4.177124e-01 1.023811e+00 5.174374e-01 2.022473e-01 3.068334e-01 2.454954e-01 1.842123e-01 2.237624e-01 3.132468e-01 1.000000e-02
<GCONST> 7.104757e+01
<STATE> 3
<MEAN> 39
 -1.270787e+01 -8.011206e+00 -6.575054e+00 -1.925948e+01 -6.352179e+00 -9.924568e+00 2.042545e+00 -1.807515e+00 4.467039e+00 1.557117e+00 -1.697924e+00 -2.181764e+00 6.336704e-01 5.557560e-02 -2.873573e+00 -1.383686e+00 -1.797919e+00 -3.943870e+00 -1.920184e-01 2.297928e+00 6.406791e-01 -3.778920e-01 1.678621e-01 -2.592492e-01 -7.320383e-01 1.587177e-01 5.175889e-01 -1.144712e+00 -1.414284e-01 1.684417e+00 3.930789e-01 8.815255e-01 6.715453e-01 1.595555e-01 -8.199850e-01 -8.070884e-01 1.776368e-01 -9.401627e-02 -2.791982e-02
<VARIANCE> 39
 1.318494e+01 3.522583e+01 1.325354e+01 1.256638e+01 9.804242e+01 4.424265e+01 3.158685e+01 2.005601e+01 6.774949e+00 2.171209e+01 9.385721e+00 1.384561e+01 2.874774e-02 1.406563e+00 4.984445e+00 1.084260e+00 8.531223e+00 3.716898e+00 5.521620e+00 2.979333e+00 1.975793e+00 2.574802e+00 2.329323e+00 7.276359e-01 1.580957e+00 1.000000e-02 1.790628e-01 5.149697e-01 2.194047e-01 3.732535e-01 3.191787e+00 6.011199e-01 4.695559e-01 4.750376e-01 2.107243e-01 4.217884e-01 1.281317e-01 4.202724e-01 1.000000e-02
<GCONST> 9.467948e+01
<STATE> 4
<MEAN> 39
 -1.030783e+01 -2.289670e+01 -1.353244e+01 -1.212494e+01 -7.818604e+00 -4.068620e+00 1.343025e+01 -7.048670e-02 -3.704238e+00 -6.935982e+00 -1.588686e+00 -4.064387e+00 9.292626e-01 6.572170e-02 -2.327924e+00 -1.565754e+00 3.030070e+00 3.637429e+00 1.256565e+00 8.430420e-01 -5.427492e-01 -1.821159e+00 -2.064184e+00 8.680443e-01 1.433269e+00 3.543584e-02 -1.326331e-01 8.468019e-01 2.509663e-01 7.832841e-02 1.047963e+00 -4.426266e-01 -1.001179e+00 -3.310830e-01 5.980883e-01 5.239728e-01 1.442184e-01 4.576730e-01 -1.616082e-02
<VARIANCE> 39
 2.173407e+01 1.419375e+01 7.964560e+00 2.547489e+01 4.387727e+01 3.394730e+01 3.094208e+01 9.197042e+00 1.132410e+01 1.808872e+01 1.198616e+01 1.962826e+01 1.000000e-02 2.457038e-01 9.837506e-01 5.480776e-01 5.670095e-01 1.210276e+00 1.623869e+00 3.597020e+00 1.114509e+00 1.807153e+00 3.019332e+00 1.191283e+00 1.206240e+00 1.000000e-02 6.667700e-02 8.509300e-02 1.247864e-01 4.266825e-01 1.437995e+00 2.277184e-01 2.635858e-01 3.465807e-01 3.308249e-01 5.671172e-01 2.907988e-01 3.779936e-01 1.000000e-02
<GCONST> 7.868545e+01
<STATE> 5
<MEAN> 39
 -1.038406e+01 -2.567336e+01 -1.714467e+01 -3.330637e+00 6.089768e+00 -2.905728e+00 1.035253e+01 -2.698555e+00 -3.370952e+00 -7.179740e+00 8.722228e-01 1.338164e+00 9.913160e-01 -2.054997e-01 5.555859e-02 -6.614980e-01 5.450771e-01 1.825606e+00 -2.269243e-01 -5.852570e-01 -6.930990e-01 9.726637e-01 -1.780528e-02 -5.839334e-01 -7.963733e-02 2.918879e-03 -2.099679e-01 2.175542e-01 1.530622e-01 -5.626000e-01 -8.215364e-01 -9.699388e-02 2.202019e-01 -1.599354e-02 2.330397e-01 -4.568202e-02 -2.770146e-01 -4.687715e-01 -6.334343e-03
<VARIANCE> 39
 1.404740e+01 1.075365e+01 7.157586e+00 7.581503e+00 3.870868e+01 5.449331e+01 4.247394e+01 9.144100e+00 1.514126e+01 6.776749e+00 5.606781e+00 1.221204e+01 1.000000e-02 5.166730e-01 3.501024e-01 5.709747e-01 1.049580e+00 2.055149e+00 1.056393e+00 5.420018e-01 5.947713e-01 7.468532e-01 8.292633e-01 8.936393e-01 5.492052e-01 1.000000e-02 5.006566e-02 1.254865e-01 5.732059e-02 1.735452e-01 8.535587e-02 1.824915e-01 1.511122e-01 1.165703e-01 2.433388e-01 1.211779e-01 2.900260e-01 1.118038e-01 1.000000e-02
<GCONST> 6.074318e+01
<STATE> 6
<MEAN> 39
 -1.349478e+01 -2.513268e+01 -1.790375e+01 -3.941631e+00 7.151934e+00 -4.432075e+00 1.093595e+01 -5.463655e+00 3.702892e-01 -9.319989e+00 -1.286636e+00 -8.115696e-01 9.556011e-01 -4.964086e-01 2.024571e-01 3.595051e-01 -7.633859e-02 -7.540140e-01 -2.415940e-01 5.447299e-01 1.005202e-01 -1.506942e-01 -6.929430e-01 9.705926e-02 -5.872768e-02 -1.116078e-02 2.792242e-01 1.948641e-02 3.116381e-01 -1.449864e-01 -4.697933e-01 1.488322e-02 2.289901e-01 3.619396e-01 -4.507404e-01 -5.598896e-02 1.886453e-01 1.064349e-01 -3.386141e-04
<VARIANCE> 39
 7.465251e+00 4.669904e+00 7.063624e+00 8.753119e+00 3.704149e+01 4.150874e+01 2.189367e+01 6.408093e+00 1.320946e+01 6.754844e+00 2.442547e+00 8.250374e+00 1.000000e-02 6.437729e-01 3.526798e-01 4.335804e-01 4.787271e-01 1.136039e+00 6.251026e-01 1.817116e-01 6.157740e-01 1.516773e+00 5.703461e-01 3.852789e-01 4.235273e-01 1.000000e-02 1.285208e-01 5.505226e-02 7.127564e-02 8.216324e-02 7.161319e-02 1.170141e-01 3.031801e-02 6.241804e-02 1.209959e-01 1.187767e-01 5.308329e-02 8.153734e-02 1.000000e-02
<GCONST> 4.694006e+01
<STATE> 7
<MEAN> 39
 -1.240063e+01 -2.417459e+01 -1.330893e+01 -7.103977e+00 2.548067e-01 -5.731566e+00 1.492079e+01 -2.328115e+00 -3.652257e+00 -1.135741e+01 -6.017421e-01 -1.573653e+00 9.081291e-01 4.588206e-01 5.450960e-01 1.644310e+00 -1.669365e+00 -2.558607e+00 -6.155370e-01 7.806629e-01 8.884060e-01 1.205822e-01 1.032574e+00 -1.468379e-01 -1.252256e+00 -2.034411e-02 -5.116870e-02 2.260931e-01 1.587581e-01 -2.792314e-01 -3.000815e-01 -2.455271e-01 -4.207420e-01 -8.504388e-02 6.999139e-01 9.482800e-01 -4.289433e-02 -2.909358e-01 -3.513335e-03
<VARIANCE> 39
 6.749608e+00 5.017604e+00 1.089608e+01 1.524661e+01 3.920337e+01 2.687894e+01 2.254276e+01 1.028594e+01 8.496870e+00 1.326755e+01 1.009479e+01 1.127610e+01 1.000000e-02 3.112982e-01 3.233884e-01 3.063106e-01 7.244942e-01 8.566170e-01 3.519583e-01 7.905267e-01 5.721890e-01 1.250104e+00 2.102482e+00 6.355711e-01 1.053640e+00 1.000000e-02 3.369941e-02 4.259444e-02 5.683825e-02 1.660048e-01 8.268252e-02 7.270420e-02 1.763102e-01 7.248668e-02 7.704066e-02 1.212815e-01 1.761563e-01 2.703175e-01 1.000000e-02
<GCONST> 5.473344e+01
<STATE> 8
<MEAN> 39
 -1.061537e+01 -2.076989e+01 -7.171408e+00 -1.360880e+01 -9.969462e+00 -1.062407e+01 1.535223e+01 9.308603e-01 2.227732e+00 -7.836121e-01 1.046596e+00 -6.519641e+00 8.112157e-01 1.820005e-01 9.884139e-01 1.656690e+00 -1.848673e+00 -2.160697e+00 -1.927193e+00 -1.490744e+00 -4.262385e-01 2.344726e+00 3.385365e+00 7.504735e-01 -1.825865e-01 -1.544594e-02 -1.117721e-01 -8.798999e-02 -2.583364e-01 1.008419e-01 6.164963e-01 -8.448415e-02 -3.950546e-01 -5.203164e-01 -8.075237e-02 -4.469229e-01 7.436606e-02 5.533755e-01 3.253795e-03
<VARIANCE> 39
 5.935954e+00 2.872732e+00 1.525848e+01 1.079373e+01 1.395733e+01 4.606347e+01 1.306823e+01 1.904876e+01 1.514412e+01 2.459875e+01 1.109876e+01 6.208993e+00 1.000000e-02 4.855581e-02 2.593999e-01 2.690274e-01 3.710440e-01 7.573640e-01 1.602637e+00 8.492166e-01 9.505507e-01 9.521635e-01 1.850692e+00 5.863706e-01 6.787913e-01 1.000000e-02 4.543970e-02 4.508895e-02 8.922487e-02 1.266117e-01 9.719626e-02 2.622442e-01 1.602481e-01 9.488075e-02 3.329638e-01 6.182641e-01 1.694825e-01 6.512842e-02 1.000000e-02
<GCONST> 5.626816e+01
<STATE> 9
<MEAN> 39
 -1.190796e+01 -1.753068e+01 -3.408405e+00 -1.932623e+01 -1.320130e+01 -1.472945e+01 6.650949e+00 -3.755015e+00 6.239072e+00 5.193320e+00 2.125912e+00 -3.172040e+00 7.832341e-01 -3.789682e-01 8.087822e-01 6.811778e-01 -8.456445e-01 1.742356e-01 -5.847676e-01 -1.398455e+00 -1.198650e+00 -1.113313e-01 -2.820753e-01 2.449877e-02 1.325197e+00 -2.379687e-02 1.966629e-02 -5.649754e-02 -1.456019e-01 3.305868e-01 3.910284e-01 3.807877e-01 3.000089e-01 7.213200e-02 -5.496536e-01 -7.464990e-01 -2.454731e-01 1.875267e-01 -5.620333e-03
<VARIANCE> 39
 4.492108e+00 3.505847e+00 6.613476e+00 5.905985e+00 1.775958e+01 4.783681e+01 1.649728e+01 1.132067e+01 1.279747e+01 8.451166e+00 1.689924e+01 1.013928e+01 1.000000e-02 4.176605e-01 1.520699e-01 3.186881e-01 3.050839e-01 6.492661e-01 9.015392e-01 7.173265e-01 3.868873e-01 1.120269e+00 2.180812e+00 7.418083e-01 8.895816e-01 1.000000e-02 6.872071e-02 6.794552e-02 6.217781e-02 8.031862e-02 1.776539e-01 4.900097e-01 1.650007e-01 6.276742e-02 3.726034e-01 2.692633e-01 1.080714e-01 2.914907e-01 1.000000e-02
<GCONST> 5.622362e+01
<STATE> 10
<MEAN> 39
 -1.140973e+01 -1.584175e+01 -2.287972e+00 -1.874038e+01 -1.064589e+01 -1.457991e+01 4.617741e+00 -6.849591e+00 4.031528e+00 3.343745e-01 3.907799e-01 1.981516e+00 6.093354e-01 1.601940e+00 -8.344724e-01 -2.274099e-01 1.497415e+00 4.935490e-01 1.324283e+00 -1.926034e-01 1.447596e-01 -8.341437e-01 -8.199911e-01 -5.440413e-01 9.449486e-01 -5.066665e-02 5.995615e-01 -6.806079e-01 -1.893426e-01 7.013896e-01 -1.363332e-01 5.797168e-01 1.751411e-01 3.984833e-01 2.298840e-02 1.356256e-01 2.634012e-03 -2.875300e-01 -3.634543e-03
<VARIANCE> 39
 1.035968e+01 5.790336e+00 1.478758e+01 1.614374e+01 1.550557e+01 3.430018e+01 1.715501e+01 7.744820e+00 4.881263e+00 1.390502e+01 8.649971e+00 8.648216e+00 1.000000e-02 1.349779e+00 2.364627e+00 1.136615e+00 1.770621e+00 1.659593e+00 3.605589e+00 1.098127e+00 6.842250e-01 8.890718e-01 9.249881e-01 5.673720e-01 1.527443e+00 1.000000e-02 1.464050e-01 1.859692e-01 2.544791e-01 1.869794e-01 2.157632e-01 3.074350e-01 2.676906e-01 1.461683e-01 2.114332e-01 1.748914e-01 5.980572e-02 2.814707e-01 1.000000e-02
<GCONST> 7.016913e+01
<STATE> 11
<MEAN> 39
 -1.736385e+00 -2.388025e+01 -3.504375e+00 -8.347836e+00 -1.030863e+01 -5.426547e+00 5.024496e+00 -4.060332e+00 1.323724e+00 -2.485352e+00 -2.036078e+00 2.177623e+00 4.132940e-01 1.506455e+00 -1.858762e+00 -7.303084e-01 2.691731e+00 3.328649e-01 1.790761e+00 6.756259e-01 1.225427e+00 -3.667954e-01 -1.127397e+00 -1.402331e-01 -1.328554e-01 -3.783452e-02 -6.960153e-01 4.761900e-01 -1.859278e-01 -4.146704e-01 2.000044e-01 -7.018282e-01 1.322237e-01 -1.482241e-02 5.352285e-02 1.096570e-02 2.859907e-01 1.227532e-01 6.908103e-03
<VARIANCE> 39
 8.004287e+00 7.516666e+00 4.906851e+00 2.340328e+01 1.511725e+01 2.095822e+01 1.176162e+01 9.464904e+00 9.969539e+00 1.590765e+01 9.307213e+00 1.257586e+01 1.000000e-02 1.782601e+00 9.775090e-01 5.420526e-01 1.395000e+00 2.162077e+00 2.819808e+00 1.658651e+00 1.690099e+00 1.643758e+00 1.070421e+00 6.753698e-01 1.197934e+00 1.000000e-02 1.317236e-01 2.156436e-01 1.340809e-01 3.755162e-01 4.900804e-01 5.637233e-01 3.699885e-01 2.263160e-01 2.393388e-01 2.809258e-01 7.785331e-02 3.711057e-01 1.000000e-02
<GCONST> 7.390933e+01
<STATE> 12
<MEAN> 39
 -1.694309e+00 -2.587293e+01 -7.767525e+00 -4.456254e+00 -7.239585e+00 -5.607926e+00 7.922962e+00 -1.237984e+00 3.797706e-01 -3.508831e+00 4.951207e-01 3.784738e+00 3.227685e-01 -1.771620e-01 1.454924e-01 -5.588403e-01 6.822695e-01 6.182183e-01 -2.512295e-01 1.837016e-01 -2.612670e-01 -2.798713e-01 -5.811310e-02 1.988556e-01 -1.049873e-01 -2.161089e-02 -5.045643e-02 3.115135e-01 4.413098e-01 4.548423e-02 1.889777e-02 1.126342e-02 -2.013068e-01 -3.124951e-01 5.174905e-02 5.894338e-03 -1.639661e-01 -2.132416e-01 1.233461e-03
<VARIANCE> 39
 3.517717e+00 3.847485e+00 7.187098e+00 8.382116e+00 1.217717e+01 1.299684e+01 3.592940e+00 1.131008e+01 1.613701e+01 1.899381e+01 9.053575e+00 9.810182e+00 1.000000e-02 4.708296e-01 4.455690e-01 6.993685e-01 2.205505e+00 1.348601e+00 1.372785e+00 1.108925e+00 1.213521e+00 1.618589e+00 3.167585e+00 1.337242e+00 2.551690e+00 1.000000e-02 1.078988e-01 1.463266e-01 1.149202e-01 5.950326e-01 2.614507e-01 3.707939e-01 1.432746e-01 3.293163e-01 5.082697e-01 6.596182e-01 2.193075e-01 4.203199e-01 1.000000e-02
<GCONST> 7.049716e+01
<STATE> 13
<MEAN> 39
 -1.705348e+00 -2.260731e+01 -5.068942e+00 1.438733e-01 -5.339870e+00 -5.646915e+00 6.134532e+00 -3.424417e+00 -7.249156e-01 -4.902530e+00 -5.853201e-01 2.030917e+00 2.272345e-01 1.839810e-01 1.276587e+00 1.187596e+00 7.179188e-01 4.162129e-01 -3.154150e-01 -4.758962e-01 1.371926e-01 4.987095e-02 1.576760e-01 -1.341642e-01 -4.592887e-01 -1.354828e-02 2.821683e-02 4.554228e-02 -1.329656e-01 -3.050834e-01 -5.872903e-02 -1.121805e-01 5.013446e-02 2.058581e-01 9.862012e-02 1.767743e-01 -1.711696e-02 -1.241765e-01 2.619955e-03
<VARIANCE> 39
 2.040891e+00 1.565098e+01 1.071441e+01 1.122437e+01 1.092521e+01 6.636132e+00 1.189264e+01 1.161967e+01 1.195508e+01 1.818256e+01 6.253816e+00 2.137279e+01 1.000000e-02 4.494063e-01 1.311225e+00 6.936268e-01 1.790548e+00 1.027317e+00 7.941579e-01 5.773066e-01 1.061891e+00 2.056040e+00 1.702020e+00 5.587822e-01 1.791730e+00 1.000000e-02 1.230636e-01 2.715218e-01 2.078404e-01 3.312861e-01 1.666684e-01 1.362987e-01 1.673793e-01 2.766600e-01 5.759096e-01 4.715601e-01 7.749826e-02 2.567976e-01 1.000000e-02
<GCONST> 6.770110e+01
<STATE> 14
<MEAN> 39
 -1.352916e+00 -1.915352e+01 -3.320640e+00 1.726040e+00 -3.053301e+00 -7.229018e+00 5.134848e+00 -2.162835e+00 1.104574e-01 -4.612122e+00 -1.961145e+00 -9.177157e-01 1.838049e-01 -9.600398e-01 9.024745e-01 -1.662225e-01 -2.580724e-01 9.234059e-01 1.547123e-01 -3.148460e-01 -3.619440e-02 -4.428970e-01 -1.206613e-01 9.601678e-02 -3.703331e-01 -4.214027e-02 -4.282743e-01 5.594524e-02 -1.634410e-01 -3.345595e-01 5.208573e-02 3.522308e-01 2.197250e-02 -6.408124e-02 -1.200541e-01 4.950409e-02 2.705554e-01 3.725543e-01 -1.477583e-02
<VARIANCE> 39
 6.664332e+00 9.032871e+00 1.360443e+01 9.006189e+00 1.162452e+01 6.643105e+00 7.851031e+00 1.139338e+01 8.708961e+00 5.710259e+00 5.227720e+00 1.362707e+01 1.000000e-02 9.371917e-01 5.657827e-01 5.301350e-01 1.289951e+00 9.676297e-01 8.329282e-01 1.211038e+00 1.600775e+00 1.603408e+00 9.247210e-01 5.313014e-01 1.128839e+00 1.000000e-02 1.249998e-01 1.448017e-01 1.686387e-01 2.351850e-01 2.177233e-01 1.247726e-01 2.239057e-01 3.143054e-01 3.089665e-01 2.913451e-01 7.730207e-02 1.182491e-01 1.000000e-02
<GCONST> 6.249344e+01
<STATE> 15
<MEAN> 39
 -6.704015e+00 -1.458895e+01 -3.886598e+00 -1.884641e+00 -5.198845e-01 -3.383382e+00 5.042976e+00 -2.209785e+00 -9.066550e-01 -3.735872e+00 1.094402e-01 2.346872e-01 -4.495547e-02 -6.914078e-01 8.619660e-01 5.727239e-02 -3.376004e-01 3.120040e-01 8.114454e-01 1.723540e-01 7.585964e-02 4.890436e-01 4.865736e-01 3.375572e-01 1.605555e-01 -3.587827e-02 4.143323e-01 -1.468120e-01 1.625241e-01 3.166218e-01 -1.228718e-01 -2.522509e-01 4.486264e-02 7.138308e-02 7.269759e-02 -4.665742e-02 -8.797886e-02 -9.195531e-02 1.650517e-02
<VARIANCE> 39
 1.971721e+00 2.357839e+00 3.118483e+00 7.078021e+00 3.339023e+00 7.251510e+00 1.293461e+01 3.107026e+00 7.383405e+00 7.950070e+00 1.042620e+01 9.682645e+00 1.000000e-02 9.175842e-01 6.568093e-01 7.034326e-01 1.189096e+00 5.356277e-01 7.284735e-01 9.138566e-01 7.503552e-01 9.325409e-01 1.201801e+00 1.007074e+00 2.272088e+00 1.000000e-02 1.331890e-01 1.349326e-01 1.129591e-01 1.817207e-01 7.880561e-02 1.389855e-01 2.260896e-01 1.817840e-01 2.426073e-01 2.137977e-01 1.721230e-01 4.876886e-01 1.000000e-02
<GCONST> 5.595102e+01
<TRANSP> 16
 0.000000e+00 1.000000e+00 0.000000e+00 0.000000e+00 0.000000e+00 0.000000e+00 0.000000e+00 0.000000e+00 0.000000e+00 0.000000e+00 0.000000e+00 0.000000e+00 0.000000e+00 0.000000e+00 0.000000e+00 0.000000e+00
 0.000000e+00 7.500000e-01 2.500000e-01 0.000000e+00 0.000000e+00 0.000000e+00 0.000000e+00 0.000000e+00 0.000000e+00 0.000000e+00 0.000000e+00 0.000000e+00 0.000000e+00 0.000000e+00 0.000000e+00 0.000000e+00
 0.000000e+00 0.000000e+00 7.368421e-01 2.631579e-01 0.000000e+00 0.000000e+00 0.000000e+00 0.000000e+00 0.000000e+00 0.000000e+00 0.000000e+00 0.000000e+00 0.000000e+00 0.000000e+00 0.000000e+00 0.000000e+00
 0.000000e+00 0.000000e+00 0.000000e+00 7.368421e-01 2.631579e-01 0.000000e+00 0.000000e+00 0.000000e+00 0.000000e+00 0.000000e+00 0.000000e+00 0.000000e+00 0.000000e+00 0.000000e+00 0.000000e+00 0.000000e+00
 0.000000e+00 0.000000e+00 0.000000e+00 0.000000e+00 7.500000e-01 2.500000e-01 0.000000e+00 0.000000e+00 0.000000e+00 0.000000e+00 0.000000e+00 0.000000e+00 0.000000e+00 0.000000e+00 0.000000e+00 0.000000e+00
 0.000000e+00 0.000000e+00 0.000000e+00 0.000000e+00 0.000000e+00 7.826087e-01 2.173913e-01 0.000000e+00 0.000000e+00 0.000000e+00 0.000000e+00 0.000000e+00 0.000000e+00 0.000000e+00 0.000000e+00 0.000000e+00
 0.000000e+00 0.000000e+00 0.000000e+00 0.000000e+00 0.000000e+00 0.000000e+00 7.500000e-01 2.500000e-01 0.000000e+00 0.000000e+00 0.000000e+00 0.000000e+00 0.000000e+00 0.000000e+00 0.000000e+00 0.000000e+00
 0.000000e+00 0.000000e+00 0.000000e+00 0.000000e+00 0.000000e+00 0.000000e+00 0.000000e+00 6.875000e-01 3.125000e-01 0.000000e+00 0.000000e+00 0.000000e+00 0.000000e+00 0.000000e+00 0.000000e+00 0.000000e+00
 0.000000e+00 0.000000e+00 0.000000e+00 0.000000e+00 0.000000e+00 0.000000e+00 0.000000e+00 0.000000e+00 7.500000e-01 2.500000e-01 0.000000e+00 0.000000e+00 0.000000e+00 0.000000e+00 0.000000e+00 0.000000e+00
 0.000000e+00 0.000000e+00 0.000000e+00 0.000000e+00 0.000000e+00 0.000000e+00 0.000000e+00 0.000000e+00 0.000000e+00 7.619048e-01 2.380952e-01 0.000000e+00 0.000000e+00 0.000000e+00 0.000000e+00 0.000000e+00
 0.000000e+00 0.000000e+00 0.000000e+00 0.000000e+00 0.000000e+00 0.000000e+00 0.000000e+00 0.000000e+00 0.000000e+00 0.000000e+00 7.058824e-01 2.941177e-01 0.000000e+00 0.000000e+00 0.000000e+00 0.000000e+00
 0.000000e+00 0.000000e+00 0.000000e+00 0.000000e+00 0.000000e+00 0.000000e+00 0.000000e+00 0.000000e+00 0.000000e+00 0.000000e+00 0.000000e+00 7.727273e-01 2.272727e-01 0.000000e+00 0.000000e+00 0.000000e+00
 0.000000e+00 0.000000e+00 0.000000e+00 0.000000e+00 0.000000e+00 0.000000e+00 0.000000e+00 0.000000e+00 0.000000e+00 0.000000e+00 0.000000e+00 0.000000e+00 7.500000e-01 2.500000e-01 0.000000e+00 0.000000e+00
 0.000000e+00 0.000000e+00 0.000000e+00 0.000000e+00 0.000000e+00 0.000000e+00 0.000000e+00 0.000000e+00 0.000000e+00 0.000000e+00 0.000000e+00 0.000000e+00 0.000000e+00 7.222222e-01 2.777778e-01 0.000000e+00
 0.000000e+00 0.000000e+00 0.000000e+00 0.000000e+00 0.000000e+00 0.000000e+00 0.000000e+00 0.000000e+00 0.000000e+00 0.000000e+00 0.000000e+00 0.000000e+00 0.000000e+00 0.000000e+00 7.222222e-01 2.777778e-01
 0.000000e+00 0.000000e+00 0.000000e+00 0.000000e+00 0.000000e+00 0.000000e+00 0.000000e+00 0.000000e+00 0.000000e+00 0.000000e+00 0.000000e+00 0.000000e+00 0.000000e+00 0.000000e+00 0.000000e+00 0.000000e+00
<ENDHMM>
