~o
<STREAMINFO> 1 39
<VECSIZE> 39<NULLD><MFCC_E_D_A><DIAGC>
~h "Chin"
<BEGINHMM>
<NUMSTATES> 32
<STATE> 2
<MEAN> 39
 -6.384383e+00 -8.724365e+00 -7.754151e-01 -1.043750e+00 3.352678e+00 -3.839167e+00 6.808820e-02 -2.606905e+00 5.499021e-01 -3.374730e+00 9.141173e-01 -2.200955e+00 4.391402e-02 -2.929479e-01 4.010939e-01 2.561378e-01 -1.101469e-01 -1.591587e-01 -2.455313e-01 2.467496e-01 -3.728708e-02 7.742796e-02 -3.184350e-01 5.857319e-01 3.870649e-01 2.802475e-02 -6.872673e-01 6.675045e-01 -2.746086e-01 -1.024775e+00 1.487810e-01 -3.405804e-01 1.746793e-01 4.459677e-01 5.436021e-02 -1.296281e-01 2.913481e-01 6.643385e-02 2.758259e-02
<VARIANCE> 39
 4.423762e+00 4.504778e+00 2.555361e+00 2.971002e+00 6.796432e+00 5.376970e+00 8.251322e+00 5.519914e+00 2.801926e+01 4.535378e+00 4.795049e+00 8.125891e+00 1.000000e-02 6.819565e-01 6.936532e-01 6.027906e-01 7.013484e-01 8.924459e-01 8.646439e-01 1.659205e+00 6.531053e-01 1.772458e+00 9.570791e-01 5.871596e-01 5.485238e-01 1.000000e-02 5.189232e-01 1.188632e-01 1.087188e-01 1.336389e-01 1.697724e-01 2.412486e-01 1.262196e-01 7.862652e-02 4.284413e-01 2.564400e-01 9.481962e-02 5.413635e-02 1.000000e-02
<GCONST> 5.410683e+01
<STATE> 3
<MEAN> 39
 -5.905702e+00 -8.395651e+00 -9.943640e-01 -2.402597e+00 1.968918e-02 -4.614326e+00 2.044704e+00 -1.607865e+00 5.300940e-01 -4.315673e+00 4.027082e+00 -1.769792e+00 9.455805e-02 -2.415172e+00 2.520414e+00 -8.236756e-01 -3.786011e+00 1.007422e+00 -1.088209e+00 -8.667833e-01 1.224531e+00 -4.162103e-01 -8.278573e-01 1.841414e-01 1.844950e-01 1.133901e-01 -5.867630e-01 3.513312e-01 -3.471226e-01 -1.597131e+00 -1.764096e-01 -6.369471e-01 -7.026930e-01 -2.552086e-01 -1.318643e-01 -2.184549e-01 -6.955703e-01 -1.637152e-01 3.832809e-02
<VARIANCE> 39
 1.989053e+00 2.922014e+00 4.715297e+00 7.438165e+00 3.340252e+00 4.552049e+00 7.315934e+00 6.360905e+00 7.264709e+00 8.312470e+00 5.619955e+00 4.400797e+00 1.000000e-02 4.154999e+00 1.310770e+00 1.512409e+00 2.850641e+00 1.751458e+00 2.431957e+00 2.903253e+00 3.330308e-01 1.130293e+00 9.758723e-01 8.193347e-01 9.464671e-02 1.000000e-02 2.228855e-01 2.538416e-01 4.214891e-01 1.194429e-01 2.052676e-01 7.344472e-01 2.976128e-01 1.570350e-01 2.209704e-01 1.548438e-01 3.888341e-01 7.959720e-02 1.000000e-02
<GCONST> 6.149583e+01
<STATE> 4
<MEAN> 39
 -1.690003e+01 -3.856562e-01 -3.204425e+00 -1.134538e+01 8.819035e+00 -7.419495e+00 -1.033929e+00 2.586432e+00 -8.575332e-01 -3.774709e+00 9.957408e-01 -2.109785e-01 4.461817e-01 -2.837533e+00 2.563179e+00 -1.268085e+00 -5.948117e+00 3.880984e-02 -3.161972e+00 -1.941985e+00 -7.831461e-01 -5.598727e-01 -8.420143e-01 -1.293518e+00 1.580528e-01 1.601398e-01 9.537978e-01 -1.227791e+00 5.365381e-01 -2.797530e-01 -1.857474e+00 -2.627132e-01 5.604253e-02 -7.524481e-01 6.868066e-01 2.070435e-01 -4.196285e-01 -5.198247e-01 4.844978e-03
<VARIANCE> 39
 3.881695e+01 1.338628e+01 3.196443e+01 2.725881e+01 2.583957e+01 1.201419e+01 4.907451e+01 1.554318e+01 1.223633e+01 3.023648e+01 5.190390e+00 9.669000e+00 1.886968e-02 9.453223e-01 1.112382e+00 2.752531e+00 4.141734e-01 2.915017e+00 4.600909e+00 1.348255e+00 3.299659e-01 1.457129e+00 2.258314e+00 3.470706e+00 1.669184e-01 1.000000e-02 5.360531e-01 2.793661e-01 4.835923e-01 3.097884e-01 2.704363e-01 1.212002e-01 3.615022e-01 2.485558e-01 4.865941e-02 2.968580e-01 1.143536e-01 3.402307e-02 1.000000e-02
<GCONST> 7.692529e+01
<STATE> 5
<MEAN> 39
 -1.544500e+01 1.797164e+00 -5.291379e+00 -2.258477e+01 2.226604e+00 -1.387463e+01 -4.918457e+00 -2.705930e+00 -1.554878e+00 -8.591174e+00 -1.395686e-01 -1.713080e+00 6.233431e-01 3.531255e-01 -1.793820e+00 2.711441e-01 -4.440896e+00 -4.309192e+00 -2.331791e+00 -3.620149e-01 -1.366001e+00 1.703915e+00 2.503084e-02 -1.251674e+00 -1.461137e+00 1.414330e-01 1.067166e+00 -1.789829e+00 7.907236e-01 1.233264e+00 -1.199961e+00 8.302332e-01 1.008566e+00 3.837812e-01 1.044402e+00 1.185170e+00 2.452893e-01 -3.808589e-01 -1.951525e-02
<VARIANCE> 39
 1.878719e+01 1.064623e+01 3.140194e+01 1.385913e+01 4.818786e+01 6.790156e+01 2.833874e+01 1.434508e+01 1.140330e+01 1.982882e+01 2.247555e+01 5.070086e+00 1.232352e-02 2.553563e+00 3.840474e+00 3.052813e+00 1.436390e+00 2.187303e+00 2.344941e+00 1.668791e+00 2.330615e+00 9.497210e-01 2.545321e+00 2.331487e+00 4.893561e-01 1.000000e-02 2.940936e-01 4.265656e-01 5.378606e-01 2.662321e-01 6.403264e-01 7.939979e-01 4.269394e-01 4.401129e-01 1.156685e-01 4.749438e-01 3.651494e-01 1.007161e-01 1.000000e-02
<GCONST> 8.889923e+01
<STATE> 6
<MEAN> 39
 -1.189788e+01 -7.052539e+00 -2.029243e+00 -2.414801e+01 -9.565331e+00 -1.511630e+01 -2.340177e+00 -5.162883e+00 3.787953e+00 -6.666222e+00 -2.422438e+00 -6.077176e+00 8.040032e-01 1.237974e+00 -3.739205e+00 2.165675e+00 -1.458547e+00 -4.964782e+00 -1.663575e-01 1.444656e+00 6.037644e-01 2.910871e+00 2.420218e+00 -5.640664e-01 -1.459090e+00 9.800339e-02 8.563811e-02 -1.322791e-01 3.598188e-01 1.195491e+00 6.323801e-01 9.451728e-01 5.631133e-01 7.545469e-01 2.178930e-01 9.045012e-01 4.850519e-01 3.084490e-01 -2.821487e-02
<VARIANCE> 39
 1.099959e+01 1.185998e+01 3.359821e+01 3.097123e+00 1.104885e+01 2.747312e+01 2.408674e+01 1.160999e+01 4.392735e+00 8.501616e+00 3.173162e+01 9.793318e+00 1.000000e-02 2.629317e-01 2.763716e+00 2.683873e+00 2.471812e+00 1.670514e+00 9.192640e-01 1.751895e+00 3.068976e+00 3.336891e-01 3.074516e+00 1.185856e+00 7.084545e-01 1.000000e-02 1.796239e-01 1.158974e-01 2.240697e-01 2.820742e-02 1.943117e-01 2.231806e-01 8.296616e-02 2.354670e-01 1.259795e-01 2.462433e-01 3.502292e-01 2.699148e-02 1.000000e-02
<GCONST> 6.747733e+01
<STATE> 7
<MEAN> 39
 -1.272355e+01 -9.917450e+00 6.405019e-01 -2.707574e+01 -1.039409e+01 -1.353375e+01 -3.898629e-01 -1.688164e+00 7.794800e+00 -4.535652e-01 -2.448540e+00 -6.211911e+00 8.868805e-01 2.083488e-01 -2.367630e+00 1.506867e+00 -1.104165e+00 -2.586210e+00 6.946846e-01 1.545330e+00 9.882057e-01 2.432208e+00 2.833276e+00 4.524545e-01 -8.039774e-01 7.075403e-02 -3.876281e-01 7.789563e-01 -3.091189e-01 8.353468e-01 1.401418e+00 3.518738e-01 -2.216921e-02 1.825705e-01 -3.232833e-01 2.074471e-01 5.092953e-01 5.508437e-01 -2.250021e-02
<VARIANCE> 39
 7.835272e+00 1.330934e+01 3.407418e+01 3.867655e+00 9.790428e+00 2.437203e+01 1.860743e+01 2.464172e+01 1.320769e+01 1.909790e+00 3.410532e+01 5.960479e-01 1.000000e-02 2.894489e-01 7.259629e-01 8.655615e-01 1.393055e+00 2.103736e+00 1.334057e+00 6.478153e-01 4.053555e+00 7.160592e-01 1.702708e+00 1.192744e+00 4.383453e-01 1.000000e-02 1.661302e-01 4.179572e-01 2.165282e-01 9.790442e-02 3.501227e-02 1.409181e-01 2.842963e-01 2.891223e-01 1.459672e-01 3.710656e-01 4.440988e-01 5.363742e-02 1.000000e-02
<GCONST> 6.442244e+01
<STATE> 8
<MEAN> 39
 -1.301862e+01 -1.138673e+01 3.364180e+00 -2.711236e+01 -1.432280e+01 -9.018135e+00 -2.961827e-01 3.672452e-01 1.073771e+01 3.121975e+00 -2.601108e+00 -6.724705e+00 9.706377e-01 1.083244e-01 -5.134542e-01 3.152010e-01 -1.179079e-01 -6.564757e-01 6.091709e-01 4.248300e-01 4.962671e-01 1.197986e+00 1.805062e+00 4.242887e-01 5.738003e-02 2.563270e-02 -1.060169e-01 5.950139e-01 -4.173671e-01 3.297147e-01 5.016065e-01 -4.089229e-03 -3.541529e-01 -3.975558e-01 -4.691554e-01 -7.344874e-01 9.527162e-02 1.470943e-01 -1.754323e-02
<VARIANCE> 39
 5.161231e+00 5.143180e+00 1.674434e+01 7.353022e+00 1.105292e+01 2.758458e+01 1.288576e+01 3.141257e+01 7.511796e+00 4.890209e+00 1.123216e+01 3.271987e+00 1.000000e-02 4.474294e-01 7.852502e-02 8.858722e-01 8.351175e-01 3.754365e-01 1.027795e+00 1.008599e+00 2.044776e+00 8.655121e-01 2.118817e+00 8.280386e-01 4.537497e-01 1.000000e-02 6.095619e-02 3.607843e-01 1.225913e-01 1.283841e-01 3.483443e-01 6.486888e-02 2.329323e-01 2.558922e-01 8.541226e-02 1.630631e-01 1.217956e-01 9.377494e-02 1.000000e-02
<GCONST> 5.730922e+01
<STATE> 9
<MEAN> 39
 -1.089475e+01 -1.137428e+01 -1.163489e+00 -2.598408e+01 -1.331922e+01 -1.561673e+01 1.564623e+00 7.464190e-01 1.086465e+01 3.837658e+00 1.567448e+00 -6.795169e+00 9.843634e-01 -1.184369e-01 1.650436e-01 2.272404e-01 -5.753774e-02 -6.026733e-01 3.678334e-01 1.584497e-01 -5.921202e-01 9.366686e-01 2.610897e-01 4.074594e-01 -3.276884e-01 1.196610e-02 6.901044e-02 2.031927e-01 -9.085108e-02 2.785234e-02 2.347792e-01 4.508741e-02 1.760651e-01 -2.298540e-01 -4.190094e-01 -9.520947e-01 -2.826684e-01 -7.534238e-03 -1.367386e-02
<VARIANCE> 39
 1.026344e+01 3.855386e+00 1.822275e+01 1.181765e+01 2.697188e+01 4.409004e+01 2.608862e+01 5.167506e+01 2.207785e+00 5.444408e+00 1.269111e+01 8.102702e+00 1.000000e-02 5.929973e-01 5.259365e-01 7.193955e-01 5.412793e-01 7.351194e-01 4.402580e-01 2.263541e+00 6.334035e-01 1.449501e+00 1.111513e+00 1.372291e+00 7.096356e-01 1.000000e-02 8.365332e-02 1.945537e-01 1.375132e-01 2.119662e-01 9.727903e-02 1.179180e-01 6.667314e-01 4.489628e-01 3.041573e-01 2.725260e-01 2.479259e-01 1.341803e-01 1.000000e-02
<GCONST> 6.667246e+01
<STATE> 10
<MEAN> 39
 -1.212190e+01 -1.155107e+01 3.093105e+00 -2.596335e+01 -1.548621e+01 -1.075056e+01 1.649404e+00 -2.979102e+00 1.409161e+01 4.758838e+00 -1.086952e+00 -6.149885e+00 9.727538e-01 4.327923e-01 -3.230413e-01 -3.793269e-01 -8.508827e-02 -2.369732e-01 1.013908e+00 8.780237e-01 8.349163e-01 3.316958e-02 -1.778226e+00 -1.064065e+00 -2.545213e-01 -2.070044e-02 1.901185e-01 9.547627e-02 -1.230813e-01 -3.128513e-01 3.998662e-01 1.793175e-01 -2.877117e-01 1.256475e-01 -1.035796e+00 -7.757522e-01 -6.461083e-01 1.413242e-01 -1.098628e-02
<VARIANCE> 39
 3.875823e+00 6.109455e+00 1.727735e+01 8.373712e+00 2.794608e+01 5.361461e+01 1.594211e+01 6.253021e+01 3.883079e+00 5.188475e+00 1.531867e+01 9.616234e+00 1.000000e-02 4.460237e-01 2.761708e-01 1.071057e+00 9.846540e-01 6.451237e-01 8.331637e-01 1.297002e+00 2.267219e+00 1.951248e+00 1.485607e+00 1.404806e+00 4.593261e-01 1.000000e-02 7.595471e-02 5.704568e-02 2.388268e-01 1.181459e-01 1.383643e-01 1.852239e-01 2.768915e-01 6.792067e-01 4.240488e-01 4.119350e-01 2.279712e-01 2.313287e-01 1.000000e-02
<GCONST> 6.822449e+01
<STATE> 11
<MEAN> 39
 -1.135674e+01 -1.200805e+01 1.603247e+00 -2.673565e+01 -1.622612e+01 -6.798798e+00 1.990831e+00 -8.985074e-01 1.065900e+01 -2.408783e+00 -2.708196e+00 -7.752566e+00 9.256563e-01 5.856673e-01 7.065327e-02 4.282103e-02 -7.914689e-01 1.033680e+00 3.774392e-01 -4.179620e-01 -1.062464e+00 -2.084178e+00 -1.809893e+00 -1.320917e+00 6.904892e-01 -2.699595e-02 3.840353e-01 -7.380453e-02 -7.432503e-02 5.295535e-02 4.435650e-01 -3.284504e-01 -5.740065e-01 -4.396997e-01 -5.772391e-01 4.455047e-01 -2.356525e-01 3.477207e-01 -2.601140e-03
<VARIANCE> 39
 4.139394e+00 4.064696e+00 6.239723e+00 1.108099e+01 3.689595e+01 9.777671e+01 3.543868e+01 2.104958e+01 7.099491e+00 8.453237e+00 1.308197e+01 6.214897e+00 1.000000e-02 3.707033e-01 3.514192e-01 8.316613e-01 1.255878e+00 8.880596e-01 6.370770e-01 2.699082e+00 1.906989e+00 1.523097e+00 2.008729e+00 8.047636e-01 5.464761e-01 1.000000e-02 6.366099e-02 2.269534e-02 1.386105e-01 2.925547e-01 3.673348e-01 3.687575e-01 3.111750e-01 2.542215e-01 4.145502e-01 2.402085e-01 1.755022e-01 2.205688e-01 1.000000e-02
<GCONST> 6.775050e+01
<STATE> 12
<MEAN> 39
 -9.897885e+00 -1.177411e+01 9.714410e-01 -3.061883e+01 -1.086716e+01 -9.624154e+00 8.900627e-01 -2.272112e+00 5.059286e+00 -2.797823e+00 -6.340767e+00 -5.245470e+00 8.930112e-01 1.683699e+00 -2.838057e-01 -2.874085e-02 -1.776892e-01 1.124201e+00 -3.987806e-01 -1.021344e+00 -1.466034e+00 -2.948103e+00 -3.520701e-01 -1.910694e+00 1.055783e+00 -2.499332e-02 3.610029e-01 -1.887506e-01 -1.248518e-01 6.318409e-01 -2.841913e-01 6.290510e-02 -1.322509e-01 -1.321446e-01 2.168376e-01 4.029712e-01 -3.131860e-02 1.519380e-01 -6.625204e-04
<VARIANCE> 39
 6.988459e+00 6.828163e+00 1.132013e+01 5.380422e+00 2.503542e+01 5.444059e+01 4.820144e+01 2.886877e+01 1.510419e+01 2.456070e+01 2.228342e+01 6.516723e+00 1.000000e-02 3.401893e-01 1.185976e-01 1.125141e+00 1.547535e+00 2.572197e+00 2.115928e+00 1.406746e+00 2.072514e+00 1.512985e+00 2.819928e+00 1.713370e-01 2.316595e+00 1.000000e-02 5.493956e-02 2.604800e-02 8.050319e-02 1.427947e-01 2.225917e-01 1.644856e-01 7.719942e-01 4.736179e-01 2.355138e-01 2.564347e-01 2.130695e-01 3.136386e-02 1.000000e-02
<GCONST> 6.867790e+01
<STATE> 13
<MEAN> 39
 -5.875399e+00 -1.297266e+01 1.445842e+00 -2.909998e+01 -1.052484e+01 -9.891127e+00 5.940580e-01 -3.856171e+00 1.446105e+00 -1.209150e+00 -7.712591e+00 -2.931525e+00 8.396033e-01 1.825289e+00 -4.644485e-01 -6.618994e-01 1.257079e+00 -5.046945e-02 5.441353e-01 -1.002001e+00 -1.288908e+00 -1.640751e+00 -3.883902e-01 -1.578269e+00 1.264925e+00 -2.763035e-02 1.176838e-01 -9.930459e-02 -1.022804e-01 4.103271e-01 -6.267478e-01 2.841938e-01 -2.281325e-01 -2.131329e-01 6.553199e-01 8.818522e-03 1.874665e-01 -2.422392e-01 2.918403e-03
<VARIANCE> 39
 1.488640e+01 1.257171e+01 8.273229e+00 8.354037e+00 9.288637e+00 3.497238e+01 2.194196e+01 7.183265e+00 9.824064e+00 2.577574e+01 1.865770e+01 9.321815e+00 1.000000e-02 4.269248e-01 1.940383e-01 2.301517e-01 4.445522e-01 2.278850e+00 9.908081e-01 3.788131e+00 3.064889e-01 2.156765e+00 3.940829e-01 1.169696e+00 1.078009e+00 1.000000e-02 1.637071e-01 1.008096e-01 1.154194e-01 2.118744e-01 5.877644e-01 3.087520e-01 2.784102e-01 5.060992e-01 1.804532e-01 5.844119e-01 3.731139e-01 1.305200e-01 1.000000e-02
<GCONST> 6.837523e+01
<STATE> 14
<MEAN> 39
 -5.506441e+00 -1.222358e+01 -1.904845e+00 -2.511805e+01 -1.032592e+01 -9.322611e+00 -1.845654e+00 -6.425695e+00 1.162055e+00 -5.077449e+00 -9.843248e+00 -4.173056e+00 8.356544e-01 2.053635e+00 -7.295122e-01 -2.976181e-01 8.256041e-01 1.963133e-02 4.724581e-01 -1.002237e+00 -1.344590e+00 -7.972515e-01 -6.244268e-01 -1.841058e+00 5.795844e-01 -1.953091e-02 1.239929e-01 -1.532374e-01 1.459377e-01 -3.540137e-01 -2.200354e-01 1.846570e-01 8.209082e-02 1.519789e-01 3.211401e-01 -9.766447e-02 3.797016e-01 1.645393e-02 3.929456e-03
<VARIANCE> 39
 1.416225e+01 4.765739e+00 4.624353e+00 3.333228e+00 8.107023e+00 4.608717e+01 2.406664e+01 1.543486e+01 1.636241e+01 1.382934e+01 1.353142e+01 2.836625e+01 1.000000e-02 5.002114e-01 3.196246e-01 9.173793e-02 1.036937e+00 3.436625e+00 1.203834e+00 6.062592e-01 1.167788e+00 2.233664e-01 7.725579e-01 1.857842e+00 4.375255e-01 1.000000e-02 9.594326e-02 6.227911e-02 2.655654e-02 7.098129e-02 3.952146e-01 1.088757e-01 5.687744e-01 2.286447e-01 3.062257e-01 3.659168e-01 1.285350e-01 5.114713e-01 1.000000e-02
<GCONST> 6.145582e+01
<STATE> 15
<MEAN> 39
 4.085504e-01 -1.471854e+01 3.917457e-01 -2.544902e+01 -1.273612e+01 -6.836125e+00 -3.819876e+00 -9.492694e+00 6.377036e-01 -4.186990e+00 -1.276716e+01 -3.993231e-01 7.688903e-01 1.787519e+00 -9.246287e-01 -4.027675e-01 1.930309e-01 -1.080725e+00 1.430343e+00 -1.735996e+00 -1.183551e+00 -3.081859e-01 -8.847398e-01 1.792590e-01 -7.227290e-02 -1.358229e-02 -3.920048e-01 8.301128e-03 2.030011e-02 -3.076724e-01 -1.570166e-01 1.429200e-01 2.614657e-02 4.325911e-01 1.679371e-01 -1.677276e-01 5.474516e-01 -3.013312e-01 2.885779e-03
<VARIANCE> 39
 9.247300e+00 3.992572e+00 4.322803e+00 1.312433e+00 3.269500e+01 5.075472e+01 2.132746e+01 1.393971e+01 5.575462e+00 1.403565e+01 9.245855e+00 2.095230e+01 1.000000e-02 8.386325e-01 5.893148e-01 1.762263e-01 7.576556e-01 1.317884e+00 1.184139e+00 1.999955e+00 1.559100e+00 4.257282e-01 3.269342e+00 1.447069e+00 2.309168e+00 1.000000e-02 9.573638e-02 4.651511e-02 7.986910e-02 1.159678e-01 6.826047e-01 3.782745e-01 1.416414e-01 2.253502e-01 7.446366e-02 2.707629e-01 3.491816e-01 2.979019e-01 1.000000e-02
<GCONST> 6.528109e+01
<STATE> 16
<MEAN> 39
 1.362338e+00 -1.619780e+01 -1.693796e+00 -2.609512e+01 -1.400406e+01 -4.789785e+00 -6.029037e+00 -1.049959e+01 -2.920995e-01 -6.283080e+00 -9.560973e+00 -1.845093e+00 7.588507e-01 1.128430e+00 -6.217878e-01 -2.761541e-01 -1.462599e-01 -8.890541e-01 1.457124e+00 -5.276336e-01 -5.428175e-02 -2.042252e-01 -1.207150e+00 6.793532e-01 1.721317e-01 -1.420679e-02 -4.902008e-01 2.487228e-01 2.505836e-01 2.121044e-01 3.849671e-02 1.553027e-01 4.762580e-01 4.749326e-01 4.159298e-01 3.188308e-01 6.182500e-02 -1.866270e-02 -2.295678e-03
<VARIANCE> 39
 6.317843e+00 2.195427e+00 6.703520e+00 8.847906e+00 2.826402e+01 2.061819e+01 2.306912e+01 1.033371e+01 4.936584e+00 2.492842e+01 6.577258e+00 2.208935e+00 1.000000e-02 1.155603e+00 1.787972e-01 8.221818e-01 5.897027e-01 2.556395e+00 1.905607e+00 2.644607e+00 8.973004e-01 9.253824e-01 1.982985e+00 9.756580e-01 2.763323e+00 1.000000e-02 3.114381e-02 6.591616e-02 5.746801e-02 1.228791e-01 4.270273e-01 1.793175e-01 2.122947e-01 2.019198e-01 2.015170e-01 3.795007e-01 2.694910e-01 2.844493e-01 1.000000e-02
<GCONST> 6.365037e+01
<STATE> 17
<MEAN> 39
 2.511546e+00 -1.650954e+01 -1.076921e+00 -2.560830e+01 -1.692189e+01 7.299322e-02 -6.316894e+00 -9.197846e+00 5.571347e-01 -8.276420e+00 -1.005980e+01 -5.820801e-01 7.350648e-01 1.030950e-01 -1.285084e-01 4.804820e-01 6.117858e-01 -5.272745e-01 1.308214e+00 1.443375e-01 3.882682e-01 9.312569e-01 3.573390e-01 2.597626e-01 1.319320e-02 -2.361870e-02 -3.850299e-01 3.627178e-01 8.801959e-02 4.742185e-01 4.556221e-01 -7.307086e-01 3.237227e-01 2.182897e-02 3.069677e-01 8.200540e-01 1.791824e-02 -9.037733e-02 -8.050580e-03
<VARIANCE> 39
 3.449180e+00 3.971297e+00 5.219186e+00 6.017352e+00 3.012238e+01 2.286123e+01 2.819385e+01 2.867157e+01 1.189024e+01 3.460205e+01 1.448847e+01 1.246486e+01 1.000000e-02 2.958385e-01 4.713461e-01 1.290841e+00 1.318492e+00 1.573886e+00 1.368439e+00 1.375046e+00 5.624585e-01 2.077672e+00 1.735161e+00 1.173476e+00 5.470300e-01 1.000000e-02 5.321902e-02 9.906416e-02 9.275862e-02 7.101237e-02 2.895966e-01 1.334650e-01 7.214947e-01 3.084555e-01 3.510693e-01 6.209048e-01 1.616453e-01 3.769475e-01 1.000000e-02
<GCONST> 6.893742e+01
<STATE> 18
<MEAN> 39
 2.728811e+00 -1.541042e+01 4.882735e-01 -2.310902e+01 -1.472247e+01 -1.441963e+00 -5.452582e+00 -8.988392e+00 3.021415e+00 -6.024939e+00 -1.009654e+01 -2.309996e+00 6.700227e-01 -8.270182e-02 6.535498e-01 -2.740281e-02 1.542495e+00 4.611805e-01 -6.407059e-01 3.208527e-01 2.503966e-01 3.537238e-01 1.076999e+00 3.320970e-01 -9.409972e-02 -3.853998e-02 -1.160045e-01 1.473825e-01 -2.255966e-01 2.963597e-01 3.511968e-01 -5.734329e-01 8.011581e-02 -2.280603e-02 7.239990e-04 1.373365e-01 3.799272e-01 3.323023e-02 -5.202226e-03
<VARIANCE> 39
 6.840439e+00 4.024794e+00 2.144476e+01 2.000378e+01 4.060789e+01 2.183050e+01 4.209000e+01 1.261596e+01 1.326766e+01 1.271846e+01 7.430392e+00 6.971739e+00 1.390314e-02 2.030102e-01 1.162062e+00 4.811095e-01 1.017240e+00 1.378213e+00 1.202938e+00 2.180600e+00 8.536310e-01 2.213082e+00 2.037585e+00 6.374151e-01 1.526247e+00 1.000000e-02 1.083187e-02 1.633219e-01 1.950793e-01 4.419559e-01 3.875987e-01 1.747243e-01 3.783278e-01 1.460145e-01 1.249877e-01 3.788939e-01 3.760200e-01 1.666685e-01 1.000000e-02
<GCONST> 6.995602e+01
<STATE> 19
<MEAN> 39
 1.058115e+00 -1.489336e+01 -1.536314e+00 -2.077526e+01 -1.343989e+01 -4.435173e+00 -5.610145e+00 -8.469482e+00 1.483207e+00 -3.585359e+00 -8.663404e+00 -8.608760e-01 6.053603e-01 -8.574111e-03 6.370651e-01 -3.346982e-01 2.180869e+00 1.041510e+00 -9.868776e-01 1.644761e-01 7.243471e-03 8.519208e-01 1.192268e+00 1.876986e+00 1.477132e-01 -4.154592e-02 2.014013e-02 5.528445e-02 1.193012e-01 1.389777e-01 2.120892e-01 1.599971e-01 1.283093e-01 1.212147e-01 6.197053e-02 -1.438860e-01 3.427456e-01 -1.109017e-01 2.933702e-03
<VARIANCE> 39
 8.347718e+00 9.907887e+00 3.412971e+00 3.288818e+01 1.485550e+01 2.285001e+01 8.883595e+00 5.363764e+00 6.922445e+01 1.473173e+01 2.647103e+01 4.642239e+00 3.956307e-02 1.284022e-01 1.048748e+00 2.841132e-01 2.345505e+00 4.339318e+00 8.751591e-01 1.279701e+00 1.375197e+00 1.005335e+00 1.118045e+00 1.903106e+00 5.427389e-01 1.000000e-02 3.173085e-02 2.914664e-01 6.240652e-02 4.408830e-01 2.308885e-01 2.697398e-01 2.783610e-01 8.418588e-02 1.025169e+00 2.315901e-01 2.066815e-01 3.688780e-01 1.000000e-02
<GCONST> 7.062296e+01
<STATE> 20
<MEAN> 39
 2.618746e+00 -1.418809e+01 -8.126014e-01 -1.689184e+01 -1.187651e+01 -4.078363e+00 -3.538092e+00 -8.870294e+00 5.279943e+00 -3.221150e+00 -4.688145e+00 -1.847774e+00 5.608310e-01 -1.143434e-01 6.497239e-01 1.900713e-01 1.788054e+00 1.296687e+00 -1.034516e-01 1.779094e-01 -3.224092e-03 3.557110e-01 3.504132e-01 1.405014e+00 6.213345e-02 -3.804375e-02 -1.561266e-01 3.236075e-02 6.590105e-02 -3.017695e-01 2.458755e-02 2.377075e-01 2.473106e-03 7.593316e-02 -1.754382e-01 -2.149295e-01 -1.139567e-01 4.965935e-02 -1.590186e-03
<VARIANCE> 39
 6.160532e+00 1.645880e+01 5.337561e+00 3.564763e+01 5.000825e+01 1.136580e+01 8.234626e+00 8.826815e+00 2.542576e+01 3.442274e+01 2.905005e+01 2.876923e+00 2.889153e-02 2.459192e-01 8.975663e-01 1.602451e-01 3.397554e+00 1.294922e+00 2.107294e+00 1.543490e+00 4.580140e-01 4.714320e+00 8.189870e-01 8.031984e-01 1.175147e+00 1.000000e-02 2.667545e-02 2.584364e-01 3.392788e-02 2.888891e-01 5.526768e-01 1.378015e-01 2.403176e-01 5.135872e-01 2.597286e-01 5.071073e-01 6.046110e-01 3.392446e-01 1.000000e-02
<GCONST> 7.256994e+01
<STATE> 21
<MEAN> 39
 2.014971e+00 -1.320739e+01 -1.312619e+00 -1.589527e+01 -9.690602e+00 -5.353604e+00 -5.807806e+00 -8.155140e+00 4.439272e+00 -2.529556e+00 -5.598931e+00 -1.411850e+00 5.361143e-01 -2.936343e-01 4.258481e-01 2.671086e-01 1.025940e+00 1.431563e+00 1.625598e-01 7.105560e-01 1.003145e+00 5.003925e-01 4.229175e-01 1.307669e+00 -1.081435e-01 -3.477864e-02 -7.891144e-02 1.536298e-01 7.143296e-02 2.629059e-02 7.923769e-02 6.169843e-02 3.144258e-01 4.063502e-01 -3.832045e-02 -1.347002e-01 -1.738056e-01 -1.158085e-01 -3.633721e-03
<VARIANCE> 39
 4.153788e+00 9.361577e+00 1.665414e+01 4.622757e+01 1.493550e+01 1.606750e+01 2.415938e+01 4.948136e+00 1.554688e+01 1.006154e+01 2.483597e+01 2.339756e+00 2.473394e-02 1.412647e-01 8.154647e-01 5.503639e-01 6.475645e-01 1.548080e+00 2.841420e-01 1.584097e+00 3.840671e+00 1.569210e+00 1.061691e+00 1.574491e+00 1.596066e+00 1.000000e-02 7.377856e-02 3.144694e-01 3.763307e-02 8.388122e-01 3.913144e-01 3.171280e-01 2.213386e-01 1.585814e-01 2.513444e-01 4.254655e-01 4.857399e-01 1.042452e-01 1.000000e-02
<GCONST> 6.980274e+01
<STATE> 22
<MEAN> 39
 1.627074e+00 -1.243494e+01 -4.242298e-01 -1.478651e+01 -9.523068e+00 -3.496064e+00 -2.553196e+00 -7.367138e+00 4.145322e+00 -3.186620e+00 -2.309984e+00 -1.741574e+00 4.743063e-01 -6.938074e-01 6.434864e-01 1.408812e-01 1.013023e+00 3.178775e-01 -3.683052e-01 8.832674e-01 1.534901e+00 2.929055e-01 -1.276870e-02 5.528601e-01 -1.269721e-01 -4.805268e-02 -1.387732e-01 1.262437e-01 8.828323e-02 -1.597637e-01 -1.260570e-01 -2.928122e-01 -1.874866e-01 2.057029e-01 -8.820288e-02 2.648419e-02 -3.255276e-01 3.566724e-02 -2.972752e-03
<VARIANCE> 39
 3.370247e+00 1.025031e+01 4.891653e+00 1.863297e+01 1.753125e+01 4.214013e+00 1.472830e+01 2.468311e+01 6.135508e+00 1.239664e+01 2.284087e+01 1.297959e+01 3.480594e-02 4.218947e-01 1.777886e+00 5.423008e-01 1.049033e+00 1.405910e+00 2.357834e+00 1.979530e+00 1.000008e+00 1.167391e+00 3.286180e+00 1.985573e+00 1.777731e+00 1.000000e-02 2.620625e-02 1.614534e-01 1.333706e-01 8.536266e-02 2.726399e-01 1.137204e-01 2.002318e-01 5.078864e-01 1.897466e-01 1.527420e-01 2.992406e-01 3.325031e-01 1.000000e-02
<GCONST> 6.947197e+01
<STATE> 23
<MEAN> 39
 -9.319139e-01 -9.799180e+00 3.739808e-01 -1.056309e+01 -6.802427e+00 -5.690492e+00 -1.081657e+00 -4.142699e+00 5.435234e+00 -1.347877e+00 -1.764150e+00 -1.508765e+00 3.340354e-01 -7.779515e-01 7.322459e-01 1.214242e-01 9.175032e-01 7.723534e-01 -5.763974e-01 -1.256950e-01 4.464527e-01 -3.508264e-02 2.963583e-01 2.921697e-01 -2.725976e-01 -4.158325e-02 -1.937993e-01 -1.206925e-01 -9.066900e-02 -1.554651e-01 -2.610594e-01 -2.015459e-02 -4.093815e-01 -4.980408e-01 -7.943429e-02 3.113794e-01 6.543850e-02 3.663961e-03 -4.574770e-03
<VARIANCE> 39
 1.062065e+01 1.060802e+01 8.627305e+00 1.643073e+01 1.699631e+01 1.305584e+00 5.592704e+00 1.045368e+01 1.386097e+01 1.255332e+01 9.351916e+00 1.287173e+01 3.006200e-02 4.980431e-01 1.588908e+00 3.348700e-01 1.196929e+00 1.754588e+00 1.666539e+00 1.144917e+00 2.099678e+00 8.746574e-01 1.176585e+00 9.225659e-01 1.062011e-01 1.000000e-02 1.048629e-01 2.802628e-01 1.732051e-01 1.094824e-01 3.127557e-01 1.832276e-01 3.990294e-01 3.675183e-01 1.845922e-01 2.523440e-01 1.569021e-01 2.679337e-01 1.000000e-02
<GCONST> 6.575890e+01
<STATE> 24
<MEAN> 39
 -2.048801e+00 -1.004306e+01 1.417900e-01 -1.167798e+01 -6.851698e+00 -6.499029e+00 -4.137303e+00 -2.933931e+00 5.646943e+00 -1.799732e+00 -1.545815e+00 -2.597542e+00 2.848988e-01 -7.162776e-01 9.768982e-01 6.188362e-01 8.316104e-01 2.665572e-01 -1.049018e-01 -3.352548e-01 -1.210779e-01 3.323471e-01 1.298357e+00 5.619412e-01 3.734631e-02 -4.882695e-02 6.107971e-02 -2.233311e-02 1.215913e-02 7.819699e-02 -7.848945e-03 3.172078e-01 8.354183e-02 -4.709423e-01 -1.869567e-01 6.598768e-02 1.585535e-01 1.479564e-01 3.195270e-03
<VARIANCE> 39
 1.931254e+01 1.113700e+01 4.811607e+00 3.397978e+01 2.095442e+01 2.464958e+01 5.946942e+00 1.056966e+01 8.128380e+00 1.057044e+01 6.642898e+00 9.295597e+00 3.998936e-02 3.823042e-01 1.495399e+00 9.584510e-01 5.778949e-01 2.184437e+00 1.003110e+00 2.066289e+00 1.541571e+00 7.944562e-01 3.795513e-01 1.465869e+00 1.632928e+00 1.000000e-02 2.791565e-01 3.362974e-01 9.713121e-02 2.306296e-01 4.059269e-01 4.132074e-01 1.909452e-01 3.166202e-01 7.597210e-02 1.317552e-01 1.466252e-01 6.938222e-02 1.000000e-02
<GCONST> 6.919926e+01
<STATE> 25
<MEAN> 39
 -3.314762e+00 -7.886425e+00 1.387223e+00 -7.555289e+00 -5.575879e+00 -5.313926e+00 -2.440218e+00 -5.925717e+00 4.170987e+00 1.707407e+00 -7.570425e-02 -2.953543e+00 2.038337e-01 -4.085183e-01 5.453157e-01 4.342103e-02 9.005267e-01 6.951035e-01 3.984423e-01 -1.094195e-01 -7.405626e-01 -8.374184e-01 4.653414e-01 8.907292e-01 3.284332e-01 -2.729063e-02 -4.375467e-02 -3.459965e-01 -2.175364e-01 -1.573701e-01 1.213173e-02 1.069414e-01 1.241426e-01 9.438974e-02 -1.305619e-01 -5.644071e-01 -3.388994e-02 1.687413e-01 1.619774e-03
<VARIANCE> 39
 1.101098e+01 3.239912e+00 1.259455e+01 1.723246e+01 1.619588e+01 1.405512e+01 1.537503e+01 6.309855e+00 6.000271e+00 9.720430e+00 1.646024e+00 5.456065e+00 1.493338e-02 1.225542e+00 7.580212e-01 6.339012e-01 4.810821e-01 1.221290e+00 1.186903e+00 5.661793e-01 7.984065e-01 3.586526e-01 7.264165e-01 1.279355e+00 3.307862e-01 1.000000e-02 1.504026e-01 1.299333e-01 2.013019e-01 2.041984e-01 4.679053e-01 2.155210e-01 5.940353e-01 2.578802e-01 1.421661e-01 5.092644e-02 1.384497e-01 1.342201e-01 1.000000e-02
<GCONST> 5.938129e+01
<STATE> 26
<MEAN> 39
 -3.220255e+00 -7.959190e+00 -1.693594e-01 -8.473117e+00 -6.207996e+00 -7.094876e+00 -3.631279e+00 -6.894762e+00 4.041679e+00 2.190392e+00 2.267488e+00 -4.001988e-01 1.635514e-01 -1.281772e+00 -2.839870e-01 -2.562591e-01 7.188229e-01 5.015320e-01 4.100150e-01 3.002214e-01 3.100842e-01 -2.324768e-02 -2.425020e-01 9.819983e-01 3.509793e-01 -5.384853e-02 1.290651e-01 -2.249307e-01 -6.732197e-02 -5.767180e-02 1.410497e-01 1.402438e-01 3.479650e-01 6.308240e-01 8.852990e-02 -3.871113e-01 -3.690605e-01 -5.364321e-02 6.987891e-03
<VARIANCE> 39
 2.226872e+00 1.511212e+00 1.514587e+01 1.031172e+01 2.315912e+01 9.002084e+00 8.416876e+00 4.579341e+00 1.050514e+01 5.689021e+00 1.622490e+01 1.270946e+01 1.000000e-02 1.569331e+00 1.934763e-01 7.890031e-01 1.904720e+00 1.372024e+00 9.377381e-01 1.224958e+00 1.938544e+00 2.977149e-01 6.084161e-01 7.258859e-01 1.950523e-01 1.000000e-02 2.622710e-01 1.370935e-01 2.935677e-01 1.778961e-01 2.115776e-01 9.175169e-02 2.994088e-01 3.704037e-01 9.769684e-02 5.226270e-02 1.307926e-01 5.153795e-02 1.000000e-02
<GCONST> 5.651046e+01
<STATE> 27
<MEAN> 39
 -5.565904e+00 -8.898088e+00 1.825839e-01 -8.557204e+00 -4.591557e+00 -4.300651e+00 -3.077961e+00 -5.271185e+00 3.030935e+00 -1.068699e+00 1.572744e+00 -1.708798e+00 1.235909e-01 -4.981968e-01 -2.342136e-01 -1.322489e-01 -8.161008e-03 2.670596e-01 6.192966e-01 1.044496e+00 5.571308e-01 -4.315928e-02 -3.343576e-01 -2.318124e-01 1.416855e-01 -2.905911e-02 1.149244e-01 -3.745241e-02 -2.882201e-02 1.655363e-01 7.723251e-02 -1.167203e-02 3.663163e-01 4.504381e-01 2.997097e-01 2.774943e-01 -1.436838e-01 -7.154515e-02 6.401988e-03
<VARIANCE> 39
 1.334760e+00 1.084717e+00 3.737168e+00 1.224958e+01 1.283851e+01 3.196021e+00 4.184531e+00 4.524737e+00 4.674419e+00 7.581541e+00 7.267181e+00 2.444746e+00 1.000000e-02 7.710249e-01 2.058353e-01 7.730567e-01 1.585583e+00 6.977461e-01 2.732319e-01 2.022085e+00 1.401884e+00 1.117274e+00 8.369138e-01 3.140993e-01 1.050486e-01 1.000000e-02 2.918212e-01 3.312476e-02 8.682308e-02 2.375140e-01 1.834282e-01 7.910462e-02 1.258540e-01 4.317695e-01 3.149196e-01 2.230974e-01 8.787934e-02 1.884748e-02 1.000000e-02
<GCONST> 4.470032e+01
<STATE> 28
<MEAN> 39
 -6.440832e+00 -9.130667e+00 3.381239e-01 -6.365029e+00 -3.706372e+00 -3.101045e+00 1.673300e+00 -1.513546e+00 5.054221e+00 5.438941e-01 6.528773e-01 -5.954942e-01 4.137516e-02 -2.795436e-01 -2.056782e-01 -4.064889e-01 1.150098e+00 8.820996e-01 2.430534e-02 1.127120e+00 2.007062e+00 4.939692e-01 4.770656e-01 3.434840e-01 3.408280e-01 -1.412331e-02 2.845874e-01 7.369544e-02 4.286946e-02 -1.026626e-01 -1.206129e-01 -3.579617e-01 -4.903315e-01 -3.614059e-01 -3.304707e-01 -8.307027e-02 -2.629665e-02 -1.350895e-01 1.189837e-02
<VARIANCE> 39
 1.394252e+00 1.677201e+00 4.616223e+00 4.972991e+00 8.431745e+00 7.026596e+00 4.338312e+00 1.754470e+01 9.641926e+00 3.966753e+00 5.944835e+00 3.378344e+00 1.000000e-02 8.414607e-01 8.179924e-02 3.411708e-01 3.596999e-01 3.769884e-01 5.052452e-01 1.396821e+00 1.389165e+00 1.642031e+00 6.161439e-01 2.335541e-01 2.670091e-01 1.000000e-02 7.371649e-02 4.947131e-02 1.822230e-01 2.164876e-01 1.864883e-01 6.020508e-02 2.171984e-01 5.449387e-01 1.281524e-01 5.522123e-02 9.944540e-02 1.150124e-02 1.000000e-02
<GCONST> 4.117580e+01
<STATE> 29
<MEAN> 39
 -4.390517e+00 -8.843649e+00 -7.353236e-01 -5.370887e+00 -2.051990e+00 -4.850267e+00 -1.436308e+00 -4.170616e-01 4.373692e+00 1.572571e+00 3.812760e+00 3.844096e-01 1.170940e-01 1.455874e-01 -3.768530e-02 -9.832487e-02 1.549911e-01 2.043964e-01 -3.872811e-01 -3.179426e-01 -5.121726e-01 -8.863315e-01 -2.630997e-01 -8.362938e-02 -2.520578e-01 4.841228e-03 -1.222459e-01 1.685715e-02 6.063431e-02 -1.530472e-01 -2.151849e-01 9.783817e-03 -7.193217e-02 -7.136694e-01 -9.738507e-02 -2.354733e-01 -2.448673e-01 -2.330003e-01 -6.753007e-03
<VARIANCE> 39
 1.308085e+01 5.961705e-01 1.988182e+00 4.736562e+00 6.148660e+00 9.923633e+00 1.082533e+01 2.093626e+01 1.456991e+01 6.470563e+00 5.036176e+00 1.603245e+00 1.898239e-02 5.826665e-01 2.786601e-01 5.418009e-01 4.209069e-01 5.927657e-01 6.021221e-01 7.232551e-01 1.890925e+00 1.287494e+00 6.744547e-01 6.011330e-01 2.169561e-01 1.000000e-02 3.023572e-01 2.330089e-02 1.143413e-01 7.850254e-02 6.518945e-02 1.952508e-01 3.160362e-01 4.570737e-01 3.401729e-01 9.689826e-02 6.789533e-02 1.758138e-02 1.000000e-02
<GCONST> 4.666665e+01
<STATE> 30
<MEAN> 39
 -6.009255e+00 -9.291772e+00 -1.136974e+00 -6.854091e+00 -4.016551e+00 -4.808246e+00 1.985065e+00 -2.065600e+00 2.047768e+00 -2.641091e-01 6.261398e-01 -1.397434e+00 5.355173e-02 -2.501476e-01 -9.672882e-02 -6.345277e-02 4.671287e-01 -1.189525e-01 -1.884973e-01 1.827107e-01 -1.030896e+00 -8.330503e-01 -8.370805e-01 -4.596575e-01 -3.110612e-01 -2.503136e-02 -5.967389e-02 5.633672e-02 9.594278e-02 1.201975e-01 8.648448e-02 8.535270e-02 1.667722e-03 -1.321497e-01 -1.293199e-02 -1.896950e-01 -4.654036e-02 1.501796e-01 -2.746301e-03
<VARIANCE> 39
 2.842864e+00 8.261672e-01 4.131279e+00 6.979070e+00 1.991795e+01 1.511953e+01 1.812314e+01 1.493452e+01 9.606895e+00 8.594736e+00 3.273161e+00 4.565848e+00 1.188233e-02 6.995463e-01 1.957590e-01 8.887950e-01 3.247735e-01 6.869857e-01 6.990153e-01 1.167074e+00 1.973987e+00 8.793150e-01 4.908407e-01 1.105427e+00 6.170596e-01 1.000000e-02 7.102752e-02 1.768411e-02 8.563960e-02 1.897006e-01 3.719937e-01 2.334717e-01 3.831622e-01 2.840770e-01 1.471354e-01 1.758362e-01 1.077916e-01 1.313110e-01 1.000000e-02
<GCONST> 5.295008e+01
<STATE> 31
<MEAN> 39
 -6.750426e+00 -9.167698e+00 3.722038e-01 -2.826484e+00 -2.135482e+00 -5.551788e+00 -3.926560e-01 -3.927890e+00 3.238099e+00 -5.655605e-01 1.089128e+00 -2.059586e+00 1.459216e-02 -2.131190e-01 6.337169e-02 6.859942e-02 7.961560e-01 5.654791e-01 -3.050852e-01 -1.243654e-01 -2.288364e-01 -3.487721e-01 -5.680195e-01 -3.855458e-01 -1.916775e-01 -1.401624e-02 6.264450e-02 -1.992489e-02 -1.352278e-01 -1.928963e-01 1.451743e-01 1.575234e-01 4.838264e-02 4.677965e-01 1.885252e-01 1.329431e-01 1.482392e-01 6.722920e-02 5.959301e-03
<VARIANCE> 39
 3.597462e-01 2.140494e+00 6.975502e+00 2.514724e+00 5.134058e+00 3.570440e+00 8.112859e+00 8.944182e+00 5.433475e+00 2.072953e+00 6.670725e+00 8.463545e+00 1.000000e-02 5.318847e-01 7.189351e-02 1.757414e-01 1.120505e+00 1.733914e+00 1.673667e+00 2.455681e+00 9.604576e-01 2.087603e-01 2.389051e-01 9.225957e-01 6.833017e-01 1.000000e-02 2.430338e-02 1.775692e-02 1.704229e-01 6.664730e-02 7.588503e-02 1.023566e-01 1.914676e-01 2.216215e-01 1.657316e-01 1.032799e-01 1.898165e-01 1.019624e-01 1.000000e-02
<GCONST> 3.943187e+01
<TRANSP> 32
 0.000000e+00 1.000000e+00 0.000000e+00 0.000000e+00 0.000000e+00 0.000000e+00 0.000000e+00 0.000000e+00 0.000000e+00 0.000000e+00 0.000000e+00 0.000000e+00 0.000000e+00 0.000000e+00 0.000000e+00 0.000000e+00 0.000000e+00 0.000000e+00 0.000000e+00 0.000000e+00 0.000000e+00 0.000000e+00 0.000000e+00 0.000000e+00 0.000000e+00 0.000000e+00 0.000000e+00 0.000000e+00 0.000000e+00 0.000000e+00 0.000000e+00 0.000000e+00
 0.000000e+00 5.000000e-01 5.000000e-01 0.000000e+00 0.000000e+00 0.000000e+00 0.000000e+00 0.000000e+00 0.000000e+00 0.000000e+00 0.000000e+00 0.000000e+00 0.000000e+00 0.000000e+00 0.000000e+00 0.000000e+00 0.000000e+00 0.000000e+00 0.000000e+00 0.000000e+00 0.000000e+00 0.000000e+00 0.000000e+00 0.000000e+00 0.000000e+00 0.000000e+00 0.000000e+00 0.000000e+00 0.000000e+00 0.000000e+00 0.000000e+00 0.000000e+00
 0.000000e+00 0.000000e+00 4.444444e-01 5.555556e-01 0.000000e+00 0.000000e+00 0.000000e+00 0.000000e+00 0.000000e+00 0.000000e+00 0.000000e+00 0.000000e+00 0.000000e+00 0.000000e+00 0.000000e+00 0.000000e+00 0.000000e+00 0.000000e+00 0.000000e+00 0.000000e+00 0.000000e+00 0.000000e+00 0.000000e+00 0.000000e+00 0.000000e+00 0.000000e+00 0.000000e+00 0.000000e+00 0.000000e+00 0.000000e+00 0.000000e+00 0.000000e+00
 0.000000e+00 0.000000e+00 0.000000e+00 1.666667e-01 8.333333e-01 0.000000e+00 0.000000e+00 0.000000e+00 0.000000e+00 0.000000e+00 0.000000e+00 0.000000e+00 0.000000e+00 0.000000e+00 0.000000e+00 0.000000e+00 0.000000e+00 0.000000e+00 0.000000e+00 0.000000e+00 0.000000e+00 0.000000e+00 0.000000e+00 0.000000e+00 0.000000e+00 0.000000e+00 0.000000e+00 0.000000e+00 0.000000e+00 0.000000e+00 0.000000e+00 0.000000e+00
 0.000000e+00 0.000000e+00 0.000000e+00 0.000000e+00 4.444444e-01 5.555556e-01 0.000000e+00 0.000000e+00 0.000000e+00 0.000000e+00 0.000000e+00 0.000000e+00 0.000000e+00 0.000000e+00 0.000000e+00 0.000000e+00 0.000000e+00 0.000000e+00 0.000000e+00 0.000000e+00 0.000000e+00 0.000000e+00 0.000000e+00 0.000000e+00 0.000000e+00 0.000000e+00 0.000000e+00 0.000000e+00 0.000000e+00 0.000000e+00 0.000000e+00 0.000000e+00
 0.000000e+00 0.000000e+00 0.000000e+00 0.000000e+00 0.000000e+00 0.000000e+00 1.000000e+00 0.000000e+00 0.000000e+00 0.000000e+00 0.000000e+00 0.000000e+00 0.000000e+00 0.000000e+00 0.000000e+00 0.000000e+00 0.000000e+00 0.000000e+00 0.000000e+00 0.000000e+00 0.000000e+00 0.000000e+00 0.000000e+00 0.000000e+00 0.000000e+00 0.000000e+00 0.000000e+00 0.000000e+00 0.000000e+00 0.000000e+00 0.000000e+00 0.000000e+00
 0.000000e+00 0.000000e+00 0.000000e+00 0.000000e+00 0.000000e+00 0.000000e+00 1.666667e-01 8.333333e-01 0.000000e+00 0.000000e+00 0.000000e+00 0.000000e+00 0.000000e+00 0.000000e+00 0.000000e+00 0.000000e+00 0.000000e+00 0.000000e+00 0.000000e+00 0.000000e+00 0.000000e+00 0.000000e+00 0.000000e+00 0.000000e+00 0.000000e+00 0.000000e+00 0.000000e+00 0.000000e+00 0.000000e+00 0.000000e+00 0.000000e+00 0.000000e+00
 0.000000e+00 0.000000e+00 0.000000e+00 0.000000e+00 0.000000e+00 0.000000e+00 0.000000e+00 5.000000e-01 5.000000e-01 0.000000e+00 0.000000e+00 0.000000e+00 0.000000e+00 0.000000e+00 0.000000e+00 0.000000e+00 0.000000e+00 0.000000e+00 0.000000e+00 0.000000e+00 0.000000e+00 0.000000e+00 0.000000e+00 0.000000e+00 0.000000e+00 0.000000e+00 0.000000e+00 0.000000e+00 0.000000e+00 0.000000e+00 0.000000e+00 0.000000e+00
 0.000000e+00 0.000000e+00 0.000000e+00 0.000000e+00 0.000000e+00 0.000000e+00 0.000000e+00 0.000000e+00 4.444444e-01 5.555556e-01 0.000000e+00 0.000000e+00 0.000000e+00 0.000000e+00 0.000000e+00 0.000000e+00 0.000000e+00 0.000000e+00 0.000000e+00 0.000000e+00 0.000000e+00 0.000000e+00 0.000000e+00 0.000000e+00 0.000000e+00 0.000000e+00 0.000000e+00 0.000000e+00 0.000000e+00 0.000000e+00 0.000000e+00 0.000000e+00
 0.000000e+00 0.000000e+00 0.000000e+00 0.000000e+00 0.000000e+00 0.000000e+00 0.000000e+00 0.000000e+00 0.000000e+00 4.444444e-01 5.555556e-01 0.000000e+00 0.000000e+00 0.000000e+00 0.000000e+00 0.000000e+00 0.000000e+00 0.000000e+00 0.000000e+00 0.000000e+00 0.000000e+00 0.000000e+00 0.000000e+00 0.000000e+00 0.000000e+00 0.000000e+00 0.000000e+00 0.000000e+00 0.000000e+00 0.000000e+00 0.000000e+00 0.000000e+00
 0.000000e+00 0.000000e+00 0.000000e+00 0.000000e+00 0.000000e+00 0.000000e+00 0.000000e+00 0.000000e+00 0.000000e+00 0.000000e+00 4.444444e-01 5.555556e-01 0.000000e+00 0.000000e+00 0.000000e+00 0.000000e+00 0.000000e+00 0.000000e+00 0.000000e+00 0.000000e+00 0.000000e+00 0.000000e+00 0.000000e+00 0.000000e+00 0.000000e+00 0.000000e+00 0.000000e+00 0.000000e+00 0.000000e+00 0.000000e+00 0.000000e+00 0.000000e+00
 0.000000e+00 0.000000e+00 0.000000e+00 0.000000e+00 0.000000e+00 0.000000e+00 0.000000e+00 0.000000e+00 0.000000e+00 0.000000e+00 0.000000e+00 2.857143e-01 7.142857e-01 0.000000e+00 0.000000e+00 0.000000e+00 0.000000e+00 0.000000e+00 0.000000e+00 0.000000e+00 0.000000e+00 0.000000e+00 0.000000e+00 0.000000e+00 0.000000e+00 0.000000e+00 0.000000e+00 0.000000e+00 0.000000e+00 0.000000e+00 0.000000e+00 0.000000e+00
 0.000000e+00 0.000000e+00 0.000000e+00 0.000000e+00 0.000000e+00 0.000000e+00 0.000000e+00 0.000000e+00 0.000000e+00 0.000000e+00 0.000000e+00 0.000000e+00 2.857143e-01 7.142857e-01 0.000000e+00 0.000000e+00 0.000000e+00 0.000000e+00 0.000000e+00 0.000000e+00 0.000000e+00 0.000000e+00 0.000000e+00 0.000000e+00 0.000000e+00 0.000000e+00 0.000000e+00 0.000000e+00 0.000000e+00 0.000000e+00 0.000000e+00 0.000000e+00
 0.000000e+00 0.000000e+00 0.000000e+00 0.000000e+00 0.000000e+00 0.000000e+00 0.000000e+00 0.000000e+00 0.000000e+00 0.000000e+00 0.000000e+00 0.000000e+00 0.000000e+00 3.750000e-01 6.250000e-01 0.000000e+00 0.000000e+00 0.000000e+00 0.000000e+00 0.000000e+00 0.000000e+00 0.000000e+00 0.000000e+00 0.000000e+00 0.000000e+00 0.000000e+00 0.000000e+00 0.000000e+00 0.000000e+00 0.000000e+00 0.000000e+00 0.000000e+00
 0.000000e+00 0.000000e+00 0.000000e+00 0.000000e+00 0.000000e+00 0.000000e+00 0.000000e+00 0.000000e+00 0.000000e+00 0.000000e+00 0.000000e+00 0.000000e+00 0.000000e+00 0.000000e+00 3.750000e-01 6.250000e-01 0.000000e+00 0.000000e+00 0.000000e+00 0.000000e+00 0.000000e+00 0.000000e+00 0.000000e+00 0.000000e+00 0.000000e+00 0.000000e+00 0.000000e+00 0.000000e+00 0.000000e+00 0.000000e+00 0.000000e+00 0.000000e+00
 0.000000e+00 0.000000e+00 0.000000e+00 0.000000e+00 0.000000e+00 0.000000e+00 0.000000e+00 0.000000e+00 0.000000e+00 0.000000e+00 0.000000e+00 0.000000e+00 0.000000e+00 0.000000e+00 0.000000e+00 2.857143e-01 7.142857e-01 0.000000e+00 0.000000e+00 0.000000e+00 0.000000e+00 0.000000e+00 0.000000e+00 0.000000e+00 0.000000e+00 0.000000e+00 0.000000e+00 0.000000e+00 0.000000e+00 0.000000e+00 0.000000e+00 0.000000e+00
 0.000000e+00 0.000000e+00 0.000000e+00 0.000000e+00 0.000000e+00 0.000000e+00 0.000000e+00 0.000000e+00 0.000000e+00 0.000000e+00 0.000000e+00 0.000000e+00 0.000000e+00 0.000000e+00 0.000000e+00 0.000000e+00 3.750000e-01 6.250000e-01 0.000000e+00 0.000000e+00 0.000000e+00 0.000000e+00 0.000000e+00 0.000000e+00 0.000000e+00 0.000000e+00 0.000000e+00 0.000000e+00 0.000000e+00 0.000000e+00 0.000000e+00 0.000000e+00
 0.000000e+00 0.000000e+00 0.000000e+00 0.000000e+00 0.000000e+00 0.000000e+00 0.000000e+00 0.000000e+00 0.000000e+00 0.000000e+00 0.000000e+00 0.000000e+00 0.000000e+00 0.000000e+00 0.000000e+00 0.000000e+00 0.000000e+00 3.750000e-01 6.250000e-01 0.000000e+00 0.000000e+00 0.000000e+00 0.000000e+00 0.000000e+00 0.000000e+00 0.000000e+00 0.000000e+00 0.000000e+00 0.000000e+00 0.000000e+00 0.000000e+00 0.000000e+00
 0.000000e+00 0.000000e+00 0.000000e+00 0.000000e+00 0.000000e+00 0.000000e+00 0.000000e+00 0.000000e+00 0.000000e+00 0.000000e+00 0.000000e+00 0.000000e+00 0.000000e+00 0.000000e+00 0.000000e+00 0.000000e+00 0.000000e+00 0.000000e+00 3.750000e-01 6.250000e-01 0.000000e+00 0.000000e+00 0.000000e+00 0.000000e+00 0.000000e+00 0.000000e+00 0.000000e+00 0.000000e+00 0.000000e+00 0.000000e+00 0.000000e+00 0.000000e+00
 0.000000e+00 0.000000e+00 0.000000e+00 0.000000e+00 0.000000e+00 0.000000e+00 0.000000e+00 0.000000e+00 0.000000e+00 0.000000e+00 0.000000e+00 0.000000e+00 0.000000e+00 0.000000e+00 0.000000e+00 0.000000e+00 0.000000e+00 0.000000e+00 0.000000e+00 2.857143e-01 7.142857e-01 0.000000e+00 0.000000e+00 0.000000e+00 0.000000e+00 0.000000e+00 0.000000e+00 0.000000e+00 0.000000e+00 0.000000e+00 0.000000e+00 0.000000e+00
 0.000000e+00 0.000000e+00 0.000000e+00 0.000000e+00 0.000000e+00 0.000000e+00 0.000000e+00 0.000000e+00 0.000000e+00 0.000000e+00 0.000000e+00 0.000000e+00 0.000000e+00 0.000000e+00 0.000000e+00 0.000000e+00 0.000000e+00 0.000000e+00 0.000000e+00 0.000000e+00 1.666667e-01 8.333333e-01 0.000000e+00 0.000000e+00 0.000000e+00 0.000000e+00 0.000000e+00 0.000000e+00 0.000000e+00 0.000000e+00 0.000000e+00 0.000000e+00
 0.000000e+00 0.000000e+00 0.000000e+00 0.000000e+00 0.000000e+00 0.000000e+00 0.000000e+00 0.000000e+00 0.000000e+00 0.000000e+00 0.000000e+00 0.000000e+00 0.000000e+00 0.000000e+00 0.000000e+00 0.000000e+00 0.000000e+00 0.000000e+00 0.000000e+00 0.000000e+00 0.000000e+00 3.750000e-01 6.250000e-01 0.000000e+00 0.000000e+00 0.000000e+00 0.000000e+00 0.000000e+00 0.000000e+00 0.000000e+00 0.000000e+00 0.000000e+00
 0.000000e+00 0.000000e+00 0.000000e+00 0.000000e+00 0.000000e+00 0.000000e+00 0.000000e+00 0.000000e+00 0.000000e+00 0.000000e+00 0.000000e+00 0.000000e+00 0.000000e+00 0.000000e+00 0.000000e+00 0.000000e+00 0.000000e+00 0.000000e+00 0.000000e+00 0.000000e+00 0.000000e+00 0.000000e+00 4.444444e-01 5.555556e-01 0.000000e+00 0.000000e+00 0.000000e+00 0.000000e+00 0.000000e+00 0.000000e+00 0.000000e+00 0.000000e+00
 0.000000e+00 0.000000e+00 0.000000e+00 0.000000e+00 0.000000e+00 0.000000e+00 0.000000e+00 0.000000e+00 0.000000e+00 0.000000e+00 0.000000e+00 0.000000e+00 0.000000e+00 0.000000e+00 0.000000e+00 0.000000e+00 0.000000e+00 0.000000e+00 0.000000e+00 0.000000e+00 0.000000e+00 0.000000e+00 0.000000e+00 4.444444e-01 5.555556e-01 0.000000e+00 0.000000e+00 0.000000e+00 0.000000e+00 0.000000e+00 0.000000e+00 0.000000e+00
 0.000000e+00 0.000000e+00 0.000000e+00 0.000000e+00 0.000000e+00 0.000000e+00 0.000000e+00 0.000000e+00 0.000000e+00 0.000000e+00 0.000000e+00 0.000000e+00 0.000000e+00 0.000000e+00 0.000000e+00 0.000000e+00 0.000000e+00 0.000000e+00 0.000000e+00 0.000000e+00 0.000000e+00 0.000000e+00 0.000000e+00 0.000000e+00 2.857143e-01 7.142857e-01 0.000000e+00 0.000000e+00 0.000000e+00 0.000000e+00 0.000000e+00 0.000000e+00
 0.000000e+00 0.000000e+00 0.000000e+00 0.000000e+00 0.000000e+00 0.000000e+00 0.000000e+00 0.000000e+00 0.000000e+00 0.000000e+00 0.000000e+00 0.000000e+00 0.000000e+00 0.000000e+00 0.000000e+00 0.000000e+00 0.000000e+00 0.000000e+00 0.000000e+00 0.000000e+00 0.000000e+00 0.000000e+00 0.000000e+00 0.000000e+00 0.000000e+00 2.857143e-01 7.142857e-01 0.000000e+00 0.000000e+00 0.000000e+00 0.000000e+00 0.000000e+00
 0.000000e+00 0.000000e+00 0.000000e+00 0.000000e+00 0.000000e+00 0.000000e+00 0.000000e+00 0.000000e+00 0.000000e+00 0.000000e+00 0.000000e+00 0.000000e+00 0.000000e+00 0.000000e+00 0.000000e+00 0.000000e+00 0.000000e+00 0.000000e+00 0.000000e+00 0.000000e+00 0.000000e+00 0.000000e+00 0.000000e+00 0.000000e+00 0.000000e+00 0.000000e+00 3.750000e-01 6.250000e-01 0.000000e+00 0.000000e+00 0.000000e+00 0.000000e+00
 0.000000e+00 0.000000e+00 0.000000e+00 0.000000e+00 0.000000e+00 0.000000e+00 0.000000e+00 0.000000e+00 0.000000e+00 0.000000e+00 0.000000e+00 0.000000e+00 0.000000e+00 0.000000e+00 0.000000e+00 0.000000e+00 0.000000e+00 0.000000e+00 0.000000e+00 0.000000e+00 0.000000e+00 0.000000e+00 0.000000e+00 0.000000e+00 0.000000e+00 0.000000e+00 0.000000e+00 4.444444e-01 5.555556e-01 0.000000e+00 0.000000e+00 0.000000e+00
 0.000000e+00 0.000000e+00 0.000000e+00 0.000000e+00 0.000000e+00 0.000000e+00 0.000000e+00 0.000000e+00 0.000000e+00 0.000000e+00 0.000000e+00 0.000000e+00 0.000000e+00 0.000000e+00 0.000000e+00 0.000000e+00 0.000000e+00 0.000000e+00 0.000000e+00 0.000000e+00 0.000000e+00 0.000000e+00 0.000000e+00 0.000000e+00 0.000000e+00 0.000000e+00 0.000000e+00 0.000000e+00 2.857143e-01 7.142857e-01 0.000000e+00 0.000000e+00
 0.000000e+00 0.000000e+00 0.000000e+00 0.000000e+00 0.000000e+00 0.000000e+00 0.000000e+00 0.000000e+00 0.000000e+00 0.000000e+00 0.000000e+00 0.000000e+00 0.000000e+00 0.000000e+00 0.000000e+00 0.000000e+00 0.000000e+00 0.000000e+00 0.000000e+00 0.000000e+00 0.000000e+00 0.000000e+00 0.000000e+00 0.000000e+00 0.000000e+00 0.000000e+00 0.000000e+00 0.000000e+00 0.000000e+00 2.857143e-01 7.142857e-01 0.000000e+00
 0.000000e+00 0.000000e+00 0.000000e+00 0.000000e+00 0.000000e+00 0.000000e+00 0.000000e+00 0.000000e+00 0.000000e+00 0.000000e+00 0.000000e+00 0.000000e+00 0.000000e+00 0.000000e+00 0.000000e+00 0.000000e+00 0.000000e+00 0.000000e+00 0.000000e+00 0.000000e+00 0.000000e+00 0.000000e+00 0.000000e+00 0.000000e+00 0.000000e+00 0.000000e+00 0.000000e+00 0.000000e+00 0.000000e+00 0.000000e+00 1.666667e-01 8.333333e-01
 0.000000e+00 0.000000e+00 0.000000e+00 0.000000e+00 0.000000e+00 0.000000e+00 0.000000e+00 0.000000e+00 0.000000e+00 0.000000e+00 0.000000e+00 0.000000e+00 0.000000e+00 0.000000e+00 0.000000e+00 0.000000e+00 0.000000e+00 0.000000e+00 0.000000e+00 0.000000e+00 0.000000e+00 0.000000e+00 0.000000e+00 0.000000e+00 0.000000e+00 0.000000e+00 0.000000e+00 0.000000e+00 0.000000e+00 0.000000e+00 0.000000e+00 0.000000e+00
<ENDHMM>
