~o
<STREAMINFO> 1 39
<VECSIZE> 39<NULLD><MFCC_E_D_A><DIAGC>
~h "Co"
<BEGINHMM>
<NUMSTATES> 7
<STATE> 2
<MEAN> 39
 -7.760333e+00 -1.260498e+01 -8.232436e+00 -5.963454e+00 4.686156e+00 -6.996751e+00 1.319073e+00 3.271052e-01 3.653670e+00 -1.304689e+00 -3.779384e+00 -4.957169e-01 2.994804e-01 2.175637e-01 -1.067669e+00 -1.932170e+00 -7.541344e-01 8.318462e-01 -5.723976e-01 6.963513e-01 -5.079505e-01 -2.286368e-01 4.291478e-01 -4.551043e-01 -7.663893e-01 9.033646e-02 3.991418e-02 -4.020167e-03 -1.101989e-01 4.823861e-02 -1.443729e-02 1.462258e-01 1.279737e-01 -2.369662e-01 -1.302431e-01 4.767542e-02 8.460787e-02 -6.489933e-02 1.606895e-03
<VARIANCE> 39
 1.299613e+01 3.202505e+01 1.013100e+02 3.412149e+01 4.151743e+01 6.385044e+01 3.568449e+01 2.353222e+01 2.596479e+01 1.932276e+01 3.710249e+01 4.157975e+01 1.916861e-01 1.038840e+00 1.553376e+00 5.254944e+00 3.106807e+00 3.249382e+00 6.464062e+00 5.319377e+00 4.311441e+00 3.087408e+00 1.857365e+00 5.262341e+00 4.010844e+00 1.000000e-02 1.742811e-01 3.891867e-01 9.378229e-01 6.127074e-01 6.815196e-01 1.394324e+00 1.017772e+00 7.832046e-01 4.632872e-01 4.674655e-01 1.128579e+00 8.894342e-01 1.000000e-02
<GCONST> 1.123654e+02
<STATE> 3
<MEAN> 39
 -5.005423e+00 -1.807954e+01 -2.457049e+01 -1.156846e+01 8.699536e+00 1.799758e+00 1.108522e+01 -1.581854e+01 2.448020e+00 -6.687958e-01 -1.251739e+00 -8.191799e+00 9.574281e-01 8.451018e-03 1.579260e-01 -2.633723e-02 -9.720688e-02 1.401229e-01 5.145560e-01 -1.193204e-01 -4.324788e-01 1.382000e-01 -4.473075e-01 2.599457e-01 -8.532829e-02 -2.304488e-03 -8.219369e-03 -1.005219e-04 6.886940e-02 -6.639234e-02 4.377949e-02 -1.204807e-01 -1.404902e-01 1.610456e-01 4.219481e-02 -8.355816e-02 -1.082749e-02 2.232065e-02 -2.427957e-03
<VARIANCE> 39
 9.968944e+00 3.770610e+00 6.962645e+00 3.240671e+01 9.318518e+00 3.737033e+01 3.028390e+01 2.201487e+01 3.420432e+01 3.259039e+01 9.101616e+00 1.595608e+01 1.000000e-02 1.794791e-01 4.858707e-01 7.042391e-01 9.057925e-01 8.674479e-01 1.436522e+00 6.974287e-01 1.831171e+00 1.572112e+00 1.567828e+00 7.570722e-01 8.704062e-01 1.000000e-02 3.743596e-02 1.191442e-01 1.680620e-01 1.967165e-01 1.453516e-01 1.766008e-01 1.266783e-01 2.637622e-01 3.083155e-01 2.595103e-01 1.789514e-01 1.706408e-01 1.000000e-02
<GCONST> 6.742011e+01
<STATE> 4
<MEAN> 39
 -4.468181e+00 -1.769428e+01 -2.324852e+01 -1.421283e+01 1.445379e+01 2.514855e+00 2.793474e+00 -1.119955e+01 1.449907e+00 -8.193310e+00 1.764321e+00 -1.009390e+01 8.134269e-01 3.996649e-01 -6.616728e-01 6.683449e-01 2.494534e-02 -2.370556e-01 5.479486e-01 -1.294678e+00 1.423609e+00 6.322949e-02 5.879612e-01 -5.542908e-01 3.760253e-01 -4.344923e-02 3.360030e-01 -1.734262e-01 -5.915515e-02 3.605380e-01 -4.514824e-01 6.844709e-03 2.879668e-01 -1.045034e-01 1.324147e-02 3.195488e-01 -2.736674e-01 1.553438e-01 -8.574564e-03
<VARIANCE> 39
 1.575508e+01 1.187660e+01 1.503486e+01 1.885055e+01 1.963693e+01 3.963796e+01 5.698013e+01 2.628813e+01 2.632938e+01 1.500257e+01 1.149309e+01 1.132094e+01 1.000000e-02 2.464244e+00 1.745590e+00 8.525548e-01 2.540863e+00 2.408452e+00 1.055077e+00 3.297241e+00 2.353518e+00 1.062369e+00 1.687039e+00 1.835066e+00 9.626504e-01 1.000000e-02 4.940880e-01 2.811726e-01 2.932025e-01 5.341703e-01 3.964498e-01 3.927936e-01 8.370548e-01 5.651085e-01 2.608250e-01 2.695151e-01 3.065999e-01 2.401013e-01 1.000000e-02
<GCONST> 8.822272e+01
<STATE> 5
<MEAN> 39
 2.480676e+00 -2.073529e+01 -1.863650e+01 -6.395614e+00 7.775173e+00 2.647664e+00 4.728096e-01 -7.414938e+00 4.699689e-01 -3.676542e+00 -8.357137e-01 -3.563974e+00 4.061871e-01 2.139454e-01 2.006154e-01 2.182704e-01 5.185243e-01 -1.973895e-01 -1.691593e-01 3.909988e-02 1.126378e-01 -3.214265e-01 1.977548e-02 1.750608e-01 3.509722e-01 -2.242979e-02 -1.866890e-01 6.773452e-02 1.827809e-02 -1.463356e-01 1.155222e-01 -4.195126e-03 -6.090605e-02 -2.136971e-02 3.853760e-03 -2.603409e-02 7.716211e-02 -9.568007e-02 3.507363e-03
<VARIANCE> 39
 2.835592e+00 8.638865e+00 1.961149e+01 1.239676e+01 6.515888e+00 1.339082e+01 1.470346e+01 1.335092e+01 1.794231e+01 8.318959e+00 9.533264e+00 1.070746e+01 1.000000e-02 1.193252e+00 9.367589e-01 2.729259e+00 1.923520e+00 1.277087e+00 1.419588e+00 1.630234e+00 1.555730e+00 1.552188e+00 8.206894e-01 7.165496e-01 1.256870e+00 1.000000e-02 1.534121e-01 2.241686e-01 5.989571e-01 3.245181e-01 1.773307e-01 2.849019e-01 3.904301e-01 3.718874e-01 2.482277e-01 1.755850e-01 1.635955e-01 2.135277e-01 1.000000e-02
<GCONST> 7.295583e+01
<STATE> 6
<MEAN> 39
 -1.792281e+00 -1.563479e+01 -1.250285e+01 -5.319490e+00 6.725918e+00 1.837838e+00 5.663763e-01 -5.453756e+00 -1.110430e+00 -2.296211e+00 1.535040e+00 -2.271731e+00 1.228785e-01 -6.093076e-01 5.637647e-01 8.917419e-01 1.481377e-01 -3.534347e-01 -2.381985e-01 7.132671e-02 5.781067e-03 2.591838e-01 3.137080e-01 2.031222e-01 1.538280e-01 -3.041994e-02 1.295231e-02 9.153455e-03 3.648117e-02 5.987493e-02 -2.416418e-02 -1.857899e-02 4.160078e-03 5.247166e-02 4.829441e-02 -6.815915e-02 -4.928266e-02 1.634760e-02 9.100036e-04
<VARIANCE> 39
 8.422071e+00 1.241741e+01 2.423976e+01 6.411175e+00 1.009145e+01 1.032429e+01 1.887207e+01 1.303379e+01 2.036818e+01 9.986993e+00 8.006156e+00 9.944936e+00 1.914786e-02 5.293151e-01 9.102871e-01 1.445961e+00 5.505668e-01 5.448154e-01 1.080570e+00 1.306969e+00 1.651642e+00 1.592625e+00 9.270009e-01 8.662614e-01 1.030863e+00 1.000000e-02 1.191610e-01 1.703403e-01 2.892689e-01 1.191274e-01 1.060994e-01 2.053813e-01 2.699208e-01 3.624620e-01 2.977458e-01 1.907551e-01 1.621400e-01 2.676989e-01 1.000000e-02
<GCONST> 6.818771e+01
<TRANSP> 7
 0.000000e+00 1.000000e+00 0.000000e+00 0.000000e+00 0.000000e+00 0.000000e+00 0.000000e+00
 0.000000e+00 9.152542e-01 8.474576e-02 0.000000e+00 0.000000e+00 0.000000e+00 0.000000e+00
 0.000000e+00 0.000000e+00 9.519231e-01 4.807693e-02 0.000000e+00 0.000000e+00 0.000000e+00
 0.000000e+00 0.000000e+00 0.000000e+00 8.437500e-01 1.562500e-01 0.000000e+00 0.000000e+00
 0.000000e+00 0.000000e+00 0.000000e+00 0.000000e+00 9.315069e-01 6.849316e-02 0.000000e+00
 0.000000e+00 0.000000e+00 0.000000e+00 0.000000e+00 0.000000e+00 9.137931e-01 8.620691e-02
 0.000000e+00 0.000000e+00 0.000000e+00 0.000000e+00 0.000000e+00 0.000000e+00 0.000000e+00
<ENDHMM>
