~o
<STREAMINFO> 1 39
<VECSIZE> 39<NULLD><MFCC_E_D_A><DIAGC>
~h "Cuo^i"
<BEGINHMM>
<NUMSTATES> 12
<STATE> 2
<MEAN> 39
 -6.730108e+00 -7.089945e+00 -1.045157e+00 -1.161453e+00 1.001415e+00 -4.330776e+00 -6.271992e-01 -3.502902e+00 1.933217e+00 -2.957548e+00 3.654078e+00 -1.530561e+00 5.744810e-02 3.833654e-02 -4.588576e-01 -9.315090e-01 -6.214536e-01 7.297545e-01 -1.595399e-01 -2.721948e-01 -1.293630e-01 -6.839777e-01 4.654882e-01 -5.231962e-01 2.912428e-01 2.452242e-02 1.244005e-01 -1.238675e-01 -3.737010e-01 -3.884752e-01 3.236467e-01 -1.401560e-01 7.625625e-03 4.124925e-02 -3.423277e-01 3.461317e-01 -1.992441e-01 6.372449e-02 1.559865e-02
<VARIANCE> 39
 1.094531e+01 3.412338e+01 1.671925e+01 8.981832e+00 1.007639e+01 2.033255e+01 2.051948e+01 1.118997e+01 1.163096e+01 1.345287e+01 1.368105e+01 9.276576e+00 1.660867e-02 1.708863e+00 5.817118e+00 4.255176e+00 2.358443e+00 2.668749e+00 4.345335e+00 3.744209e+00 1.604558e+00 3.622126e+00 2.730032e+00 1.621906e+00 1.565312e+00 1.000000e-02 3.710276e-01 1.324474e+00 5.513571e-01 3.977700e-01 4.376171e-01 8.944859e-01 7.266363e-01 3.546174e-01 5.126507e-01 4.130297e-01 2.817409e-01 2.798764e-01 1.000000e-02
<GCONST> 9.341423e+01
<STATE> 3
<MEAN> 39
 -1.699631e+00 -1.386005e+01 -1.623281e+01 -1.488832e+01 1.393281e+01 -1.006983e+01 -1.533669e+00 -3.753200e+00 -1.134120e+01 9.918705e+00 -5.445963e+00 3.061287e+00 6.217719e-01 2.028239e+00 8.233514e-02 -2.354603e+00 -3.671132e+00 5.896460e-01 -2.667368e+00 4.152687e-01 1.821725e-01 -1.935899e+00 2.023498e+00 -1.593977e+00 8.933273e-01 1.284902e-01 4.157188e-01 7.265412e-01 1.357258e+00 5.309269e-01 -2.318473e+00 1.359380e-01 9.961113e-02 2.815849e-01 1.320451e+00 -1.291790e+00 1.112054e+00 -1.091598e-01 -2.825702e-02
<VARIANCE> 39
 2.069888e+01 1.550089e+01 1.549073e+01 4.855349e+01 3.692356e+01 6.312782e+01 6.072741e+01 3.469684e+01 2.889970e+01 1.498095e+01 1.802937e+01 1.655189e+01 1.000000e-02 1.108570e+00 2.949101e+00 5.372317e+00 3.161530e+00 1.498890e+01 1.870622e+00 4.307116e+00 2.232574e+00 5.473589e+00 6.248490e+00 2.197807e+00 1.205836e+00 1.000000e-02 1.609780e-01 3.418058e-01 3.057095e-01 6.047665e-01 1.201129e+00 1.089355e+00 9.686404e-01 5.101535e-01 8.787687e-01 4.182661e-01 6.095120e-01 2.965490e-01 1.000000e-02
<GCONST> 1.038170e+02
<STATE> 4
<MEAN> 39
 6.755745e+00 -9.397575e+00 -1.398111e+01 -1.866198e+01 -1.395091e+00 -1.589516e+01 -1.415492e+00 -2.611987e+00 -7.390993e+00 4.776983e+00 -1.060172e+00 4.045774e+00 7.756513e-01 1.885155e+00 -1.425773e-01 1.147907e+00 -1.496583e+00 -5.279420e+00 5.493059e-01 -1.553959e+00 1.644622e+00 2.029849e+00 -1.047723e+00 3.203945e+00 1.159887e+00 6.832960e-02 -7.410197e-01 -4.501522e-01 2.859613e-01 9.442449e-03 5.346671e-01 7.874393e-01 -2.634363e-01 3.953242e-01 1.257272e-01 3.152787e-01 3.418521e-01 4.169194e-01 -6.286494e-03
<VARIANCE> 39
 1.669374e+01 9.556462e+00 9.777994e+00 2.223833e+01 8.041392e+01 1.490685e+01 3.537140e+01 1.223871e+01 1.167068e+01 3.372626e+01 1.743010e+01 2.053879e+01 1.078241e-02 1.282652e+00 2.511681e+00 2.877425e-01 3.443939e+00 4.590477e+00 3.517329e+00 2.117604e+00 2.000489e+00 1.627645e+00 3.458557e+00 1.405346e+00 2.045868e+00 1.000000e-02 1.691465e-01 1.237676e-01 2.201340e-01 4.588296e-01 2.097785e+00 4.365830e-01 5.567692e-01 2.630767e-01 6.742115e-01 9.039479e-01 9.406655e-01 5.086276e-01 1.000000e-02
<GCONST> 9.217673e+01
<STATE> 5
<MEAN> 39
 6.003937e+00 -1.256706e+01 -1.105221e+01 -2.550799e+01 -7.291934e+00 -1.275791e+01 -2.911217e+00 4.257259e+00 -2.751799e+00 8.774464e+00 4.433199e+00 1.128075e+01 9.695984e-01 -4.812991e-01 1.445028e-02 1.786139e-01 -1.061632e+00 6.964407e-01 2.244191e-01 1.920927e-01 3.939644e-01 1.416866e-01 9.514891e-01 -6.880049e-02 5.262175e-01 1.552701e-02 -1.460312e-01 8.479642e-02 -1.823730e-01 2.366368e-01 5.610154e-01 -1.060534e-01 9.192290e-02 -2.393101e-01 -9.931819e-03 2.342384e-01 -4.649259e-01 -4.481771e-01 -8.369148e-03
<VARIANCE> 39
 1.041471e+01 1.272700e+01 1.824693e+01 6.601637e+01 5.565525e+01 1.677021e+01 3.513068e+01 1.222234e+01 4.903469e+01 2.131204e+01 1.033640e+01 4.268964e+01 1.000000e-02 2.513303e-01 3.328476e-01 5.727921e-01 1.454212e+00 2.551361e+00 1.656052e+00 1.162381e+00 2.075404e+00 2.128304e+00 2.466966e+00 1.282675e+00 5.489779e+00 1.000000e-02 8.523320e-02 9.882317e-02 7.392445e-02 2.815990e-01 4.251345e-01 4.582268e-01 1.950737e-01 2.459587e-01 5.395687e-01 3.467665e-01 3.837141e-01 5.947482e-01 1.000000e-02
<GCONST> 8.257806e+01
<STATE> 6
<MEAN> 39
 2.792672e+00 -9.938512e+00 -1.120933e+01 -3.066885e+01 -4.598043e-02 -9.269110e+00 -6.131326e+00 4.570485e+00 -1.674256e+00 1.469859e+01 -5.202520e-01 5.122991e+00 9.719894e-01 -5.552070e-01 -6.736826e-01 -4.768109e-02 7.554859e-01 5.502010e-01 -1.453077e-01 -1.717930e-01 -5.503256e-01 1.564497e+00 1.082301e+00 -2.102469e+00 -1.859554e+00 -8.771284e-03 -4.591154e-02 -3.607548e-01 2.084683e-01 5.460920e-01 -3.362782e-01 -3.117213e-01 1.117103e-01 5.758713e-02 -2.182565e-02 -6.905760e-01 -3.669004e-01 -8.303971e-02 -3.441053e-03
<VARIANCE> 39
 7.815327e+00 1.159377e+01 1.401938e+01 2.779948e+01 1.829440e+01 2.626120e+01 3.771576e+01 2.878043e+01 2.816881e+01 3.461853e+01 2.749870e+01 4.845068e+01 1.000000e-02 3.322105e-01 1.158159e+00 8.711451e-01 1.689345e+00 2.561700e+00 1.699651e+00 1.173489e+00 3.189709e+00 2.166565e+00 1.608638e+00 4.373941e+00 1.738568e+00 1.000000e-02 7.882667e-02 8.670334e-02 1.455558e-01 4.153799e-01 4.672999e-01 2.893610e-01 3.320380e-01 7.534202e-01 6.620576e-01 7.614067e-01 8.962665e-01 3.179327e-01 1.000000e-02
<GCONST> 8.795650e+01
<STATE> 7
<MEAN> 39
 -2.078461e-02 -1.741204e+01 -9.388866e+00 -2.212071e+01 1.456449e+00 -1.531544e+01 -3.483918e+00 3.202491e+00 4.579249e+00 1.344426e+01 -1.134449e+01 -1.163954e+00 9.177803e-01 -1.043438e+00 -1.605234e+00 1.510816e+00 2.140079e+00 -9.515730e-01 -2.005577e+00 1.852434e+00 6.695556e-01 -1.134040e+00 -3.262890e+00 -1.009003e+00 -9.801105e-01 -2.072150e-02 -8.239254e-03 2.745479e-01 3.827047e-01 -3.922040e-01 -5.400890e-01 1.079633e-01 1.025820e+00 -3.674015e-01 -1.057069e+00 -3.189427e-01 1.079800e+00 2.294699e-01 -2.413300e-03
<VARIANCE> 39
 9.712123e+00 6.055031e+00 2.748665e+01 2.153044e+01 2.326811e+01 4.392104e+01 4.581789e+01 1.316013e+01 2.420073e+01 2.790188e+01 9.589879e+00 1.343626e+01 1.000000e-02 2.933715e-01 5.073768e-01 5.508263e-01 2.449721e+00 2.225968e+00 9.200374e-01 2.993844e+00 9.946759e-01 8.285645e+00 2.768420e+00 3.166654e+00 1.515032e+00 1.000000e-02 7.025073e-02 1.533368e-01 1.853758e-01 2.658975e-01 2.379438e-01 4.157564e-01 2.656034e-01 5.531679e-01 5.527492e-01 8.860884e-01 2.398417e-01 2.203245e-01 1.000000e-02
<GCONST> 8.250175e+01
<STATE> 8
<MEAN> 39
 -4.062626e+00 -1.930938e+01 -6.730610e-01 -2.177445e+01 -4.494580e+00 -1.858471e+01 9.755663e+00 -8.548646e-01 -2.408264e+00 7.295435e+00 -8.341290e+00 -3.629431e+00 7.938445e-01 -6.433412e-01 3.119943e-01 1.602172e+00 -1.828867e-01 -8.352028e-01 5.176032e-01 9.195327e-01 -1.509191e+00 1.928360e-01 -7.214846e-02 5.042198e-01 3.948012e-02 -3.442807e-02 2.271031e-01 2.404328e-01 -2.495141e-01 1.528196e-01 3.789418e-02 4.621623e-01 -7.603866e-01 -9.866896e-02 3.897555e-01 2.429379e-01 9.223332e-02 2.742826e-01 -5.286182e-03
<VARIANCE> 39
 6.359115e+00 4.245441e+00 4.011580e+01 2.155644e+01 2.155104e+01 2.571276e+01 4.463081e+01 2.149727e+01 2.685944e+01 1.345821e+01 8.404604e+00 1.367040e+01 1.000000e-02 7.880806e-01 6.320436e-01 1.531254e+00 3.483199e+00 2.066322e+00 1.262313e+00 5.782683e+00 1.066835e+00 4.804074e+00 1.681848e+00 6.565270e-01 2.131838e+00 1.000000e-02 2.471368e-01 9.414275e-02 2.401019e-01 1.266614e+00 4.713585e-01 2.879815e-01 3.480403e-01 3.194850e-01 1.075561e+00 7.383931e-01 1.500919e-01 3.006294e-01 1.000000e-02
<GCONST> 8.544539e+01
<STATE> 9
<MEAN> 39
 -6.017234e+00 -1.474506e+01 4.309158e+00 -1.789438e+01 -1.038705e+01 -1.116251e+01 3.079882e+00 -7.586449e+00 2.563896e+00 7.064797e+00 -6.489433e+00 -1.073656e+00 6.080122e-01 1.732870e+00 4.724608e-01 -4.220454e-01 2.491380e+00 -9.559683e-01 2.156472e+00 -1.759996e+00 -4.340113e-01 6.379037e-01 -7.788208e-01 1.316063e+00 5.668882e-01 -5.925029e-02 4.770588e-01 -9.824852e-02 -6.044762e-01 4.103543e-01 2.455724e-01 -2.030120e-02 5.701700e-02 4.626901e-01 -3.238992e-02 -3.311101e-01 2.591988e-01 -3.332728e-01 2.308944e-05
<VARIANCE> 39
 2.686331e+01 1.232745e+01 2.009107e+01 2.480077e+01 1.564806e+01 1.000756e+01 1.479261e+01 6.560668e+00 1.820755e+01 1.759645e+01 6.993443e+00 1.828601e+01 1.471589e-02 3.726512e+00 1.434157e+00 3.912654e+00 7.194750e+00 2.855170e+00 1.549064e+00 1.578799e+00 1.351320e+00 2.414180e+00 4.340982e+00 1.122735e+00 1.319064e+00 1.000000e-02 4.826344e-01 1.860843e-01 4.016945e-01 6.051568e-01 2.337587e-01 2.792985e-01 4.057459e-01 3.537688e-01 5.198843e-01 4.597065e-01 8.385570e-02 2.631354e-01 1.000000e-02
<GCONST> 8.677212e+01
<STATE> 10
<MEAN> 39
 2.379287e+00 -1.342174e+01 -2.350671e+00 -8.395416e+00 -1.026011e+01 -8.556351e+00 1.208953e+00 -4.042861e+00 2.889703e+00 2.551077e+00 1.686509e+00 -7.958056e-01 3.699036e-01 -3.644704e-02 5.314274e-01 -8.477529e-01 6.055875e-01 1.015822e-01 -2.443663e-01 1.008128e-01 6.127285e-01 -3.041891e-01 -2.591325e-01 8.283028e-01 -1.444605e-01 -3.184039e-02 -5.520068e-01 3.339683e-02 3.861814e-01 -4.121502e-01 2.819287e-01 -9.205349e-02 2.089529e-01 -5.464373e-02 7.471213e-03 3.041838e-01 -2.128548e-01 1.274065e-02 -4.678306e-04
<VARIANCE> 39
 2.825191e+00 8.525589e+00 7.674145e+00 1.408374e+01 1.385502e+01 1.867632e+01 8.586105e+00 2.168142e+01 2.617400e+01 1.080425e+01 8.543276e+00 8.036349e+00 1.000000e-02 1.643584e+00 9.602893e-01 1.388926e+00 2.492134e+00 1.754402e+00 2.415558e+00 1.281082e+00 2.153038e+00 1.608943e+00 1.690055e+00 1.080848e+00 8.629602e-01 1.000000e-02 1.260612e-01 2.197205e-01 1.633535e-01 6.991521e-01 5.497362e-01 9.142711e-01 2.931684e-01 4.896926e-01 3.439257e-01 3.844011e-01 2.097271e-01 1.670778e-01 1.000000e-02
<GCONST> 7.771022e+01
<STATE> 11
<MEAN> 39
 -2.855250e+00 -1.009687e+01 -1.296465e+00 -5.344587e+00 -4.768900e+00 -6.163320e+00 1.664906e+00 -2.474306e+00 2.586697e+00 2.302844e+00 3.551491e+00 -1.212204e+00 1.157263e-01 -9.642773e-01 3.111134e-01 4.826986e-01 8.600393e-01 1.087113e+00 6.141460e-01 6.544659e-02 3.422303e-01 3.745480e-01 -7.145648e-02 4.767304e-02 2.356551e-01 -4.595730e-02 2.204708e-01 -5.013131e-02 -9.018640e-02 -3.954933e-02 -1.106671e-01 -1.854362e-01 1.170426e-01 6.746539e-02 1.405690e-02 -5.993684e-02 -1.274800e-01 -2.616315e-02 9.534602e-03
<VARIANCE> 39
 4.343592e+00 3.887204e+00 6.072241e+00 7.988009e+00 1.775224e+01 7.899805e+00 9.698515e+00 1.393455e+01 1.992379e+01 1.911512e+01 5.809217e+00 1.014463e+01 1.000000e-02 7.159755e-01 6.807294e-01 1.172243e+00 1.307455e+00 2.954353e+00 1.319688e+00 1.233627e+00 5.365197e-01 2.442672e+00 1.275302e+00 7.792113e-01 1.357443e+00 1.000000e-02 1.854708e-01 1.130019e-01 1.632368e-01 2.041273e-01 5.568430e-01 1.964532e-01 2.442302e-01 1.339534e-01 4.999810e-01 3.648006e-01 1.416251e-01 3.415618e-01 1.000000e-02
<GCONST> 6.865704e+01
<TRANSP> 12
 0.000000e+00 1.000000e+00 0.000000e+00 0.000000e+00 0.000000e+00 0.000000e+00 0.000000e+00 0.000000e+00 0.000000e+00 0.000000e+00 0.000000e+00 0.000000e+00
 0.000000e+00 8.979592e-01 1.020408e-01 0.000000e+00 0.000000e+00 0.000000e+00 0.000000e+00 0.000000e+00 0.000000e+00 0.000000e+00 0.000000e+00 0.000000e+00
 0.000000e+00 0.000000e+00 6.666667e-01 3.333333e-01 0.000000e+00 0.000000e+00 0.000000e+00 0.000000e+00 0.000000e+00 0.000000e+00 0.000000e+00 0.000000e+00
 0.000000e+00 0.000000e+00 0.000000e+00 6.428571e-01 3.571429e-01 0.000000e+00 0.000000e+00 0.000000e+00 0.000000e+00 0.000000e+00 0.000000e+00 0.000000e+00
 0.000000e+00 0.000000e+00 0.000000e+00 0.000000e+00 8.571429e-01 1.428571e-01 0.000000e+00 0.000000e+00 0.000000e+00 0.000000e+00 0.000000e+00 0.000000e+00
 0.000000e+00 0.000000e+00 0.000000e+00 0.000000e+00 0.000000e+00 7.916667e-01 2.083333e-01 0.000000e+00 0.000000e+00 0.000000e+00 0.000000e+00 0.000000e+00
 0.000000e+00 0.000000e+00 0.000000e+00 0.000000e+00 0.000000e+00 0.000000e+00 6.666667e-01 3.333333e-01 0.000000e+00 0.000000e+00 0.000000e+00 0.000000e+00
 0.000000e+00 0.000000e+00 0.000000e+00 0.000000e+00 0.000000e+00 0.000000e+00 0.000000e+00 8.437500e-01 1.562500e-01 0.000000e+00 0.000000e+00 0.000000e+00
 0.000000e+00 0.000000e+00 0.000000e+00 0.000000e+00 0.000000e+00 0.000000e+00 0.000000e+00 0.000000e+00 7.058824e-01 2.941177e-01 0.000000e+00 0.000000e+00
 0.000000e+00 0.000000e+00 0.000000e+00 0.000000e+00 0.000000e+00 0.000000e+00 0.000000e+00 0.000000e+00 0.000000e+00 8.484849e-01 1.515152e-01 0.000000e+00
 0.000000e+00 0.000000e+00 0.000000e+00 0.000000e+00 0.000000e+00 0.000000e+00 0.000000e+00 0.000000e+00 0.000000e+00 0.000000e+00 7.916667e-01 2.083333e-01
 0.000000e+00 0.000000e+00 0.000000e+00 0.000000e+00 0.000000e+00 0.000000e+00 0.000000e+00 0.000000e+00 0.000000e+00 0.000000e+00 0.000000e+00 0.000000e+00
<ENDHMM>
