~o
<STREAMINFO> 1 39
<VECSIZE> 39<NULLD><MFCC_E_D_A><DIAGC>
~h "Du*ng"
<BEGINHMM>
<NUMSTATES> 9
<STATE> 2
<MEAN> 39
 -2.944657e+00 -5.852226e+00 -1.583423e+00 -8.981261e+00 5.860390e-01 -7.525590e+00 -1.986748e+00 -7.632317e-01 -3.926307e+00 -4.317756e+00 -3.342033e+00 -4.179539e+00 2.735403e-01 6.755162e-01 4.211848e-01 1.196028e-01 -2.061470e+00 -5.589644e-01 -7.781680e-01 -1.277818e+00 2.026294e-01 -1.126057e+00 -6.182336e-01 -1.565564e+00 -4.041608e-01 8.258049e-02 -1.532705e-01 -1.323152e-01 1.211926e-01 -1.821142e-01 -3.915900e-01 7.704325e-03 -1.433370e-01 -1.886749e-01 1.469181e-01 2.313073e-01 9.592923e-02 5.149799e-02 8.083771e-03
<VARIANCE> 39
 2.783282e+01 1.112743e+01 6.336112e+00 3.958637e+01 1.727237e+01 2.739541e+01 2.046951e+01 1.589345e+01 2.747641e+01 3.049073e+01 3.508554e+01 7.868090e+00 7.649659e-02 2.326216e+00 1.603531e+00 1.282587e+00 3.255623e+00 2.698087e+00 2.852635e+00 1.023753e+00 1.798677e+00 2.240308e+00 4.333822e+00 1.949263e+00 7.979168e-01 1.000000e-02 6.012208e-01 3.794287e-01 2.565027e-01 8.000446e-01 8.478981e-01 4.154945e-01 1.888036e-01 4.888543e-01 6.258029e-01 1.146331e+00 9.431563e-01 1.980740e-01 1.000000e-02
<GCONST> 9.506680e+01
<STATE> 3
<MEAN> 39
 -4.524669e+00 -9.590063e+00 -1.100295e+00 -1.895309e+01 -1.517064e+01 -1.328684e+01 -5.240794e+00 -3.054219e+00 -3.437684e+00 1.568550e+00 5.938928e-03 -2.765905e+00 8.716114e-01 -9.551821e-01 -1.737009e+00 -9.297125e-01 6.741880e-01 -2.533273e+00 -9.607734e-01 1.944261e+00 4.098057e-01 1.295695e+00 1.486233e+00 2.022910e+00 4.933953e-01 4.904460e-02 1.486570e-01 -3.648661e-02 -4.472426e-01 5.016481e-01 8.847660e-01 3.328746e-02 4.077046e-01 7.838680e-01 -4.013582e-03 -5.565405e-01 -5.884536e-01 -1.662729e-01 -1.219312e-02
<VARIANCE> 39
 7.002978e+00 2.586304e+01 3.880574e+01 1.552315e+01 7.254301e+01 4.492120e+01 5.675275e+01 1.343356e+01 3.179260e+01 3.716565e+01 7.647070e+01 1.782820e+01 1.481513e-02 6.561075e-01 8.427235e-01 2.803945e+00 1.753178e+00 1.149324e+01 1.803050e+00 4.910606e+00 5.479743e+00 1.456995e+00 5.134658e+00 1.109251e+01 1.814630e+00 1.000000e-02 8.082841e-02 2.120252e-01 3.557070e-01 4.548027e-01 2.191883e+00 6.929880e-01 1.330847e+00 6.697641e-01 4.548495e-01 1.106628e+00 3.285968e+00 2.735653e-01 1.000000e-02
<GCONST> 1.048328e+02
<STATE> 4
<MEAN> 39
 -7.319518e+00 -1.674177e+01 -1.105709e+01 -1.446313e+01 -7.885121e+00 -1.178369e+01 2.917734e-01 1.017071e+01 4.614534e+00 -1.375330e+00 -8.950059e+00 -3.831997e+00 9.677250e-01 6.940672e-02 -1.708997e-01 -1.511938e+00 1.125408e-01 2.975642e+00 1.863313e+00 -1.227805e+00 1.195768e+00 8.678278e-01 -8.968571e-01 -3.033073e+00 -1.064623e+00 -6.504363e-03 2.108313e-01 2.036454e-01 3.406233e-01 -2.710513e-01 -2.732333e-01 3.328573e-01 -6.471705e-01 -8.648221e-01 -3.632156e-01 3.217081e-01 4.434535e-01 -7.791727e-02 -6.546976e-03
<VARIANCE> 39
 4.493040e+00 5.327452e+00 2.667658e+01 1.947659e+01 5.200740e+01 2.513768e+01 2.761775e+01 2.076903e+01 3.661559e+01 1.606262e+01 4.566442e+01 2.481447e+01 1.000000e-02 2.651586e-01 4.882787e-01 9.833852e-01 1.185817e+00 1.298034e+00 1.929356e+00 1.310420e+00 6.772093e+00 3.835494e+00 1.570974e+00 2.005783e+00 7.955838e-01 1.000000e-02 2.982423e-02 1.237358e-01 2.235869e-01 1.304464e-01 9.923651e-01 3.412281e-01 4.494492e-01 7.349191e-01 9.450933e-01 2.421961e-01 9.885612e-01 2.332343e-01 1.000000e-02
<GCONST> 8.343233e+01
<STATE> 5
<MEAN> 39
 -6.627685e-01 -1.611465e+01 -1.169390e+01 -1.290394e+01 -6.111535e+00 -1.643767e+00 -1.041427e+01 3.846491e+00 7.256125e-01 -2.202425e+00 -9.723722e+00 -7.736236e+00 7.890113e-01 1.856113e+00 -1.834975e-01 1.227231e+00 6.490544e-01 -2.184775e+00 4.072813e-01 -3.732620e-01 -2.004468e+00 -7.616547e-01 -3.566250e-01 1.583390e+00 7.656034e-01 -3.415327e-02 6.043974e-02 -3.735255e-02 1.328879e-01 5.865569e-02 -1.780992e-01 -4.105951e-01 7.164454e-01 -1.335347e-02 2.803892e-01 -2.457589e-01 5.579006e-02 2.335416e-01 3.738055e-03
<VARIANCE> 39
 1.884428e+01 1.411154e+01 5.739738e+01 4.742804e+01 6.699451e+01 1.739341e+01 3.282130e+01 5.031754e+01 1.314102e+01 1.887563e+01 3.230275e+01 2.124070e+01 1.000000e-02 5.404795e-01 7.290497e-01 1.678052e+00 2.023565e+00 3.424646e+00 2.619324e+00 7.941518e+00 3.350972e+00 2.889011e+00 2.779954e+00 2.918205e+00 1.823185e+00 1.000000e-02 1.998885e-01 1.291415e-01 3.872101e-01 4.534495e-01 1.352469e+00 3.665247e-01 6.955267e-01 6.699024e-01 5.178687e-01 4.898021e-01 1.018367e+00 4.698817e-01 1.000000e-02
<GCONST> 9.841946e+01
<STATE> 6
<MEAN> 39
 7.456800e+00 -1.678509e+01 -5.659837e+00 -1.095778e+01 -1.126485e+01 -6.168144e+00 -2.977619e+00 -3.377336e+00 2.267337e+00 -7.123645e+00 -6.151781e+00 -4.199728e+00 6.448407e-01 1.169344e-01 3.697052e-01 -1.192711e-01 1.251988e-01 5.492607e-01 -6.777807e-01 3.915372e-01 4.602994e-02 3.897577e-01 -2.080071e-01 1.685251e-01 3.934307e-02 -1.643338e-02 -1.745904e-01 1.348223e-01 -1.502143e-01 3.795847e-02 1.617118e-01 2.403674e-02 -2.091989e-01 1.707196e-01 -1.156250e-01 8.319692e-02 3.495952e-03 -3.234231e-02 -1.585523e-03
<VARIANCE> 39
 5.342536e+00 6.810048e+00 1.974616e+01 7.024098e+00 1.031676e+01 1.920679e+01 1.147411e+01 1.153154e+01 2.504709e+01 7.159258e+00 1.438344e+01 7.509602e+00 1.000000e-02 2.523373e-01 4.325517e-01 1.432054e+00 1.203489e+00 5.292577e-01 1.856899e+00 1.668265e+00 1.076292e+00 1.234378e+00 1.238550e+00 1.062291e+00 7.554687e-01 1.000000e-02 5.692573e-02 5.719646e-02 2.015268e-01 1.757510e-01 1.682843e-01 4.475008e-01 4.362891e-01 2.822930e-01 2.341636e-01 2.489942e-01 2.306930e-01 1.721792e-01 1.000000e-02
<GCONST> 6.571931e+01
<STATE> 7
<MEAN> 39
 5.835135e+00 -1.157798e+01 -7.255632e+00 -8.540097e+00 -6.413452e+00 -9.495298e+00 -1.698889e+00 -2.091590e+00 4.906369e-01 -7.660769e+00 -3.523499e+00 -2.975970e+00 4.814969e-01 -1.051627e+00 9.831923e-01 1.017099e+00 1.056723e+00 7.093976e-01 -6.071870e-02 6.822687e-01 4.440412e-01 -9.188797e-01 -6.579347e-02 2.205094e-01 -3.297821e-03 -4.927044e-02 -3.509364e-01 -5.147631e-02 3.959919e-01 1.775850e-01 2.068268e-02 2.154484e-01 7.404666e-02 1.019157e-01 3.053749e-01 1.603642e-01 -1.325270e-01 -2.285738e-01 -9.676476e-03
<VARIANCE> 39
 5.928190e+00 1.636499e+01 5.932920e+00 1.777447e+01 5.800429e+00 9.710616e+00 5.439536e+00 1.235258e+01 2.313327e+01 8.733397e+00 4.845998e+00 1.147731e+01 1.000000e-02 5.419765e-01 3.697800e-01 7.252569e-01 1.202054e+00 9.375951e-01 1.350512e+00 5.004137e-01 9.402779e-01 1.165740e+00 8.179114e-01 7.620572e-01 1.105265e+00 1.000000e-02 3.966907e-02 6.638576e-02 1.097408e-01 2.181013e-01 1.343803e-01 1.757923e-01 1.684190e-01 1.917922e-01 3.508204e-01 2.507879e-01 2.455301e-01 2.314282e-01 1.000000e-02
<GCONST> 6.003025e+01
<STATE> 8
<MEAN> 39
 -2.323806e+00 -9.276525e+00 -1.751397e+00 -3.362456e+00 -1.399046e+00 -6.535573e+00 4.675657e-01 5.067020e-01 2.572388e+00 -5.088454e+00 -2.366407e+00 -3.796991e+00 1.464314e-01 -1.026701e+00 4.519931e-02 3.466997e-01 3.431163e-01 6.511543e-01 5.957229e-01 2.426418e-01 2.878198e-01 3.821582e-01 4.819582e-01 5.541973e-01 2.927005e-01 -4.265648e-02 2.200066e-01 -1.252212e-01 -1.795916e-01 -9.600515e-02 -9.513768e-02 -3.718149e-02 4.961919e-03 -1.066028e-01 -1.013119e-01 -4.272398e-02 5.166908e-02 1.744008e-01 8.533658e-03
<VARIANCE> 39
 5.237505e+00 5.118952e+00 4.187160e+00 9.283392e+00 1.294630e+01 9.604508e+00 1.184818e+01 1.084271e+01 1.641284e+01 1.269649e+01 1.965965e+01 1.309552e+01 1.000000e-02 4.811019e-01 6.348482e-01 9.383558e-01 9.891571e-01 1.310670e+00 9.402331e-01 6.931490e-01 9.534326e-01 1.927430e+00 1.675952e+00 2.041373e+00 1.175037e+00 1.000000e-02 5.054801e-02 9.881788e-02 1.848361e-01 2.080217e-01 2.712213e-01 1.823183e-01 1.058291e-01 1.828848e-01 3.475916e-01 3.474687e-01 4.173932e-01 1.996489e-01 1.000000e-02
<GCONST> 6.585323e+01
<TRANSP> 9
 0.000000e+00 1.000000e+00 0.000000e+00 0.000000e+00 0.000000e+00 0.000000e+00 0.000000e+00 0.000000e+00 0.000000e+00
 0.000000e+00 8.717949e-01 1.282051e-01 0.000000e+00 0.000000e+00 0.000000e+00 0.000000e+00 0.000000e+00 0.000000e+00
 0.000000e+00 0.000000e+00 8.333333e-01 1.666667e-01 0.000000e+00 0.000000e+00 0.000000e+00 0.000000e+00 0.000000e+00
 0.000000e+00 0.000000e+00 0.000000e+00 8.387097e-01 1.612903e-01 0.000000e+00 0.000000e+00 0.000000e+00 0.000000e+00
 0.000000e+00 0.000000e+00 0.000000e+00 0.000000e+00 8.437500e-01 1.562500e-01 0.000000e+00 0.000000e+00 0.000000e+00
 0.000000e+00 0.000000e+00 0.000000e+00 0.000000e+00 0.000000e+00 8.936170e-01 1.063830e-01 0.000000e+00 0.000000e+00
 0.000000e+00 0.000000e+00 0.000000e+00 0.000000e+00 0.000000e+00 0.000000e+00 7.619048e-01 2.380952e-01 0.000000e+00
 0.000000e+00 0.000000e+00 0.000000e+00 0.000000e+00 0.000000e+00 0.000000e+00 0.000000e+00 8.571429e-01 1.428571e-01
 0.000000e+00 0.000000e+00 0.000000e+00 0.000000e+00 0.000000e+00 0.000000e+00 0.000000e+00 0.000000e+00 0.000000e+00
<ENDHMM>
