~o
<STREAMINFO> 1 39
<VECSIZE> 39<NULLD><MFCC_E_D_A><DIAGC>
~h "D~a^u"
<BEGINHMM>
<NUMSTATES> 38
<STATE> 2
<MEAN> 39
 -4.070417e+00 -8.230488e+00 -2.362446e+00 -2.049856e-01 4.294616e+00 -2.227797e+00 -3.714983e-01 -3.697061e+00 1.001203e-01 1.082274e-01 3.333412e+00 -2.477414e+00 6.720877e-02 2.737272e-01 -2.092632e-01 -6.270912e-01 -9.139018e-02 1.864486e-01 -1.611825e-01 -6.688446e-02 6.490170e-01 3.438365e-01 -9.476185e-02 -6.179261e-01 -2.903417e-01 2.264091e-02 3.295599e-01 -4.738564e-02 1.700762e-01 -4.527250e-01 -8.604339e-01 -8.282588e-01 5.734921e-02 4.809490e-01 -2.721210e-01 -8.973395e-01 -3.811418e-01 7.587063e-03 1.248902e-02
<VARIANCE> 39
 5.579408e+00 1.739866e+01 1.489067e+01 4.806661e+00 1.600610e+01 1.426133e+01 9.863214e+00 2.057383e+01 7.272770e+00 1.537352e+01 1.007245e+01 8.021791e+00 1.000000e-02 9.805016e-01 3.626699e-01 6.030155e-01 3.674183e-01 9.344172e-01 8.470189e-01 6.078401e-01 1.369669e+00 2.861176e-01 7.176646e-01 1.433843e+00 5.803414e-01 1.000000e-02 3.793899e-01 4.676952e-01 3.900476e-01 1.190393e-01 5.429361e-01 3.497398e-01 1.721504e-01 9.068601e-01 3.009279e-01 2.046404e-01 3.179482e-01 4.054968e-01 1.000000e-02
<GCONST> 6.868168e+01
<STATE> 3
<MEAN> 39
 -4.563220e+00 -8.504609e+00 -1.205724e+00 -2.769012e+00 1.101810e+00 -6.467402e+00 7.816126e-01 -4.969288e-02 2.780035e+00 -2.236636e+00 1.268602e+00 -2.437692e+00 6.254042e-02 1.219478e+00 2.408573e-01 -3.598290e-01 -1.360075e+00 -2.255599e+00 -1.906210e+00 -4.331422e-01 1.188754e+00 -4.631730e-01 -1.429033e+00 -8.476220e-01 -4.201390e-01 7.741862e-02 1.554042e-01 -2.256053e-01 2.923506e-02 -4.780432e-01 -6.503214e-01 -1.090671e-01 -5.634429e-01 9.636651e-02 -4.269949e-01 -4.987990e-01 -1.660640e-01 4.665667e-02 3.518729e-02
<VARIANCE> 39
 4.520186e+00 1.840852e+00 4.537754e+00 1.590319e+01 8.523076e+00 8.130383e+00 1.138890e+01 1.244366e+01 8.235941e+00 9.179203e+00 1.052378e+01 6.833092e+00 1.447943e-02 3.124196e+00 1.596342e+00 1.611136e+00 9.773580e-01 1.892667e+00 7.216352e-01 7.509177e-01 3.398175e+00 9.987805e-01 1.210880e+00 1.485486e+00 1.274037e+00 1.000000e-02 7.934273e-01 5.159711e-01 2.725759e-01 3.549147e-01 1.417672e-01 4.234296e-01 2.491755e-01 4.871179e-01 1.591798e-01 2.703619e-01 3.929837e-01 3.356406e-01 1.000000e-02
<GCONST> 7.323817e+01
<STATE> 4
<MEAN> 39
 3.888160e+00 -8.558259e+00 -5.679103e+00 -4.762974e+00 -5.516441e+00 -1.207421e+01 5.891887e-01 8.585180e-01 -2.742193e+00 -7.941741e+00 -3.370261e+00 -4.225381e+00 4.307205e-01 1.918625e+00 -1.666946e+00 -2.499128e-01 -2.075374e+00 -2.554560e+00 -9.184638e-01 -2.076724e+00 3.294210e-01 -2.017382e+00 -2.853570e+00 -1.557986e+00 -2.345838e-01 1.460499e-01 -6.342214e-01 -7.358292e-01 2.805180e-01 -3.396892e-01 4.931179e-01 5.867218e-01 -3.991671e-01 7.500957e-02 2.444750e-01 2.447411e-01 2.600926e-01 3.382134e-01 -2.588813e-03
<VARIANCE> 39
 1.902977e+01 5.814313e+00 9.609333e+00 7.072645e+00 1.071808e+01 1.407781e+01 8.600702e+00 6.313199e+00 9.943199e+00 1.497549e+01 1.110299e+01 1.238945e+01 3.465706e-02 8.866690e+00 2.272398e+00 3.888052e+00 1.501393e+00 1.578485e+00 5.207260e+00 4.292027e+00 5.218942e+00 9.874086e-01 7.629382e-01 2.391795e+00 2.969958e+00 1.000000e-02 7.221329e-01 4.684614e-01 3.211542e-01 3.411554e-01 3.928770e-01 2.313278e-01 4.922881e-01 4.125508e-01 3.075538e-01 3.067945e-01 6.004567e-01 1.451790e-01 1.000000e-02
<GCONST> 8.654076e+01
<STATE> 5
<MEAN> 39
 -5.678068e-01 -1.375773e+01 1.358819e+00 -1.159624e+01 -6.335727e+00 -6.559986e+00 -9.347178e+00 4.047481e+00 -4.204003e+00 -1.153655e+01 -2.230013e+00 -1.619773e+00 5.564877e-01 -4.507522e-01 -2.794352e+00 -1.755484e-01 -2.846106e+00 -1.373053e+00 1.500889e-01 -1.768608e+00 1.380530e+00 -5.418459e-02 -4.120520e-01 -9.924684e-01 8.995798e-01 1.237124e-01 -5.006672e-01 -1.419835e-01 -1.172706e+00 7.006315e-01 1.061066e+00 1.331987e-01 1.524831e+00 4.435454e-02 4.904988e-01 9.281099e-01 -1.442345e-01 2.520196e-02 -1.110625e-02
<VARIANCE> 39
 6.272579e+01 3.816159e+01 3.245850e+01 2.798336e+01 2.880620e+01 4.830004e+01 6.026531e+01 5.113932e+01 1.311852e+01 9.450458e+00 1.611276e+01 3.131281e+01 3.414681e-02 5.433886e+00 3.673164e+00 2.109362e+00 2.205578e+00 1.445486e+00 2.859070e+00 4.256963e+00 2.174948e+00 2.400821e+00 2.826616e+00 2.268960e+00 1.566525e+00 1.000000e-02 8.990040e-01 1.054652e+00 1.539372e+00 5.627276e-01 2.564358e-01 6.237536e-01 1.728086e+00 2.160574e+00 2.671503e-01 1.911233e-01 1.469073e+00 7.340148e-01 1.000000e-02
<GCONST> 1.077440e+02
<STATE> 6
<MEAN> 39
 2.616786e+00 -1.644302e+01 -4.089014e+00 -1.281183e+01 -8.563198e+00 -1.096439e+01 -7.194784e+00 3.906714e+00 -3.143682e+00 -9.581589e+00 -4.824477e+00 -3.390261e+00 7.379762e-01 -1.055989e+00 -1.985652e+00 -2.063858e+00 -6.350249e-01 7.832430e-01 -2.467337e-01 1.435108e+00 2.443002e+00 2.073054e-01 2.058224e-01 -7.094292e-02 4.631077e-01 7.523733e-02 -5.685712e-01 3.042225e-01 -1.207012e+00 1.158049e+00 1.115108e+00 3.487488e-01 1.536934e+00 2.297128e-01 -1.113849e-01 7.231449e-01 -4.243843e-02 1.659877e-01 -2.422435e-02
<VARIANCE> 39
 8.386649e+01 5.301163e+01 1.968709e+01 3.242016e+01 1.921409e+01 2.335290e+01 2.433195e+01 5.232956e+01 2.977015e+01 2.445503e+01 2.927838e+01 3.491598e+01 1.000000e-02 3.684756e-01 2.172382e+00 1.050281e+01 4.122412e+00 6.952671e-01 1.063221e+00 1.248186e+01 1.108063e+01 2.525824e+00 1.567106e+00 8.059054e+00 9.252130e-01 1.000000e-02 1.297359e+00 1.262808e+00 4.588673e-01 6.252495e-01 5.301462e-01 2.311776e-01 8.943918e-01 2.358868e+00 4.667708e-01 4.714765e-01 7.387680e-01 7.292296e-01 1.000000e-02
<GCONST> 1.068139e+02
<STATE> 7
<MEAN> 39
 -5.927421e-01 -1.920148e+01 -6.679602e+00 -1.203696e+01 -5.784610e+00 -1.256692e+01 -8.417685e-01 9.850531e+00 -2.633320e+00 -8.582611e+00 -3.009708e+00 -2.221088e+00 7.992591e-01 -1.314448e+00 -1.684935e+00 -4.886610e+00 1.522956e+00 2.113811e+00 7.579029e-01 3.889240e+00 1.809168e+00 -5.897698e-01 1.239138e+00 -1.524692e+00 8.809721e-01 5.268452e-02 2.182763e-01 4.445150e-01 -7.720588e-01 7.743669e-01 8.460268e-01 4.503548e-01 4.734353e-01 -1.199256e+00 -4.996200e-01 4.002711e-01 -7.672275e-01 -2.074463e-01 -8.848076e-03
<VARIANCE> 39
 4.827876e+01 1.608314e+01 3.883060e+01 1.079273e+01 7.822521e+00 3.765239e+01 3.413845e+01 5.518116e+01 3.533791e+01 1.359267e+01 3.497277e+01 2.292489e+01 1.000000e-02 3.270454e+00 3.533910e+00 8.983683e-01 1.453415e+00 2.944946e+00 3.750356e-01 2.035822e+00 1.500334e+01 1.567795e+00 1.729075e+00 1.773314e+00 4.901615e+00 1.000000e-02 3.919983e-01 2.969882e-01 1.546489e+00 1.988472e-01 1.860717e-01 9.200410e-02 1.906306e+00 1.046193e+00 4.459705e-01 2.573508e-01 1.989254e+00 1.134624e-01 1.000000e-02
<GCONST> 9.567418e+01
<STATE> 8
<MEAN> 39
 -2.411600e+00 -2.009558e+01 -1.849392e+01 -8.259015e+00 -1.982269e+00 -8.695396e+00 5.454862e+00 1.042844e+01 -3.277378e+00 -8.385359e+00 -8.231771e+00 1.594123e+00 8.751664e-01 -6.441791e-01 -5.132725e-01 -4.771799e+00 1.827855e+00 3.756537e+00 1.136539e+00 3.328962e+00 -8.729364e-01 -1.827756e+00 1.461490e+00 -2.669621e+00 1.377074e-01 5.174963e-02 2.440670e-01 5.811291e-01 9.478808e-01 -2.196317e-01 5.563878e-01 -7.570894e-03 -1.007398e+00 -1.309201e+00 -2.080339e-01 4.630407e-01 8.194739e-02 -8.832546e-01 -1.008377e-02
<VARIANCE> 39
 2.233560e+01 7.689957e+00 2.806818e+00 8.837371e+00 1.595570e+01 1.173332e+01 7.483860e+00 5.919303e+01 6.858122e+01 7.425063e+00 1.156860e+01 3.240656e+01 1.000000e-02 3.531661e+00 2.864115e+00 2.994492e+00 1.347792e+00 1.091417e+00 4.579104e-01 5.806987e+00 2.575678e+00 1.645479e+00 1.657660e+00 4.520360e+00 2.622557e+00 1.000000e-02 1.727773e-01 3.634715e-01 4.058154e-01 1.987325e-01 3.250213e-01 1.667341e-01 9.120436e-01 1.521753e+00 7.398539e-01 3.679450e-01 6.432281e-01 5.581895e-01 1.000000e-02
<GCONST> 8.870289e+01
<STATE> 9
<MEAN> 39
 -4.991056e+00 -2.068161e+01 -2.067975e+01 -8.043108e+00 4.531159e+00 -4.896111e+00 4.298658e+00 6.501731e+00 -7.349641e+00 -3.495942e+00 -1.159841e+01 -2.064127e+00 9.447819e-01 -2.775313e-01 -2.185798e-01 -1.515937e+00 1.178702e-01 2.640039e+00 4.522591e-01 2.154025e-01 -2.371211e+00 -7.338985e-01 2.378759e+00 -8.629540e-01 -1.751939e+00 2.749283e-02 2.179946e-01 2.789872e-01 1.036596e+00 -5.821126e-01 -6.869816e-01 -8.681165e-02 -6.030790e-01 -7.271016e-01 1.094025e+00 1.346157e-01 7.028403e-01 -3.248846e-01 -9.121306e-03
<VARIANCE> 39
 7.642732e+00 8.702128e-01 6.926753e+00 1.357519e+01 1.172106e+01 4.762545e+01 1.917051e+01 2.196848e+01 2.727689e+01 1.122165e+01 8.259393e+00 1.055010e+01 1.000000e-02 4.944520e-01 7.587997e-01 2.558385e-01 6.755958e-01 2.358136e+00 5.687315e-01 2.045363e+00 1.174675e+00 3.995397e+00 9.624445e-01 4.252757e+00 1.515108e+00 1.000000e-02 2.251501e-01 2.419486e-01 3.384804e-01 1.924253e-01 4.662440e-01 8.608221e-02 6.936977e-01 2.073427e-01 4.195923e-01 4.548258e-01 2.444632e-01 2.453489e-01 1.000000e-02
<GCONST> 7.323746e+01
<STATE> 10
<MEAN> 39
 -2.874138e+00 -2.031998e+01 -2.228773e+01 -7.162683e+00 8.507607e+00 -9.132263e+00 8.331537e+00 3.979059e+00 -7.622875e+00 -8.724676e-01 -1.385475e+01 -3.837053e+00 9.763547e-01 -2.228926e-02 3.139907e-01 -5.376096e-01 -2.706551e-01 2.017524e+00 8.475569e-01 5.935477e-01 -2.891843e+00 2.042335e+00 2.100696e+00 2.477881e-01 -1.514944e+00 1.883323e-02 3.615005e-01 -1.143023e-02 4.075468e-01 -1.022230e-01 -1.231437e+00 6.639888e-01 -6.235545e-01 6.437224e-02 8.677167e-01 -3.548894e-01 8.884942e-01 -3.766282e-01 -9.137927e-03
<VARIANCE> 39
 8.937851e+00 3.977468e+00 3.520008e+00 1.114415e+01 1.161619e+01 2.414158e+01 2.005047e+01 1.959488e+01 1.582142e+01 3.875052e+00 2.857359e+01 1.672818e+01 1.000000e-02 3.222516e-01 1.967917e-01 1.601498e-01 3.413766e-01 2.740975e+00 8.933411e-01 9.542493e-01 8.614348e-01 2.203499e+00 1.452974e+00 2.113294e+00 9.947135e-01 1.000000e-02 6.972719e-02 2.367642e-01 2.624469e-01 1.420764e-01 3.885328e-01 2.200847e-01 2.895192e-01 4.159389e-02 2.547276e-01 1.747077e-01 8.560436e-01 2.881950e-01 1.000000e-02
<GCONST> 6.515591e+01
<STATE> 11
<MEAN> 39
 -3.473303e+00 -2.001392e+01 -2.210833e+01 -8.256671e+00 9.413880e+00 -4.030705e+00 5.972354e+00 -3.248015e+00 -2.186635e+00 4.057995e+00 -9.560773e+00 -7.561082e+00 9.921108e-01 4.681811e-01 3.049927e-01 -7.618991e-01 3.040395e-01 -5.553815e-01 2.259651e+00 -1.855689e-01 -2.764163e+00 2.406964e+00 1.432305e+00 4.765095e-01 -1.766081e+00 7.442510e-03 4.101596e-02 1.293445e-01 -2.380258e-02 -1.195098e-01 -8.647541e-01 4.765138e-01 -2.011815e-01 4.161049e-01 6.978213e-02 -7.387602e-01 1.758746e-01 3.882630e-01 -5.971768e-03
<VARIANCE> 39
 6.340922e+00 1.983080e+00 5.193895e+00 1.082343e+01 1.801041e+01 2.827411e+01 1.948919e+01 2.090606e+01 4.699298e+00 7.843204e+00 3.632949e+00 1.194700e+01 1.000000e-02 2.122176e-01 5.838929e-01 1.490968e-01 7.666186e-01 7.914386e-01 4.830164e-01 4.605511e-01 5.686682e-01 5.991431e-01 1.554586e+00 1.489351e+00 5.941185e-01 1.000000e-02 6.443343e-02 3.078235e-02 7.948680e-02 1.112653e-01 1.905961e-01 1.244191e-01 2.786888e-01 1.531145e-01 4.199744e-01 1.709579e-01 9.188517e-02 1.339508e-01 1.000000e-02
<GCONST> 5.241280e+01
<STATE> 12
<MEAN> 39
 -3.055188e+00 -1.886095e+01 -2.464721e+01 -8.107667e+00 5.562324e+00 1.975802e+00 4.980943e+00 -8.429384e+00 2.754003e+00 4.806347e+00 -9.040075e+00 -8.029478e+00 9.937458e-01 2.273851e-01 6.762604e-01 -1.113003e+00 -6.717088e-01 -1.467366e+00 2.424260e+00 -6.142486e-01 -1.215464e+00 8.344443e-01 7.139173e-02 1.029868e+00 -9.125041e-01 -1.343542e-03 3.955352e-02 1.557865e-01 -1.433169e-02 -4.302710e-01 -1.534964e-01 -1.075086e-01 -2.934729e-01 6.442767e-01 -8.412228e-01 -2.815598e-01 2.720894e-01 1.831880e-01 -2.809317e-03
<VARIANCE> 39
 8.414435e+00 5.248839e+00 7.428171e+00 1.198435e+01 1.837779e+01 2.611806e+01 2.144852e+01 1.055859e+01 6.487357e+00 1.596394e+01 1.019965e+01 1.590764e+01 1.000000e-02 1.882329e-01 2.659358e-01 7.918622e-01 1.359218e+00 8.847406e-01 1.613882e+00 1.623241e+00 5.807163e-01 1.671551e+00 7.945135e-01 9.821332e-01 1.453285e+00 1.000000e-02 6.766587e-02 1.175140e-01 8.395005e-02 1.621240e-01 1.821376e-01 1.341690e-01 1.224442e-01 2.864512e-01 1.301629e-01 1.549255e-01 1.159208e-01 2.068575e-01 1.000000e-02
<GCONST> 6.165224e+01
<STATE> 13
<MEAN> 39
 -2.011780e+00 -1.802312e+01 -2.678320e+01 -8.713683e+00 3.207993e+00 5.325872e+00 4.535446e+00 -6.366990e+00 2.262659e+00 3.131802e+00 -6.572087e+00 -1.063686e+01 9.912179e-01 5.774816e-01 9.113420e-01 -7.266521e-01 -1.656667e+00 -1.047231e+00 2.013582e+00 -1.733164e+00 6.542522e-02 -6.878532e-01 -3.034272e-01 1.861282e+00 -9.291637e-01 -4.867947e-03 1.560521e-01 8.628937e-02 2.812283e-01 -2.121954e-01 1.553723e-01 -3.051352e-01 -9.437834e-02 4.766094e-01 -3.936824e-01 -7.024176e-02 1.629771e-01 3.968566e-01 -3.160395e-03
<VARIANCE> 39
 8.714784e+00 3.427860e+00 1.087620e+01 1.258057e+01 2.347953e+01 2.742513e+01 1.885506e+01 4.079281e+01 6.955522e+00 1.778580e+01 8.698781e+00 8.750912e+00 1.000000e-02 1.464151e-01 1.779281e-01 5.186232e-01 9.432710e-01 1.716385e+00 2.573544e-01 1.546055e+00 1.320917e+00 1.349301e+00 1.779909e+00 4.655696e-01 9.640179e-01 1.000000e-02 3.712022e-02 1.108629e-01 9.451632e-02 3.965603e-01 2.309854e-01 3.774605e-01 2.004301e-01 1.208794e-01 1.883695e-01 4.848219e-02 8.168682e-02 1.441436e-01 1.000000e-02
<GCONST> 5.997520e+01
<STATE> 14
<MEAN> 39
 -1.051624e+00 -1.670732e+01 -2.778642e+01 -1.347059e+01 2.281650e+00 5.898681e+00 1.399744e+00 -6.890208e+00 -1.333906e+00 2.401480e+00 -4.382374e+00 -1.228623e+01 9.818113e-01 8.137690e-01 1.011418e+00 -2.992373e-01 -1.314301e+00 -8.816618e-01 1.518644e+00 -9.148965e-01 1.612285e-01 -3.061046e-01 -1.934335e-01 1.917325e+00 -1.106441e-01 -9.422736e-03 3.743353e-02 -5.341226e-02 3.463273e-01 1.866485e-01 3.494647e-02 -3.069721e-01 3.710302e-01 3.533453e-01 1.510044e-01 9.181515e-02 1.120090e-01 5.171183e-01 -3.324266e-03
<VARIANCE> 39
 7.117243e+00 3.588779e+00 1.014446e+01 1.417361e+01 4.759285e+01 2.088655e+01 3.448885e+01 3.083975e+01 2.330585e+01 2.557794e+01 1.110661e+01 2.722826e+01 1.000000e-02 1.528028e-01 7.210515e-01 5.426980e-01 1.495942e+00 1.097605e+00 8.524223e-01 4.470111e-01 2.255171e+00 7.929038e-01 8.604994e-01 1.597411e-01 5.825134e-01 1.000000e-02 4.777390e-02 6.517880e-02 1.081955e-01 2.727104e-01 1.926802e-01 1.326949e-01 2.395541e-01 1.180678e-01 3.495095e-01 4.615477e-01 5.697395e-02 2.768455e-01 1.000000e-02
<GCONST> 6.431349e+01
<STATE> 15
<MEAN> 39
 -4.264292e-01 -1.472099e+01 -2.671011e+01 -1.322019e+01 -1.039420e+00 1.097986e+01 5.859696e-01 -6.564329e+00 1.381529e+00 2.484287e+00 -1.096531e+00 -1.105547e+01 9.525715e-01 6.121020e-01 7.507876e-01 3.831233e-01 -1.041402e+00 -9.265686e-01 1.111488e+00 -4.883303e-01 6.686314e-01 1.191791e-01 -4.667273e-02 2.086074e+00 5.120171e-01 -1.518539e-02 -3.392574e-02 -3.565715e-01 2.526820e-01 -1.254011e-01 5.434997e-02 -5.269701e-01 1.372507e-01 5.730906e-02 8.311646e-02 3.232423e-01 -4.312346e-01 6.292445e-01 -1.532444e-03
<VARIANCE> 39
 1.151228e+01 6.577277e+00 2.181788e+01 9.116812e+00 3.248330e+01 2.528850e+01 2.050508e+01 1.050882e+01 1.396874e+01 1.558028e+01 1.508852e+01 6.072541e+00 1.000000e-02 1.240799e-01 1.412860e-01 4.533274e-01 7.425084e-01 1.727065e-01 7.727164e-01 8.056553e-01 1.472772e+00 9.731871e-01 1.067661e+00 5.393138e-01 1.518421e+00 1.000000e-02 4.986435e-02 8.288381e-02 4.027283e-02 3.440506e-01 1.239049e-01 6.574067e-02 3.319031e-02 2.035758e-01 1.174453e-01 5.737253e-02 1.219266e-01 2.752325e-01 1.000000e-02
<GCONST> 5.435922e+01
<STATE> 16
<MEAN> 39
 8.276790e-01 -1.444630e+01 -2.722806e+01 -1.604134e+01 9.888079e-01 8.680815e+00 1.661603e+00 -5.201332e+00 -4.659351e-01 3.026979e+00 1.909054e+00 -1.130517e+01 9.468827e-01 5.665709e-01 -1.983296e-01 5.071055e-01 -1.330810e+00 -1.270434e+00 3.722192e-01 -5.207523e-01 6.365024e-01 -1.318047e-01 8.980178e-01 6.462248e-01 1.728019e+00 -1.669962e-02 1.566425e-01 -3.499798e-01 2.709247e-01 2.274210e-02 -2.101004e-03 -5.461451e-01 -3.056887e-02 1.535195e-01 3.935324e-02 1.951747e-01 -8.890629e-01 6.052269e-01 -2.352604e-03
<VARIANCE> 39
 9.359249e+00 1.798621e+00 9.593912e+00 3.795054e+00 3.090675e+01 1.715712e+01 1.547032e+01 3.081039e+01 1.711252e+01 2.235999e+01 3.337876e+01 4.269925e+01 1.000000e-02 2.789783e-01 2.320802e-01 2.510712e-01 1.876795e+00 2.935809e-01 9.064234e-01 3.457346e-01 1.200045e+00 1.008161e+00 1.039611e+00 2.430411e+00 2.632326e+00 1.000000e-02 3.047813e-02 3.070842e-02 1.145596e-01 6.577843e-02 5.451963e-02 1.558682e-01 1.414756e-01 2.641048e-01 2.256599e-01 2.658301e-01 9.019488e-02 3.468132e-01 1.000000e-02
<GCONST> 5.994341e+01
<STATE> 17
<MEAN> 39
 1.287544e+00 -1.420322e+01 -2.670575e+01 -1.723141e+01 -4.429961e+00 9.427998e+00 -9.299194e-02 -5.523578e+00 2.988785e+00 4.390171e+00 7.696948e-01 -3.690066e+00 9.112850e-01 1.143321e+00 -6.231380e-01 6.859089e-01 -1.029066e+00 -8.695731e-01 -1.059046e+00 -8.195309e-01 1.140546e+00 1.855756e-01 6.750660e-01 -1.053335e+00 2.006359e+00 -2.150365e-02 2.738781e-01 -1.807773e-01 1.607631e-01 1.846816e-01 2.265286e-01 -5.519233e-01 -1.691077e-01 4.572879e-01 -3.931859e-01 7.786033e-02 -1.566939e-01 -1.103043e-01 -2.992144e-03
<VARIANCE> 39
 6.511558e+00 5.110417e+00 1.719848e+01 7.518357e+00 3.802370e+01 1.265858e+01 2.672577e+01 2.680406e+01 1.940674e+01 2.350755e+01 6.335318e+01 3.779361e+01 1.000000e-02 1.031664e-01 2.138687e-01 8.850573e-01 6.675792e-01 1.244156e+00 1.951558e+00 1.321927e+00 9.448029e-01 2.089072e+00 2.699447e+00 7.961148e-01 1.578340e+00 1.000000e-02 4.477460e-02 5.999951e-02 7.702786e-02 2.340198e-01 5.096780e-02 2.473728e-01 2.043505e-01 2.547221e-01 6.771401e-01 3.561285e-01 5.113226e-01 5.012554e-01 1.000000e-02
<GCONST> 7.156264e+01
<STATE> 18
<MEAN> 39
 4.412988e+00 -1.685385e+01 -2.278495e+01 -1.966715e+01 -2.390001e+00 8.398691e+00 -3.776909e-01 -1.570259e+00 -1.624497e-01 6.392096e+00 -1.589426e+00 -3.537124e+00 8.726061e-01 1.364185e+00 -4.271712e-01 1.207518e+00 -1.084099e+00 -4.264846e-01 -1.760162e+00 -4.931475e-01 1.820063e+00 -8.900247e-01 4.854180e-01 1.220552e-01 2.117454e+00 -1.937295e-02 -2.605860e-02 2.782503e-01 -4.848024e-02 3.209159e-01 1.352940e-03 -6.766295e-01 9.999613e-02 1.359832e-01 1.513966e-02 -6.345065e-01 6.258216e-01 -1.925557e-01 1.002592e-03
<VARIANCE> 39
 7.740992e+00 6.854270e+00 3.418123e+01 1.245931e+01 1.715973e+01 1.707207e+01 1.211899e+01 2.871148e+01 1.880344e+01 7.425534e+00 3.284097e+01 5.029953e+01 1.000000e-02 3.127291e-01 4.028341e-01 2.927566e-01 8.901864e-01 9.368243e-01 1.047974e+00 1.646237e+00 1.925077e+00 3.950007e+00 2.287578e+00 2.145602e+00 2.253460e+00 1.000000e-02 3.441647e-02 3.828088e-02 1.398033e-01 2.685274e-01 1.025072e-01 1.919106e-01 3.436166e-02 3.038398e-01 1.530345e-01 1.268238e-01 1.303946e-01 4.648832e-01 1.000000e-02
<GCONST> 6.811356e+01
<STATE> 19
<MEAN> 39
 6.274212e+00 -1.656119e+01 -2.186439e+01 -2.105445e+01 -2.965312e+00 3.656887e+00 -2.739609e+00 8.503996e-01 -1.477690e+00 6.375526e+00 -4.139028e-01 -1.068972e+00 8.421734e-01 1.294241e+00 1.259048e-01 9.605500e-01 -1.245386e-01 -6.293513e-01 -2.623935e+00 -5.700677e-01 1.721728e+00 -8.614113e-02 -6.430820e-01 1.749121e+00 1.219139e+00 -2.076916e-02 -1.390540e-01 3.569936e-01 -2.381133e-01 4.402790e-01 1.232372e-01 -8.576567e-02 3.745740e-01 -5.198179e-01 3.205636e-01 -3.732195e-01 2.331136e-01 -2.442539e-01 4.612704e-04
<VARIANCE> 39
 8.827806e+00 3.934128e+00 1.404496e+01 6.120782e+00 1.194383e+01 4.374356e+00 2.155551e+01 2.442377e+01 1.750183e+01 2.094714e+01 4.413477e+01 1.281738e+01 1.000000e-02 5.111786e-01 2.340380e-01 2.869493e-01 3.833601e-01 6.506929e-01 5.309693e-01 3.758094e-01 2.240255e+00 2.712703e+00 1.613015e+00 1.860093e+00 2.032478e+00 1.000000e-02 4.291983e-02 3.498381e-02 8.088232e-02 1.523476e-01 3.688349e-01 5.139580e-02 1.802369e-01 1.517053e-01 4.158688e-01 6.509400e-01 3.195790e-01 8.056888e-02 1.000000e-02
<GCONST> 6.213965e+01
<STATE> 20
<MEAN> 39
 7.404879e+00 -1.617311e+01 -2.069527e+01 -1.972307e+01 -5.433036e+00 3.516179e-01 -3.241773e+00 3.163370e+00 6.394259e-02 4.492260e+00 2.918749e+00 2.138994e+00 8.051281e-01 1.091644e+00 6.404164e-01 2.653835e-01 7.560815e-01 -4.963891e-01 -2.191337e+00 3.082399e-01 3.096269e-01 5.770506e-01 -1.126456e+00 6.446675e-01 1.106947e+00 -2.208885e-02 -1.580086e-01 7.857303e-02 -3.239391e-01 3.037007e-01 6.189960e-02 7.066700e-02 3.341913e-01 -7.196788e-01 6.577448e-02 -3.621445e-01 -3.471681e-01 -5.090948e-01 -1.810949e-03
<VARIANCE> 39
 6.196407e+00 4.201130e+00 3.594678e+01 9.778413e+00 1.295562e+01 8.273088e+00 1.630983e+01 2.673532e+01 4.216594e+01 6.135108e+00 2.721573e+01 7.077324e+00 1.000000e-02 2.282563e-01 1.911157e-01 5.661902e-01 7.599967e-01 1.966549e+00 9.627853e-01 1.102581e+00 9.504544e-01 1.589135e+00 1.817063e+00 1.303075e+00 2.019956e+00 1.000000e-02 5.606988e-02 5.120999e-02 1.899202e-01 1.173000e-01 1.098227e-01 1.579274e-01 8.721897e-02 4.027109e-01 5.988335e-01 4.363152e-01 3.258772e-01 5.205086e-02 1.000000e-02
<GCONST> 6.481039e+01
<STATE> 21
<MEAN> 39
 9.511559e+00 -1.439327e+01 -2.155631e+01 -1.919620e+01 -5.086930e+00 -2.685281e+00 -1.029138e+00 2.516742e+00 4.218427e-01 1.819579e+00 2.569800e+00 2.650320e+00 7.964590e-01 8.035826e-01 5.164162e-01 1.375734e-01 4.136867e-01 1.362182e-01 -1.909134e+00 6.020812e-01 -4.220990e-01 -6.285481e-01 -1.566642e+00 3.195140e-02 -4.912474e-02 -2.509118e-02 -1.950979e-01 -1.316911e-01 -1.560276e-01 1.717419e-01 1.674626e-01 2.099469e-01 1.706004e-01 -2.929284e-01 -2.345406e-01 -8.335762e-02 -3.525437e-01 -4.509879e-01 -3.474208e-03
<VARIANCE> 39
 4.464559e+00 1.173042e+00 1.110080e+01 6.586930e+00 4.013294e+00 1.177290e+01 2.113067e+01 1.245300e+01 3.677160e+01 2.779747e+00 6.591697e+00 8.492326e+00 1.000000e-02 1.127060e-01 5.730087e-02 2.051750e+00 9.039258e-01 9.722524e-01 1.158490e+00 6.549209e-01 1.219706e+00 2.072627e+00 1.208881e+00 8.113990e-01 8.284161e-01 1.000000e-02 6.250914e-02 3.023401e-02 4.926354e-02 2.805291e-01 1.502804e-01 2.334457e-01 1.346320e-01 1.745586e-01 2.153475e-01 1.516515e-01 6.770226e-02 1.415802e-01 1.000000e-02
<GCONST> 5.215779e+01
<STATE> 22
<MEAN> 39
 1.002763e+01 -1.464892e+01 -2.174123e+01 -1.775578e+01 -4.542191e+00 -6.106559e+00 -9.922709e-01 1.476758e+00 -6.814750e-01 1.238651e+00 3.126614e+00 1.638455e+00 7.365395e-01 2.913931e-01 3.000639e-02 -4.510617e-01 8.063286e-01 -2.827179e-01 -2.048686e+00 8.254852e-01 -6.649297e-01 -7.216438e-01 -1.261026e+00 -1.257826e-01 -5.774562e-01 -3.138855e-02 -3.114644e-01 -5.653067e-02 3.101744e-01 7.311725e-02 2.612626e-03 5.515077e-01 3.721385e-02 -1.824652e-01 6.908425e-02 1.476435e-01 -3.059414e-01 -2.881846e-01 -3.410171e-03
<VARIANCE> 39
 3.470757e+00 4.878038e+00 4.291802e+00 4.920998e+00 5.381402e+00 8.544733e+00 7.642586e+00 1.316691e+01 1.737325e+01 5.552666e+00 7.922188e+00 4.310516e+00 1.000000e-02 1.668521e-01 1.414066e-01 1.604850e+00 1.412066e+00 5.730621e-01 1.278627e+00 6.023486e-01 1.756682e+00 8.531762e-01 9.247242e-01 3.382781e-01 1.111384e+00 1.000000e-02 1.231948e-02 3.093836e-02 1.478331e-01 2.293035e-01 1.009456e-01 2.277275e-01 1.037699e-01 1.329896e-01 3.624665e-01 2.080272e-01 2.290883e-01 7.819583e-02 1.000000e-02
<GCONST> 4.996251e+01
<STATE> 23
<MEAN> 39
 1.001020e+01 -1.451285e+01 -2.059068e+01 -1.482746e+01 -5.520419e+00 -8.561737e+00 5.031338e-01 3.117305e-01 -9.064553e-01 -2.181597e+00 1.230790e+00 3.126032e-01 6.672034e-01 -2.370623e-01 1.790638e-01 1.116946e+00 1.292202e+00 -5.329080e-02 -6.941231e-02 4.133980e-01 -9.972475e-01 3.080117e-01 -6.160433e-01 -9.656301e-01 -4.771593e-01 -3.745413e-02 -1.995520e-01 4.724270e-02 2.510400e-01 1.139257e-01 4.796979e-02 6.394303e-01 -2.568265e-01 -1.274772e-02 1.803890e-01 3.930477e-01 -4.124047e-02 -1.416764e-01 -2.176660e-03
<VARIANCE> 39
 3.283547e+00 4.602812e+00 2.965826e+00 1.212843e+01 7.685132e+00 3.299271e+00 6.494498e+00 1.495406e+01 3.124841e+01 2.006140e+01 1.206674e+01 1.872973e+01 1.000000e-02 1.673466e-01 1.465393e-01 1.220908e+00 8.681199e-01 1.002415e+00 4.657086e-01 5.346277e-01 1.053382e+00 7.319444e-01 6.979851e-01 5.142000e-01 5.554855e-01 1.000000e-02 1.164693e-02 5.489421e-02 1.998331e-01 1.427213e-01 1.898745e-01 4.239231e-01 6.320909e-02 1.872703e-01 3.278961e-01 3.190666e-01 1.297209e-01 1.530434e-01 1.000000e-02
<GCONST> 5.287453e+01
<STATE> 24
<MEAN> 39
 9.432508e+00 -1.343592e+01 -1.944896e+01 -1.433568e+01 -5.727662e+00 -6.125185e+00 1.556322e+00 -2.779112e+00 -2.055791e+00 -1.759778e+00 7.798122e-01 2.906208e-01 6.035391e-01 -3.601559e-01 2.554796e-01 9.775962e-01 1.411292e+00 -8.218959e-02 2.735291e-01 -2.595657e-03 -5.600831e-01 1.865180e-02 -4.189820e-01 -8.326441e-01 -1.206522e+00 -3.984711e-02 -7.799252e-02 -2.959657e-02 4.816443e-02 1.238708e-01 2.927233e-01 2.552915e-01 -2.012804e-01 1.990615e-01 3.140214e-01 2.790776e-01 -3.658408e-02 -4.655437e-01 9.566964e-04
<VARIANCE> 39
 2.687126e+00 3.019517e+00 2.401569e+01 2.605999e+01 1.702770e+01 1.352127e+00 2.833315e+00 2.897291e+00 1.066581e+01 6.124291e+00 1.473665e+01 6.837165e+00 1.108127e-02 1.037995e-01 2.762681e-01 6.072626e-01 8.426367e-01 1.399400e+00 1.769541e+00 7.610916e-01 9.221641e-01 1.316553e+00 5.980191e-01 7.102026e-01 2.399090e-01 1.000000e-02 1.809980e-02 3.275054e-02 4.168614e-01 4.118485e-01 6.132854e-02 1.142883e-01 1.092142e-01 9.153145e-02 1.446899e-01 1.379016e-01 1.830354e-01 2.168591e-01 1.000000e-02
<GCONST> 4.895319e+01
<STATE> 25
<MEAN> 39
 8.871108e+00 -1.362122e+01 -1.716916e+01 -1.135396e+01 -5.875559e+00 -7.170023e+00 4.966097e-01 -1.794642e+00 8.622408e-02 -2.487704e+00 -9.131901e-01 -2.398440e+00 5.701199e-01 -4.611210e-01 3.607892e-01 9.220957e-01 1.313173e+00 8.627534e-01 6.433909e-01 -3.832575e-01 -3.162981e-01 9.196739e-01 3.200629e-01 -4.108439e-01 -1.701337e+00 -3.445793e-02 -1.801351e-01 -7.293170e-02 -1.368613e-01 -3.209401e-01 4.922984e-01 2.126441e-01 -8.237705e-02 9.993928e-02 -1.052607e-01 1.166975e-01 1.464767e-01 -1.670226e-01 7.034483e-05
<VARIANCE> 39
 1.627861e+00 3.019252e+00 1.169912e+01 1.774696e+01 1.794318e+01 1.984210e+01 8.462611e+00 1.535307e+01 2.721198e+01 3.180938e+00 5.691910e+00 2.683600e+01 1.000000e-02 1.128648e-01 2.940128e-01 9.261264e-01 1.693326e+00 5.522034e-01 3.050667e+00 1.342750e+00 5.010808e-01 1.374521e+00 7.470317e-01 7.495351e-01 1.222412e+00 1.000000e-02 3.209793e-02 8.469419e-02 3.908151e-01 1.958966e-01 1.417082e-01 1.441785e-01 1.446957e-01 1.757003e-01 2.714481e-01 1.802240e-01 2.525938e-02 1.420101e-01 1.000000e-02
<GCONST> 5.744170e+01
<STATE> 26
<MEAN> 39
 8.167682e+00 -1.337760e+01 -1.630714e+01 -1.006322e+01 -3.243077e+00 -5.263120e+00 5.512452e-01 -2.078492e+00 1.279066e+00 -1.581393e+00 -1.201432e+00 -5.856085e+00 5.060482e-01 -8.003947e-01 5.815536e-02 4.716159e-01 2.213127e-01 1.534682e+00 1.368382e+00 -1.330784e-02 -6.836528e-01 3.384014e-01 5.668400e-01 -2.759328e-01 -1.836193e+00 -3.407562e-02 -1.799864e-01 -1.488323e-01 -2.089308e-01 -3.852796e-01 1.752909e-01 1.629381e-01 2.138063e-01 -3.814417e-02 -4.263578e-01 -1.779192e-01 1.063831e-01 5.290334e-01 -1.533794e-03
<VARIANCE> 39
 3.753398e+00 3.843715e+00 1.292239e+01 9.888171e+00 2.391090e+01 1.910568e+01 5.102191e+00 7.249171e+00 4.556215e+00 3.640019e+00 1.151683e+00 5.024326e+00 1.000000e-02 2.358782e-01 5.501131e-01 1.580877e+00 1.347437e+00 3.033783e-01 1.151595e+00 1.109283e+00 4.273632e-01 1.073442e+00 9.596689e-01 3.266895e-01 1.958326e+00 1.000000e-02 2.732682e-02 9.677283e-02 2.010114e-01 2.126015e-01 1.892043e-01 5.546561e-01 2.415929e-01 1.397871e-01 1.006913e-01 2.564889e-01 4.960819e-02 1.257721e-01 1.000000e-02
<GCONST> 5.271538e+01
<STATE> 27
<MEAN> 39
 6.066895e+00 -1.330413e+01 -1.684073e+01 -1.090651e+01 -9.247942e-01 -3.089170e+00 6.203395e-02 -3.773171e+00 1.363509e+00 -1.029952e-01 -1.222429e+00 -8.321294e+00 4.524920e-01 -9.493706e-01 -5.514398e-01 2.262061e-01 1.564793e-01 1.273577e+00 7.452048e-01 2.600539e-01 -5.049652e-01 -6.983416e-01 -6.496252e-01 -3.001589e-01 -5.230492e-01 -3.790805e-02 -5.960529e-02 -3.904987e-02 1.653377e-01 2.404892e-01 -1.420629e-02 -1.233056e-01 3.273046e-02 8.456113e-02 -1.857863e-01 -4.609948e-01 1.737628e-01 8.577046e-01 -3.564539e-03
<VARIANCE> 39
 6.701089e+00 6.742807e+00 1.047135e+01 6.127331e+00 1.401823e+01 3.699252e+01 1.073194e+01 1.088203e+01 1.414014e+01 1.375674e+01 1.082610e+01 1.537371e+01 1.000000e-02 1.008083e-01 4.184748e-01 3.253447e+00 1.897122e+00 3.263511e-01 1.385340e+00 9.294009e-01 1.008018e+00 1.096191e+00 1.302517e+00 7.437955e-01 8.271639e-01 1.000000e-02 8.556900e-02 1.087780e-01 3.241051e-01 4.356607e-01 8.914179e-02 6.768667e-01 5.919237e-01 1.143012e-01 3.442203e-01 4.368053e-01 1.315912e-01 3.757856e-01 1.000000e-02
<GCONST> 6.785904e+01
<STATE> 28
<MEAN> 39
 5.065596e+00 -1.436742e+01 -1.464226e+01 -9.031530e+00 1.295475e+00 -2.559268e+00 1.230285e+00 -4.367965e+00 -1.566445e+00 -4.142196e+00 -3.136265e+00 -7.091605e+00 3.857894e-01 -1.228100e+00 3.251048e-02 7.193756e-01 8.973507e-01 1.260680e+00 5.715245e-01 2.255085e-01 3.193299e-02 -2.384599e-01 -8.494688e-01 2.522668e-01 1.630627e+00 -4.938346e-02 -2.474900e-02 2.886323e-01 3.068100e-02 -1.521549e-01 -3.862977e-01 -2.666044e-01 4.765730e-02 3.640436e-01 3.136995e-01 3.113083e-01 3.888935e-01 6.067587e-01 1.175600e-03
<VARIANCE> 39
 3.171045e+00 1.861091e+00 1.105062e+01 1.008899e+01 1.125808e+01 8.602012e+00 8.577259e+00 5.814603e+00 9.881528e+00 1.038729e+01 1.167141e+01 1.119916e+01 1.000000e-02 3.431493e-01 3.635999e-01 1.121529e+00 2.240263e+00 1.287471e+00 3.067193e+00 2.676166e+00 1.184103e+00 6.906641e-01 2.265570e+00 1.534428e+00 1.338705e+00 1.000000e-02 5.773129e-02 1.374504e-01 8.220303e-01 3.906572e-01 1.253338e-01 6.787041e-02 1.253934e-01 1.197945e-01 1.291459e-01 1.761886e-01 1.760423e-01 2.975058e-01 1.000000e-02
<GCONST> 6.320213e+01
<STATE> 29
<MEAN> 39
 2.598605e+00 -1.419428e+01 -1.445530e+01 -7.371546e+00 3.660955e+00 -6.254177e-01 1.146499e+00 -3.571658e+00 8.085234e-02 -3.882043e+00 -4.537094e-02 -3.911505e+00 3.106518e-01 -9.697438e-01 7.295088e-01 1.196809e+00 6.175739e-01 2.711885e-01 4.138226e-02 3.278365e-01 1.967544e-01 4.179098e-01 1.581268e-01 9.714078e-01 1.356106e+00 -3.982535e-02 1.562720e-01 2.836068e-01 3.599108e-01 -6.043503e-02 -3.703818e-01 -1.549962e-01 -7.987876e-02 -2.687394e-02 4.266983e-02 3.021541e-01 1.705853e-02 -1.720215e-01 4.088928e-03
<VARIANCE> 39
 5.353380e+00 6.900541e+00 9.689945e+00 1.300219e+01 1.590407e+01 1.478003e+01 3.121633e+01 9.119348e+00 1.554385e+01 1.252649e+01 9.552700e+00 5.067087e+00 1.000000e-02 3.927182e-01 2.723322e-01 4.032691e+00 2.512194e+00 1.005502e+00 7.620554e-01 6.349431e-01 3.466999e-01 7.118210e-01 1.465188e+00 9.294937e-01 1.709921e+00 1.000000e-02 7.577842e-02 1.513527e-01 4.604235e-01 4.685039e-01 1.066879e-01 1.351256e-01 4.411947e-01 3.893902e-01 8.856630e-02 3.448613e-01 2.720053e-01 1.553438e-01 1.000000e-02
<GCONST> 6.671991e+01
<STATE> 30
<MEAN> 39
 1.480177e+00 -1.187008e+01 -1.177339e+01 -8.386626e+00 1.956178e+00 -2.258791e+00 2.124695e+00 -3.650146e+00 -6.924078e-02 -2.445842e+00 1.024385e+00 -1.544302e+00 2.506641e-01 -4.460877e-01 1.042710e+00 1.882443e+00 2.770076e-01 -1.034934e-01 2.731284e-01 -6.734869e-02 3.658676e-01 -4.274792e-03 -2.039620e-01 2.098089e-01 5.827035e-01 -2.655303e-02 1.887714e-01 1.265987e-02 1.909017e-01 2.587812e-02 -4.409971e-02 8.778200e-02 -6.166771e-02 -7.501470e-03 -2.236281e-01 -1.125039e-01 -1.473172e-01 -4.780275e-01 5.222615e-03
<VARIANCE> 39
 2.222543e+00 3.062846e+00 2.801057e+01 2.248089e+01 8.524136e+00 1.213003e+01 2.202308e+01 4.835956e+00 1.195874e+01 1.344824e+01 4.141935e+00 7.013999e+00 1.000000e-02 7.131003e-01 8.753780e-01 2.690942e+00 9.019030e-01 1.003051e+00 7.793630e-01 1.588789e+00 1.471965e+00 4.176362e-01 9.308797e-01 1.102801e+00 8.258798e-01 1.000000e-02 7.958820e-02 8.790889e-02 9.226923e-01 8.322835e-01 2.498121e-01 1.423146e-01 2.814221e-01 1.145337e-01 4.752572e-02 2.110072e-01 1.363669e-01 2.331551e-01 1.000000e-02
<GCONST> 6.391285e+01
<STATE> 31
<MEAN> 39
 4.885922e-01 -1.131522e+01 -9.538595e+00 -7.048399e+00 3.230511e+00 -3.600059e-01 1.017144e+00 -1.619390e+00 2.560026e-01 -4.538170e+00 -1.874893e-01 -1.950272e+00 2.127818e-01 -4.259008e-01 4.116275e-01 8.923400e-01 1.564622e-01 1.550097e-01 5.977464e-01 5.136752e-01 -6.968667e-02 -7.956175e-01 -2.187676e-01 5.237253e-01 -1.458110e-01 -2.015154e-02 -1.042662e-02 -2.676811e-01 -4.605242e-01 -8.988763e-02 3.309250e-04 2.775706e-02 1.926657e-01 -1.741288e-01 3.507755e-04 1.784793e-01 4.672484e-02 -2.197444e-01 1.726683e-03
<VARIANCE> 39
 6.110756e+00 5.313415e+00 2.736953e+01 1.170632e+01 3.416259e+00 1.586648e+01 1.354440e+01 4.380291e+00 1.388489e+01 6.539675e+00 4.674497e+00 1.150847e+01 1.000000e-02 4.858056e-01 8.026854e-01 6.109652e+00 2.974716e+00 3.772562e-01 4.137838e-01 9.892315e-01 5.803558e-01 3.920836e-01 7.469182e-01 2.183158e+00 4.975388e-01 1.000000e-02 1.201465e-01 1.925876e-01 6.609726e-01 1.785538e-01 1.243352e-01 1.638759e-01 1.939459e-01 1.598233e-01 1.354167e-01 1.327581e-01 2.682719e-01 2.400059e-01 1.000000e-02
<GCONST> 6.205006e+01
<STATE> 32
<MEAN> 39
 9.685919e-01 -9.340168e+00 -5.483425e+00 -5.816806e+00 2.042751e+00 -1.303946e+00 2.218392e+00 -2.955912e+00 -1.835043e+00 -3.655181e+00 1.447391e+00 -2.603659e+00 1.827345e-01 -9.125178e-01 1.877625e-01 5.223482e-01 1.768719e-01 2.562539e-01 -2.362170e-01 2.610622e-01 -7.464768e-02 2.729784e-01 7.783731e-01 6.234493e-01 2.692288e-01 -3.092887e-02 -1.766975e-01 -3.119811e-01 -7.128180e-01 -3.332469e-01 2.150190e-02 1.095144e-01 2.588370e-01 -6.131105e-02 3.514659e-01 2.279517e-01 -1.111809e-04 3.730842e-02 -2.850977e-03
<VARIANCE> 39
 6.417516e+00 6.542517e+00 1.897603e+01 3.765834e+00 4.448733e+00 5.459175e+00 3.693164e+00 9.296678e+00 1.499595e+01 1.053898e+01 2.497904e+01 1.092359e+01 1.094975e-02 4.123310e-01 5.855830e-01 2.977075e+00 2.362762e+00 8.988883e-01 9.325458e-01 1.316849e+00 3.788453e-01 2.107945e+00 1.069313e+00 7.668820e-01 4.139157e-01 1.000000e-02 9.691326e-02 1.337606e-01 4.394125e-01 2.305805e-01 4.936467e-02 1.458237e-01 1.322374e-01 1.045145e-01 6.417668e-02 9.101338e-02 2.883199e-01 1.296990e-01 1.000000e-02
<GCONST> 5.840023e+01
<STATE> 33
<MEAN> 39
 -1.958716e+00 -1.154165e+01 -9.771899e+00 -7.906077e+00 3.423804e+00 8.198249e-02 2.980376e+00 -3.177490e+00 8.346063e-02 -1.484074e+00 3.096912e+00 -7.872927e-01 1.273237e-01 -8.794635e-01 -2.991478e-01 -7.076542e-01 -4.679222e-01 1.747808e-01 1.046310e+00 1.121364e+00 3.279516e-01 7.049237e-01 2.938718e-02 -5.781735e-02 1.368370e-01 -3.323223e-02 8.463888e-02 1.897059e-01 4.169919e-01 3.186338e-01 -1.120970e-01 -1.030862e-01 -1.866922e-01 -2.450253e-02 1.236058e-01 -1.533588e-01 -2.000283e-01 -1.625997e-01 -6.783607e-04
<VARIANCE> 39
 5.453013e+00 6.704799e+00 3.535648e+01 2.230362e+01 5.044264e+00 9.436016e+00 4.476521e+00 3.345863e+00 2.609603e+01 1.710154e+01 7.368547e+00 7.345780e+00 1.259992e-02 3.092428e-01 6.071487e-01 1.743186e+00 4.774440e-01 1.489165e-01 3.876122e-01 1.521545e+00 6.358913e-01 4.828547e-01 4.200561e-01 8.247741e-01 1.231577e+00 1.000000e-02 1.189975e-01 1.838560e-01 4.796210e-01 2.918675e-01 8.017004e-02 1.276545e-01 1.480591e-01 9.515657e-02 3.727534e-01 2.365974e-01 1.514159e-01 1.532260e-01 1.000000e-02
<GCONST> 5.787792e+01
<STATE> 34
<MEAN> 39
 -3.322134e+00 -1.142257e+01 -9.352686e+00 -7.619382e+00 3.710086e+00 2.038864e+00 6.245030e+00 -2.876541e+00 1.106252e+00 -3.078345e+00 1.214224e+00 -1.820618e+00 5.762612e-02 -3.573268e-01 3.914388e-01 9.299626e-01 4.643081e-01 -2.111965e-01 -4.182233e-02 -1.766108e-01 -7.359669e-01 2.459064e-01 4.171777e-01 3.390573e-01 -3.631910e-01 -2.448411e-02 1.752893e-01 2.376995e-01 6.141577e-01 2.513829e-01 -2.510751e-01 -5.202833e-01 -6.181304e-01 -4.459392e-03 1.062291e-03 1.864575e-01 5.786281e-02 -3.085529e-01 3.189861e-03
<VARIANCE> 39
 5.712414e+00 1.913466e+00 2.868928e+00 3.847720e+00 5.828733e+00 2.266454e+01 1.949913e+01 1.496129e+01 1.207996e+01 1.249646e+01 4.379643e+00 2.854829e+00 1.000000e-02 4.897430e-01 9.302346e-01 1.943885e+00 4.555062e-01 1.742965e-01 3.592812e-01 5.051132e-01 4.351035e-01 6.471992e-01 8.537003e-01 6.883423e-01 8.492470e-01 1.000000e-02 6.671095e-02 7.120722e-02 2.926354e-01 1.115263e-01 1.000000e-02 3.912196e-01 5.098597e-01 1.995134e-01 3.612612e-02 1.124570e-01 5.542807e-02 1.347885e-01 1.000000e-02
<GCONST> 4.742963e+01
<STATE> 35
<MEAN> 39
 -2.381508e+00 -9.191985e+00 -5.811123e+00 -6.184545e+00 2.380933e+00 4.760400e-01 3.432782e+00 -3.630174e+00 6.461282e-01 -2.625349e+00 3.144513e+00 -1.468113e+00 6.529118e-02 -6.758639e-01 4.989564e-01 1.388965e+00 9.180904e-01 -5.575015e-01 -8.203197e-01 -4.771790e-01 1.886494e-01 6.344195e-01 7.694352e-01 2.857347e-01 -6.153268e-01 -3.140114e-02 -1.168744e-01 -2.772824e-01 -2.783593e-01 -8.455664e-04 -9.086403e-02 -2.645024e-01 -1.134370e-02 3.767253e-01 -2.197361e-02 -1.324729e-02 -1.538360e-01 1.129296e-01 -2.430423e-03
<VARIANCE> 39
 1.454583e+00 5.600491e+00 2.713691e+01 1.407583e+01 3.848268e+00 5.778172e+00 8.043882e+00 1.325942e+01 3.610116e+00 5.018450e+00 7.067597e+00 1.060167e+01 1.000000e-02 5.135380e-01 5.269083e-01 1.427750e+00 1.187524e+00 3.870558e-01 1.368313e+00 1.676337e+00 7.312701e-01 6.019409e-01 7.770082e-01 2.922076e-01 4.029136e-01 1.000000e-02 1.814752e-02 1.321311e-01 2.871920e-01 2.197538e-01 2.393731e-02 9.648224e-02 8.396641e-02 9.591780e-02 1.738361e-01 5.759917e-02 8.983570e-02 1.609297e-01 1.000000e-02
<GCONST> 4.825015e+01
<STATE> 36
<MEAN> 39
 -4.256229e+00 -9.864142e+00 -4.946002e+00 -5.303719e+00 2.483499e+00 -3.695090e-01 2.974258e+00 -3.200826e+00 2.645388e+00 6.497254e-01 3.786285e+00 -3.974634e+00 -4.274920e-03 -8.792255e-01 -5.691571e-01 -1.833130e-01 8.409983e-02 -2.832072e-01 -6.749500e-01 -9.405190e-02 9.886479e-01 4.630303e-01 -4.254265e-02 -4.366792e-01 1.899557e-01 -3.529822e-02 5.517185e-03 -1.034737e-01 -1.823817e-01 -7.905725e-02 3.093288e-02 2.584668e-02 9.649511e-02 1.025310e-01 -3.563028e-01 -5.787742e-01 -2.999650e-01 2.819975e-01 2.331741e-03
<VARIANCE> 39
 1.411307e+00 5.302724e+00 9.399118e+00 4.512206e+00 3.152487e+00 8.841803e+00 1.191247e+01 4.194912e+00 3.215029e+00 5.948306e+00 3.046216e+00 7.218748e+00 1.000000e-02 1.425507e-01 6.103928e-01 1.970369e+00 1.276445e+00 2.971524e-01 1.205520e+00 1.709165e+00 7.949402e-01 3.922997e-01 1.798356e+00 9.914196e-01 8.294080e-01 1.000000e-02 8.314390e-02 1.377404e-01 2.944763e-01 1.322705e-01 2.655153e-02 2.449559e-01 2.472688e-01 6.549989e-02 6.810546e-02 9.170845e-02 6.368932e-02 1.827341e-01 1.000000e-02
<GCONST> 4.771582e+01
<STATE> 37
<MEAN> 39
 -5.959996e+00 -1.099339e+01 -6.586472e+00 -6.070553e+00 1.871193e-01 -1.996135e+00 3.881117e+00 8.018985e-02 3.514997e+00 -7.030183e-01 7.973577e-01 -1.936368e+00 -6.967199e-02 -7.286865e-01 -3.994640e-01 2.867441e-02 2.016915e-01 -5.300150e-01 -3.730432e-01 -7.315288e-02 5.166184e-01 -2.960739e-01 -9.198050e-01 -7.242994e-01 1.079378e-01 -2.789431e-02 4.099636e-01 3.446866e-01 3.384326e-01 1.610394e-02 6.110990e-02 2.220375e-01 -4.679206e-02 -4.740532e-01 -3.445228e-01 -3.346771e-01 1.703437e-01 -7.540303e-03 1.668298e-02
<VARIANCE> 39
 3.722779e-01 2.367288e+00 2.864106e+00 8.042111e+00 5.427014e+00 1.542733e+01 2.327607e+01 1.162125e+01 2.060604e+01 6.288122e+00 9.974354e+00 1.912417e+01 1.000000e-02 1.915501e-01 5.095626e-01 1.848996e+00 4.575067e-01 9.230898e-02 9.970765e-02 3.200577e-01 1.096731e-01 2.259400e-01 6.529889e-01 4.965486e-01 8.403116e-01 1.000000e-02 1.000000e-02 4.841225e-02 1.723664e-01 2.432165e-01 8.984318e-02 2.606494e-01 3.033810e-01 1.198474e-01 3.796278e-01 2.594893e-01 1.256295e-01 4.487270e-01 1.000000e-02
<GCONST> 4.462874e+01
<TRANSP> 38
 0.000000e+00 1.000000e+00 0.000000e+00 0.000000e+00 0.000000e+00 0.000000e+00 0.000000e+00 0.000000e+00 0.000000e+00 0.000000e+00 0.000000e+00 0.000000e+00 0.000000e+00 0.000000e+00 0.000000e+00 0.000000e+00 0.000000e+00 0.000000e+00 0.000000e+00 0.000000e+00 0.000000e+00 0.000000e+00 0.000000e+00 0.000000e+00 0.000000e+00 0.000000e+00 0.000000e+00 0.000000e+00 0.000000e+00 0.000000e+00 0.000000e+00 0.000000e+00 0.000000e+00 0.000000e+00 0.000000e+00 0.000000e+00 0.000000e+00 0.000000e+00
 0.000000e+00 3.750000e-01 6.250000e-01 0.000000e+00 0.000000e+00 0.000000e+00 0.000000e+00 0.000000e+00 0.000000e+00 0.000000e+00 0.000000e+00 0.000000e+00 0.000000e+00 0.000000e+00 0.000000e+00 0.000000e+00 0.000000e+00 0.000000e+00 0.000000e+00 0.000000e+00 0.000000e+00 0.000000e+00 0.000000e+00 0.000000e+00 0.000000e+00 0.000000e+00 0.000000e+00 0.000000e+00 0.000000e+00 0.000000e+00 0.000000e+00 0.000000e+00 0.000000e+00 0.000000e+00 0.000000e+00 0.000000e+00 0.000000e+00 0.000000e+00
 0.000000e+00 0.000000e+00 5.000000e-01 5.000000e-01 0.000000e+00 0.000000e+00 0.000000e+00 0.000000e+00 0.000000e+00 0.000000e+00 0.000000e+00 0.000000e+00 0.000000e+00 0.000000e+00 0.000000e+00 0.000000e+00 0.000000e+00 0.000000e+00 0.000000e+00 0.000000e+00 0.000000e+00 0.000000e+00 0.000000e+00 0.000000e+00 0.000000e+00 0.000000e+00 0.000000e+00 0.000000e+00 0.000000e+00 0.000000e+00 0.000000e+00 0.000000e+00 0.000000e+00 0.000000e+00 0.000000e+00 0.000000e+00 0.000000e+00 0.000000e+00
 0.000000e+00 0.000000e+00 0.000000e+00 3.750000e-01 6.250000e-01 0.000000e+00 0.000000e+00 0.000000e+00 0.000000e+00 0.000000e+00 0.000000e+00 0.000000e+00 0.000000e+00 0.000000e+00 0.000000e+00 0.000000e+00 0.000000e+00 0.000000e+00 0.000000e+00 0.000000e+00 0.000000e+00 0.000000e+00 0.000000e+00 0.000000e+00 0.000000e+00 0.000000e+00 0.000000e+00 0.000000e+00 0.000000e+00 0.000000e+00 0.000000e+00 0.000000e+00 0.000000e+00 0.000000e+00 0.000000e+00 0.000000e+00 0.000000e+00 0.000000e+00
 0.000000e+00 0.000000e+00 0.000000e+00 0.000000e+00 2.857143e-01 7.142857e-01 0.000000e+00 0.000000e+00 0.000000e+00 0.000000e+00 0.000000e+00 0.000000e+00 0.000000e+00 0.000000e+00 0.000000e+00 0.000000e+00 0.000000e+00 0.000000e+00 0.000000e+00 0.000000e+00 0.000000e+00 0.000000e+00 0.000000e+00 0.000000e+00 0.000000e+00 0.000000e+00 0.000000e+00 0.000000e+00 0.000000e+00 0.000000e+00 0.000000e+00 0.000000e+00 0.000000e+00 0.000000e+00 0.000000e+00 0.000000e+00 0.000000e+00 0.000000e+00
 0.000000e+00 0.000000e+00 0.000000e+00 0.000000e+00 0.000000e+00 3.750000e-01 6.250000e-01 0.000000e+00 0.000000e+00 0.000000e+00 0.000000e+00 0.000000e+00 0.000000e+00 0.000000e+00 0.000000e+00 0.000000e+00 0.000000e+00 0.000000e+00 0.000000e+00 0.000000e+00 0.000000e+00 0.000000e+00 0.000000e+00 0.000000e+00 0.000000e+00 0.000000e+00 0.000000e+00 0.000000e+00 0.000000e+00 0.000000e+00 0.000000e+00 0.000000e+00 0.000000e+00 0.000000e+00 0.000000e+00 0.000000e+00 0.000000e+00 0.000000e+00
 0.000000e+00 0.000000e+00 0.000000e+00 0.000000e+00 0.000000e+00 0.000000e+00 1.666667e-01 8.333333e-01 0.000000e+00 0.000000e+00 0.000000e+00 0.000000e+00 0.000000e+00 0.000000e+00 0.000000e+00 0.000000e+00 0.000000e+00 0.000000e+00 0.000000e+00 0.000000e+00 0.000000e+00 0.000000e+00 0.000000e+00 0.000000e+00 0.000000e+00 0.000000e+00 0.000000e+00 0.000000e+00 0.000000e+00 0.000000e+00 0.000000e+00 0.000000e+00 0.000000e+00 0.000000e+00 0.000000e+00 0.000000e+00 0.000000e+00 0.000000e+00
 0.000000e+00 0.000000e+00 0.000000e+00 0.000000e+00 0.000000e+00 0.000000e+00 0.000000e+00 2.857143e-01 7.142857e-01 0.000000e+00 0.000000e+00 0.000000e+00 0.000000e+00 0.000000e+00 0.000000e+00 0.000000e+00 0.000000e+00 0.000000e+00 0.000000e+00 0.000000e+00 0.000000e+00 0.000000e+00 0.000000e+00 0.000000e+00 0.000000e+00 0.000000e+00 0.000000e+00 0.000000e+00 0.000000e+00 0.000000e+00 0.000000e+00 0.000000e+00 0.000000e+00 0.000000e+00 0.000000e+00 0.000000e+00 0.000000e+00 0.000000e+00
 0.000000e+00 0.000000e+00 0.000000e+00 0.000000e+00 0.000000e+00 0.000000e+00 0.000000e+00 0.000000e+00 3.750000e-01 6.250000e-01 0.000000e+00 0.000000e+00 0.000000e+00 0.000000e+00 0.000000e+00 0.000000e+00 0.000000e+00 0.000000e+00 0.000000e+00 0.000000e+00 0.000000e+00 0.000000e+00 0.000000e+00 0.000000e+00 0.000000e+00 0.000000e+00 0.000000e+00 0.000000e+00 0.000000e+00 0.000000e+00 0.000000e+00 0.000000e+00 0.000000e+00 0.000000e+00 0.000000e+00 0.000000e+00 0.000000e+00 0.000000e+00
 0.000000e+00 0.000000e+00 0.000000e+00 0.000000e+00 0.000000e+00 0.000000e+00 0.000000e+00 0.000000e+00 0.000000e+00 3.750000e-01 6.250000e-01 0.000000e+00 0.000000e+00 0.000000e+00 0.000000e+00 0.000000e+00 0.000000e+00 0.000000e+00 0.000000e+00 0.000000e+00 0.000000e+00 0.000000e+00 0.000000e+00 0.000000e+00 0.000000e+00 0.000000e+00 0.000000e+00 0.000000e+00 0.000000e+00 0.000000e+00 0.000000e+00 0.000000e+00 0.000000e+00 0.000000e+00 0.000000e+00 0.000000e+00 0.000000e+00 0.000000e+00
 0.000000e+00 0.000000e+00 0.000000e+00 0.000000e+00 0.000000e+00 0.000000e+00 0.000000e+00 0.000000e+00 0.000000e+00 0.000000e+00 2.857143e-01 7.142857e-01 0.000000e+00 0.000000e+00 0.000000e+00 0.000000e+00 0.000000e+00 0.000000e+00 0.000000e+00 0.000000e+00 0.000000e+00 0.000000e+00 0.000000e+00 0.000000e+00 0.000000e+00 0.000000e+00 0.000000e+00 0.000000e+00 0.000000e+00 0.000000e+00 0.000000e+00 0.000000e+00 0.000000e+00 0.000000e+00 0.000000e+00 0.000000e+00 0.000000e+00 0.000000e+00
 0.000000e+00 0.000000e+00 0.000000e+00 0.000000e+00 0.000000e+00 0.000000e+00 0.000000e+00 0.000000e+00 0.000000e+00 0.000000e+00 0.000000e+00 5.833333e-01 4.166667e-01 0.000000e+00 0.000000e+00 0.000000e+00 0.000000e+00 0.000000e+00 0.000000e+00 0.000000e+00 0.000000e+00 0.000000e+00 0.000000e+00 0.000000e+00 0.000000e+00 0.000000e+00 0.000000e+00 0.000000e+00 0.000000e+00 0.000000e+00 0.000000e+00 0.000000e+00 0.000000e+00 0.000000e+00 0.000000e+00 0.000000e+00 0.000000e+00 0.000000e+00
 0.000000e+00 0.000000e+00 0.000000e+00 0.000000e+00 0.000000e+00 0.000000e+00 0.000000e+00 0.000000e+00 0.000000e+00 0.000000e+00 0.000000e+00 0.000000e+00 0.000000e+00 1.000000e+00 0.000000e+00 0.000000e+00 0.000000e+00 0.000000e+00 0.000000e+00 0.000000e+00 0.000000e+00 0.000000e+00 0.000000e+00 0.000000e+00 0.000000e+00 0.000000e+00 0.000000e+00 0.000000e+00 0.000000e+00 0.000000e+00 0.000000e+00 0.000000e+00 0.000000e+00 0.000000e+00 0.000000e+00 0.000000e+00 0.000000e+00 0.000000e+00
 0.000000e+00 0.000000e+00 0.000000e+00 0.000000e+00 0.000000e+00 0.000000e+00 0.000000e+00 0.000000e+00 0.000000e+00 0.000000e+00 0.000000e+00 0.000000e+00 0.000000e+00 3.750000e-01 6.250000e-01 0.000000e+00 0.000000e+00 0.000000e+00 0.000000e+00 0.000000e+00 0.000000e+00 0.000000e+00 0.000000e+00 0.000000e+00 0.000000e+00 0.000000e+00 0.000000e+00 0.000000e+00 0.000000e+00 0.000000e+00 0.000000e+00 0.000000e+00 0.000000e+00 0.000000e+00 0.000000e+00 0.000000e+00 0.000000e+00 0.000000e+00
 0.000000e+00 0.000000e+00 0.000000e+00 0.000000e+00 0.000000e+00 0.000000e+00 0.000000e+00 0.000000e+00 0.000000e+00 0.000000e+00 0.000000e+00 0.000000e+00 0.000000e+00 0.000000e+00 2.857143e-01 7.142857e-01 0.000000e+00 0.000000e+00 0.000000e+00 0.000000e+00 0.000000e+00 0.000000e+00 0.000000e+00 0.000000e+00 0.000000e+00 0.000000e+00 0.000000e+00 0.000000e+00 0.000000e+00 0.000000e+00 0.000000e+00 0.000000e+00 0.000000e+00 0.000000e+00 0.000000e+00 0.000000e+00 0.000000e+00 0.000000e+00
 0.000000e+00 0.000000e+00 0.000000e+00 0.000000e+00 0.000000e+00 0.000000e+00 0.000000e+00 0.000000e+00 0.000000e+00 0.000000e+00 0.000000e+00 0.000000e+00 0.000000e+00 0.000000e+00 0.000000e+00 3.750000e-01 6.250000e-01 0.000000e+00 0.000000e+00 0.000000e+00 0.000000e+00 0.000000e+00 0.000000e+00 0.000000e+00 0.000000e+00 0.000000e+00 0.000000e+00 0.000000e+00 0.000000e+00 0.000000e+00 0.000000e+00 0.000000e+00 0.000000e+00 0.000000e+00 0.000000e+00 0.000000e+00 0.000000e+00 0.000000e+00
 0.000000e+00 0.000000e+00 0.000000e+00 0.000000e+00 0.000000e+00 0.000000e+00 0.000000e+00 0.000000e+00 0.000000e+00 0.000000e+00 0.000000e+00 0.000000e+00 0.000000e+00 0.000000e+00 0.000000e+00 0.000000e+00 3.750000e-01 6.250000e-01 0.000000e+00 0.000000e+00 0.000000e+00 0.000000e+00 0.000000e+00 0.000000e+00 0.000000e+00 0.000000e+00 0.000000e+00 0.000000e+00 0.000000e+00 0.000000e+00 0.000000e+00 0.000000e+00 0.000000e+00 0.000000e+00 0.000000e+00 0.000000e+00 0.000000e+00 0.000000e+00
 0.000000e+00 0.000000e+00 0.000000e+00 0.000000e+00 0.000000e+00 0.000000e+00 0.000000e+00 0.000000e+00 0.000000e+00 0.000000e+00 0.000000e+00 0.000000e+00 0.000000e+00 0.000000e+00 0.000000e+00 0.000000e+00 0.000000e+00 3.750000e-01 6.250000e-01 0.000000e+00 0.000000e+00 0.000000e+00 0.000000e+00 0.000000e+00 0.000000e+00 0.000000e+00 0.000000e+00 0.000000e+00 0.000000e+00 0.000000e+00 0.000000e+00 0.000000e+00 0.000000e+00 0.000000e+00 0.000000e+00 0.000000e+00 0.000000e+00 0.000000e+00
 0.000000e+00 0.000000e+00 0.000000e+00 0.000000e+00 0.000000e+00 0.000000e+00 0.000000e+00 0.000000e+00 0.000000e+00 0.000000e+00 0.000000e+00 0.000000e+00 0.000000e+00 0.000000e+00 0.000000e+00 0.000000e+00 0.000000e+00 0.000000e+00 1.666667e-01 8.333333e-01 0.000000e+00 0.000000e+00 0.000000e+00 0.000000e+00 0.000000e+00 0.000000e+00 0.000000e+00 0.000000e+00 0.000000e+00 0.000000e+00 0.000000e+00 0.000000e+00 0.000000e+00 0.000000e+00 0.000000e+00 0.000000e+00 0.000000e+00 0.000000e+00
 0.000000e+00 0.000000e+00 0.000000e+00 0.000000e+00 0.000000e+00 0.000000e+00 0.000000e+00 0.000000e+00 0.000000e+00 0.000000e+00 0.000000e+00 0.000000e+00 0.000000e+00 0.000000e+00 0.000000e+00 0.000000e+00 0.000000e+00 0.000000e+00 0.000000e+00 4.444444e-01 5.555556e-01 0.000000e+00 0.000000e+00 0.000000e+00 0.000000e+00 0.000000e+00 0.000000e+00 0.000000e+00 0.000000e+00 0.000000e+00 0.000000e+00 0.000000e+00 0.000000e+00 0.000000e+00 0.000000e+00 0.000000e+00 0.000000e+00 0.000000e+00
 0.000000e+00 0.000000e+00 0.000000e+00 0.000000e+00 0.000000e+00 0.000000e+00 0.000000e+00 0.000000e+00 0.000000e+00 0.000000e+00 0.000000e+00 0.000000e+00 0.000000e+00 0.000000e+00 0.000000e+00 0.000000e+00 0.000000e+00 0.000000e+00 0.000000e+00 0.000000e+00 1.666667e-01 8.333333e-01 0.000000e+00 0.000000e+00 0.000000e+00 0.000000e+00 0.000000e+00 0.000000e+00 0.000000e+00 0.000000e+00 0.000000e+00 0.000000e+00 0.000000e+00 0.000000e+00 0.000000e+00 0.000000e+00 0.000000e+00 0.000000e+00
 0.000000e+00 0.000000e+00 0.000000e+00 0.000000e+00 0.000000e+00 0.000000e+00 0.000000e+00 0.000000e+00 0.000000e+00 0.000000e+00 0.000000e+00 0.000000e+00 0.000000e+00 0.000000e+00 0.000000e+00 0.000000e+00 0.000000e+00 0.000000e+00 0.000000e+00 0.000000e+00 0.000000e+00 3.750000e-01 6.250000e-01 0.000000e+00 0.000000e+00 0.000000e+00 0.000000e+00 0.000000e+00 0.000000e+00 0.000000e+00 0.000000e+00 0.000000e+00 0.000000e+00 0.000000e+00 0.000000e+00 0.000000e+00 0.000000e+00 0.000000e+00
 0.000000e+00 0.000000e+00 0.000000e+00 0.000000e+00 0.000000e+00 0.000000e+00 0.000000e+00 0.000000e+00 0.000000e+00 0.000000e+00 0.000000e+00 0.000000e+00 0.000000e+00 0.000000e+00 0.000000e+00 0.000000e+00 0.000000e+00 0.000000e+00 0.000000e+00 0.000000e+00 0.000000e+00 0.000000e+00 4.444444e-01 5.555556e-01 0.000000e+00 0.000000e+00 0.000000e+00 0.000000e+00 0.000000e+00 0.000000e+00 0.000000e+00 0.000000e+00 0.000000e+00 0.000000e+00 0.000000e+00 0.000000e+00 0.000000e+00 0.000000e+00
 0.000000e+00 0.000000e+00 0.000000e+00 0.000000e+00 0.000000e+00 0.000000e+00 0.000000e+00 0.000000e+00 0.000000e+00 0.000000e+00 0.000000e+00 0.000000e+00 0.000000e+00 0.000000e+00 0.000000e+00 0.000000e+00 0.000000e+00 0.000000e+00 0.000000e+00 0.000000e+00 0.000000e+00 0.000000e+00 0.000000e+00 2.857143e-01 7.142857e-01 0.000000e+00 0.000000e+00 0.000000e+00 0.000000e+00 0.000000e+00 0.000000e+00 0.000000e+00 0.000000e+00 0.000000e+00 0.000000e+00 0.000000e+00 0.000000e+00 0.000000e+00
 0.000000e+00 0.000000e+00 0.000000e+00 0.000000e+00 0.000000e+00 0.000000e+00 0.000000e+00 0.000000e+00 0.000000e+00 0.000000e+00 0.000000e+00 0.000000e+00 0.000000e+00 0.000000e+00 0.000000e+00 0.000000e+00 0.000000e+00 0.000000e+00 0.000000e+00 0.000000e+00 0.000000e+00 0.000000e+00 0.000000e+00 0.000000e+00 3.750000e-01 6.250000e-01 0.000000e+00 0.000000e+00 0.000000e+00 0.000000e+00 0.000000e+00 0.000000e+00 0.000000e+00 0.000000e+00 0.000000e+00 0.000000e+00 0.000000e+00 0.000000e+00
 0.000000e+00 0.000000e+00 0.000000e+00 0.000000e+00 0.000000e+00 0.000000e+00 0.000000e+00 0.000000e+00 0.000000e+00 0.000000e+00 0.000000e+00 0.000000e+00 0.000000e+00 0.000000e+00 0.000000e+00 0.000000e+00 0.000000e+00 0.000000e+00 0.000000e+00 0.000000e+00 0.000000e+00 0.000000e+00 0.000000e+00 0.000000e+00 0.000000e+00 2.857143e-01 7.142857e-01 0.000000e+00 0.000000e+00 0.000000e+00 0.000000e+00 0.000000e+00 0.000000e+00 0.000000e+00 0.000000e+00 0.000000e+00 0.000000e+00 0.000000e+00
 0.000000e+00 0.000000e+00 0.000000e+00 0.000000e+00 0.000000e+00 0.000000e+00 0.000000e+00 0.000000e+00 0.000000e+00 0.000000e+00 0.000000e+00 0.000000e+00 0.000000e+00 0.000000e+00 0.000000e+00 0.000000e+00 0.000000e+00 0.000000e+00 0.000000e+00 0.000000e+00 0.000000e+00 0.000000e+00 0.000000e+00 0.000000e+00 0.000000e+00 0.000000e+00 3.750000e-01 6.250000e-01 0.000000e+00 0.000000e+00 0.000000e+00 0.000000e+00 0.000000e+00 0.000000e+00 0.000000e+00 0.000000e+00 0.000000e+00 0.000000e+00
 0.000000e+00 0.000000e+00 0.000000e+00 0.000000e+00 0.000000e+00 0.000000e+00 0.000000e+00 0.000000e+00 0.000000e+00 0.000000e+00 0.000000e+00 0.000000e+00 0.000000e+00 0.000000e+00 0.000000e+00 0.000000e+00 0.000000e+00 0.000000e+00 0.000000e+00 0.000000e+00 0.000000e+00 0.000000e+00 0.000000e+00 0.000000e+00 0.000000e+00 0.000000e+00 0.000000e+00 4.444444e-01 5.555556e-01 0.000000e+00 0.000000e+00 0.000000e+00 0.000000e+00 0.000000e+00 0.000000e+00 0.000000e+00 0.000000e+00 0.000000e+00
 0.000000e+00 0.000000e+00 0.000000e+00 0.000000e+00 0.000000e+00 0.000000e+00 0.000000e+00 0.000000e+00 0.000000e+00 0.000000e+00 0.000000e+00 0.000000e+00 0.000000e+00 0.000000e+00 0.000000e+00 0.000000e+00 0.000000e+00 0.000000e+00 0.000000e+00 0.000000e+00 0.000000e+00 0.000000e+00 0.000000e+00 0.000000e+00 0.000000e+00 0.000000e+00 0.000000e+00 0.000000e+00 1.666667e-01 8.333333e-01 0.000000e+00 0.000000e+00 0.000000e+00 0.000000e+00 0.000000e+00 0.000000e+00 0.000000e+00 0.000000e+00
 0.000000e+00 0.000000e+00 0.000000e+00 0.000000e+00 0.000000e+00 0.000000e+00 0.000000e+00 0.000000e+00 0.000000e+00 0.000000e+00 0.000000e+00 0.000000e+00 0.000000e+00 0.000000e+00 0.000000e+00 0.000000e+00 0.000000e+00 0.000000e+00 0.000000e+00 0.000000e+00 0.000000e+00 0.000000e+00 0.000000e+00 0.000000e+00 0.000000e+00 0.000000e+00 0.000000e+00 0.000000e+00 0.000000e+00 4.444444e-01 5.555556e-01 0.000000e+00 0.000000e+00 0.000000e+00 0.000000e+00 0.000000e+00 0.000000e+00 0.000000e+00
 0.000000e+00 0.000000e+00 0.000000e+00 0.000000e+00 0.000000e+00 0.000000e+00 0.000000e+00 0.000000e+00 0.000000e+00 0.000000e+00 0.000000e+00 0.000000e+00 0.000000e+00 0.000000e+00 0.000000e+00 0.000000e+00 0.000000e+00 0.000000e+00 0.000000e+00 0.000000e+00 0.000000e+00 0.000000e+00 0.000000e+00 0.000000e+00 0.000000e+00 0.000000e+00 0.000000e+00 0.000000e+00 0.000000e+00 0.000000e+00 2.857143e-01 7.142857e-01 0.000000e+00 0.000000e+00 0.000000e+00 0.000000e+00 0.000000e+00 0.000000e+00
 0.000000e+00 0.000000e+00 0.000000e+00 0.000000e+00 0.000000e+00 0.000000e+00 0.000000e+00 0.000000e+00 0.000000e+00 0.000000e+00 0.000000e+00 0.000000e+00 0.000000e+00 0.000000e+00 0.000000e+00 0.000000e+00 0.000000e+00 0.000000e+00 0.000000e+00 0.000000e+00 0.000000e+00 0.000000e+00 0.000000e+00 0.000000e+00 0.000000e+00 0.000000e+00 0.000000e+00 0.000000e+00 0.000000e+00 0.000000e+00 0.000000e+00 4.444444e-01 5.555556e-01 0.000000e+00 0.000000e+00 0.000000e+00 0.000000e+00 0.000000e+00
 0.000000e+00 0.000000e+00 0.000000e+00 0.000000e+00 0.000000e+00 0.000000e+00 0.000000e+00 0.000000e+00 0.000000e+00 0.000000e+00 0.000000e+00 0.000000e+00 0.000000e+00 0.000000e+00 0.000000e+00 0.000000e+00 0.000000e+00 0.000000e+00 0.000000e+00 0.000000e+00 0.000000e+00 0.000000e+00 0.000000e+00 0.000000e+00 0.000000e+00 0.000000e+00 0.000000e+00 0.000000e+00 0.000000e+00 0.000000e+00 0.000000e+00 0.000000e+00 3.750000e-01 6.250000e-01 0.000000e+00 0.000000e+00 0.000000e+00 0.000000e+00
 0.000000e+00 0.000000e+00 0.000000e+00 0.000000e+00 0.000000e+00 0.000000e+00 0.000000e+00 0.000000e+00 0.000000e+00 0.000000e+00 0.000000e+00 0.000000e+00 0.000000e+00 0.000000e+00 0.000000e+00 0.000000e+00 0.000000e+00 0.000000e+00 0.000000e+00 0.000000e+00 0.000000e+00 0.000000e+00 0.000000e+00 0.000000e+00 0.000000e+00 0.000000e+00 0.000000e+00 0.000000e+00 0.000000e+00 0.000000e+00 0.000000e+00 0.000000e+00 0.000000e+00 1.666667e-01 8.333333e-01 0.000000e+00 0.000000e+00 0.000000e+00
 0.000000e+00 0.000000e+00 0.000000e+00 0.000000e+00 0.000000e+00 0.000000e+00 0.000000e+00 0.000000e+00 0.000000e+00 0.000000e+00 0.000000e+00 0.000000e+00 0.000000e+00 0.000000e+00 0.000000e+00 0.000000e+00 0.000000e+00 0.000000e+00 0.000000e+00 0.000000e+00 0.000000e+00 0.000000e+00 0.000000e+00 0.000000e+00 0.000000e+00 0.000000e+00 0.000000e+00 0.000000e+00 0.000000e+00 0.000000e+00 0.000000e+00 0.000000e+00 0.000000e+00 0.000000e+00 3.750000e-01 6.250000e-01 0.000000e+00 0.000000e+00
 0.000000e+00 0.000000e+00 0.000000e+00 0.000000e+00 0.000000e+00 0.000000e+00 0.000000e+00 0.000000e+00 0.000000e+00 0.000000e+00 0.000000e+00 0.000000e+00 0.000000e+00 0.000000e+00 0.000000e+00 0.000000e+00 0.000000e+00 0.000000e+00 0.000000e+00 0.000000e+00 0.000000e+00 0.000000e+00 0.000000e+00 0.000000e+00 0.000000e+00 0.000000e+00 0.000000e+00 0.000000e+00 0.000000e+00 0.000000e+00 0.000000e+00 0.000000e+00 0.000000e+00 0.000000e+00 0.000000e+00 3.750000e-01 6.250000e-01 0.000000e+00
 0.000000e+00 0.000000e+00 0.000000e+00 0.000000e+00 0.000000e+00 0.000000e+00 0.000000e+00 0.000000e+00 0.000000e+00 0.000000e+00 0.000000e+00 0.000000e+00 0.000000e+00 0.000000e+00 0.000000e+00 0.000000e+00 0.000000e+00 0.000000e+00 0.000000e+00 0.000000e+00 0.000000e+00 0.000000e+00 0.000000e+00 0.000000e+00 0.000000e+00 0.000000e+00 0.000000e+00 0.000000e+00 0.000000e+00 0.000000e+00 0.000000e+00 0.000000e+00 0.000000e+00 0.000000e+00 0.000000e+00 0.000000e+00 0.000000e+00 1.000000e+00
 0.000000e+00 0.000000e+00 0.000000e+00 0.000000e+00 0.000000e+00 0.000000e+00 0.000000e+00 0.000000e+00 0.000000e+00 0.000000e+00 0.000000e+00 0.000000e+00 0.000000e+00 0.000000e+00 0.000000e+00 0.000000e+00 0.000000e+00 0.000000e+00 0.000000e+00 0.000000e+00 0.000000e+00 0.000000e+00 0.000000e+00 0.000000e+00 0.000000e+00 0.000000e+00 0.000000e+00 0.000000e+00 0.000000e+00 0.000000e+00 0.000000e+00 0.000000e+00 0.000000e+00 0.000000e+00 0.000000e+00 0.000000e+00 0.000000e+00 0.000000e+00
<ENDHMM>
