~o
<STREAMINFO> 1 39
<VECSIZE> 39<NULLD><MFCC_E_D_A><DIAGC>
~h "D~ung"
<BEGINHMM>
<NUMSTATES> 14
<STATE> 2
<MEAN> 39
 -6.453176e+00 -7.710462e+00 -2.040635e+00 -2.459214e+00 9.313242e-01 -4.461989e+00 9.773586e-01 -1.347328e+00 4.606617e-01 -4.040607e+00 1.783864e+00 -1.376961e+00 1.459871e-02 1.287866e+00 1.270420e-01 -8.025964e-01 -1.102139e+00 -1.437048e+00 -1.322236e+00 -9.311656e-02 1.881270e-01 -2.570335e-01 -7.437773e-01 -1.065863e+00 -1.876414e-01 4.730116e-02 5.442250e-01 -1.849641e-02 -2.093925e-01 -3.115347e-01 -2.997641e-01 -5.699437e-01 -1.246254e-01 -7.099935e-02 -1.871249e-01 -2.854909e-01 -4.415116e-01 -2.791550e-01 2.898453e-02
<VARIANCE> 39
 1.246197e+01 9.610503e+00 6.385264e+00 1.116222e+01 1.136251e+01 9.504877e+00 1.075148e+01 8.903160e+00 1.280519e+01 1.154038e+01 9.694764e+00 7.295024e+00 1.000000e-02 3.214096e+00 1.020033e+00 1.446895e+00 8.776131e-01 1.776415e+00 2.178305e+00 1.514959e+00 1.102504e+00 2.181417e+00 1.845851e+00 1.604959e+00 9.928101e-01 1.000000e-02 4.650591e-01 2.355442e-01 2.422176e-01 1.302316e-01 3.784392e-01 1.844618e-01 2.283548e-01 2.101931e-01 4.823424e-01 2.880746e-01 2.310272e-01 2.067344e-01 1.000000e-02
<GCONST> 7.418143e+01
<STATE> 3
<MEAN> 39
 3.437893e+00 -7.033693e+00 -6.679789e+00 -9.981779e+00 -6.225902e+00 -1.625868e+01 -1.501435e+00 -1.727650e+00 -3.504114e+00 -1.134242e+01 -8.560308e+00 -5.627176e+00 6.120236e-01 2.160294e-01 -1.216277e+00 2.990803e-01 -1.047955e+00 -1.194807e+00 -7.166048e-01 -1.726766e+00 3.040256e-02 -1.492305e-01 -1.298148e+00 -1.467427e+00 -8.340244e-01 1.152782e-01 -6.980641e-01 -8.408628e-01 3.086534e-01 2.761336e-01 2.026117e-01 1.179143e+00 -4.715514e-01 5.401096e-01 6.647125e-01 8.782080e-01 7.539678e-01 3.622873e-01 -2.004424e-02
<VARIANCE> 39
 4.467431e+01 2.338581e+01 7.343122e+00 1.473875e+01 2.448866e+01 3.470830e+01 1.815087e+01 1.696994e+01 1.386454e+01 1.715541e+01 2.002042e+01 9.784037e+00 1.525213e-02 5.385243e+00 4.675564e+00 3.813017e+00 2.120892e+00 3.401997e+00 9.748515e+00 4.471602e+00 2.991366e+00 2.721455e+00 2.498307e+00 4.624866e+00 2.574971e+00 1.000000e-02 1.025689e+00 6.208348e-01 9.702289e-01 3.133587e-01 7.091812e-01 6.421496e-01 5.443961e-01 9.644358e-01 4.016785e-01 6.475276e-01 4.322895e-01 3.686545e-01 1.000000e-02
<GCONST> 1.026934e+02
<STATE> 4
<MEAN> 39
 1.241742e+00 -1.990538e+01 -7.464716e+00 -1.227317e+01 -1.112443e+01 -1.084000e+01 -1.058831e+01 6.245079e+00 3.300895e+00 -5.785998e+00 -7.582947e+00 -4.891769e+00 8.720994e-01 -6.518862e-01 -1.911775e+00 -3.320389e+00 -9.482096e-01 1.319569e+00 1.097079e+00 6.105037e-01 1.693390e+00 2.195234e+00 4.614047e+00 -6.596686e-01 -7.263143e-01 5.470575e-02 3.994751e-03 1.048935e+00 -6.824872e-01 -3.106855e-01 1.236460e+00 -3.651281e-02 1.178813e+00 -1.139457e+00 -2.886778e-01 7.507943e-01 -3.599842e-01 -5.808305e-01 -8.434477e-03
<VARIANCE> 39
 1.757395e+01 1.349381e+01 6.306858e+01 2.416834e+01 3.099050e+01 3.333231e+01 6.229773e+01 3.667586e+01 2.817171e+01 5.551267e+01 3.196069e+01 2.735832e+01 1.000000e-02 2.443166e+00 6.388885e+00 3.405505e+00 1.747005e+00 8.137970e+00 3.124131e+00 6.849429e+00 8.293822e+00 1.698445e+00 3.673720e+00 3.130770e+00 6.002587e+00 1.000000e-02 2.149140e-01 3.897158e-01 1.486362e+00 4.673277e-01 7.484351e-01 7.476546e-01 1.003502e+00 1.285231e+00 6.119242e-01 1.376085e+00 7.380216e-01 8.883136e-01 1.000000e-02
<GCONST> 1.122687e+02
<STATE> 5
<MEAN> 39
 -8.673872e-01 -1.765848e+01 -1.779490e+01 -1.861777e+01 5.998000e-01 -4.092700e+00 -3.957840e+00 -2.779630e-01 5.708321e+00 1.100595e+01 -9.899021e+00 -9.633396e+00 9.919546e-01 9.152904e-02 7.686552e-01 -7.924404e-01 -1.950302e+00 1.481352e+00 3.024560e+00 -1.323959e-01 -2.100598e+00 -1.569981e+00 1.174729e+00 9.255291e-01 8.724460e-01 3.900047e-03 2.262178e-01 -2.495582e-02 6.654181e-01 1.277121e-01 -9.558918e-01 2.884382e-01 -6.891797e-01 6.485226e-01 -8.806574e-01 -1.700363e+00 4.430258e-01 1.049170e+00 -1.224582e-02
<VARIANCE> 39
 6.101319e+00 2.253846e+00 1.278614e+01 1.579517e+01 7.464604e+00 2.716521e+01 2.165628e+01 9.192247e+00 2.509549e+01 2.532023e+01 3.155384e+01 6.227328e+01 1.000000e-02 4.949506e-01 3.041808e-01 9.376757e-01 4.733238e-01 3.080245e+00 1.098051e+00 3.621001e+00 2.103688e+00 4.507800e+00 7.928912e+00 3.950285e+00 6.233472e+00 1.000000e-02 1.405540e-01 3.055230e-01 2.764606e-01 2.072726e-01 3.068667e-01 4.625877e-01 6.795380e-01 1.225527e+00 6.087366e-01 4.222007e-01 8.394815e-01 5.881031e-01 1.000000e-02
<GCONST> 8.755043e+01
<STATE> 6
<MEAN> 39
 8.171270e-01 -1.599209e+01 -1.820829e+01 -2.365752e+01 -1.155819e+00 7.482685e+00 -8.354797e+00 3.777174e+00 -4.312384e+00 3.029240e+00 -5.534963e+00 1.028041e-01 9.368173e-01 7.531003e-01 -2.410428e-01 6.348082e-01 -1.862407e-01 -2.209650e+00 1.090231e+00 -1.948763e-01 3.215668e+00 -6.708255e-01 -2.803735e+00 5.670840e-01 1.236107e+00 -1.945385e-02 1.477230e-01 -2.199927e-01 3.600056e-01 4.193555e-01 -5.539432e-01 -1.150941e+00 3.969778e-01 -1.103621e-01 1.148349e+00 1.604254e-01 -3.183294e-01 -6.431482e-01 -2.097258e-03
<VARIANCE> 39
 3.399612e+00 5.111423e+00 3.069066e+00 2.060317e+01 1.992286e+01 1.269413e+01 3.255923e+01 5.396032e+01 1.611555e+01 3.621290e+01 1.730327e+01 5.950755e+01 1.000000e-02 1.282893e-01 5.668293e-01 9.392150e-01 5.677535e-01 2.926339e+00 3.341719e+00 2.290000e+00 2.891985e+00 5.733073e+00 1.647094e+00 2.316358e+00 3.357253e+00 1.000000e-02 1.874461e-02 6.734399e-02 1.380419e-01 2.160964e-01 4.096285e-01 2.632434e-01 3.078482e-01 2.526525e+00 5.352720e-01 4.966019e-01 3.524997e-01 2.652623e-01 1.000000e-02
<GCONST> 8.003115e+01
<STATE> 7
<MEAN> 39
 4.797372e+00 -1.876096e+01 -1.230590e+01 -2.131482e+01 -1.183509e+01 8.444983e-01 -6.111868e+00 5.296945e+00 1.453466e+00 -4.574506e+00 -5.981559e+00 -1.781273e+00 8.324667e-01 1.132603e+00 -3.420854e-02 1.429080e+00 1.336796e+00 -1.432796e-01 -2.747286e+00 -5.258588e-01 -3.490379e+00 1.991028e-01 -1.471405e+00 -6.062090e-02 -7.599704e-01 -3.495822e-02 -1.028486e-01 2.832459e-01 -2.304900e-01 1.071214e-01 1.162296e+00 9.122821e-02 -5.303676e-01 -8.400376e-01 -9.365448e-01 -8.411339e-02 1.263923e-01 -1.370630e-01 -1.135760e-03
<VARIANCE> 39
 6.500265e+00 6.643013e+00 1.308201e+01 2.272042e+01 2.763059e+01 4.045714e+01 4.561026e+01 6.993692e+01 1.570959e+01 7.397058e+00 9.074909e+00 1.212956e+01 1.000000e-02 1.806852e-01 7.434942e-01 6.899096e-01 2.522772e+00 5.632981e+00 1.630542e+00 2.262381e+00 4.723973e+00 5.305261e+00 1.767357e+00 1.632454e+00 1.001537e+00 1.000000e-02 8.634673e-02 7.997768e-02 1.863156e-01 4.681693e-01 3.764005e-01 8.417751e-01 2.872760e-01 2.143608e+00 4.497089e-01 3.748016e-01 2.490231e-01 2.965088e-01 1.000000e-02
<GCONST> 8.429300e+01
<STATE> 8
<MEAN> 39
 7.147438e+00 -1.664707e+01 -1.038739e+01 -1.847441e+01 -3.984630e+00 -4.693219e+00 -1.274550e+01 -5.420394e+00 -4.761245e+00 -1.241526e+01 -4.256782e+00 -3.776786e+00 7.152826e-01 -1.591391e-01 1.296085e-02 1.807208e-01 -1.928974e-01 4.213396e-01 -3.595842e-01 -5.954944e-01 -7.961379e-01 -7.495310e-01 -5.906647e-01 2.483311e-01 -3.005745e-01 -1.139262e-02 -3.296706e-01 -2.115213e-01 1.562015e-01 -3.819808e-01 -3.898651e-01 2.171323e-01 3.766948e-01 5.855562e-01 4.092123e-01 7.020402e-01 3.879020e-02 -2.685903e-02 1.673596e-03
<VARIANCE> 39
 3.462945e+00 2.193868e+00 5.038544e+00 2.189811e+01 1.673558e+01 6.569674e+00 3.428458e+01 1.947081e+01 1.836205e+01 8.785811e+00 7.903996e+00 8.563148e+00 1.000000e-02 2.713498e-01 3.852411e-01 8.145177e-01 1.780083e+00 2.747043e+00 1.479219e+00 1.896818e+00 1.430939e+00 1.750086e+00 3.142549e+00 5.665394e-01 9.741083e-01 1.000000e-02 7.424007e-02 5.999267e-02 2.204316e-01 4.007248e-01 3.912307e-01 3.201836e-01 2.949304e-01 5.483103e-01 1.306279e-01 3.621563e-01 1.687423e-01 1.467809e-01 1.000000e-02
<GCONST> 6.822980e+01
<STATE> 9
<MEAN> 39
 3.228655e+00 -1.871572e+01 -5.637645e+00 -2.152159e+01 -4.775495e+00 -6.288880e+00 -1.178748e+01 -6.116081e+00 -4.842069e+00 -7.431941e+00 -3.013765e+00 -6.868055e+00 6.388316e-01 -1.199407e+00 1.975170e-01 1.050186e+00 -4.467334e-01 1.229219e+00 -9.788166e-02 6.787612e-01 1.163644e+00 7.664894e-01 1.758798e+00 7.243579e-01 -6.983571e-01 -4.289614e-02 2.737109e-01 5.253447e-01 -6.078588e-01 9.878413e-01 3.369454e-01 6.549141e-02 4.435073e-01 1.861610e-01 4.127969e-01 -8.872720e-02 2.637979e-02 2.879054e-01 -1.131710e-02
<VARIANCE> 39
 1.047460e+01 3.320183e+00 1.256771e+01 3.160864e+01 2.506503e+01 1.416178e+01 5.216484e+01 4.148667e+01 3.412258e+01 2.550195e+01 9.005424e+00 1.647093e+01 1.141626e-02 8.307320e-01 1.231962e+00 2.346690e+00 5.941267e+00 1.201067e+00 1.810284e+00 2.821896e+00 1.943954e+00 2.333183e+00 2.410900e+00 5.139166e-01 1.527415e+00 1.000000e-02 2.613846e-01 1.286638e-01 6.017630e-01 1.533455e+00 2.957724e-01 4.050767e-01 6.958186e-01 7.166905e-01 4.022381e-01 7.773488e-01 8.312640e-02 3.730854e-01 1.000000e-02
<GCONST> 8.854343e+01
<STATE> 10
<MEAN> 39
 3.198765e+00 -1.352079e+01 -9.398759e+00 -1.270371e+01 -3.145890e-01 -7.078076e+00 -5.052277e+00 -2.746140e+00 6.860247e-01 -3.599698e+00 -1.608724e+00 -5.789937e+00 4.271544e-01 3.216840e-01 1.152094e+00 -1.987993e+00 3.682916e+00 2.977720e-01 2.047198e-02 2.545145e+00 1.195424e-01 1.410045e+00 4.832157e-01 1.627356e-01 1.075397e+00 -6.013674e-02 -1.713691e-01 -3.627608e-01 9.868201e-02 -4.983606e-01 -3.945064e-01 2.026924e-01 -2.171971e-01 -2.035491e-01 -3.293592e-01 -1.491231e-01 5.502910e-02 1.922115e-01 4.641551e-03
<VARIANCE> 39
 2.679722e+00 8.736781e+00 2.100427e+01 4.217494e+01 8.364809e+00 1.458282e+01 2.272260e+01 1.579194e+01 9.679795e+00 1.500461e+01 2.997266e+01 1.662371e+01 1.000000e-02 5.975198e-01 1.350818e+00 1.936374e+00 3.930261e+00 1.019489e+00 1.475160e+00 2.413473e+00 2.153177e+00 6.856704e-01 2.187032e+00 1.093073e+00 1.432662e+00 1.000000e-02 1.541102e-01 1.610916e-01 7.336540e-01 1.688241e+00 1.815007e-01 3.200101e-01 5.039858e-01 2.930693e-01 1.332575e-01 4.155012e-01 3.573845e-01 2.936167e-01 1.000000e-02
<GCONST> 8.101428e+01
<STATE> 11
<MEAN> 39
 1.590249e+00 -1.324901e+01 -1.184388e+01 -9.132299e+00 -1.360054e+00 -5.154997e+00 -7.400180e-01 -2.773291e+00 2.371670e+00 -9.731861e-01 9.991012e-01 -2.644629e+00 2.724481e-01 -1.105516e+00 5.135743e-01 5.764472e-01 -2.797378e-01 -5.202578e-02 2.063091e-01 5.290621e-02 3.263600e-01 1.268978e-01 3.362572e-01 5.615769e-01 3.656827e-01 -4.474989e-02 -1.344849e-01 8.162972e-02 6.315852e-01 -1.948883e-01 9.966517e-02 -1.482298e-01 -3.462972e-01 1.378825e-01 -2.730146e-01 -2.841688e-01 -1.053479e-01 -1.964162e-01 3.351364e-03
<VARIANCE> 39
 4.289368e+00 6.443658e+00 5.708023e+00 1.281670e+01 7.630995e+00 1.423508e+01 1.196147e+01 8.563894e+00 7.353030e+00 9.031532e+00 8.476965e+00 4.836437e+00 1.000000e-02 1.790318e-01 9.517621e-01 7.808164e-01 1.382855e+00 8.756843e-01 1.559022e+00 8.890721e-01 1.221019e+00 5.093799e-01 1.283040e+00 1.733572e+00 7.270352e-01 1.000000e-02 1.167067e-01 1.907344e-01 2.439003e-01 7.045811e-01 2.605964e-01 3.659122e-01 2.827424e-01 1.472513e-01 8.607167e-02 1.948805e-01 2.777782e-01 3.066259e-01 1.000000e-02
<GCONST> 6.356059e+01
<STATE> 12
<MEAN> 39
 -3.153105e+00 -1.030041e+01 -6.105983e+00 -7.634482e+00 -6.447985e-01 -5.432442e+00 -1.409140e-01 -1.308977e+00 1.375379e+00 -2.482407e+00 1.838778e+00 -1.528471e+00 9.443072e-02 -4.008489e-01 1.957196e-01 8.973155e-01 8.263800e-01 1.922447e-01 2.334552e-02 1.269928e-01 9.579218e-03 -2.049796e-01 1.804279e-01 4.186928e-01 -1.333954e-02 -1.885002e-02 1.068669e-01 -9.308641e-02 -1.404420e-01 8.574821e-02 7.370129e-02 -6.109033e-03 -7.403541e-02 -1.355900e-01 8.605126e-02 1.837050e-01 2.550932e-02 -1.453592e-01 3.992872e-03
<VARIANCE> 39
 4.044073e+00 4.190999e+00 1.695513e+01 9.203828e+00 1.515896e+01 1.243813e+01 6.320481e+00 1.817237e+01 1.352458e+01 1.168490e+01 7.805277e+00 9.726132e+00 1.130910e-02 3.904326e-01 6.132549e-01 2.051554e+00 1.567760e+00 1.623366e+00 1.005594e+00 5.778645e-01 9.149235e-01 9.829238e-01 1.174683e+00 9.883898e-01 1.479677e+00 1.000000e-02 6.810550e-02 1.561088e-01 3.224434e-01 2.811416e-01 3.203766e-01 1.850374e-01 9.888141e-02 1.876854e-01 1.823308e-01 1.483916e-01 2.476637e-01 2.837800e-01 1.000000e-02
<GCONST> 6.533403e+01
<STATE> 13
<MEAN> 39
 -4.592149e+00 -1.043351e+01 -4.421474e+00 -4.229989e+00 1.407540e+00 -4.937463e+00 -7.507101e-01 -1.142972e+00 2.915601e+00 1.865742e-01 3.525470e+00 -3.722653e+00 4.057483e-02 -7.298807e-01 -1.179233e-02 1.149923e-01 4.792861e-02 2.909643e-01 4.726894e-01 9.910864e-02 -1.490134e-01 -4.726627e-02 -4.576705e-01 -4.377919e-01 -4.108737e-01 -2.662238e-02 3.411742e-02 4.373296e-02 -1.690462e-01 -2.909558e-01 -2.210429e-01 3.151866e-02 1.420924e-01 -2.017998e-02 -1.889584e-01 -3.061280e-01 -2.036397e-01 2.069291e-01 -5.047151e-04
<VARIANCE> 39
 2.144899e+00 3.732992e+00 9.424459e+00 4.218744e+00 5.716275e+00 8.440167e+00 5.142836e+00 6.195268e+00 7.209379e+00 1.204414e+01 9.897481e+00 9.327361e+00 1.000000e-02 3.907017e-01 5.483235e-01 1.298691e+00 8.160329e-01 7.102097e-01 1.489839e+00 4.821709e-01 7.251878e-01 1.211959e+00 1.734352e+00 1.163590e+00 1.119856e+00 1.000000e-02 1.061255e-01 1.008608e-01 2.486117e-01 2.140429e-01 5.471195e-02 2.875319e-01 1.351425e-01 1.124044e-01 1.466440e-01 2.816624e-01 2.773273e-01 3.039764e-01 1.000000e-02
<GCONST> 5.701246e+01
<TRANSP> 14
 0.000000e+00 1.000000e+00 0.000000e+00 0.000000e+00 0.000000e+00 0.000000e+00 0.000000e+00 0.000000e+00 0.000000e+00 0.000000e+00 0.000000e+00 0.000000e+00 0.000000e+00 0.000000e+00
 0.000000e+00 8.076923e-01 1.923077e-01 0.000000e+00 0.000000e+00 0.000000e+00 0.000000e+00 0.000000e+00 0.000000e+00 0.000000e+00 0.000000e+00 0.000000e+00 0.000000e+00 0.000000e+00
 0.000000e+00 0.000000e+00 7.619048e-01 2.380952e-01 0.000000e+00 0.000000e+00 0.000000e+00 0.000000e+00 0.000000e+00 0.000000e+00 0.000000e+00 0.000000e+00 0.000000e+00 0.000000e+00
 0.000000e+00 0.000000e+00 0.000000e+00 7.222222e-01 2.777778e-01 0.000000e+00 0.000000e+00 0.000000e+00 0.000000e+00 0.000000e+00 0.000000e+00 0.000000e+00 0.000000e+00 0.000000e+00
 0.000000e+00 0.000000e+00 0.000000e+00 0.000000e+00 7.500000e-01 2.500000e-01 0.000000e+00 0.000000e+00 0.000000e+00 0.000000e+00 0.000000e+00 0.000000e+00 0.000000e+00 0.000000e+00
 0.000000e+00 0.000000e+00 0.000000e+00 0.000000e+00 0.000000e+00 7.500000e-01 2.500000e-01 0.000000e+00 0.000000e+00 0.000000e+00 0.000000e+00 0.000000e+00 0.000000e+00 0.000000e+00
 0.000000e+00 0.000000e+00 0.000000e+00 0.000000e+00 0.000000e+00 0.000000e+00 7.500000e-01 2.500000e-01 0.000000e+00 0.000000e+00 0.000000e+00 0.000000e+00 0.000000e+00 0.000000e+00
 0.000000e+00 0.000000e+00 0.000000e+00 0.000000e+00 0.000000e+00 0.000000e+00 0.000000e+00 8.000000e-01 2.000000e-01 0.000000e+00 0.000000e+00 0.000000e+00 0.000000e+00 0.000000e+00
 0.000000e+00 0.000000e+00 0.000000e+00 0.000000e+00 0.000000e+00 0.000000e+00 0.000000e+00 0.000000e+00 7.368421e-01 2.631579e-01 0.000000e+00 0.000000e+00 0.000000e+00 0.000000e+00
 0.000000e+00 0.000000e+00 0.000000e+00 0.000000e+00 0.000000e+00 0.000000e+00 0.000000e+00 0.000000e+00 0.000000e+00 6.875000e-01 3.125000e-01 0.000000e+00 0.000000e+00 0.000000e+00
 0.000000e+00 0.000000e+00 0.000000e+00 0.000000e+00 0.000000e+00 0.000000e+00 0.000000e+00 0.000000e+00 0.000000e+00 0.000000e+00 7.058824e-01 2.941177e-01 0.000000e+00 0.000000e+00
 0.000000e+00 0.000000e+00 0.000000e+00 0.000000e+00 0.000000e+00 0.000000e+00 0.000000e+00 0.000000e+00 0.000000e+00 0.000000e+00 0.000000e+00 8.076923e-01 1.923077e-01 0.000000e+00
 0.000000e+00 0.000000e+00 0.000000e+00 0.000000e+00 0.000000e+00 0.000000e+00 0.000000e+00 0.000000e+00 0.000000e+00 0.000000e+00 0.000000e+00 0.000000e+00 7.368421e-01 2.631579e-01
 0.000000e+00 0.000000e+00 0.000000e+00 0.000000e+00 0.000000e+00 0.000000e+00 0.000000e+00 0.000000e+00 0.000000e+00 0.000000e+00 0.000000e+00 0.000000e+00 0.000000e+00 0.000000e+00
<ENDHMM>
