~o
<STREAMINFO> 1 13
<VECSIZE> 13<NULLD><MFCC_E><DIAGC>
~h "Giam"
<BEGINHMM>
<NUMSTATES> 38
<STATE> 2
<MEAN> 13
 -5.861699e+00 -8.640277e+00 9.172444e-01 -1.181669e+00 1.990509e+00 -1.277454e+00 2.207006e+00 -2.059536e+00 2.283698e+00 -2.803805e+00 1.689737e+00 -1.134733e+00 3.116169e-02
<VARIANCE> 13
 3.206759e+00 3.115331e+00 3.030197e+00 2.027081e+01 1.805545e+01 8.960219e+00 3.212501e+00 4.650579e+00 1.633389e+01 1.042354e+01 6.383549e+00 6.070034e+00 1.000000e-02
<GCONST> 4.229132e+01
<STATE> 3
<MEAN> 13
 -5.029977e+00 -8.315380e+00 1.116365e+00 -7.110141e+00 -5.547745e+00 -9.688361e-01 -1.180946e+00 -4.228664e+00 2.727053e+00 -5.304452e+00 -3.883889e+00 -2.168823e+00 6.629951e-02
<VARIANCE> 13
 7.821190e+00 4.808523e+00 6.680169e+00 5.356189e+00 6.356709e+00 3.360002e+01 1.419436e+01 6.131402e+00 2.971028e+01 2.465835e+01 1.679216e+01 1.442311e+01 2.542970e-02
<GCONST> 4.934185e+01
<STATE> 4
<MEAN> 13
 2.758959e+00 -6.127045e+00 -3.279832e+00 -1.085715e+01 -6.904501e+00 -1.027344e+01 -2.831045e+00 -4.375065e+00 -4.889814e+00 -1.006390e+01 -5.796901e+00 -4.338957e+00 4.057371e-01
<VARIANCE> 13
 3.875860e+01 2.953718e+00 1.316933e+01 3.676644e+01 1.463200e+01 1.805369e+01 1.061984e+01 8.157681e+00 3.313009e+01 1.945458e+01 5.381046e+00 1.708392e+01 3.635426e-02
<GCONST> 5.252864e+01
<STATE> 5
<MEAN> 13
 -1.986202e+00 -8.157836e+00 -1.806126e+00 -1.997043e+01 -8.680214e+00 -7.715431e+00 -6.620157e+00 -2.942663e+00 2.928087e+00 -6.419570e+00 -5.161332e+00 -1.557428e+00 5.566841e-01
<VARIANCE> 13
 4.654855e+01 2.565611e+00 1.126888e+01 5.172601e+01 1.021787e+01 1.389283e+01 2.849428e+01 1.464056e+01 2.209268e+01 4.756579e+00 1.175764e+01 3.442395e+00 1.063460e-02
<GCONST> 4.984391e+01
<STATE> 6
<MEAN> 13
 -3.989224e+00 -7.422952e+00 -4.150076e+00 -1.979493e+01 -9.270354e+00 -1.398852e+01 -4.950068e+00 -4.988132e+00 3.261026e+00 -8.878734e-01 9.890885e-01 -4.182036e-01 7.340248e-01
<VARIANCE> 13
 2.161281e+01 1.340017e+01 1.432073e+01 1.052464e+01 2.894528e+01 4.159700e+01 3.122945e+01 7.545467e+00 1.612260e+01 4.103387e+01 2.044209e+01 1.638033e+01 1.000000e-02
<GCONST> 5.483525e+01
<STATE> 7
<MEAN> 13
 -9.755681e+00 -1.016445e+01 -2.420535e+00 -2.126135e+01 -1.873620e+01 -7.073470e+00 -5.641199e+00 -5.530484e+00 8.338009e+00 4.003914e+00 2.018157e+00 3.119785e-01 8.128663e-01
<VARIANCE> 13
 1.116390e+01 8.371705e+00 2.067563e+01 9.566743e+00 8.060160e+00 4.899628e+01 2.984793e+01 8.724201e+00 6.182381e+00 1.311946e+01 1.121324e+01 3.139037e+01 1.000000e-02
<GCONST> 5.091231e+01
<STATE> 8
<MEAN> 13
 -1.225430e+01 -1.575490e+01 -7.021757e+00 -1.872834e+01 -1.583174e+01 -5.768042e+00 8.140413e+00 2.130339e+00 6.367775e+00 2.334570e+00 -1.821061e+00 -6.397162e+00 9.183972e-01
<VARIANCE> 13
 2.137020e+01 9.167280e+00 4.579247e+00 8.576858e+00 5.993288e+00 5.990139e+01 1.087214e+01 9.077497e+00 3.997250e+00 7.187173e+00 1.797935e+01 2.694497e+01 1.000000e-02
<GCONST> 4.825174e+01
<STATE> 9
<MEAN> 13
 -1.364185e+01 -1.911088e+01 -9.058801e+00 -1.686671e+01 -1.269598e+01 -3.908889e+00 1.397604e+01 3.777055e+00 2.586337e+00 -2.170886e+00 -3.898710e+00 -9.398487e+00 9.569684e-01
<VARIANCE> 13
 1.185951e+01 3.080648e+00 3.647954e+00 2.755936e+00 8.560204e+00 5.464783e+01 3.597162e+00 7.856586e+00 7.144021e+00 6.555540e+00 6.080749e+00 2.759777e+01 1.000000e-02
<GCONST> 4.365240e+01
<STATE> 10
<MEAN> 13
 -1.413485e+01 -2.247180e+01 -9.404285e+00 -1.291587e+01 -6.793908e+00 -1.974491e+00 1.516085e+01 3.708310e-01 -1.327348e+00 -5.498466e+00 -1.860381e+00 -4.623187e+00 9.681166e-01
<VARIANCE> 13
 1.262564e+01 5.567233e+00 2.247026e+00 7.176205e+00 1.007092e+01 5.020565e+01 1.130944e+01 3.974733e+00 7.739647e+00 2.205433e+01 3.235467e+00 1.925795e+01 1.000000e-02
<GCONST> 4.562357e+01
<STATE> 11
<MEAN> 13
 -1.409967e+01 -2.499187e+01 -1.215302e+01 -8.445793e+00 -3.395739e-01 -4.386971e+00 1.811395e+01 -2.490282e-01 -4.474281e+00 -8.526480e+00 2.297741e+00 -3.719057e+00 9.860516e-01
<VARIANCE> 13
 3.241021e+00 1.578493e+00 9.176313e+00 8.274345e+00 1.836092e+01 2.989620e+01 2.482229e+01 5.814363e+00 1.036909e+01 9.053524e+00 3.945040e+00 1.313496e+01 1.000000e-02
<GCONST> 4.501913e+01
<STATE> 12
<MEAN> 13
 -1.492033e+01 -2.705769e+01 -1.397032e+01 -7.116224e+00 -2.225380e-01 -2.005683e+00 1.385323e+01 -2.328930e+00 -5.641287e+00 -9.222185e+00 2.842693e+00 1.029643e+00 9.590923e-01
<VARIANCE> 13
 4.242245e+00 6.268409e+00 4.811126e+00 6.107057e+00 2.784696e+01 2.150013e+01 1.850207e+01 3.168208e+00 1.701391e+01 1.406119e+01 5.205248e+00 5.239645e+00 1.000000e-02
<GCONST> 4.519742e+01
<STATE> 13
<MEAN> 13
 -1.332465e+01 -2.567133e+01 -1.517843e+01 -1.761136e+00 2.231740e+00 5.071929e-01 1.092383e+01 -2.695129e+00 -1.458773e-01 -8.196611e+00 2.657439e+00 -9.521942e-01 9.243817e-01
<VARIANCE> 13
 1.645925e+00 3.591506e+00 6.932154e+00 1.991571e+00 1.905024e+01 1.443687e+01 1.320912e+01 4.093304e+00 2.881504e+01 1.019484e+01 7.271207e+00 6.182512e+00 1.000000e-02
<GCONST> 4.278474e+01
<STATE> 14
<MEAN> 13
 -1.394380e+01 -2.577561e+01 -1.644541e+01 -3.830874e+00 2.764441e+00 -2.936235e+00 9.391428e+00 -1.813549e+00 -1.378535e+00 -9.132478e+00 2.493084e+00 -1.342283e+00 9.278481e-01
<VARIANCE> 13
 1.387847e+00 5.139409e+00 2.588559e+00 2.908856e+00 1.746031e+01 1.644406e+01 3.096466e+01 1.650408e+01 3.037652e+01 3.675446e+00 2.985676e+00 3.819760e-01 1.000000e-02
<GCONST> 4.001390e+01
<STATE> 15
<MEAN> 13
 -1.662685e+01 -2.741537e+01 -1.862172e+01 -3.698283e+00 2.039256e+00 -3.362602e+00 5.802951e+00 -2.605820e+00 2.153601e-01 -9.714992e+00 2.819170e+00 -2.804586e+00 9.531547e-01
<VARIANCE> 13
 5.576382e+00 7.503036e+00 2.695257e+00 9.625728e-01 9.683577e+00 4.192912e+01 1.639820e+00 4.881489e+00 3.346044e+01 3.059595e+01 8.731755e+00 6.538830e+00 1.000000e-02
<GCONST> 4.303683e+01
<STATE> 16
<MEAN> 13
 -1.637587e+01 -2.452487e+01 -1.659535e+01 -2.693927e+00 2.040373e+00 -8.963870e-01 3.162654e+00 -2.784132e+00 1.897360e+00 -1.127671e+01 1.985814e-01 -2.253147e+00 9.712934e-01
<VARIANCE> 13
 5.870615e+00 1.074025e+00 5.409924e+00 2.217871e+00 1.079255e+01 5.401650e+01 1.000629e+01 7.512461e+00 3.027738e+01 1.886916e+01 5.406304e+00 1.689064e+01 1.000000e-02
<GCONST> 4.516356e+01
<STATE> 17
<MEAN> 13
 -1.334188e+01 -2.607231e+01 -1.553653e+01 -4.124853e+00 3.272751e+00 -2.622636e+00 5.297572e+00 1.855324e+00 1.545062e+00 -9.768841e+00 2.099846e+00 -1.304667e+00 9.657027e-01
<VARIANCE> 13
 1.199229e+01 3.238324e+00 1.031987e+01 3.303627e+00 2.446126e+01 2.510100e+01 1.881333e+01 7.312604e+00 1.772680e+01 3.329379e+01 2.974978e+00 1.261158e+01 1.000000e-02
<GCONST> 4.782511e+01
<STATE> 18
<MEAN> 13
 -1.000160e+01 -2.640667e+01 -1.605508e+01 -3.543075e+00 4.068689e+00 -1.578519e+00 4.295549e+00 1.110709e+00 2.810628e+00 -1.456291e+01 8.701814e-01 -2.792510e+00 9.670475e-01
<VARIANCE> 13
 1.321106e+01 6.694841e+00 1.118391e+01 7.764921e+00 1.831972e+01 3.060128e+01 2.812303e+00 4.008174e-01 1.023315e+01 4.612906e+01 1.156769e+01 1.306807e+01 1.000000e-02
<GCONST> 4.585796e+01
<STATE> 19
<MEAN> 13
 -8.322123e+00 -2.750461e+01 -1.593968e+01 -5.548244e+00 1.863561e+00 -2.070742e-01 2.130435e+00 2.483246e+00 2.915761e+00 -1.337737e+01 -4.852753e-01 -4.442293e+00 9.218604e-01
<VARIANCE> 13
 7.204893e+00 4.266107e+00 7.769697e+00 1.835384e+01 1.647223e+01 1.771539e+01 1.748218e+01 4.793927e+00 3.550673e+01 4.104829e+01 1.014015e+01 2.454188e+01 1.000000e-02
<GCONST> 5.057876e+01
<STATE> 20
<MEAN> 13
 -3.921595e+00 -2.469138e+01 -1.515795e+01 -4.889031e+00 -2.946703e+00 -4.055324e+00 -5.130594e-01 -2.689976e+00 8.025943e+00 -1.675988e+01 -1.879894e+00 -8.761866e+00 8.283371e-01
<VARIANCE> 13
 8.956899e+00 2.081945e+00 8.150048e+00 2.166203e+01 2.561324e+01 1.537918e+01 9.976205e+00 7.389764e+00 1.259593e+01 1.200203e+01 7.482263e+00 5.317846e+00 1.000000e-02
<GCONST> 4.636502e+01
<STATE> 21
<MEAN> 13
 7.310145e-01 -2.454158e+01 -8.557414e+00 -8.185726e+00 -7.517847e+00 -6.733937e+00 -3.589770e+00 -6.319484e+00 4.313188e+00 -1.351013e+01 -5.902549e+00 -7.333788e+00 7.215885e-01
<VARIANCE> 13
 6.684961e+00 1.900611e+00 6.082779e+00 5.507185e+00 1.012094e+01 9.477576e+00 4.831893e+00 1.083382e+01 1.688000e+01 8.798018e+00 4.406962e+00 1.824186e+01 1.000000e-02
<GCONST> 4.324978e+01
<STATE> 22
<MEAN> 13
 2.644504e+00 -2.661992e+01 -5.240527e+00 -7.057813e+00 -1.070796e+01 -7.241297e+00 -3.161093e+00 -7.327932e+00 1.757829e+00 -1.181597e+01 -5.160091e+00 -3.859625e+00 6.447455e-01
<VARIANCE> 13
 3.391250e+00 3.573443e+00 4.579746e+00 5.055270e+00 7.313105e+00 1.107735e+01 1.120960e+01 6.450952e+00 1.142320e+01 2.146842e+01 9.518470e+00 4.692373e+00 1.000000e-02
<GCONST> 4.290101e+01
<STATE> 23
<MEAN> 13
 4.772112e+00 -2.559055e+01 -6.810289e+00 -8.191620e+00 -1.466261e+01 -9.206200e+00 -4.073871e+00 -7.654356e+00 -1.938355e+00 -1.547099e+01 -6.908810e+00 2.502944e-01 6.730581e-01
<VARIANCE> 13
 2.595072e+00 4.671779e+00 2.116884e+00 5.308324e+00 3.791848e+00 1.005094e+01 1.474099e+01 9.560276e+00 1.357578e+01 9.717126e+00 1.050514e+01 4.194197e+00 1.000000e-02
<GCONST> 4.145812e+01
<STATE> 24
<MEAN> 13
 5.125527e+00 -2.427681e+01 -4.012746e+00 -3.798266e+00 -9.686178e+00 -6.528694e+00 -1.280991e-01 -8.695469e+00 -2.735208e+00 -1.066256e+01 -4.607428e+00 2.868525e-01 6.145835e-01
<VARIANCE> 13
 1.834521e+00 1.201966e+00 4.449590e+00 2.136305e+00 8.048554e+00 8.685854e+00 7.916366e+00 2.156716e+00 4.450758e+00 7.151258e+00 3.468702e+00 5.990685e+00 1.000000e-02
<GCONST> 3.590892e+01
<STATE> 25
<MEAN> 13
 4.410045e+00 -2.378535e+01 -4.124815e+00 -4.229131e+00 -1.096461e+01 -6.861801e+00 -4.513621e+00 -8.591948e+00 -2.535375e+00 -1.089830e+01 -5.588287e+00 -9.303761e-01 5.892575e-01
<VARIANCE> 13
 2.342963e+00 4.934359e+00 9.514709e+00 2.030432e+00 1.308807e+00 9.027550e+00 7.311958e+00 6.163351e+00 1.490511e+01 1.258754e+01 2.461939e+00 1.405688e+01 1.000000e-02
<GCONST> 3.975195e+01
<STATE> 26
<MEAN> 13
 5.224146e+00 -2.238267e+01 -6.099299e+00 -1.513509e+00 -9.682625e+00 -9.596489e+00 3.809321e-01 -4.484343e+00 -2.696906e+00 -1.248674e+01 -4.424075e+00 -2.035559e+00 5.534654e-01
<VARIANCE> 13
 1.816593e+00 3.249132e+00 3.300323e+00 6.207854e+00 1.405591e+01 1.007400e+01 6.421912e+00 1.870515e+01 1.915607e+01 1.977911e+01 4.059799e+00 2.645553e+00 1.000000e-02
<GCONST> 4.213520e+01
<STATE> 27
<MEAN> 13
 3.756545e+00 -2.326682e+01 -6.366957e+00 5.792968e-02 -6.436926e+00 -5.117752e+00 2.147393e+00 -4.723440e+00 1.426968e+00 -9.785137e+00 -6.650953e+00 -1.957039e+00 4.809859e-01
<VARIANCE> 13
 1.217692e+00 8.059382e+00 7.761943e+00 1.073142e+01 9.520961e+00 6.675772e+00 5.769970e+00 3.066208e+00 1.482584e+01 8.527432e+00 7.622177e+00 2.384620e+00 1.000000e-02
<GCONST> 4.075829e+01
<STATE> 28
<MEAN> 13
 1.814514e+00 -2.346053e+01 -8.132613e+00 1.206567e+00 -4.380774e+00 -6.945988e+00 4.014205e+00 -1.456511e+00 2.120090e+00 -8.299033e+00 -2.177797e+00 1.103523e+00 4.324006e-01
<VARIANCE> 13
 8.574058e-01 4.962224e+00 4.449447e+00 4.773633e+00 1.196326e+01 1.650865e+01 1.585522e+01 2.159780e+01 6.632168e+00 3.846179e+00 9.765516e+00 5.968601e+00 1.000000e-02
<GCONST> 4.221733e+01
<STATE> 29
<MEAN> 13
 -6.277263e-01 -2.625915e+01 -1.019360e+01 -3.641690e-01 -3.867494e+00 -6.181951e+00 2.879101e+00 -3.198050e+00 -9.508358e-01 -9.848279e+00 -2.751616e+00 1.034322e+00 4.017243e-01
<VARIANCE> 13
 2.418993e+00 6.545247e+00 1.136166e+01 3.619564e+00 6.748891e+00 4.977259e+00 1.713949e+01 2.496482e+01 3.965889e+00 1.950278e+00 1.468106e+01 6.568115e+00 1.000000e-02
<GCONST> 4.195351e+01
<STATE> 30
<MEAN> 13
 1.680638e-01 -2.422007e+01 -8.380774e+00 1.895296e+00 -2.921839e+00 -5.404333e+00 4.660601e+00 -2.648395e+00 -3.124967e+00 -8.266832e+00 -5.815564e-01 1.080926e+00 3.493481e-01
<VARIANCE> 13
 2.636391e+00 7.743055e+00 3.804529e+00 1.242328e+01 1.884006e+01 5.543563e+00 4.910360e+00 2.818991e+01 4.840826e+00 4.314696e+00 1.675272e+01 1.754207e+01 1.000000e-02
<GCONST> 4.446041e+01
<STATE> 31
<MEAN> 13
 -7.207700e-01 -2.416234e+01 -9.309872e+00 1.648519e+00 -1.982626e+00 -6.471724e+00 6.245019e+00 1.616629e-01 -7.684686e-01 -8.595220e+00 -2.510324e+00 1.533413e+00 3.413543e-01
<VARIANCE> 13
 1.513480e+00 7.621133e-01 9.380105e+00 4.657487e+00 3.708529e+00 4.744061e+00 1.667830e+01 2.083200e+01 7.974738e+00 9.810687e+00 3.207061e+00 8.237210e+00 1.000000e-02
<GCONST> 3.955895e+01
<STATE> 32
<MEAN> 13
 -1.679682e+00 -2.351668e+01 -8.877401e+00 1.304461e+00 7.086537e-01 -5.249903e+00 4.941519e+00 8.666080e-01 -7.636281e-01 -1.070474e+01 -2.473761e+00 1.085615e+00 3.060817e-01
<VARIANCE> 13
 6.725973e-01 2.189394e+00 4.643116e+00 7.455069e+00 6.765582e+00 1.327173e+00 6.807039e+00 1.072953e+01 1.061122e+01 2.873692e+00 6.110104e+00 1.388698e+01 1.000000e-02
<GCONST> 3.756279e+01
<STATE> 33
<MEAN> 13
 -1.294509e+00 -1.939078e+01 -6.421356e+00 1.477569e+00 -8.920624e-01 -6.989000e+00 2.964782e+00 -8.735208e-01 -2.279799e+00 -7.762742e+00 -3.178449e-01 -5.661662e-01 2.516394e-01
<VARIANCE> 13
 2.601743e+00 5.969636e+00 5.870695e+00 1.108629e+01 7.104233e+00 7.525950e+00 1.616973e+01 2.817550e+01 1.790615e+01 3.805223e+00 1.374486e+00 2.157475e+00 1.000000e-02
<GCONST> 4.161496e+01
<STATE> 34
<MEAN> 13
 -3.293697e+00 -2.134745e+01 -6.762997e+00 3.372410e+00 2.223506e+00 -6.500810e+00 2.024728e+00 -2.581733e+00 -1.154210e+00 -8.323273e+00 -4.209713e-01 2.112951e+00 2.071018e-01
<VARIANCE> 13
 1.159643e+00 3.002358e+00 3.704485e+00 3.968479e+00 9.709490e+00 6.575324e+00 3.082261e+00 3.263277e+00 1.499215e+01 1.281082e+01 3.899365e+00 5.650278e+00 1.000000e-02
<GCONST> 3.803782e+01
<STATE> 35
<MEAN> 13
 -2.927978e+00 -1.691035e+01 -4.713423e+00 1.273902e+00 2.224343e+00 -5.663216e+00 3.533933e+00 -1.721596e+00 -2.681778e-01 -6.279422e+00 2.921316e+00 1.745449e+00 1.707223e-01
<VARIANCE> 13
 4.289628e+00 6.307076e+00 2.455477e+00 3.398234e+00 8.577774e+00 8.247888e+00 1.987481e+00 2.203612e+00 3.839204e+00 9.775371e+00 2.962225e+00 1.667710e+01 1.000000e-02
<GCONST> 3.796788e+01
<STATE> 36
<MEAN> 13
 -4.869955e+00 -1.276043e+01 -3.908645e+00 -1.024271e+00 1.468137e+00 -3.736604e+00 3.652888e+00 5.357286e-02 -4.630367e-02 -6.141363e+00 5.922994e-01 -1.708540e+00 6.002359e-02
<VARIANCE> 13
 2.421799e+00 1.871266e+00 7.504214e+00 2.242650e+00 7.080670e+00 7.887446e+00 2.326172e+00 7.023916e+00 1.441864e+01 7.269539e+00 1.040384e+01 5.816660e+00 1.000000e-02
<GCONST> 3.919278e+01
<STATE> 37
<MEAN> 13
 -6.515334e+00 -1.342919e+01 -2.457572e+00 -9.549534e-01 3.756501e+00 -3.931759e+00 8.541726e-01 -1.227458e+00 1.223137e+00 -4.665259e+00 7.237777e-01 7.438726e-01 1.611999e-02
<VARIANCE> 13
 8.472820e-01 1.744588e+00 3.695299e+00 1.058656e+00 1.601593e+00 1.257905e+01 1.101825e+01 3.692065e+00 2.209516e+01 5.807041e+00 3.693096e+00 3.657747e+00 1.000000e-02
<GCONST> 3.520861e+01
<TRANSP> 38
 0.000000e+00 1.000000e+00 0.000000e+00 0.000000e+00 0.000000e+00 0.000000e+00 0.000000e+00 0.000000e+00 0.000000e+00 0.000000e+00 0.000000e+00 0.000000e+00 0.000000e+00 0.000000e+00 0.000000e+00 0.000000e+00 0.000000e+00 0.000000e+00 0.000000e+00 0.000000e+00 0.000000e+00 0.000000e+00 0.000000e+00 0.000000e+00 0.000000e+00 0.000000e+00 0.000000e+00 0.000000e+00 0.000000e+00 0.000000e+00 0.000000e+00 0.000000e+00 0.000000e+00 0.000000e+00 0.000000e+00 0.000000e+00 0.000000e+00 0.000000e+00
 0.000000e+00 5.833333e-01 4.166667e-01 0.000000e+00 0.000000e+00 0.000000e+00 0.000000e+00 0.000000e+00 0.000000e+00 0.000000e+00 0.000000e+00 0.000000e+00 0.000000e+00 0.000000e+00 0.000000e+00 0.000000e+00 0.000000e+00 0.000000e+00 0.000000e+00 0.000000e+00 0.000000e+00 0.000000e+00 0.000000e+00 0.000000e+00 0.000000e+00 0.000000e+00 0.000000e+00 0.000000e+00 0.000000e+00 0.000000e+00 0.000000e+00 0.000000e+00 0.000000e+00 0.000000e+00 0.000000e+00 0.000000e+00 0.000000e+00 0.000000e+00
 0.000000e+00 0.000000e+00 3.750000e-01 6.250000e-01 0.000000e+00 0.000000e+00 0.000000e+00 0.000000e+00 0.000000e+00 0.000000e+00 0.000000e+00 0.000000e+00 0.000000e+00 0.000000e+00 0.000000e+00 0.000000e+00 0.000000e+00 0.000000e+00 0.000000e+00 0.000000e+00 0.000000e+00 0.000000e+00 0.000000e+00 0.000000e+00 0.000000e+00 0.000000e+00 0.000000e+00 0.000000e+00 0.000000e+00 0.000000e+00 0.000000e+00 0.000000e+00 0.000000e+00 0.000000e+00 0.000000e+00 0.000000e+00 0.000000e+00 0.000000e+00
 0.000000e+00 0.000000e+00 0.000000e+00 2.857143e-01 7.142857e-01 0.000000e+00 0.000000e+00 0.000000e+00 0.000000e+00 0.000000e+00 0.000000e+00 0.000000e+00 0.000000e+00 0.000000e+00 0.000000e+00 0.000000e+00 0.000000e+00 0.000000e+00 0.000000e+00 0.000000e+00 0.000000e+00 0.000000e+00 0.000000e+00 0.000000e+00 0.000000e+00 0.000000e+00 0.000000e+00 0.000000e+00 0.000000e+00 0.000000e+00 0.000000e+00 0.000000e+00 0.000000e+00 0.000000e+00 0.000000e+00 0.000000e+00 0.000000e+00 0.000000e+00
 0.000000e+00 0.000000e+00 0.000000e+00 0.000000e+00 2.857143e-01 7.142857e-01 0.000000e+00 0.000000e+00 0.000000e+00 0.000000e+00 0.000000e+00 0.000000e+00 0.000000e+00 0.000000e+00 0.000000e+00 0.000000e+00 0.000000e+00 0.000000e+00 0.000000e+00 0.000000e+00 0.000000e+00 0.000000e+00 0.000000e+00 0.000000e+00 0.000000e+00 0.000000e+00 0.000000e+00 0.000000e+00 0.000000e+00 0.000000e+00 0.000000e+00 0.000000e+00 0.000000e+00 0.000000e+00 0.000000e+00 0.000000e+00 0.000000e+00 0.000000e+00
 0.000000e+00 0.000000e+00 0.000000e+00 0.000000e+00 0.000000e+00 2.857143e-01 7.142857e-01 0.000000e+00 0.000000e+00 0.000000e+00 0.000000e+00 0.000000e+00 0.000000e+00 0.000000e+00 0.000000e+00 0.000000e+00 0.000000e+00 0.000000e+00 0.000000e+00 0.000000e+00 0.000000e+00 0.000000e+00 0.000000e+00 0.000000e+00 0.000000e+00 0.000000e+00 0.000000e+00 0.000000e+00 0.000000e+00 0.000000e+00 0.000000e+00 0.000000e+00 0.000000e+00 0.000000e+00 0.000000e+00 0.000000e+00 0.000000e+00 0.000000e+00
 0.000000e+00 0.000000e+00 0.000000e+00 0.000000e+00 0.000000e+00 0.000000e+00 5.454546e-01 4.545455e-01 0.000000e+00 0.000000e+00 0.000000e+00 0.000000e+00 0.000000e+00 0.000000e+00 0.000000e+00 0.000000e+00 0.000000e+00 0.000000e+00 0.000000e+00 0.000000e+00 0.000000e+00 0.000000e+00 0.000000e+00 0.000000e+00 0.000000e+00 0.000000e+00 0.000000e+00 0.000000e+00 0.000000e+00 0.000000e+00 0.000000e+00 0.000000e+00 0.000000e+00 0.000000e+00 0.000000e+00 0.000000e+00 0.000000e+00 0.000000e+00
 0.000000e+00 0.000000e+00 0.000000e+00 0.000000e+00 0.000000e+00 0.000000e+00 0.000000e+00 2.857143e-01 7.142857e-01 0.000000e+00 0.000000e+00 0.000000e+00 0.000000e+00 0.000000e+00 0.000000e+00 0.000000e+00 0.000000e+00 0.000000e+00 0.000000e+00 0.000000e+00 0.000000e+00 0.000000e+00 0.000000e+00 0.000000e+00 0.000000e+00 0.000000e+00 0.000000e+00 0.000000e+00 0.000000e+00 0.000000e+00 0.000000e+00 0.000000e+00 0.000000e+00 0.000000e+00 0.000000e+00 0.000000e+00 0.000000e+00 0.000000e+00
 0.000000e+00 0.000000e+00 0.000000e+00 0.000000e+00 0.000000e+00 0.000000e+00 0.000000e+00 0.000000e+00 2.857143e-01 7.142857e-01 0.000000e+00 0.000000e+00 0.000000e+00 0.000000e+00 0.000000e+00 0.000000e+00 0.000000e+00 0.000000e+00 0.000000e+00 0.000000e+00 0.000000e+00 0.000000e+00 0.000000e+00 0.000000e+00 0.000000e+00 0.000000e+00 0.000000e+00 0.000000e+00 0.000000e+00 0.000000e+00 0.000000e+00 0.000000e+00 0.000000e+00 0.000000e+00 0.000000e+00 0.000000e+00 0.000000e+00 0.000000e+00
 0.000000e+00 0.000000e+00 0.000000e+00 0.000000e+00 0.000000e+00 0.000000e+00 0.000000e+00 0.000000e+00 0.000000e+00 3.750000e-01 6.250000e-01 0.000000e+00 0.000000e+00 0.000000e+00 0.000000e+00 0.000000e+00 0.000000e+00 0.000000e+00 0.000000e+00 0.000000e+00 0.000000e+00 0.000000e+00 0.000000e+00 0.000000e+00 0.000000e+00 0.000000e+00 0.000000e+00 0.000000e+00 0.000000e+00 0.000000e+00 0.000000e+00 0.000000e+00 0.000000e+00 0.000000e+00 0.000000e+00 0.000000e+00 0.000000e+00 0.000000e+00
 0.000000e+00 0.000000e+00 0.000000e+00 0.000000e+00 0.000000e+00 0.000000e+00 0.000000e+00 0.000000e+00 0.000000e+00 0.000000e+00 3.750000e-01 6.250000e-01 0.000000e+00 0.000000e+00 0.000000e+00 0.000000e+00 0.000000e+00 0.000000e+00 0.000000e+00 0.000000e+00 0.000000e+00 0.000000e+00 0.000000e+00 0.000000e+00 0.000000e+00 0.000000e+00 0.000000e+00 0.000000e+00 0.000000e+00 0.000000e+00 0.000000e+00 0.000000e+00 0.000000e+00 0.000000e+00 0.000000e+00 0.000000e+00 0.000000e+00 0.000000e+00
 0.000000e+00 0.000000e+00 0.000000e+00 0.000000e+00 0.000000e+00 0.000000e+00 0.000000e+00 0.000000e+00 0.000000e+00 0.000000e+00 0.000000e+00 4.444444e-01 5.555556e-01 0.000000e+00 0.000000e+00 0.000000e+00 0.000000e+00 0.000000e+00 0.000000e+00 0.000000e+00 0.000000e+00 0.000000e+00 0.000000e+00 0.000000e+00 0.000000e+00 0.000000e+00 0.000000e+00 0.000000e+00 0.000000e+00 0.000000e+00 0.000000e+00 0.000000e+00 0.000000e+00 0.000000e+00 0.000000e+00 0.000000e+00 0.000000e+00 0.000000e+00
 0.000000e+00 0.000000e+00 0.000000e+00 0.000000e+00 0.000000e+00 0.000000e+00 0.000000e+00 0.000000e+00 0.000000e+00 0.000000e+00 0.000000e+00 0.000000e+00 4.444444e-01 5.555556e-01 0.000000e+00 0.000000e+00 0.000000e+00 0.000000e+00 0.000000e+00 0.000000e+00 0.000000e+00 0.000000e+00 0.000000e+00 0.000000e+00 0.000000e+00 0.000000e+00 0.000000e+00 0.000000e+00 0.000000e+00 0.000000e+00 0.000000e+00 0.000000e+00 0.000000e+00 0.000000e+00 0.000000e+00 0.000000e+00 0.000000e+00 0.000000e+00
 0.000000e+00 0.000000e+00 0.000000e+00 0.000000e+00 0.000000e+00 0.000000e+00 0.000000e+00 0.000000e+00 0.000000e+00 0.000000e+00 0.000000e+00 0.000000e+00 0.000000e+00 3.750000e-01 6.250000e-01 0.000000e+00 0.000000e+00 0.000000e+00 0.000000e+00 0.000000e+00 0.000000e+00 0.000000e+00 0.000000e+00 0.000000e+00 0.000000e+00 0.000000e+00 0.000000e+00 0.000000e+00 0.000000e+00 0.000000e+00 0.000000e+00 0.000000e+00 0.000000e+00 0.000000e+00 0.000000e+00 0.000000e+00 0.000000e+00 0.000000e+00
 0.000000e+00 0.000000e+00 0.000000e+00 0.000000e+00 0.000000e+00 0.000000e+00 0.000000e+00 0.000000e+00 0.000000e+00 0.000000e+00 0.000000e+00 0.000000e+00 0.000000e+00 0.000000e+00 2.857143e-01 7.142857e-01 0.000000e+00 0.000000e+00 0.000000e+00 0.000000e+00 0.000000e+00 0.000000e+00 0.000000e+00 0.000000e+00 0.000000e+00 0.000000e+00 0.000000e+00 0.000000e+00 0.000000e+00 0.000000e+00 0.000000e+00 0.000000e+00 0.000000e+00 0.000000e+00 0.000000e+00 0.000000e+00 0.000000e+00 0.000000e+00
 0.000000e+00 0.000000e+00 0.000000e+00 0.000000e+00 0.000000e+00 0.000000e+00 0.000000e+00 0.000000e+00 0.000000e+00 0.000000e+00 0.000000e+00 0.000000e+00 0.000000e+00 0.000000e+00 0.000000e+00 5.833333e-01 4.166667e-01 0.000000e+00 0.000000e+00 0.000000e+00 0.000000e+00 0.000000e+00 0.000000e+00 0.000000e+00 0.000000e+00 0.000000e+00 0.000000e+00 0.000000e+00 0.000000e+00 0.000000e+00 0.000000e+00 0.000000e+00 0.000000e+00 0.000000e+00 0.000000e+00 0.000000e+00 0.000000e+00 0.000000e+00
 0.000000e+00 0.000000e+00 0.000000e+00 0.000000e+00 0.000000e+00 0.000000e+00 0.000000e+00 0.000000e+00 0.000000e+00 0.000000e+00 0.000000e+00 0.000000e+00 0.000000e+00 0.000000e+00 0.000000e+00 0.000000e+00 2.857143e-01 7.142857e-01 0.000000e+00 0.000000e+00 0.000000e+00 0.000000e+00 0.000000e+00 0.000000e+00 0.000000e+00 0.000000e+00 0.000000e+00 0.000000e+00 0.000000e+00 0.000000e+00 0.000000e+00 0.000000e+00 0.000000e+00 0.000000e+00 0.000000e+00 0.000000e+00 0.000000e+00 0.000000e+00
 0.000000e+00 0.000000e+00 0.000000e+00 0.000000e+00 0.000000e+00 0.000000e+00 0.000000e+00 0.000000e+00 0.000000e+00 0.000000e+00 0.000000e+00 0.000000e+00 0.000000e+00 0.000000e+00 0.000000e+00 0.000000e+00 0.000000e+00 1.666667e-01 8.333333e-01 0.000000e+00 0.000000e+00 0.000000e+00 0.000000e+00 0.000000e+00 0.000000e+00 0.000000e+00 0.000000e+00 0.000000e+00 0.000000e+00 0.000000e+00 0.000000e+00 0.000000e+00 0.000000e+00 0.000000e+00 0.000000e+00 0.000000e+00 0.000000e+00 0.000000e+00
 0.000000e+00 0.000000e+00 0.000000e+00 0.000000e+00 0.000000e+00 0.000000e+00 0.000000e+00 0.000000e+00 0.000000e+00 0.000000e+00 0.000000e+00 0.000000e+00 0.000000e+00 0.000000e+00 0.000000e+00 0.000000e+00 0.000000e+00 0.000000e+00 4.444444e-01 5.555556e-01 0.000000e+00 0.000000e+00 0.000000e+00 0.000000e+00 0.000000e+00 0.000000e+00 0.000000e+00 0.000000e+00 0.000000e+00 0.000000e+00 0.000000e+00 0.000000e+00 0.000000e+00 0.000000e+00 0.000000e+00 0.000000e+00 0.000000e+00 0.000000e+00
 0.000000e+00 0.000000e+00 0.000000e+00 0.000000e+00 0.000000e+00 0.000000e+00 0.000000e+00 0.000000e+00 0.000000e+00 0.000000e+00 0.000000e+00 0.000000e+00 0.000000e+00 0.000000e+00 0.000000e+00 0.000000e+00 0.000000e+00 0.000000e+00 0.000000e+00 2.857143e-01 7.142857e-01 0.000000e+00 0.000000e+00 0.000000e+00 0.000000e+00 0.000000e+00 0.000000e+00 0.000000e+00 0.000000e+00 0.000000e+00 0.000000e+00 0.000000e+00 0.000000e+00 0.000000e+00 0.000000e+00 0.000000e+00 0.000000e+00 0.000000e+00
 0.000000e+00 0.000000e+00 0.000000e+00 0.000000e+00 0.000000e+00 0.000000e+00 0.000000e+00 0.000000e+00 0.000000e+00 0.000000e+00 0.000000e+00 0.000000e+00 0.000000e+00 0.000000e+00 0.000000e+00 0.000000e+00 0.000000e+00 0.000000e+00 0.000000e+00 0.000000e+00 2.857143e-01 7.142857e-01 0.000000e+00 0.000000e+00 0.000000e+00 0.000000e+00 0.000000e+00 0.000000e+00 0.000000e+00 0.000000e+00 0.000000e+00 0.000000e+00 0.000000e+00 0.000000e+00 0.000000e+00 0.000000e+00 0.000000e+00 0.000000e+00
 0.000000e+00 0.000000e+00 0.000000e+00 0.000000e+00 0.000000e+00 0.000000e+00 0.000000e+00 0.000000e+00 0.000000e+00 0.000000e+00 0.000000e+00 0.000000e+00 0.000000e+00 0.000000e+00 0.000000e+00 0.000000e+00 0.000000e+00 0.000000e+00 0.000000e+00 0.000000e+00 0.000000e+00 4.444444e-01 5.555556e-01 0.000000e+00 0.000000e+00 0.000000e+00 0.000000e+00 0.000000e+00 0.000000e+00 0.000000e+00 0.000000e+00 0.000000e+00 0.000000e+00 0.000000e+00 0.000000e+00 0.000000e+00 0.000000e+00 0.000000e+00
 0.000000e+00 0.000000e+00 0.000000e+00 0.000000e+00 0.000000e+00 0.000000e+00 0.000000e+00 0.000000e+00 0.000000e+00 0.000000e+00 0.000000e+00 0.000000e+00 0.000000e+00 0.000000e+00 0.000000e+00 0.000000e+00 0.000000e+00 0.000000e+00 0.000000e+00 0.000000e+00 0.000000e+00 0.000000e+00 5.454546e-01 4.545455e-01 0.000000e+00 0.000000e+00 0.000000e+00 0.000000e+00 0.000000e+00 0.000000e+00 0.000000e+00 0.000000e+00 0.000000e+00 0.000000e+00 0.000000e+00 0.000000e+00 0.000000e+00 0.000000e+00
 0.000000e+00 0.000000e+00 0.000000e+00 0.000000e+00 0.000000e+00 0.000000e+00 0.000000e+00 0.000000e+00 0.000000e+00 0.000000e+00 0.000000e+00 0.000000e+00 0.000000e+00 0.000000e+00 0.000000e+00 0.000000e+00 0.000000e+00 0.000000e+00 0.000000e+00 0.000000e+00 0.000000e+00 0.000000e+00 0.000000e+00 1.666667e-01 8.333333e-01 0.000000e+00 0.000000e+00 0.000000e+00 0.000000e+00 0.000000e+00 0.000000e+00 0.000000e+00 0.000000e+00 0.000000e+00 0.000000e+00 0.000000e+00 0.000000e+00 0.000000e+00
 0.000000e+00 0.000000e+00 0.000000e+00 0.000000e+00 0.000000e+00 0.000000e+00 0.000000e+00 0.000000e+00 0.000000e+00 0.000000e+00 0.000000e+00 0.000000e+00 0.000000e+00 0.000000e+00 0.000000e+00 0.000000e+00 0.000000e+00 0.000000e+00 0.000000e+00 0.000000e+00 0.000000e+00 0.000000e+00 0.000000e+00 0.000000e+00 3.750000e-01 6.250000e-01 0.000000e+00 0.000000e+00 0.000000e+00 0.000000e+00 0.000000e+00 0.000000e+00 0.000000e+00 0.000000e+00 0.000000e+00 0.000000e+00 0.000000e+00 0.000000e+00
 0.000000e+00 0.000000e+00 0.000000e+00 0.000000e+00 0.000000e+00 0.000000e+00 0.000000e+00 0.000000e+00 0.000000e+00 0.000000e+00 0.000000e+00 0.000000e+00 0.000000e+00 0.000000e+00 0.000000e+00 0.000000e+00 0.000000e+00 0.000000e+00 0.000000e+00 0.000000e+00 0.000000e+00 0.000000e+00 0.000000e+00 0.000000e+00 0.000000e+00 5.000000e-01 5.000000e-01 0.000000e+00 0.000000e+00 0.000000e+00 0.000000e+00 0.000000e+00 0.000000e+00 0.000000e+00 0.000000e+00 0.000000e+00 0.000000e+00 0.000000e+00
 0.000000e+00 0.000000e+00 0.000000e+00 0.000000e+00 0.000000e+00 0.000000e+00 0.000000e+00 0.000000e+00 0.000000e+00 0.000000e+00 0.000000e+00 0.000000e+00 0.000000e+00 0.000000e+00 0.000000e+00 0.000000e+00 0.000000e+00 0.000000e+00 0.000000e+00 0.000000e+00 0.000000e+00 0.000000e+00 0.000000e+00 0.000000e+00 0.000000e+00 0.000000e+00 2.857143e-01 7.142857e-01 0.000000e+00 0.000000e+00 0.000000e+00 0.000000e+00 0.000000e+00 0.000000e+00 0.000000e+00 0.000000e+00 0.000000e+00 0.000000e+00
 0.000000e+00 0.000000e+00 0.000000e+00 0.000000e+00 0.000000e+00 0.000000e+00 0.000000e+00 0.000000e+00 0.000000e+00 0.000000e+00 0.000000e+00 0.000000e+00 0.000000e+00 0.000000e+00 0.000000e+00 0.000000e+00 0.000000e+00 0.000000e+00 0.000000e+00 0.000000e+00 0.000000e+00 0.000000e+00 0.000000e+00 0.000000e+00 0.000000e+00 0.000000e+00 0.000000e+00 3.750000e-01 6.250000e-01 0.000000e+00 0.000000e+00 0.000000e+00 0.000000e+00 0.000000e+00 0.000000e+00 0.000000e+00 0.000000e+00 0.000000e+00
 0.000000e+00 0.000000e+00 0.000000e+00 0.000000e+00 0.000000e+00 0.000000e+00 0.000000e+00 0.000000e+00 0.000000e+00 0.000000e+00 0.000000e+00 0.000000e+00 0.000000e+00 0.000000e+00 0.000000e+00 0.000000e+00 0.000000e+00 0.000000e+00 0.000000e+00 0.000000e+00 0.000000e+00 0.000000e+00 0.000000e+00 0.000000e+00 0.000000e+00 0.000000e+00 0.000000e+00 0.000000e+00 2.857143e-01 7.142857e-01 0.000000e+00 0.000000e+00 0.000000e+00 0.000000e+00 0.000000e+00 0.000000e+00 0.000000e+00 0.000000e+00
 0.000000e+00 0.000000e+00 0.000000e+00 0.000000e+00 0.000000e+00 0.000000e+00 0.000000e+00 0.000000e+00 0.000000e+00 0.000000e+00 0.000000e+00 0.000000e+00 0.000000e+00 0.000000e+00 0.000000e+00 0.000000e+00 0.000000e+00 0.000000e+00 0.000000e+00 0.000000e+00 0.000000e+00 0.000000e+00 0.000000e+00 0.000000e+00 0.000000e+00 0.000000e+00 0.000000e+00 0.000000e+00 0.000000e+00 3.750000e-01 6.250000e-01 0.000000e+00 0.000000e+00 0.000000e+00 0.000000e+00 0.000000e+00 0.000000e+00 0.000000e+00
 0.000000e+00 0.000000e+00 0.000000e+00 0.000000e+00 0.000000e+00 0.000000e+00 0.000000e+00 0.000000e+00 0.000000e+00 0.000000e+00 0.000000e+00 0.000000e+00 0.000000e+00 0.000000e+00 0.000000e+00 0.000000e+00 0.000000e+00 0.000000e+00 0.000000e+00 0.000000e+00 0.000000e+00 0.000000e+00 0.000000e+00 0.000000e+00 0.000000e+00 0.000000e+00 0.000000e+00 0.000000e+00 0.000000e+00 0.000000e+00 3.750000e-01 6.250000e-01 0.000000e+00 0.000000e+00 0.000000e+00 0.000000e+00 0.000000e+00 0.000000e+00
 0.000000e+00 0.000000e+00 0.000000e+00 0.000000e+00 0.000000e+00 0.000000e+00 0.000000e+00 0.000000e+00 0.000000e+00 0.000000e+00 0.000000e+00 0.000000e+00 0.000000e+00 0.000000e+00 0.000000e+00 0.000000e+00 0.000000e+00 0.000000e+00 0.000000e+00 0.000000e+00 0.000000e+00 0.000000e+00 0.000000e+00 0.000000e+00 0.000000e+00 0.000000e+00 0.000000e+00 0.000000e+00 0.000000e+00 0.000000e+00 0.000000e+00 3.750000e-01 6.250000e-01 0.000000e+00 0.000000e+00 0.000000e+00 0.000000e+00 0.000000e+00
 0.000000e+00 0.000000e+00 0.000000e+00 0.000000e+00 0.000000e+00 0.000000e+00 0.000000e+00 0.000000e+00 0.000000e+00 0.000000e+00 0.000000e+00 0.000000e+00 0.000000e+00 0.000000e+00 0.000000e+00 0.000000e+00 0.000000e+00 0.000000e+00 0.000000e+00 0.000000e+00 0.000000e+00 0.000000e+00 0.000000e+00 0.000000e+00 0.000000e+00 0.000000e+00 0.000000e+00 0.000000e+00 0.000000e+00 0.000000e+00 0.000000e+00 0.000000e+00 4.444444e-01 5.555556e-01 0.000000e+00 0.000000e+00 0.000000e+00 0.000000e+00
 0.000000e+00 0.000000e+00 0.000000e+00 0.000000e+00 0.000000e+00 0.000000e+00 0.000000e+00 0.000000e+00 0.000000e+00 0.000000e+00 0.000000e+00 0.000000e+00 0.000000e+00 0.000000e+00 0.000000e+00 0.000000e+00 0.000000e+00 0.000000e+00 0.000000e+00 0.000000e+00 0.000000e+00 0.000000e+00 0.000000e+00 0.000000e+00 0.000000e+00 0.000000e+00 0.000000e+00 0.000000e+00 0.000000e+00 0.000000e+00 0.000000e+00 0.000000e+00 0.000000e+00 3.750000e-01 6.250000e-01 0.000000e+00 0.000000e+00 0.000000e+00
 0.000000e+00 0.000000e+00 0.000000e+00 0.000000e+00 0.000000e+00 0.000000e+00 0.000000e+00 0.000000e+00 0.000000e+00 0.000000e+00 0.000000e+00 0.000000e+00 0.000000e+00 0.000000e+00 0.000000e+00 0.000000e+00 0.000000e+00 0.000000e+00 0.000000e+00 0.000000e+00 0.000000e+00 0.000000e+00 0.000000e+00 0.000000e+00 0.000000e+00 0.000000e+00 0.000000e+00 0.000000e+00 0.000000e+00 0.000000e+00 0.000000e+00 0.000000e+00 0.000000e+00 0.000000e+00 2.857143e-01 7.142857e-01 0.000000e+00 0.000000e+00
 0.000000e+00 0.000000e+00 0.000000e+00 0.000000e+00 0.000000e+00 0.000000e+00 0.000000e+00 0.000000e+00 0.000000e+00 0.000000e+00 0.000000e+00 0.000000e+00 0.000000e+00 0.000000e+00 0.000000e+00 0.000000e+00 0.000000e+00 0.000000e+00 0.000000e+00 0.000000e+00 0.000000e+00 0.000000e+00 0.000000e+00 0.000000e+00 0.000000e+00 0.000000e+00 0.000000e+00 0.000000e+00 0.000000e+00 0.000000e+00 0.000000e+00 0.000000e+00 0.000000e+00 0.000000e+00 0.000000e+00 3.750000e-01 6.250000e-01 0.000000e+00
 0.000000e+00 0.000000e+00 0.000000e+00 0.000000e+00 0.000000e+00 0.000000e+00 0.000000e+00 0.000000e+00 0.000000e+00 0.000000e+00 0.000000e+00 0.000000e+00 0.000000e+00 0.000000e+00 0.000000e+00 0.000000e+00 0.000000e+00 0.000000e+00 0.000000e+00 0.000000e+00 0.000000e+00 0.000000e+00 0.000000e+00 0.000000e+00 0.000000e+00 0.000000e+00 0.000000e+00 0.000000e+00 0.000000e+00 0.000000e+00 0.000000e+00 0.000000e+00 0.000000e+00 0.000000e+00 0.000000e+00 0.000000e+00 1.666667e-01 8.333333e-01
 0.000000e+00 0.000000e+00 0.000000e+00 0.000000e+00 0.000000e+00 0.000000e+00 0.000000e+00 0.000000e+00 0.000000e+00 0.000000e+00 0.000000e+00 0.000000e+00 0.000000e+00 0.000000e+00 0.000000e+00 0.000000e+00 0.000000e+00 0.000000e+00 0.000000e+00 0.000000e+00 0.000000e+00 0.000000e+00 0.000000e+00 0.000000e+00 0.000000e+00 0.000000e+00 0.000000e+00 0.000000e+00 0.000000e+00 0.000000e+00 0.000000e+00 0.000000e+00 0.000000e+00 0.000000e+00 0.000000e+00 0.000000e+00 0.000000e+00 0.000000e+00
<ENDHMM>
