~o
<STREAMINFO> 1 26
<VECSIZE> 26<NULLD><MFCC_E_D><DIAGC>
~h "Gio*"
<BEGINHMM>
<NUMSTATES> 39
<STATE> 2
<MEAN> 26
 -8.186025e+00 -1.138856e+01 -5.688433e-01 -1.590510e+00 3.306190e+00 8.781016e-03 2.611748e+00 9.168098e-01 4.367614e+00 -2.374217e+00 3.396234e+00 -5.674343e-01 -5.236177e-02 -8.532616e-02 1.328640e-01 -5.526297e-01 -8.448098e-01 1.182941e-01 -7.704490e-02 -8.932771e-03 4.333980e-01 -5.497621e-01 -2.688642e-01 -4.559776e-01 -8.648906e-01 7.856370e-03
<VARIANCE> 26
 1.150805e+00 3.027151e+00 6.076530e+00 1.345777e+01 6.729338e+00 7.151440e+00 3.255182e+00 3.610101e+00 1.059328e+01 1.285484e+01 2.234255e+01 1.529316e+01 1.000000e-02 7.650427e-01 1.041444e+00 9.018189e-01 1.123763e+00 1.302208e+00 1.001976e+00 4.289925e-01 8.526963e-01 2.619571e+00 1.981081e+00 1.079155e+00 1.612831e+00 1.000000e-02
<GCONST> 6.255946e+01
<STATE> 3
<MEAN> 26
 -6.874014e+00 -8.251716e+00 -1.800760e+00 -6.784332e+00 2.455023e-01 -4.752410e+00 7.983446e-01 -1.890438e+00 -1.240588e+00 -4.839445e+00 6.761769e-01 -2.358305e+00 1.790857e-02 1.614911e+00 2.064094e+00 -1.684032e-01 -3.423704e+00 -9.639894e-01 -2.175704e+00 -1.861297e+00 -1.045797e+00 -2.010184e+00 -1.638465e+00 -1.916348e+00 -1.015900e+00 1.057692e-01
<VARIANCE> 26
 6.259980e+00 7.108103e+00 9.704033e+00 2.454641e+01 2.723431e+01 9.822205e+00 1.273068e+01 1.056795e+01 1.956872e+01 1.845436e+01 1.374934e+01 3.689028e+00 1.135071e-02 1.250720e+00 4.109507e-01 1.229513e+00 3.117576e+00 2.534478e+00 1.690891e+00 1.553198e+00 4.491679e-01 1.203030e+00 9.204617e-01 2.209914e+00 8.764980e-01 1.000000e-02
<GCONST> 7.081263e+01
<STATE> 4
<MEAN> 26
 -3.885534e+00 -3.543014e+00 2.367543e-01 -1.506886e+01 2.050177e+00 -8.960060e+00 -4.817914e+00 -3.065415e+00 -3.558544e+00 -8.487866e+00 -3.907008e+00 -3.500024e+00 3.211263e-01 2.177614e+00 9.810447e-01 8.569201e-03 -3.759483e+00 -5.335471e-01 -1.859849e+00 -2.789976e+00 -4.625160e-01 -1.298003e+00 -1.016071e+00 -1.999120e+00 -8.186271e-01 1.506646e-01
<VARIANCE> 26
 8.915648e+00 3.247663e+00 4.985090e+00 9.471964e+01 6.859339e+01 3.321944e+01 3.974635e+01 3.215051e+00 1.552762e+01 3.848667e+00 1.721365e+01 1.457254e+00 1.073482e-02 3.912781e+00 5.352536e-01 2.112039e+00 3.147944e+00 2.606462e+00 4.436445e+00 1.010376e+00 2.046190e+00 8.344595e+00 6.017258e+00 2.540141e+00 1.609998e+00 1.000000e-02
<GCONST> 7.919527e+01
<STATE> 5
<MEAN> 26
 2.645707e+00 -3.874244e+00 -3.778060e+00 -1.668748e+01 -2.425478e+00 -1.135163e+01 -7.725832e+00 -4.011007e+00 -7.082815e+00 -1.045336e+01 -6.276666e+00 -6.365149e+00 5.014440e-01 2.085280e+00 -4.175492e-02 -2.351390e-01 -1.743845e+00 -1.895261e+00 -7.493727e-01 -1.211921e+00 -3.020098e-01 -1.637563e+00 6.352247e-02 -1.508204e+00 -5.599431e-01 1.083039e-01
<VARIANCE> 26
 2.830335e+01 1.872707e+00 5.380661e+01 3.446922e+01 9.502239e+00 6.646403e+01 6.700024e+00 9.475327e+00 3.955915e+01 1.243467e+01 1.272524e+01 1.506926e+01 1.000000e-02 2.911376e+00 1.011769e+00 6.059863e+00 2.466338e+00 3.979138e+00 3.609544e+00 1.439230e+00 1.569767e+00 2.382578e+00 6.506872e+00 7.450198e-01 2.897561e+00 1.000000e-02
<GCONST> 8.289880e+01
<STATE> 6
<MEAN> 26
 2.610219e+00 -4.919374e+00 -1.550991e+00 -1.783246e+01 -6.606673e+00 -9.472715e+00 -7.101979e+00 -4.618442e+00 -7.781232e+00 -6.569064e+00 -7.194551e+00 -4.618227e+00 6.027915e-01 -1.421283e-01 -3.722962e-01 6.141552e-01 -7.581960e-01 -1.852740e+00 -2.736061e-01 4.768450e-01 -4.093261e-01 -3.958132e-02 1.809557e+00 1.226272e+00 4.378209e-01 6.369754e-02
<VARIANCE> 26
 2.967465e+01 7.852725e+00 7.140339e+01 4.332066e+01 9.778186e+00 5.105351e+01 1.699203e+01 1.633776e+01 5.084341e+01 7.663911e+01 8.702193e+00 3.328833e+01 1.000000e-02 1.025325e+00 2.157240e+00 5.974990e-01 3.949963e+00 1.386879e+01 2.413958e+00 1.407066e+00 3.410208e+00 5.998062e-01 4.636493e+00 7.063881e-01 1.473627e+00 1.000000e-02
<GCONST> 8.563315e+01
<STATE> 7
<MEAN> 26
 1.589129e+00 -3.191791e+00 -2.544801e+00 -2.107043e+01 -3.812909e+00 -1.280717e+01 -5.498201e+00 -2.452774e+00 -1.026194e+01 -6.195738e+00 -3.425461e+00 -6.797829e+00 6.549350e-01 -1.233862e+00 -1.055072e+00 7.250084e-01 -2.566724e+00 -1.071671e+00 -9.404688e-01 2.369741e-01 -1.090454e+00 1.547345e+00 2.517112e+00 1.861353e+00 1.270774e+00 5.627039e-02
<VARIANCE> 26
 7.310646e+00 1.762625e+01 4.543591e+01 1.940153e+01 4.632713e+01 8.107355e+01 4.226620e+01 1.386693e+01 3.643253e+01 9.006570e+01 1.003153e+01 4.549397e+01 1.000000e-02 4.085318e-01 1.211510e+00 2.027753e+00 2.623053e+00 3.659318e+00 5.348043e+00 7.118092e+00 3.603599e+00 1.187221e+00 2.754057e+00 2.400316e+00 8.800306e-01 1.000000e-02
<GCONST> 8.815775e+01
<STATE> 8
<MEAN> 26
 -6.426079e-01 -8.052876e+00 5.378484e-01 -2.546178e+01 -9.253182e+00 -1.316334e+01 -6.878003e+00 -8.577842e+00 -3.823967e+00 1.341468e+00 -1.808016e+00 6.282378e-01 7.721145e-01 -1.245436e+00 -2.130864e+00 -4.373992e-01 5.493969e-01 -3.540081e+00 -1.058860e+00 1.227768e+00 -1.062362e+00 2.253630e+00 2.735871e+00 3.218701e+00 1.960633e+00 7.156138e-02
<VARIANCE> 26
 9.451600e+00 1.918052e+01 3.194913e+01 8.936911e+00 4.167954e+01 1.129467e+02 8.630735e+01 2.532908e+01 3.680099e+01 4.132084e+01 1.660752e+01 1.667985e+01 1.000000e-02 2.012559e-01 1.070850e+00 2.179050e+00 1.640547e+00 1.536880e+00 2.607848e+00 8.333514e+00 9.294351e-01 9.489587e-01 5.262205e+00 1.266763e+00 3.156080e+00 1.000000e-02
<GCONST> 8.469516e+01
<STATE> 9
<MEAN> 26
 -2.774900e+00 -1.037814e+01 -2.142773e+00 -2.129375e+01 -1.520177e+01 -1.573139e+01 -2.850920e+00 -8.590369e+00 -6.134541e-01 2.508951e+00 7.353654e+00 6.612898e-01 8.784884e-01 -1.437930e+00 -1.846221e+00 -2.275331e+00 2.143481e+00 -2.381155e+00 -1.590526e+00 4.058496e+00 6.561757e-01 1.484663e+00 9.239275e-01 1.424152e+00 -2.201877e-01 4.199867e-02
<VARIANCE> 26
 5.428078e+00 2.120448e+01 1.087418e+01 2.002400e+00 2.684385e+01 4.699524e+01 2.915855e+01 2.148207e+01 2.660727e+01 3.426350e+01 2.865690e+01 2.220851e+01 1.000000e-02 2.934979e-01 2.416800e-01 1.501202e+00 1.531649e+00 2.926378e+00 1.850422e+00 3.027325e+00 6.777620e-01 1.466465e+00 6.742189e+00 3.238841e+00 3.276772e+00 1.000000e-02
<GCONST> 7.849999e+01
<STATE> 10
<MEAN> 26
 -5.164855e+00 -1.302176e+01 -6.222855e+00 -1.705890e+01 -1.723563e+01 -1.600266e+01 4.543322e+00 -5.062203e+00 1.288730e+00 2.506445e+00 4.021570e+00 -2.422716e+00 8.851851e-01 -8.126022e-01 -1.523525e+00 -2.360326e+00 2.912352e+00 -1.808845e-01 -3.754946e-02 2.925321e+00 3.467918e+00 -4.390723e-02 -8.547300e-01 -2.066947e+00 -1.968304e+00 6.355773e-03
<VARIANCE> 26
 6.734471e+00 1.076332e+01 9.302648e+00 1.490215e+01 2.829357e+01 4.966394e+01 5.172855e+01 2.688579e+00 1.011894e+01 5.820730e+00 1.791313e+01 2.178330e+01 1.000000e-02 1.621211e-01 6.697397e-01 1.385785e+00 5.436128e-01 1.021732e+00 2.609415e+00 1.805466e+00 1.497411e+00 1.239692e+00 2.786736e+00 3.208781e+00 2.765133e+00 1.000000e-02
<GCONST> 7.290948e+01
<STATE> 11
<MEAN> 26
 -5.983761e+00 -1.699662e+01 -9.483109e+00 -1.243515e+01 -1.522049e+01 -1.466881e+01 4.878379e+00 4.498525e+00 1.310878e+00 -6.702663e-01 -4.937413e+00 -3.616018e+00 9.044772e-01 3.324660e-01 -1.605756e+00 -1.566700e+00 1.668936e+00 1.071807e+00 1.081285e+00 1.427613e-01 3.814018e+00 8.729597e-01 -7.972575e-01 -2.635303e+00 -2.970479e-01 2.428513e-02
<VARIANCE> 26
 4.790337e+00 7.304912e+00 3.832717e+00 5.430502e+00 7.891478e+00 1.601385e+01 2.152487e+01 1.408427e+01 5.317058e+01 2.042232e+01 1.184796e+01 2.111408e+01 1.000000e-02 1.482952e-01 1.750714e-01 7.280263e-01 1.991084e+00 2.048759e-01 1.120100e+00 3.822057e+00 8.304020e-01 6.387905e-01 1.713017e+00 7.835529e-01 1.256733e+00 1.000000e-02
<GCONST> 6.470879e+01
<STATE> 12
<MEAN> 26
 -4.047638e+00 -1.839051e+01 -1.231996e+01 -1.025344e+01 -1.129464e+01 -1.311236e+01 6.867851e+00 1.061250e+01 2.029905e+00 -2.976144e-01 -6.457752e+00 -4.936155e+00 9.615572e-01 3.311254e-01 -5.463308e-01 -2.149516e+00 1.298774e+00 1.627469e+00 7.879078e-01 -2.729794e-01 1.536845e+00 1.436761e+00 -1.058656e+00 -1.743330e+00 3.147340e-01 2.055901e-02
<VARIANCE> 26
 4.000611e+00 9.356220e+00 5.253281e+00 3.049793e+00 1.137518e+01 2.405656e+01 3.758224e+01 5.395185e+00 2.186654e+01 3.292776e+00 1.342895e+01 2.879164e+01 1.000000e-02 1.778300e-01 1.995659e-01 3.980752e-01 1.054963e+00 2.869809e-02 1.408408e+00 3.334988e+00 2.618537e+00 1.752548e+00 9.859121e-01 7.210065e-01 5.488240e-01 1.000000e-02
<GCONST> 6.050122e+01
<STATE> 13
<MEAN> 26
 -4.005097e+00 -1.887522e+01 -1.590996e+01 -8.644348e+00 -1.101021e+01 -1.243788e+01 5.236185e+00 1.006336e+01 4.715578e+00 -2.689635e+00 -8.107401e+00 -3.099220e+00 9.824846e-01 9.512107e-02 -3.068540e-01 -2.484425e+00 8.332483e-01 9.408287e-01 6.840276e-01 -8.863243e-01 -6.936867e-01 9.488807e-01 -1.473640e+00 -1.868272e+00 9.354500e-02 8.083032e-03
<VARIANCE> 26
 4.908196e+00 7.395923e+00 5.989184e+00 5.031872e+00 2.403965e+01 4.565175e+01 5.559119e+01 1.398407e+01 6.636639e+00 1.413384e+01 2.080191e+01 3.767324e+01 1.000000e-02 9.997701e-02 2.833614e-01 5.335884e-01 5.090827e-01 3.621654e-01 6.570404e-01 4.466577e-01 1.786790e+00 1.134682e+00 6.855091e-01 8.470957e-01 7.652261e-01 1.000000e-02
<GCONST> 6.322080e+01
<STATE> 14
<MEAN> 26
 -4.396042e+00 -1.864640e+01 -2.043334e+01 -8.077919e+00 -9.275994e+00 -1.080896e+01 1.803043e+00 6.500807e+00 5.462039e+00 -5.879263e+00 -1.247175e+01 -4.404685e+00 9.771162e-01 -1.760563e-02 6.258758e-01 -1.541518e+00 4.566052e-02 1.491182e+00 3.476169e-01 -1.482795e+00 -1.097803e+00 6.284089e-01 -4.557478e-01 -1.043844e+00 2.126943e-01 -6.459028e-03
<VARIANCE> 26
 6.283907e+00 1.869219e+00 5.746172e+00 3.782240e+00 3.287763e+01 3.584667e+01 4.712072e+01 4.710360e+00 1.777744e+01 5.924819e+00 5.323979e+00 1.804922e+01 1.000000e-02 1.200712e-01 2.148158e-01 5.567361e-01 2.336398e-01 9.329409e-01 1.069571e+00 2.696858e-01 8.687916e-01 2.352485e-01 1.111936e+00 1.861842e+00 8.972644e-01 1.000000e-02
<GCONST> 5.783533e+01
<STATE> 15
<MEAN> 26
 -3.511994e+00 -1.734160e+01 -2.152735e+01 -7.652570e+00 -4.784601e+00 -1.167997e+01 1.890505e+00 5.900368e+00 6.736021e+00 -4.077668e+00 -1.294508e+01 -2.140904e+00 9.568158e-01 3.339446e-02 5.736386e-01 -1.023497e+00 8.898817e-02 7.213090e-01 2.647018e-01 -1.008133e+00 -6.583424e-01 3.637853e-01 5.834029e-01 -2.425605e-01 4.225275e-01 -9.884109e-03
<VARIANCE> 26
 3.578829e+00 3.073509e+00 9.557029e+00 5.396249e+00 2.672887e+01 3.334744e+01 3.116325e+01 3.820622e+00 2.003974e+01 1.628464e+00 8.221122e-01 2.203427e+01 1.000000e-02 2.080111e-01 9.270556e-02 4.540219e-01 1.152253e-01 8.799555e-01 4.131626e-01 2.268523e-01 7.028106e-01 3.223398e-01 4.822847e-01 1.659720e+00 7.700946e-01 1.000000e-02
<GCONST> 5.150690e+01
<STATE> 16
<MEAN> 26
 -4.648252e+00 -1.663696e+01 -2.175520e+01 -8.771028e+00 -7.851337e+00 -7.661870e+00 -3.190115e+00 5.711250e+00 8.360048e+00 -3.619783e+00 -1.108693e+01 -3.062146e+00 9.597899e-01 2.382892e-01 3.164220e-01 -8.098675e-02 3.513201e-01 4.484686e-01 1.358847e+00 -7.437217e-01 1.682548e-02 6.588596e-01 7.618247e-01 7.496442e-01 -3.276469e-01 -6.061800e-03
<VARIANCE> 26
 5.550877e+00 4.831225e+00 1.705809e+01 7.472857e+00 1.599475e+01 5.936065e+01 3.327408e+01 5.107308e+00 1.937280e+01 9.759777e-01 6.299661e+00 7.743029e+00 1.000000e-02 7.798273e-02 2.002196e-01 2.747524e-01 9.540971e-02 3.759838e-01 6.871272e-01 4.373944e-01 4.106767e-01 1.414203e+00 1.131297e-01 7.096589e-01 1.288180e-01 1.000000e-02
<GCONST> 5.043323e+01
<STATE> 17
<MEAN> 26
 -2.866107e+00 -1.686425e+01 -2.344064e+01 -6.335306e+00 -4.279736e+00 -9.012067e+00 -3.183058e-01 5.677110e+00 6.854464e+00 -1.608969e+00 -1.185192e+01 -4.507498e+00 9.285886e-01 9.636758e-02 -3.152341e-01 -8.108243e-02 -1.766888e-01 -2.040674e-01 1.300347e+00 -7.892916e-01 2.033102e-03 2.624665e-01 1.013472e+00 3.191381e-01 -4.416917e-01 -7.033679e-03
<VARIANCE> 26
 4.890841e+00 2.589615e+00 1.455931e+01 2.627645e+00 1.913985e+01 4.355991e+01 1.827904e+01 9.427803e+00 2.416208e+01 1.175054e+00 6.905386e+00 2.337206e+01 1.000000e-02 4.718406e-02 1.750445e-01 4.063268e-01 3.605020e-01 8.202333e-01 2.191322e+00 9.269849e-01 6.729089e-01 1.756127e+00 8.444058e-01 8.897763e-02 1.885101e-01 1.000000e-02
<GCONST> 5.476606e+01
<STATE> 18
<MEAN> 26
 -2.746558e+00 -1.782237e+01 -2.253392e+01 -8.019401e+00 -5.000608e+00 -6.879748e+00 -1.754081e+00 5.396967e+00 7.904449e+00 9.323707e-01 -1.045629e+01 -4.332801e+00 9.217392e-01 2.318918e-01 -4.778194e-01 -9.279174e-02 -1.848547e-01 -4.323136e-01 9.707892e-01 -7.742477e-01 -6.004249e-01 6.082416e-01 -7.093939e-02 6.333030e-01 -7.197000e-01 -1.001691e-02
<VARIANCE> 26
 2.040678e+00 2.568164e+00 1.044970e+01 3.676978e+00 1.665297e+01 2.961320e+01 4.069785e+01 2.175397e+00 1.559889e+01 7.399578e+00 1.254106e+01 7.568494e+00 1.000000e-02 1.726697e-01 2.328579e-01 2.203131e-01 3.368694e-01 7.033739e-01 1.217622e-01 7.931949e-01 2.153787e+00 2.479686e+00 2.379628e+00 5.830556e-01 4.404326e-01 1.000000e-02
<GCONST> 5.654454e+01
<STATE> 19
<MEAN> 26
 -3.212623e+00 -1.700896e+01 -2.211148e+01 -7.956843e+00 -8.537722e+00 -1.328871e+00 -6.594971e+00 6.062961e+00 9.973555e+00 -2.216960e+00 -9.775941e+00 -5.724010e+00 9.252380e-01 3.294378e-01 1.969629e-01 1.272254e-01 -1.909164e-01 -2.587760e-01 1.740443e-02 -1.418387e+00 6.697142e-01 -8.910899e-01 4.964482e-01 -5.903056e-01 -8.477510e-01 -9.108672e-03
<VARIANCE> 26
 2.441427e+00 8.477826e+00 8.310028e+00 7.055227e+00 1.395744e+01 2.153169e+01 2.054616e+01 9.378140e+00 1.636320e+01 2.951519e+01 5.877176e+00 1.298848e+01 1.000000e-02 1.298291e-01 2.459012e-01 5.171162e-01 2.531476e-01 2.264333e-01 6.263807e-01 9.479328e-01 6.319749e-01 1.362530e+00 1.386087e+00 1.957357e+00 2.993479e-01 1.000000e-02
<GCONST> 5.931558e+01
<STATE> 20
<MEAN> 26
 -2.035925e+00 -1.851789e+01 -2.303896e+01 -8.934238e+00 -7.124066e+00 -6.015683e+00 -6.838389e+00 5.265258e+00 6.930182e+00 1.539067e+00 -1.192575e+01 -7.042349e+00 8.906518e-01 6.184981e-01 1.731776e-01 7.296927e-02 -7.137952e-01 3.413385e-01 -3.935259e-01 -5.087062e-01 6.986139e-01 -7.876330e-01 9.888762e-01 5.788597e-02 -5.942444e-01 -1.098396e-02
<VARIANCE> 26
 4.321607e+00 6.774695e+00 7.188044e+00 2.369009e+00 1.080957e+01 1.494164e+01 2.449322e+01 7.894143e+00 3.366213e+00 9.056286e+00 8.887424e+00 1.191655e+01 1.000000e-02 2.897145e-01 3.044526e-01 1.380881e+00 1.140049e+00 7.506700e-01 2.027247e+00 1.122969e+00 4.413339e-01 1.537681e+00 1.098225e+00 5.550751e-02 3.500900e-01 1.000000e-02
<GCONST> 5.754187e+01
<STATE> 21
<MEAN> 26
 -1.752113e+00 -1.600132e+01 -2.295398e+01 -9.169600e+00 -6.948249e+00 -4.088780e+00 -7.652970e+00 8.740410e+00 6.116827e+00 2.268173e+00 -1.055119e+01 -6.962059e+00 8.912203e-01 7.594475e-01 8.535638e-02 -7.487083e-01 3.927771e-01 -2.753134e-01 -1.031174e-01 -2.712144e-02 4.162847e-01 -3.646449e-01 2.305397e-01 1.405396e-01 -3.992710e-01 -1.243148e-02
<VARIANCE> 26
 2.800585e+00 1.002378e+01 8.688590e+00 8.921989e+00 2.686668e+01 2.830956e+01 1.396436e+01 6.853921e+00 9.017987e+00 5.159493e+00 1.005880e+01 1.572196e+01 1.000000e-02 2.699781e-01 2.316628e-01 1.890386e+00 1.207019e+00 1.780655e+00 1.824484e+00 3.945447e-01 7.640489e-01 9.283584e-01 1.302869e+00 2.087099e-01 5.229397e-01 1.000000e-02
<GCONST> 6.236606e+01
<STATE> 22
<MEAN> 26
 7.835608e-01 -1.756161e+01 -2.437128e+01 -7.328133e+00 -7.831147e+00 -4.991377e+00 -7.236228e+00 7.108047e+00 5.840997e+00 1.198511e+00 -1.092408e+01 -8.506075e+00 8.534883e-01 5.746216e-01 -1.053198e-01 -7.560264e-02 2.641525e-01 -4.652370e-01 2.283230e-01 -5.556391e-01 3.545372e-01 -1.099509e-01 7.905594e-02 2.255993e-01 4.283606e-01 -1.839438e-02
<VARIANCE> 26
 5.951191e+00 1.009958e+01 1.081993e+01 1.521446e+01 5.573262e+01 3.521980e+01 2.559865e+01 1.670340e+01 1.541242e+01 1.468192e+01 1.316091e+01 1.041082e+01 1.000000e-02 1.423020e-01 2.552536e-01 4.223319e-01 5.313961e-01 9.802380e-01 1.377918e+00 4.940840e-01 1.385055e-01 1.245576e+00 7.685522e-01 8.834544e-01 7.623570e-01 1.000000e-02
<GCONST> 6.412669e+01
<STATE> 23
<MEAN> 26
 9.120451e-01 -1.764134e+01 -2.261196e+01 -8.277262e+00 -8.052035e+00 -3.771728e+00 -8.455228e+00 8.519590e+00 6.578790e+00 2.012856e+00 -9.560469e+00 -4.637883e+00 8.110289e-01 3.224364e-01 2.913150e-01 8.142517e-01 -4.368843e-02 2.914785e-01 2.276861e-01 -3.515311e-01 5.392190e-01 4.971018e-01 4.941252e-01 -6.698675e-01 1.420082e+00 -2.494943e-02
<VARIANCE> 26
 8.578207e+00 3.004560e+00 4.478212e+00 7.674946e+00 3.728113e+01 3.424188e+01 1.385880e+01 1.334386e+01 1.874592e+01 8.345361e+00 6.886253e+00 1.029644e+01 1.000000e-02 3.945045e-01 3.432823e-01 6.023795e-01 4.286793e-01 1.003635e+00 2.033360e+00 3.439305e-01 1.086163e+00 1.428963e+00 7.077532e-01 2.123029e+00 4.171590e-01 1.000000e-02
<GCONST> 6.331219e+01
<STATE> 24
<MEAN> 26
 1.019867e+00 -1.558900e+01 -2.225052e+01 -7.698622e+00 -7.071102e+00 -4.770636e+00 -9.731934e+00 1.066311e+01 5.852837e+00 4.291235e+00 -1.302289e+01 -4.084206e+00 7.879171e-01 3.736720e-01 5.396622e-01 6.339681e-01 3.624276e-01 1.012019e+00 -3.581873e-01 7.081106e-01 -2.446809e-01 2.419793e-01 -1.913340e-01 3.248539e-01 1.314567e-01 -2.986940e-02
<VARIANCE> 26
 6.790084e+00 1.114381e+01 7.909040e+00 1.744196e+01 2.497972e+01 3.303949e+01 2.181721e+01 2.339029e+01 4.969581e+01 1.801389e+01 1.336301e+01 5.102542e+01 1.000000e-02 8.694254e-01 6.405428e-01 5.075668e-01 1.142152e+00 7.180297e-01 3.506990e+00 9.278290e-01 1.401155e-01 1.323947e+00 6.103742e-01 1.856478e+00 1.268546e+00 1.000000e-02
<GCONST> 7.249660e+01
<STATE> 25
<MEAN> 26
 1.287732e+00 -1.648714e+01 -2.081306e+01 -9.136028e+00 -3.545998e+00 -7.031592e+00 -5.606657e+00 7.895916e+00 6.931028e+00 5.428149e-01 -9.839873e+00 -5.398759e+00 7.215365e-01 2.926717e-01 5.997592e-01 1.750656e-01 5.707798e-01 4.785458e-01 -2.491564e-01 5.126093e-01 -9.274175e-01 1.022182e-01 -1.444428e+00 8.623677e-01 -9.806540e-01 -3.044563e-02
<VARIANCE> 26
 9.618867e+00 6.781791e+00 3.757640e+00 1.113210e+01 4.337410e+01 3.736248e+01 3.643488e+01 6.110355e+00 2.547644e+01 1.094901e+01 3.106042e+01 3.901962e+01 1.000000e-02 1.132813e+00 7.875170e-01 5.161514e-01 1.497428e+00 2.495680e+00 3.911904e+00 9.219150e-01 1.421754e+00 2.361705e+00 8.900300e-01 1.309720e+00 6.124564e+00 1.000000e-02
<GCONST> 7.701550e+01
<STATE> 26
<MEAN> 26
 2.626868e+00 -1.388173e+01 -2.185455e+01 -4.996088e+00 -5.269430e+00 -4.070049e+00 -6.738195e+00 6.980954e+00 6.875104e+00 -1.833159e-01 -8.885860e+00 -7.104918e+00 6.850344e-01 8.771747e-01 -8.501298e-02 1.061958e+00 9.196187e-01 6.813475e-01 2.487866e-01 1.592896e+00 -8.669375e-01 -8.092387e-02 -5.203815e-01 -3.222947e-01 -3.162841e-01 -3.864947e-02
<VARIANCE> 26
 1.304355e+01 5.161818e+00 3.140871e+00 1.473894e+01 1.801164e+01 1.726081e+01 3.038315e+01 1.745259e+01 2.423224e+01 1.148798e+01 8.269666e+00 4.149582e+01 1.000000e-02 2.962469e-01 5.378521e-01 6.902242e-01 1.650412e+00 3.187906e+00 2.286671e+00 2.302845e+00 1.315894e+00 2.006627e+00 6.122774e-01 1.667311e+00 1.307868e+00 1.000000e-02
<GCONST> 7.247322e+01
<STATE> 27
<MEAN> 26
 4.377035e+00 -1.585662e+01 -1.710500e+01 -4.859684e+00 -3.513381e+00 -4.232060e+00 -1.682885e+00 6.046648e+00 6.301246e+00 -1.096966e+00 -1.147604e+01 -7.679046e+00 6.092686e-01 2.397721e-01 -7.143869e-01 1.006855e+00 -1.409365e-01 3.535150e-01 -7.725482e-01 1.636901e+00 -5.469478e-01 -5.183421e-02 -1.178731e+00 9.459824e-02 1.426060e-01 -4.496519e-02
<VARIANCE> 26
 6.908174e+00 4.318078e+00 1.240067e+01 9.224610e+00 8.851354e+00 1.374643e+01 3.107156e+01 5.809390e+00 1.665686e+01 1.016864e+01 8.800660e+00 3.261789e+01 1.000000e-02 1.170874e+00 7.299086e-01 6.203399e-01 2.709432e+00 8.991702e-01 2.319783e+00 1.724796e+00 4.105081e-01 1.220765e+00 7.918316e-01 9.639118e-01 2.505343e+00 1.000000e-02
<GCONST> 6.909839e+01
<STATE> 28
<MEAN> 26
 4.356959e+00 -1.748617e+01 -1.804823e+01 -5.292859e+00 -3.604863e+00 -7.017204e+00 -1.833864e+00 3.799016e+00 7.652936e+00 -3.357084e+00 -9.764273e+00 -4.911683e+00 5.297692e-01 1.257925e-01 -9.713081e-01 1.037416e+00 1.123304e-01 6.345402e-01 -1.183914e+00 1.259119e+00 -8.648335e-01 -5.297952e-01 -9.231089e-01 7.608038e-01 9.058870e-01 -5.410195e-02
<VARIANCE> 26
 3.625503e+00 2.757532e+00 5.078346e+00 4.779241e+00 1.109094e+01 7.505393e+00 1.119333e+01 1.013707e+01 9.660309e+00 9.213129e+00 5.677859e+00 5.717047e+00 1.000000e-02 8.082360e-01 3.842807e-01 1.509475e+00 1.024582e+00 2.039730e+00 3.639541e+00 2.343185e+00 5.582821e-01 2.849087e+00 5.410368e-01 7.113900e-01 2.243845e+00 1.000000e-02
<GCONST> 6.362843e+01
<STATE> 29
<MEAN> 26
 3.975780e+00 -1.839505e+01 -1.500679e+01 -5.037339e+00 -2.013461e+00 -8.233267e+00 1.227705e+00 3.828327e+00 5.773957e+00 -4.379479e+00 -7.334631e+00 -4.255024e+00 4.548736e-01 -3.210132e-01 -4.200038e-01 1.306677e+00 4.752566e-01 4.494041e-01 -1.495258e+00 4.014628e-01 5.834384e-02 -3.120460e-01 -1.453155e-01 9.777814e-01 3.087158e-02 -3.719116e-02
<VARIANCE> 26
 1.428129e+00 7.877484e+00 4.278935e+00 6.953419e+00 6.987094e+00 7.924670e+00 4.924232e+00 7.779030e+00 1.455097e+01 5.732916e+00 9.921607e+00 1.678401e+01 1.000000e-02 2.458531e-01 1.243519e-01 4.918624e-01 1.159483e+00 9.416222e-01 5.280172e-01 1.026320e+00 8.677788e-01 1.064151e+00 8.586855e-01 3.250632e-01 1.260874e+00 1.000000e-02
<GCONST> 5.574047e+01
<STATE> 30
<MEAN> 26
 2.897424e+00 -1.908640e+01 -1.266114e+01 -4.397535e+00 -1.993982e+00 -1.190731e+01 9.046161e-01 4.186029e+00 5.639019e+00 -3.305252e+00 -6.001563e+00 -4.724259e+00 4.024772e-01 -7.576827e-01 -1.258440e-01 5.555646e-01 -2.101684e-01 8.627101e-01 -5.598090e-01 5.386312e-02 1.076674e-02 4.155644e-01 1.199019e+00 1.339293e+00 7.882630e-01 -3.728846e-02
<VARIANCE> 26
 1.375771e+00 5.339977e+00 5.571826e+00 6.601591e+00 5.568876e+00 9.795452e+00 1.074887e+01 5.282053e+00 1.348416e+01 1.918828e+01 7.237908e+00 2.956573e+01 1.000000e-02 6.819543e-02 3.495148e-01 1.373644e+00 1.161423e+00 1.188636e+00 1.120206e+00 1.420783e+00 6.056040e-01 8.164436e-01 1.027879e+00 1.581572e+00 1.178984e+00 1.000000e-02
<GCONST> 6.044802e+01
<STATE> 31
<MEAN> 26
 1.569095e+00 -1.947159e+01 -1.437785e+01 -5.347158e+00 1.274507e+00 -1.110650e+01 1.353628e-01 3.146673e+00 8.289446e+00 -6.481847e-01 -4.561250e+00 -1.554171e+00 3.307670e-01 -5.831769e-01 1.091479e-01 -5.400722e-01 -3.476323e-01 1.083223e+00 1.808177e-01 -2.660990e-01 -2.099510e-01 4.730526e-01 3.873308e-01 1.598456e-01 8.115857e-01 -3.008477e-02
<VARIANCE> 26
 2.228380e+00 9.233777e+00 8.680207e+00 7.976843e+00 1.110430e+01 8.113488e+00 5.411331e+00 1.117648e+01 8.158453e+00 1.034308e+01 1.588792e+01 1.128838e+01 1.000000e-02 1.315429e-01 4.166451e-01 4.594780e-01 7.239439e-01 8.537097e-01 1.317587e+00 1.307675e+00 1.093163e+00 9.280059e-02 2.709337e-01 5.140240e-01 1.061814e+00 1.000000e-02
<GCONST> 5.624569e+01
<STATE> 32
<MEAN> 26
 1.108100e+00 -1.810908e+01 -1.387078e+01 -5.866674e+00 1.774819e+00 -1.012736e+01 8.296027e-01 3.960572e+00 6.506848e+00 -2.551312e+00 -4.874637e+00 -2.143489e+00 2.991493e-01 8.345029e-02 1.100597e+00 5.576810e-01 5.955328e-01 9.571462e-02 6.406233e-01 2.290423e-02 -5.075008e-01 -3.860948e-01 -1.465343e+00 -2.625352e-01 5.325796e-02 -1.839600e-02
<VARIANCE> 26
 2.255290e+00 1.000062e+01 9.358690e+00 2.692703e+00 1.609173e+01 2.731204e+01 1.534278e+01 9.213889e+00 1.000550e+01 1.025653e+01 1.378843e+01 9.127370e+00 1.000000e-02 5.561089e-01 3.033698e-01 8.727915e-01 8.935024e-01 2.268528e+00 5.326712e-01 7.709390e-01 1.516217e+00 2.924417e-01 8.280398e-01 1.404864e+00 7.752328e-01 1.000000e-02
<GCONST> 6.240465e+01
<STATE> 33
<MEAN> 26
 2.632361e+00 -1.508333e+01 -1.185622e+01 -2.513160e+00 4.262783e-01 -1.005340e+01 -1.038205e+00 -4.743476e-01 5.351783e+00 -5.320095e+00 -5.837651e+00 -2.363619e+00 2.889020e-01 -3.182600e-01 9.854284e-01 1.695599e+00 8.633199e-01 -6.341242e-01 6.493720e-01 9.369887e-02 -2.042956e-01 -2.462355e-01 -1.307267e+00 -6.298434e-01 -5.831739e-01 -2.495581e-02
<VARIANCE> 26
 1.461825e+00 6.695714e+00 5.533922e+00 3.158463e+00 1.369022e+01 5.531073e+00 6.808458e+00 1.954770e+01 8.222003e+00 3.601370e+00 1.072888e+01 4.374217e+00 1.000000e-02 7.405660e-01 1.563302e-01 1.197640e+00 5.945110e-01 1.146956e+00 9.466228e-01 8.527883e-01 2.599530e-01 9.294518e-01 6.172739e-01 8.738779e-01 6.270116e-01 1.000000e-02
<GCONST> 5.509424e+01
<STATE> 34
<MEAN> 26
 3.294036e-01 -1.513250e+01 -9.266904e+00 -2.759467e+00 2.578489e-01 -6.884146e+00 2.566789e+00 3.981490e+00 5.545668e+00 -7.622468e+00 -6.111299e+00 -2.972261e+00 2.254246e-01 -9.514819e-01 2.433705e-01 1.149321e+00 -6.517390e-02 -1.950666e-01 8.669444e-01 5.112719e-01 1.697647e-01 -7.769723e-01 -2.872847e-01 7.439508e-01 4.033059e-01 -3.878980e-02
<VARIANCE> 26
 6.633306e+00 7.081961e+00 1.108842e+01 7.547157e+00 4.676554e+00 1.478192e+01 4.612033e+00 1.971519e+00 1.100923e+01 9.628998e+00 1.220579e+01 1.210678e+01 1.000000e-02 2.509991e-01 6.429088e-01 4.977735e-01 4.603586e-01 1.761887e+00 9.459768e-01 7.848535e-01 1.192170e+00 7.548954e-01 1.035042e+00 4.180957e-01 1.445734e-01 1.000000e-02
<GCONST> 5.704802e+01
<STATE> 35
<MEAN> 26
 -1.498405e+00 -1.485099e+01 -8.070163e+00 -4.098780e+00 -3.322067e-01 -7.643783e+00 1.232880e+00 2.344050e+00 3.700615e+00 -5.910685e+00 -2.457361e+00 -9.582714e-01 1.460188e-01 -1.092645e+00 4.086781e-01 5.524688e-01 -4.779773e-01 -4.343117e-01 2.215232e-01 3.536840e-02 -2.035672e-01 1.913340e-01 3.625635e-01 7.297708e-01 -4.738956e-01 -4.245970e-02
<VARIANCE> 26
 3.566137e+00 7.584283e+00 8.540312e+00 4.979686e+00 4.021166e+00 2.265636e+01 4.331861e+00 8.258147e+00 2.625007e+01 1.696359e+01 6.989107e+00 6.728755e+00 1.000000e-02 2.080971e-01 8.229719e-01 1.075638e+00 1.383132e+00 4.179218e-01 1.385922e+00 1.185095e+00 1.175925e+00 2.449148e+00 6.388486e-01 7.526587e-01 6.113517e-01 1.000000e-02
<GCONST> 6.175076e+01
<STATE> 36
<MEAN> 26
 -3.624158e+00 -1.377897e+01 -7.583274e+00 -4.791825e+00 -2.321890e+00 -6.260504e+00 3.305885e+00 2.659235e+00 6.434074e+00 -5.445531e+00 -4.367202e+00 -4.736241e+00 7.697391e-02 -1.158986e+00 5.358571e-01 4.718728e-01 -3.359445e-01 2.016895e-01 6.651101e-01 3.051236e-02 2.735083e-01 1.436258e+00 7.856356e-01 4.556072e-01 -5.645803e-01 -4.347607e-02
<VARIANCE> 26
 4.593910e+00 4.819867e+00 7.724611e+00 1.699174e+01 8.213397e+00 1.677474e+01 1.308663e+01 8.686953e+00 2.305920e+01 5.957054e+00 1.475688e+00 4.097672e-01 1.000000e-02 1.240951e-01 9.207862e-01 6.949282e-01 6.694310e-01 2.003417e-01 1.563488e+00 5.994096e-01 2.524258e-01 1.580743e+00 1.142351e+00 7.648011e-01 7.319250e-01 1.000000e-02
<GCONST> 5.465472e+01
<STATE> 37
<MEAN> 26
 -4.749742e+00 -1.308836e+01 -6.351982e+00 -4.227798e+00 2.328614e-01 -4.866158e+00 1.006401e+00 3.662813e+00 8.254724e+00 -3.838644e+00 -1.466376e+00 -3.010867e+00 2.932225e-02 -8.429368e-01 4.982005e-01 5.294485e-01 9.559758e-02 4.707814e-01 6.403394e-01 -1.255381e-01 3.297430e-01 8.473846e-01 1.016505e+00 8.343383e-01 -1.009517e-01 -3.200155e-02
<VARIANCE> 26
 2.398057e+00 3.899331e+00 3.594312e+00 1.111352e+01 2.248083e+00 2.897286e+01 1.693207e+01 2.715381e+01 1.687016e+01 1.688979e+01 1.665447e+01 1.873923e+01 1.000000e-02 5.950212e-01 3.211932e-01 8.539695e-01 1.284740e+00 1.723281e+00 6.626862e-01 1.011748e+00 1.202732e+00 2.214799e+00 1.405018e+00 8.034026e-01 8.003591e-01 1.000000e-02
<GCONST> 6.566064e+01
<STATE> 38
<MEAN> 26
 -6.030654e+00 -1.240965e+01 -5.981400e+00 -4.478835e+00 2.759405e-01 -5.800929e+00 1.462037e+00 2.382987e+00 8.525761e+00 -1.579814e+00 -3.097269e-01 -4.989802e+00 -2.897663e-02 -4.651482e-01 5.367897e-01 9.311303e-01 1.865995e-01 -2.040978e-01 5.237247e-01 -3.246030e-01 -9.277826e-01 -7.657135e-01 1.019727e-01 3.445426e-01 -1.290980e-01 -2.197196e-02
<VARIANCE> 26
 8.683677e-01 1.598195e+00 4.766191e+00 4.200790e+00 1.030028e+01 1.637275e+01 1.047381e+01 1.362610e+01 3.603904e+00 1.227486e+01 1.406302e+01 4.521776e+00 1.000000e-02 3.593658e-01 3.177649e-01 1.745848e-01 6.289834e-01 1.010708e+00 6.946608e-01 1.856852e+00 1.759631e+00 2.665787e+00 2.395871e+00 1.106105e+00 5.275837e-01 1.000000e-02
<GCONST> 5.769680e+01
<TRANSP> 39
 0.000000e+00 1.000000e+00 0.000000e+00 0.000000e+00 0.000000e+00 0.000000e+00 0.000000e+00 0.000000e+00 0.000000e+00 0.000000e+00 0.000000e+00 0.000000e+00 0.000000e+00 0.000000e+00 0.000000e+00 0.000000e+00 0.000000e+00 0.000000e+00 0.000000e+00 0.000000e+00 0.000000e+00 0.000000e+00 0.000000e+00 0.000000e+00 0.000000e+00 0.000000e+00 0.000000e+00 0.000000e+00 0.000000e+00 0.000000e+00 0.000000e+00 0.000000e+00 0.000000e+00 0.000000e+00 0.000000e+00 0.000000e+00 0.000000e+00 0.000000e+00 0.000000e+00
 0.000000e+00 5.000000e-01 5.000000e-01 0.000000e+00 0.000000e+00 0.000000e+00 0.000000e+00 0.000000e+00 0.000000e+00 0.000000e+00 0.000000e+00 0.000000e+00 0.000000e+00 0.000000e+00 0.000000e+00 0.000000e+00 0.000000e+00 0.000000e+00 0.000000e+00 0.000000e+00 0.000000e+00 0.000000e+00 0.000000e+00 0.000000e+00 0.000000e+00 0.000000e+00 0.000000e+00 0.000000e+00 0.000000e+00 0.000000e+00 0.000000e+00 0.000000e+00 0.000000e+00 0.000000e+00 0.000000e+00 0.000000e+00 0.000000e+00 0.000000e+00 0.000000e+00
 0.000000e+00 0.000000e+00 5.454546e-01 4.545455e-01 0.000000e+00 0.000000e+00 0.000000e+00 0.000000e+00 0.000000e+00 0.000000e+00 0.000000e+00 0.000000e+00 0.000000e+00 0.000000e+00 0.000000e+00 0.000000e+00 0.000000e+00 0.000000e+00 0.000000e+00 0.000000e+00 0.000000e+00 0.000000e+00 0.000000e+00 0.000000e+00 0.000000e+00 0.000000e+00 0.000000e+00 0.000000e+00 0.000000e+00 0.000000e+00 0.000000e+00 0.000000e+00 0.000000e+00 0.000000e+00 0.000000e+00 0.000000e+00 0.000000e+00 0.000000e+00 0.000000e+00
 0.000000e+00 0.000000e+00 0.000000e+00 1.666667e-01 8.333333e-01 0.000000e+00 0.000000e+00 0.000000e+00 0.000000e+00 0.000000e+00 0.000000e+00 0.000000e+00 0.000000e+00 0.000000e+00 0.000000e+00 0.000000e+00 0.000000e+00 0.000000e+00 0.000000e+00 0.000000e+00 0.000000e+00 0.000000e+00 0.000000e+00 0.000000e+00 0.000000e+00 0.000000e+00 0.000000e+00 0.000000e+00 0.000000e+00 0.000000e+00 0.000000e+00 0.000000e+00 0.000000e+00 0.000000e+00 0.000000e+00 0.000000e+00 0.000000e+00 0.000000e+00 0.000000e+00
 0.000000e+00 0.000000e+00 0.000000e+00 0.000000e+00 3.750000e-01 6.250000e-01 0.000000e+00 0.000000e+00 0.000000e+00 0.000000e+00 0.000000e+00 0.000000e+00 0.000000e+00 0.000000e+00 0.000000e+00 0.000000e+00 0.000000e+00 0.000000e+00 0.000000e+00 0.000000e+00 0.000000e+00 0.000000e+00 0.000000e+00 0.000000e+00 0.000000e+00 0.000000e+00 0.000000e+00 0.000000e+00 0.000000e+00 0.000000e+00 0.000000e+00 0.000000e+00 0.000000e+00 0.000000e+00 0.000000e+00 0.000000e+00 0.000000e+00 0.000000e+00 0.000000e+00
 0.000000e+00 0.000000e+00 0.000000e+00 0.000000e+00 0.000000e+00 2.857143e-01 7.142857e-01 0.000000e+00 0.000000e+00 0.000000e+00 0.000000e+00 0.000000e+00 0.000000e+00 0.000000e+00 0.000000e+00 0.000000e+00 0.000000e+00 0.000000e+00 0.000000e+00 0.000000e+00 0.000000e+00 0.000000e+00 0.000000e+00 0.000000e+00 0.000000e+00 0.000000e+00 0.000000e+00 0.000000e+00 0.000000e+00 0.000000e+00 0.000000e+00 0.000000e+00 0.000000e+00 0.000000e+00 0.000000e+00 0.000000e+00 0.000000e+00 0.000000e+00 0.000000e+00
 0.000000e+00 0.000000e+00 0.000000e+00 0.000000e+00 0.000000e+00 0.000000e+00 3.750000e-01 6.250000e-01 0.000000e+00 0.000000e+00 0.000000e+00 0.000000e+00 0.000000e+00 0.000000e+00 0.000000e+00 0.000000e+00 0.000000e+00 0.000000e+00 0.000000e+00 0.000000e+00 0.000000e+00 0.000000e+00 0.000000e+00 0.000000e+00 0.000000e+00 0.000000e+00 0.000000e+00 0.000000e+00 0.000000e+00 0.000000e+00 0.000000e+00 0.000000e+00 0.000000e+00 0.000000e+00 0.000000e+00 0.000000e+00 0.000000e+00 0.000000e+00 0.000000e+00
 0.000000e+00 0.000000e+00 0.000000e+00 0.000000e+00 0.000000e+00 0.000000e+00 0.000000e+00 2.857143e-01 7.142857e-01 0.000000e+00 0.000000e+00 0.000000e+00 0.000000e+00 0.000000e+00 0.000000e+00 0.000000e+00 0.000000e+00 0.000000e+00 0.000000e+00 0.000000e+00 0.000000e+00 0.000000e+00 0.000000e+00 0.000000e+00 0.000000e+00 0.000000e+00 0.000000e+00 0.000000e+00 0.000000e+00 0.000000e+00 0.000000e+00 0.000000e+00 0.000000e+00 0.000000e+00 0.000000e+00 0.000000e+00 0.000000e+00 0.000000e+00 0.000000e+00
 0.000000e+00 0.000000e+00 0.000000e+00 0.000000e+00 0.000000e+00 0.000000e+00 0.000000e+00 0.000000e+00 1.666667e-01 8.333333e-01 0.000000e+00 0.000000e+00 0.000000e+00 0.000000e+00 0.000000e+00 0.000000e+00 0.000000e+00 0.000000e+00 0.000000e+00 0.000000e+00 0.000000e+00 0.000000e+00 0.000000e+00 0.000000e+00 0.000000e+00 0.000000e+00 0.000000e+00 0.000000e+00 0.000000e+00 0.000000e+00 0.000000e+00 0.000000e+00 0.000000e+00 0.000000e+00 0.000000e+00 0.000000e+00 0.000000e+00 0.000000e+00 0.000000e+00
 0.000000e+00 0.000000e+00 0.000000e+00 0.000000e+00 0.000000e+00 0.000000e+00 0.000000e+00 0.000000e+00 0.000000e+00 4.444444e-01 5.555556e-01 0.000000e+00 0.000000e+00 0.000000e+00 0.000000e+00 0.000000e+00 0.000000e+00 0.000000e+00 0.000000e+00 0.000000e+00 0.000000e+00 0.000000e+00 0.000000e+00 0.000000e+00 0.000000e+00 0.000000e+00 0.000000e+00 0.000000e+00 0.000000e+00 0.000000e+00 0.000000e+00 0.000000e+00 0.000000e+00 0.000000e+00 0.000000e+00 0.000000e+00 0.000000e+00 0.000000e+00 0.000000e+00
 0.000000e+00 0.000000e+00 0.000000e+00 0.000000e+00 0.000000e+00 0.000000e+00 0.000000e+00 0.000000e+00 0.000000e+00 0.000000e+00 5.000000e-01 5.000000e-01 0.000000e+00 0.000000e+00 0.000000e+00 0.000000e+00 0.000000e+00 0.000000e+00 0.000000e+00 0.000000e+00 0.000000e+00 0.000000e+00 0.000000e+00 0.000000e+00 0.000000e+00 0.000000e+00 0.000000e+00 0.000000e+00 0.000000e+00 0.000000e+00 0.000000e+00 0.000000e+00 0.000000e+00 0.000000e+00 0.000000e+00 0.000000e+00 0.000000e+00 0.000000e+00 0.000000e+00
 0.000000e+00 0.000000e+00 0.000000e+00 0.000000e+00 0.000000e+00 0.000000e+00 0.000000e+00 0.000000e+00 0.000000e+00 0.000000e+00 0.000000e+00 3.750000e-01 6.250000e-01 0.000000e+00 0.000000e+00 0.000000e+00 0.000000e+00 0.000000e+00 0.000000e+00 0.000000e+00 0.000000e+00 0.000000e+00 0.000000e+00 0.000000e+00 0.000000e+00 0.000000e+00 0.000000e+00 0.000000e+00 0.000000e+00 0.000000e+00 0.000000e+00 0.000000e+00 0.000000e+00 0.000000e+00 0.000000e+00 0.000000e+00 0.000000e+00 0.000000e+00 0.000000e+00
 0.000000e+00 0.000000e+00 0.000000e+00 0.000000e+00 0.000000e+00 0.000000e+00 0.000000e+00 0.000000e+00 0.000000e+00 0.000000e+00 0.000000e+00 0.000000e+00 3.750000e-01 6.250000e-01 0.000000e+00 0.000000e+00 0.000000e+00 0.000000e+00 0.000000e+00 0.000000e+00 0.000000e+00 0.000000e+00 0.000000e+00 0.000000e+00 0.000000e+00 0.000000e+00 0.000000e+00 0.000000e+00 0.000000e+00 0.000000e+00 0.000000e+00 0.000000e+00 0.000000e+00 0.000000e+00 0.000000e+00 0.000000e+00 0.000000e+00 0.000000e+00 0.000000e+00
 0.000000e+00 0.000000e+00 0.000000e+00 0.000000e+00 0.000000e+00 0.000000e+00 0.000000e+00 0.000000e+00 0.000000e+00 0.000000e+00 0.000000e+00 0.000000e+00 0.000000e+00 3.750000e-01 6.250000e-01 0.000000e+00 0.000000e+00 0.000000e+00 0.000000e+00 0.000000e+00 0.000000e+00 0.000000e+00 0.000000e+00 0.000000e+00 0.000000e+00 0.000000e+00 0.000000e+00 0.000000e+00 0.000000e+00 0.000000e+00 0.000000e+00 0.000000e+00 0.000000e+00 0.000000e+00 0.000000e+00 0.000000e+00 0.000000e+00 0.000000e+00 0.000000e+00
 0.000000e+00 0.000000e+00 0.000000e+00 0.000000e+00 0.000000e+00 0.000000e+00 0.000000e+00 0.000000e+00 0.000000e+00 0.000000e+00 0.000000e+00 0.000000e+00 0.000000e+00 0.000000e+00 3.750000e-01 6.250000e-01 0.000000e+00 0.000000e+00 0.000000e+00 0.000000e+00 0.000000e+00 0.000000e+00 0.000000e+00 0.000000e+00 0.000000e+00 0.000000e+00 0.000000e+00 0.000000e+00 0.000000e+00 0.000000e+00 0.000000e+00 0.000000e+00 0.000000e+00 0.000000e+00 0.000000e+00 0.000000e+00 0.000000e+00 0.000000e+00 0.000000e+00
 0.000000e+00 0.000000e+00 0.000000e+00 0.000000e+00 0.000000e+00 0.000000e+00 0.000000e+00 0.000000e+00 0.000000e+00 0.000000e+00 0.000000e+00 0.000000e+00 0.000000e+00 0.000000e+00 0.000000e+00 3.750000e-01 6.250000e-01 0.000000e+00 0.000000e+00 0.000000e+00 0.000000e+00 0.000000e+00 0.000000e+00 0.000000e+00 0.000000e+00 0.000000e+00 0.000000e+00 0.000000e+00 0.000000e+00 0.000000e+00 0.000000e+00 0.000000e+00 0.000000e+00 0.000000e+00 0.000000e+00 0.000000e+00 0.000000e+00 0.000000e+00 0.000000e+00
 0.000000e+00 0.000000e+00 0.000000e+00 0.000000e+00 0.000000e+00 0.000000e+00 0.000000e+00 0.000000e+00 0.000000e+00 0.000000e+00 0.000000e+00 0.000000e+00 0.000000e+00 0.000000e+00 0.000000e+00 0.000000e+00 5.000000e-01 5.000000e-01 0.000000e+00 0.000000e+00 0.000000e+00 0.000000e+00 0.000000e+00 0.000000e+00 0.000000e+00 0.000000e+00 0.000000e+00 0.000000e+00 0.000000e+00 0.000000e+00 0.000000e+00 0.000000e+00 0.000000e+00 0.000000e+00 0.000000e+00 0.000000e+00 0.000000e+00 0.000000e+00 0.000000e+00
 0.000000e+00 0.000000e+00 0.000000e+00 0.000000e+00 0.000000e+00 0.000000e+00 0.000000e+00 0.000000e+00 0.000000e+00 0.000000e+00 0.000000e+00 0.000000e+00 0.000000e+00 0.000000e+00 0.000000e+00 0.000000e+00 0.000000e+00 1.666667e-01 8.333333e-01 0.000000e+00 0.000000e+00 0.000000e+00 0.000000e+00 0.000000e+00 0.000000e+00 0.000000e+00 0.000000e+00 0.000000e+00 0.000000e+00 0.000000e+00 0.000000e+00 0.000000e+00 0.000000e+00 0.000000e+00 0.000000e+00 0.000000e+00 0.000000e+00 0.000000e+00 0.000000e+00
 0.000000e+00 0.000000e+00 0.000000e+00 0.000000e+00 0.000000e+00 0.000000e+00 0.000000e+00 0.000000e+00 0.000000e+00 0.000000e+00 0.000000e+00 0.000000e+00 0.000000e+00 0.000000e+00 0.000000e+00 0.000000e+00 0.000000e+00 0.000000e+00 4.444444e-01 5.555556e-01 0.000000e+00 0.000000e+00 0.000000e+00 0.000000e+00 0.000000e+00 0.000000e+00 0.000000e+00 0.000000e+00 0.000000e+00 0.000000e+00 0.000000e+00 0.000000e+00 0.000000e+00 0.000000e+00 0.000000e+00 0.000000e+00 0.000000e+00 0.000000e+00 0.000000e+00
 0.000000e+00 0.000000e+00 0.000000e+00 0.000000e+00 0.000000e+00 0.000000e+00 0.000000e+00 0.000000e+00 0.000000e+00 0.000000e+00 0.000000e+00 0.000000e+00 0.000000e+00 0.000000e+00 0.000000e+00 0.000000e+00 0.000000e+00 0.000000e+00 0.000000e+00 1.666667e-01 8.333333e-01 0.000000e+00 0.000000e+00 0.000000e+00 0.000000e+00 0.000000e+00 0.000000e+00 0.000000e+00 0.000000e+00 0.000000e+00 0.000000e+00 0.000000e+00 0.000000e+00 0.000000e+00 0.000000e+00 0.000000e+00 0.000000e+00 0.000000e+00 0.000000e+00
 0.000000e+00 0.000000e+00 0.000000e+00 0.000000e+00 0.000000e+00 0.000000e+00 0.000000e+00 0.000000e+00 0.000000e+00 0.000000e+00 0.000000e+00 0.000000e+00 0.000000e+00 0.000000e+00 0.000000e+00 0.000000e+00 0.000000e+00 0.000000e+00 0.000000e+00 0.000000e+00 3.750000e-01 6.250000e-01 0.000000e+00 0.000000e+00 0.000000e+00 0.000000e+00 0.000000e+00 0.000000e+00 0.000000e+00 0.000000e+00 0.000000e+00 0.000000e+00 0.000000e+00 0.000000e+00 0.000000e+00 0.000000e+00 0.000000e+00 0.000000e+00 0.000000e+00
 0.000000e+00 0.000000e+00 0.000000e+00 0.000000e+00 0.000000e+00 0.000000e+00 0.000000e+00 0.000000e+00 0.000000e+00 0.000000e+00 0.000000e+00 0.000000e+00 0.000000e+00 0.000000e+00 0.000000e+00 0.000000e+00 0.000000e+00 0.000000e+00 0.000000e+00 0.000000e+00 0.000000e+00 4.444444e-01 5.555556e-01 0.000000e+00 0.000000e+00 0.000000e+00 0.000000e+00 0.000000e+00 0.000000e+00 0.000000e+00 0.000000e+00 0.000000e+00 0.000000e+00 0.000000e+00 0.000000e+00 0.000000e+00 0.000000e+00 0.000000e+00 0.000000e+00
 0.000000e+00 0.000000e+00 0.000000e+00 0.000000e+00 0.000000e+00 0.000000e+00 0.000000e+00 0.000000e+00 0.000000e+00 0.000000e+00 0.000000e+00 0.000000e+00 0.000000e+00 0.000000e+00 0.000000e+00 0.000000e+00 0.000000e+00 0.000000e+00 0.000000e+00 0.000000e+00 0.000000e+00 0.000000e+00 4.444444e-01 5.555556e-01 0.000000e+00 0.000000e+00 0.000000e+00 0.000000e+00 0.000000e+00 0.000000e+00 0.000000e+00 0.000000e+00 0.000000e+00 0.000000e+00 0.000000e+00 0.000000e+00 0.000000e+00 0.000000e+00 0.000000e+00
 0.000000e+00 0.000000e+00 0.000000e+00 0.000000e+00 0.000000e+00 0.000000e+00 0.000000e+00 0.000000e+00 0.000000e+00 0.000000e+00 0.000000e+00 0.000000e+00 0.000000e+00 0.000000e+00 0.000000e+00 0.000000e+00 0.000000e+00 0.000000e+00 0.000000e+00 0.000000e+00 0.000000e+00 0.000000e+00 0.000000e+00 1.666667e-01 8.333333e-01 0.000000e+00 0.000000e+00 0.000000e+00 0.000000e+00 0.000000e+00 0.000000e+00 0.000000e+00 0.000000e+00 0.000000e+00 0.000000e+00 0.000000e+00 0.000000e+00 0.000000e+00 0.000000e+00
 0.000000e+00 0.000000e+00 0.000000e+00 0.000000e+00 0.000000e+00 0.000000e+00 0.000000e+00 0.000000e+00 0.000000e+00 0.000000e+00 0.000000e+00 0.000000e+00 0.000000e+00 0.000000e+00 0.000000e+00 0.000000e+00 0.000000e+00 0.000000e+00 0.000000e+00 0.000000e+00 0.000000e+00 0.000000e+00 0.000000e+00 0.000000e+00 3.750000e-01 6.250000e-01 0.000000e+00 0.000000e+00 0.000000e+00 0.000000e+00 0.000000e+00 0.000000e+00 0.000000e+00 0.000000e+00 0.000000e+00 0.000000e+00 0.000000e+00 0.000000e+00 0.000000e+00
 0.000000e+00 0.000000e+00 0.000000e+00 0.000000e+00 0.000000e+00 0.000000e+00 0.000000e+00 0.000000e+00 0.000000e+00 0.000000e+00 0.000000e+00 0.000000e+00 0.000000e+00 0.000000e+00 0.000000e+00 0.000000e+00 0.000000e+00 0.000000e+00 0.000000e+00 0.000000e+00 0.000000e+00 0.000000e+00 0.000000e+00 0.000000e+00 0.000000e+00 3.750000e-01 6.250000e-01 0.000000e+00 0.000000e+00 0.000000e+00 0.000000e+00 0.000000e+00 0.000000e+00 0.000000e+00 0.000000e+00 0.000000e+00 0.000000e+00 0.000000e+00 0.000000e+00
 0.000000e+00 0.000000e+00 0.000000e+00 0.000000e+00 0.000000e+00 0.000000e+00 0.000000e+00 0.000000e+00 0.000000e+00 0.000000e+00 0.000000e+00 0.000000e+00 0.000000e+00 0.000000e+00 0.000000e+00 0.000000e+00 0.000000e+00 0.000000e+00 0.000000e+00 0.000000e+00 0.000000e+00 0.000000e+00 0.000000e+00 0.000000e+00 0.000000e+00 0.000000e+00 3.750000e-01 6.250000e-01 0.000000e+00 0.000000e+00 0.000000e+00 0.000000e+00 0.000000e+00 0.000000e+00 0.000000e+00 0.000000e+00 0.000000e+00 0.000000e+00 0.000000e+00
 0.000000e+00 0.000000e+00 0.000000e+00 0.000000e+00 0.000000e+00 0.000000e+00 0.000000e+00 0.000000e+00 0.000000e+00 0.000000e+00 0.000000e+00 0.000000e+00 0.000000e+00 0.000000e+00 0.000000e+00 0.000000e+00 0.000000e+00 0.000000e+00 0.000000e+00 0.000000e+00 0.000000e+00 0.000000e+00 0.000000e+00 0.000000e+00 0.000000e+00 0.000000e+00 0.000000e+00 3.750000e-01 6.250000e-01 0.000000e+00 0.000000e+00 0.000000e+00 0.000000e+00 0.000000e+00 0.000000e+00 0.000000e+00 0.000000e+00 0.000000e+00 0.000000e+00
 0.000000e+00 0.000000e+00 0.000000e+00 0.000000e+00 0.000000e+00 0.000000e+00 0.000000e+00 0.000000e+00 0.000000e+00 0.000000e+00 0.000000e+00 0.000000e+00 0.000000e+00 0.000000e+00 0.000000e+00 0.000000e+00 0.000000e+00 0.000000e+00 0.000000e+00 0.000000e+00 0.000000e+00 0.000000e+00 0.000000e+00 0.000000e+00 0.000000e+00 0.000000e+00 0.000000e+00 0.000000e+00 3.750000e-01 6.250000e-01 0.000000e+00 0.000000e+00 0.000000e+00 0.000000e+00 0.000000e+00 0.000000e+00 0.000000e+00 0.000000e+00 0.000000e+00
 0.000000e+00 0.000000e+00 0.000000e+00 0.000000e+00 0.000000e+00 0.000000e+00 0.000000e+00 0.000000e+00 0.000000e+00 0.000000e+00 0.000000e+00 0.000000e+00 0.000000e+00 0.000000e+00 0.000000e+00 0.000000e+00 0.000000e+00 0.000000e+00 0.000000e+00 0.000000e+00 0.000000e+00 0.000000e+00 0.000000e+00 0.000000e+00 0.000000e+00 0.000000e+00 0.000000e+00 0.000000e+00 0.000000e+00 4.444444e-01 5.555556e-01 0.000000e+00 0.000000e+00 0.000000e+00 0.000000e+00 0.000000e+00 0.000000e+00 0.000000e+00 0.000000e+00
 0.000000e+00 0.000000e+00 0.000000e+00 0.000000e+00 0.000000e+00 0.000000e+00 0.000000e+00 0.000000e+00 0.000000e+00 0.000000e+00 0.000000e+00 0.000000e+00 0.000000e+00 0.000000e+00 0.000000e+00 0.000000e+00 0.000000e+00 0.000000e+00 0.000000e+00 0.000000e+00 0.000000e+00 0.000000e+00 0.000000e+00 0.000000e+00 0.000000e+00 0.000000e+00 0.000000e+00 0.000000e+00 0.000000e+00 0.000000e+00 1.666667e-01 8.333333e-01 0.000000e+00 0.000000e+00 0.000000e+00 0.000000e+00 0.000000e+00 0.000000e+00 0.000000e+00
 0.000000e+00 0.000000e+00 0.000000e+00 0.000000e+00 0.000000e+00 0.000000e+00 0.000000e+00 0.000000e+00 0.000000e+00 0.000000e+00 0.000000e+00 0.000000e+00 0.000000e+00 0.000000e+00 0.000000e+00 0.000000e+00 0.000000e+00 0.000000e+00 0.000000e+00 0.000000e+00 0.000000e+00 0.000000e+00 0.000000e+00 0.000000e+00 0.000000e+00 0.000000e+00 0.000000e+00 0.000000e+00 0.000000e+00 0.000000e+00 0.000000e+00 5.000000e-01 5.000000e-01 0.000000e+00 0.000000e+00 0.000000e+00 0.000000e+00 0.000000e+00 0.000000e+00
 0.000000e+00 0.000000e+00 0.000000e+00 0.000000e+00 0.000000e+00 0.000000e+00 0.000000e+00 0.000000e+00 0.000000e+00 0.000000e+00 0.000000e+00 0.000000e+00 0.000000e+00 0.000000e+00 0.000000e+00 0.000000e+00 0.000000e+00 0.000000e+00 0.000000e+00 0.000000e+00 0.000000e+00 0.000000e+00 0.000000e+00 0.000000e+00 0.000000e+00 0.000000e+00 0.000000e+00 0.000000e+00 0.000000e+00 0.000000e+00 0.000000e+00 0.000000e+00 1.666667e-01 8.333333e-01 0.000000e+00 0.000000e+00 0.000000e+00 0.000000e+00 0.000000e+00
 0.000000e+00 0.000000e+00 0.000000e+00 0.000000e+00 0.000000e+00 0.000000e+00 0.000000e+00 0.000000e+00 0.000000e+00 0.000000e+00 0.000000e+00 0.000000e+00 0.000000e+00 0.000000e+00 0.000000e+00 0.000000e+00 0.000000e+00 0.000000e+00 0.000000e+00 0.000000e+00 0.000000e+00 0.000000e+00 0.000000e+00 0.000000e+00 0.000000e+00 0.000000e+00 0.000000e+00 0.000000e+00 0.000000e+00 0.000000e+00 0.000000e+00 0.000000e+00 0.000000e+00 4.444444e-01 5.555556e-01 0.000000e+00 0.000000e+00 0.000000e+00 0.000000e+00
 0.000000e+00 0.000000e+00 0.000000e+00 0.000000e+00 0.000000e+00 0.000000e+00 0.000000e+00 0.000000e+00 0.000000e+00 0.000000e+00 0.000000e+00 0.000000e+00 0.000000e+00 0.000000e+00 0.000000e+00 0.000000e+00 0.000000e+00 0.000000e+00 0.000000e+00 0.000000e+00 0.000000e+00 0.000000e+00 0.000000e+00 0.000000e+00 0.000000e+00 0.000000e+00 0.000000e+00 0.000000e+00 0.000000e+00 0.000000e+00 0.000000e+00 0.000000e+00 0.000000e+00 0.000000e+00 5.000000e-01 5.000000e-01 0.000000e+00 0.000000e+00 0.000000e+00
 0.000000e+00 0.000000e+00 0.000000e+00 0.000000e+00 0.000000e+00 0.000000e+00 0.000000e+00 0.000000e+00 0.000000e+00 0.000000e+00 0.000000e+00 0.000000e+00 0.000000e+00 0.000000e+00 0.000000e+00 0.000000e+00 0.000000e+00 0.000000e+00 0.000000e+00 0.000000e+00 0.000000e+00 0.000000e+00 0.000000e+00 0.000000e+00 0.000000e+00 0.000000e+00 0.000000e+00 0.000000e+00 0.000000e+00 0.000000e+00 0.000000e+00 0.000000e+00 0.000000e+00 0.000000e+00 0.000000e+00 0.000000e+00 1.000000e+00 0.000000e+00 0.000000e+00
 0.000000e+00 0.000000e+00 0.000000e+00 0.000000e+00 0.000000e+00 0.000000e+00 0.000000e+00 0.000000e+00 0.000000e+00 0.000000e+00 0.000000e+00 0.000000e+00 0.000000e+00 0.000000e+00 0.000000e+00 0.000000e+00 0.000000e+00 0.000000e+00 0.000000e+00 0.000000e+00 0.000000e+00 0.000000e+00 0.000000e+00 0.000000e+00 0.000000e+00 0.000000e+00 0.000000e+00 0.000000e+00 0.000000e+00 0.000000e+00 0.000000e+00 0.000000e+00 0.000000e+00 0.000000e+00 0.000000e+00 0.000000e+00 4.444444e-01 5.555556e-01 0.000000e+00
 0.000000e+00 0.000000e+00 0.000000e+00 0.000000e+00 0.000000e+00 0.000000e+00 0.000000e+00 0.000000e+00 0.000000e+00 0.000000e+00 0.000000e+00 0.000000e+00 0.000000e+00 0.000000e+00 0.000000e+00 0.000000e+00 0.000000e+00 0.000000e+00 0.000000e+00 0.000000e+00 0.000000e+00 0.000000e+00 0.000000e+00 0.000000e+00 0.000000e+00 0.000000e+00 0.000000e+00 0.000000e+00 0.000000e+00 0.000000e+00 0.000000e+00 0.000000e+00 0.000000e+00 0.000000e+00 0.000000e+00 0.000000e+00 0.000000e+00 0.000000e+00 1.000000e+00
 0.000000e+00 0.000000e+00 0.000000e+00 0.000000e+00 0.000000e+00 0.000000e+00 0.000000e+00 0.000000e+00 0.000000e+00 0.000000e+00 0.000000e+00 0.000000e+00 0.000000e+00 0.000000e+00 0.000000e+00 0.000000e+00 0.000000e+00 0.000000e+00 0.000000e+00 0.000000e+00 0.000000e+00 0.000000e+00 0.000000e+00 0.000000e+00 0.000000e+00 0.000000e+00 0.000000e+00 0.000000e+00 0.000000e+00 0.000000e+00 0.000000e+00 0.000000e+00 0.000000e+00 0.000000e+00 0.000000e+00 0.000000e+00 0.000000e+00 0.000000e+00 0.000000e+00
<ENDHMM>
