~o
<STREAMINFO> 1 39
<VECSIZE> 39<NULLD><MFCC_E_D_A><DIAGC>
~h "Giup"
<BEGINHMM>
<NUMSTATES> 9
<STATE> 2
<NUMMIXES> 4
<MIXTURE> 1 5.000000e-01
<MEAN> 39
 -5.780033e+00 -9.655622e+00 -1.809563e+00 -3.109620e+00 1.359192e+00 -3.282686e+00 2.593630e+00 -1.290574e-02 1.049453e+00 -2.636641e+00 6.557066e-01 -1.880453e+00 6.581645e-02 8.773671e-01 9.637883e-01 -4.565156e-01 -2.186986e+00 -4.751519e-01 -1.749409e+00 -3.075554e-01 8.378036e-01 -1.811058e+00 -6.419173e-01 -1.402388e+00 -5.076615e-01 7.805818e-02 2.645097e-01 4.253493e-01 -7.284440e-02 -1.174754e+00 -4.438194e-02 -9.363857e-01 -4.630273e-01 -1.338640e-01 -3.925029e-01 -4.771600e-01 -5.761407e-01 -4.053811e-01 3.300027e-02
<VARIANCE> 39
 4.772396e+00 8.357740e+00 1.252423e+01 1.369837e+01 8.467636e+00 2.002896e+01 1.554039e+01 1.113475e+01 7.583146e+00 8.020885e+00 1.004205e+01 5.429872e+00 2.205706e-02 1.435899e+00 9.971402e-01 1.339101e+00 3.159035e+00 1.242857e+00 4.687182e+00 1.465197e+00 1.147337e+00 2.174567e+00 3.063358e+00 2.149611e+00 1.861495e+00 1.000000e-02 2.136486e-01 1.903991e-01 4.161385e-01 1.499243e-01 3.746388e-01 9.749253e-01 2.704489e-01 3.111794e-01 4.446783e-01 6.193553e-01 2.377655e-01 1.659627e-01 1.000000e-02
<GCONST> 7.926264e+01
<MIXTURE> 2 1.764706e-01
<MEAN> 39
 -3.027590e+00 -4.232977e+00 -2.693680e+00 -1.540226e+01 -2.203431e+00 -8.754540e+00 -1.567246e+00 2.278482e+00 -5.122043e+00 -4.659298e+00 -5.787252e+00 -4.421901e+00 3.547774e-01 -4.761595e-02 7.806910e-01 8.742492e-01 -4.759568e+00 -5.453172e-01 -8.236578e-01 -2.528794e+00 -4.594719e-01 2.004267e-01 3.561669e-01 -1.186476e+00 -9.564865e-01 1.263468e-01 -5.360141e-01 -1.036569e+00 6.296251e-01 2.278795e-01 -2.453975e-01 4.116624e-01 -3.118237e-02 -8.477032e-01 1.062566e+00 4.851301e-01 1.433383e-01 6.466319e-03 6.866670e-04
<VARIANCE> 39
 1.265225e+01 2.300055e+00 1.637610e+01 6.499205e+00 9.306487e+00 9.241102e+00 1.891689e+00 1.572691e+01 3.197840e+00 1.688276e+01 1.490567e+00 8.541146e+00 2.428570e-02 2.093810e+00 1.774930e+00 1.814303e+00 9.362793e-01 3.639966e-01 2.748297e+00 1.301136e+00 1.469070e+00 2.190355e+00 2.392982e+00 3.269927e-01 3.918805e-01 1.000000e-02 2.834289e-01 7.107649e-02 4.266935e-01 4.852692e-01 3.305277e-01 4.263696e-01 3.663704e-01 1.246803e-01 4.973818e-02 6.006726e-01 1.392912e-01 1.578186e-01 1.000000e-02
<GCONST> 6.540678e+01
<MIXTURE> 3 1.470588e-01
<MEAN> 39
 8.640689e-01 -2.016821e+00 -3.060201e+00 -2.198522e+01 9.008289e+00 -3.065615e+01 5.354464e-01 -6.465246e+00 -9.394089e+00 -1.308310e+01 -1.242169e+01 -9.906304e+00 6.967002e-01 -8.332565e-01 9.910207e-01 1.255492e-01 -3.013898e+00 2.172107e+00 -2.803988e+00 -1.878255e-01 -1.323464e+00 1.778530e+00 -1.697726e+00 9.962260e-01 -5.510511e-01 7.599378e-02 -9.452187e-01 -1.356948e+00 -2.768823e-01 1.342871e+00 -1.631936e+00 2.632922e+00 8.320504e-01 1.004207e+00 2.123590e+00 1.501757e+00 1.975920e+00 8.583142e-01 -4.001179e-02
<VARIANCE> 39
 4.105591e+00 5.839788e+00 2.735424e+00 2.739952e+00 3.519544e+01 1.712535e+01 6.334006e+00 1.777413e+01 3.459888e+01 4.995414e+00 3.276748e+01 6.451875e+00 1.000000e-02 1.377592e+00 1.839000e+00 7.384373e-02 2.934988e+00 3.180329e+00 1.353612e+01 7.509216e-01 1.488871e+00 5.628992e+00 1.061903e+00 7.348528e+00 2.592315e+00 1.000000e-02 8.293810e-02 1.247524e-01 3.336477e-02 2.090435e-01 1.333783e+00 6.528408e-01 9.333786e-02 2.568381e-01 2.985654e-01 4.809588e-01 4.144132e-01 3.149925e-01 1.000000e-02
<GCONST> 7.531107e+01
<MIXTURE> 4 1.764706e-01
<MEAN> 39
 -2.209862e+00 -3.808867e+00 -3.144797e+00 -2.031688e+01 -4.964661e-01 -1.249351e+01 -5.439110e+00 3.785737e+00 -5.727187e+00 -5.403971e+00 -7.325960e+00 -5.920226e+00 5.672582e-01 5.222181e-01 -3.642348e-01 1.878785e+00 -4.120129e+00 9.909032e-02 -2.738333e+00 -1.191420e+00 -2.088969e+00 -5.901972e-03 -5.767087e-01 -2.719610e+00 -1.967746e+00 1.354749e-01 -4.433402e-01 -7.732095e-01 3.143227e-01 1.052831e+00 -3.988242e-01 4.744966e-01 1.072337e+00 -4.382127e-01 1.149355e+00 4.796565e-01 3.901863e-01 2.092357e-01 -1.426437e-02
<VARIANCE> 39
 3.030212e+01 1.078942e+01 1.616994e+01 4.361692e+01 1.054931e+01 7.854006e+00 2.003488e+01 3.583412e+00 2.503814e+01 3.572351e+01 2.010772e+01 1.058547e+01 1.000000e-02 1.102364e+00 6.922615e+00 1.213378e+00 2.561999e+00 5.559595e+00 1.628949e+01 1.880898e+00 9.595909e-01 6.637787e+00 5.405974e+00 2.060199e+00 8.049609e-01 1.000000e-02 4.310639e-01 5.420083e-01 3.168525e-01 6.915453e-01 7.628806e-01 1.848318e-01 4.395778e-01 1.764959e-01 1.934767e-01 1.134144e+00 3.931198e-01 2.606378e-01 1.000000e-02
<GCONST> 9.212439e+01
<STATE> 3
<NUMMIXES> 4
<MIXTURE> 1 3.235294e-01
<MEAN> 39
 -7.072890e+00 -1.228347e+01 2.829580e+00 -2.286096e+01 -1.300577e+01 -9.646603e+00 -1.261588e+00 -2.136226e+00 5.563174e+00 3.582685e+00 -9.742992e+00 -6.137029e+00 8.253295e-01 -8.063259e-01 -1.863575e+00 -1.296224e+00 1.267427e+00 -3.044379e+00 -6.787265e-01 3.177459e+00 5.083532e-01 1.583219e+00 2.422851e+00 8.119359e-01 9.935565e-02 8.114810e-02 -1.828289e-03 1.214070e-01 -9.882441e-01 8.366926e-01 1.001007e+00 -6.688394e-02 5.226169e-01 7.275718e-01 -8.205334e-01 -8.698499e-01 6.098837e-01 5.257909e-01 -1.519669e-02
<VARIANCE> 39
 6.928598e+00 6.985601e+00 4.667750e+00 1.010629e+01 1.690109e+01 7.876674e+00 2.947785e+01 1.517015e+01 1.449249e+01 2.919601e+01 2.289375e+01 5.168317e+00 1.174606e-02 5.976137e-01 2.125078e+00 2.611519e+00 1.030148e+00 2.558935e+00 1.779307e+00 1.605112e+00 2.104174e+00 3.058048e+00 3.312178e+00 3.592459e+00 4.026389e-01 1.000000e-02 1.627363e-01 3.288796e-01 3.543643e-01 5.640361e-01 1.059873e+00 2.684013e-01 7.751234e-01 2.251164e-01 6.330112e-01 2.074019e+00 6.008639e-01 2.195175e-01 1.000000e-02
<GCONST> 8.492313e+01
<MIXTURE> 2 1.176471e-01
<MEAN> 39
 -8.926517e+00 -1.997638e+01 -1.089627e+01 -1.191281e+01 -5.035555e+00 -1.185124e+01 1.157722e+01 5.197405e+00 1.233640e+00 -7.203369e+00 -4.968747e+00 6.190810e-01 9.513838e-01 -5.346096e-01 -1.547650e+00 -2.575181e+00 1.883216e+00 3.215711e+00 1.209956e+00 1.817148e-01 -2.899711e-01 -1.721109e-01 -4.054277e+00 -5.339159e-01 2.210299e+00 4.410645e-03 5.005460e-01 2.296284e-01 4.394707e-01 -1.204942e+00 -6.306124e-02 1.807536e-01 -1.277738e+00 -2.978998e-01 9.031925e-01 9.547684e-01 -4.152521e-03 -1.121151e+00 -2.064725e-03
<VARIANCE> 39
 9.402292e-01 4.325212e+00 4.159240e+00 3.000338e+00 1.172370e+01 2.786096e+01 1.343451e+01 4.397899e+00 1.044582e+01 1.949358e+01 1.636580e+01 2.616350e+01 1.000000e-02 1.950652e-01 2.417474e-02 5.413913e-01 1.963948e+00 5.049372e-01 6.428342e-02 2.833492e+00 3.668881e-01 1.276303e+00 1.411288e+00 1.680482e-01 2.760309e+00 1.000000e-02 1.258662e-02 1.048094e-01 1.094987e-01 1.263268e-01 3.612858e-01 5.578670e-02 5.022348e-02 1.000000e-02 2.275369e-01 7.640073e-01 7.337790e-02 5.530584e-01 1.000000e-02
<GCONST> 4.680177e+01
<MIXTURE> 3 1.470588e-01
<MEAN> 39
 -3.374803e+00 -4.558132e+00 -3.033556e+00 -2.391929e+01 3.286742e+00 -2.059187e+01 -1.688807e+00 -4.524997e+00 -5.328644e-01 -1.279912e+01 -5.106447e+00 -8.581816e+00 7.093859e-01 -1.736479e+00 -2.908445e+00 -4.843718e-01 -4.104855e-01 -4.696275e+00 1.374322e+00 2.127432e+00 1.362785e+00 4.421029e+00 3.473256e+00 2.753694e+00 5.209491e-01 5.904302e-02 1.991961e-01 -8.208656e-01 -4.388978e-01 1.167109e+00 -1.378251e+00 -6.982639e-02 1.340806e+00 7.975153e-01 -1.760848e-01 1.731555e+00 -4.578736e-02 5.277044e-02 4.328849e-03
<VARIANCE> 39
 9.940041e+00 2.759254e+00 1.816640e+01 7.463157e+00 3.144977e+01 5.921540e+01 1.114667e+01 1.192453e+01 2.118619e+01 1.181398e+01 6.445624e+00 6.961260e+00 1.000000e-02 2.386260e-01 1.584836e-01 6.220351e-01 7.971653e-01 2.977332e+00 3.396809e+00 1.786599e+00 4.147725e+00 1.992356e+00 3.637590e+00 3.413077e+00 1.060713e+00 1.000000e-02 4.423174e-02 1.276802e-01 1.785598e-01 1.276473e-01 4.765646e-01 6.002347e-01 5.768388e-02 2.660643e-01 7.120661e-01 3.456120e-01 4.723276e-01 4.099126e-01 1.000000e-02
<GCONST> 7.400587e+01
<MIXTURE> 4 4.117647e-01
<MEAN> 39
 -7.328657e+00 -1.570694e+01 -7.669949e+00 -1.876948e+01 -1.264894e+01 -1.982654e+01 1.246236e+01 1.457639e+00 6.214673e+00 3.662286e+00 -3.092735e-01 -7.723221e+00 9.646041e-01 -6.081495e-01 -2.303552e+00 -2.140666e+00 2.440899e+00 2.374537e-01 -6.245899e-03 2.386874e+00 1.123572e+00 -1.790465e+00 -1.220505e+00 2.203401e-01 1.169491e+00 2.276966e-02 2.285967e-01 2.713478e-01 -1.279421e-01 2.792144e-01 1.693819e+00 1.687628e-01 -1.084541e+00 -4.467148e-01 -8.357615e-01 -1.768274e+00 -7.584952e-01 3.964587e-01 -1.676994e-02
<VARIANCE> 39
 6.349120e+00 9.851932e+00 8.621355e+00 8.941710e+00 1.726216e+01 3.007904e+01 2.352429e+01 8.619943e+00 3.391761e+01 3.144207e+01 1.369432e+01 1.103783e+01 1.000000e-02 2.003257e-01 4.747655e-01 8.546441e-01 5.772476e-01 1.026919e+01 3.638794e-01 2.723109e+00 1.077519e+00 8.811509e+00 2.148014e+01 1.539126e+00 2.527912e+00 1.000000e-02 3.464321e-02 4.383988e-02 1.826669e-01 1.756877e-01 5.199155e-01 2.688413e-01 4.535819e-01 5.234502e-02 2.141655e+00 1.326077e+00 2.673466e-01 2.825778e-01 1.000000e-02
<GCONST> 7.865824e+01
<STATE> 4
<NUMMIXES> 4
<MIXTURE> 1 2.333333e-01
<MEAN> 39
 -9.338826e+00 -2.187119e+01 -9.705676e+00 -1.095818e+01 -3.255094e+00 -1.107655e+01 8.328979e+00 3.481663e+00 2.712219e+00 -8.051205e+00 -5.786198e+00 3.640102e+00 9.685606e-01 9.929833e-01 -9.448222e-01 -1.378812e+00 5.587227e-01 3.318069e+00 1.737483e-01 -2.631410e+00 -3.518271e-01 1.434395e+00 -1.005515e+00 -1.294075e+00 -5.361157e-01 4.023910e-05 5.319525e-01 5.139670e-01 4.732780e-01 -9.379616e-01 -6.159441e-01 -7.244182e-02 -1.063349e+00 -3.288130e-01 7.689123e-01 1.888579e+00 -3.773288e-01 -1.632706e+00 -4.813898e-03
<VARIANCE> 39
 1.307423e+00 2.216529e+00 4.998990e+00 4.840585e-01 5.166227e+00 3.131123e+00 6.675004e+00 2.756769e+00 1.825007e+01 6.687508e+00 6.992442e+00 2.919842e+00 1.000000e-02 1.095572e-01 2.554063e-01 4.386190e-02 2.389212e+00 2.052990e+00 3.171857e-01 2.170425e+00 5.401128e-01 2.286596e+00 6.776715e+00 1.181590e+00 5.750283e+00 1.000000e-02 2.275986e-02 2.297508e-02 8.223295e-02 8.936178e-02 3.228322e-01 2.202920e-02 4.307486e-01 2.170020e-01 6.868164e-01 5.019211e-01 2.500533e-01 1.017339e-01 1.000000e-02
<GCONST> 4.735888e+01
<MIXTURE> 2 4.333333e-01
<MEAN> 39
 -4.205776e+00 -2.151243e+01 -1.587113e+01 -1.500341e+01 3.985883e-01 -1.166638e+01 2.049887e+00 2.267198e+00 6.341548e+00 -4.434519e+00 -7.799775e+00 -7.542797e+00 9.640453e-01 2.602091e+00 7.602051e-02 1.450513e+00 -2.904339e-01 -8.196855e-01 5.636380e-01 -2.342672e+00 4.292733e-01 4.662029e-01 2.046853e+00 -1.096313e+00 -1.666020e+00 -4.166409e-02 2.730256e-01 3.893901e-02 1.018348e+00 1.012005e+00 -1.013490e+00 -4.269229e-01 7.320452e-01 1.077671e-01 -8.100943e-01 -6.788046e-02 6.322734e-01 9.211550e-01 -2.865648e-02
<VARIANCE> 39
 1.164813e+01 4.944921e+00 1.328140e+01 5.569165e+00 1.286647e+01 1.801392e+01 2.013971e+01 1.381762e+01 1.156193e+01 1.905131e+01 6.940092e+00 2.135497e+01 1.000000e-02 4.076674e-01 3.503739e-01 2.614353e+00 4.005006e+00 4.366788e+00 2.364144e+00 2.005129e+00 1.084963e+00 2.737384e+00 1.889344e+00 1.783057e+00 4.411187e+00 1.000000e-02 2.155725e-01 6.305557e-02 2.672933e-01 3.463416e-01 5.171991e-01 2.374706e-01 3.038275e-01 2.909563e-01 2.796729e-01 4.605697e-01 1.878355e-01 3.584470e-01 1.000000e-02
<GCONST> 7.895815e+01
<MIXTURE> 3 1.666667e-01
<MEAN> 39
 -7.178540e+00 -2.058105e+01 -1.708556e+01 -8.670274e+00 1.309718e-01 -2.111832e+01 1.466698e+01 1.540914e+00 -2.815088e+00 -9.976146e+00 -4.516934e-01 -4.801019e+00 9.451844e-01 7.225783e-01 -7.456530e-01 -1.527872e+00 -1.811901e-01 3.014991e+00 1.816901e+00 -3.179332e+00 -3.725169e-01 1.324904e+00 -5.234884e-01 -1.207240e+00 9.807000e-02 5.254767e-03 7.776844e-01 4.614750e-01 7.697238e-01 -1.103632e+00 -1.172364e+00 3.607362e-01 -7.312797e-01 9.843589e-02 1.272236e+00 1.702112e+00 -4.221473e-01 -8.884607e-01 9.864025e-04
<VARIANCE> 39
 6.819729e-01 6.733719e+00 1.201918e+00 3.132894e+00 1.831579e+01 9.386041e+00 1.548341e+01 2.527898e+00 5.519544e+00 4.403258e-01 2.163916e+00 3.396201e+00 1.000000e-02 4.247372e-01 1.201802e-02 1.970998e-01 2.486796e+00 2.729064e+00 9.868933e-02 9.563099e-01 1.566286e-01 2.082331e+00 2.900045e+00 8.320667e-01 2.509753e+00 1.000000e-02 1.361200e-02 2.483465e-02 7.160522e-02 1.104591e-01 9.036289e-01 6.937247e-02 2.340776e-01 2.449541e-01 7.451993e-01 2.835355e-01 8.168252e-02 1.227824e-01 1.000000e-02
<GCONST> 4.112503e+01
<MIXTURE> 4 1.666667e-01
<MEAN> 39
 4.762593e+00 -2.273769e+01 -7.333525e+00 -6.404795e+00 -7.931957e+00 -1.429574e+01 2.821264e-01 1.687049e+00 -1.751605e+00 -4.785832e+00 -6.910663e+00 -1.964089e+00 7.047541e-01 1.715927e+00 -4.526186e-01 1.926847e+00 3.564095e+00 -2.098935e+00 -1.109697e+00 -7.257569e-01 -6.386827e-01 -8.160540e-01 -1.117124e-01 1.486292e+00 2.238420e+00 -1.145815e-01 -1.055416e+00 -1.723048e-01 -9.863409e-01 -2.053757e-01 5.510093e-01 4.272328e-01 6.938674e-01 1.669507e-01 7.535734e-01 -5.461365e-01 3.036073e-01 -5.382333e-02 7.080229e-03
<VARIANCE> 39
 1.905177e+00 2.200731e+00 2.004942e+00 1.048930e+01 1.285887e+01 3.653566e+01 1.009081e+01 1.248246e+01 1.324664e+01 1.470580e+01 2.902301e+01 1.087112e+01 1.000000e-02 7.322783e-01 2.394913e-01 2.949249e+00 7.486852e-02 9.696889e-01 3.020252e+00 1.183524e+00 2.686759e+00 1.521638e+00 1.690448e+00 2.037398e-01 1.758824e+00 1.000000e-02 1.770682e-02 7.448642e-02 1.000000e-02 3.314984e-01 2.436518e-01 6.372793e-01 4.883671e-01 4.242791e-01 1.999937e-01 3.813515e-01 6.798925e-01 1.437131e-01 1.000000e-02
<GCONST> 6.257796e+01
<STATE> 5
<NUMMIXES> 4
<MIXTURE> 1 1.818182e-01
<MEAN> 39
 4.193779e+00 -1.911656e+01 -3.957185e+00 -5.182972e-01 -6.060467e+00 -7.087553e+00 6.618310e+00 4.458555e+00 5.782088e+00 -1.281988e+00 -2.354646e-01 -2.681460e-01 5.303616e-01 -1.561657e-01 6.061292e-02 -5.041743e-01 5.426967e-01 -7.154878e-01 -2.987412e-01 1.069154e+00 6.313905e-01 2.487648e-01 -3.940448e-01 8.657616e-01 -1.445005e-02 -2.374122e-02 -2.167478e-01 -1.414703e-01 -7.772007e-01 -1.157895e+00 -2.111503e-02 -4.595499e-01 -5.690233e-01 -1.337582e-01 -8.259404e-03 1.976226e-01 -3.100406e-01 -6.475632e-01 1.741159e-02
<VARIANCE> 39
 8.962438e-01 6.387984e+00 3.550002e+00 1.470280e+01 1.974648e+01 2.058834e+00 7.228691e+00 1.075640e+01 2.825583e+01 9.471430e+00 1.205501e+01 7.720711e+00 1.000000e-02 3.418736e-02 2.873200e-01 7.481458e-01 1.980135e+00 1.291506e+00 2.190540e-01 4.214103e+00 2.885517e+00 3.762830e+00 1.445473e+00 6.685353e-01 1.912221e+00 1.000000e-02 3.934036e-02 1.478584e-01 2.805619e-01 8.922488e-01 5.684723e-01 4.340168e-02 3.258606e-01 2.748360e-01 1.981956e+00 1.942051e-01 1.000000e-02 3.373641e-01 1.000000e-02
<GCONST> 6.139443e+01
<MIXTURE> 2 1.212121e-01
<MEAN> 39
 7.118982e-01 -2.251011e+01 -8.715290e+00 -1.689326e+01 3.603863e+00 -1.200337e+01 -5.763865e+00 5.102092e+00 8.292040e+00 4.629273e+00 -1.203519e+01 -1.000989e+01 8.864273e-01 2.472153e+00 9.990141e-03 2.818738e+00 2.211483e+00 -2.518002e+00 6.213813e-02 2.955568e-01 -6.434058e-01 -1.580412e+00 5.169107e-01 1.206762e+00 9.985352e-01 -9.981310e-02 -5.364600e-01 -8.801822e-02 1.688164e-01 1.616683e+00 -1.191653e+00 5.793720e-04 1.502692e+00 -6.727096e-01 -5.490999e-01 -1.551049e+00 9.653620e-01 1.593105e+00 -2.139315e-02
<VARIANCE> 39
 2.166873e+00 4.611909e+00 1.223256e+01 3.419912e+00 1.755644e+01 3.325690e+00 1.396595e+01 1.231100e+01 2.616173e+01 5.192893e+00 1.046911e+01 3.240768e+00 1.000000e-02 1.453744e-01 4.130545e-01 8.047916e-02 2.537852e+00 2.589473e+00 1.847562e-01 3.860981e+00 6.238573e-01 4.126107e-01 2.441825e+00 3.074059e-01 8.538015e-01 1.000000e-02 4.723724e-02 1.976344e-01 3.298994e-01 2.806278e-01 4.408192e-01 7.633985e-02 4.292599e-01 2.308906e-01 3.464760e-01 2.457061e-02 2.054881e-01 9.504797e-02 1.000000e-02
<GCONST> 5.449928e+01
<MIXTURE> 3 4.242424e-01
<MEAN> 39
 3.007312e+00 -2.354990e+01 -8.377271e+00 -4.716164e+00 -7.789353e+00 -1.307392e+01 3.490399e-01 -3.033073e-01 2.420324e+00 -4.659382e+00 -4.458868e+00 -1.564827e+00 5.457422e-01 -7.074963e-02 -2.135490e-01 -9.464273e-02 1.077569e+00 -8.656076e-01 6.171538e-01 1.061069e+00 1.865167e-01 3.533933e-01 -5.701161e-01 1.123610e+00 9.544170e-01 -4.543560e-02 -3.548314e-01 1.125172e-01 -3.773985e-01 -4.093187e-01 5.663850e-01 2.377966e-01 1.718874e-01 4.127901e-01 3.821711e-01 1.242095e-01 -6.164364e-02 -2.835705e-01 1.560942e-02
<VARIANCE> 39
 1.311683e+00 1.635853e+00 1.378204e+01 4.835843e+00 6.094676e+00 6.475465e+00 1.454318e+01 1.017217e+01 6.187659e+00 1.467181e+01 6.750968e+00 7.223027e+00 1.000000e-02 1.810391e-01 5.380862e-01 2.266498e+00 4.937313e+00 2.713707e+00 1.215753e+00 1.571696e+00 2.352306e+00 2.140614e+00 2.170277e+00 1.924730e+00 1.807231e+00 1.000000e-02 1.170748e-01 2.044087e-02 5.555522e-01 3.304774e-01 2.245907e-01 3.293819e-01 4.123841e-01 2.112454e-01 9.674954e-02 3.104928e-01 3.164854e-01 3.346689e-01 1.000000e-02
<GCONST> 6.673726e+01
<MIXTURE> 4 2.727273e-01
<MEAN> 39
 3.722968e+00 -2.355622e+01 -9.861072e+00 -1.480826e+00 -7.874751e+00 -9.680360e+00 6.754303e+00 8.285048e+00 3.566986e+00 -3.442924e+00 -1.540360e+00 -3.028599e+00 4.955015e-01 6.863859e-02 7.659924e-01 -1.470526e-01 5.993365e-01 9.252734e-01 3.211404e-01 2.444280e-01 -8.012806e-02 -4.740264e-01 5.646696e-01 1.030869e+00 4.644067e-02 -1.338041e-02 8.410261e-02 2.856483e-01 1.414036e-01 -3.363354e-01 -3.965985e-02 -4.702084e-01 -6.117085e-01 -5.130414e-01 -2.110920e-01 -2.883363e-02 -3.401225e-01 2.858806e-02 6.656276e-03
<VARIANCE> 39
 6.025751e-01 4.128252e+00 4.065110e+00 4.597374e+00 6.175650e+00 4.057220e+00 9.759704e+00 5.032577e+00 1.400091e+01 8.471898e+00 8.272983e+00 1.092106e+01 1.000000e-02 2.737913e-01 4.209899e-01 5.824077e-01 1.353559e+00 1.385954e+00 2.463532e+00 2.326450e+00 1.069256e+00 3.482728e+00 9.436498e-01 1.740685e-01 7.755437e-01 1.000000e-02 5.680059e-02 8.150902e-02 1.524686e-01 1.206420e-01 3.152770e-01 2.257627e-01 2.567463e-01 1.183629e-01 4.562017e-01 4.665147e-01 1.306356e-01 3.176666e-01 1.000000e-02
<GCONST> 5.678743e+01
<STATE> 6
<NUMMIXES> 4
<MIXTURE> 1 1.875000e-01
<MEAN> 39
 -9.397480e-02 -1.733120e+01 -6.191957e+00 2.330126e-01 -2.386642e+00 -8.928047e+00 4.857205e+00 7.259738e+00 5.642245e+00 -2.357792e+00 -1.651006e+00 -3.708855e+00 2.863376e-01 -1.010261e+00 1.426591e+00 4.995999e-01 -1.863640e-01 1.139160e-01 1.133154e+00 3.777558e-01 1.222940e-01 3.370661e-01 3.572481e-01 5.200441e-01 5.312872e-01 -5.740979e-02 -5.434280e-02 1.742194e-01 -2.623477e-01 -4.843435e-01 -2.556631e-01 -2.172336e-01 -2.515682e-01 -4.342537e-01 -5.647671e-01 -2.869932e-01 1.990713e-01 3.127755e-01 -2.879186e-03
<VARIANCE> 39
 1.041745e+01 3.078057e+00 2.314108e+00 2.105512e+00 5.421286e+00 7.017630e+00 1.399997e+00 7.510620e-01 2.650941e+00 5.965980e+00 4.962681e+00 5.524918e-01 1.000000e-02 8.159308e-01 9.321135e-02 6.949483e-01 1.023233e+00 2.178494e-01 1.192154e+00 6.696357e-01 1.316888e+00 4.798726e+00 1.349544e+00 1.738610e+00 2.610220e-01 1.000000e-02 1.544024e-01 8.551177e-02 4.295686e-02 2.496870e-02 1.921102e-01 1.690415e-01 6.924316e-02 1.229140e-01 1.148678e-01 6.199151e-02 4.918800e-02 3.615528e-02 1.000000e-02
<GCONST> 3.642303e+01
<MIXTURE> 2 2.500000e-01
<MEAN> 39
 -2.593081e-01 -2.121589e+01 -8.063494e+00 -1.011556e-02 -2.040681e+00 -1.055147e+01 1.064969e+00 2.350135e+00 4.412837e+00 -7.852566e+00 -2.207921e+00 2.510200e+00 3.830090e-01 -1.198581e+00 4.068253e-01 6.709212e-02 3.390194e-01 6.610832e-01 4.902709e-01 9.490273e-01 1.192873e+00 6.831706e-01 3.505341e-01 5.049285e-01 -7.107407e-01 -4.850399e-02 9.462593e-02 6.736418e-02 -1.794836e-01 -3.573630e-01 -5.908120e-01 1.483747e-01 4.086330e-01 1.757069e-01 -2.648319e-02 5.174909e-01 1.540989e-01 -5.320193e-01 -1.753970e-03
<VARIANCE> 39
 4.131175e+00 9.401996e+00 1.010112e+01 4.338681e+00 1.738397e+00 2.143900e+00 1.607521e+01 1.063856e+01 1.015445e+01 1.434819e+01 1.045882e+01 8.771125e+00 1.000000e-02 6.082163e-01 2.388231e-01 9.095068e-01 7.186460e-01 1.417298e+00 1.949410e+00 2.170731e+00 1.435647e+00 3.458306e+00 2.407566e+00 1.643580e+00 2.231747e+00 1.000000e-02 8.541651e-02 6.897546e-02 2.551424e-01 1.351916e-02 9.572928e-02 1.484432e-01 2.815421e-01 6.591990e-02 4.527406e-01 4.401288e-01 3.238238e-01 4.015230e-01 1.000000e-02
<GCONST> 6.177917e+01
<MIXTURE> 3 4.375000e-01
<MEAN> 39
 2.869094e+00 -2.176566e+01 -8.255119e+00 -5.018416e+00 -9.970138e+00 -1.200445e+01 2.850188e+00 3.156730e+00 6.503811e+00 -1.396326e+00 -1.298884e+00 -2.485514e+00 4.761186e-01 -1.438704e-01 1.997336e-01 -6.856365e-02 1.683964e-01 1.171177e-01 -4.041366e-01 -4.815122e-01 6.456365e-02 3.452642e-01 -2.577080e-01 -4.649794e-01 -8.246221e-03 -1.308430e-02 -4.743276e-02 5.812408e-02 1.886426e-01 5.281876e-01 5.553277e-01 1.662193e-01 1.105958e-01 -3.454332e-02 -4.448625e-01 -2.602817e-01 -1.586653e-01 1.062758e-01 -2.730261e-03
<VARIANCE> 39
 2.582188e+00 8.094842e+00 5.304513e+00 4.787018e+00 6.231445e+00 4.113507e+00 5.560862e+00 1.073521e+01 8.104255e+00 1.249890e+01 6.234290e+00 5.675472e+00 1.000000e-02 2.575505e-01 4.908594e-01 7.374402e-01 2.113658e+00 1.981654e+00 8.289533e-01 8.440251e-01 1.374569e+00 2.736899e+00 8.842908e-01 4.981054e-01 7.829164e-01 1.000000e-02 2.449691e-02 7.588641e-02 3.038222e-01 1.870787e-01 1.241032e-01 7.859909e-02 2.777664e-01 1.266841e-01 3.567570e-01 8.543663e-02 1.024746e-01 1.863624e-01 1.000000e-02
<GCONST> 5.403503e+01
<MIXTURE> 4 1.250000e-01
<MEAN> 39
 5.265680e+00 -1.875005e+01 -8.666488e+00 -1.192313e+00 -9.971123e+00 -1.567153e+01 -1.108652e+00 -4.712784e-01 -3.260805e+00 -7.480495e+00 -4.089931e+00 -8.637758e-01 4.770398e-01 -1.085168e+00 3.313605e-01 3.202616e-01 1.007936e+00 2.055377e+00 6.099435e-01 -3.090563e-01 -2.500309e-01 -6.461960e-01 -1.043864e+00 -8.421430e-01 8.969742e-01 -4.461720e-02 -6.810358e-01 -5.127329e-02 2.616628e-02 -1.665473e-01 6.693007e-01 8.354077e-01 8.749030e-01 9.537296e-01 1.211170e+00 7.366025e-01 7.151136e-01 1.543695e-02 -2.580836e-02
<VARIANCE> 39
 7.824446e+00 1.295490e+01 2.522862e+00 4.503481e+00 7.128674e+00 6.530267e+00 1.253253e+01 1.322901e+01 2.355984e+01 6.271483e+00 1.783177e+00 1.066905e+01 1.000000e-02 1.027709e+00 1.048816e-01 2.794063e-01 1.000000e-02 1.665278e+00 2.775476e+00 3.172635e+00 1.172368e+00 3.628850e+00 1.918765e+00 4.324689e-01 1.724412e+00 1.000000e-02 9.555465e-02 8.096901e-02 2.704387e-02 1.612032e-01 3.285107e-01 4.913779e-01 2.619784e-01 2.798079e-01 6.243449e-01 1.248577e-01 2.523290e-01 6.890117e-02 1.000000e-02
<GCONST> 5.684935e+01
<STATE> 7
<NUMMIXES> 4
<MIXTURE> 1 2.727273e-01
<MEAN> 39
 -4.652979e+00 -1.463570e+01 -7.092285e+00 -3.458435e+00 -3.590961e+00 -5.555774e+00 4.325216e+00 5.519656e+00 8.123142e+00 -1.051955e+00 1.414742e+00 1.010795e+00 5.606572e-02 -2.620701e-01 5.098376e-01 4.834067e-01 -3.664449e-01 3.651157e-01 2.046503e-01 -2.061897e-01 -7.640581e-01 -3.656823e-01 3.595533e-02 -3.167446e-03 -1.551482e-01 -1.790084e-02 2.693468e-01 -1.218399e-01 9.085853e-02 2.789350e-01 1.924381e-01 -4.601230e-01 -1.552849e-01 -2.246050e-01 -6.586912e-01 -3.847729e-01 -3.362020e-01 -3.583836e-01 1.446137e-02
<VARIANCE> 39
 6.572444e-01 4.520341e+00 1.666259e+00 4.234550e+00 4.606490e+00 2.103470e+00 5.688200e+00 5.529860e+00 2.462043e+00 1.576634e+00 8.103673e+00 9.708019e+00 1.000000e-02 4.072535e-01 3.842880e-01 7.111408e-01 7.615713e-01 8.949067e-01 1.486686e+00 4.461440e-01 1.460875e+00 1.058252e+00 2.453997e-01 1.383909e+00 1.053449e+00 1.000000e-02 9.461617e-02 8.839674e-02 4.901678e-02 1.345093e-01 2.676209e-01 2.687064e-01 2.570061e-01 2.580571e-01 2.586021e-01 9.074840e-02 2.837466e-01 9.507480e-02 1.000000e-02
<GCONST> 4.624783e+01
<MIXTURE> 2 3.333333e-01
<MEAN> 39
 -1.211290e-02 -2.205891e+01 -1.047773e+01 -1.017157e+00 -3.839438e+00 -1.148021e+01 4.616467e+00 3.424823e+00 4.361444e+00 -3.452897e+00 -8.453348e-01 -9.445246e-01 3.364742e-01 -4.256010e-01 5.432982e-01 1.758239e-01 1.996536e-01 5.921779e-01 2.743165e-01 2.841271e-01 -4.757074e-01 -7.735094e-01 2.543999e-02 3.325707e-01 3.218293e-01 -2.754380e-02 -2.037336e-01 2.140701e-01 4.821460e-01 -9.233920e-02 -6.941943e-02 8.540659e-02 -3.079522e-01 -2.400710e-01 1.126418e-01 -6.285413e-02 -4.648735e-02 2.191317e-01 -6.170715e-03
<VARIANCE> 39
 2.325850e+00 4.762302e+00 3.411994e+00 3.096844e+00 3.681740e+00 2.568465e+00 1.658947e+00 5.870504e+00 1.192083e+01 1.012831e+01 1.219692e+01 8.762874e+00 1.000000e-02 9.798443e-01 9.762426e-01 2.291681e+00 4.709156e-01 1.269634e+00 5.659210e-01 8.665264e-01 8.356771e-01 2.065101e+00 2.099715e+00 1.396154e+00 1.539748e+00 1.000000e-02 1.301515e-01 1.729834e-01 1.796335e-01 1.010982e-01 2.668778e-01 1.084233e-01 8.683056e-02 1.191324e-01 3.701095e-01 4.734494e-01 3.720432e-01 3.791427e-01 1.000000e-02
<GCONST> 5.860675e+01
<MIXTURE> 3 9.090909e-02
<MEAN> 39
 -4.056419e+00 -1.163941e+01 -3.311697e+00 -1.947512e+00 3.301110e+00 -6.353266e+00 2.103511e+00 -1.218854e+00 -1.935704e+00 -3.805316e+00 2.404013e+00 1.832071e+00 1.625703e-01 -9.152888e-03 1.131873e+00 5.981674e-01 -4.160639e-01 2.607660e-01 4.197936e-01 2.508528e-01 -6.102939e-01 -1.566724e-01 -6.735413e-02 -2.831813e-02 -8.662797e-01 9.914657e-03 -9.638272e-03 -1.974700e-01 -2.739851e-01 -1.375521e-01 -4.106782e-01 -7.789023e-02 -1.219922e-01 3.167058e-01 6.389743e-01 1.202711e-01 -3.870141e-01 -5.036964e-01 6.241119e-04
<VARIANCE> 39
 7.619793e-01 4.144059e+00 1.165348e+01 5.462759e+00 1.230434e+01 2.606343e+00 5.489286e+00 3.386136e+00 5.685083e-01 3.609360e+00 1.727358e+00 3.347723e+00 1.000000e-02 1.133639e-01 9.423663e-01 2.200147e-01 5.559953e-01 1.176014e+00 1.956822e-01 1.045189e+00 1.643602e-01 8.050215e-01 6.618031e-01 5.117704e-01 1.365978e+00 1.000000e-02 3.593398e-02 4.729813e-02 2.492527e-01 4.014934e-01 4.878156e-01 3.276465e-02 3.839992e-02 4.140032e-02 3.295814e-02 1.000000e-02 1.876667e-01 3.838609e-01 1.000000e-02
<GCONST> 3.356540e+01
<MIXTURE> 4 3.030303e-01
<MEAN> 39
 -3.224946e+00 -1.462223e+01 -5.933782e+00 -1.855605e+00 -3.432132e+00 -1.129934e+01 3.139873e+00 4.094391e+00 1.075778e+00 -4.135880e+00 7.279449e-01 -2.015364e+00 1.011236e-01 -7.184958e-01 3.257467e-01 2.606103e-01 2.830118e-02 4.881715e-01 -1.309481e-01 -6.913897e-01 -3.811733e-01 -3.134546e-03 7.005198e-02 3.690163e-01 1.288491e-01 -2.859353e-02 2.802219e-02 -3.628054e-02 -4.561974e-02 5.916399e-03 1.010943e-01 3.748757e-01 7.732920e-02 -1.127231e-01 4.633482e-01 1.673356e-01 -5.879560e-02 1.835819e-02 2.039667e-03
<VARIANCE> 39
 7.228868e+00 1.696601e+00 4.193403e+00 5.646672e+00 4.774418e+00 4.666450e+00 9.235153e+00 1.810064e+01 6.004488e+00 5.662643e+00 8.538606e+00 4.397809e+00 1.394177e-02 3.117013e-01 3.752683e-01 6.525885e-01 7.493027e-01 1.196198e+00 6.776416e-01 2.795088e-01 6.198127e-01 1.916093e+00 1.955756e+00 5.566367e-01 1.007536e+00 1.000000e-02 8.470986e-02 8.482833e-02 1.444211e-01 5.542548e-02 8.618195e-02 7.099430e-02 5.872502e-02 1.898277e-01 2.074348e-01 2.519180e-01 1.854689e-01 4.369565e-02 1.000000e-02
<GCONST> 4.803514e+01
<STATE> 8
<NUMMIXES> 4
<MIXTURE> 1 2.413793e-01
<MEAN> 39
 -4.479465e+00 -1.012786e+01 -2.287292e+00 -1.955017e+00 1.660267e+00 -4.805923e+00 1.696728e+00 7.412862e-01 6.577042e+00 -1.417652e+00 -1.893716e-01 -4.104062e+00 1.313905e-01 -1.189918e-01 1.377219e-01 3.177694e-01 3.325606e-01 1.182097e-01 -4.274315e-01 -6.161068e-01 -1.216811e-01 -1.951504e-01 5.081088e-02 1.279631e-01 1.382177e-02 -6.371957e-03 -5.422908e-02 -1.946531e-01 -3.031282e-02 1.134139e-01 -1.787680e-03 -1.426714e-01 -3.146560e-02 -7.566057e-02 -4.880030e-01 -2.154489e-01 3.215995e-01 5.548279e-01 -1.985938e-03
<VARIANCE> 39
 1.141744e+00 2.273721e+00 3.247401e+00 8.593572e+00 3.065813e+00 6.876842e+00 1.635486e+01 1.369176e+01 6.433071e+00 7.464401e+00 5.293941e+00 1.458234e+00 1.000000e-02 8.467630e-02 4.104531e-01 7.187575e-01 1.281861e+00 8.384256e-01 4.637168e-01 1.609334e+00 7.615918e-01 3.697668e+00 2.141348e+00 1.010883e+00 1.969433e+00 1.000000e-02 1.000000e-02 6.193821e-02 6.868117e-02 2.252392e-01 1.282189e-01 1.603209e-01 4.043669e-01 1.507997e-01 4.229136e-01 3.335267e-01 7.391430e-02 7.541277e-02 1.000000e-02
<GCONST> 4.970912e+01
<MIXTURE> 2 3.793103e-01
<MEAN> 39
 -5.816675e+00 -1.546139e+01 -4.704268e+00 1.952879e-01 -2.907687e-01 -8.410233e+00 2.453978e+00 -6.895028e-02 1.589090e-01 -5.675444e+00 8.750829e-04 -1.468327e+00 2.499700e-02 -5.551966e-01 8.367227e-01 2.157070e-01 -4.232409e-01 2.206812e-01 7.157331e-01 -4.967016e-03 -4.178773e-01 -3.932509e-01 -3.900897e-01 -1.342687e-01 -1.509277e-01 -4.009570e-02 2.706466e-01 4.048272e-02 -2.219432e-01 -2.958872e-01 -2.776227e-01 -4.390536e-02 5.882186e-02 3.649448e-01 4.568980e-01 2.562131e-01 7.941133e-02 8.613664e-02 1.025419e-02
<VARIANCE> 39
 3.316188e+00 5.169043e+00 1.914996e+00 3.721783e+00 2.790467e+00 4.977341e+00 3.320941e+00 3.772057e+00 7.539244e+00 5.683049e+00 4.965394e+00 1.300704e+01 1.083418e-02 5.721554e-01 6.615137e-01 1.136498e+00 1.295958e+00 9.080090e-01 2.295393e-01 4.636479e-01 1.218355e+00 1.507997e+00 8.684610e-01 9.418860e-01 1.062677e+00 1.000000e-02 5.865704e-02 6.390779e-02 2.001581e-01 1.191156e-01 9.485313e-02 7.317677e-02 1.085253e-01 9.603241e-02 2.346866e-01 1.418352e-01 1.134546e-01 2.944892e-01 1.000000e-02
<GCONST> 4.772053e+01
<MIXTURE> 3 2.413793e-01
<MEAN> 39
 -5.869958e+00 -1.259968e+01 -5.574288e+00 -4.137390e+00 -3.312618e+00 -9.094157e+00 3.817858e+00 3.805315e+00 7.724818e+00 3.530027e-01 3.274447e+00 1.168335e-01 7.822092e-03 5.794697e-02 5.958937e-01 5.910401e-01 2.835757e-01 5.828514e-01 5.890574e-01 1.937336e-01 1.990974e-01 1.696457e-01 4.875672e-01 3.395961e-01 4.556766e-01 7.338706e-03 2.485715e-01 1.313987e-01 3.154877e-01 2.934063e-01 3.716113e-01 1.082635e-01 -3.008161e-01 -5.034066e-01 -6.008052e-01 -1.766257e-01 -3.294590e-01 -1.963995e-01 1.018279e-02
<VARIANCE> 39
 1.311046e+00 2.298810e+00 4.919429e+00 3.244761e+00 5.081363e+00 8.149463e+00 8.718607e+00 6.328698e+00 1.015465e+01 1.513197e+01 8.329080e+00 2.170452e+00 1.000000e-02 3.694771e-01 2.588611e-01 3.657391e-01 4.854528e-01 4.940245e-01 1.142366e+00 5.057387e-01 1.010512e+00 2.497371e+00 1.805775e+00 1.374751e+00 8.899660e-01 1.000000e-02 5.976528e-02 9.027477e-02 1.635317e-01 1.589814e-01 1.649136e-01 2.535191e-01 2.776332e-01 1.269446e-01 2.195122e-01 2.955190e-01 1.796295e-01 1.282594e-01 1.000000e-02
<GCONST> 5.188964e+01
<MIXTURE> 4 1.379310e-01
<MEAN> 39
 -4.537995e+00 -1.028485e+01 -2.587922e+00 -1.728584e+00 -7.756460e-02 -9.471704e+00 1.284785e+00 3.269690e-01 2.767835e+00 -1.535661e+00 7.544463e-01 6.613437e-01 4.884525e-02 -4.441724e-01 2.341334e-01 4.496438e-01 -2.682788e-01 1.467946e-01 1.293941e-01 -1.453942e-02 -7.632077e-02 8.209813e-01 5.568131e-01 6.544794e-01 5.328605e-01 -2.783531e-03 6.975986e-02 -1.952696e-01 -1.017580e-01 5.882796e-02 7.552737e-02 3.705677e-01 4.601608e-01 9.677300e-02 1.631995e-01 4.255299e-02 6.014164e-02 -2.479273e-01 4.823367e-03
<VARIANCE> 39
 1.825416e+00 3.101746e+00 6.054335e+00 5.289441e+00 4.187638e+00 5.817236e-01 1.830516e+00 2.499452e+00 2.215297e+00 1.266670e+00 1.128899e+01 4.380540e+00 1.000000e-02 1.380010e-01 2.475510e-01 5.500383e-01 1.021421e+00 4.645674e-01 1.504559e+00 2.072974e+00 1.719616e+00 2.024592e+00 2.635274e-01 1.098955e+00 4.636901e-01 1.000000e-02 1.148681e-02 3.694580e-02 1.106613e-01 2.070176e-01 1.743107e-02 7.115892e-01 2.057905e-01 2.115196e-01 4.092324e-02 3.344585e-01 4.216281e-01 1.184493e-01 1.000000e-02
<GCONST> 3.970971e+01
<TRANSP> 9
 0.000000e+00 1.000000e+00 0.000000e+00 0.000000e+00 0.000000e+00 0.000000e+00 0.000000e+00 0.000000e+00 0.000000e+00
 0.000000e+00 8.529412e-01 1.470588e-01 0.000000e+00 0.000000e+00 0.000000e+00 0.000000e+00 0.000000e+00 0.000000e+00
 0.000000e+00 0.000000e+00 8.529412e-01 1.470588e-01 0.000000e+00 0.000000e+00 0.000000e+00 0.000000e+00 0.000000e+00
 0.000000e+00 0.000000e+00 0.000000e+00 8.333333e-01 1.666667e-01 0.000000e+00 0.000000e+00 0.000000e+00 0.000000e+00
 0.000000e+00 0.000000e+00 0.000000e+00 0.000000e+00 8.484849e-01 1.515152e-01 0.000000e+00 0.000000e+00 0.000000e+00
 0.000000e+00 0.000000e+00 0.000000e+00 0.000000e+00 0.000000e+00 8.437500e-01 1.562500e-01 0.000000e+00 0.000000e+00
 0.000000e+00 0.000000e+00 0.000000e+00 0.000000e+00 0.000000e+00 0.000000e+00 8.484849e-01 1.515152e-01 0.000000e+00
 0.000000e+00 0.000000e+00 0.000000e+00 0.000000e+00 0.000000e+00 0.000000e+00 0.000000e+00 8.275862e-01 1.724138e-01
 0.000000e+00 0.000000e+00 0.000000e+00 0.000000e+00 0.000000e+00 0.000000e+00 0.000000e+00 0.000000e+00 0.000000e+00
<ENDHMM>
