~o
<STREAMINFO> 1 39
<VECSIZE> 39<NULLD><MFCC_E_D_A><DIAGC>
~h "Hai"
<BEGINHMM>
<NUMSTATES> 16
<STATE> 2
<MEAN> 39
 -1.003369e+01 -7.447376e+00 -2.143353e+00 2.543269e-01 2.274325e+00 -6.801404e+00 1.138192e+00 -1.489012e+00 7.514053e-01 -6.936261e+00 2.423460e+00 -1.975111e+00 1.622270e-02 -8.051312e-01 -8.352295e-01 -1.264669e-01 -2.728029e-01 2.331902e-01 -2.441892e-01 -7.193860e-02 3.311512e-01 -1.407800e-01 -7.160307e-01 8.479486e-02 -3.692105e-02 1.048592e-02 -1.283347e-01 -3.128071e-01 -1.155084e-01 -7.052580e-02 1.598489e-01 2.601752e-01 1.748326e-01 2.112621e-01 1.089440e-02 -1.222223e-01 -3.987001e-02 1.024559e-01 9.244760e-03
<VARIANCE> 39
 2.454221e+01 4.072616e+01 4.026114e+01 1.377008e+01 9.915264e+00 1.591924e+01 1.453068e+01 1.266364e+01 1.120896e+01 1.322440e+01 1.366574e+01 1.119605e+01 1.597094e-02 3.890981e+00 4.875801e+00 4.473533e+00 2.020408e+00 1.087893e+00 2.021070e+00 1.542819e+00 1.224498e+00 1.143187e+00 1.960001e+00 1.909758e+00 1.110779e+00 1.000000e-02 9.622708e-01 8.667480e-01 8.977709e-01 4.495411e-01 1.030332e-01 2.065505e-01 2.791178e-01 3.286157e-01 2.203419e-01 4.394003e-01 4.226581e-01 1.215624e-01 1.000000e-02
<GCONST> 8.735690e+01
<STATE> 3
<MEAN> 39
 -5.287916e+00 -1.455317e+01 -7.416295e+00 -3.773517e+00 6.363448e+00 1.492561e+00 1.606371e+00 -2.173945e+00 1.430647e+00 -3.815598e+00 -6.142346e-01 -3.077195e+00 1.677664e-02 -1.512346e-01 -2.792681e-01 -2.376599e-02 -2.915167e-02 1.079846e-01 -7.371244e-02 1.245227e-01 1.846626e-01 2.956905e-02 -2.390147e-01 -7.424323e-02 3.464558e-02 8.241499e-03 -3.982455e-02 -3.218201e-02 2.532789e-02 1.837307e-02 2.123810e-03 -2.996356e-02 2.045433e-02 -1.574721e-02 9.131687e-03 8.346691e-03 4.933563e-02 3.028664e-02 2.573319e-03
<VARIANCE> 39
 4.067371e+00 4.594814e+00 1.251204e+01 4.712699e+00 9.444967e+00 2.168487e+01 1.001703e+01 1.318000e+01 1.348485e+01 1.606574e+01 1.050205e+01 6.910129e+00 1.000000e-02 2.836153e-01 7.612430e-01 9.468714e-01 5.065901e-01 8.273848e-01 2.257749e+00 8.990771e-01 1.650311e+00 1.124684e+00 1.484417e+00 1.571056e+00 7.569687e-01 1.000000e-02 6.410062e-02 7.746927e-02 1.283074e-01 8.671768e-02 1.558530e-01 4.032378e-01 1.843675e-01 3.141473e-01 2.771623e-01 2.685528e-01 2.684905e-01 1.430294e-01 1.000000e-02
<GCONST> 6.289529e+01
<STATE> 4
<MEAN> 39
 -1.602564e+01 -2.065649e+01 -4.610535e+00 -1.312082e+00 5.833434e+00 -3.874057e+00 3.846109e+00 3.332776e-01 3.441809e-01 -1.342127e+01 1.714400e+00 1.542400e-01 4.266931e-01 -1.664303e-01 -5.632620e-01 -2.114251e+00 7.157226e-01 -6.818404e-01 8.240865e-01 -1.699180e-01 -1.013155e+00 3.783552e-01 -9.685007e-01 -5.109937e-01 -3.833014e-01 5.797489e-02 4.741638e-01 3.302354e-01 -5.127903e-01 2.319073e-01 -3.845596e-01 5.854198e-02 -1.445965e-01 -3.862317e-01 1.887883e-01 -7.439618e-02 1.517582e-02 -1.605005e-01 -2.420327e-03
<VARIANCE> 39
 1.152246e+01 1.056965e+01 3.219743e+01 1.287193e+01 2.495777e+01 5.304413e+01 3.082989e+01 1.735515e+01 1.295245e+01 1.640631e+01 1.259294e+01 1.265419e+01 2.331639e-02 3.605506e+00 1.744808e+00 3.333465e+00 1.999558e+00 2.573438e+00 9.358600e-01 1.609949e+00 2.725668e+00 1.973371e+00 2.522965e+00 9.805130e-01 1.493088e+00 1.000000e-02 3.409377e-01 1.949119e-01 1.892453e-01 3.701071e-01 2.522793e-01 2.387217e-01 2.582311e-01 3.668039e-01 4.049786e-01 5.466959e-01 2.277237e-01 2.808515e-01 1.000000e-02
<GCONST> 8.672472e+01
<STATE> 5
<MEAN> 39
 -8.653451e+00 -1.985665e+01 -2.425633e+01 5.942951e+00 -3.456233e+00 1.105801e+00 2.222281e+00 -9.957284e+00 6.778082e+00 -2.088811e+01 1.117628e-01 -4.115195e+00 7.737404e-01 1.100520e+00 -1.996111e-01 -1.810135e+00 1.132447e+00 -6.043235e-01 3.542895e-01 2.542444e-01 -4.312735e-01 1.711220e+00 -2.770822e-01 7.980187e-01 -8.501703e-02 6.963082e-02 -6.234785e-01 -3.349940e-01 1.168310e+00 -5.458214e-01 7.247874e-01 -2.198321e-01 -6.853258e-02 8.569460e-01 -2.696807e-01 5.682748e-01 9.292847e-02 2.140863e-01 -6.466959e-03
<VARIANCE> 39
 1.019374e+01 1.239607e+01 3.031812e+01 1.532780e+01 2.409595e+01 9.836177e+01 3.609414e+01 1.854012e+01 2.313740e+01 6.368113e+00 1.209238e+01 2.399685e+01 1.280126e-02 1.762929e+00 1.366588e+00 5.571212e+00 2.195140e+00 2.276315e+00 2.435572e+00 1.054434e+00 2.805517e+00 1.666536e+00 1.975397e+00 1.091542e+00 9.334515e-01 1.000000e-02 1.271167e-01 2.518257e-01 4.552452e-01 6.759282e-01 2.311879e-01 3.404648e-01 2.670623e-01 3.105789e-01 5.556556e-01 3.704583e-01 3.146595e-01 2.074904e-01 1.000000e-02
<GCONST> 8.745859e+01
<STATE> 6
<MEAN> 39
 -9.999477e+00 -2.318959e+01 -2.171307e+01 4.100404e+00 2.200103e+00 -8.593342e-01 2.257818e+00 -3.930029e+00 6.622319e+00 -1.982694e+01 1.411675e+00 -5.892884e+00 9.517941e-01 -4.434894e-01 -4.601146e-01 8.343225e-01 -6.808053e-01 6.578627e-01 5.463046e-02 -4.143642e-01 1.057917e+00 -9.718481e-01 1.246247e-01 -1.782610e-02 -9.598543e-02 1.312162e-02 6.478313e-02 6.679362e-02 -8.867312e-03 5.724914e-02 -1.381325e-01 1.262099e-01 6.592863e-02 -5.539902e-02 -2.511531e-01 1.397788e-02 1.190904e-02 4.609322e-02 -5.038082e-03
<VARIANCE> 39
 8.848507e+00 2.195270e+00 1.545731e+01 8.678030e+00 1.314861e+01 4.823333e+01 2.287388e+01 8.153202e+00 1.081268e+01 1.184420e+01 7.685582e+00 2.180627e+01 1.000000e-02 2.301329e-01 3.642658e-01 7.551562e-01 1.564028e+00 8.038499e-01 1.400020e+00 6.851874e-01 8.707784e-01 3.944575e-01 1.564966e+00 8.109167e-01 3.394185e-01 1.000000e-02 4.005223e-02 5.632148e-02 1.646814e-01 2.982034e-01 1.182449e-01 1.678164e-01 1.168744e-01 1.002713e-01 1.327246e-01 2.907037e-01 2.029865e-01 4.990529e-02 1.000000e-02
<GCONST> 5.757717e+01
<STATE> 7
<MEAN> 39
 -1.227468e+01 -2.545820e+01 -1.832673e+01 8.003464e-01 -8.856694e-01 4.497736e+00 -3.221242e-01 -5.156345e-01 4.305443e+00 -1.544110e+01 2.274511e+00 -1.154162e+00 9.785550e-01 -2.483781e-02 -5.078999e-02 3.195564e-01 -3.116793e-01 -4.407574e-01 2.526054e-01 9.110876e-01 8.528229e-02 -8.595922e-01 2.105022e-01 3.981417e-01 -3.785317e-02 -2.690441e-03 3.373759e-02 1.990255e-01 3.379016e-02 7.986642e-03 -1.968118e-01 -1.216161e-01 2.706655e-01 -1.115743e-01 -5.778626e-02 -9.639332e-02 6.462873e-02 -1.322145e-01 -3.555477e-03
<VARIANCE> 39
 4.911553e+00 4.437428e+00 1.624950e+01 7.203584e+00 1.714127e+01 3.592684e+01 3.078894e+01 8.302298e+00 1.368237e+01 1.921975e+01 1.277464e+01 1.739637e+01 1.000000e-02 2.781489e-01 5.401804e-01 9.024637e-01 4.521931e-01 5.440121e-01 5.953760e-01 7.052080e-01 5.083535e-01 9.482167e-01 5.871726e-01 6.245588e-01 3.385153e-01 1.000000e-02 4.273613e-02 6.993497e-02 1.628401e-01 1.293592e-01 7.087786e-02 1.027194e-01 6.663722e-02 1.411500e-01 8.919157e-02 1.065879e-01 3.740362e-02 5.314371e-02 1.000000e-02
<GCONST> 5.142550e+01
<STATE> 8
<MEAN> 39
 -1.113391e+01 -2.307778e+01 -1.567932e+01 6.961951e-02 -3.724349e+00 9.790544e-01 8.747723e+00 1.295777e-02 -4.229439e+00 -1.715622e+01 4.878587e+00 -6.238661e+00 9.316657e-01 -1.280877e-01 5.079952e-01 6.909328e-01 -1.179801e+00 -1.885215e+00 -1.279964e+00 1.273789e+00 3.222474e-01 -4.784147e-01 1.255509e+00 -3.357684e-01 -1.174266e+00 -1.936733e-02 -2.149870e-02 -6.201110e-02 1.104526e-02 -3.551330e-01 -2.598990e-01 -2.947937e-01 -2.673542e-01 -1.126033e-02 7.316315e-01 5.944118e-01 -5.381398e-01 -2.800847e-01 -3.764433e-03
<VARIANCE> 39
 1.018104e+01 5.412399e+00 3.171504e+01 1.469753e+01 2.702035e+01 5.582070e+01 3.911889e+01 7.975849e+00 4.456340e+01 3.569107e+01 3.206513e+01 1.743032e+01 1.000000e-02 1.113565e-01 1.780232e-01 4.935478e-01 7.251620e-01 1.010509e+00 1.315944e+00 7.349660e-01 3.693338e-01 2.776917e+00 2.016860e+00 9.122691e-01 8.176970e-01 1.000000e-02 4.369106e-02 4.782168e-02 1.114190e-01 8.020376e-02 1.390807e-01 2.604096e-01 2.290628e-01 6.741778e-02 4.099089e-01 2.726393e-01 1.106936e-01 1.729593e-01 1.000000e-02
<GCONST> 6.571295e+01
<STATE> 9
<MEAN> 39
 -9.643886e+00 -2.182139e+01 -1.266614e+01 -5.915717e+00 -1.167460e+01 -6.817084e+00 1.341840e+01 7.048751e-02 -2.035721e-01 -1.039654e+01 -2.727059e-01 -1.544203e+01 8.371243e-01 8.059865e-01 -4.280958e-03 1.622005e+00 -1.952919e+00 -2.117942e+00 -8.640060e-01 -5.635210e-02 -1.093477e-01 2.285128e+00 2.288763e+00 -1.387695e+00 -7.256659e-01 -2.868354e-02 3.711533e-01 -2.172638e-01 9.678672e-02 8.649369e-02 4.691991e-01 3.464545e-01 -3.384552e-01 -2.666988e-01 -2.295023e-01 -2.001109e-01 2.072167e-01 8.837979e-01 -1.502088e-03
<VARIANCE> 39
 1.527236e+01 1.927614e+00 2.898114e+01 1.077203e+01 1.996763e+01 2.000290e+01 2.412806e+01 1.299377e+01 2.532634e+01 1.315738e+01 2.155653e+01 5.202901e+01 1.000000e-02 8.511566e-01 7.333057e-01 6.428665e-01 4.079060e-01 6.998107e-01 1.369578e+00 3.564626e-01 1.864314e+00 1.650656e+00 1.300687e+00 2.054369e+00 3.680519e+00 1.000000e-02 6.367721e-02 5.235552e-02 2.104712e-01 5.672530e-02 3.569739e-01 1.402632e-01 1.897764e-01 1.932344e-01 4.778749e-01 8.819754e-02 3.263951e-01 2.762800e-01 1.000000e-02
<GCONST> 7.007866e+01
<STATE> 10
<MEAN> 39
 -7.468569e+00 -2.363111e+01 -3.906010e+00 -1.500167e+01 -1.237228e+01 -5.444537e+00 6.235723e+00 1.019894e+00 2.218126e+00 -1.285836e+00 -5.177311e+00 -5.367476e+00 7.136045e-01 1.478923e+00 -4.837310e-01 1.547486e+00 -3.699283e-01 8.260509e-01 9.459158e-04 -1.078993e+00 -4.362687e-01 -2.693778e-01 4.613141e-01 -1.036432e+00 8.909774e-01 -3.810171e-02 6.954721e-02 -1.742125e-02 -1.105724e-01 6.545497e-01 2.964344e-01 2.641880e-01 1.314366e-01 -1.217739e-01 -1.325954e-01 -6.117955e-01 7.997273e-02 -2.439599e-02 -3.126485e-05
<VARIANCE> 39
 3.070464e+01 1.471095e+01 4.646777e+01 3.486608e+01 1.938164e+01 1.708631e+01 2.639709e+01 1.987806e+01 1.519411e+01 1.032537e+01 2.556957e+01 2.635560e+01 1.000000e-02 4.952337e-01 5.745704e-01 1.991053e+00 6.780246e+00 1.498789e+00 2.406004e+00 2.126601e+00 1.295609e+00 1.232090e+00 2.399917e+00 2.436897e+00 2.120084e+00 1.000000e-02 1.389788e-01 1.412859e-01 2.788080e-01 5.702109e-01 3.937749e-01 4.193284e-01 4.182990e-01 2.750635e-01 2.597617e-01 2.721700e-01 4.324242e-01 3.784151e-01 1.000000e-02
<GCONST> 8.717511e+01
<STATE> 11
<MEAN> 39
 -5.916187e-03 -2.551901e+01 -7.772588e-01 -8.183590e+00 -1.080407e+01 -3.504864e+00 5.675245e+00 -1.816560e+00 1.019234e+00 -6.418537e+00 -8.685618e+00 -6.709153e+00 5.386144e-01 6.379919e-01 -1.161886e-01 -1.319412e-01 2.039879e+00 4.712444e-01 1.335116e-01 2.577685e-01 -1.957435e-01 -6.007646e-01 -1.878468e+00 -9.037776e-02 5.291633e-01 -2.999494e-02 -2.851918e-01 -3.644282e-02 -5.769277e-01 -3.962275e-02 -1.519424e-01 -1.350612e-01 1.288177e-01 3.435770e-01 -5.400033e-02 1.368151e-01 3.507611e-01 3.087598e-01 2.731586e-03
<VARIANCE> 39
 5.879451e+00 3.300074e+00 1.653314e+01 2.085014e+01 1.449956e+01 8.506067e+00 1.397578e+01 4.851924e+00 1.419602e+01 1.714438e+01 1.135602e+01 3.095825e+01 1.000000e-02 9.430169e-01 6.044200e-01 1.534530e+00 1.828573e+00 9.239545e-01 2.347656e+00 7.757000e-01 1.599726e+00 1.394397e+00 6.810269e-01 8.695171e-01 1.270789e+00 1.000000e-02 5.871037e-02 3.943810e-02 2.180663e-01 1.007055e+00 3.050610e-01 2.112526e-01 5.010088e-01 2.251610e-01 3.614009e-01 4.962710e-01 3.790834e-01 4.131794e-01 1.000000e-02
<GCONST> 7.248597e+01
<STATE> 12
<MEAN> 39
 -2.113371e-01 -2.601875e+01 -4.521110e+00 -2.652155e+00 -8.997829e+00 -3.462569e+00 5.930402e+00 -1.259244e+00 8.079284e-01 -9.549695e+00 -3.978650e+00 -1.600533e+00 4.486516e-01 1.764466e-01 -3.205379e-01 -1.845267e+00 5.094047e-01 2.153653e-02 4.587677e-01 8.572196e-01 9.527040e-02 6.517789e-01 5.451723e-01 1.785389e+00 1.611092e+00 -2.060538e-02 -1.199650e-01 1.507978e-01 -1.177035e-01 -3.889302e-01 7.211138e-02 -1.599379e-01 -1.213754e-03 -1.457256e-02 -1.883731e-02 4.989006e-01 -1.696040e-02 -3.900751e-01 2.510800e-03
<VARIANCE> 39
 3.391879e+00 1.299436e+01 2.358059e+01 8.008566e+00 8.171849e+00 3.531822e+01 2.814730e+01 1.867920e+01 1.157395e+01 4.467482e+00 1.331004e+01 4.928463e+01 1.105812e-02 5.982608e-01 5.311174e-01 7.162996e-01 9.752110e-01 7.103606e-01 2.938710e+00 2.916396e+00 8.666123e-01 4.660236e-01 8.861279e-01 3.904522e+00 3.229089e+00 1.000000e-02 1.342835e-01 9.162867e-02 4.833363e-01 1.663368e-01 1.259963e-01 5.057137e-01 3.361855e-01 2.054061e-01 3.333868e-01 9.944132e-02 3.106465e-01 5.583441e-01 1.000000e-02
<GCONST> 7.365535e+01
<STATE> 13
<MEAN> 39
 8.717806e-01 -2.526866e+01 -8.159449e+00 -2.744543e+00 -7.740060e+00 -4.019539e+00 8.377416e+00 -2.168211e+00 2.157795e-01 -6.222284e+00 -2.595922e+00 -2.489407e+00 4.531499e-01 9.645227e-02 5.124990e-01 -3.476088e-01 9.507394e-01 9.563749e-01 -7.069234e-01 -2.383821e-01 5.870239e-01 -4.929636e-01 1.051313e-01 6.435677e-01 8.982460e-02 -2.564472e-02 -2.229780e-01 1.605716e-01 3.784137e-01 5.279518e-02 8.340798e-02 -9.923371e-02 -2.429005e-01 3.887999e-02 7.307141e-02 4.758190e-03 1.113840e-01 -6.722654e-02 -4.522493e-03
<VARIANCE> 39
 6.449768e+00 5.779499e+00 1.259934e+01 9.165788e+00 2.384943e+01 2.653087e+01 8.740966e+00 9.955641e+00 2.181896e+01 1.201490e+01 1.898866e+01 2.319463e+01 1.000000e-02 3.398974e-01 6.025141e-01 1.394983e+00 6.471302e-01 1.410797e+00 3.721583e+00 1.465564e+00 5.073407e-01 2.444062e+00 1.794136e+00 2.773649e+00 2.178757e+00 1.000000e-02 6.340951e-02 1.607484e-01 2.281084e-01 1.741663e-01 3.084614e-01 7.931945e-01 4.667818e-01 2.701153e-01 5.885571e-01 3.217359e-01 7.614264e-01 4.746175e-01 1.000000e-02
<GCONST> 7.778081e+01
<STATE> 14
<MEAN> 39
 -2.791438e+00 -1.976133e+01 -6.082574e+00 1.119124e+00 -1.370085e+00 -5.555842e+00 5.331112e+00 -5.607659e-01 -1.974539e-01 -5.495411e+00 1.936842e+00 -5.824579e-01 1.928646e-01 -6.227320e-01 1.100031e+00 6.773468e-01 1.631387e-01 7.726527e-01 1.402084e-01 -3.401928e-01 -2.029187e-01 -1.178673e-01 5.880334e-02 1.035536e-01 4.096832e-02 -3.568664e-02 5.772741e-02 1.212112e-01 2.592847e-02 -9.086866e-02 -6.059172e-02 1.286566e-01 1.144855e-01 -2.440528e-02 3.810837e-02 -1.018847e-01 -2.530072e-01 -1.335020e-01 1.063303e-03
<VARIANCE> 39
 8.011766e+00 1.365717e+01 1.657045e+01 1.128645e+01 1.367139e+01 1.282309e+01 1.215129e+01 1.774288e+01 1.431872e+01 8.159193e+00 1.206607e+01 1.326287e+01 1.165703e-02 7.460582e-01 7.879579e-01 1.101882e+00 1.521768e+00 1.617270e+00 1.221810e+00 9.802078e-01 1.720341e+00 2.253265e+00 8.664654e-01 1.172662e+00 1.402660e+00 1.000000e-02 1.133231e-01 1.025512e-01 2.010074e-01 3.359365e-01 3.728916e-01 3.535088e-01 1.316602e-01 3.416837e-01 4.343242e-01 1.901075e-01 2.682334e-01 2.932492e-01 1.000000e-02
<GCONST> 7.335878e+01
<STATE> 15
<MEAN> 39
 -4.914763e+00 -1.337880e+01 -3.141911e+00 6.371248e-01 8.263069e-01 -3.654923e+00 4.842593e+00 -8.697404e-01 -2.833647e-02 -5.435192e+00 3.411605e-01 -1.290770e+00 1.437206e-02 -3.605399e-01 6.212199e-01 3.135318e-01 -3.868188e-01 1.842587e-02 3.605214e-01 -2.497348e-01 -1.899403e-01 2.266319e-01 4.098516e-01 -1.855998e-01 1.354849e-01 -2.119726e-02 2.378271e-02 -2.789068e-01 -1.703055e-01 2.174508e-02 -9.516621e-02 -2.074357e-01 -1.298164e-01 -1.412001e-02 -8.170138e-02 5.891771e-02 2.967008e-01 2.345301e-01 4.793937e-03
<VARIANCE> 39
 4.581668e+00 4.960262e+00 6.084229e+00 4.877166e+00 1.063220e+01 1.149914e+01 7.187268e+00 1.038406e+01 2.611682e+00 1.135188e+01 8.616136e+00 3.360636e+00 1.000000e-02 3.701417e-01 9.308076e-01 5.639743e-01 6.013517e-01 1.275198e+00 3.844971e-01 1.320353e+00 2.006946e+00 6.665483e-01 7.577504e-01 1.001730e+00 1.460751e+00 1.000000e-02 1.049735e-01 1.233650e-01 4.829394e-02 1.414464e-01 2.753019e-01 7.563776e-02 2.056044e-01 2.641881e-01 1.102970e-01 1.136988e-01 1.218337e-01 2.495223e-01 1.000000e-02
<GCONST> 5.407230e+01
<TRANSP> 16
 0.000000e+00 1.000000e+00 0.000000e+00 0.000000e+00 0.000000e+00 0.000000e+00 0.000000e+00 0.000000e+00 0.000000e+00 0.000000e+00 0.000000e+00 0.000000e+00 0.000000e+00 0.000000e+00 0.000000e+00 0.000000e+00
 0.000000e+00 8.000000e-01 2.000000e-01 0.000000e+00 0.000000e+00 0.000000e+00 0.000000e+00 0.000000e+00 0.000000e+00 0.000000e+00 0.000000e+00 0.000000e+00 0.000000e+00 0.000000e+00 0.000000e+00 0.000000e+00
 0.000000e+00 0.000000e+00 9.180328e-01 8.196721e-02 0.000000e+00 0.000000e+00 0.000000e+00 0.000000e+00 0.000000e+00 0.000000e+00 0.000000e+00 0.000000e+00 0.000000e+00 0.000000e+00 0.000000e+00 0.000000e+00
 0.000000e+00 0.000000e+00 0.000000e+00 8.684211e-01 1.315790e-01 0.000000e+00 0.000000e+00 0.000000e+00 0.000000e+00 0.000000e+00 0.000000e+00 0.000000e+00 0.000000e+00 0.000000e+00 0.000000e+00 0.000000e+00
 0.000000e+00 0.000000e+00 0.000000e+00 0.000000e+00 7.619048e-01 2.380952e-01 0.000000e+00 0.000000e+00 0.000000e+00 0.000000e+00 0.000000e+00 0.000000e+00 0.000000e+00 0.000000e+00 0.000000e+00 0.000000e+00
 0.000000e+00 0.000000e+00 0.000000e+00 0.000000e+00 0.000000e+00 8.333333e-01 1.666667e-01 0.000000e+00 0.000000e+00 0.000000e+00 0.000000e+00 0.000000e+00 0.000000e+00 0.000000e+00 0.000000e+00 0.000000e+00
 0.000000e+00 0.000000e+00 0.000000e+00 0.000000e+00 0.000000e+00 0.000000e+00 8.275862e-01 1.724138e-01 0.000000e+00 0.000000e+00 0.000000e+00 0.000000e+00 0.000000e+00 0.000000e+00 0.000000e+00 0.000000e+00
 0.000000e+00 0.000000e+00 0.000000e+00 0.000000e+00 0.000000e+00 0.000000e+00 0.000000e+00 7.619048e-01 2.380952e-01 0.000000e+00 0.000000e+00 0.000000e+00 0.000000e+00 0.000000e+00 0.000000e+00 0.000000e+00
 0.000000e+00 0.000000e+00 0.000000e+00 0.000000e+00 0.000000e+00 0.000000e+00 0.000000e+00 0.000000e+00 6.666667e-01 3.333333e-01 0.000000e+00 0.000000e+00 0.000000e+00 0.000000e+00 0.000000e+00 0.000000e+00
 0.000000e+00 0.000000e+00 0.000000e+00 0.000000e+00 0.000000e+00 0.000000e+00 0.000000e+00 0.000000e+00 0.000000e+00 7.916667e-01 2.083333e-01 0.000000e+00 0.000000e+00 0.000000e+00 0.000000e+00 0.000000e+00
 0.000000e+00 0.000000e+00 0.000000e+00 0.000000e+00 0.000000e+00 0.000000e+00 0.000000e+00 0.000000e+00 0.000000e+00 0.000000e+00 6.428571e-01 3.571429e-01 0.000000e+00 0.000000e+00 0.000000e+00 0.000000e+00
 0.000000e+00 0.000000e+00 0.000000e+00 0.000000e+00 0.000000e+00 0.000000e+00 0.000000e+00 0.000000e+00 0.000000e+00 0.000000e+00 0.000000e+00 6.153846e-01 3.846154e-01 0.000000e+00 0.000000e+00 0.000000e+00
 0.000000e+00 0.000000e+00 0.000000e+00 0.000000e+00 0.000000e+00 0.000000e+00 0.000000e+00 0.000000e+00 0.000000e+00 0.000000e+00 0.000000e+00 0.000000e+00 7.916667e-01 2.083333e-01 0.000000e+00 0.000000e+00
 0.000000e+00 0.000000e+00 0.000000e+00 0.000000e+00 0.000000e+00 0.000000e+00 0.000000e+00 0.000000e+00 0.000000e+00 0.000000e+00 0.000000e+00 0.000000e+00 0.000000e+00 8.648649e-01 1.351351e-01 0.000000e+00
 0.000000e+00 0.000000e+00 0.000000e+00 0.000000e+00 0.000000e+00 0.000000e+00 0.000000e+00 0.000000e+00 0.000000e+00 0.000000e+00 0.000000e+00 0.000000e+00 0.000000e+00 0.000000e+00 7.826087e-01 2.173913e-01
 0.000000e+00 0.000000e+00 0.000000e+00 0.000000e+00 0.000000e+00 0.000000e+00 0.000000e+00 0.000000e+00 0.000000e+00 0.000000e+00 0.000000e+00 0.000000e+00 0.000000e+00 0.000000e+00 0.000000e+00 0.000000e+00
<ENDHMM>
