~o
<STREAMINFO> 1 39
<VECSIZE> 39<NULLD><MFCC_E_D_A><DIAGC>
~h "Huy"
<BEGINHMM>
<NUMSTATES> 11
<STATE> 2
<MEAN> 39
 -7.058560e+00 -1.205477e+01 -4.916478e+00 -4.650475e+00 7.537630e+00 -3.409088e+00 3.832637e+00 -1.237462e-01 -4.057577e-01 -3.061306e+00 1.463513e+00 -1.916432e+00 1.181789e-01 -1.339038e-01 -1.112407e+00 -1.052489e+00 -6.694177e-01 1.241465e+00 4.392897e-01 1.461891e-01 1.976441e-01 -3.788590e-02 -1.558415e-01 -7.768331e-01 -2.704685e-01 4.696780e-02 1.038603e-01 3.711439e-02 -1.227759e-01 3.470118e-02 -1.598460e-01 -3.669881e-03 -6.174054e-02 -1.461015e-01 9.595457e-02 -6.748459e-02 -2.145227e-01 -1.200129e-01 9.274546e-03
<VARIANCE> 39
 3.438675e+00 2.693432e+01 1.866596e+01 1.632438e+01 3.951790e+01 2.655048e+01 2.045762e+01 1.105000e+01 1.395097e+01 1.445344e+01 2.047862e+01 1.077434e+01 3.569815e-02 8.371912e-01 1.898332e+00 1.527279e+00 1.257259e+00 3.258290e+00 2.392225e+00 2.204437e+00 2.143015e+00 2.274435e+00 1.337671e+00 2.856464e+00 1.465786e+00 1.000000e-02 1.961208e-01 5.105377e-01 2.338423e-01 2.558716e-01 1.101037e+00 4.684339e-01 3.838538e-01 4.013061e-01 6.661143e-01 2.699926e-01 5.124094e-01 2.975300e-01 1.000000e-02
<GCONST> 8.848143e+01
<STATE> 3
<MEAN> 39
 -4.341382e+00 -1.803840e+01 -1.770885e+01 -1.010335e+01 6.761885e+00 -2.188941e+00 2.453407e+00 -2.561007e+00 3.524132e+00 -5.192076e+00 -9.379339e+00 -7.962332e+00 7.333500e-01 -2.178113e-01 -6.777086e-02 -6.761041e-01 -5.845270e-01 -2.002589e+00 -1.798481e+00 4.951851e-01 7.432526e-01 1.670061e+00 4.752538e-01 -8.911492e-01 -7.846158e-01 7.047191e-02 -5.174500e-01 -8.539746e-02 7.382933e-01 -8.826955e-02 -7.504314e-02 -5.138517e-01 3.732034e-01 6.271819e-01 -1.659455e-01 1.732336e-01 4.882248e-01 2.730250e-01 -1.018629e-02
<VARIANCE> 39
 1.507277e+01 1.438566e+01 2.844413e+01 1.448396e+01 4.500096e+01 4.417507e+01 4.166283e+01 4.142341e+01 4.225666e+01 2.403140e+01 2.082431e+01 2.484201e+01 2.351116e-02 4.227011e+00 2.381812e+00 6.764003e+00 1.063886e+00 1.964947e+00 3.243545e+00 2.712547e+00 7.765249e+00 3.763873e+00 1.932447e+00 2.066973e+00 2.158209e+00 1.000000e-02 6.431789e-01 5.356567e-01 9.952167e-01 2.122237e-01 4.814428e-01 4.719633e-01 4.029123e-01 1.132658e+00 1.060922e+00 4.391080e-01 4.754202e-01 3.831031e-01 1.000000e-02
<GCONST> 1.036453e+02
<STATE> 4
<MEAN> 39
 -1.250267e+01 -1.905996e+01 -1.057040e+01 -1.419605e+01 -3.745079e+00 -1.579503e+01 1.157090e+01 8.106431e+00 5.761808e+00 -1.181668e+00 -6.038020e+00 -7.714507e+00 9.316352e-01 -1.401131e+00 5.413644e-01 2.248406e+00 -4.851733e-01 -2.710827e+00 -1.549649e+00 1.728983e+00 3.223800e-01 -8.142188e-01 1.275073e+00 2.301863e+00 5.349933e-01 -3.497186e-03 3.957295e-01 2.991074e-01 -1.644927e-01 -1.673684e-02 -1.052798e-01 4.551025e-01 -2.989006e-01 -8.158552e-01 2.203740e-02 3.759890e-01 1.981846e-01 -9.100895e-02 -6.133342e-03
<VARIANCE> 39
 7.407259e+00 5.817944e+00 1.219902e+01 5.609529e+00 4.360528e+01 4.475559e+01 2.192929e+01 3.548817e+01 1.621774e+01 1.040162e+01 1.725076e+01 1.474324e+01 1.000000e-02 7.708611e-01 4.586262e-01 7.039539e-01 6.968916e-01 1.300684e+00 1.095553e+00 1.569896e+00 3.603883e+00 1.477419e+00 2.439986e+00 1.577725e+00 1.750319e+00 1.000000e-02 5.579985e-02 1.880190e-01 9.034520e-02 1.347322e-01 3.810936e-01 1.448451e-01 2.570113e-01 1.999170e-01 4.416467e-01 1.753231e-01 3.540585e-01 3.137681e-01 1.000000e-02
<GCONST> 7.379753e+01
<STATE> 5
<MEAN> 39
 -1.629740e+01 -1.530114e+01 -1.337930e+00 -1.735685e+01 -1.725270e+01 -1.563334e+01 9.857860e+00 -1.163831e+00 5.953488e+00 9.865981e+00 1.986491e+00 -5.781543e+00 9.352049e-01 4.321676e-01 6.844537e-01 1.053158e+00 -8.661568e-01 -1.330399e+00 -3.576799e-01 -8.251695e-01 -1.358501e+00 4.360203e-01 1.388186e+00 2.810135e-01 2.734078e-01 1.149333e-02 2.167218e-01 -6.024360e-02 -2.677008e-01 1.439937e-02 3.571112e-01 1.969214e-01 -1.173432e-01 1.144374e-01 2.421319e-02 -5.163774e-01 -4.685562e-01 -7.445461e-02 -7.288422e-04
<VARIANCE> 39
 9.606414e+00 5.003724e+00 1.008998e+01 1.069571e+01 2.383042e+01 3.159008e+01 2.149275e+01 2.599931e+01 6.022407e+00 1.532911e+01 6.547043e+00 6.508617e+00 1.000000e-02 7.162750e-01 4.109966e-01 9.397748e-01 5.436608e-01 1.207275e+00 5.303321e-01 1.059575e+00 5.417844e-01 6.736552e-01 1.304542e+00 8.142091e-01 9.146739e-01 1.000000e-02 5.398865e-02 1.062249e-01 2.295831e-01 9.855971e-02 2.512695e-01 1.321857e-01 4.098966e-01 1.612791e-01 1.404857e-01 1.777338e-01 1.563522e-01 2.359691e-01 1.000000e-02
<GCONST> 6.226263e+01
<STATE> 6
<MEAN> 39
 -1.046062e+01 -1.425801e+01 -5.252406e-01 -2.082807e+01 -1.543083e+01 -1.595232e+01 8.951971e+00 -3.597956e+00 4.412559e+00 6.730366e+00 -2.695400e+00 -5.819701e+00 8.754954e-01 3.332250e-01 2.828079e-02 -7.744387e-02 5.604377e-02 5.254798e-01 9.589745e-01 -2.034434e-01 -6.329009e-01 -4.616043e-01 -1.180119e+00 -1.162679e+00 -7.077650e-02 -2.429772e-02 1.052336e-02 -5.492479e-02 3.204587e-02 5.054626e-02 5.857858e-02 8.136446e-03 -4.238633e-02 1.267298e-02 -9.697489e-02 -1.252017e-02 -6.758710e-02 1.299140e-01 -3.136553e-03
<VARIANCE> 39
 3.120989e+00 6.600256e+00 1.066119e+01 1.870555e+01 3.354900e+01 3.773142e+01 2.834901e+01 2.520980e+01 9.996929e+00 2.126463e+01 3.093510e+01 1.218985e+01 1.000000e-02 3.078707e-01 7.285989e-01 6.356598e-01 1.619360e+00 2.290401e+00 1.016620e+00 2.219760e+00 1.215916e+00 1.547282e+00 2.135712e+00 1.179558e+00 1.182444e+00 1.000000e-02 9.616614e-02 1.494998e-01 1.774084e-01 3.415019e-01 4.497297e-01 1.978517e-01 4.333731e-01 2.866107e-01 3.625786e-01 4.257130e-01 2.117290e-01 2.233541e-01 1.000000e-02
<GCONST> 7.661897e+01
<STATE> 7
<MEAN> 39
 -6.253747e+00 -1.522392e+01 2.281929e+00 -1.979894e+01 -1.431762e+01 -1.027469e+01 5.227404e+00 -6.817321e+00 7.318611e-01 1.631882e+00 -1.008895e+01 -3.345421e+00 6.620111e-01 1.457023e+00 -7.824857e-01 1.324712e+00 5.277146e-01 -1.337705e+00 6.463326e-01 -1.004286e+00 7.427798e-01 -2.092377e-01 -6.355346e-02 -7.444488e-02 8.093063e-01 -4.445899e-02 7.978092e-02 -1.501922e-02 2.003878e-03 4.282586e-01 -4.374678e-01 8.819757e-02 -3.326182e-02 2.223646e-01 2.424255e-01 3.899060e-02 5.819632e-01 -4.943592e-02 -2.679949e-03
<VARIANCE> 39
 7.493390e+00 8.541076e+00 1.696819e+01 1.394877e+01 1.326732e+01 1.293268e+01 1.894647e+01 2.477404e+01 9.319520e+00 9.978312e+00 9.663900e+00 1.660359e+01 1.000000e-02 3.575135e-01 7.570600e-01 1.009569e+00 2.500721e+00 3.457979e+00 1.145406e+00 1.273487e+00 1.522694e+00 1.469926e+00 9.375460e-01 1.433591e+00 5.425833e-01 1.000000e-02 1.171455e-01 2.633035e-01 2.968878e-01 4.149204e-01 5.259724e-01 1.844495e-01 3.857890e-01 4.651148e-01 1.998638e-01 2.286026e-01 1.649882e-01 1.236056e-01 1.000000e-02
<GCONST> 7.351962e+01
<STATE> 8
<MEAN> 39
 -2.318100e-01 -1.509082e+01 4.190822e+00 -1.094331e+01 -1.754149e+01 -7.815262e+00 1.777092e+00 -6.577021e+00 2.469301e+00 8.517738e-01 -4.284886e+00 -1.486525e+00 4.230168e-01 3.871205e-01 6.886820e-01 -3.794782e-01 1.260348e+00 7.942523e-01 1.142647e-01 1.077651e-01 -3.974243e-01 2.113509e-02 6.204111e-02 8.383911e-01 -8.614786e-02 -2.701857e-02 -2.357266e-01 1.055594e-01 -1.822006e-01 -2.324971e-01 3.146743e-01 -6.236252e-02 1.705861e-01 7.839937e-03 -4.160334e-02 1.296409e-01 -1.848039e-01 -1.452222e-01 5.050842e-04
<VARIANCE> 39
 2.701204e+00 1.048953e+01 7.185863e+00 2.863332e+01 3.008661e+01 1.635321e+01 7.829082e+00 1.896805e+01 1.429891e+01 1.439190e+01 7.499249e+00 1.437397e+01 1.000000e-02 1.792353e-01 7.214400e-01 5.066950e-01 2.002851e+00 2.588313e+00 1.952604e+00 1.304731e+00 1.688427e+00 1.322821e+00 1.026036e+00 1.492802e+00 1.255339e+00 1.000000e-02 5.413686e-02 1.670325e-01 1.432205e-01 4.052979e-01 7.319068e-01 4.108441e-01 1.869828e-01 5.027297e-01 2.393254e-01 1.507140e-01 2.519818e-01 2.505842e-01 1.000000e-02
<GCONST> 7.184827e+01
<STATE> 9
<MEAN> 39
 -2.336228e+00 -1.112945e+01 1.075054e+00 -8.159411e+00 -1.245731e+01 -7.844441e+00 4.775613e+00 -5.170380e+00 3.124099e+00 4.037948e+00 -1.139712e+00 -2.727118e+00 2.240110e-01 -1.029258e+00 1.088638e-01 -4.032487e-01 3.671378e-01 8.703755e-01 -1.375736e-01 9.470293e-02 8.657253e-01 3.374526e-01 4.711308e-01 5.125687e-01 -4.384596e-02 -4.717458e-02 -8.581778e-02 -1.658363e-01 1.579814e-01 2.371568e-01 1.165344e-01 -1.158464e-01 -2.863412e-01 -7.171670e-02 -2.102088e-02 -1.568673e-01 8.206643e-02 1.626311e-01 4.390594e-05
<VARIANCE> 39
 6.172630e+00 4.174566e+00 4.391120e+00 5.932670e+00 8.861220e+00 9.471658e+00 6.915423e+00 1.644230e+01 1.162156e+01 1.573195e+01 1.636943e+01 8.013430e+00 1.141463e-02 4.321762e-01 5.757432e-01 6.493928e-01 1.642709e+00 1.578339e+00 8.265138e-01 6.639355e-01 1.534154e+00 1.640386e+00 1.005818e+00 1.299980e+00 7.318268e-01 1.000000e-02 1.090706e-01 6.923702e-02 1.107691e-01 1.962358e-01 1.980611e-01 2.076586e-01 1.479426e-01 3.255889e-01 4.049649e-01 3.439493e-01 3.637387e-01 1.766359e-01 1.000000e-02
<GCONST> 6.350559e+01
<STATE> 10
<MEAN> 39
 -6.602809e+00 -1.150013e+01 9.313048e-01 -3.240742e+00 -4.865032e+00 -6.351666e+00 2.054662e+00 -3.716761e+00 3.127995e+00 2.885383e+00 1.632547e+00 -1.646760e+00 3.199229e-02 -2.451673e-01 1.061245e-01 -1.710495e-03 5.594330e-01 1.029063e+00 5.999537e-01 -1.810795e-01 -2.214827e-01 -2.913570e-01 -4.471081e-01 1.604673e-01 -2.136608e-02 -1.174904e-02 1.433907e-01 4.379301e-02 -5.351223e-02 -1.505407e-01 -8.348443e-02 1.314296e-01 1.626257e-01 -2.668941e-02 -9.944941e-02 -3.212833e-02 -1.460136e-01 -8.944942e-02 5.533813e-03
<VARIANCE> 39
 1.868251e+00 3.154366e+00 4.581781e+00 5.481352e+00 9.455338e+00 1.672769e+01 7.929580e+00 1.256981e+01 1.197937e+01 1.845037e+01 1.115126e+01 7.689976e+00 1.000000e-02 3.545811e-01 4.567665e-01 2.349032e-01 4.131828e-01 7.200057e-01 1.472340e+00 1.136032e+00 7.762698e-01 1.058880e+00 2.020403e+00 1.846659e+00 1.065722e+00 1.000000e-02 6.506575e-02 1.078564e-01 4.720140e-02 7.738219e-02 1.294223e-01 3.217228e-01 1.576289e-01 9.473463e-02 2.108085e-01 3.264059e-01 2.653454e-01 1.467084e-01 1.000000e-02
<GCONST> 5.571453e+01
<TRANSP> 11
 0.000000e+00 1.000000e+00 0.000000e+00 0.000000e+00 0.000000e+00 0.000000e+00 0.000000e+00 0.000000e+00 0.000000e+00 0.000000e+00 0.000000e+00
 0.000000e+00 8.958333e-01 1.041667e-01 0.000000e+00 0.000000e+00 0.000000e+00 0.000000e+00 0.000000e+00 0.000000e+00 0.000000e+00 0.000000e+00
 0.000000e+00 0.000000e+00 8.333333e-01 1.666667e-01 0.000000e+00 0.000000e+00 0.000000e+00 0.000000e+00 0.000000e+00 0.000000e+00 0.000000e+00
 0.000000e+00 0.000000e+00 0.000000e+00 7.826087e-01 2.173913e-01 0.000000e+00 0.000000e+00 0.000000e+00 0.000000e+00 0.000000e+00 0.000000e+00
 0.000000e+00 0.000000e+00 0.000000e+00 0.000000e+00 8.275862e-01 1.724138e-01 0.000000e+00 0.000000e+00 0.000000e+00 0.000000e+00 0.000000e+00
 0.000000e+00 0.000000e+00 0.000000e+00 0.000000e+00 0.000000e+00 8.837209e-01 1.162791e-01 0.000000e+00 0.000000e+00 0.000000e+00 0.000000e+00
 0.000000e+00 0.000000e+00 0.000000e+00 0.000000e+00 0.000000e+00 0.000000e+00 7.826087e-01 2.173913e-01 0.000000e+00 0.000000e+00 0.000000e+00
 0.000000e+00 0.000000e+00 0.000000e+00 0.000000e+00 0.000000e+00 0.000000e+00 0.000000e+00 8.648649e-01 1.351351e-01 0.000000e+00 0.000000e+00
 0.000000e+00 0.000000e+00 0.000000e+00 0.000000e+00 0.000000e+00 0.000000e+00 0.000000e+00 0.000000e+00 8.076923e-01 1.923077e-01 0.000000e+00
 0.000000e+00 0.000000e+00 0.000000e+00 0.000000e+00 0.000000e+00 0.000000e+00 0.000000e+00 0.000000e+00 0.000000e+00 8.571429e-01 1.428571e-01
 0.000000e+00 0.000000e+00 0.000000e+00 0.000000e+00 0.000000e+00 0.000000e+00 0.000000e+00 0.000000e+00 0.000000e+00 0.000000e+00 0.000000e+00
<ENDHMM>
