~o
<STREAMINFO> 1 39
<VECSIZE> 39<NULLD><MFCC_E_D_A><DIAGC>
~h "Kho^ng"
<BEGINHMM>
<NUMSTATES> 35
<STATE> 2
<MEAN> 39
 -7.154787e+00 -1.052695e+01 -3.280605e+00 -3.828432e-01 7.081478e-01 -5.005519e+00 2.634464e+00 -2.867828e-01 2.222490e+00 -2.178600e+00 7.675348e-01 -1.456625e+00 -1.026377e-01 -2.789831e-01 -4.344055e-01 -1.008225e+00 -8.443106e-01 1.048479e+00 -1.206824e+00 -5.714164e-01 1.653198e+00 8.264993e-01 1.039671e+00 -1.127303e+00 -7.298813e-02 1.622840e-02 1.588337e-01 4.220824e-02 -1.731184e-01 -3.977191e-01 7.479483e-01 -2.683002e-01 -3.630358e-01 -3.548796e-02 -1.707891e-01 1.688754e-01 -3.570846e-01 -2.236508e-02 1.642285e-02
<VARIANCE> 39
 1.156832e+00 1.469194e+00 3.688835e+00 5.261038e+00 8.715564e+00 6.195894e+00 9.472341e+00 1.461739e+01 2.300479e+01 8.017143e+00 8.912544e+00 6.445620e+00 1.000000e-02 5.291068e-01 9.099689e-01 1.161147e+00 1.008502e+00 1.590640e+00 6.847970e-01 2.858094e+00 1.288611e+00 3.234868e+00 2.036296e+00 3.632247e+00 7.152374e-01 1.000000e-02 9.340456e-02 7.173512e-02 2.704766e-01 8.309639e-02 2.030704e-01 4.213338e-01 6.014341e-01 2.448646e-01 5.320958e-01 2.161407e-01 3.869904e-01 2.042693e-01 1.000000e-02
<GCONST> 6.532613e+01
<STATE> 3
<MEAN> 39
 -7.017972e+00 -1.042152e+01 -5.316459e+00 -5.269000e+00 6.381875e+00 -9.676996e+00 -1.827386e+00 2.472149e+00 2.025942e+00 1.386792e+00 -4.032094e+00 -2.782979e+00 -1.637208e-02 3.884884e-01 -4.584634e-01 -1.609562e+00 -8.949303e-01 2.318949e+00 -9.015852e-01 -9.601623e-02 4.243223e-01 2.481412e-01 1.252359e+00 -1.571520e+00 -3.604144e-01 5.378295e-02 1.833797e-01 -1.618066e-01 -2.903763e-01 2.554026e-01 -1.044091e-01 1.573933e-01 4.128706e-01 -3.832757e-01 -8.263258e-02 -3.002672e-01 2.451250e-01 1.384093e-01 9.947965e-03
<VARIANCE> 39
 1.256523e+01 1.926885e+01 2.773542e+01 7.635996e+00 1.020458e+01 1.829557e+01 2.979278e+01 1.553485e+01 1.733323e+01 1.010158e+01 3.047158e+01 8.749289e+00 2.177665e-02 1.211868e+00 3.827546e-01 2.491582e+00 3.045040e-01 1.694569e+00 4.829780e+00 2.581222e+00 7.222707e-01 2.309854e+00 1.315242e+00 1.907617e+00 3.671794e-01 1.000000e-02 1.974906e-01 2.867016e-01 7.795455e-02 2.892423e-01 8.237545e-01 1.096822e-01 7.312019e-01 1.073948e-01 5.071061e-01 2.164028e-01 5.412497e-01 6.976450e-02 1.000000e-02
<GCONST> 7.694080e+01
<STATE> 4
<MEAN> 39
 -5.586104e+00 -1.173403e+01 -9.143173e+00 -4.160745e+00 9.532897e+00 -8.994533e+00 6.363877e-01 1.322549e+00 1.810304e+00 1.443745e+00 -5.158547e+00 -3.136273e+00 1.146944e-01 6.445538e-01 -1.087678e+00 -2.152687e+00 -3.038659e-01 1.010320e+00 -1.320741e+00 8.560731e-02 -9.284040e-02 5.373747e-01 3.941272e-01 -4.681457e-01 1.576922e-01 6.860142e-02 -1.264865e-01 -4.686749e-02 2.358167e-01 1.444488e-01 -4.942997e-01 -6.839472e-02 -3.883360e-02 4.188409e-02 2.985128e-01 -1.777917e-01 5.528172e-01 2.409151e-01 -6.519292e-03
<VARIANCE> 39
 1.404780e+01 4.223992e+00 2.730160e+01 6.282460e+00 1.427938e+01 6.512020e+01 1.768208e+01 1.002298e+01 8.976040e+00 1.968563e+01 1.347394e+01 2.600984e+00 5.946223e-02 1.032680e+00 1.593805e+00 1.135436e+00 1.820926e+00 6.488897e+00 1.731267e+00 4.638202e+00 2.571399e-01 9.674600e-01 5.056464e-01 1.097553e+00 5.842606e-01 1.000000e-02 2.697350e-01 1.917955e-01 1.765898e-01 8.249755e-02 2.668229e-01 6.055343e-01 1.856598e-01 5.537452e-02 2.811056e-01 2.105936e-01 3.976423e-01 9.019623e-02 1.000000e-02
<GCONST> 7.253075e+01
<STATE> 5
<MEAN> 39
 -5.145344e+00 -1.386777e+01 -1.213565e+01 -5.182761e+00 9.420236e+00 -1.362869e+01 -2.341659e-01 2.488745e+00 4.533997e+00 3.281990e+00 -5.576420e+00 -1.669400e+00 1.815406e-01 -2.500886e-02 -4.448769e-01 -5.701348e-01 -1.271853e-01 6.716815e-01 -6.846746e-01 -2.265924e-01 6.906156e-01 1.045825e+00 2.331182e-02 2.783721e-02 4.037808e-01 2.614220e-02 -4.952629e-02 2.422432e-01 4.655945e-01 -2.833112e-02 -1.437135e-01 5.490136e-01 2.122430e-01 1.440598e-02 -3.702109e-01 -2.365900e-01 -1.416762e-01 -8.684833e-02 -8.426886e-03
<VARIANCE> 39
 8.433517e+00 2.599205e+01 7.309740e+01 1.147286e+01 4.959373e+01 6.230164e+01 3.159044e+01 1.349864e+01 9.247788e+00 1.030441e+01 1.586545e+01 4.676285e+00 8.029473e-02 8.781530e-01 1.262560e+00 1.023379e+00 1.609230e+00 6.812090e-01 2.686660e+00 1.427956e+00 7.346779e-01 7.866943e-01 6.509206e-01 1.317251e+00 5.709980e-01 1.000000e-02 1.418811e-01 4.170480e-01 4.141614e-01 1.894929e-01 6.192710e-01 4.649181e-01 3.910314e-01 9.643009e-02 1.448751e-01 1.375362e-01 5.089897e-01 1.153361e-01 1.000000e-02
<GCONST> 7.867558e+01
<STATE> 6
<MEAN> 39
 -5.519852e+00 -1.390086e+01 -9.833486e+00 -4.343032e+00 1.050350e+01 -9.548082e+00 -4.634316e-01 3.349691e+00 4.937366e+00 6.274007e-01 -3.872021e+00 -2.501080e+00 1.812570e-01 2.121751e-01 2.668848e-01 -6.167438e-02 -8.186558e-01 -1.716091e-01 1.689208e-01 4.543988e-01 1.683884e-01 -1.033383e+00 -3.255525e-02 -1.688414e-01 2.164523e-01 2.105118e-02 1.953892e-02 1.832193e-01 3.033982e-02 -2.112395e-01 -1.668342e-01 2.149350e-02 2.129965e-01 -3.244606e-01 -5.181326e-01 3.099916e-01 -2.758325e-01 -5.112436e-02 3.381595e-03
<VARIANCE> 39
 5.873502e+00 2.182088e+01 4.682365e+01 1.997396e+01 3.199621e+01 6.869662e+01 5.383344e+01 1.354280e+01 8.719549e+00 8.012296e+00 2.570473e+01 6.050955e+00 8.319536e-02 3.134490e-01 1.174542e+00 1.490686e+00 8.422142e-01 8.643396e-01 1.246815e+00 1.290335e+00 1.599022e-01 6.935017e-01 7.645438e-01 3.206448e+00 7.069176e-01 1.000000e-02 2.044724e-01 2.866894e-01 2.204016e-01 2.611634e-01 1.350567e-01 4.151997e-01 3.224919e-01 3.603626e-01 1.284202e-01 8.952309e-02 7.073761e-01 4.359723e-01 1.000000e-02
<GCONST> 7.679653e+01
<STATE> 7
<MEAN> 39
 -4.270793e+00 -1.399567e+01 -1.445634e+01 -7.889669e+00 1.187602e+01 -1.304349e+01 1.410418e+00 4.218981e+00 1.737480e+00 3.353543e+00 -8.771896e+00 -9.443471e-01 3.365572e-01 1.401535e-01 -1.817005e-01 -6.792947e-01 -7.338176e-01 5.700725e-01 2.498782e-01 1.111403e+00 -7.565409e-01 -1.065189e+00 6.188504e-01 -1.534941e+00 -5.806444e-01 5.243719e-02 -8.025481e-02 -2.895602e-01 -9.865365e-02 -1.316125e-01 4.813621e-02 5.542356e-02 -1.129670e-01 -4.376712e-01 2.269853e-01 -2.544518e-01 2.623176e-01 -4.120618e-01 1.210269e-02
<VARIANCE> 39
 6.930455e+00 9.385346e+00 3.617560e+01 8.762052e+00 3.319933e+01 2.718247e+01 3.276329e+01 9.332083e+00 2.836081e+01 1.666069e+01 3.908105e+01 7.414352e+00 5.395164e-02 1.165174e+00 1.873345e+00 2.773254e+00 9.558934e-01 7.926012e-01 4.516319e+00 1.809537e+00 5.217529e+00 9.081590e-01 1.002621e+00 5.077078e+00 3.037997e+00 1.000000e-02 7.983196e-02 2.771391e-01 5.065299e-01 1.436495e-01 4.155321e-01 1.327475e-01 2.931384e-01 3.208089e-01 3.226298e-01 1.563670e-01 8.407118e-01 2.520153e-01 1.000000e-02
<GCONST> 8.552245e+01
<STATE> 8
<MEAN> 39
 -5.089560e+00 -1.324839e+01 -1.108863e+01 -7.743752e+00 1.163793e+01 -1.092070e+01 1.119431e+00 1.440161e+00 2.560708e+00 4.304147e+00 -5.963739e+00 -1.951079e+00 2.825324e-01 -4.876637e-01 -8.949878e-01 -6.462329e-01 -1.572298e+00 4.520904e-01 -2.253913e-01 5.378977e-02 -6.377522e-01 3.077177e-02 -6.777247e-01 -6.727080e-01 -6.231330e-01 5.141941e-02 -1.073888e-01 -3.474578e-01 -9.747282e-02 5.846240e-02 -1.687297e-01 9.464958e-02 1.006092e-01 -1.524028e-01 2.727835e-01 -4.275484e-01 2.387498e-01 -3.584201e-01 5.657454e-03
<VARIANCE> 39
 1.214626e+01 1.403915e+01 5.070382e+01 2.350714e+01 4.924613e+01 3.335852e+01 7.200747e+01 2.659358e+01 2.101322e+01 1.395267e+01 7.961716e+01 1.339598e+01 1.034892e-01 1.140729e+00 1.424172e+00 1.240496e+00 3.125312e+00 1.397859e+00 1.975854e+00 1.294923e+00 2.626290e+00 1.193083e+00 6.916014e-01 4.983209e+00 3.726665e+00 1.000000e-02 2.648146e-01 3.820638e-01 4.091409e-01 2.060405e-01 2.375149e-01 3.112574e-01 1.790240e-01 5.149440e-01 1.199599e-01 1.116230e-01 1.301557e+00 1.048643e-01 1.000000e-02
<GCONST> 9.078738e+01
<STATE> 9
<MEAN> 39
 -6.414549e+00 -1.721703e+01 -1.572678e+01 -1.493945e+01 1.158779e+01 -1.204617e+01 1.708783e+00 1.443253e+00 2.189962e+00 1.370043e+00 -1.072564e+01 -3.621264e+00 5.370104e-01 7.281091e-02 -1.002283e+00 -7.985917e-02 -3.375256e-01 -6.383460e-01 7.960054e-01 1.351065e+00 -2.065058e+00 6.365120e-02 -1.148677e+00 6.644168e-01 -1.733475e+00 6.419539e-02 2.103132e-01 9.259726e-02 -1.264914e-01 7.675713e-01 -4.287925e-02 4.870129e-01 5.640661e-01 -4.221200e-01 3.660097e-02 5.491211e-02 7.511368e-01 -4.341231e-01 3.427484e-03
<VARIANCE> 39
 2.336802e+01 2.250284e+01 2.998805e+01 7.458455e+01 1.330814e+01 4.451804e+01 5.720565e+01 5.164104e+01 3.953932e+01 1.852546e+01 4.328055e+01 7.330676e+01 8.230456e-02 1.024855e+00 2.726833e+00 2.280753e+00 3.801227e+00 1.956736e+00 1.784552e+00 1.546500e+00 2.815232e+00 4.121428e-01 9.853197e-01 4.230167e+00 2.061279e+00 1.000000e-02 3.720392e-01 3.687401e-01 4.784565e-01 5.420912e-01 1.565428e-01 5.051832e-01 5.754793e-01 9.486366e-01 3.902950e-01 3.956117e-01 8.662874e-01 9.825444e-01 1.000000e-02
<GCONST> 1.016469e+02
<STATE> 10
<MEAN> 39
 -5.386662e+00 -1.838614e+01 -1.513751e+01 -1.113072e+01 1.158493e+01 -9.903673e+00 3.974049e+00 -2.586375e+00 3.491051e+00 -3.518451e-01 -8.182654e+00 -8.804135e+00 5.900391e-01 2.729082e-01 -1.357277e+00 -8.357736e-01 5.466466e-02 2.316858e-01 1.194115e+00 2.473952e+00 -1.785255e+00 3.394591e-01 -6.203107e-01 1.506949e+00 -2.792693e+00 8.052191e-02 -2.554592e-01 2.072864e-01 -8.832379e-02 1.815658e-01 5.446525e-02 3.211176e-01 -2.259833e-01 2.056908e-01 -1.366573e-01 3.275251e-01 4.655591e-01 3.139470e-01 -3.114993e-03
<VARIANCE> 39
 5.317059e+00 9.648104e+00 1.757034e+01 7.047768e+01 1.446346e+01 1.197249e+01 6.801491e+01 2.692125e+01 2.279863e+01 7.359645e+00 2.954569e+01 6.208642e+01 9.860637e-02 1.474581e+00 1.373819e+00 3.142704e+00 2.231511e+00 1.222369e+00 2.447401e+00 3.675345e+00 7.906522e+00 3.585175e+00 1.919284e+00 4.019778e+00 2.879622e+00 1.000000e-02 2.285968e-01 2.473746e-01 4.989997e-01 2.886225e-01 1.127767e-01 3.982947e-02 6.417310e-01 1.769948e-01 1.564706e-01 2.054315e-02 1.930587e-01 6.996813e-01 1.000000e-02
<GCONST> 8.787687e+01
<STATE> 11
<MEAN> 39
 -5.484833e+00 -1.898430e+01 -1.912635e+01 -7.535905e+00 1.021245e+01 -8.619539e+00 8.646430e+00 -4.098923e+00 6.260209e+00 -7.523809e-01 -5.201688e+00 -8.220573e+00 6.485201e-01 -4.948112e-01 -4.784905e-01 -1.454247e+00 5.918891e-01 2.941427e-01 1.136614e+00 9.543489e-01 -8.196552e-01 -8.767552e-01 2.332415e-01 1.741320e+00 -8.105789e-01 6.500524e-02 -2.309668e-01 1.372150e-01 4.150535e-01 -1.138487e-01 1.910725e-01 1.359220e-01 -6.629769e-01 2.498772e-01 -6.016368e-01 4.053622e-01 -4.955722e-01 7.211139e-01 -1.529302e-02
<VARIANCE> 39
 3.377194e+00 1.298164e+01 3.682724e+01 5.249981e+01 2.781864e+01 1.414716e+01 4.761618e+01 9.863495e+01 4.794365e+01 2.334099e+01 2.097478e+01 4.155161e+01 9.683663e-02 4.877490e-01 5.259818e-01 3.558030e+00 1.406364e+00 1.228121e+00 2.816830e+00 1.713016e+00 2.677981e+00 2.531061e+00 7.112443e-01 4.545464e+00 1.295379e+00 1.000000e-02 1.563634e-01 4.884071e-01 5.970567e-01 2.231038e-01 2.780964e-01 2.103736e-01 3.717865e-01 1.045866e+00 4.907770e-01 5.058184e-01 1.665729e-01 1.864630e-01 1.000000e-02
<GCONST> 9.183864e+01
<STATE> 12
<MEAN> 39
 -5.910269e+00 -2.094115e+01 -1.917506e+01 -1.148163e+01 1.414692e+01 -2.578480e+00 1.002217e+01 -1.088209e+01 -2.875490e+00 3.064593e-01 -1.598078e+00 -1.390882e+01 8.884489e-01 -1.563406e-01 6.104134e-03 -1.656898e-03 -2.121684e-01 -4.659951e-01 2.510510e+00 -1.075376e+00 -1.134195e+00 -5.349867e-01 1.613101e-01 -1.317121e-01 2.559749e-01 8.465125e-03 2.362507e-01 7.696065e-02 2.357714e-01 -4.290067e-01 -3.272537e-01 -2.643936e-02 -2.402468e-01 3.094386e-01 3.026213e-01 -2.074906e-01 -3.952749e-01 1.778852e-01 -1.121067e-02
<VARIANCE> 39
 7.988847e+00 5.146653e+00 2.621007e+01 6.730912e+01 1.579121e+01 2.344414e+01 2.065058e+01 6.553006e+01 2.225804e+01 2.812623e+01 2.955923e+01 3.817672e+01 5.492676e-02 3.847389e-01 6.874062e-01 9.942589e-01 4.467126e-01 6.595724e-01 4.216074e-01 3.284417e-01 7.768503e-01 9.516588e-01 8.974066e-01 7.333120e-01 2.667152e-01 1.000000e-02 3.014401e-02 4.685646e-02 2.483074e-01 1.016521e-01 1.824465e-01 1.588870e-01 2.585320e-01 9.425282e-02 2.756847e-01 1.481824e-01 2.546650e-01 1.411682e-01 1.000000e-02
<GCONST> 6.675186e+01
<STATE> 13
<MEAN> 39
 -6.861292e+00 -1.970885e+01 -1.754538e+01 -1.378159e+01 1.046361e+01 4.152372e+00 5.334061e+00 -1.136492e+01 -3.539637e-01 -9.860045e-01 -3.507692e+00 -1.198156e+01 8.377326e-01 3.931409e-01 1.588940e-01 9.442063e-01 -1.449962e+00 -7.826103e-01 1.240671e+00 -2.465491e-01 2.417192e-01 -2.330070e-01 -1.123415e+00 -3.158999e-01 6.894862e-01 -4.467960e-03 2.072885e-01 -1.533093e-02 2.339629e-01 -4.657894e-01 -7.976221e-02 -4.928230e-01 2.264082e-01 4.878955e-01 -2.701993e-01 -1.880275e-01 -6.149903e-03 4.945385e-02 1.015689e-03
<VARIANCE> 39
 1.321920e+01 9.530236e+00 7.682075e+00 6.750350e+01 3.996331e+00 2.696044e+01 1.619185e+01 6.495289e+01 4.108105e+01 1.138396e+01 2.963750e+01 4.248642e+01 6.567609e-02 2.890584e-01 8.428362e-01 3.278250e-01 9.662550e-01 2.027678e+00 6.333674e-01 1.004971e+00 1.299923e+00 1.205018e+00 2.261491e+00 1.140599e+00 1.814989e+00 1.000000e-02 2.179689e-02 8.246016e-02 1.381931e-01 1.621128e-01 1.108102e-01 2.035163e-01 8.727363e-02 3.513084e-01 1.757986e-01 1.320881e-01 4.388313e-01 4.046745e-01 1.000000e-02
<GCONST> 7.255309e+01
<STATE> 14
<MEAN> 39
 -6.741663e+00 -2.026193e+01 -1.770698e+01 -1.365862e+01 8.769038e+00 -1.292924e+00 7.287454e+00 -7.698614e+00 5.701597e-01 3.444241e-01 -4.543592e+00 -9.688945e+00 8.432294e-01 1.276220e-01 -1.419761e-01 2.581897e-01 -1.781205e+00 1.370974e-01 1.612469e+00 4.044214e-01 -6.021988e-01 -6.256896e-01 2.413204e-01 6.767464e-01 -4.272267e-01 4.555799e-02 8.017775e-02 1.288181e-02 -1.295205e-01 2.420174e-01 1.136985e-01 3.082453e-01 -2.119385e-01 7.498386e-02 2.075503e-01 8.590766e-02 -1.174416e-01 9.893106e-02 -6.377303e-03
<VARIANCE> 39
 8.899021e+00 8.134518e+00 2.493369e+01 3.913388e+01 6.750309e+00 4.471819e+01 8.392606e+00 3.541093e+01 3.409557e+01 2.756155e+01 2.159121e+01 2.192588e+01 3.140558e-02 4.433041e-01 2.528007e-01 1.113326e+00 1.842262e+00 1.146363e+00 2.916955e+00 1.756544e+00 4.988271e+00 1.957164e+00 2.202991e+00 2.247651e+00 4.692470e+00 1.000000e-02 1.152132e-01 1.828852e-01 7.943862e-02 2.313969e-01 3.963118e-01 5.638629e-01 3.494852e-01 2.802142e-01 4.308819e-01 3.880010e-01 1.332529e-01 3.062082e-01 1.000000e-02
<GCONST> 8.363976e+01
<STATE> 15
<MEAN> 39
 -2.092278e+00 -2.150980e+01 -1.423833e+01 -2.109123e+01 8.544284e+00 9.641192e+00 6.368872e+00 -7.191219e+00 -6.782337e+00 -2.919669e+00 -4.476617e+00 -1.063027e+01 8.930222e-01 1.040242e+00 -2.491173e-01 3.527614e-01 -7.028375e-01 -1.924777e+00 1.733193e-01 -1.537215e+00 2.188353e+00 1.014060e-01 2.136863e-01 -9.978769e-01 -2.004612e-01 -1.445260e-02 1.258642e-01 1.714520e-01 -1.121062e-01 6.821378e-01 -3.191847e-01 -1.059631e+00 -4.489228e-01 -4.341678e-01 6.104163e-01 5.336403e-01 2.122742e-01 -3.187293e-01 -8.179257e-03
<VARIANCE> 39
 1.840393e+01 7.573704e+00 1.346277e+01 3.348698e+01 9.390156e+00 1.591241e+01 1.421050e+01 2.117056e+01 6.124242e+01 5.517643e+01 7.467005e+00 1.555330e+01 1.000000e-02 3.960129e-01 3.414526e-01 1.197640e+00 1.911550e+00 3.533339e+00 4.787301e+00 1.290284e+00 5.243808e+00 1.925096e+00 1.835127e+00 2.528198e+00 7.552825e-01 1.000000e-02 5.647054e-02 1.322131e-01 1.357787e-01 4.233684e-01 2.358452e-01 5.141143e-01 1.188302e-01 9.789714e-01 7.923102e-01 9.190936e-01 4.238989e-01 2.312243e-01 1.000000e-02
<GCONST> 8.332536e+01
<STATE> 16
<MEAN> 39
 -1.322115e+00 -2.169114e+01 -1.525671e+01 -1.959251e+01 2.140345e+00 4.326290e+00 2.882838e+00 -5.020844e+00 -2.441613e+00 -3.921233e-01 -6.006381e+00 -1.294899e+01 8.565141e-01 9.381586e-01 5.213952e-01 7.877083e-01 9.695065e-01 -1.444076e+00 -1.951946e+00 -1.823461e+00 -1.369096e+00 1.368956e+00 9.187963e-01 8.020382e-01 1.291349e-01 -3.616619e-02 5.442227e-02 1.472282e-01 1.610849e-01 4.337489e-01 4.369047e-01 -6.597767e-02 3.360409e-02 -8.720983e-01 -3.571253e-01 -2.699463e-01 4.927809e-01 2.398506e-01 -7.185542e-03
<VARIANCE> 39
 3.902906e+01 6.159158e+00 2.507611e+01 2.481564e+01 4.450134e+01 1.384470e+01 1.534465e+01 3.920944e+01 3.510919e+01 3.705722e+01 1.887819e+01 2.551135e+01 1.021037e-02 7.884018e-01 1.103597e+00 1.404597e+00 5.811324e+00 3.279835e+00 9.505594e+00 2.508522e+00 2.337442e+00 6.360940e+00 3.003797e+00 9.908708e-01 7.582344e-01 1.000000e-02 9.821064e-02 7.503468e-02 1.029803e-01 4.700456e-01 4.675360e-01 3.462622e-01 1.911749e-01 1.422202e+00 6.821736e-01 8.328685e-01 4.228551e-01 2.212056e-01 1.000000e-02
<GCONST> 9.180570e+01
<STATE> 17
<MEAN> 39
 -2.666170e+00 -1.919942e+01 -1.539931e+01 -1.607063e+01 5.218829e+00 4.824580e+00 -1.000570e+00 -1.226126e+01 6.140436e-01 8.186461e-01 -1.582401e+00 -1.088373e+01 8.207679e-01 6.018676e-01 3.956729e-01 5.306992e-01 -5.484650e-02 -1.419107e-01 4.544515e-01 -7.989000e-01 -7.251254e-01 -9.380389e-01 -1.106519e+00 8.135433e-01 9.664652e-01 -3.099990e-02 1.266137e-01 -9.914410e-02 -8.560818e-02 -2.381468e-01 -3.889538e-03 2.447341e-01 4.728352e-01 6.479431e-01 -4.824406e-01 -4.479552e-01 -2.397061e-01 4.355711e-02 8.170290e-04
<VARIANCE> 39
 6.405823e+01 7.024478e-01 4.316065e+01 2.614961e+01 6.270449e+01 6.176289e+01 4.068102e+01 6.884795e+00 1.216431e+01 2.199120e+01 7.700711e+00 1.352669e+01 2.592345e-02 6.166959e-01 7.327336e-01 1.149959e+00 3.452091e+00 7.721580e-01 2.290161e+00 5.785207e-01 5.206874e+00 1.735702e+00 4.420949e+00 7.523270e-01 9.927429e-01 1.000000e-02 1.273358e-01 6.647261e-02 3.867293e-01 2.250254e-01 4.389620e-01 6.394805e-01 6.253196e-01 4.087742e-01 6.173087e-01 4.625801e-01 1.710454e-01 1.000091e-01 1.000000e-02
<GCONST> 8.261494e+01
<STATE> 18
<MEAN> 39
 -2.593916e+00 -1.872999e+01 -1.486573e+01 -2.163544e+01 6.593378e+00 9.423324e+00 2.492597e+00 -8.204935e+00 -3.346792e+00 -3.443702e+00 -7.251347e-01 -7.271449e+00 8.127518e-01 1.780683e+00 -2.742975e-01 8.862030e-01 -6.078967e-01 -1.182466e+00 1.020437e-01 -4.026303e-01 1.386567e+00 -8.369676e-02 -6.135314e-01 -2.318368e-01 2.544883e-01 -2.692089e-02 2.578357e-01 -2.467728e-01 2.045470e-01 4.013943e-01 -4.809745e-01 -4.338843e-01 -3.903776e-01 -9.619252e-02 8.435856e-01 1.102491e-01 -3.247327e-01 -1.519676e-01 -3.810397e-03
<VARIANCE> 39
 3.739113e+01 4.268599e+00 3.377154e+01 3.869045e+01 3.790553e+01 6.160044e+01 2.875025e+01 1.821490e+01 1.337297e+01 7.560380e+00 2.118114e+01 1.678592e+01 1.414203e-02 8.314803e-01 7.762321e-01 1.652829e+00 2.577860e+00 1.724139e+00 8.101034e-01 3.198647e+00 2.287106e+00 3.034335e+00 2.073035e+00 1.220925e+00 6.860934e-01 1.000000e-02 1.462715e-01 2.428541e-01 3.722450e-01 3.362854e-01 4.536260e-01 2.007468e-01 4.999908e-01 7.459554e-01 1.897854e-01 5.832065e-01 2.524890e-01 1.819035e-01 1.000000e-02
<GCONST> 8.588049e+01
<STATE> 19
<MEAN> 39
 3.990192e+00 -1.959170e+01 -1.272390e+01 -1.827312e+01 1.114810e+00 3.092677e+00 -1.807326e-01 -7.665293e+00 -3.598520e+00 -3.661851e+00 -3.742629e+00 -1.009613e+01 6.921368e-01 1.675247e+00 -2.521789e-01 6.097531e-01 1.205920e+00 -1.430894e+00 -7.061565e-01 -8.714780e-01 4.065875e-01 1.593326e+00 -5.988355e-01 -4.612133e-01 1.241175e-01 -3.185230e-02 -2.915502e-01 6.807303e-02 1.042158e-01 4.155991e-01 -1.116522e-01 -1.699496e-01 -5.584822e-01 -4.470325e-01 4.372193e-01 6.831329e-02 4.954642e-02 7.693204e-02 -4.107876e-03
<VARIANCE> 39
 2.679690e+01 7.160336e+00 1.394769e+01 7.065769e+01 3.603598e+01 5.124488e+01 9.187076e+00 3.712992e+01 3.929267e+01 3.191675e+00 9.865190e+00 1.172847e+01 1.560040e-02 9.224687e-01 1.316576e+00 4.727854e+00 1.513926e+00 4.163532e+00 6.209934e-01 4.584142e+00 1.254248e+00 1.324734e+00 9.811109e-01 1.606600e+00 1.025290e+00 1.000000e-02 6.669196e-02 7.141572e-02 3.202054e-01 4.625297e-01 2.188868e-01 1.912839e-01 4.363727e-01 1.144579e+00 5.650325e-01 3.496119e-02 4.905270e-02 2.538009e-02 1.000000e-02
<GCONST> 7.727798e+01
<STATE> 20
<MEAN> 39
 4.875161e+00 -2.138860e+01 -9.511249e+00 -1.788321e+01 8.018666e-02 4.454629e+00 -3.987938e+00 -7.491652e+00 2.101117e+00 -3.929668e+00 -2.212449e+00 -8.546479e+00 6.489065e-01 7.772413e-01 -1.396627e-01 1.464259e+00 1.833793e+00 -1.665640e+00 -1.365781e+00 -2.885178e+00 -1.528547e+00 8.234722e-01 -6.325186e-01 -2.050308e-01 3.662206e-01 -5.371495e-02 -5.592864e-01 3.908712e-01 -4.109945e-01 1.832398e-01 4.149113e-01 -1.256066e-01 -6.907288e-02 -4.462956e-01 -4.669737e-01 -1.165803e-01 -9.966215e-02 -1.034882e-01 2.929652e-04
<VARIANCE> 39
 1.216481e+01 1.273732e+01 4.882618e+00 8.177512e+01 1.661220e+01 4.400834e+01 2.779847e+01 2.057603e+01 1.568324e+01 8.779650e+00 7.903895e+00 2.226375e+01 1.021634e-02 8.037367e-01 8.225406e-01 2.405543e+00 2.337342e+00 3.462448e+00 2.587420e+00 4.196807e+00 2.481997e+00 1.865644e+00 5.856512e-01 4.229428e-01 2.640743e-01 1.000000e-02 4.310817e-02 1.730627e-01 2.386218e-01 6.544265e-01 4.331340e-01 1.407653e-01 4.983232e-01 5.674544e-01 3.971166e-01 1.308100e-01 2.123059e-01 9.483992e-02 1.000000e-02
<GCONST> 7.802198e+01
<STATE> 21
<MEAN> 39
 6.046237e+00 -1.903765e+01 -1.020648e+01 -1.323257e+01 -3.147118e+00 -8.670308e-02 -5.828734e+00 -1.045884e+01 9.821545e-01 -6.135904e+00 -3.387370e+00 -5.918495e+00 5.941163e-01 4.148237e-02 9.810777e-01 -7.896476e-01 7.633361e-01 5.248209e-01 -9.654448e-01 -1.075372e-02 3.428979e-01 -7.079923e-02 -4.431039e-01 -7.164410e-01 -6.287443e-01 -2.648695e-02 -1.655112e-01 1.184091e-01 -2.303398e-01 -1.010973e-01 5.093405e-01 8.730292e-02 6.934937e-01 3.389791e-01 -3.665195e-01 8.752802e-02 -1.832677e-01 -4.086318e-01 3.855339e-03
<VARIANCE> 39
 9.243799e+00 6.985120e+00 2.089140e+01 2.134342e+01 2.213791e+01 1.965665e+01 2.131135e+01 1.369188e+01 2.443545e+01 1.433924e+01 1.115443e+01 1.125104e+01 1.000000e-02 1.081271e-01 2.757514e-01 1.111108e+00 1.122944e+00 1.230596e+00 1.355538e+00 5.420646e+00 4.295118e+00 9.432518e-01 2.317577e+00 5.908443e-01 9.523100e-01 1.000000e-02 1.709392e-02 5.550687e-02 3.744009e-01 1.608734e-01 7.252273e-01 1.220479e-01 8.799285e-01 8.276840e-01 1.430345e-01 3.859825e-01 1.249775e-01 1.687255e-01 1.000000e-02
<GCONST> 7.188039e+01
<STATE> 22
<MEAN> 39
 4.982975e+00 -1.722752e+01 -1.125451e+01 -1.147964e+01 -1.142430e-02 -1.577370e+00 -5.836439e+00 -9.124768e+00 -1.112083e+00 -7.902697e+00 -7.220595e+00 -1.134208e+01 4.925007e-01 -2.800262e-01 4.862451e-01 -5.088969e-01 9.179631e-01 4.375427e-01 -5.476203e-01 6.466694e-01 3.439719e-02 -9.200736e-01 -2.285331e-01 -1.250063e+00 -7.849783e-01 -2.461313e-02 -4.605158e-02 -2.281073e-01 -8.039017e-02 -8.516665e-02 2.437111e-01 4.527926e-01 3.407781e-01 1.471686e-02 -7.561727e-02 5.611052e-01 4.872350e-01 3.266981e-01 1.570551e-03
<VARIANCE> 39
 4.239611e+00 7.682592e+00 1.311536e+01 1.097258e+01 1.428670e+01 1.541466e+01 7.778711e+01 3.188601e+01 3.114042e+01 8.090235e+00 4.859372e+01 3.310366e+01 1.000000e-02 3.747750e-01 2.826343e-01 4.622286e-01 4.217238e-01 2.326398e+00 8.239991e-01 2.554098e+00 1.396793e+00 3.197428e-01 1.435425e+00 1.768733e+00 1.635093e+00 1.000000e-02 1.715568e-02 7.192114e-02 9.540674e-02 2.381283e-01 1.087340e-01 4.932266e-01 9.480011e-01 7.817070e-01 2.538032e-01 2.213530e-01 9.243228e-01 4.333794e-01 1.000000e-02
<GCONST> 7.326156e+01
<STATE> 23
<MEAN> 39
 4.662238e+00 -1.674494e+01 -1.207063e+01 -9.680525e+00 2.283275e+00 -1.157890e+00 -5.812414e+00 -1.028140e+01 -2.728261e+00 -6.158792e+00 -6.679741e+00 -1.196973e+01 4.519914e-01 -3.563548e-01 -1.002156e-01 -4.336156e-01 7.092052e-01 9.659463e-01 8.577657e-01 9.762892e-01 -4.942318e-01 -4.204960e-01 7.354078e-01 6.718706e-01 4.348518e-01 -2.851155e-02 4.114066e-02 -1.060102e-01 -5.471095e-02 -2.089734e-01 -1.822551e-01 2.473625e-01 3.912766e-01 1.948878e-01 2.418793e-01 3.673693e-03 3.408976e-01 4.847043e-01 -6.373886e-04
<VARIANCE> 39
 4.889380e+00 1.148153e+01 2.118018e+01 2.623273e+01 1.090094e+01 1.792777e+01 7.238631e+01 3.539662e+01 4.325371e+01 6.876852e+00 9.789055e+00 8.627884e+00 1.000000e-02 6.045509e-01 6.696965e-01 4.852039e-01 8.453327e-01 2.380143e+00 8.543112e-01 2.243276e+00 2.528989e+00 1.902615e+00 9.885073e-01 4.836077e+00 3.555401e+00 1.000000e-02 2.120555e-02 1.094257e-01 1.298983e-01 1.977093e-01 5.449638e-01 2.079855e-01 6.156312e-01 7.584469e-01 4.047818e-01 9.479303e-02 3.238788e-01 3.298812e-01 1.000000e-02
<GCONST> 7.742746e+01
<STATE> 24
<MEAN> 39
 4.507683e+00 -1.775445e+01 -1.232756e+01 -9.634258e+00 8.046270e-01 1.227707e+00 -1.099535e+00 -1.090863e+01 -1.164692e+00 -3.732315e+00 -6.690643e+00 -9.039486e+00 3.966018e-01 2.784070e-02 3.220170e-01 -7.134406e-01 6.270236e-01 5.240383e-01 1.639963e-01 1.636163e+00 2.992276e-01 -6.689031e-01 -1.196895e-01 5.698334e-02 6.393316e-01 -2.378131e-02 -5.435690e-02 9.928224e-02 1.222088e-01 -7.310573e-02 2.897094e-01 -1.014536e-01 -5.640687e-01 2.048114e-01 -7.949171e-02 -3.745259e-01 1.735714e-01 -1.221789e-01 1.927860e-03
<VARIANCE> 39
 3.629052e+00 3.887212e+00 1.042669e+01 1.442572e+01 1.316972e+01 1.753663e+01 3.578719e+01 3.012727e+01 2.365743e+01 3.180925e+00 2.279890e+01 7.830553e+00 1.118742e-02 2.803017e-01 7.365743e-01 4.903220e-01 2.180557e+00 1.723856e+00 1.813466e+00 1.930164e+00 4.262423e+00 4.924379e+00 1.137115e+00 2.450153e+00 6.801506e-01 1.000000e-02 3.554778e-02 7.874613e-02 5.519728e-02 1.552176e-01 3.144659e-01 1.991079e-01 1.998666e-01 4.901601e-01 2.961920e-01 1.364990e-01 9.107404e-01 4.883921e-01 1.000000e-02
<GCONST> 7.178425e+01
<STATE> 25
<MEAN> 39
 4.133800e+00 -1.597713e+01 -1.470346e+01 -8.044087e+00 4.285296e+00 1.059479e+00 3.997008e-01 -8.847428e+00 -3.602467e+00 -5.917508e+00 -3.993337e+00 -8.033880e+00 3.664069e-01 -3.230873e-01 4.473324e-01 -7.289842e-03 7.277563e-02 1.139295e+00 2.466342e-01 -5.801110e-01 4.677232e-01 -4.236442e-01 -2.358578e-01 1.443495e+00 4.036693e-01 -2.382749e-02 -2.196777e-01 3.201335e-03 1.002383e-01 -1.426543e-01 -1.130043e-01 -2.094495e-01 -4.988700e-01 -6.417917e-02 7.293314e-02 2.830974e-01 3.888072e-01 6.371163e-02 -2.023080e-03
<VARIANCE> 39
 2.834244e+00 1.376234e+00 4.032122e+00 3.783866e+00 2.303932e+00 7.384210e+00 2.108385e+01 7.650130e+00 1.103336e+01 1.794352e+01 6.150133e+00 6.535082e+00 1.324524e-02 8.696828e-02 2.532401e-01 7.944310e-01 5.741731e-01 1.558840e+00 1.394719e+00 1.769405e+00 3.490881e+00 9.980117e-01 6.603886e-01 1.560596e+00 9.385703e-01 1.000000e-02 4.963001e-02 1.108593e-01 5.091282e-02 3.185292e-01 1.315871e-01 2.411749e-01 1.108900e-01 6.876002e-01 6.547479e-01 1.938033e-01 1.564352e-01 1.841891e-01 1.000000e-02
<GCONST> 5.612977e+01
<STATE> 26
<MEAN> 39
 3.253048e+00 -1.608295e+01 -1.369723e+01 -8.108136e+00 6.374586e+00 1.469698e+00 -2.605537e+00 -9.418771e+00 -4.787776e+00 -5.280183e+00 -2.050050e+00 -8.227737e+00 3.244288e-01 -8.216650e-01 2.036778e-02 -1.480765e-01 -4.605708e-02 7.095277e-02 -2.199610e-01 2.354135e-01 1.034539e+00 4.155580e-01 1.157043e+00 1.739527e+00 4.666515e-01 -2.562580e-02 -1.136030e-01 -3.639220e-02 1.274972e-01 -1.057598e-02 -4.442617e-01 -1.211884e-02 3.833792e-01 7.185953e-02 3.057753e-01 2.675866e-01 -8.967407e-02 8.826771e-02 -2.318670e-03
<VARIANCE> 39
 4.283823e+00 3.382481e+00 2.174180e+00 3.570818e+00 3.357721e+00 4.085589e+00 1.012457e+01 1.321588e+01 2.258490e+00 7.207032e+00 1.589314e+01 1.085047e+01 1.256479e-02 1.248745e-01 5.746174e-01 5.107000e-01 2.971005e-01 7.874655e-01 5.677820e-01 1.560375e+00 8.831794e-01 7.310484e-01 1.444537e+00 1.839278e+00 2.341382e+00 1.000000e-02 5.082732e-02 7.285648e-02 9.797622e-02 6.561316e-02 1.733566e-01 1.382324e-01 3.160920e-01 5.975561e-01 1.769476e-01 5.860592e-01 4.747096e-01 3.217747e-01 1.000000e-02
<GCONST> 5.458945e+01
<STATE> 27
<MEAN> 39
 1.322476e+00 -1.623862e+01 -1.520411e+01 -8.194425e+00 5.094649e+00 4.198505e-01 7.805413e-01 -5.450833e+00 -1.826850e+00 -2.722448e+00 3.487125e+00 -5.137251e+00 2.880535e-01 -8.490842e-01 1.679932e-01 4.617549e-02 2.059823e-01 -3.321783e-02 -6.144913e-02 1.075660e-01 3.419745e-01 5.022413e-01 8.165437e-01 8.441852e-01 6.928722e-01 -3.529462e-02 1.984221e-01 9.943153e-02 1.078708e-01 7.582566e-02 -7.355700e-02 -6.651074e-02 -1.099176e-01 -2.286210e-01 -6.207500e-03 -3.361720e-01 -7.309659e-01 -7.635855e-02 3.339414e-03
<VARIANCE> 39
 3.802745e+00 4.666721e+00 4.713818e+00 3.994989e+00 6.614059e+00 4.379727e+00 7.781359e+00 7.164893e+00 7.084810e+00 1.165030e+01 1.238028e+01 1.740355e+01 1.368881e-02 7.149148e-01 4.348904e-01 3.232644e-01 1.466683e-01 5.676224e-01 6.172792e-01 1.313916e+00 2.444619e+00 8.527915e-01 2.478235e+00 3.985681e+00 2.110289e+00 1.000000e-02 3.017320e-02 9.556404e-02 2.008831e-02 2.012037e-02 7.802358e-02 1.777511e-01 3.099764e-01 2.542481e-01 2.987478e-01 3.331575e-01 5.180382e-01 4.209282e-01 1.000000e-02
<GCONST> 5.562795e+01
<STATE> 28
<MEAN> 39
 6.968885e-02 -1.450367e+01 -1.250778e+01 -7.031370e+00 4.610862e+00 2.991962e-01 -1.263510e+00 -7.881632e+00 -3.130681e+00 -1.665318e+00 9.401858e-01 -5.868389e+00 1.728820e-01 3.429444e-02 5.155154e-01 7.300769e-01 5.974247e-01 -2.130378e-02 -2.718357e-01 -3.891359e-02 -1.641100e-01 1.362563e-01 -4.704482e-01 -4.256696e-01 6.004140e-01 -8.176065e-03 2.662863e-01 1.065645e-02 3.741782e-02 1.150597e-02 8.780353e-03 2.394181e-02 1.623092e-01 1.203443e-01 -1.900086e-02 -2.676048e-01 -1.269666e-01 -1.632155e-01 9.236139e-03
<VARIANCE> 39
 9.276902e+00 4.610872e+00 1.372464e+01 4.370030e+00 9.573487e+00 4.205748e+00 8.994686e+00 8.032941e+00 5.854026e+00 2.165917e+01 2.148450e+01 2.125790e+01 2.318287e-02 3.870150e-01 4.712253e-01 1.033466e+00 3.319414e-01 1.884790e-01 7.951616e-01 1.241275e+00 9.935697e-01 9.954990e-01 8.696313e-01 2.432489e+00 8.734495e-01 1.000000e-02 1.234811e-01 4.615802e-02 8.465926e-02 1.062519e-01 1.476630e-01 1.074916e-01 1.390523e-01 2.735223e-01 6.896065e-02 2.819656e-01 6.232048e-01 4.059364e-01 1.000000e-02
<GCONST> 5.903873e+01
<STATE> 29
<MEAN> 39
 1.313921e+00 -1.388881e+01 -1.214032e+01 -5.869739e+00 6.128833e+00 -1.795186e-01 -3.689951e-01 -6.228660e+00 -7.065365e-01 -2.467954e+00 1.424720e+00 -4.056213e+00 2.116604e-01 5.736823e-02 2.387548e-01 4.129916e-02 -2.378029e-01 -5.018539e-01 -1.354015e-01 7.048987e-01 7.004256e-01 5.684498e-02 -9.339096e-02 4.458745e-01 3.713781e-02 -4.522128e-03 -2.421529e-01 -8.247701e-02 -9.476425e-02 -3.495587e-01 -1.899171e-01 7.072105e-02 6.752531e-02 -9.790865e-03 -1.108734e-01 1.060673e-01 2.382119e-01 -6.298392e-02 -7.987538e-03
<VARIANCE> 39
 5.006852e+00 1.590008e+01 3.253861e+01 9.575186e+00 3.888224e+00 5.657722e+00 1.101699e+01 1.102476e+01 1.172812e+01 1.276859e+01 3.368794e+01 7.818436e+00 1.000000e-02 4.120274e-01 5.491790e-01 7.956469e-01 9.848022e-01 1.272372e+00 6.591611e-01 9.790134e-01 5.672776e-01 2.170240e-01 3.961554e-01 1.692281e+00 1.336805e+00 1.000000e-02 1.699991e-01 1.754944e-01 2.000181e-01 3.288156e-02 9.933539e-02 2.644151e-01 8.971246e-02 1.741985e-01 1.257930e-01 1.238209e-01 5.353984e-01 7.001585e-02 1.000000e-02
<GCONST> 5.854204e+01
<STATE> 30
<MEAN> 39
 1.328552e-02 -1.333470e+01 -1.166261e+01 -8.080017e+00 2.590678e+00 -1.899346e-01 1.770622e+00 -5.482811e+00 -3.255603e+00 -4.934787e+00 1.813317e+00 -4.620612e+00 1.675282e-01 -8.477488e-01 -2.653333e-02 1.203661e-01 -5.102370e-01 -7.297598e-02 6.181172e-01 2.255994e-01 5.509526e-02 1.767475e-01 -1.954117e-01 -1.691221e-01 1.527965e-01 -3.216778e-02 -1.546715e-01 -8.809634e-02 -1.039841e-02 9.432637e-02 1.841059e-01 -5.877987e-03 -3.074793e-01 -1.323641e-01 3.641019e-02 5.388851e-02 -4.304799e-01 -2.248234e-01 -4.145796e-03
<VARIANCE> 39
 3.879490e+00 7.899129e+00 2.678765e+01 4.844927e+00 4.991592e+00 9.626220e+00 2.473725e+01 5.177496e+00 1.471632e+01 2.196116e+01 9.021718e+00 4.598482e+00 1.349309e-02 1.018871e+00 9.363309e-01 6.871917e-01 1.781072e-01 2.613717e-01 8.012938e-01 2.576352e-01 6.144394e-01 9.069133e-01 4.942595e-01 9.609957e-01 8.303036e-01 1.000000e-02 1.515167e-01 7.607017e-02 2.195909e-01 1.191759e-01 1.321726e-01 1.880030e-01 1.497925e-01 6.015300e-02 5.123952e-02 1.269969e-01 1.509471e-01 2.450019e-01 1.000000e-02
<GCONST> 5.325297e+01
<STATE> 31
<MEAN> 39
 -1.279731e+00 -1.372339e+01 -1.212209e+01 -7.906342e+00 4.239919e+00 5.863680e-01 1.430117e+00 -5.316461e+00 -1.014459e+00 -3.307336e+00 9.115642e-01 -4.565820e+00 1.058991e-01 -7.831135e-01 2.481190e-01 5.411703e-01 2.211281e-01 -4.680731e-02 -5.264521e-01 -3.864080e-01 -2.139510e-02 2.699835e-02 7.700157e-02 -6.231635e-01 -2.708450e-01 -3.599838e-02 -2.488258e-02 2.922632e-01 4.765363e-01 4.204294e-01 6.394696e-02 -2.837732e-01 -1.467608e-01 -3.965001e-02 -1.666126e-01 -8.159217e-02 -3.035076e-02 1.367167e-01 -3.516157e-03
<VARIANCE> 39
 8.240995e+00 7.378177e+00 1.366445e+01 1.717621e+01 5.542536e+00 8.937127e+00 1.214576e+01 5.146844e+00 1.260318e+01 1.119484e+01 1.492512e+01 8.016166e+00 3.167591e-02 7.840880e-01 4.123716e-01 1.526705e+00 6.390765e-01 9.779515e-01 9.535230e-01 8.491523e-01 1.156536e-01 3.516382e-01 9.005133e-01 1.143714e+00 1.031321e+00 1.000000e-02 2.540807e-01 1.264717e-01 6.690910e-02 2.048013e-01 2.063354e-01 1.507964e-01 1.389822e-01 4.309844e-02 1.784310e-01 9.043246e-02 1.416403e-01 2.628340e-01 1.000000e-02
<GCONST> 5.809037e+01
<STATE> 32
<MEAN> 39
 -3.512602e+00 -1.337758e+01 -1.062906e+01 -7.457396e+00 3.036839e+00 -9.366597e-01 4.496793e-01 -5.451866e+00 -2.875066e+00 -3.298535e+00 2.286190e-01 -4.940202e+00 2.138911e-02 -7.494480e-01 1.059052e+00 1.514044e+00 6.802450e-01 -1.271507e-01 -3.893565e-01 -1.459516e-02 1.496755e-01 -4.943093e-01 -3.781367e-01 -1.678527e-03 3.738101e-01 -3.714326e-02 4.350859e-02 1.759787e-01 2.663771e-01 2.593363e-01 1.542685e-01 7.419679e-02 9.444573e-03 3.436562e-02 3.477757e-01 1.207498e-01 4.231118e-01 4.083083e-01 2.525422e-03
<VARIANCE> 39
 6.815626e+00 8.325017e+00 1.028846e+01 3.511213e+00 1.266718e+01 5.443797e+00 4.616867e+00 5.085868e+00 6.390282e+00 5.024101e+00 1.309560e+01 5.038996e+00 2.481585e-02 6.049709e-01 6.718071e-01 1.317186e+00 1.033325e+00 7.418875e-01 4.707726e-01 8.408507e-01 1.294559e-01 8.171610e-01 5.763839e-01 1.134297e+00 1.545135e+00 1.000000e-02 9.225138e-02 1.112955e-01 1.177847e-01 5.570613e-02 1.384937e-01 1.407847e-01 1.557146e-01 1.546601e-02 1.484985e-01 1.455115e-01 2.258838e-01 1.307413e-01 1.000000e-02
<GCONST> 5.046208e+01
<STATE> 33
<MEAN> 39
 -3.872222e+00 -9.309670e+00 -5.423916e+00 -4.112652e+00 4.679632e+00 -1.120039e+00 2.481759e-02 -5.286415e+00 -2.169493e+00 -4.635992e+00 6.231604e-01 -2.736411e+00 -3.216764e-02 -5.160751e-01 8.852751e-01 1.545559e+00 1.249850e+00 4.762231e-01 -4.363996e-01 -1.355086e-01 1.608816e-01 1.078289e+00 7.369797e-01 8.693837e-01 1.282414e+00 -2.274240e-02 9.858084e-02 -3.467101e-01 -4.356192e-01 -2.609634e-01 -1.064326e-01 -6.540577e-02 9.223747e-02 7.706053e-02 2.976770e-01 4.329957e-01 3.078593e-01 -4.467867e-02 1.037527e-02
<VARIANCE> 39
 2.816373e-01 3.222167e+00 4.962737e+00 2.139075e+00 3.094346e+00 6.294402e+00 3.947171e+00 5.284556e+00 1.110071e+01 1.166346e+01 1.913522e+01 1.500554e+01 1.000000e-02 2.458985e-01 9.619891e-01 1.006570e+00 3.924009e-01 6.689441e-01 8.477705e-01 1.961746e-01 1.154737e-01 4.087210e-01 9.790140e-01 1.574171e+00 4.114089e-01 1.000000e-02 7.681107e-02 8.233641e-02 8.679758e-02 1.054957e-01 5.820014e-02 8.515876e-02 5.485655e-02 1.160952e-02 9.110661e-02 2.032194e-01 2.813720e-01 3.447776e-01 1.000000e-02
<GCONST> 3.983704e+01
<STATE> 34
<MEAN> 39
 -5.778807e+00 -1.032781e+01 -5.966687e+00 -3.227871e+00 3.955783e+00 -1.735320e+00 -1.207792e-01 -4.186504e+00 1.504101e+00 -1.296837e+00 4.239939e+00 -9.757760e-01 -7.236715e-02 -5.484722e-01 2.158815e-01 7.062899e-01 1.609420e-01 -3.343343e-01 -6.492264e-01 1.395013e-01 5.851142e-01 1.012444e+00 9.485357e-01 6.272290e-01 2.755396e-01 -5.084164e-03 1.269307e-01 -2.149861e-01 -2.027960e-01 -2.870043e-01 -1.099379e-01 1.666644e-01 2.829243e-01 1.102158e-01 -4.045353e-01 -2.718986e-02 -3.910572e-01 -4.620314e-01 4.487779e-03
<VARIANCE> 39
 1.201751e+00 2.411581e+00 1.853187e+01 3.472121e+00 6.224915e+00 4.090699e+00 3.884258e+00 2.356437e+00 4.935565e+00 2.906729e+00 7.845865e+00 2.253918e+00 1.000000e-02 1.148965e-01 8.387885e-02 4.288898e-01 2.980296e-01 2.526968e-01 2.104015e-01 1.286524e+00 2.582980e-01 1.438708e+00 1.438888e+00 1.541473e+00 8.611242e-01 1.000000e-02 4.767647e-02 1.055586e-01 2.472461e-01 3.949693e-02 1.007967e-01 1.841038e-01 7.133880e-02 4.181523e-02 1.241329e-01 4.991582e-02 3.336650e-01 6.836801e-02 1.000000e-02
<GCONST> 3.576642e+01
<TRANSP> 35
 0.000000e+00 1.000000e+00 0.000000e+00 0.000000e+00 0.000000e+00 0.000000e+00 0.000000e+00 0.000000e+00 0.000000e+00 0.000000e+00 0.000000e+00 0.000000e+00 0.000000e+00 0.000000e+00 0.000000e+00 0.000000e+00 0.000000e+00 0.000000e+00 0.000000e+00 0.000000e+00 0.000000e+00 0.000000e+00 0.000000e+00 0.000000e+00 0.000000e+00 0.000000e+00 0.000000e+00 0.000000e+00 0.000000e+00 0.000000e+00 0.000000e+00 0.000000e+00 0.000000e+00 0.000000e+00 0.000000e+00
 0.000000e+00 5.833333e-01 4.166667e-01 0.000000e+00 0.000000e+00 0.000000e+00 0.000000e+00 0.000000e+00 0.000000e+00 0.000000e+00 0.000000e+00 0.000000e+00 0.000000e+00 0.000000e+00 0.000000e+00 0.000000e+00 0.000000e+00 0.000000e+00 0.000000e+00 0.000000e+00 0.000000e+00 0.000000e+00 0.000000e+00 0.000000e+00 0.000000e+00 0.000000e+00 0.000000e+00 0.000000e+00 0.000000e+00 0.000000e+00 0.000000e+00 0.000000e+00 0.000000e+00 0.000000e+00 0.000000e+00
 0.000000e+00 0.000000e+00 4.444444e-01 5.555556e-01 0.000000e+00 0.000000e+00 0.000000e+00 0.000000e+00 0.000000e+00 0.000000e+00 0.000000e+00 0.000000e+00 0.000000e+00 0.000000e+00 0.000000e+00 0.000000e+00 0.000000e+00 0.000000e+00 0.000000e+00 0.000000e+00 0.000000e+00 0.000000e+00 0.000000e+00 0.000000e+00 0.000000e+00 0.000000e+00 0.000000e+00 0.000000e+00 0.000000e+00 0.000000e+00 0.000000e+00 0.000000e+00 0.000000e+00 0.000000e+00 0.000000e+00
 0.000000e+00 0.000000e+00 0.000000e+00 4.444444e-01 5.555556e-01 0.000000e+00 0.000000e+00 0.000000e+00 0.000000e+00 0.000000e+00 0.000000e+00 0.000000e+00 0.000000e+00 0.000000e+00 0.000000e+00 0.000000e+00 0.000000e+00 0.000000e+00 0.000000e+00 0.000000e+00 0.000000e+00 0.000000e+00 0.000000e+00 0.000000e+00 0.000000e+00 0.000000e+00 0.000000e+00 0.000000e+00 0.000000e+00 0.000000e+00 0.000000e+00 0.000000e+00 0.000000e+00 0.000000e+00 0.000000e+00
 0.000000e+00 0.000000e+00 0.000000e+00 0.000000e+00 5.454546e-01 4.545455e-01 0.000000e+00 0.000000e+00 0.000000e+00 0.000000e+00 0.000000e+00 0.000000e+00 0.000000e+00 0.000000e+00 0.000000e+00 0.000000e+00 0.000000e+00 0.000000e+00 0.000000e+00 0.000000e+00 0.000000e+00 0.000000e+00 0.000000e+00 0.000000e+00 0.000000e+00 0.000000e+00 0.000000e+00 0.000000e+00 0.000000e+00 0.000000e+00 0.000000e+00 0.000000e+00 0.000000e+00 0.000000e+00 0.000000e+00
 0.000000e+00 0.000000e+00 0.000000e+00 0.000000e+00 0.000000e+00 4.444444e-01 5.555556e-01 0.000000e+00 0.000000e+00 0.000000e+00 0.000000e+00 0.000000e+00 0.000000e+00 0.000000e+00 0.000000e+00 0.000000e+00 0.000000e+00 0.000000e+00 0.000000e+00 0.000000e+00 0.000000e+00 0.000000e+00 0.000000e+00 0.000000e+00 0.000000e+00 0.000000e+00 0.000000e+00 0.000000e+00 0.000000e+00 0.000000e+00 0.000000e+00 0.000000e+00 0.000000e+00 0.000000e+00 0.000000e+00
 0.000000e+00 0.000000e+00 0.000000e+00 0.000000e+00 0.000000e+00 0.000000e+00 4.444444e-01 5.555556e-01 0.000000e+00 0.000000e+00 0.000000e+00 0.000000e+00 0.000000e+00 0.000000e+00 0.000000e+00 0.000000e+00 0.000000e+00 0.000000e+00 0.000000e+00 0.000000e+00 0.000000e+00 0.000000e+00 0.000000e+00 0.000000e+00 0.000000e+00 0.000000e+00 0.000000e+00 0.000000e+00 0.000000e+00 0.000000e+00 0.000000e+00 0.000000e+00 0.000000e+00 0.000000e+00 0.000000e+00
 0.000000e+00 0.000000e+00 0.000000e+00 0.000000e+00 0.000000e+00 0.000000e+00 0.000000e+00 5.000000e-01 5.000000e-01 0.000000e+00 0.000000e+00 0.000000e+00 0.000000e+00 0.000000e+00 0.000000e+00 0.000000e+00 0.000000e+00 0.000000e+00 0.000000e+00 0.000000e+00 0.000000e+00 0.000000e+00 0.000000e+00 0.000000e+00 0.000000e+00 0.000000e+00 0.000000e+00 0.000000e+00 0.000000e+00 0.000000e+00 0.000000e+00 0.000000e+00 0.000000e+00 0.000000e+00 0.000000e+00
 0.000000e+00 0.000000e+00 0.000000e+00 0.000000e+00 0.000000e+00 0.000000e+00 0.000000e+00 0.000000e+00 3.750000e-01 6.250000e-01 0.000000e+00 0.000000e+00 0.000000e+00 0.000000e+00 0.000000e+00 0.000000e+00 0.000000e+00 0.000000e+00 0.000000e+00 0.000000e+00 0.000000e+00 0.000000e+00 0.000000e+00 0.000000e+00 0.000000e+00 0.000000e+00 0.000000e+00 0.000000e+00 0.000000e+00 0.000000e+00 0.000000e+00 0.000000e+00 0.000000e+00 0.000000e+00 0.000000e+00
 0.000000e+00 0.000000e+00 0.000000e+00 0.000000e+00 0.000000e+00 0.000000e+00 0.000000e+00 0.000000e+00 0.000000e+00 3.750000e-01 6.250000e-01 0.000000e+00 0.000000e+00 0.000000e+00 0.000000e+00 0.000000e+00 0.000000e+00 0.000000e+00 0.000000e+00 0.000000e+00 0.000000e+00 0.000000e+00 0.000000e+00 0.000000e+00 0.000000e+00 0.000000e+00 0.000000e+00 0.000000e+00 0.000000e+00 0.000000e+00 0.000000e+00 0.000000e+00 0.000000e+00 0.000000e+00 0.000000e+00
 0.000000e+00 0.000000e+00 0.000000e+00 0.000000e+00 0.000000e+00 0.000000e+00 0.000000e+00 0.000000e+00 0.000000e+00 0.000000e+00 4.444444e-01 5.555556e-01 0.000000e+00 0.000000e+00 0.000000e+00 0.000000e+00 0.000000e+00 0.000000e+00 0.000000e+00 0.000000e+00 0.000000e+00 0.000000e+00 0.000000e+00 0.000000e+00 0.000000e+00 0.000000e+00 0.000000e+00 0.000000e+00 0.000000e+00 0.000000e+00 0.000000e+00 0.000000e+00 0.000000e+00 0.000000e+00 0.000000e+00
 0.000000e+00 0.000000e+00 0.000000e+00 0.000000e+00 0.000000e+00 0.000000e+00 0.000000e+00 0.000000e+00 0.000000e+00 0.000000e+00 0.000000e+00 6.666667e-01 3.333333e-01 0.000000e+00 0.000000e+00 0.000000e+00 0.000000e+00 0.000000e+00 0.000000e+00 0.000000e+00 0.000000e+00 0.000000e+00 0.000000e+00 0.000000e+00 0.000000e+00 0.000000e+00 0.000000e+00 0.000000e+00 0.000000e+00 0.000000e+00 0.000000e+00 0.000000e+00 0.000000e+00 0.000000e+00 0.000000e+00
 0.000000e+00 0.000000e+00 0.000000e+00 0.000000e+00 0.000000e+00 0.000000e+00 0.000000e+00 0.000000e+00 0.000000e+00 0.000000e+00 0.000000e+00 0.000000e+00 5.454546e-01 4.545455e-01 0.000000e+00 0.000000e+00 0.000000e+00 0.000000e+00 0.000000e+00 0.000000e+00 0.000000e+00 0.000000e+00 0.000000e+00 0.000000e+00 0.000000e+00 0.000000e+00 0.000000e+00 0.000000e+00 0.000000e+00 0.000000e+00 0.000000e+00 0.000000e+00 0.000000e+00 0.000000e+00 0.000000e+00
 0.000000e+00 0.000000e+00 0.000000e+00 0.000000e+00 0.000000e+00 0.000000e+00 0.000000e+00 0.000000e+00 0.000000e+00 0.000000e+00 0.000000e+00 0.000000e+00 0.000000e+00 5.454546e-01 4.545455e-01 0.000000e+00 0.000000e+00 0.000000e+00 0.000000e+00 0.000000e+00 0.000000e+00 0.000000e+00 0.000000e+00 0.000000e+00 0.000000e+00 0.000000e+00 0.000000e+00 0.000000e+00 0.000000e+00 0.000000e+00 0.000000e+00 0.000000e+00 0.000000e+00 0.000000e+00 0.000000e+00
 0.000000e+00 0.000000e+00 0.000000e+00 0.000000e+00 0.000000e+00 0.000000e+00 0.000000e+00 0.000000e+00 0.000000e+00 0.000000e+00 0.000000e+00 0.000000e+00 0.000000e+00 0.000000e+00 3.750000e-01 6.250000e-01 0.000000e+00 0.000000e+00 0.000000e+00 0.000000e+00 0.000000e+00 0.000000e+00 0.000000e+00 0.000000e+00 0.000000e+00 0.000000e+00 0.000000e+00 0.000000e+00 0.000000e+00 0.000000e+00 0.000000e+00 0.000000e+00 0.000000e+00 0.000000e+00 0.000000e+00
 0.000000e+00 0.000000e+00 0.000000e+00 0.000000e+00 0.000000e+00 0.000000e+00 0.000000e+00 0.000000e+00 0.000000e+00 0.000000e+00 0.000000e+00 0.000000e+00 0.000000e+00 0.000000e+00 0.000000e+00 2.857143e-01 7.142857e-01 0.000000e+00 0.000000e+00 0.000000e+00 0.000000e+00 0.000000e+00 0.000000e+00 0.000000e+00 0.000000e+00 0.000000e+00 0.000000e+00 0.000000e+00 0.000000e+00 0.000000e+00 0.000000e+00 0.000000e+00 0.000000e+00 0.000000e+00 0.000000e+00
 0.000000e+00 0.000000e+00 0.000000e+00 0.000000e+00 0.000000e+00 0.000000e+00 0.000000e+00 0.000000e+00 0.000000e+00 0.000000e+00 0.000000e+00 0.000000e+00 0.000000e+00 0.000000e+00 0.000000e+00 0.000000e+00 5.000000e-01 5.000000e-01 0.000000e+00 0.000000e+00 0.000000e+00 0.000000e+00 0.000000e+00 0.000000e+00 0.000000e+00 0.000000e+00 0.000000e+00 0.000000e+00 0.000000e+00 0.000000e+00 0.000000e+00 0.000000e+00 0.000000e+00 0.000000e+00 0.000000e+00
 0.000000e+00 0.000000e+00 0.000000e+00 0.000000e+00 0.000000e+00 0.000000e+00 0.000000e+00 0.000000e+00 0.000000e+00 0.000000e+00 0.000000e+00 0.000000e+00 0.000000e+00 0.000000e+00 0.000000e+00 0.000000e+00 0.000000e+00 4.444444e-01 5.555556e-01 0.000000e+00 0.000000e+00 0.000000e+00 0.000000e+00 0.000000e+00 0.000000e+00 0.000000e+00 0.000000e+00 0.000000e+00 0.000000e+00 0.000000e+00 0.000000e+00 0.000000e+00 0.000000e+00 0.000000e+00 0.000000e+00
 0.000000e+00 0.000000e+00 0.000000e+00 0.000000e+00 0.000000e+00 0.000000e+00 0.000000e+00 0.000000e+00 0.000000e+00 0.000000e+00 0.000000e+00 0.000000e+00 0.000000e+00 0.000000e+00 0.000000e+00 0.000000e+00 0.000000e+00 0.000000e+00 1.666667e-01 8.333333e-01 0.000000e+00 0.000000e+00 0.000000e+00 0.000000e+00 0.000000e+00 0.000000e+00 0.000000e+00 0.000000e+00 0.000000e+00 0.000000e+00 0.000000e+00 0.000000e+00 0.000000e+00 0.000000e+00 0.000000e+00
 0.000000e+00 0.000000e+00 0.000000e+00 0.000000e+00 0.000000e+00 0.000000e+00 0.000000e+00 0.000000e+00 0.000000e+00 0.000000e+00 0.000000e+00 0.000000e+00 0.000000e+00 0.000000e+00 0.000000e+00 0.000000e+00 0.000000e+00 0.000000e+00 0.000000e+00 4.444444e-01 5.555556e-01 0.000000e+00 0.000000e+00 0.000000e+00 0.000000e+00 0.000000e+00 0.000000e+00 0.000000e+00 0.000000e+00 0.000000e+00 0.000000e+00 0.000000e+00 0.000000e+00 0.000000e+00 0.000000e+00
 0.000000e+00 0.000000e+00 0.000000e+00 0.000000e+00 0.000000e+00 0.000000e+00 0.000000e+00 0.000000e+00 0.000000e+00 0.000000e+00 0.000000e+00 0.000000e+00 0.000000e+00 0.000000e+00 0.000000e+00 0.000000e+00 0.000000e+00 0.000000e+00 0.000000e+00 0.000000e+00 6.153846e-01 3.846154e-01 0.000000e+00 0.000000e+00 0.000000e+00 0.000000e+00 0.000000e+00 0.000000e+00 0.000000e+00 0.000000e+00 0.000000e+00 0.000000e+00 0.000000e+00 0.000000e+00 0.000000e+00
 0.000000e+00 0.000000e+00 0.000000e+00 0.000000e+00 0.000000e+00 0.000000e+00 0.000000e+00 0.000000e+00 0.000000e+00 0.000000e+00 0.000000e+00 0.000000e+00 0.000000e+00 0.000000e+00 0.000000e+00 0.000000e+00 0.000000e+00 0.000000e+00 0.000000e+00 0.000000e+00 0.000000e+00 4.444444e-01 5.555556e-01 0.000000e+00 0.000000e+00 0.000000e+00 0.000000e+00 0.000000e+00 0.000000e+00 0.000000e+00 0.000000e+00 0.000000e+00 0.000000e+00 0.000000e+00 0.000000e+00
 0.000000e+00 0.000000e+00 0.000000e+00 0.000000e+00 0.000000e+00 0.000000e+00 0.000000e+00 0.000000e+00 0.000000e+00 0.000000e+00 0.000000e+00 0.000000e+00 0.000000e+00 0.000000e+00 0.000000e+00 0.000000e+00 0.000000e+00 0.000000e+00 0.000000e+00 0.000000e+00 0.000000e+00 0.000000e+00 5.454546e-01 4.545455e-01 0.000000e+00 0.000000e+00 0.000000e+00 0.000000e+00 0.000000e+00 0.000000e+00 0.000000e+00 0.000000e+00 0.000000e+00 0.000000e+00 0.000000e+00
 0.000000e+00 0.000000e+00 0.000000e+00 0.000000e+00 0.000000e+00 0.000000e+00 0.000000e+00 0.000000e+00 0.000000e+00 0.000000e+00 0.000000e+00 0.000000e+00 0.000000e+00 0.000000e+00 0.000000e+00 0.000000e+00 0.000000e+00 0.000000e+00 0.000000e+00 0.000000e+00 0.000000e+00 0.000000e+00 0.000000e+00 4.444444e-01 5.555556e-01 0.000000e+00 0.000000e+00 0.000000e+00 0.000000e+00 0.000000e+00 0.000000e+00 0.000000e+00 0.000000e+00 0.000000e+00 0.000000e+00
 0.000000e+00 0.000000e+00 0.000000e+00 0.000000e+00 0.000000e+00 0.000000e+00 0.000000e+00 0.000000e+00 0.000000e+00 0.000000e+00 0.000000e+00 0.000000e+00 0.000000e+00 0.000000e+00 0.000000e+00 0.000000e+00 0.000000e+00 0.000000e+00 0.000000e+00 0.000000e+00 0.000000e+00 0.000000e+00 0.000000e+00 0.000000e+00 4.444444e-01 5.555556e-01 0.000000e+00 0.000000e+00 0.000000e+00 0.000000e+00 0.000000e+00 0.000000e+00 0.000000e+00 0.000000e+00 0.000000e+00
 0.000000e+00 0.000000e+00 0.000000e+00 0.000000e+00 0.000000e+00 0.000000e+00 0.000000e+00 0.000000e+00 0.000000e+00 0.000000e+00 0.000000e+00 0.000000e+00 0.000000e+00 0.000000e+00 0.000000e+00 0.000000e+00 0.000000e+00 0.000000e+00 0.000000e+00 0.000000e+00 0.000000e+00 0.000000e+00 0.000000e+00 0.000000e+00 0.000000e+00 5.000000e-01 5.000000e-01 0.000000e+00 0.000000e+00 0.000000e+00 0.000000e+00 0.000000e+00 0.000000e+00 0.000000e+00 0.000000e+00
 0.000000e+00 0.000000e+00 0.000000e+00 0.000000e+00 0.000000e+00 0.000000e+00 0.000000e+00 0.000000e+00 0.000000e+00 0.000000e+00 0.000000e+00 0.000000e+00 0.000000e+00 0.000000e+00 0.000000e+00 0.000000e+00 0.000000e+00 0.000000e+00 0.000000e+00 0.000000e+00 0.000000e+00 0.000000e+00 0.000000e+00 0.000000e+00 0.000000e+00 0.000000e+00 4.444444e-01 5.555556e-01 0.000000e+00 0.000000e+00 0.000000e+00 0.000000e+00 0.000000e+00 0.000000e+00 0.000000e+00
 0.000000e+00 0.000000e+00 0.000000e+00 0.000000e+00 0.000000e+00 0.000000e+00 0.000000e+00 0.000000e+00 0.000000e+00 0.000000e+00 0.000000e+00 0.000000e+00 0.000000e+00 0.000000e+00 0.000000e+00 0.000000e+00 0.000000e+00 0.000000e+00 0.000000e+00 0.000000e+00 0.000000e+00 0.000000e+00 0.000000e+00 0.000000e+00 0.000000e+00 0.000000e+00 0.000000e+00 5.000000e-01 5.000000e-01 0.000000e+00 0.000000e+00 0.000000e+00 0.000000e+00 0.000000e+00 0.000000e+00
 0.000000e+00 0.000000e+00 0.000000e+00 0.000000e+00 0.000000e+00 0.000000e+00 0.000000e+00 0.000000e+00 0.000000e+00 0.000000e+00 0.000000e+00 0.000000e+00 0.000000e+00 0.000000e+00 0.000000e+00 0.000000e+00 0.000000e+00 0.000000e+00 0.000000e+00 0.000000e+00 0.000000e+00 0.000000e+00 0.000000e+00 0.000000e+00 0.000000e+00 0.000000e+00 0.000000e+00 0.000000e+00 5.000000e-01 5.000000e-01 0.000000e+00 0.000000e+00 0.000000e+00 0.000000e+00 0.000000e+00
 0.000000e+00 0.000000e+00 0.000000e+00 0.000000e+00 0.000000e+00 0.000000e+00 0.000000e+00 0.000000e+00 0.000000e+00 0.000000e+00 0.000000e+00 0.000000e+00 0.000000e+00 0.000000e+00 0.000000e+00 0.000000e+00 0.000000e+00 0.000000e+00 0.000000e+00 0.000000e+00 0.000000e+00 0.000000e+00 0.000000e+00 0.000000e+00 0.000000e+00 0.000000e+00 0.000000e+00 0.000000e+00 0.000000e+00 4.444444e-01 5.555556e-01 0.000000e+00 0.000000e+00 0.000000e+00 0.000000e+00
 0.000000e+00 0.000000e+00 0.000000e+00 0.000000e+00 0.000000e+00 0.000000e+00 0.000000e+00 0.000000e+00 0.000000e+00 0.000000e+00 0.000000e+00 0.000000e+00 0.000000e+00 0.000000e+00 0.000000e+00 0.000000e+00 0.000000e+00 0.000000e+00 0.000000e+00 0.000000e+00 0.000000e+00 0.000000e+00 0.000000e+00 0.000000e+00 0.000000e+00 0.000000e+00 0.000000e+00 0.000000e+00 0.000000e+00 0.000000e+00 5.000000e-01 5.000000e-01 0.000000e+00 0.000000e+00 0.000000e+00
 0.000000e+00 0.000000e+00 0.000000e+00 0.000000e+00 0.000000e+00 0.000000e+00 0.000000e+00 0.000000e+00 0.000000e+00 0.000000e+00 0.000000e+00 0.000000e+00 0.000000e+00 0.000000e+00 0.000000e+00 0.000000e+00 0.000000e+00 0.000000e+00 0.000000e+00 0.000000e+00 0.000000e+00 0.000000e+00 0.000000e+00 0.000000e+00 0.000000e+00 0.000000e+00 0.000000e+00 0.000000e+00 0.000000e+00 0.000000e+00 0.000000e+00 5.000000e-01 5.000000e-01 0.000000e+00 0.000000e+00
 0.000000e+00 0.000000e+00 0.000000e+00 0.000000e+00 0.000000e+00 0.000000e+00 0.000000e+00 0.000000e+00 0.000000e+00 0.000000e+00 0.000000e+00 0.000000e+00 0.000000e+00 0.000000e+00 0.000000e+00 0.000000e+00 0.000000e+00 0.000000e+00 0.000000e+00 0.000000e+00 0.000000e+00 0.000000e+00 0.000000e+00 0.000000e+00 0.000000e+00 0.000000e+00 0.000000e+00 0.000000e+00 0.000000e+00 0.000000e+00 0.000000e+00 0.000000e+00 4.444444e-01 5.555556e-01 0.000000e+00
 0.000000e+00 0.000000e+00 0.000000e+00 0.000000e+00 0.000000e+00 0.000000e+00 0.000000e+00 0.000000e+00 0.000000e+00 0.000000e+00 0.000000e+00 0.000000e+00 0.000000e+00 0.000000e+00 0.000000e+00 0.000000e+00 0.000000e+00 0.000000e+00 0.000000e+00 0.000000e+00 0.000000e+00 0.000000e+00 0.000000e+00 0.000000e+00 0.000000e+00 0.000000e+00 0.000000e+00 0.000000e+00 0.000000e+00 0.000000e+00 0.000000e+00 0.000000e+00 0.000000e+00 2.857143e-01 7.142857e-01
 0.000000e+00 0.000000e+00 0.000000e+00 0.000000e+00 0.000000e+00 0.000000e+00 0.000000e+00 0.000000e+00 0.000000e+00 0.000000e+00 0.000000e+00 0.000000e+00 0.000000e+00 0.000000e+00 0.000000e+00 0.000000e+00 0.000000e+00 0.000000e+00 0.000000e+00 0.000000e+00 0.000000e+00 0.000000e+00 0.000000e+00 0.000000e+00 0.000000e+00 0.000000e+00 0.000000e+00 0.000000e+00 0.000000e+00 0.000000e+00 0.000000e+00 0.000000e+00 0.000000e+00 0.000000e+00 0.000000e+00
<ENDHMM>
