~o
<STREAMINFO> 1 39
<VECSIZE> 39<NULLD><MFCC_E_D_A><DIAGC>
~h "Lawp"
<BEGINHMM>
<NUMSTATES> 10
<STATE> 2
<MEAN> 39
 -2.698341e+00 -1.042240e+01 -6.504015e+00 -2.933198e+00 -3.601508e+00 -9.798788e+00 -2.036129e-01 4.385152e-01 3.726672e+00 -4.864283e+00 9.253629e-01 -1.059000e+00 1.299268e-01 1.805787e+00 -4.434339e-01 -2.228684e+00 -3.692320e-01 -1.925589e+00 -2.661232e+00 -7.160158e-01 2.369856e-01 7.905867e-01 -1.208528e+00 -2.575745e-01 -3.163473e-01 1.071074e-01 9.426573e-02 -1.243888e-01 -3.893986e-01 3.312923e-02 -2.192958e-01 -1.945491e-01 1.462733e-01 -3.218238e-01 9.605224e-02 -1.168418e-01 -1.350654e-02 1.008631e-02 1.976806e-02
<VARIANCE> 39
 3.702389e+01 6.376865e+00 3.145472e+01 1.037164e+01 2.375484e+01 5.213975e+01 7.771310e+00 1.507335e+01 1.231173e+01 1.673301e+01 1.318200e+01 1.341968e+01 7.387109e-02 3.141340e+00 6.638908e-01 2.361341e+00 1.102471e+00 2.003991e+00 3.426495e+00 1.680629e+00 3.144633e+00 1.305569e+00 2.215834e+00 1.881295e+00 2.274090e+00 1.000000e-02 1.076915e+00 1.339311e-01 3.448976e-01 3.199487e-01 4.910384e-01 1.097622e+00 4.720797e-01 5.275617e-01 2.966496e-01 4.317602e-01 4.187262e-01 4.791054e-01 1.000000e-02
<GCONST> 9.149096e+01
<STATE> 3
<MEAN> 39
 3.039662e-01 -1.563059e+01 -2.192378e+01 -2.761597e+00 -9.379972e+00 -1.634999e+01 4.371700e+00 -4.430962e+00 6.108196e+00 -1.010955e+01 -2.852744e+00 1.940044e+00 7.879469e-01 -1.727619e+00 -1.714011e+00 -1.854324e+00 6.154197e-01 1.659714e+00 2.577684e+00 2.480494e+00 -9.587550e-01 -7.119003e-01 -5.754308e-02 -1.668404e+00 1.612277e+00 6.822476e-02 -2.977331e-01 -1.551004e-01 5.090535e-01 1.473861e-01 8.752681e-01 7.974404e-01 -9.043425e-02 1.507823e-01 -3.636478e-01 3.307781e-01 -7.246082e-02 1.172706e-02 -1.674599e-02
<VARIANCE> 39
 2.428834e+01 1.964680e+01 3.509739e+01 6.244870e+00 3.310433e+01 7.772560e+01 6.912726e+01 2.921403e+01 5.253156e+01 1.877291e+01 5.064268e+01 5.082197e+01 1.396221e-02 1.193915e+00 1.792461e+00 2.692761e+00 1.161009e+00 4.788925e+00 6.178539e+00 4.029303e+00 2.295182e+00 5.160800e+00 2.042838e+00 4.732849e+00 4.491483e+00 1.000000e-02 7.119172e-01 3.549568e-01 4.494004e-01 1.464488e-01 6.276618e-01 1.957085e+00 1.957689e+00 4.512221e-01 1.102640e+00 4.748365e-01 1.448115e+00 1.547984e+00 1.000000e-02
<GCONST> 1.090336e+02
<STATE> 4
<MEAN> 39
 -5.613828e+00 -2.362197e+01 -2.315429e+01 -8.640828e-01 4.687740e+00 -1.274804e+00 5.937838e+00 -8.078724e+00 3.296002e+00 -4.308249e+00 -7.452133e+00 2.617883e+00 9.748445e-01 3.326199e-01 -4.478177e-01 5.719667e-01 -8.088272e-01 6.926581e-01 7.333491e-01 -7.767874e-01 -5.082521e-02 3.151596e-01 1.080603e+00 -1.103090e-01 -1.350312e+00 -3.752678e-03 3.443010e-01 1.569727e-01 2.275287e-01 -1.983695e-01 -5.894843e-01 -3.708354e-01 -9.382316e-02 1.451924e-01 1.798390e-01 -1.510566e-01 8.441918e-02 -2.022505e-01 -1.366546e-02
<VARIANCE> 39
 1.018033e+01 5.773281e+00 1.877997e+01 1.762879e+01 2.312955e+01 3.261076e+01 2.576126e+01 2.719403e+01 1.277135e+01 1.644827e+01 1.371050e+01 1.911175e+01 1.000000e-02 6.442946e-01 4.901096e-01 7.975341e-01 2.038803e+00 2.756281e+00 1.888388e+00 1.047126e+00 1.302467e+00 1.463295e+00 1.374978e+00 9.494495e-01 2.042099e+00 1.000000e-02 9.870774e-02 1.294370e-01 2.082566e-01 4.134414e-01 2.061057e-01 2.627156e-01 3.108167e-01 2.837647e-01 2.936313e-01 3.430758e-01 2.011693e-01 5.246189e-01 1.000000e-02
<GCONST> 7.778528e+01
<STATE> 5
<MEAN> 39
 1.436295e+00 -2.611099e+01 -1.601812e+01 -4.991722e+00 -7.717586e-01 -1.880527e+00 1.637010e+00 -6.031081e+00 5.891107e+00 -2.477548e+00 -7.006137e+00 -3.474187e+00 6.803226e-01 1.422031e+00 -6.969703e-01 1.338070e+00 1.458809e+00 -1.087095e+00 -3.517332e-01 -6.312932e-01 5.766574e-01 -3.482592e-01 -7.371883e-01 1.138195e+00 1.434292e+00 -9.364171e-02 -3.690451e-01 3.192094e-02 -5.004795e-01 3.393280e-01 5.576276e-01 2.202703e-01 2.378404e-01 2.056970e-01 -2.674257e-01 1.051455e-01 1.158113e-01 6.266998e-01 7.929419e-03
<VARIANCE> 39
 9.803938e+00 1.114966e+01 2.255672e+01 2.940569e+01 2.561254e+01 2.256817e+01 1.744285e+01 2.437555e+01 2.199300e+01 2.727369e+01 2.240603e+01 2.868410e+01 2.841285e-02 9.341342e-01 7.961923e-01 2.353371e+00 1.928218e+00 2.759809e+00 3.695796e+00 1.106990e+00 3.481931e+00 1.391630e+00 2.780717e+00 2.330177e+00 2.676852e+00 1.000000e-02 1.323910e-01 1.856233e-01 3.731382e-01 9.412137e-01 2.716564e-01 6.549402e-01 1.552821e-01 5.284395e-01 2.660877e-01 6.751317e-01 5.393618e-01 9.565395e-01 1.000000e-02
<GCONST> 9.208582e+01
<STATE> 6
<MEAN> 39
 2.611108e+00 -2.597077e+01 -1.680605e+01 -1.643562e+00 2.217733e+00 -2.216514e+00 3.232733e+00 -1.945542e+00 2.805544e+00 -3.934008e+00 -3.722326e+00 9.734768e-01 4.358982e-01 -7.375118e-02 5.895067e-01 1.315387e-01 3.172492e-01 7.011088e-01 -8.382118e-02 2.315280e-01 3.473862e-01 -2.776173e-01 -1.662563e-01 1.016195e-01 -2.470219e-01 -1.759715e-02 -3.731622e-02 1.431752e-01 1.613101e-01 2.623530e-02 5.957969e-02 -4.164074e-02 -8.107200e-02 -1.573812e-01 1.426641e-02 -5.457800e-02 -7.567360e-02 -1.655329e-01 3.235803e-03
<VARIANCE> 39
 2.073040e+00 3.733595e+00 1.703498e+01 5.514298e+00 9.237938e+00 6.345836e+00 6.478580e+00 2.441614e+01 6.936380e+00 9.457437e+00 9.793981e+00 1.070712e+01 1.000000e-02 1.975915e-01 6.472039e-01 1.500043e+00 1.217242e+00 1.181262e+00 6.685477e-01 7.555251e-01 1.944448e+00 9.240050e-01 1.095904e+00 9.324145e-01 9.996858e-01 1.000000e-02 5.067043e-02 1.387263e-01 1.956369e-01 3.313079e-01 2.350376e-01 1.947765e-01 1.611730e-01 4.465595e-01 1.548354e-01 2.508408e-01 2.400657e-01 3.192155e-01 1.000000e-02
<GCONST> 6.183178e+01
<STATE> 7
<MEAN> 39
 1.716437e+00 -2.054052e+01 -1.180496e+01 1.464960e+00 5.776801e+00 -3.318159e+00 1.759997e+00 -1.134486e+00 9.057671e-01 -5.680116e+00 -2.295818e+00 -7.524435e-01 3.233479e-01 -3.270811e-01 3.868612e-01 2.492034e-01 -3.140084e-01 1.060206e-01 -5.736777e-02 -2.151726e-01 -1.518754e-01 -2.913070e-01 -9.017912e-02 2.989481e-01 9.745159e-02 -1.680906e-02 -1.025366e-02 -6.203613e-02 -1.655594e-01 -1.976435e-01 -4.383472e-02 7.449605e-02 4.066558e-02 -1.266176e-01 -6.984112e-02 6.516563e-02 7.137546e-02 2.871560e-02 1.463971e-03
<VARIANCE> 39
 4.740771e+00 5.622161e+00 1.516693e+01 7.464350e+00 6.083967e+00 6.992010e+00 1.216738e+01 1.144485e+01 9.354968e+00 8.424843e+00 1.289901e+01 9.037067e+00 1.000000e-02 4.332731e-01 6.136525e-01 2.458563e+00 1.104318e+00 6.966617e-01 1.013385e+00 2.264620e+00 1.525422e+00 1.019328e+00 9.925517e-01 1.240996e+00 7.667780e-01 1.000000e-02 1.139969e-01 1.627501e-01 4.911638e-01 2.601714e-01 1.863810e-01 1.992414e-01 5.109543e-01 3.158217e-01 1.756539e-01 1.984966e-01 2.777474e-01 1.492745e-01 1.000000e-02
<GCONST> 6.651279e+01
<STATE> 8
<MEAN> 39
 2.005205e-01 -1.861730e+01 -1.262739e+01 -1.277309e+00 8.197009e+00 -1.835984e+00 3.301684e-01 -5.144798e+00 -2.647987e+00 -6.037434e+00 5.610073e-01 -2.031794e-01 2.280356e-01 -6.239237e-01 7.375638e-01 6.519707e-01 7.348009e-02 5.097505e-03 -4.099134e-03 -2.106359e-01 -2.461558e-01 -5.109059e-02 2.193014e-01 1.882847e-01 -1.528022e-01 -2.943198e-02 -2.720308e-01 1.485814e-01 2.916853e-01 7.127857e-02 -2.473540e-01 -1.161949e-01 1.381025e-01 3.697757e-01 3.163738e-01 7.966925e-02 -1.468351e-01 -3.544238e-02 -1.265975e-02
<VARIANCE> 39
 6.564419e+00 1.053611e+01 2.053154e+01 7.831384e+00 8.054065e+00 8.066826e+00 1.208918e+01 5.775694e+00 1.210830e+01 1.472948e+01 8.259533e+00 6.439184e+00 1.000000e-02 1.089021e+00 9.187564e-01 2.697101e+00 1.473381e+00 1.640972e+00 1.459993e+00 1.417938e+00 1.359078e+00 1.695739e+00 1.261979e+00 9.325726e-01 7.966939e-01 1.000000e-02 9.937345e-02 1.852124e-01 5.168944e-01 2.935330e-01 2.317059e-01 3.197540e-01 4.456084e-01 1.648949e-01 2.812877e-01 3.059004e-01 9.279229e-02 1.623351e-01 1.000000e-02
<GCONST> 7.038700e+01
<STATE> 9
<MEAN> 39
 -5.382750e+00 -1.292877e+01 -6.525820e+00 -1.814971e+00 5.010553e+00 -2.308408e+00 1.426444e+00 -2.351260e+00 1.432004e-01 -3.433761e+00 8.108180e-01 -5.346634e-01 -4.905368e-02 -5.384624e-01 6.157768e-01 5.656518e-01 -1.778217e-01 -2.037041e-01 2.168907e-01 1.556695e-01 1.775416e-01 -3.976235e-02 1.529456e-01 2.342050e-01 -1.097704e-01 -3.119986e-02 2.199143e-01 -1.727516e-01 -1.382430e-01 9.700164e-02 8.949936e-02 -4.568110e-02 -7.513077e-02 -1.071251e-01 -1.703865e-01 -1.338847e-01 -1.696291e-02 -5.200396e-02 1.037217e-02
<VARIANCE> 39
 1.095786e+00 7.195788e+00 6.446112e+00 5.555702e+00 4.786240e+00 9.605418e+00 1.009608e+01 7.934162e+00 8.435206e+00 8.958578e+00 9.996070e+00 6.213029e+00 1.000000e-02 2.661363e-01 1.089343e+00 1.219056e+00 7.536899e-01 5.192453e-01 7.940966e-01 1.160976e+00 8.835312e-01 9.781145e-01 1.572157e+00 9.802152e-01 9.846536e-01 1.000000e-02 4.229917e-02 1.404807e-01 2.544914e-01 1.895507e-01 8.879685e-02 1.424045e-01 2.391791e-01 1.144688e-01 1.270982e-01 2.464173e-01 1.794519e-01 2.088300e-01 1.000000e-02
<GCONST> 5.550838e+01
<TRANSP> 10
 0.000000e+00 1.000000e+00 0.000000e+00 0.000000e+00 0.000000e+00 0.000000e+00 0.000000e+00 0.000000e+00 0.000000e+00 0.000000e+00
 0.000000e+00 8.333333e-01 1.666667e-01 0.000000e+00 0.000000e+00 0.000000e+00 0.000000e+00 0.000000e+00 0.000000e+00 0.000000e+00
 0.000000e+00 0.000000e+00 8.148148e-01 1.851852e-01 0.000000e+00 0.000000e+00 0.000000e+00 0.000000e+00 0.000000e+00 0.000000e+00
 0.000000e+00 0.000000e+00 0.000000e+00 8.780488e-01 1.219512e-01 0.000000e+00 0.000000e+00 0.000000e+00 0.000000e+00 0.000000e+00
 0.000000e+00 0.000000e+00 0.000000e+00 0.000000e+00 7.500000e-01 2.500000e-01 0.000000e+00 0.000000e+00 0.000000e+00 0.000000e+00
 0.000000e+00 0.000000e+00 0.000000e+00 0.000000e+00 0.000000e+00 8.809524e-01 1.190476e-01 0.000000e+00 0.000000e+00 0.000000e+00
 0.000000e+00 0.000000e+00 0.000000e+00 0.000000e+00 0.000000e+00 0.000000e+00 8.780488e-01 1.219512e-01 0.000000e+00 0.000000e+00
 0.000000e+00 0.000000e+00 0.000000e+00 0.000000e+00 0.000000e+00 0.000000e+00 0.000000e+00 7.916667e-01 2.083333e-01 0.000000e+00
 0.000000e+00 0.000000e+00 0.000000e+00 0.000000e+00 0.000000e+00 0.000000e+00 0.000000e+00 0.000000e+00 8.387097e-01 1.612903e-01
 0.000000e+00 0.000000e+00 0.000000e+00 0.000000e+00 0.000000e+00 0.000000e+00 0.000000e+00 0.000000e+00 0.000000e+00 0.000000e+00
<ENDHMM>
