~o
<STREAMINFO> 1 39
<VECSIZE> 39<NULLD><MFCC_E_D_A><DIAGC>
~h "Lu*u"
<BEGINHMM>
<NUMSTATES> 14
<STATE> 2
<MEAN> 39
 -6.429102e+00 -9.293690e+00 -1.777704e+00 -1.270284e+00 5.261846e-01 -4.469564e+00 1.263698e+00 -2.137559e+00 1.745482e+00 -2.949385e+00 1.698263e+00 -4.684548e+00 -2.952354e-02 1.307816e+00 -1.161653e-01 -2.153702e+00 -1.264524e+00 -1.563437e+00 -1.774646e+00 -6.892198e-01 -5.625543e-02 1.410553e+00 -2.527384e-01 -6.572421e-01 -2.035248e-01 7.270273e-02 7.612498e-01 1.251359e-01 -8.492700e-01 -3.891198e-01 -4.175777e-01 -6.539183e-01 -2.401409e-01 1.478596e-01 6.907966e-01 -3.694826e-02 -2.923032e-01 9.418222e-02 4.130441e-02
<VARIANCE> 39
 4.611174e+00 3.444415e+00 9.838066e+00 7.255600e+00 7.577064e+00 6.718328e+00 5.099543e+00 1.208387e+01 1.624625e+01 1.103059e+01 9.827896e+00 5.514996e+00 1.000000e-02 2.728256e+00 4.410666e-01 2.925506e+00 1.664475e+00 1.137661e+00 4.569124e+00 1.088348e+00 2.437487e+00 2.696925e+00 1.454545e+00 1.527383e+00 8.632793e-01 1.000000e-02 1.639363e-01 6.894823e-02 2.547268e-01 3.102777e-01 1.998336e-01 2.903178e-01 2.211408e-01 5.984585e-01 5.847214e-01 3.307389e-01 4.474372e-01 8.908845e-02 1.000000e-02
<GCONST> 7.140723e+01
<STATE> 3
<MEAN> 39
 2.383281e+00 -8.482165e+00 -1.541164e+01 -7.209546e+00 -7.832108e+00 -1.712746e+01 -3.689121e+00 -2.899396e+00 1.339611e+01 -2.960804e+00 -3.143747e+00 -2.710951e+00 6.653875e-01 -4.594944e-01 -2.915295e-01 -1.384853e+00 -7.087788e-01 -8.408183e-01 -1.464668e+00 -6.242093e-01 3.252091e-01 1.577044e+00 5.083698e-01 -5.096720e-01 9.133945e-01 1.043697e-01 -8.116513e-01 -2.529144e-01 5.768772e-01 -7.214416e-02 4.226646e-01 5.927680e-01 1.305262e-01 3.774595e-01 -6.111705e-01 9.105783e-02 1.218921e-01 4.208105e-02 -1.979652e-02
<VARIANCE> 39
 2.273162e+01 7.896228e+00 2.026300e+01 1.172098e+01 1.769553e+01 3.855193e+01 2.626286e+01 4.272141e+01 5.789931e+01 3.282323e+01 2.442593e+01 1.602975e+01 2.138696e-02 6.595754e+00 8.227437e-01 3.440313e+00 2.143836e+00 2.689441e+00 2.962432e+00 1.867007e+00 7.558751e+00 6.245273e+00 3.434258e+00 3.072067e+00 9.071934e-01 1.000000e-02 6.670907e-01 8.714699e-02 5.046472e-01 5.238658e-01 4.515768e-01 4.243980e-01 3.230789e-01 1.292052e+00 1.161647e+00 8.558069e-01 4.909531e-01 2.259326e-01 1.000000e-02
<GCONST> 9.994685e+01
<STATE> 4
<MEAN> 39
 -6.252243e+00 -1.394391e+01 -1.581265e+01 -1.334725e+01 -6.490201e+00 -1.723885e+01 -5.684400e+00 3.124039e+00 1.225680e+01 -2.376124e+00 -5.694619e+00 -3.021943e-01 9.177728e-01 -5.176784e-01 -1.265762e+00 5.645494e-01 -1.899922e+00 1.446819e+00 1.279874e+00 -7.727957e-01 8.049756e-01 -1.097227e+00 1.800441e-01 -1.080139e+00 -8.899633e-01 1.489654e-02 5.414214e-01 1.882734e-01 8.653545e-02 -3.198085e-02 2.339868e-01 2.943462e-01 -1.632300e-01 -5.935523e-01 2.238043e-01 4.052389e-01 -9.429590e-02 -3.506827e-01 -9.369388e-03
<VARIANCE> 39
 3.900739e+00 1.106914e+01 1.227095e+01 1.625606e+01 1.146626e+01 8.056046e+00 1.413256e+01 2.880632e+01 1.084905e+01 8.033134e+00 1.971614e+01 1.274343e+01 1.000000e-02 9.378565e-01 4.078150e-01 7.439542e-01 1.304345e+00 1.720677e+00 1.233891e+00 1.243131e+00 1.957478e+00 2.215397e+00 2.985101e+00 6.750761e-01 1.254173e+00 1.000000e-02 1.400089e-01 1.363435e-01 1.570806e-01 3.005399e-01 3.987532e-01 1.689176e-01 1.646557e-01 4.738416e-01 3.991722e-01 6.397529e-01 1.851341e-01 3.514156e-01 1.000000e-02
<GCONST> 7.346754e+01
<STATE> 5
<MEAN> 39
 -5.519160e+00 -1.529871e+01 -1.428272e+01 -2.156410e+01 -1.270931e-01 -1.011883e+01 -9.830592e+00 2.697174e+00 1.147423e+01 4.237416e+00 -8.692513e+00 -4.087044e+00 9.491764e-01 5.237695e-01 3.443278e-01 -1.430966e-01 -1.069032e+00 3.387305e-01 1.341371e+00 -6.686680e-01 2.288349e-02 -2.603641e-01 1.877105e+00 4.898443e-01 9.878773e-02 8.595609e-03 9.463746e-02 2.094328e-01 -7.607385e-02 2.466097e-01 -3.077298e-01 -1.166386e-01 1.274744e-01 4.159138e-02 5.670074e-02 4.511754e-02 3.028413e-01 3.338294e-01 5.782353e-04
<VARIANCE> 39
 5.722526e+00 1.002964e+01 1.576349e+01 1.538931e+01 6.931467e+00 9.274915e+00 9.317797e+00 9.310949e+00 1.374431e+01 1.952115e+01 8.096568e+00 8.153659e+00 1.000000e-02 1.871397e-01 1.600631e-01 3.259040e-01 9.094592e-01 1.003263e+00 4.282447e-01 7.355643e-01 7.392328e-01 8.353226e-01 9.753870e-01 8.356079e-01 1.325695e+00 1.000000e-02 2.941655e-02 2.856207e-02 8.781576e-02 1.497767e-01 1.692060e-01 1.122256e-01 1.531176e-01 8.126221e-02 2.580177e-01 1.715835e-01 1.876476e-01 2.238764e-01 1.000000e-02
<GCONST> 5.348006e+01
<STATE> 6
<MEAN> 39
 -2.464200e+00 -1.178555e+01 -1.570634e+01 -2.431842e+01 -1.121129e+00 -6.361809e+00 -1.197444e+01 2.201478e+00 1.093178e+01 1.252203e+01 -4.271320e+00 -1.967888e+00 9.880114e-01 3.152964e-01 5.925152e-01 -1.309213e-01 -3.337657e-01 2.425083e-01 -1.077194e-01 -3.298998e-01 -7.242437e-01 5.617617e-01 8.265803e-01 5.213475e-01 -3.836236e-01 4.340048e-03 -1.941822e-02 -8.934842e-02 5.251917e-02 1.284089e-01 2.776892e-02 -2.733965e-01 -4.985666e-02 4.069314e-02 -1.607466e-04 -2.488076e-01 -1.098293e-01 -1.591169e-01 -2.533961e-03
<VARIANCE> 39
 2.304899e+00 1.594310e+01 6.308661e+00 7.470278e+00 9.556647e+00 1.079218e+01 1.705882e+01 2.049327e+01 1.307746e+01 1.387143e+01 2.567217e+01 2.377824e+01 1.000000e-02 1.408059e-01 2.765203e-01 1.835464e-01 6.100455e-01 5.449443e-01 8.925970e-01 9.018816e-01 6.597047e-01 2.012481e+00 1.970950e+00 8.963368e-01 1.607679e+00 1.000000e-02 5.143155e-02 5.344686e-02 2.590407e-02 1.072369e-01 1.215911e-01 1.125955e-01 1.960110e-01 3.273177e-01 4.276946e-01 3.451894e-01 9.688612e-02 4.048871e-01 1.000000e-02
<GCONST> 5.852284e+01
<STATE> 7
<MEAN> 39
 6.268803e-01 -1.061754e+01 -1.393400e+01 -2.362641e+01 -2.634127e+00 -7.499748e+00 -1.351690e+01 2.235636e+00 1.045382e+01 1.575244e+01 -1.439686e+00 -2.341920e+00 9.731029e-01 8.326645e-01 -1.824479e-02 9.210127e-01 1.162365e-01 -7.596833e-01 -6.482404e-01 1.296229e-02 5.127315e-01 -8.785752e-01 -1.418200e-01 4.483507e-01 1.246994e+00 -1.036089e-02 8.447988e-02 -1.472474e-01 1.840727e-02 3.976281e-02 -7.431612e-02 -1.603688e-01 2.533590e-01 6.332853e-02 -2.665780e-01 -4.426173e-01 1.902458e-01 2.427768e-01 -3.660874e-03
<VARIANCE> 39
 5.128930e+00 8.647274e+00 5.227069e+00 5.534787e+00 2.408734e+01 2.102903e+01 1.947907e+01 1.795424e+01 2.894173e+01 1.869309e+01 4.087519e+01 2.051005e+01 1.000000e-02 1.541363e-01 2.508691e-01 3.064536e-01 3.895427e-01 1.530178e+00 1.455859e+00 2.294078e+00 2.455475e+00 1.958142e+00 2.443681e+00 1.002634e+00 3.943179e-01 1.000000e-02 3.000850e-02 8.757313e-02 1.713689e-01 1.064804e-01 3.722820e-01 1.920118e-01 5.078776e-01 4.884565e-01 4.648843e-01 5.416403e-01 1.956399e-01 1.820294e-01 1.000000e-02
<GCONST> 6.922554e+01
<STATE> 8
<MEAN> 39
 5.070667e+00 -1.291625e+01 -1.208379e+01 -2.227400e+01 -4.226800e+00 -1.238344e+01 -1.188637e+01 2.960116e+00 4.792203e+00 9.354359e+00 2.488086e+00 4.512582e+00 8.764923e-01 1.436190e+00 -7.225392e-01 -8.521639e-01 1.536600e+00 -3.147953e-01 -7.456638e-01 8.534228e-01 -4.388605e-01 -1.422518e+00 -2.144055e+00 9.246603e-01 3.483827e-01 -3.173757e-02 -5.139860e-03 1.378279e-01 -2.278734e-01 5.198125e-01 -4.783101e-02 2.764706e-01 1.218568e-01 -4.457299e-01 2.401918e-01 -3.142884e-01 -3.580396e-01 -4.726057e-01 -5.310023e-03
<VARIANCE> 39
 1.023289e+01 1.093056e+01 1.122994e+01 1.263780e+01 1.402222e+01 9.295547e+00 1.052706e+01 4.386523e+01 1.681319e+01 8.896152e+00 4.387426e+01 1.075490e+01 1.000000e-02 3.537931e-01 9.081452e-01 1.254281e+00 1.372189e+00 1.490756e+00 1.196151e+00 2.491504e+00 2.054057e+00 2.485105e+00 1.361381e+00 1.325062e+00 2.664469e+00 1.000000e-02 1.367925e-01 1.967925e-01 4.316393e-01 1.955047e-01 2.854639e-01 2.655365e-01 3.047280e-01 5.629843e-01 4.872303e-01 1.585638e-01 1.941601e-01 3.552261e-01 1.000000e-02
<GCONST> 7.813841e+01
<STATE> 9
<MEAN> 39
 9.459396e+00 -1.319314e+01 -1.442922e+01 -1.341250e+01 -7.144719e+00 -1.326216e+01 -6.900750e+00 -1.679747e+00 2.512608e+00 -7.191940e-01 1.673819e+00 1.889690e+00 7.019553e-01 -1.626293e-01 2.799301e-01 7.561804e-01 1.777811e+00 2.564014e-02 5.186004e-01 7.897919e-01 -9.789038e-01 3.791472e-01 -1.745545e+00 -7.632937e-01 -1.084762e+00 -5.670332e-02 -4.406089e-01 5.368178e-02 4.288442e-01 -1.840896e-01 4.376961e-01 2.358152e-01 -1.769598e-01 1.941728e-01 1.476834e-01 6.209781e-01 -7.121425e-02 -2.224331e-01 -4.356651e-03
<VARIANCE> 39
 2.337282e+00 2.833741e+00 6.827357e+00 9.359072e+00 1.307764e+01 7.781178e+00 1.843603e+01 1.353416e+01 1.399493e+01 1.072073e+01 1.328243e+01 1.327324e+01 1.000000e-02 6.628784e-01 4.616341e-01 1.704298e+00 1.214758e+00 1.018208e+00 1.241261e+00 1.359840e+00 1.983061e+00 1.088290e+00 2.158231e+00 1.404213e+00 2.502002e+00 1.000000e-02 5.398066e-02 5.025538e-02 2.570452e-01 1.967715e-01 1.163062e-01 2.008064e-01 3.088489e-01 2.002746e-01 4.392057e-01 3.255333e-01 1.857510e-01 4.067415e-01 1.000000e-02
<GCONST> 6.715305e+01
<STATE> 10
<MEAN> 39
 5.698802e+00 -1.237080e+01 -9.499159e+00 -6.930797e+00 -2.144994e+00 -9.975523e+00 -6.489815e+00 -4.723826e+00 3.257677e+00 -1.400486e+00 2.822689e-01 -4.588702e+00 4.427771e-01 -8.845800e-01 1.878035e-01 5.094703e-01 9.037617e-01 8.559826e-01 -3.138719e-03 -2.633425e-01 -3.020557e-01 -2.999694e-02 8.364384e-01 5.157301e-01 -6.346506e-01 -4.509804e-02 1.079914e-02 2.916442e-02 -3.012426e-01 -5.575459e-01 -3.021345e-01 -1.946205e-01 -2.279332e-02 3.065949e-01 6.717071e-02 1.851433e-01 2.708269e-01 5.079542e-01 7.159806e-03
<VARIANCE> 39
 3.598377e+00 8.493928e+00 6.048262e+00 1.187060e+01 1.094887e+01 1.136107e+01 1.339536e+01 9.141105e+00 1.617233e+01 1.543842e+01 1.226429e+01 1.328510e+01 1.000000e-02 1.582526e-01 5.245964e-01 1.341317e+00 1.364000e+00 1.278362e+00 2.301743e+00 1.776874e+00 1.375585e+00 1.196453e+00 1.683212e+00 8.866514e-01 2.488699e+00 1.000000e-02 2.617446e-02 1.598189e-01 2.576713e-01 2.555071e-01 2.289244e-01 3.897210e-01 4.540398e-01 2.286451e-01 3.454520e-01 4.450326e-01 2.464066e-01 3.864181e-01 1.000000e-02
<GCONST> 7.027664e+01
<STATE> 11
<MEAN> 39
 1.910472e+00 -1.157977e+01 -1.079079e+01 -9.978922e+00 -1.712497e+00 -1.059927e+01 -5.651388e+00 -1.433377e+00 6.319200e+00 3.046673e+00 4.320474e+00 -1.441579e+00 3.081146e-01 -5.174146e-01 2.793283e-01 -1.518459e-01 -5.924553e-01 -2.111929e-02 3.596166e-01 6.180239e-01 5.058177e-01 2.987357e-01 5.728732e-01 5.973614e-01 3.838813e-01 -2.037517e-02 6.671494e-02 -2.707702e-02 1.659389e-01 3.710197e-01 5.166266e-02 4.721244e-02 -1.651807e-02 -2.907838e-01 -1.613124e-01 -1.877981e-01 -2.369675e-01 -2.693505e-01 5.076892e-04
<VARIANCE> 39
 5.546592e+00 9.590769e+00 1.563402e+01 6.007187e+00 7.942000e+00 1.663164e+01 8.978623e+00 1.378369e+01 2.525287e+01 2.269982e+01 2.945359e+01 1.046785e+01 1.066049e-02 2.320302e-01 3.465080e-01 1.265364e+00 1.502957e+00 8.134142e-01 1.436074e+00 8.286937e-01 1.478309e+00 2.373900e+00 1.456464e+00 2.895188e+00 1.701023e+00 1.000000e-02 5.411892e-02 6.683499e-02 2.509685e-01 2.554504e-01 2.148671e-01 3.976062e-01 2.478265e-01 2.715175e-01 4.644244e-01 4.412737e-01 6.530513e-01 2.784142e-01 1.000000e-02
<GCONST> 7.272371e+01
<STATE> 12
<MEAN> 39
 -3.695662e-01 -9.930701e+00 -7.281282e+00 -7.255739e+00 -2.555903e+00 -9.827075e+00 -4.467412e+00 -2.538968e+00 5.251981e+00 2.654594e+00 4.164227e+00 -2.822079e+00 1.892394e-01 -6.040221e-01 4.942954e-03 5.267948e-01 5.248457e-01 -1.165614e-01 4.780207e-02 1.382696e-01 5.328230e-02 1.857168e-01 -1.053934e-01 -1.991173e-01 -1.150912e-01 -2.556731e-02 -1.197082e-01 -1.207485e-02 -1.582819e-02 -3.870346e-02 1.094063e-01 1.066036e-01 1.351927e-01 1.525865e-01 4.781154e-02 4.213838e-02 9.035721e-02 1.979973e-01 -4.587184e-03
<VARIANCE> 39
 7.211642e+00 5.254039e+00 1.146334e+01 1.043676e+01 1.268679e+01 1.041161e+01 7.445783e+00 8.322911e+00 1.458176e+01 1.898103e+01 8.516191e+00 1.108398e+01 1.219644e-02 6.231967e-01 4.197599e-01 1.787931e+00 2.014275e+00 8.379600e-01 1.169665e+00 7.071027e-01 1.018523e+00 2.011940e+00 2.957870e+00 1.754588e+00 1.264598e+00 1.000000e-02 1.319717e-01 1.043494e-01 4.501493e-01 5.077690e-01 2.075457e-01 2.279198e-01 1.239918e-01 2.023003e-01 3.345642e-01 5.830335e-01 2.934684e-01 2.076496e-01 1.000000e-02
<GCONST> 7.090278e+01
<STATE> 13
<MEAN> 39
 -4.447176e+00 -9.498213e+00 -4.863799e+00 -4.021461e+00 2.514301e-02 -6.979738e+00 -3.236670e-01 -7.959363e-01 5.140462e+00 1.156767e+00 3.640546e+00 -1.428893e+00 3.395772e-02 -8.883550e-01 3.174023e-01 9.969898e-01 9.616123e-01 6.052749e-01 7.873093e-01 8.882399e-01 -2.908435e-02 -6.641652e-01 -6.434326e-01 -2.383020e-01 1.190409e-01 -3.985779e-02 1.849592e-01 -3.622233e-02 -3.310249e-02 -1.609693e-01 -1.180207e-01 -1.651598e-01 -3.152360e-01 -1.593412e-01 -1.126634e-01 5.894038e-02 8.938458e-03 -2.194456e-01 7.253611e-03
<VARIANCE> 39
 3.307557e+00 1.972175e+00 6.621197e+00 9.046279e+00 9.190786e+00 1.062196e+01 1.418435e+01 4.756427e+00 8.515785e+00 1.948491e+01 1.687058e+01 1.155071e+01 1.000000e-02 8.765889e-01 5.793331e-01 3.453433e-01 1.295036e+00 1.062917e+00 1.137255e+00 7.118087e-01 7.797785e-01 4.504082e-01 2.528908e+00 1.487430e+00 9.929777e-01 1.000000e-02 7.680643e-02 6.410304e-02 9.943105e-02 3.692554e-01 1.887471e-01 2.690994e-01 1.439350e-01 1.031746e-01 1.864330e-01 6.098509e-01 4.405474e-01 1.532885e-01 1.000000e-02
<GCONST> 6.096774e+01
<TRANSP> 14
 0.000000e+00 1.000000e+00 0.000000e+00 0.000000e+00 0.000000e+00 0.000000e+00 0.000000e+00 0.000000e+00 0.000000e+00 0.000000e+00 0.000000e+00 0.000000e+00 0.000000e+00 0.000000e+00
 0.000000e+00 7.368421e-01 2.631579e-01 0.000000e+00 0.000000e+00 0.000000e+00 0.000000e+00 0.000000e+00 0.000000e+00 0.000000e+00 0.000000e+00 0.000000e+00 0.000000e+00 0.000000e+00
 0.000000e+00 0.000000e+00 8.333333e-01 1.666667e-01 0.000000e+00 0.000000e+00 0.000000e+00 0.000000e+00 0.000000e+00 0.000000e+00 0.000000e+00 0.000000e+00 0.000000e+00 0.000000e+00
 0.000000e+00 0.000000e+00 0.000000e+00 7.500000e-01 2.500000e-01 0.000000e+00 0.000000e+00 0.000000e+00 0.000000e+00 0.000000e+00 0.000000e+00 0.000000e+00 0.000000e+00 0.000000e+00
 0.000000e+00 0.000000e+00 0.000000e+00 0.000000e+00 8.148148e-01 1.851852e-01 0.000000e+00 0.000000e+00 0.000000e+00 0.000000e+00 0.000000e+00 0.000000e+00 0.000000e+00 0.000000e+00
 0.000000e+00 0.000000e+00 0.000000e+00 0.000000e+00 0.000000e+00 7.916667e-01 2.083333e-01 0.000000e+00 0.000000e+00 0.000000e+00 0.000000e+00 0.000000e+00 0.000000e+00 0.000000e+00
 0.000000e+00 0.000000e+00 0.000000e+00 0.000000e+00 0.000000e+00 0.000000e+00 8.076923e-01 1.923077e-01 0.000000e+00 0.000000e+00 0.000000e+00 0.000000e+00 0.000000e+00 0.000000e+00
 0.000000e+00 0.000000e+00 0.000000e+00 0.000000e+00 0.000000e+00 0.000000e+00 0.000000e+00 7.500000e-01 2.500000e-01 0.000000e+00 0.000000e+00 0.000000e+00 0.000000e+00 0.000000e+00
 0.000000e+00 0.000000e+00 0.000000e+00 0.000000e+00 0.000000e+00 0.000000e+00 0.000000e+00 0.000000e+00 7.619048e-01 2.380952e-01 0.000000e+00 0.000000e+00 0.000000e+00 0.000000e+00
 0.000000e+00 0.000000e+00 0.000000e+00 0.000000e+00 0.000000e+00 0.000000e+00 0.000000e+00 0.000000e+00 0.000000e+00 7.826087e-01 2.173913e-01 0.000000e+00 0.000000e+00 0.000000e+00
 0.000000e+00 0.000000e+00 0.000000e+00 0.000000e+00 0.000000e+00 0.000000e+00 0.000000e+00 0.000000e+00 0.000000e+00 0.000000e+00 8.076923e-01 1.923077e-01 0.000000e+00 0.000000e+00
 0.000000e+00 0.000000e+00 0.000000e+00 0.000000e+00 0.000000e+00 0.000000e+00 0.000000e+00 0.000000e+00 0.000000e+00 0.000000e+00 0.000000e+00 8.148148e-01 1.851852e-01 0.000000e+00
 0.000000e+00 0.000000e+00 0.000000e+00 0.000000e+00 0.000000e+00 0.000000e+00 0.000000e+00 0.000000e+00 0.000000e+00 0.000000e+00 0.000000e+00 0.000000e+00 7.058824e-01 2.941177e-01
 0.000000e+00 0.000000e+00 0.000000e+00 0.000000e+00 0.000000e+00 0.000000e+00 0.000000e+00 0.000000e+00 0.000000e+00 0.000000e+00 0.000000e+00 0.000000e+00 0.000000e+00 0.000000e+00
<ENDHMM>
