~o
<STREAMINFO> 1 39
<VECSIZE> 39<NULLD><MFCC_E_D_A><DIAGC>
~h "Lui"
<BEGINHMM>
<NUMSTATES> 39
<STATE> 2
<MEAN> 39
 -7.145429e+00 -8.356803e+00 -2.227105e-01 2.727649e-01 1.293546e+00 -3.989832e+00 3.175513e+00 -5.514963e-01 8.233804e-01 -1.105399e+00 3.938368e+00 -8.563509e-01 -5.240734e-02 1.571636e-01 -1.283058e-03 -4.927187e-02 1.515371e-01 -6.168634e-01 1.462371e-02 7.313666e-02 -4.020993e-01 -1.872621e-01 4.942590e-01 3.063140e-01 -9.402909e-02 9.940114e-03 7.249582e-01 -1.615123e-02 -7.279251e-01 -8.478001e-01 -4.281355e-01 -5.581970e-01 -6.000127e-01 -3.037308e-01 3.950469e-01 -3.412900e-02 -5.208772e-01 -5.294431e-01 3.063971e-02
<VARIANCE> 39
 3.962721e+00 1.817962e+00 2.658295e+00 5.200300e+00 1.355856e+01 1.143979e+01 8.986052e+00 7.941338e+00 6.478283e+00 5.888753e+00 1.221748e+01 6.497501e+00 1.000469e-02 1.927154e-01 2.317208e-01 4.292550e-01 7.174278e-01 4.608794e-01 2.683844e+00 6.627048e-01 1.083956e+00 9.876817e-01 1.224950e+00 5.857009e-01 6.728657e-01 1.000000e-02 8.482282e-02 4.601320e-02 3.227820e-01 2.747718e-01 2.357969e-01 2.992504e-01 1.558449e-01 1.669320e-01 1.110718e-01 6.405725e-02 3.342941e-01 1.505973e-01 1.000000e-02
<GCONST> 5.244213e+01
<STATE> 3
<MEAN> 39
 -6.208378e+00 -8.143116e+00 -1.485940e-02 -2.364633e-01 8.795743e-01 -3.742904e+00 2.197466e+00 -1.360624e+00 7.931491e-02 -3.343095e+00 2.735743e+00 -7.960163e-01 -4.168304e-02 2.384870e+00 2.719447e-01 -2.309065e+00 -2.560393e+00 -1.270446e+00 -1.751836e+00 -1.924629e+00 -6.771374e-01 9.836510e-01 8.098587e-02 -1.216750e+00 -1.378073e+00 1.085977e-01 9.434847e-01 -2.457651e-03 -1.404696e+00 -6.675861e-01 -4.315428e-01 -9.910979e-01 -8.518867e-01 -4.159572e-01 6.633607e-01 -2.323564e-02 -5.245324e-01 -7.290222e-01 4.758457e-02
<VARIANCE> 39
 2.847173e+00 1.233896e+00 5.607606e-01 5.237826e+00 6.323433e-01 1.571720e+01 1.169225e+01 2.090133e+01 6.447929e+00 3.695678e+00 6.028359e+00 5.185424e+00 1.000000e-02 1.164441e+00 2.509082e-01 2.350027e+00 1.418833e+00 7.374114e-01 8.667893e-01 1.198374e+00 8.886708e-01 2.696399e-01 9.797311e-02 1.275856e+00 1.300032e+00 1.000000e-02 5.600112e-02 1.547499e-02 1.618985e-01 2.399177e-01 3.711470e-02 4.436571e-01 1.125235e-01 7.477832e-01 7.216109e-02 1.356631e-01 1.678198e-01 6.526583e-02 1.000000e-02
<GCONST> 4.504412e+01
<STATE> 4
<MEAN> 39
 -2.016759e+00 -7.868824e+00 -5.327105e+00 -7.215157e+00 -2.946693e+00 -7.943565e+00 -1.856187e+00 -3.041644e+00 2.962232e+00 -1.541402e+00 2.986989e-01 -5.125349e+00 1.870851e-01 3.457595e+00 -1.097579e-01 -4.382394e+00 -2.650125e+00 -1.798979e+00 -3.106748e+00 -2.769211e+00 -1.496820e+00 2.089100e+00 6.268139e-01 -1.860058e+00 -2.030604e+00 1.663243e-01 8.366230e-02 7.019256e-02 -5.394527e-01 6.042894e-01 -1.564515e-01 -1.502804e-01 -3.016662e-01 -2.124417e-01 1.873003e-01 -2.239265e-01 3.520814e-01 7.620633e-02 1.785454e-02
<VARIANCE> 39
 8.922414e+00 8.685074e-01 2.043041e+01 1.954965e+01 3.239806e+00 8.979488e+00 1.036432e+01 3.089314e+00 2.056756e+01 1.296026e+01 7.471690e+00 6.499983e+00 2.431295e-02 1.832736e-01 2.474242e-01 1.400294e+00 2.308471e+00 1.029330e+00 1.367625e+00 7.118968e-01 8.158117e-01 1.223763e+00 1.379009e+00 1.278643e+00 5.748620e-01 1.000000e-02 2.474983e-01 1.729688e-02 2.801192e-01 3.098545e-01 1.763527e-01 2.296082e-01 1.080579e-01 8.410970e-01 4.536304e-01 3.684288e-01 3.056412e-01 5.459254e-02 1.000000e-02
<GCONST> 6.180215e+01
<STATE> 5
<MEAN> 39
 5.913590e+00 -8.502028e+00 -1.513060e+01 -1.080082e+01 -5.028927e+00 -1.494647e+01 -7.440510e+00 -5.970652e+00 6.397725e+00 5.842857e-01 -4.466903e+00 -8.659636e+00 5.177255e-01 2.815886e+00 1.630567e-01 -4.508743e+00 -7.655851e-01 -2.001336e+00 -2.733580e+00 -2.869569e+00 -1.592146e+00 1.743502e+00 3.252452e-01 -2.762016e-01 -1.818502e+00 1.655782e-01 -9.706579e-01 1.421751e-01 7.367715e-01 1.154827e+00 8.823973e-02 9.354115e-01 4.317351e-01 1.076732e-01 1.617319e-01 -1.140849e-01 9.304322e-01 7.632110e-01 -1.877354e-02
<VARIANCE> 39
 2.055063e+00 3.513519e+00 6.691023e+00 1.277147e+01 8.358172e+00 5.407562e+00 5.377323e+00 2.126334e+00 1.034493e+01 9.358351e+00 4.980870e+00 2.601526e+00 1.000000e-02 2.100639e-01 3.384914e-01 1.268516e+00 9.847657e-01 5.418884e-01 1.434537e+00 6.905608e-01 8.348027e+00 2.096094e+00 3.509591e+00 2.574430e+00 7.140687e-01 1.000000e-02 1.179760e-01 9.371329e-02 1.653067e-01 1.574646e-01 3.996877e-01 1.255715e-01 4.821625e-02 2.877876e-01 2.751950e-01 4.689663e-01 2.566792e-01 1.439623e-01 1.000000e-02
<GCONST> 5.858345e+01
<STATE> 6
<MEAN> 39
 5.929618e+00 -7.257269e+00 -1.813544e+01 -8.390924e+00 -6.880882e+00 -1.671197e+01 -7.147229e+00 -9.914927e+00 8.117791e+00 -3.043169e+00 2.028882e+00 -9.260564e+00 6.311069e-01 4.368826e-01 7.810913e-01 -1.907765e+00 1.401121e+00 -1.254315e+00 -2.660001e-01 -1.457999e+00 -1.875968e+00 1.545145e+00 -1.139828e+00 1.433912e+00 -3.419487e-02 9.027886e-02 -1.195331e+00 -1.608357e-01 1.034437e+00 2.814753e-01 1.874560e-01 1.322492e+00 3.608260e-01 8.949385e-01 -1.501204e-01 7.662166e-01 -4.286000e-03 1.166924e+00 -2.647748e-02
<VARIANCE> 39
 2.250249e+00 1.014622e+01 1.251071e+01 1.003839e+01 7.027133e+00 2.327427e+00 3.087062e+01 5.169801e+01 1.100076e+01 3.204949e+01 1.422542e+01 4.928825e+00 1.000000e-02 5.615724e-01 4.598984e-01 1.439072e+00 6.442980e-01 1.692585e+00 1.260191e+00 1.234152e+00 5.356293e+00 2.077979e+00 4.361606e+00 3.443002e+00 8.471543e-01 1.000000e-02 1.279310e-01 1.242559e-01 1.984945e-01 2.952057e-01 1.861977e-01 1.693352e-01 3.586701e-01 9.276036e-01 4.656573e-01 8.151886e-01 3.004930e-01 1.095450e-01 1.000000e-02
<GCONST> 7.468102e+01
<STATE> 7
<MEAN> 39
 6.042445e+00 -6.482954e+00 -1.845422e+01 -5.482178e+00 -9.485534e+00 -1.280678e+01 -1.135911e+01 -9.617477e+00 8.139613e+00 -3.010991e+00 1.110814e+00 -7.608675e+00 7.200110e-01 -1.103134e+00 -1.711972e-02 -1.438363e+00 9.593869e-02 -1.611778e+00 1.093934e+00 -1.193980e+00 6.288471e-01 1.868990e+00 2.247369e+00 -3.016310e-01 1.634625e+00 7.977286e-02 -7.051074e-01 -4.701205e-01 3.123464e-01 -7.848963e-01 6.348312e-01 1.899782e-01 6.231444e-01 6.566469e-01 -4.945580e-02 1.131245e+00 -4.826855e-01 5.969517e-01 -1.297443e-02
<VARIANCE> 39
 9.425786e+00 1.803060e+00 5.011769e+00 2.964545e+01 1.095191e+01 8.586679e+00 2.670980e+01 4.341837e+01 1.795910e+01 3.125636e+01 5.119544e+01 1.247503e+01 1.000000e-02 9.321932e-01 2.604656e-01 7.057974e-01 1.019014e+00 2.026118e+00 1.225476e+00 9.722072e-01 2.252433e+00 4.740418e+00 2.563030e+00 2.075020e+00 5.708170e-01 1.000000e-02 2.290628e-01 1.108701e-01 5.561209e-01 6.330794e-01 4.184107e-01 3.671596e-01 7.016525e-01 8.706912e-01 4.825630e-01 6.017929e-01 7.402528e-01 6.406541e-01 1.000000e-02
<GCONST> 8.363422e+01
<STATE> 8
<MEAN> 39
 2.235243e+00 -6.815680e+00 -2.006271e+01 -7.248048e+00 -1.209344e+01 -1.121863e+01 -1.324777e+01 -8.263803e+00 1.546824e+01 2.263579e+00 -2.959474e-01 -3.935938e+00 8.483793e-01 -1.324102e+00 -1.289070e+00 -9.167418e-01 -1.896590e+00 -5.305836e-02 1.039613e+00 -6.984750e-01 1.628626e+00 1.322915e+00 3.656987e+00 -1.108000e+00 2.297726e+00 7.226294e-02 5.140387e-02 -4.621669e-01 3.652422e-01 -8.348569e-01 8.815513e-01 1.156272e-02 3.244242e-01 1.400856e-01 -9.958225e-01 2.461053e-01 -1.069569e-01 -1.553293e-01 -1.520152e-02
<VARIANCE> 39
 1.380317e+01 6.593057e+00 1.708592e+01 2.883353e+01 6.297850e+00 1.789568e+01 1.014119e+01 2.687931e+01 2.458290e+01 1.091911e+01 4.246584e+01 9.412484e+00 1.000000e-02 9.600316e-01 7.641228e-01 3.129811e+00 1.958252e+00 6.389651e-01 4.607261e+00 6.091506e+00 2.111198e+00 3.232095e+00 2.129162e+00 1.352708e+00 3.224737e+00 1.000000e-02 1.426873e-01 2.014854e-01 2.048138e-01 7.393773e-01 4.029633e-01 6.175247e-02 2.521834e-01 4.270853e-01 2.156569e-01 4.276945e-01 5.687168e-01 4.723342e-01 1.000000e-02
<GCONST> 8.397086e+01
<STATE> 9
<MEAN> 39
 8.413371e-01 -9.396135e+00 -2.193344e+01 -1.051321e+01 -8.676489e+00 -1.374530e+01 -9.351434e+00 -5.174391e+00 1.345228e+01 7.409607e+00 -2.723953e+00 -2.565849e+00 9.182974e-01 -7.217873e-01 -1.598489e+00 -2.815652e-01 -2.493077e+00 1.460252e+00 4.257217e-01 -2.036346e-02 2.191135e-01 -8.939342e-01 2.388880e+00 -2.744042e-01 1.020318e+00 4.356320e-02 5.166690e-01 -7.244778e-02 6.841993e-01 -4.180543e-01 5.276378e-01 4.650720e-01 -2.142253e-01 -3.564285e-01 -1.292317e+00 -4.272568e-01 6.887645e-01 -2.994389e-01 -1.585605e-02
<VARIANCE> 39
 2.563276e+01 1.208593e+01 4.490553e+01 1.687402e+01 8.786639e+00 2.622197e+01 2.542889e+01 3.607806e+01 2.962336e+01 1.544710e+01 1.474417e+01 1.674401e+01 1.000000e-02 1.030308e+00 6.644843e-01 1.929252e+00 5.782597e+00 1.551187e+00 1.570014e+00 1.893233e+00 1.854045e+00 1.352496e+00 2.557273e+00 1.364447e+00 2.133984e+00 1.000000e-02 1.305006e-01 2.496899e-01 3.506270e-01 3.048347e-01 1.819902e-01 3.402146e-01 3.996964e-01 2.071364e-01 3.934100e-01 1.681337e-01 5.620945e-01 6.565352e-01 1.000000e-02
<GCONST> 8.596661e+01
<STATE> 10
<MEAN> 39
 1.506661e+00 -1.161058e+01 -2.251384e+01 -1.443970e+01 -7.754004e+00 -8.598176e+00 -1.448730e+01 -6.553333e+00 9.544733e+00 9.263802e+00 -2.993125e-01 -1.220474e+00 9.603240e-01 1.020637e-01 -6.342507e-01 6.688768e-01 -2.261406e+00 1.312882e+00 1.625048e+00 -7.479241e-01 3.386375e-01 -2.226647e+00 1.444394e+00 1.664362e+00 7.504924e-01 2.075782e-02 2.205845e-01 4.071044e-01 6.254128e-01 -1.108854e-01 -1.832705e-02 1.158931e-01 9.361465e-02 3.277618e-01 -3.177628e-01 -3.126569e-01 4.094162e-01 -1.150100e-01 -1.059815e-02
<VARIANCE> 39
 2.580910e+01 4.319546e+00 3.430341e+01 1.265497e+01 2.288027e+00 3.900178e+01 5.096258e+01 1.909083e+01 4.140722e+01 4.255588e+01 2.634023e+01 1.292523e+01 1.000000e-02 1.405915e-01 1.918265e+00 1.307711e+00 1.896620e+00 7.467651e-01 1.125399e+00 2.507406e-01 1.735394e+00 3.207861e-01 2.011600e+00 3.357461e+00 3.800902e+00 1.000000e-02 1.577886e-01 8.810000e-02 1.954644e-01 2.487265e-01 8.868387e-02 4.292712e-01 3.894816e-01 4.350426e-01 4.968655e-01 4.179104e-01 4.910715e-01 4.106056e-01 1.000000e-02
<GCONST> 7.850892e+01
<STATE> 11
<MEAN> 39
 1.797580e+00 -1.180184e+01 -1.941881e+01 -1.668830e+01 -4.555932e+00 -7.779634e+00 -1.267572e+01 -5.480979e+00 8.051587e+00 1.221127e+01 2.196415e+00 -3.475601e-01 9.788229e-01 4.290192e-01 -4.384713e-01 1.521932e+00 -2.575122e+00 1.219999e+00 1.764930e+00 -4.328336e-01 8.585072e-01 -2.230513e+00 1.630634e+00 1.326608e+00 8.652386e-01 1.059860e-02 7.246038e-02 3.257204e-01 5.197696e-01 -1.893613e-03 -3.450932e-01 -2.649295e-02 6.990216e-02 7.401198e-01 1.262189e-01 -2.798947e-01 -2.803435e-01 -1.347420e-01 -7.717433e-03
<VARIANCE> 39
 2.595358e+01 6.481650e+00 4.122085e+01 1.637996e+01 4.822199e+00 4.952824e+01 1.427495e+01 1.676264e+01 2.027021e+01 6.624215e+01 5.701781e+01 8.075960e+00 1.000000e-02 2.314070e-01 5.247395e-01 2.876844e-01 8.241938e-01 5.615664e-01 2.121188e+00 4.263237e-01 3.944471e+00 2.270995e+00 1.233043e-01 5.465378e-01 7.153862e-01 1.000000e-02 6.886367e-02 1.832645e-01 1.630237e-01 1.574006e-01 1.763615e-01 2.903733e-01 8.296475e-02 3.148043e-01 1.903439e-01 1.109277e+00 1.372114e+00 8.816829e-01 1.000000e-02
<GCONST> 7.270820e+01
<STATE> 12
<MEAN> 39
 2.993228e+00 -1.206811e+01 -1.809033e+01 -2.137579e+01 -4.139484e+00 -5.426801e+00 -1.443008e+01 -2.799485e+00 4.011805e+00 1.431890e+01 4.048542e+00 8.955833e-01 9.882352e-01 8.664387e-02 -1.372046e-01 2.122296e+00 -2.277703e+00 2.191874e-01 1.237843e+00 -5.182930e-01 2.867721e+00 -1.366241e+00 9.601728e-01 7.649729e-02 2.487745e-01 3.207696e-03 -1.160597e-01 2.019745e-01 1.161453e-01 3.437382e-01 -4.433802e-01 -4.011612e-01 3.447907e-01 5.059369e-01 5.465580e-01 -4.464875e-01 -6.480319e-01 -2.625769e-01 -4.190969e-03
<VARIANCE> 39
 1.901026e+01 6.966674e+00 2.142644e+01 2.581203e+01 1.361376e+01 5.418769e+01 3.102714e+01 2.564780e+01 7.749940e+00 2.796754e+01 4.676262e+01 7.116107e+00 1.000000e-02 3.376827e-01 1.565123e-01 1.006109e+00 1.020160e+00 1.773980e+00 1.888712e+00 9.446219e-01 4.746397e+00 3.206290e+00 2.879166e+00 5.455954e+00 1.699100e+00 1.000000e-02 3.017342e-02 1.345291e-01 8.064434e-02 4.338314e-02 1.633226e-01 3.342215e-01 1.696419e-01 2.390844e-01 2.734782e-01 4.460279e-01 6.634228e-01 3.568482e-01 1.000000e-02
<GCONST> 7.695723e+01
<STATE> 13
<MEAN> 39
 1.078600e+00 -1.315064e+01 -1.276094e+01 -2.491227e+01 -3.206162e+00 -3.861275e+00 -1.522089e+01 1.936722e+00 2.800231e+00 1.527172e+01 5.652046e-01 1.126823e+00 9.850003e-01 2.534631e-02 4.456069e-01 1.766866e+00 -1.834381e+00 4.523733e-01 7.033068e-01 9.176711e-01 2.301060e+00 -6.976258e-01 9.100291e-01 -1.811525e-01 6.332155e-01 2.762038e-03 -1.174243e-01 2.895506e-01 -3.615589e-01 4.616005e-01 -1.392531e-01 -5.583497e-01 5.941156e-01 -2.386912e-01 6.424369e-01 -3.446383e-01 -1.586972e-01 -1.554767e-01 -2.192900e-03
<VARIANCE> 39
 1.116845e+01 1.289545e+01 2.439469e+01 3.491726e+01 2.577694e+01 2.416293e+01 1.136674e+01 5.137415e+01 6.288299e+00 1.819880e+01 4.064881e+01 1.537829e+01 1.000000e-02 1.715835e-01 4.600196e-01 7.772543e-01 2.244010e+00 4.454850e+00 1.979921e+00 2.232717e+00 3.134764e+00 1.879480e+00 3.960717e+00 4.540616e+00 3.358715e+00 1.000000e-02 6.399431e-02 1.047849e-01 6.755819e-02 6.559113e-02 1.871615e-01 1.283338e-01 1.777891e-01 6.639348e-01 4.955297e-01 1.142593e-01 8.470108e-01 2.120209e-01 1.000000e-02
<GCONST> 7.955505e+01
<STATE> 14
<MEAN> 39
 2.576028e+00 -1.167958e+01 -1.184167e+01 -2.579198e+01 -4.797331e+00 -4.979434e+00 -1.261475e+01 6.702217e+00 2.875592e+00 1.623084e+01 1.850437e+00 6.097229e-01 9.896685e-01 -2.447098e-01 4.770544e-01 1.036247e+00 -9.902102e-01 -1.762446e-02 -1.530369e-01 1.335607e+00 1.502784e+00 4.506851e-02 -8.699236e-02 -5.436672e-01 -3.013491e-01 -1.794001e-03 -2.512694e-02 1.223523e-01 -6.934321e-01 6.343077e-01 8.181424e-02 -4.345912e-01 1.108441e-01 -8.074588e-01 4.788474e-01 -3.105313e-01 -9.106861e-02 -2.972139e-01 -2.344912e-03
<VARIANCE> 39
 1.317015e+01 2.850192e+00 2.903256e+01 4.021553e+01 4.206960e+01 2.070849e+01 1.868345e+01 6.204297e+01 2.605161e+00 1.082014e+01 1.069498e+01 2.657615e+01 1.000000e-02 1.525881e-01 4.149767e-01 4.314271e-01 1.273187e+00 1.607767e+00 8.989609e-01 7.650964e-01 2.175906e+00 5.555654e-01 2.021841e+00 2.188262e+00 1.600202e+00 1.000000e-02 5.085330e-02 4.782991e-02 2.145298e-01 2.132448e-01 2.869607e-01 2.273241e-01 1.338141e-01 6.565766e-01 3.302176e-01 2.984437e-01 4.895985e-01 2.125747e-01 1.000000e-02
<GCONST> 7.140738e+01
<STATE> 15
<MEAN> 39
 4.820527e-01 -1.043976e+01 -9.976064e+00 -2.786917e+01 -3.803554e+00 -3.836123e+00 -1.229390e+01 6.992847e+00 3.167555e+00 1.391959e+01 -6.113220e-01 3.095905e-01 9.755972e-01 -1.936478e-01 4.127587e-01 8.660916e-02 -1.644310e-01 2.998967e-01 -6.058625e-01 3.878738e-01 2.336753e-01 4.560234e-01 2.510557e-01 -1.183524e+00 -9.287939e-01 -7.813377e-03 5.720342e-02 -2.562722e-01 -2.567165e-01 5.300732e-01 -2.435481e-02 -2.687100e-01 -4.265581e-01 -6.221926e-01 3.025383e-01 -1.375817e-02 -2.899268e-01 -4.654300e-01 -1.441064e-03
<VARIANCE> 39
 1.299061e+01 5.045022e+00 1.917521e+01 4.910895e+01 3.014358e+01 1.147576e+01 2.113143e+01 6.323191e+01 6.965299e+00 8.228853e+00 1.319531e+01 1.571623e+01 1.000000e-02 2.361279e-01 4.874635e-01 3.275739e-01 1.332819e+00 6.981670e-01 8.300800e-01 1.833673e+00 2.204078e+00 2.252333e+00 1.720582e+00 1.171768e+00 1.048090e+00 1.000000e-02 2.223497e-02 1.910234e-02 1.336932e-01 3.272990e-01 2.666718e-01 2.404384e-01 4.451182e-02 3.213165e-01 2.583808e-01 4.019594e-01 1.745809e-01 2.114289e-01 1.000000e-02
<GCONST> 6.728801e+01
<STATE> 16
<MEAN> 39
 3.982132e-01 -1.013878e+01 -1.140961e+01 -2.908257e+01 -1.364169e+00 -5.994105e+00 -1.127266e+01 4.235889e+00 5.972552e+00 1.602503e+01 -1.608761e+00 -1.422352e+00 9.701666e-01 -8.861198e-03 -2.344811e-01 -8.055941e-02 1.326881e+00 -1.889917e-01 -1.452758e+00 -3.873410e-01 2.628006e-01 1.122863e+00 -2.505683e-01 -1.422357e+00 -1.425209e+00 -7.139787e-03 7.860760e-02 -5.961962e-01 2.319427e-01 7.480593e-01 -2.965439e-01 -5.139427e-01 -9.610518e-02 -2.026892e-01 -2.097687e-02 -1.161323e-01 -1.669938e-02 6.010491e-02 -1.420253e-03
<VARIANCE> 39
 1.616987e+01 1.627756e+00 2.381786e+01 6.666312e+01 4.347064e+01 4.088795e+00 3.235773e+01 2.939138e+01 4.504336e+00 6.938955e+00 1.979288e+01 5.096214e+01 1.000000e-02 1.091857e-01 6.574317e-01 7.396082e-01 2.421217e+00 4.038595e-01 7.765555e-01 1.090983e+00 1.479556e+00 4.572740e-01 2.735770e+00 7.416646e-01 1.303115e+00 1.000000e-02 2.912686e-02 8.318738e-02 1.168160e-01 4.365428e-01 4.899376e-01 3.420224e-01 6.503567e-01 9.649533e-02 1.722367e-01 1.068351e+00 4.476601e-01 7.933776e-01 1.000000e-02
<GCONST> 7.207466e+01
<STATE> 17
<MEAN> 39
 2.970459e+00 -1.165263e+01 -1.245494e+01 -2.138721e+01 -5.034389e+00 -9.181399e+00 -1.058069e+01 7.473350e+00 5.104400e+00 1.443036e+01 -3.101840e+00 -3.323737e+00 9.616708e-01 -1.803449e-02 -1.168896e+00 9.834570e-01 1.096467e+00 -1.163081e-01 -2.318748e+00 8.778218e-02 -4.423772e-01 5.189246e-01 -2.832428e-01 -8.557933e-01 -1.451547e+00 -7.567085e-03 -1.401566e-01 -2.881355e-01 4.612245e-01 -1.278045e-01 1.112585e-02 -5.018334e-01 4.997877e-01 -1.830265e-01 -1.279364e-01 5.532894e-02 1.705278e-01 3.438498e-01 -2.993651e-03
<VARIANCE> 39
 2.435324e+01 3.781112e-01 3.939908e+01 5.822488e+01 4.800780e+01 2.444028e+01 4.401854e+01 3.271765e+01 1.123904e+01 1.723555e+01 2.824837e+01 3.728094e+01 1.000000e-02 1.710601e-01 3.720232e-01 7.426808e-01 7.041960e+00 4.480700e+00 1.876421e+00 3.743383e+00 9.797361e-01 1.670797e+00 9.034566e+00 2.090859e+00 4.545104e+00 1.000000e-02 4.279019e-02 1.361148e-01 1.775372e-01 3.018757e-01 7.670847e-01 2.573094e-01 8.453236e-01 2.613378e-01 1.585860e-01 1.329537e+00 3.065229e-01 1.226675e+00 1.000000e-02
<GCONST> 8.794096e+01
<STATE> 18
<MEAN> 39
 2.156997e+00 -1.408621e+01 -1.033458e+01 -1.880322e+01 -5.883335e+00 -1.322369e+01 -1.007071e+01 5.383779e+00 8.667739e+00 1.237473e+01 -1.752905e+00 -4.898633e+00 9.523686e-01 -1.866372e-01 -1.659827e+00 1.732464e+00 1.347058e+00 -8.866594e-01 -2.227718e+00 1.684707e+00 -3.549669e-01 5.585498e-01 -3.541704e-01 -3.884298e-01 2.697957e-01 -1.337506e-02 -9.934646e-02 -1.137565e-01 3.705495e-01 -3.747686e-01 -3.751883e-01 1.942802e-01 7.779126e-01 1.203435e-01 -5.990882e-01 8.424558e-02 2.697070e-02 5.419099e-01 -5.284152e-03
<VARIANCE> 39
 1.302041e+01 2.630583e+00 1.173440e+01 7.086033e+01 7.211890e+01 4.011277e+01 6.255418e+01 2.862821e+01 2.446853e+01 1.020389e+02 6.636172e+01 1.015603e+01 1.000000e-02 2.092042e-01 1.185471e+00 8.993089e-01 5.251913e+00 6.802965e+00 1.506894e+00 7.242508e+00 1.093720e+00 8.538725e-01 7.262505e+00 5.885410e+00 7.249771e+00 1.000000e-02 2.568465e-02 2.854375e-02 1.420346e-01 4.688075e-01 1.959957e-01 8.711536e-01 8.933249e-01 2.194080e-01 4.356788e-01 2.691856e+00 7.144558e-01 6.084319e-01 1.000000e-02
<GCONST> 9.404996e+01
<STATE> 19
<MEAN> 39
 1.725046e+00 -1.700807e+01 -7.419417e+00 -1.998982e+01 -8.657543e+00 -1.539029e+01 -8.365703e+00 5.413851e+00 6.039069e+00 1.409030e+01 -3.456492e+00 -4.141937e+00 9.255770e-01 -1.387859e-01 -1.378681e+00 1.551700e+00 4.201195e-01 -1.133933e+00 -1.686433e+00 2.000708e+00 -4.231530e-01 -6.062283e-01 1.964735e-01 -1.209852e+00 7.770609e-01 -2.364855e-02 -8.782920e-02 2.678610e-01 6.792992e-02 -2.241023e-01 -2.196364e-01 5.433241e-02 5.525459e-01 2.670207e-01 -6.485375e-01 -4.609916e-01 2.091418e-01 2.862484e-01 -4.106338e-03
<VARIANCE> 39
 1.320171e+01 2.057284e+01 1.441685e+01 4.794192e+01 1.005242e+02 2.057933e+01 9.913343e+01 3.087972e+01 1.423731e+01 5.056409e+01 8.224120e+01 1.506974e+01 1.000000e-02 3.447239e-01 4.355166e-01 3.887463e-01 3.296551e+00 3.779401e+00 4.324272e+00 2.405176e+00 2.146513e+00 1.818271e+00 9.226050e+00 2.050738e+00 5.163667e+00 1.000000e-02 2.103682e-02 4.418148e-01 2.547667e-01 7.016795e-01 1.181940e+00 2.678539e-01 1.848348e+00 9.815824e-02 4.599648e-01 1.314664e+00 8.738590e-01 9.811437e-01 1.000000e-02
<GCONST> 9.742001e+01
<STATE> 20
<MEAN> 39
 4.077511e-01 -1.654243e+01 -5.796311e+00 -1.908375e+01 -6.799742e+00 -1.676300e+01 -6.491409e+00 5.540011e+00 8.176534e+00 1.518171e+01 -7.643754e+00 -1.394365e+00 8.932288e-01 -6.021001e-01 -1.034272e+00 1.672004e+00 9.015876e-01 -2.086771e+00 -2.112710e+00 3.466434e+00 5.253561e-01 -1.623979e+00 -1.718572e+00 3.404789e-01 7.066200e-01 -2.771766e-02 -1.151607e-01 1.042219e-01 1.513291e-01 -2.792179e-01 -2.924272e-01 4.696608e-01 5.012854e-01 -2.720700e-01 -8.528621e-01 -3.973333e-01 6.290666e-01 -4.632529e-01 -3.570938e-03
<VARIANCE> 39
 1.169025e+01 1.581818e+01 1.681768e+01 3.128976e+01 9.067880e+01 7.952411e+00 3.736156e+01 1.233665e+01 7.711828e+00 3.657641e+01 4.560105e+01 2.956670e+01 1.000000e-02 2.067937e-01 1.001097e+00 3.519670e-01 9.906700e-01 3.380213e+00 1.888193e+00 4.104341e+00 1.588927e+00 3.221156e+00 4.504960e+00 5.500564e+00 7.830007e-01 1.000000e-02 2.886119e-02 3.635078e-01 1.642068e-01 9.285589e-01 1.455702e+00 5.290375e-01 4.724505e-01 9.818476e-01 3.315600e-01 1.312041e+00 4.972729e-01 1.967216e+00 1.000000e-02
<GCONST> 9.182372e+01
<STATE> 21
<MEAN> 39
 8.199896e-01 -1.762087e+01 -3.429208e+00 -1.834798e+01 -1.126994e+01 -1.839400e+01 2.296564e-01 5.412869e+00 3.477498e+00 1.071238e+01 -3.190073e+00 -3.057877e+00 8.473977e-01 -3.798549e-01 -4.664150e-01 1.921118e+00 -5.930750e-02 -1.071971e+00 -1.168895e+00 2.759068e+00 -2.903703e-01 -2.173949e+00 -1.425771e+00 1.228678e-01 -1.354748e-01 -2.755710e-02 1.722478e-01 1.439885e-01 -9.192172e-03 3.929060e-02 -1.892298e-01 6.446435e-01 -4.078762e-01 -5.949563e-01 -2.163771e-01 9.828669e-02 1.409454e-01 -2.319872e-01 -1.425920e-03
<VARIANCE> 39
 1.369689e+01 9.047118e+00 2.401380e+01 2.630614e+01 8.976684e+01 1.374233e+00 1.330005e+01 1.446746e+01 2.222138e+00 4.526830e+01 5.619773e+01 4.924359e+00 1.000000e-02 3.932045e-01 3.333935e+00 6.207719e-01 3.068958e+00 5.110379e+00 1.265314e+00 4.864161e+00 3.034045e+00 2.393813e+00 3.926348e+00 2.676578e+00 4.694039e+00 1.000000e-02 1.841830e-02 1.299359e-01 7.915110e-02 5.459715e-01 1.515668e+00 5.466363e-01 2.394366e-01 9.216809e-01 5.254046e-01 1.453837e+00 1.093248e+00 4.995594e-01 1.000000e-02
<GCONST> 8.793365e+01
<STATE> 22
<MEAN> 39
 -8.443311e-01 -1.945906e+01 6.651900e-01 -2.118991e+01 -1.167449e+01 -2.081076e+01 1.832236e+00 4.789621e+00 -1.709503e+00 8.615534e+00 -6.187848e+00 -2.610203e+00 8.285026e-01 -1.304879e-01 -9.117575e-01 1.794168e+00 3.833809e-01 -2.357847e+00 1.869086e-01 2.182303e+00 -1.362865e+00 -2.238545e+00 -1.552932e-01 7.948268e-01 -9.370610e-01 -2.761079e-02 3.339136e-01 3.969577e-01 -4.586166e-01 2.867476e-01 1.804518e-01 1.065463e+00 -1.172352e+00 -8.996378e-01 5.104484e-01 7.011431e-01 -2.255605e-01 -2.942626e-01 -3.143642e-03
<VARIANCE> 39
 1.273447e+01 3.875409e+00 2.338707e+01 7.072233e+00 3.086891e+01 2.270698e+00 4.468857e+00 2.732046e+01 1.743821e+01 1.985244e+01 1.331449e+01 4.121924e+00 1.000000e-02 2.624441e-01 1.701493e+00 9.797954e-01 2.007754e+00 2.958276e+00 3.449496e+00 1.754081e+00 4.932653e+00 1.669414e+00 5.096780e+00 3.079725e+00 4.368340e+00 1.000000e-02 4.967443e-02 9.490519e-02 1.694856e-01 1.241854e-01 8.258175e-01 2.104959e-01 2.589035e-01 2.199398e-01 7.954320e-01 9.086581e-01 6.666781e-01 3.172931e-01 1.000000e-02
<GCONST> 7.915562e+01
<STATE> 23
<MEAN> 39
 -8.876263e-01 -2.035986e+01 7.794430e-01 -1.841845e+01 -1.425635e+01 -1.777715e+01 4.517201e+00 1.105127e+00 -2.199459e+00 1.173702e+01 -3.250074e+00 -5.787390e+00 7.789893e-01 8.041848e-01 2.449900e-01 9.885994e-01 1.303263e+00 -9.673509e-01 1.580823e+00 -5.530627e-01 -3.254448e+00 -7.926651e-01 -5.976485e-02 -6.450325e-01 -8.512220e-01 -3.782547e-02 3.592403e-01 5.700012e-01 -3.546714e-01 -3.491697e-02 7.633918e-01 4.203420e-01 -1.183765e+00 -1.356868e-01 7.440320e-01 1.265286e-01 -3.772835e-01 2.099719e-01 -1.909014e-03
<VARIANCE> 39
 1.780975e+01 2.885598e+00 2.758467e+01 1.118013e+01 1.115245e+01 6.851854e+01 4.037201e+00 7.131663e+01 1.416784e+01 3.322109e+00 6.427384e+00 3.287334e+01 1.000000e-02 2.418338e-01 6.865655e-01 1.530009e+00 1.073533e+00 7.924902e+00 1.248762e+00 2.560622e+00 3.045766e+00 3.373967e+00 1.309735e+00 3.547564e+00 1.288212e+00 1.000000e-02 1.029826e-01 1.303210e-01 2.216104e-01 3.731130e-01 1.375233e-01 6.135992e-01 2.373110e-01 1.272006e+00 3.402754e-01 5.919981e-01 4.653972e-01 1.344656e+00 1.000000e-02
<GCONST> 8.254626e+01
<STATE> 24
<MEAN> 39
 3.535829e+00 -1.639072e+01 -7.716781e-02 -1.507391e+01 -1.658914e+01 -1.548802e+01 -4.230807e-01 -5.296064e+00 -2.001692e+00 9.073310e+00 -6.198967e+00 -5.216172e+00 6.905301e-01 6.863571e-01 1.190233e+00 -2.530991e-01 9.825582e-01 1.331071e+00 1.639230e+00 -1.460099e+00 -1.623600e+00 -4.862701e-02 -1.889821e-01 -2.550623e-01 -8.081793e-01 -4.531554e-02 -1.226025e-01 9.897017e-02 -1.733209e-01 4.008041e-02 8.905406e-01 3.534002e-01 1.007642e-01 8.686492e-01 5.264931e-01 -1.373830e-01 4.287624e-01 1.430155e-01 -2.318139e-03
<VARIANCE> 39
 1.558561e+01 1.033449e+01 2.844570e+01 1.285306e+01 3.044197e+01 1.322091e+01 1.346753e+01 3.067897e+01 1.469335e+01 2.018434e+01 2.366486e+01 1.462809e+01 1.000000e-02 4.493355e-01 3.818463e-01 2.680011e+00 7.604731e-01 5.213754e+00 1.580776e+00 1.678628e+00 1.680980e+00 1.037394e+00 1.864565e+00 9.318318e-01 3.723403e+00 1.000000e-02 3.772347e-02 6.899734e-02 2.315712e-01 4.225744e-01 4.650569e-01 2.272958e-01 4.882432e-01 5.250447e-01 3.224671e-01 9.470666e-02 5.228442e-01 4.876618e-01 1.000000e-02
<GCONST> 7.966640e+01
<STATE> 25
<MEAN> 39
 2.026596e+00 -1.597491e+01 3.173368e+00 -1.615062e+01 -1.036169e+01 -1.118157e+01 -2.435230e+00 -5.874292e+00 -7.874228e-01 1.073674e+01 -5.438044e+00 -6.687969e+00 6.252565e-01 4.857045e-01 5.583640e-01 -1.593523e-01 1.007952e+00 1.547267e+00 2.343511e+00 -9.015532e-01 1.307061e-01 1.647111e+00 -7.159630e-01 3.806904e-01 2.272975e-01 -4.244794e-02 -1.074704e-01 -2.055192e-02 -5.112509e-01 1.803801e-01 -1.239595e-01 -3.149936e-01 1.195387e-01 4.565931e-01 2.963368e-01 -4.303444e-01 3.526668e-01 2.380797e-01 8.164954e-04
<VARIANCE> 39
 6.595263e+00 9.194872e+00 4.055043e+01 1.890990e+01 2.433543e+01 1.820691e+01 1.335209e+01 1.835875e+01 1.776784e+01 1.536001e+01 8.425085e+00 7.377014e+00 1.161547e-02 3.785521e-01 1.522435e-01 8.792845e-01 3.054450e+00 3.349688e+00 9.197258e-01 2.546644e+00 3.402744e+00 1.514917e+00 2.453358e+00 1.529374e+00 1.404715e+00 1.000000e-02 1.075903e-02 8.783059e-02 8.441522e-01 3.277427e-01 7.179337e-01 1.543880e-01 2.438572e-01 3.099747e-01 1.597390e-01 1.941895e-01 1.006705e-01 5.816479e-01 1.000000e-02
<GCONST> 7.424692e+01
<STATE> 26
<MEAN> 39
 3.331774e+00 -1.533029e+01 4.056918e-01 -1.104632e+01 -8.177302e+00 -7.951924e+00 -5.222476e-01 -3.306727e+00 3.271364e-01 6.889497e+00 -6.572472e+00 -6.113206e+00 5.465118e-01 3.186243e-01 7.502970e-01 -2.033343e-01 9.771358e-01 7.483624e-01 9.636735e-01 -8.480189e-01 -2.772001e-01 9.947159e-01 -7.323471e-01 8.701069e-01 5.399892e-01 -3.514004e-02 -4.222811e-02 1.330027e-01 -3.318973e-01 -2.891500e-01 -3.225555e-01 -9.005257e-01 -5.077701e-02 -7.231554e-02 -1.753804e-01 -1.877627e-01 5.785057e-01 3.818356e-01 5.820506e-03
<VARIANCE> 39
 1.225060e+01 2.625624e+01 2.458394e+01 5.188325e+01 4.540454e+01 2.865948e+01 2.421143e+01 4.755495e+00 2.146111e+01 5.512155e+01 6.770011e+00 5.992711e+00 2.238163e-02 4.386645e-01 9.441885e-02 2.636111e+00 3.315055e+00 1.782429e-01 1.304250e+00 3.387196e-01 2.055202e+00 6.014513e-01 1.752470e+00 1.548180e+00 6.451651e-01 1.000000e-02 1.069755e-02 7.794740e-02 2.542500e-01 6.697152e-01 7.819269e-01 1.222744e-01 3.984629e-01 4.130616e-01 2.748338e-01 8.276184e-01 3.120877e-01 4.897691e-01 1.000000e-02
<GCONST> 7.513133e+01
<STATE> 27
<MEAN> 39
 2.899830e+00 -1.559278e+01 1.240886e+00 -1.413776e+01 -1.111107e+01 -1.013257e+01 -3.522621e+00 -5.391377e+00 2.125903e+00 9.789230e+00 -3.332417e+00 -5.273282e+00 5.674489e-01 3.401322e-01 1.296285e+00 -9.753038e-01 7.940730e-01 7.022595e-01 2.469657e-02 -1.060800e+00 -4.034102e-01 6.639206e-01 -1.479470e+00 1.621701e+00 6.099829e-01 -3.136252e-02 -9.015496e-02 -2.878086e-02 -2.523221e-01 1.102742e-01 -6.837077e-02 -3.932853e-01 3.979415e-01 4.050034e-02 -3.722588e-01 -5.263892e-01 -1.490334e-01 -9.882043e-02 -1.125377e-03
<VARIANCE> 39
 8.833714e+00 9.837278e+00 1.873649e+01 5.529599e+01 3.560645e+01 1.998908e+01 1.837421e+01 3.765893e+00 3.557850e+01 2.565900e+01 4.302283e+00 3.011423e+00 1.976369e-02 1.751752e-01 3.781354e-01 2.600569e+00 2.179737e+00 6.634743e-01 1.016248e+00 7.097847e-01 1.506748e+00 1.846507e-01 3.568632e+00 1.548878e+00 1.869976e+00 1.000000e-02 2.873594e-02 8.730388e-02 4.180889e-02 5.827944e-01 1.250885e-01 3.927347e-01 1.693230e-01 1.070205e-01 7.547045e-01 4.818802e-01 3.953800e-01 2.673119e-01 1.000000e-02
<GCONST> 6.948824e+01
<STATE> 28
<MEAN> 39
 4.405330e+00 -1.143467e+01 -2.608114e+00 -1.019843e+01 -7.565647e+00 -9.896649e+00 -4.294259e+00 -6.389954e+00 1.445618e+00 4.756314e+00 4.870564e-01 -4.338566e+00 4.979189e-01 7.278048e-02 8.462802e-01 -1.309575e+00 6.600314e-01 4.671705e-01 -4.511360e-01 2.958955e-01 -1.637542e-01 -3.148610e-01 -1.784092e+00 8.681111e-01 4.368724e-01 -3.124638e-02 -2.389420e-01 -3.124137e-01 2.552254e-01 -2.586027e-02 -1.037022e-01 -1.053506e-01 3.488550e-01 2.735374e-01 -2.998795e-01 1.927569e-01 -4.626281e-01 -3.819842e-01 -5.554568e-04
<VARIANCE> 39
 8.967177e+00 6.360970e+00 1.878362e+01 1.720692e+01 2.794617e+01 1.656671e+01 1.561700e+01 6.953577e+00 2.172401e+01 9.882984e+00 1.990384e+01 1.003155e+01 1.789819e-02 1.224408e-01 6.883489e-01 1.150209e+00 1.977260e+00 4.197744e-01 1.350997e+00 8.767987e-01 7.380329e-01 3.278254e+00 1.736791e+00 1.606937e+00 1.480539e+00 1.000000e-02 3.861153e-02 8.372703e-02 2.351495e-01 3.437834e-01 8.399919e-02 2.279636e-01 1.438850e-01 1.110311e-01 1.819442e-01 4.239188e-01 1.841224e-01 2.784875e-01 1.000000e-02
<GCONST> 6.783405e+01
<STATE> 29
<MEAN> 39
 3.384785e+00 -1.158751e+01 -4.445851e+00 -1.041011e+01 -8.012197e+00 -1.016256e+01 -2.854496e+00 -4.385219e+00 1.508399e+00 8.188323e-01 -1.276511e+00 -3.388999e+00 4.277147e-01 -3.383918e-01 -4.216597e-01 -4.050918e-01 7.209564e-01 -3.829694e-01 -5.220422e-01 2.618400e-01 2.879160e-01 -2.607737e-01 -8.057755e-01 -4.928698e-01 -7.494456e-01 -3.247352e-02 -1.919635e-01 -1.566374e-01 4.551446e-01 3.128352e-01 2.515768e-01 2.884667e-01 7.066045e-02 -1.654929e-01 -3.298898e-02 7.414280e-01 -1.256343e-01 -3.364927e-01 -4.230567e-03
<VARIANCE> 39
 9.710959e+00 2.144882e+01 2.901368e+01 1.747006e+01 1.861105e+01 6.608742e+00 2.023286e+00 2.167035e+00 1.576046e+01 1.048972e+01 2.808782e+01 4.989858e+00 1.417922e-02 1.968473e-01 1.363294e+00 8.472004e-01 1.681480e+00 4.924140e-01 3.129873e+00 6.080945e-01 1.569484e+00 1.520123e+00 1.054118e+00 8.049679e-01 1.108936e+00 1.000000e-02 1.155917e-01 1.124765e-01 2.663382e-01 2.544543e-01 6.058283e-02 1.661778e-01 9.698969e-02 2.590353e-01 3.446927e-01 2.914106e-01 2.453489e-01 1.069775e-01 1.000000e-02
<GCONST> 6.464613e+01
<STATE> 30
<MEAN> 39
 3.260327e+00 -1.321934e+01 -3.929946e+00 -7.915127e+00 -9.092669e+00 -1.280398e+01 -2.260494e+00 -5.468885e+00 7.041683e-01 2.405253e+00 1.015206e+00 -4.732558e+00 3.992342e-01 -5.067731e-01 2.429520e-01 6.641227e-01 1.243525e+00 8.077847e-01 8.030080e-01 4.859191e-01 -2.000099e-01 3.639615e-02 4.871278e-01 4.925444e-02 -5.270618e-01 -3.622900e-02 -1.855478e-01 4.132081e-01 1.609430e-01 -1.373884e-01 2.874772e-01 5.324211e-01 -1.984152e-02 8.279169e-02 3.169808e-01 6.069589e-01 4.708989e-01 9.896218e-02 -2.505539e-03
<VARIANCE> 39
 3.596224e+00 5.804119e+00 2.381090e+01 2.048957e+01 1.736796e+01 1.488893e+01 5.535675e+00 9.063940e+00 1.446443e+01 2.169883e+00 2.391515e+01 1.204166e+01 1.000000e-02 4.898122e-01 9.127612e-01 8.512632e-01 1.298452e+00 6.791210e-01 1.770882e+00 5.108157e-01 5.797290e-01 9.052013e-01 2.033250e+00 8.590236e-01 1.209679e+00 1.000000e-02 1.333365e-01 1.800601e-01 2.989822e-01 2.067671e-01 1.268389e-01 4.817603e-01 1.363656e-01 5.007096e-01 4.182454e-01 6.752183e-02 1.919937e-01 2.928106e-01 1.000000e-02
<GCONST> 6.614368e+01
<STATE> 31
<MEAN> 39
 2.275565e+00 -1.232584e+01 -1.361484e+00 -7.678267e+00 -5.547879e+00 -7.314918e+00 -2.627445e+00 -6.890299e+00 2.093876e+00 5.383208e+00 -1.868034e+00 -7.512456e+00 3.600424e-01 -7.517887e-01 1.520909e+00 -2.143433e-01 1.046951e+00 1.549364e+00 9.580262e-01 1.639123e-01 -4.082962e-01 8.239619e-02 5.187347e-01 1.785587e+00 -1.241516e-01 -4.710286e-02 -1.433163e-01 1.197180e-01 -2.150215e-01 -2.188748e-01 -3.893947e-02 -3.742417e-01 -5.528473e-02 3.102127e-01 7.568785e-02 -2.112503e-01 5.296831e-01 7.570413e-01 -8.528984e-04
<VARIANCE> 39
 4.491813e+00 1.813413e+01 3.636180e+01 6.585637e+00 2.654850e+01 1.167160e+01 1.136780e+01 7.522903e+00 9.896544e+00 3.077470e+00 2.158524e+01 2.248081e+01 1.000000e-02 1.632412e+00 4.090909e-01 2.786047e+00 2.014876e+00 2.035187e+00 2.723695e+00 1.297890e+00 3.343804e+00 1.084826e+00 1.427162e+00 9.396151e-01 2.019761e+00 1.000000e-02 7.065193e-02 2.172597e-01 2.297548e-01 2.050809e-01 1.539646e-01 3.930364e-01 1.063022e-01 4.638077e-01 3.172868e-01 2.482235e-01 1.827792e-01 4.417468e-01 1.000000e-02
<GCONST> 7.500139e+01
<STATE> 32
<MEAN> 39
 1.483233e+00 -8.253092e+00 -3.528635e+00 -6.131157e+00 -3.570867e+00 -6.865860e+00 -1.754972e+00 -5.449222e+00 2.130983e+00 3.954987e+00 1.693854e+00 -7.562016e+00 3.040031e-01 -6.513807e-01 5.950662e-01 -5.725399e-01 6.703387e-01 6.884748e-01 -1.260967e-01 3.121102e-01 4.750231e-01 3.006450e-01 -4.432930e-02 1.564808e+00 1.081309e+00 -3.761823e-02 -3.082474e-03 -4.550781e-01 -3.694683e-02 -1.344101e-01 -3.759929e-01 -7.201856e-01 -2.002115e-01 3.097715e-01 1.142851e-01 -2.143526e-01 -2.053268e-01 4.096128e-01 2.068896e-03
<VARIANCE> 39
 3.224831e+00 7.105659e+00 4.679513e+00 5.837090e+00 3.102451e+00 9.488377e+00 1.407351e+01 3.733074e+01 1.926709e+01 1.746869e+01 2.902530e+01 1.462635e+01 1.000000e-02 1.708624e+00 3.913335e-01 1.179487e+00 2.715357e+00 2.323984e+00 2.519910e+00 6.095741e-01 3.487732e+00 1.639723e+00 2.443336e+00 9.842170e-01 3.544186e+00 1.000000e-02 1.138823e-01 7.273481e-02 2.051588e-01 3.594930e-01 1.164048e-01 2.917279e-01 1.887454e-01 7.620270e-01 3.421238e-01 3.670158e-01 4.594239e-01 1.711253e-01 1.000000e-02
<GCONST> 7.439726e+01
<STATE> 33
<MEAN> 39
 -6.795214e-01 -9.714365e+00 -3.883635e+00 -5.905938e+00 -5.178646e+00 -9.772698e+00 -1.250488e+00 -3.732038e+00 1.829475e+00 4.414518e+00 5.816483e+00 -1.769954e+00 2.127033e-01 -6.070238e-01 -5.047072e-02 -2.532172e-01 -1.143041e-01 -1.640206e-01 -1.083930e+00 -4.830209e-01 1.064073e+00 1.014676e+00 2.101603e-01 1.147393e+00 9.675232e-01 -3.066497e-02 2.159077e-01 -1.137147e-01 1.759637e-01 -7.497488e-02 -2.640523e-02 8.358203e-02 -1.744883e-01 -1.273462e-01 1.307299e-01 -3.474095e-02 -6.465108e-01 -4.187271e-01 6.856382e-03
<VARIANCE> 39
 6.714952e+00 2.291861e+00 5.775009e+00 9.410801e+00 7.333969e+00 8.233407e+00 8.171320e+00 3.032163e+01 2.424872e+01 2.676767e+01 2.762197e+01 2.586662e+01 1.000000e-02 3.465657e-01 2.644981e-01 7.837529e-01 8.675287e-01 5.557225e-01 5.825438e-01 1.102683e+00 2.025870e+00 2.421294e+00 1.806465e+00 1.522695e+00 7.322063e-01 1.000000e-02 3.165661e-01 5.604235e-02 1.272917e-01 3.958886e-01 3.548263e-01 2.245884e-01 1.424562e-01 7.636884e-01 2.030845e-01 6.040807e-01 2.177657e-01 8.584599e-01 1.000000e-02
<GCONST> 7.019331e+01
<STATE> 34
<MEAN> 39
 -3.772665e-01 -9.758601e+00 -3.045276e+00 -5.317552e+00 -4.570290e+00 -1.205463e+01 -2.423957e+00 -3.519368e+00 2.675313e+00 2.023955e+00 4.238900e+00 -3.090885e+00 2.373080e-01 -6.685295e-01 1.051189e-01 7.408909e-01 1.032968e+00 8.048477e-01 3.530161e-01 -2.657029e-02 7.428942e-01 1.197999e+00 -3.239225e-01 -1.090241e+00 1.178777e-01 -3.432772e-02 -6.235265e-02 6.252636e-02 2.385576e-01 1.245974e-01 3.359436e-01 9.255278e-01 4.147543e-01 4.870683e-02 9.486979e-02 6.254661e-02 -2.365156e-01 -2.971345e-01 -3.653332e-03
<VARIANCE> 39
 2.666650e+00 7.904511e+00 3.205610e+00 7.688598e+00 1.056872e+01 1.704242e+01 1.478738e+01 1.170442e+01 1.779311e+01 1.258458e+01 7.828724e+00 7.493572e+00 1.000000e-02 6.762025e-01 2.369231e-01 6.266549e-01 1.267497e+00 3.580837e-01 6.196666e-01 8.361341e-01 3.209167e+00 3.027375e-01 2.106563e+00 2.024641e+00 2.115556e+00 1.000000e-02 5.113770e-02 1.660708e-02 1.066127e-01 2.603792e-01 1.691923e-01 1.496363e-01 2.221399e-01 4.906806e-01 9.720010e-01 5.637342e-01 2.817757e-01 1.885189e-01 1.000000e-02
<GCONST> 6.228506e+01
<STATE> 35
<MEAN> 39
 -1.191077e+00 -9.094214e+00 -2.501608e+00 -4.806151e+00 -3.688353e+00 -8.809289e+00 -3.221850e+00 -2.132813e+00 6.291867e+00 4.984475e+00 3.693397e+00 -3.323436e+00 1.496205e-01 -5.875002e-01 5.746284e-01 5.920798e-01 6.184824e-01 1.109630e+00 1.437006e+00 5.740017e-01 5.712208e-01 6.031736e-01 -2.507368e-01 -1.898342e-01 -6.701781e-01 -3.732044e-02 -1.620255e-01 -6.735148e-02 -4.372629e-02 3.182618e-02 2.552750e-01 3.754799e-01 4.886986e-01 -2.271692e-01 -4.848542e-01 -1.360122e-01 2.075547e-01 -1.993566e-01 -1.736840e-03
<VARIANCE> 39
 4.320870e+00 4.318712e+00 9.730464e+00 1.783835e+01 1.174081e+01 7.747245e+00 3.974674e+00 6.653336e+00 8.770527e+00 1.068497e+01 6.889734e+00 1.335247e+01 1.000000e-02 3.620493e-01 1.229507e-01 4.718036e-01 1.110658e+00 3.541606e-01 1.890695e+00 7.002729e-01 1.473794e+00 2.526086e+00 2.853970e+00 6.515836e-01 2.496638e+00 1.000000e-02 1.039547e-01 3.627574e-02 2.447393e-01 2.733907e-01 1.276521e-01 1.083645e-01 1.008008e-01 2.655856e-01 3.381208e-01 2.697040e-01 2.800635e-01 2.533791e-01 1.000000e-02
<GCONST> 5.990011e+01
<STATE> 36
<MEAN> 39
 -2.219263e+00 -8.184160e+00 -1.582357e+00 -3.655940e+00 -2.197037e-01 -6.446328e+00 -1.272891e+00 -3.203379e+00 4.722497e+00 4.103414e+00 3.501379e+00 -4.986985e+00 1.008493e-01 -8.742264e-01 -2.954557e-01 -3.651426e-01 4.475786e-01 1.139079e+00 1.105733e+00 1.223102e+00 6.641584e-02 -6.483511e-01 -5.514461e-01 6.335084e-01 1.524528e-01 -3.812754e-02 -3.262499e-02 -2.848076e-01 -3.333413e-01 -2.592173e-01 -4.456028e-01 -4.857237e-01 -2.174953e-01 -2.760829e-01 -4.989099e-01 -2.372379e-01 1.298593e-01 3.453057e-01 2.535724e-03
<VARIANCE> 39
 4.401339e+00 1.089852e+00 5.564286e+00 1.132912e+01 4.998513e+00 1.200187e+01 7.026628e+00 1.382788e+00 5.192238e+00 1.796682e+01 8.965287e+00 3.348221e+00 1.000000e-02 6.597544e-01 3.593795e-01 8.811259e-01 1.634061e+00 1.398113e+00 1.309700e+00 1.237618e+00 1.734491e+00 3.926793e+00 1.547265e+00 6.323561e-01 1.617773e+00 1.000000e-02 7.916599e-02 1.146581e-02 9.057295e-02 3.316458e-01 1.592590e-01 2.996382e-01 1.738335e-01 2.757297e-01 5.959117e-01 2.673196e-01 7.238556e-02 1.720859e-01 1.000000e-02
<GCONST> 5.718724e+01
<STATE> 37
<MEAN> 39
 -3.849110e+00 -9.371883e+00 -2.737983e+00 -1.760872e+00 5.865048e-01 -5.045269e+00 1.515620e+00 -1.985336e+00 3.051374e+00 7.842879e-01 5.199248e+00 -2.611536e+00 5.141770e-02 -9.637911e-01 -2.687253e-01 -5.467969e-02 2.526546e-01 3.920789e-01 4.223458e-01 2.983649e-01 -2.082215e-01 -5.683804e-01 -6.054020e-01 1.748499e-01 2.000458e-01 -3.618482e-02 3.863022e-02 -1.122805e-01 -6.424452e-02 -4.423585e-01 -5.942816e-01 -4.600059e-01 -3.455566e-01 -2.683806e-02 1.556686e-01 4.255008e-01 -2.122630e-01 2.144096e-01 3.414147e-03
<VARIANCE> 39
 4.404540e+00 6.891649e+00 7.548552e+00 4.258864e+00 8.740346e+00 5.411629e+00 7.823681e+00 2.193725e+01 4.617606e+01 1.440974e+01 3.593709e+00 1.033828e+01 1.000000e-02 5.550514e-01 4.773150e-02 2.168021e-01 1.174054e+00 1.363165e+00 1.325219e+00 1.095638e+00 4.256568e-01 1.220435e+00 3.785061e-01 8.835325e-01 8.108855e-01 1.000000e-02 6.506407e-02 5.661556e-02 1.012012e-01 1.206905e-01 1.203349e-01 5.125217e-02 2.292037e-01 5.911350e-01 1.275230e+00 2.464525e-01 1.464144e-01 3.129021e-01 1.000000e-02
<GCONST> 5.624894e+01
<STATE> 38
<MEAN> 39
 -5.067064e+00 -1.040455e+01 -3.378088e+00 -4.443014e+00 -5.269552e-01 -5.784403e+00 1.406420e+00 -1.392387e+00 4.757369e+00 2.787313e+00 4.299579e+00 -4.455686e+00 1.723670e-02 -7.510024e-01 -6.403051e-01 -5.352160e-01 -6.323068e-01 -5.908502e-01 -3.245798e-01 -1.289402e-01 -4.838075e-02 -1.710782e-01 3.209152e-01 -4.145811e-02 6.708912e-01 -2.768469e-02 3.112292e-01 2.146631e-01 1.568443e-01 -1.368943e-01 -2.976806e-01 -2.591521e-01 -2.856843e-01 -7.918769e-02 3.571954e-02 3.714615e-01 -7.240799e-02 7.799059e-02 9.928100e-03
<VARIANCE> 39
 3.249979e+00 1.768934e+00 2.300398e+00 5.586498e+00 1.984229e+00 6.229567e+00 1.416534e+01 1.396735e+01 1.274540e+01 7.091646e+00 5.125759e+00 1.036905e+01 1.000000e-02 1.286544e-01 9.939857e-02 1.809829e-01 4.056392e-01 6.801029e-01 8.576010e-01 1.283214e+00 2.630816e+00 6.052338e+00 4.731897e-01 9.588206e-01 2.008797e-01 1.000000e-02 7.849319e-02 4.674464e-02 1.223282e-01 1.858988e-01 1.508477e-01 2.438298e-01 4.739435e-01 1.439145e-01 2.829220e-01 1.471879e-01 1.688431e-01 2.971071e-01 1.000000e-02
<GCONST> 5.000467e+01
<TRANSP> 39
 0.000000e+00 1.000000e+00 0.000000e+00 0.000000e+00 0.000000e+00 0.000000e+00 0.000000e+00 0.000000e+00 0.000000e+00 0.000000e+00 0.000000e+00 0.000000e+00 0.000000e+00 0.000000e+00 0.000000e+00 0.000000e+00 0.000000e+00 0.000000e+00 0.000000e+00 0.000000e+00 0.000000e+00 0.000000e+00 0.000000e+00 0.000000e+00 0.000000e+00 0.000000e+00 0.000000e+00 0.000000e+00 0.000000e+00 0.000000e+00 0.000000e+00 0.000000e+00 0.000000e+00 0.000000e+00 0.000000e+00 0.000000e+00 0.000000e+00 0.000000e+00 0.000000e+00
 0.000000e+00 5.000000e-01 5.000000e-01 0.000000e+00 0.000000e+00 0.000000e+00 0.000000e+00 0.000000e+00 0.000000e+00 0.000000e+00 0.000000e+00 0.000000e+00 0.000000e+00 0.000000e+00 0.000000e+00 0.000000e+00 0.000000e+00 0.000000e+00 0.000000e+00 0.000000e+00 0.000000e+00 0.000000e+00 0.000000e+00 0.000000e+00 0.000000e+00 0.000000e+00 0.000000e+00 0.000000e+00 0.000000e+00 0.000000e+00 0.000000e+00 0.000000e+00 0.000000e+00 0.000000e+00 0.000000e+00 0.000000e+00 0.000000e+00 0.000000e+00 0.000000e+00
 0.000000e+00 0.000000e+00 2.857143e-01 7.142857e-01 0.000000e+00 0.000000e+00 0.000000e+00 0.000000e+00 0.000000e+00 0.000000e+00 0.000000e+00 0.000000e+00 0.000000e+00 0.000000e+00 0.000000e+00 0.000000e+00 0.000000e+00 0.000000e+00 0.000000e+00 0.000000e+00 0.000000e+00 0.000000e+00 0.000000e+00 0.000000e+00 0.000000e+00 0.000000e+00 0.000000e+00 0.000000e+00 0.000000e+00 0.000000e+00 0.000000e+00 0.000000e+00 0.000000e+00 0.000000e+00 0.000000e+00 0.000000e+00 0.000000e+00 0.000000e+00 0.000000e+00
 0.000000e+00 0.000000e+00 0.000000e+00 2.857143e-01 7.142857e-01 0.000000e+00 0.000000e+00 0.000000e+00 0.000000e+00 0.000000e+00 0.000000e+00 0.000000e+00 0.000000e+00 0.000000e+00 0.000000e+00 0.000000e+00 0.000000e+00 0.000000e+00 0.000000e+00 0.000000e+00 0.000000e+00 0.000000e+00 0.000000e+00 0.000000e+00 0.000000e+00 0.000000e+00 0.000000e+00 0.000000e+00 0.000000e+00 0.000000e+00 0.000000e+00 0.000000e+00 0.000000e+00 0.000000e+00 0.000000e+00 0.000000e+00 0.000000e+00 0.000000e+00 0.000000e+00
 0.000000e+00 0.000000e+00 0.000000e+00 0.000000e+00 1.666667e-01 8.333333e-01 0.000000e+00 0.000000e+00 0.000000e+00 0.000000e+00 0.000000e+00 0.000000e+00 0.000000e+00 0.000000e+00 0.000000e+00 0.000000e+00 0.000000e+00 0.000000e+00 0.000000e+00 0.000000e+00 0.000000e+00 0.000000e+00 0.000000e+00 0.000000e+00 0.000000e+00 0.000000e+00 0.000000e+00 0.000000e+00 0.000000e+00 0.000000e+00 0.000000e+00 0.000000e+00 0.000000e+00 0.000000e+00 0.000000e+00 0.000000e+00 0.000000e+00 0.000000e+00 0.000000e+00
 0.000000e+00 0.000000e+00 0.000000e+00 0.000000e+00 0.000000e+00 2.857143e-01 7.142857e-01 0.000000e+00 0.000000e+00 0.000000e+00 0.000000e+00 0.000000e+00 0.000000e+00 0.000000e+00 0.000000e+00 0.000000e+00 0.000000e+00 0.000000e+00 0.000000e+00 0.000000e+00 0.000000e+00 0.000000e+00 0.000000e+00 0.000000e+00 0.000000e+00 0.000000e+00 0.000000e+00 0.000000e+00 0.000000e+00 0.000000e+00 0.000000e+00 0.000000e+00 0.000000e+00 0.000000e+00 0.000000e+00 0.000000e+00 0.000000e+00 0.000000e+00 0.000000e+00
 0.000000e+00 0.000000e+00 0.000000e+00 0.000000e+00 0.000000e+00 0.000000e+00 2.857143e-01 7.142857e-01 0.000000e+00 0.000000e+00 0.000000e+00 0.000000e+00 0.000000e+00 0.000000e+00 0.000000e+00 0.000000e+00 0.000000e+00 0.000000e+00 0.000000e+00 0.000000e+00 0.000000e+00 0.000000e+00 0.000000e+00 0.000000e+00 0.000000e+00 0.000000e+00 0.000000e+00 0.000000e+00 0.000000e+00 0.000000e+00 0.000000e+00 0.000000e+00 0.000000e+00 0.000000e+00 0.000000e+00 0.000000e+00 0.000000e+00 0.000000e+00 0.000000e+00
 0.000000e+00 0.000000e+00 0.000000e+00 0.000000e+00 0.000000e+00 0.000000e+00 0.000000e+00 1.666667e-01 8.333333e-01 0.000000e+00 0.000000e+00 0.000000e+00 0.000000e+00 0.000000e+00 0.000000e+00 0.000000e+00 0.000000e+00 0.000000e+00 0.000000e+00 0.000000e+00 0.000000e+00 0.000000e+00 0.000000e+00 0.000000e+00 0.000000e+00 0.000000e+00 0.000000e+00 0.000000e+00 0.000000e+00 0.000000e+00 0.000000e+00 0.000000e+00 0.000000e+00 0.000000e+00 0.000000e+00 0.000000e+00 0.000000e+00 0.000000e+00 0.000000e+00
 0.000000e+00 0.000000e+00 0.000000e+00 0.000000e+00 0.000000e+00 0.000000e+00 0.000000e+00 0.000000e+00 3.750000e-01 6.250000e-01 0.000000e+00 0.000000e+00 0.000000e+00 0.000000e+00 0.000000e+00 0.000000e+00 0.000000e+00 0.000000e+00 0.000000e+00 0.000000e+00 0.000000e+00 0.000000e+00 0.000000e+00 0.000000e+00 0.000000e+00 0.000000e+00 0.000000e+00 0.000000e+00 0.000000e+00 0.000000e+00 0.000000e+00 0.000000e+00 0.000000e+00 0.000000e+00 0.000000e+00 0.000000e+00 0.000000e+00 0.000000e+00 0.000000e+00
 0.000000e+00 0.000000e+00 0.000000e+00 0.000000e+00 0.000000e+00 0.000000e+00 0.000000e+00 0.000000e+00 0.000000e+00 2.857143e-01 7.142857e-01 0.000000e+00 0.000000e+00 0.000000e+00 0.000000e+00 0.000000e+00 0.000000e+00 0.000000e+00 0.000000e+00 0.000000e+00 0.000000e+00 0.000000e+00 0.000000e+00 0.000000e+00 0.000000e+00 0.000000e+00 0.000000e+00 0.000000e+00 0.000000e+00 0.000000e+00 0.000000e+00 0.000000e+00 0.000000e+00 0.000000e+00 0.000000e+00 0.000000e+00 0.000000e+00 0.000000e+00 0.000000e+00
 0.000000e+00 0.000000e+00 0.000000e+00 0.000000e+00 0.000000e+00 0.000000e+00 0.000000e+00 0.000000e+00 0.000000e+00 0.000000e+00 0.000000e+00 1.000000e+00 0.000000e+00 0.000000e+00 0.000000e+00 0.000000e+00 0.000000e+00 0.000000e+00 0.000000e+00 0.000000e+00 0.000000e+00 0.000000e+00 0.000000e+00 0.000000e+00 0.000000e+00 0.000000e+00 0.000000e+00 0.000000e+00 0.000000e+00 0.000000e+00 0.000000e+00 0.000000e+00 0.000000e+00 0.000000e+00 0.000000e+00 0.000000e+00 0.000000e+00 0.000000e+00 0.000000e+00
 0.000000e+00 0.000000e+00 0.000000e+00 0.000000e+00 0.000000e+00 0.000000e+00 0.000000e+00 0.000000e+00 0.000000e+00 0.000000e+00 0.000000e+00 4.444444e-01 5.555556e-01 0.000000e+00 0.000000e+00 0.000000e+00 0.000000e+00 0.000000e+00 0.000000e+00 0.000000e+00 0.000000e+00 0.000000e+00 0.000000e+00 0.000000e+00 0.000000e+00 0.000000e+00 0.000000e+00 0.000000e+00 0.000000e+00 0.000000e+00 0.000000e+00 0.000000e+00 0.000000e+00 0.000000e+00 0.000000e+00 0.000000e+00 0.000000e+00 0.000000e+00 0.000000e+00
 0.000000e+00 0.000000e+00 0.000000e+00 0.000000e+00 0.000000e+00 0.000000e+00 0.000000e+00 0.000000e+00 0.000000e+00 0.000000e+00 0.000000e+00 0.000000e+00 1.666667e-01 8.333333e-01 0.000000e+00 0.000000e+00 0.000000e+00 0.000000e+00 0.000000e+00 0.000000e+00 0.000000e+00 0.000000e+00 0.000000e+00 0.000000e+00 0.000000e+00 0.000000e+00 0.000000e+00 0.000000e+00 0.000000e+00 0.000000e+00 0.000000e+00 0.000000e+00 0.000000e+00 0.000000e+00 0.000000e+00 0.000000e+00 0.000000e+00 0.000000e+00 0.000000e+00
 0.000000e+00 0.000000e+00 0.000000e+00 0.000000e+00 0.000000e+00 0.000000e+00 0.000000e+00 0.000000e+00 0.000000e+00 0.000000e+00 0.000000e+00 0.000000e+00 0.000000e+00 1.666667e-01 8.333333e-01 0.000000e+00 0.000000e+00 0.000000e+00 0.000000e+00 0.000000e+00 0.000000e+00 0.000000e+00 0.000000e+00 0.000000e+00 0.000000e+00 0.000000e+00 0.000000e+00 0.000000e+00 0.000000e+00 0.000000e+00 0.000000e+00 0.000000e+00 0.000000e+00 0.000000e+00 0.000000e+00 0.000000e+00 0.000000e+00 0.000000e+00 0.000000e+00
 0.000000e+00 0.000000e+00 0.000000e+00 0.000000e+00 0.000000e+00 0.000000e+00 0.000000e+00 0.000000e+00 0.000000e+00 0.000000e+00 0.000000e+00 0.000000e+00 0.000000e+00 0.000000e+00 3.750000e-01 6.250000e-01 0.000000e+00 0.000000e+00 0.000000e+00 0.000000e+00 0.000000e+00 0.000000e+00 0.000000e+00 0.000000e+00 0.000000e+00 0.000000e+00 0.000000e+00 0.000000e+00 0.000000e+00 0.000000e+00 0.000000e+00 0.000000e+00 0.000000e+00 0.000000e+00 0.000000e+00 0.000000e+00 0.000000e+00 0.000000e+00 0.000000e+00
 0.000000e+00 0.000000e+00 0.000000e+00 0.000000e+00 0.000000e+00 0.000000e+00 0.000000e+00 0.000000e+00 0.000000e+00 0.000000e+00 0.000000e+00 0.000000e+00 0.000000e+00 0.000000e+00 0.000000e+00 4.444444e-01 5.555556e-01 0.000000e+00 0.000000e+00 0.000000e+00 0.000000e+00 0.000000e+00 0.000000e+00 0.000000e+00 0.000000e+00 0.000000e+00 0.000000e+00 0.000000e+00 0.000000e+00 0.000000e+00 0.000000e+00 0.000000e+00 0.000000e+00 0.000000e+00 0.000000e+00 0.000000e+00 0.000000e+00 0.000000e+00 0.000000e+00
 0.000000e+00 0.000000e+00 0.000000e+00 0.000000e+00 0.000000e+00 0.000000e+00 0.000000e+00 0.000000e+00 0.000000e+00 0.000000e+00 0.000000e+00 0.000000e+00 0.000000e+00 0.000000e+00 0.000000e+00 0.000000e+00 1.666667e-01 8.333333e-01 0.000000e+00 0.000000e+00 0.000000e+00 0.000000e+00 0.000000e+00 0.000000e+00 0.000000e+00 0.000000e+00 0.000000e+00 0.000000e+00 0.000000e+00 0.000000e+00 0.000000e+00 0.000000e+00 0.000000e+00 0.000000e+00 0.000000e+00 0.000000e+00 0.000000e+00 0.000000e+00 0.000000e+00
 0.000000e+00 0.000000e+00 0.000000e+00 0.000000e+00 0.000000e+00 0.000000e+00 0.000000e+00 0.000000e+00 0.000000e+00 0.000000e+00 0.000000e+00 0.000000e+00 0.000000e+00 0.000000e+00 0.000000e+00 0.000000e+00 0.000000e+00 1.666667e-01 8.333333e-01 0.000000e+00 0.000000e+00 0.000000e+00 0.000000e+00 0.000000e+00 0.000000e+00 0.000000e+00 0.000000e+00 0.000000e+00 0.000000e+00 0.000000e+00 0.000000e+00 0.000000e+00 0.000000e+00 0.000000e+00 0.000000e+00 0.000000e+00 0.000000e+00 0.000000e+00 0.000000e+00
 0.000000e+00 0.000000e+00 0.000000e+00 0.000000e+00 0.000000e+00 0.000000e+00 0.000000e+00 0.000000e+00 0.000000e+00 0.000000e+00 0.000000e+00 0.000000e+00 0.000000e+00 0.000000e+00 0.000000e+00 0.000000e+00 0.000000e+00 0.000000e+00 1.666667e-01 8.333333e-01 0.000000e+00 0.000000e+00 0.000000e+00 0.000000e+00 0.000000e+00 0.000000e+00 0.000000e+00 0.000000e+00 0.000000e+00 0.000000e+00 0.000000e+00 0.000000e+00 0.000000e+00 0.000000e+00 0.000000e+00 0.000000e+00 0.000000e+00 0.000000e+00 0.000000e+00
 0.000000e+00 0.000000e+00 0.000000e+00 0.000000e+00 0.000000e+00 0.000000e+00 0.000000e+00 0.000000e+00 0.000000e+00 0.000000e+00 0.000000e+00 0.000000e+00 0.000000e+00 0.000000e+00 0.000000e+00 0.000000e+00 0.000000e+00 0.000000e+00 0.000000e+00 1.666667e-01 8.333333e-01 0.000000e+00 0.000000e+00 0.000000e+00 0.000000e+00 0.000000e+00 0.000000e+00 0.000000e+00 0.000000e+00 0.000000e+00 0.000000e+00 0.000000e+00 0.000000e+00 0.000000e+00 0.000000e+00 0.000000e+00 0.000000e+00 0.000000e+00 0.000000e+00
 0.000000e+00 0.000000e+00 0.000000e+00 0.000000e+00 0.000000e+00 0.000000e+00 0.000000e+00 0.000000e+00 0.000000e+00 0.000000e+00 0.000000e+00 0.000000e+00 0.000000e+00 0.000000e+00 0.000000e+00 0.000000e+00 0.000000e+00 0.000000e+00 0.000000e+00 0.000000e+00 1.666667e-01 8.333333e-01 0.000000e+00 0.000000e+00 0.000000e+00 0.000000e+00 0.000000e+00 0.000000e+00 0.000000e+00 0.000000e+00 0.000000e+00 0.000000e+00 0.000000e+00 0.000000e+00 0.000000e+00 0.000000e+00 0.000000e+00 0.000000e+00 0.000000e+00
 0.000000e+00 0.000000e+00 0.000000e+00 0.000000e+00 0.000000e+00 0.000000e+00 0.000000e+00 0.000000e+00 0.000000e+00 0.000000e+00 0.000000e+00 0.000000e+00 0.000000e+00 0.000000e+00 0.000000e+00 0.000000e+00 0.000000e+00 0.000000e+00 0.000000e+00 0.000000e+00 0.000000e+00 2.857143e-01 7.142857e-01 0.000000e+00 0.000000e+00 0.000000e+00 0.000000e+00 0.000000e+00 0.000000e+00 0.000000e+00 0.000000e+00 0.000000e+00 0.000000e+00 0.000000e+00 0.000000e+00 0.000000e+00 0.000000e+00 0.000000e+00 0.000000e+00
 0.000000e+00 0.000000e+00 0.000000e+00 0.000000e+00 0.000000e+00 0.000000e+00 0.000000e+00 0.000000e+00 0.000000e+00 0.000000e+00 0.000000e+00 0.000000e+00 0.000000e+00 0.000000e+00 0.000000e+00 0.000000e+00 0.000000e+00 0.000000e+00 0.000000e+00 0.000000e+00 0.000000e+00 0.000000e+00 3.750000e-01 6.250000e-01 0.000000e+00 0.000000e+00 0.000000e+00 0.000000e+00 0.000000e+00 0.000000e+00 0.000000e+00 0.000000e+00 0.000000e+00 0.000000e+00 0.000000e+00 0.000000e+00 0.000000e+00 0.000000e+00 0.000000e+00
 0.000000e+00 0.000000e+00 0.000000e+00 0.000000e+00 0.000000e+00 0.000000e+00 0.000000e+00 0.000000e+00 0.000000e+00 0.000000e+00 0.000000e+00 0.000000e+00 0.000000e+00 0.000000e+00 0.000000e+00 0.000000e+00 0.000000e+00 0.000000e+00 0.000000e+00 0.000000e+00 0.000000e+00 0.000000e+00 0.000000e+00 3.750000e-01 6.250000e-01 0.000000e+00 0.000000e+00 0.000000e+00 0.000000e+00 0.000000e+00 0.000000e+00 0.000000e+00 0.000000e+00 0.000000e+00 0.000000e+00 0.000000e+00 0.000000e+00 0.000000e+00 0.000000e+00
 0.000000e+00 0.000000e+00 0.000000e+00 0.000000e+00 0.000000e+00 0.000000e+00 0.000000e+00 0.000000e+00 0.000000e+00 0.000000e+00 0.000000e+00 0.000000e+00 0.000000e+00 0.000000e+00 0.000000e+00 0.000000e+00 0.000000e+00 0.000000e+00 0.000000e+00 0.000000e+00 0.000000e+00 0.000000e+00 0.000000e+00 0.000000e+00 2.857143e-01 7.142857e-01 0.000000e+00 0.000000e+00 0.000000e+00 0.000000e+00 0.000000e+00 0.000000e+00 0.000000e+00 0.000000e+00 0.000000e+00 0.000000e+00 0.000000e+00 0.000000e+00 0.000000e+00
 0.000000e+00 0.000000e+00 0.000000e+00 0.000000e+00 0.000000e+00 0.000000e+00 0.000000e+00 0.000000e+00 0.000000e+00 0.000000e+00 0.000000e+00 0.000000e+00 0.000000e+00 0.000000e+00 0.000000e+00 0.000000e+00 0.000000e+00 0.000000e+00 0.000000e+00 0.000000e+00 0.000000e+00 0.000000e+00 0.000000e+00 0.000000e+00 0.000000e+00 1.666667e-01 8.333333e-01 0.000000e+00 0.000000e+00 0.000000e+00 0.000000e+00 0.000000e+00 0.000000e+00 0.000000e+00 0.000000e+00 0.000000e+00 0.000000e+00 0.000000e+00 0.000000e+00
 0.000000e+00 0.000000e+00 0.000000e+00 0.000000e+00 0.000000e+00 0.000000e+00 0.000000e+00 0.000000e+00 0.000000e+00 0.000000e+00 0.000000e+00 0.000000e+00 0.000000e+00 0.000000e+00 0.000000e+00 0.000000e+00 0.000000e+00 0.000000e+00 0.000000e+00 0.000000e+00 0.000000e+00 0.000000e+00 0.000000e+00 0.000000e+00 0.000000e+00 0.000000e+00 1.666667e-01 8.333333e-01 0.000000e+00 0.000000e+00 0.000000e+00 0.000000e+00 0.000000e+00 0.000000e+00 0.000000e+00 0.000000e+00 0.000000e+00 0.000000e+00 0.000000e+00
 0.000000e+00 0.000000e+00 0.000000e+00 0.000000e+00 0.000000e+00 0.000000e+00 0.000000e+00 0.000000e+00 0.000000e+00 0.000000e+00 0.000000e+00 0.000000e+00 0.000000e+00 0.000000e+00 0.000000e+00 0.000000e+00 0.000000e+00 0.000000e+00 0.000000e+00 0.000000e+00 0.000000e+00 0.000000e+00 0.000000e+00 0.000000e+00 0.000000e+00 0.000000e+00 0.000000e+00 4.444444e-01 5.555556e-01 0.000000e+00 0.000000e+00 0.000000e+00 0.000000e+00 0.000000e+00 0.000000e+00 0.000000e+00 0.000000e+00 0.000000e+00 0.000000e+00
 0.000000e+00 0.000000e+00 0.000000e+00 0.000000e+00 0.000000e+00 0.000000e+00 0.000000e+00 0.000000e+00 0.000000e+00 0.000000e+00 0.000000e+00 0.000000e+00 0.000000e+00 0.000000e+00 0.000000e+00 0.000000e+00 0.000000e+00 0.000000e+00 0.000000e+00 0.000000e+00 0.000000e+00 0.000000e+00 0.000000e+00 0.000000e+00 0.000000e+00 0.000000e+00 0.000000e+00 0.000000e+00 1.666667e-01 8.333333e-01 0.000000e+00 0.000000e+00 0.000000e+00 0.000000e+00 0.000000e+00 0.000000e+00 0.000000e+00 0.000000e+00 0.000000e+00
 0.000000e+00 0.000000e+00 0.000000e+00 0.000000e+00 0.000000e+00 0.000000e+00 0.000000e+00 0.000000e+00 0.000000e+00 0.000000e+00 0.000000e+00 0.000000e+00 0.000000e+00 0.000000e+00 0.000000e+00 0.000000e+00 0.000000e+00 0.000000e+00 0.000000e+00 0.000000e+00 0.000000e+00 0.000000e+00 0.000000e+00 0.000000e+00 0.000000e+00 0.000000e+00 0.000000e+00 0.000000e+00 0.000000e+00 2.857143e-01 7.142857e-01 0.000000e+00 0.000000e+00 0.000000e+00 0.000000e+00 0.000000e+00 0.000000e+00 0.000000e+00 0.000000e+00
 0.000000e+00 0.000000e+00 0.000000e+00 0.000000e+00 0.000000e+00 0.000000e+00 0.000000e+00 0.000000e+00 0.000000e+00 0.000000e+00 0.000000e+00 0.000000e+00 0.000000e+00 0.000000e+00 0.000000e+00 0.000000e+00 0.000000e+00 0.000000e+00 0.000000e+00 0.000000e+00 0.000000e+00 0.000000e+00 0.000000e+00 0.000000e+00 0.000000e+00 0.000000e+00 0.000000e+00 0.000000e+00 0.000000e+00 0.000000e+00 2.857143e-01 7.142857e-01 0.000000e+00 0.000000e+00 0.000000e+00 0.000000e+00 0.000000e+00 0.000000e+00 0.000000e+00
 0.000000e+00 0.000000e+00 0.000000e+00 0.000000e+00 0.000000e+00 0.000000e+00 0.000000e+00 0.000000e+00 0.000000e+00 0.000000e+00 0.000000e+00 0.000000e+00 0.000000e+00 0.000000e+00 0.000000e+00 0.000000e+00 0.000000e+00 0.000000e+00 0.000000e+00 0.000000e+00 0.000000e+00 0.000000e+00 0.000000e+00 0.000000e+00 0.000000e+00 0.000000e+00 0.000000e+00 0.000000e+00 0.000000e+00 0.000000e+00 0.000000e+00 1.666667e-01 8.333333e-01 0.000000e+00 0.000000e+00 0.000000e+00 0.000000e+00 0.000000e+00 0.000000e+00
 0.000000e+00 0.000000e+00 0.000000e+00 0.000000e+00 0.000000e+00 0.000000e+00 0.000000e+00 0.000000e+00 0.000000e+00 0.000000e+00 0.000000e+00 0.000000e+00 0.000000e+00 0.000000e+00 0.000000e+00 0.000000e+00 0.000000e+00 0.000000e+00 0.000000e+00 0.000000e+00 0.000000e+00 0.000000e+00 0.000000e+00 0.000000e+00 0.000000e+00 0.000000e+00 0.000000e+00 0.000000e+00 0.000000e+00 0.000000e+00 0.000000e+00 0.000000e+00 3.750000e-01 6.250000e-01 0.000000e+00 0.000000e+00 0.000000e+00 0.000000e+00 0.000000e+00
 0.000000e+00 0.000000e+00 0.000000e+00 0.000000e+00 0.000000e+00 0.000000e+00 0.000000e+00 0.000000e+00 0.000000e+00 0.000000e+00 0.000000e+00 0.000000e+00 0.000000e+00 0.000000e+00 0.000000e+00 0.000000e+00 0.000000e+00 0.000000e+00 0.000000e+00 0.000000e+00 0.000000e+00 0.000000e+00 0.000000e+00 0.000000e+00 0.000000e+00 0.000000e+00 0.000000e+00 0.000000e+00 0.000000e+00 0.000000e+00 0.000000e+00 0.000000e+00 0.000000e+00 1.666667e-01 8.333333e-01 0.000000e+00 0.000000e+00 0.000000e+00 0.000000e+00
 0.000000e+00 0.000000e+00 0.000000e+00 0.000000e+00 0.000000e+00 0.000000e+00 0.000000e+00 0.000000e+00 0.000000e+00 0.000000e+00 0.000000e+00 0.000000e+00 0.000000e+00 0.000000e+00 0.000000e+00 0.000000e+00 0.000000e+00 0.000000e+00 0.000000e+00 0.000000e+00 0.000000e+00 0.000000e+00 0.000000e+00 0.000000e+00 0.000000e+00 0.000000e+00 0.000000e+00 0.000000e+00 0.000000e+00 0.000000e+00 0.000000e+00 0.000000e+00 0.000000e+00 0.000000e+00 2.857143e-01 7.142857e-01 0.000000e+00 0.000000e+00 0.000000e+00
 0.000000e+00 0.000000e+00 0.000000e+00 0.000000e+00 0.000000e+00 0.000000e+00 0.000000e+00 0.000000e+00 0.000000e+00 0.000000e+00 0.000000e+00 0.000000e+00 0.000000e+00 0.000000e+00 0.000000e+00 0.000000e+00 0.000000e+00 0.000000e+00 0.000000e+00 0.000000e+00 0.000000e+00 0.000000e+00 0.000000e+00 0.000000e+00 0.000000e+00 0.000000e+00 0.000000e+00 0.000000e+00 0.000000e+00 0.000000e+00 0.000000e+00 0.000000e+00 0.000000e+00 0.000000e+00 0.000000e+00 2.857143e-01 7.142857e-01 0.000000e+00 0.000000e+00
 0.000000e+00 0.000000e+00 0.000000e+00 0.000000e+00 0.000000e+00 0.000000e+00 0.000000e+00 0.000000e+00 0.000000e+00 0.000000e+00 0.000000e+00 0.000000e+00 0.000000e+00 0.000000e+00 0.000000e+00 0.000000e+00 0.000000e+00 0.000000e+00 0.000000e+00 0.000000e+00 0.000000e+00 0.000000e+00 0.000000e+00 0.000000e+00 0.000000e+00 0.000000e+00 0.000000e+00 0.000000e+00 0.000000e+00 0.000000e+00 0.000000e+00 0.000000e+00 0.000000e+00 0.000000e+00 0.000000e+00 0.000000e+00 1.666667e-01 8.333333e-01 0.000000e+00
 0.000000e+00 0.000000e+00 0.000000e+00 0.000000e+00 0.000000e+00 0.000000e+00 0.000000e+00 0.000000e+00 0.000000e+00 0.000000e+00 0.000000e+00 0.000000e+00 0.000000e+00 0.000000e+00 0.000000e+00 0.000000e+00 0.000000e+00 0.000000e+00 0.000000e+00 0.000000e+00 0.000000e+00 0.000000e+00 0.000000e+00 0.000000e+00 0.000000e+00 0.000000e+00 0.000000e+00 0.000000e+00 0.000000e+00 0.000000e+00 0.000000e+00 0.000000e+00 0.000000e+00 0.000000e+00 0.000000e+00 0.000000e+00 0.000000e+00 0.000000e+00 1.000000e+00
 0.000000e+00 0.000000e+00 0.000000e+00 0.000000e+00 0.000000e+00 0.000000e+00 0.000000e+00 0.000000e+00 0.000000e+00 0.000000e+00 0.000000e+00 0.000000e+00 0.000000e+00 0.000000e+00 0.000000e+00 0.000000e+00 0.000000e+00 0.000000e+00 0.000000e+00 0.000000e+00 0.000000e+00 0.000000e+00 0.000000e+00 0.000000e+00 0.000000e+00 0.000000e+00 0.000000e+00 0.000000e+00 0.000000e+00 0.000000e+00 0.000000e+00 0.000000e+00 0.000000e+00 0.000000e+00 0.000000e+00 0.000000e+00 0.000000e+00 0.000000e+00 0.000000e+00
<ENDHMM>
