~o
<STREAMINFO> 1 39
<VECSIZE> 39<NULLD><MFCC_E_D_A><DIAGC>
~h "Mo^t"
<BEGINHMM>
<NUMSTATES> 38
<STATE> 2
<MEAN> 39
 -6.955885e+00 -9.935664e+00 -1.595133e+00 -2.393991e+00 3.962422e-01 -4.365165e+00 2.148660e+00 -1.855188e+00 5.404204e-01 -1.550032e+00 2.934072e+00 -2.531978e-01 -5.715288e-02 -2.242133e-02 2.805069e-01 1.694845e-01 -5.019041e-02 -6.589090e-01 -4.356572e-01 -2.766618e-01 -1.982801e-01 3.266034e-01 8.336771e-01 -1.289326e-01 -1.638310e-01 6.773299e-03 6.051449e-01 3.859351e-01 -3.035084e-01 -4.403416e-01 -2.213822e-01 -2.689078e-01 -3.629643e-01 -3.622899e-01 -2.521496e-01 -2.851263e-01 -4.102886e-01 -5.393271e-01 2.561059e-02
<VARIANCE> 39
 2.680027e+00 4.124036e+00 1.109645e+01 6.572585e+00 1.906215e+00 3.741531e+00 1.446848e+01 1.606002e+01 3.563248e+00 1.224724e+01 9.014739e+00 1.546066e+01 1.000000e-02 5.015854e-01 3.246786e-01 3.327022e-01 8.503780e-01 8.173926e-01 7.203999e-01 1.256866e+00 1.061706e+00 7.386354e-01 2.279007e+00 1.815678e+00 1.535921e+00 1.000000e-02 7.119922e-02 2.800734e-02 1.639088e-01 1.396985e-01 6.417809e-02 2.677373e-01 1.349567e-01 2.613078e-01 1.112601e-01 2.816824e-01 2.024359e-01 3.100014e-01 1.000000e-02
<GCONST> 5.527341e+01
<STATE> 3
<MEAN> 39
 -6.706013e+00 -8.761753e+00 -1.800332e+00 -3.317907e+00 -7.330659e-01 -4.355577e+00 2.184608e+00 -1.383300e+00 1.624199e+00 6.522479e-01 1.317633e+00 -2.777105e+00 -4.002348e-02 1.675194e+00 1.189427e+00 -8.870782e-01 -1.626146e+00 -7.331715e-01 -6.336554e-01 -1.338547e+00 -1.242703e+00 -4.477103e-01 -5.448328e-01 -7.173045e-01 -1.114789e+00 6.696609e-02 9.622400e-01 7.380865e-02 -4.409197e-01 -4.370168e-01 -5.982938e-02 -1.974639e-01 -5.180770e-01 -5.461605e-01 -2.083419e-01 -3.725404e-01 -1.662577e-01 -2.014821e-01 4.004377e-02
<VARIANCE> 39
 2.640681e+00 3.515467e+00 4.599681e+00 4.309655e+00 3.096900e+00 6.849247e+00 1.452407e+01 8.601237e+00 2.518814e+00 1.344800e+01 1.071278e+01 3.019318e+00 1.000000e-02 4.304057e-01 1.134498e-01 7.169777e-01 2.946406e-01 3.333798e-01 9.296371e-01 5.623115e-01 6.343274e-01 3.992403e-01 1.333890e+00 8.658291e-01 8.943045e-01 1.000000e-02 1.208140e-01 6.701864e-02 8.958133e-02 2.559019e-01 1.574310e-01 1.526912e-01 1.823671e-01 1.289812e-01 2.113469e-01 3.546429e-01 4.746749e-01 6.457249e-01 1.000000e-02
<GCONST> 5.045260e+01
<STATE> 4
<MEAN> 39
 -1.109627e+00 -6.191873e+00 -4.674466e+00 -7.063636e+00 -2.646779e+00 -8.272149e+00 -2.806760e+00 -5.568660e+00 -1.602522e+00 -3.303460e+00 -8.614576e-01 -5.704300e+00 1.801597e-01 3.458121e+00 8.504986e-01 -1.692696e+00 -2.058682e+00 -1.320401e+00 -1.511253e+00 -1.870178e+00 -1.791329e+00 -1.013100e+00 -8.697284e-01 -1.646849e+00 -2.356019e+00 1.392991e-01 4.087361e-01 -3.114921e-01 -2.027074e-01 4.364813e-02 -1.262035e-01 8.802541e-02 9.983025e-02 -5.366573e-02 -1.419266e-01 -8.991680e-02 -7.959466e-02 1.348082e-01 1.640568e-02
<VARIANCE> 39
 1.753872e+01 3.368260e+00 6.925722e+00 1.231850e+01 7.109666e+00 1.589862e+00 6.276700e+00 1.726291e+01 7.083453e+00 1.300138e+01 1.092202e+01 1.254236e+01 3.444785e-02 1.188416e+00 1.651069e-01 1.278668e+00 1.377144e+00 6.193932e-01 8.807451e-01 1.864832e-01 9.811034e-01 1.346372e+00 6.176295e-01 1.946223e+00 3.225997e+00 1.000000e-02 2.132770e-01 6.990883e-02 1.457332e-01 1.743560e-01 8.388676e-02 1.121707e-01 2.358015e-01 1.698173e-01 1.361103e-01 3.597443e-01 4.341094e-01 2.165745e-01 1.000000e-02
<GCONST> 6.131929e+01
<STATE> 5
<MEAN> 39
 2.102629e+00 -5.464324e+00 -5.754558e+00 -9.992045e+00 -3.664083e+00 -7.249983e+00 -4.610056e+00 -7.940310e+00 -8.810839e-01 -1.995553e+00 -1.532289e+00 -7.491386e+00 3.341715e-01 3.076982e+00 -9.437321e-02 -1.450892e+00 -1.093851e+00 -8.305458e-01 -6.662430e-01 -1.634757e+00 -1.869587e+00 -6.783879e-01 -2.830041e-01 -6.785342e-01 -7.520330e-01 1.335170e-01 -2.937189e-01 -4.766450e-01 -3.679089e-01 2.894224e-03 1.326062e-01 6.627687e-01 4.202934e-01 4.352804e-01 5.844681e-02 -1.108100e-01 9.428923e-02 6.821808e-01 -2.766551e-03
<VARIANCE> 39
 1.832745e+01 1.375765e+00 7.679448e+00 3.526073e+00 7.129898e+00 1.908282e+01 7.690994e+00 1.240137e+01 2.827284e+01 1.409208e+01 5.323841e+00 2.306748e+01 2.494152e-02 4.474229e-01 4.781122e-01 3.213491e-01 5.878052e-01 4.888224e-01 6.358341e-01 1.711589e+00 6.271267e-01 8.598633e-01 6.861535e-01 1.618832e+00 1.054582e+00 1.000000e-02 2.186226e-01 4.321410e-02 4.620483e-01 3.341841e-01 1.940252e-01 2.855802e-01 4.871912e-01 6.369664e-01 1.491977e-01 1.512718e-01 2.255418e-01 3.438202e-01 1.000000e-02
<GCONST> 6.433023e+01
<STATE> 6
<MEAN> 39
 8.171257e+00 -7.484582e+00 -8.474227e+00 -9.310041e+00 -5.807579e+00 -9.757397e+00 -6.194491e+00 -9.979317e+00 -2.488028e+00 -3.881985e+00 -3.338659e+00 -7.345315e+00 5.582294e-01 1.609126e+00 -7.242058e-01 -2.086538e+00 -1.694089e+00 -8.201005e-01 1.122140e+00 -5.557716e-01 -4.576395e-01 -6.296300e-01 -6.318060e-01 -7.253487e-01 6.641658e-01 9.614290e-02 -1.180325e+00 -2.954877e-01 -6.441746e-01 -5.472019e-01 1.036298e+00 1.413040e+00 9.525802e-01 1.078111e+00 6.911941e-02 -3.839466e-04 4.171314e-01 5.266624e-01 -1.760996e-02
<VARIANCE> 39
 5.397558e+00 9.075991e+00 5.782050e+00 7.489093e+00 8.340054e+00 1.156040e+01 2.718825e+01 1.306217e+01 1.286720e+01 7.082344e+00 9.900332e+00 2.317484e+01 1.000000e-02 8.942001e-01 4.952359e-01 3.226224e+00 2.625290e+00 1.192185e+00 5.288351e+00 2.106662e+00 3.987297e+00 1.054223e+00 9.464710e-01 7.183166e-01 4.079114e-01 1.000000e-02 1.168705e-01 8.733945e-02 4.105280e-01 5.595462e-01 3.241763e-01 3.027495e-01 2.591667e-01 1.865192e-01 2.685665e-01 2.918572e-01 2.685246e-01 1.568326e-01 1.000000e-02
<GCONST> 7.285233e+01
<STATE> 7
<MEAN> 39
 9.453494e+00 -6.917877e+00 -1.258826e+01 -1.490965e+01 -6.927646e+00 -6.704886e+00 -5.159016e+00 -9.330950e+00 -3.938683e+00 -5.191895e+00 -3.843086e+00 -5.904857e+00 6.763259e-01 -3.992782e-01 -8.281063e-01 -4.204223e+00 -2.789063e+00 1.761588e+00 3.601037e+00 2.582071e+00 1.905183e+00 5.920168e-02 -7.882093e-01 2.645273e-01 9.081203e-01 8.050093e-02 -1.146548e+00 -1.850523e-01 -6.335599e-01 -3.910163e-02 1.256766e+00 1.106869e+00 8.759769e-01 6.235605e-01 2.320760e-01 1.568877e-01 2.282157e-01 -9.276112e-02 -1.018282e-02
<VARIANCE> 39
 5.630515e+00 5.425757e+00 2.701492e+01 1.907647e+01 4.015308e+00 4.998857e+01 2.504933e+01 3.948626e+01 3.640983e+01 1.638371e+01 1.123931e+01 2.186510e+01 1.000000e-02 1.102205e+00 1.179384e-01 3.455062e+00 3.755789e+00 1.815576e+00 4.588878e+00 4.904696e+00 1.521875e+00 1.681728e+00 1.700676e+00 5.961270e-01 1.196685e-01 1.000000e-02 4.654501e-02 1.367685e-01 6.781693e-01 1.719184e-01 3.098139e-01 7.792078e-01 3.643603e-01 8.621816e-01 2.557731e-01 1.448476e-01 1.371086e-01 1.317665e-01 1.000000e-02
<GCONST> 7.758927e+01
<STATE> 8
<MEAN> 39
 7.048884e+00 -1.036938e+01 -2.061275e+01 -2.010464e+01 -1.062567e+00 2.518054e+00 -2.370621e+00 -4.644552e+00 -2.687600e+00 -6.357277e+00 -3.355568e+00 -4.681287e+00 7.993073e-01 -2.147574e+00 -1.354741e+00 -4.550065e+00 -2.664540e+00 4.480391e+00 4.757304e+00 2.794691e+00 2.544099e+00 -1.822092e-01 -1.936456e-01 4.799529e-01 3.205036e-01 7.239196e-02 -5.759227e-01 1.387407e-01 5.045813e-01 6.178983e-01 3.749152e-01 -3.240893e-01 4.484784e-02 -3.015259e-01 1.189162e-02 3.836233e-01 1.594940e-01 -2.812888e-01 -1.265438e-02
<VARIANCE> 39
 1.884225e+01 1.173114e+01 4.062416e+01 3.851154e+01 2.444866e+01 1.124757e+02 8.815609e+01 4.190427e+01 1.816953e+01 2.268782e+01 6.179588e+00 1.539797e+01 1.000000e-02 6.689187e-01 9.717935e-01 5.266483e-01 2.934106e+00 1.835505e+00 3.323997e+00 2.886930e+00 2.764816e+00 2.559771e+00 1.314561e+00 6.781613e-01 1.902205e+00 1.000000e-02 1.046793e-01 1.691034e-01 9.328580e-01 3.024573e-01 4.204256e-01 1.634518e+00 1.239712e+00 5.630729e-01 3.513400e-01 3.641996e-01 1.225960e-01 8.668260e-02 1.000000e-02
<GCONST> 9.005003e+01
<STATE> 9
<MEAN> 39
 9.108584e-01 -1.142710e+01 -2.509012e+01 -2.195180e+01 7.934960e+00 8.623657e+00 2.607410e+00 -3.441063e+00 -3.678893e+00 -6.088894e+00 -2.028764e+00 -2.145902e+00 8.881181e-01 -1.832822e+00 -4.653321e-01 -1.572914e+00 -7.660611e-01 2.703778e+00 2.130292e+00 1.219293e+00 3.190349e-01 -2.651037e-01 2.753240e-01 4.013316e-01 7.293229e-02 3.865939e-02 3.854945e-01 3.575048e-01 1.225667e+00 4.516053e-01 -1.152183e+00 -1.039948e+00 -8.113760e-01 -4.496854e-01 -9.917805e-02 3.784759e-01 4.783651e-02 -2.580556e-01 -1.558445e-02
<VARIANCE> 39
 1.826274e+01 8.210546e+00 1.073108e+01 3.112946e+01 2.476142e+01 1.095535e+01 7.766262e+01 5.340421e+01 1.078453e+01 9.537566e+00 1.711010e+01 5.678230e+01 1.000000e-02 1.190856e+00 1.370132e+00 3.925462e+00 5.934294e-01 2.194758e+00 8.007633e+00 5.738327e+00 3.547128e+00 1.732849e+00 1.372953e+00 5.004711e-01 9.716592e-01 1.000000e-02 6.659478e-02 8.925510e-02 2.074611e-01 5.049756e-01 2.341747e-01 4.415550e-01 1.199182e+00 1.246474e+00 7.506095e-01 2.863048e-01 7.586471e-02 2.258397e-01 1.000000e-02
<GCONST> 8.663676e+01
<STATE> 10
<MEAN> 39
 3.352443e-01 -1.136608e+01 -2.800066e+01 -2.098550e+01 6.319883e+00 9.836578e+00 5.193436e+00 -2.345552e+00 -3.796320e+00 -4.676315e+00 -2.174321e+00 -6.680110e+00 9.185175e-01 -1.068093e+00 -5.440823e-02 -4.766160e-01 -8.846435e-01 -5.426900e-02 1.553676e+00 9.136478e-02 2.579009e-01 -4.646944e-01 1.340062e+00 3.780973e-01 -5.709486e-02 2.669018e-02 5.708220e-01 3.299142e-01 8.584326e-01 -3.352762e-02 -1.080351e+00 -1.233950e+00 -6.850246e-01 -8.594477e-02 -2.182980e-01 1.719716e-01 2.812125e-01 2.058569e-01 -8.436325e-03
<VARIANCE> 39
 1.272940e+01 2.107648e+00 2.041841e+01 2.753141e+01 5.756751e+01 6.820652e+00 2.160520e+01 1.677165e+01 4.046370e+00 4.598421e+00 1.147711e+01 6.054078e+01 1.000000e-02 7.455193e-01 5.176958e-01 7.339096e-01 1.129719e+00 9.548214e-01 2.045006e+00 5.182244e+00 4.664166e+00 2.453698e+00 1.127499e+00 4.251092e-01 1.058321e+00 1.000000e-02 9.685252e-02 7.227201e-02 7.238612e-01 2.885199e-02 2.179804e-01 1.305630e+00 3.002276e-01 1.670375e-01 4.748903e-02 2.158813e-01 1.254666e-01 1.945210e-01 1.000000e-02
<GCONST> 7.037618e+01
<STATE> 11
<MEAN> 39
 -1.028189e+00 -1.081854e+01 -2.494582e+01 -2.502587e+01 8.691154e+00 1.133521e+01 1.505653e+00 -3.383727e+00 -4.126621e+00 -2.972961e+00 4.853142e-01 -2.860161e+00 9.512758e-01 -2.456678e-01 3.331267e-01 1.951355e-01 -1.149255e+00 -6.099872e-01 -2.284726e-02 -4.047323e-01 8.478580e-01 -9.654739e-01 7.349990e-01 1.203854e+00 3.843710e-02 1.466442e-02 2.425438e-01 3.342519e-02 1.514228e-01 -1.750799e-02 -4.672131e-01 -6.549994e-01 -2.002835e-01 2.683479e-01 -6.607403e-02 -2.190373e-01 8.159441e-02 4.026435e-02 -4.907243e-03
<VARIANCE> 39
 2.720262e+01 5.324024e+00 1.595872e+01 4.710596e+01 2.950940e+01 1.026722e+01 2.926168e+01 1.764260e+01 1.359867e+01 2.845608e+00 5.200566e+00 4.451735e+01 1.000000e-02 1.028076e-01 3.019368e-01 8.110988e-01 4.250149e-01 3.936158e-01 9.848199e-01 6.214988e-01 1.724019e+00 1.479624e+00 9.977930e-01 8.275880e-01 6.749831e-01 1.000000e-02 1.016324e-01 1.708720e-01 3.801515e-01 4.977280e-01 1.188108e-01 5.750773e-01 7.680764e-01 4.546517e-01 2.156074e-01 1.933848e-01 1.461994e-01 1.676995e-01 1.000000e-02
<GCONST> 6.857207e+01
<STATE> 12
<MEAN> 39
 2.853717e-01 -1.077897e+01 -2.680609e+01 -2.456317e+01 3.903928e+00 7.691345e+00 3.724717e+00 7.468262e-01 -7.502630e+00 -1.487302e+00 1.073070e+00 -4.696453e+00 9.654381e-01 -3.866222e-01 2.885388e-01 -6.455095e-01 -4.969631e-01 -8.837212e-01 -1.459092e+00 2.089695e-02 6.936251e-01 -1.348976e-01 -2.320561e-01 9.704227e-01 5.325458e-01 1.031849e-02 1.225993e-01 7.678353e-02 2.727509e-02 5.042109e-01 -3.888991e-01 2.182379e-01 2.903648e-01 -2.170893e-01 6.477411e-01 -4.409984e-01 -2.135939e-01 1.791756e-01 -3.669705e-03
<VARIANCE> 39
 1.279239e+01 2.680897e+00 1.044602e+01 2.155052e+01 4.877836e+01 1.411085e+01 3.451231e+01 1.339304e+01 2.948693e+01 1.097693e+01 1.505039e+01 3.288689e+01 1.000000e-02 3.932085e-01 3.292972e-01 1.696154e+00 3.553785e+00 6.321669e-01 1.051438e+00 2.055121e+00 1.623770e+00 8.607225e-01 6.793581e-01 4.995175e-01 7.185178e-01 1.000000e-02 4.779495e-02 4.073039e-02 1.574967e-01 2.748042e-01 1.404382e-01 3.765342e-01 4.208786e-01 5.926040e-01 5.316409e-01 3.866134e-01 1.668141e-01 1.385830e-01 1.000000e-02
<GCONST> 7.139602e+01
<STATE> 13
<MEAN> 39
 -9.641102e-01 -1.079939e+01 -2.636350e+01 -2.701560e+01 4.992959e+00 6.873665e+00 1.794873e+00 3.503897e-01 -6.791950e+00 -3.390661e+00 2.765635e+00 -3.939670e+00 9.694740e-01 -2.730807e-02 2.148995e-01 3.220192e-01 -1.551780e-01 -1.503731e+00 -3.838723e-01 4.757976e-01 8.156676e-01 6.112694e-01 2.145550e-02 8.675271e-01 1.054349e-01 6.217596e-03 2.107032e-01 -3.080485e-02 3.917760e-01 3.406323e-01 -2.558754e-01 4.726226e-01 1.783259e-01 6.936202e-02 3.138743e-01 3.454823e-01 -5.535284e-01 5.198003e-02 -1.508962e-03
<VARIANCE> 39
 1.138014e+01 4.168281e+00 2.576048e+01 2.453268e+01 2.853643e+01 3.209285e+01 4.510315e+01 2.839717e+01 9.220239e+00 3.720567e+00 4.176633e+00 2.457397e+01 1.000000e-02 4.689886e-01 4.022210e-01 6.398262e-01 2.985408e+00 6.071461e-01 2.104792e+00 1.231241e+00 1.325703e+00 1.352172e+00 1.463751e+00 7.740708e-01 4.882451e-01 1.000000e-02 1.701238e-02 3.927156e-02 3.300463e-01 2.965696e-01 3.267888e-01 4.477458e-01 2.937176e-01 2.536568e-01 3.508856e-02 1.922917e-02 2.182617e-01 8.230304e-02 1.000000e-02
<GCONST> 6.426102e+01
<STATE> 14
<MEAN> 39
 -5.356349e-01 -9.040470e+00 -2.731251e+01 -2.365701e+01 -1.765496e-01 9.745970e+00 4.099406e+00 1.206878e+00 -3.490105e+00 -2.939033e+00 3.421655e+00 -2.528375e+00 9.868004e-01 4.949259e-01 5.440612e-03 1.315350e+00 1.287900e-01 -1.887213e+00 1.323462e+00 -3.271751e-03 1.110837e+00 5.942254e-01 8.637564e-01 -9.453206e-01 9.166608e-01 1.852784e-03 1.010205e-01 -2.632577e-01 5.061305e-01 -1.903932e-01 -1.111748e-01 -6.072890e-02 -2.194906e-01 4.295540e-01 -3.247058e-01 3.972251e-01 -7.318130e-01 7.094304e-02 -3.491703e-03
<VARIANCE> 39
 4.993871e+00 4.306903e+00 2.086014e+01 2.952229e+01 7.524682e+01 4.462238e+01 2.249956e+01 1.476508e+01 1.116153e+01 1.713417e+01 1.233262e+01 1.814273e+01 1.000000e-02 3.978637e-01 1.713162e-01 1.506475e+00 1.636887e+00 1.266098e+00 2.982035e+00 1.067474e+00 1.499866e+00 8.153507e-01 1.077841e+00 1.264244e+00 1.505979e+00 1.000000e-02 4.132871e-02 8.791771e-02 2.925450e-01 3.769701e-01 3.670040e-01 4.587671e-01 3.348027e-01 2.563640e-01 1.815780e-01 4.090086e-01 1.508974e-01 5.392990e-02 1.000000e-02
<GCONST> 7.300202e+01
<STATE> 15
<MEAN> 39
 1.122322e+00 -1.050294e+01 -2.293808e+01 -2.572936e+01 -1.448759e+00 1.098023e+01 2.707785e+00 4.222405e+00 -5.246716e+00 -8.170652e-01 9.120198e-01 -1.642926e+00 9.831313e-01 3.940300e-01 -3.208629e-01 1.589603e+00 -1.541758e-01 -1.951470e+00 1.177244e-01 -1.020330e-01 1.753432e+00 -2.805156e-01 1.178266e+00 -1.573798e+00 4.406691e-01 -9.145426e-04 -7.194095e-02 -8.194168e-02 -1.979362e-02 -6.613062e-02 9.172264e-02 -8.184261e-01 -1.239691e-01 9.978203e-02 -1.846897e-01 -3.290532e-02 -4.582480e-01 2.980653e-02 -2.730407e-03
<VARIANCE> 39
 6.979358e+00 4.871381e+00 1.119917e+01 3.627889e+01 6.673622e+01 5.355278e+01 3.403014e+01 9.631919e+00 4.201451e+00 1.738010e+01 1.211592e+01 3.614345e+01 1.000000e-02 2.346399e-01 3.659623e-01 8.284451e-01 5.283782e-01 2.615303e+00 6.948155e-01 1.308803e+00 8.404636e-01 4.952813e-01 1.328866e+00 1.246041e-01 1.259267e+00 1.000000e-02 3.671134e-02 3.743315e-02 8.032970e-02 4.044062e-01 2.894867e-01 6.208212e-01 6.429274e-02 1.380924e-01 1.594934e-01 3.532839e-01 2.004587e-01 1.194189e-01 1.000000e-02
<GCONST> 6.381691e+01
<STATE> 16
<MEAN> 39
 5.003924e-01 -1.108912e+01 -2.133636e+01 -2.609889e+01 -3.923004e+00 9.387183e+00 3.103220e+00 6.560912e+00 -4.624616e+00 1.103214e+00 -1.617701e+00 -2.108833e+00 9.788700e-01 2.746583e-01 -3.379256e-01 1.165097e+00 -7.303645e-02 -1.736655e+00 -1.482313e+00 -3.496898e-01 1.519985e+00 8.659257e-03 3.733976e-01 -2.049723e+00 7.062531e-01 -4.419015e-03 -2.802845e-02 1.485819e-01 -2.152415e-01 -1.257365e-02 2.963865e-01 -8.662206e-01 -5.942254e-02 -7.265145e-02 -1.386489e-01 -1.678670e-01 -7.638668e-02 3.482282e-02 -3.480763e-03
<VARIANCE> 39
 6.197466e+00 3.156173e+00 7.164247e+00 2.715747e+01 6.103193e+01 3.559401e+01 2.924180e+01 8.724816e+00 1.421676e+01 4.103011e+00 3.412634e+00 3.950991e+01 1.000000e-02 5.215042e-02 3.908693e-01 4.918043e-01 1.024968e+00 1.433851e+00 8.882552e-01 3.890072e-01 1.355735e+00 7.169483e-01 1.489319e+00 7.667994e-01 4.169730e-01 1.000000e-02 5.449738e-02 6.295705e-02 1.670625e-01 2.372814e-01 2.899176e-01 2.598873e-01 2.833494e-01 6.806984e-02 1.004195e-01 9.024967e-02 8.455233e-02 2.220286e-01 1.000000e-02
<GCONST> 5.813514e+01
<STATE> 17
<MEAN> 39
 6.513022e-01 -1.088179e+01 -2.042732e+01 -2.693480e+01 -5.498293e+00 5.100781e+00 7.252836e-01 6.903795e+00 -5.568328e+00 6.188981e-01 -4.423203e+00 1.733130e+00 9.656189e-01 1.920344e-01 1.571975e-01 5.475451e-01 -4.967323e-01 -9.703501e-01 -2.705770e+00 -5.365264e-01 1.121109e+00 -3.439895e-01 6.626899e-01 -1.686156e+00 6.695403e-01 -1.388833e-02 -1.617473e-02 1.910921e-01 -1.952970e-01 -4.032871e-02 5.926403e-01 -4.570058e-01 1.173089e-01 6.556496e-03 -4.657362e-02 -1.232455e-01 2.826593e-01 1.261241e-02 -4.359284e-03
<VARIANCE> 39
 5.248163e+00 9.032921e+00 1.045051e+01 2.497080e+01 4.056269e+01 2.347143e+01 1.900372e+01 1.908288e+01 1.584289e+01 9.620015e+00 8.617179e+00 3.590089e+01 1.000000e-02 6.054887e-01 1.926520e-01 5.299599e-01 1.668592e+00 1.143661e+00 1.281259e+00 1.199606e+00 1.181052e+00 4.845534e-01 1.480936e+00 6.359452e-01 3.385389e-01 1.000000e-02 4.304469e-02 7.260378e-02 4.433128e-02 8.070771e-02 7.853893e-02 1.341521e-01 2.062168e-01 1.588815e-01 2.997756e-01 2.879696e-01 1.425947e-01 1.298753e-01 1.000000e-02
<GCONST> 6.157807e+01
<STATE> 18
<MEAN> 39
 2.037572e+00 -1.082969e+01 -1.911671e+01 -2.537426e+01 -8.454172e+00 9.233930e-01 3.398941e+00 1.182411e+01 -5.688418e+00 2.672111e+00 -8.026959e+00 -6.657354e-01 9.481148e-01 3.747060e-01 5.491956e-01 7.636265e-01 -5.302843e-02 3.659313e-01 -2.998829e+00 -2.068128e-02 1.644940e+00 -8.773108e-01 4.137205e-01 -9.572614e-01 6.724139e-01 -1.651945e-02 3.561927e-02 -1.379528e-02 -7.047184e-02 -1.397648e-02 5.971447e-01 9.666958e-03 4.702848e-01 -3.005294e-01 1.566454e-01 -1.661811e-01 5.452833e-01 2.170040e-01 -4.719665e-03
<VARIANCE> 39
 2.692567e+00 4.467841e+00 1.160963e+01 3.030298e+01 2.579297e+01 5.151085e+01 3.258186e+01 3.017164e+01 1.011823e+01 4.897564e+00 1.843030e+01 3.577427e+01 1.000000e-02 6.843240e-01 1.414373e-01 4.361972e-01 3.776037e+00 1.754817e+00 7.869431e-01 1.240550e+00 8.472046e-01 2.573945e+00 3.479770e-01 8.093647e-01 1.105466e+00 1.000000e-02 5.227081e-02 1.250184e-01 5.252744e-02 1.186788e-01 1.418434e-01 1.512429e-01 1.997464e-01 5.394443e-01 2.540141e-01 1.107917e-01 1.556683e-01 7.861060e-02 1.000000e-02
<GCONST> 6.485197e+01
<STATE> 19
<MEAN> 39
 1.479870e+00 -9.518342e+00 -1.767030e+01 -2.868154e+01 -4.094084e+00 -2.776936e+00 -5.996814e-01 1.188025e+01 -6.761977e+00 2.722651e+00 -7.268399e+00 2.823304e+00 9.042671e-01 1.226964e-01 2.839229e-01 5.104849e-01 -4.342312e-01 1.003407e+00 -2.815272e+00 1.479003e+00 1.238710e+00 2.551622e-01 2.481531e-01 -5.599475e-02 1.370327e+00 -2.551108e-02 7.818757e-02 -2.901744e-01 4.037186e-02 4.152896e-01 1.319844e-01 2.489439e-01 9.390698e-01 -7.603713e-01 5.812659e-01 -3.118780e-01 4.517733e-01 -1.799037e-01 -7.825179e-03
<VARIANCE> 39
 6.382299e+00 5.423393e+00 1.966584e+01 6.641227e+01 4.049565e+01 1.798992e+01 6.394936e+01 4.302548e+01 1.229757e+01 2.887706e+00 1.001400e+01 2.940972e+01 1.000000e-02 4.323367e-01 4.462751e-01 2.787722e-01 7.713096e-01 1.838801e-01 1.051031e+00 1.961664e+00 1.526277e+00 2.377136e+00 6.454207e-01 1.055845e+00 9.313747e-01 1.000000e-02 1.474885e-01 1.562507e-01 2.538566e-02 7.112386e-01 2.383156e-01 1.693296e-01 5.445144e-01 3.763683e-01 1.650621e-01 6.989305e-02 1.093924e-01 2.004396e-01 1.000000e-02
<GCONST> 6.816660e+01
<STATE> 20
<MEAN> 39
 1.500012e+00 -8.821737e+00 -1.858785e+01 -2.841818e+01 -2.718019e+00 -6.737344e+00 4.787674e+00 1.281184e+01 -6.707005e+00 2.573976e+00 -6.824193e+00 5.505199e+00 8.666930e-01 8.202633e-01 -6.888231e-01 6.841870e-01 1.210190e+00 5.595413e-01 -1.975799e+00 2.622650e+00 -8.532658e-01 1.154715e+00 -5.894355e-01 5.048384e-01 3.054301e-01 -4.354488e-02 2.747133e-01 -4.845042e-01 3.519629e-02 8.377615e-01 -5.375312e-01 9.297650e-01 -4.042500e-01 -1.301129e+00 3.051902e-01 -5.127562e-01 5.772141e-01 -8.023272e-01 -1.466870e-02
<VARIANCE> 39
 7.739258e+00 4.361258e+00 1.455814e+01 7.007509e+01 4.554492e+01 2.630554e+01 1.400738e+01 8.683094e+00 1.041219e+01 1.182219e+01 1.356295e+01 3.105082e+01 1.000000e-02 6.242142e-01 1.256029e+00 5.105046e-01 2.646120e+00 9.622674e-01 1.218769e+00 2.019216e+00 2.272747e+00 1.144575e+00 6.816930e-01 1.639746e+00 2.299568e+00 1.000000e-02 1.626038e-01 8.991732e-02 1.237141e-01 9.213029e-01 2.650325e-01 4.445531e-01 5.988057e-01 6.094024e-02 4.753362e-01 1.878386e-01 4.753899e-01 1.985543e-01 1.000000e-02
<GCONST> 7.725095e+01
<STATE> 21
<MEAN> 39
 3.792350e+00 -1.185230e+01 -1.493785e+01 -2.547358e+01 -4.080719e+00 -1.098050e+01 1.052196e+01 1.146632e+01 -2.971742e+00 1.190096e+00 -8.445333e+00 3.482838e+00 8.277609e-01 6.896111e-01 -8.548318e-01 6.134307e-01 1.558341e+00 -5.089697e-01 -7.556434e-01 4.383164e-01 -2.763848e+00 1.113935e+00 -1.122882e+00 6.237819e-01 -8.169280e-01 -6.513578e-02 9.640867e-02 7.309619e-02 -3.026005e-01 7.299922e-01 -3.639237e-01 9.415333e-01 -1.140335e+00 -6.595097e-01 5.431506e-02 -3.065116e-01 5.846066e-01 -6.789379e-01 -1.355999e-02
<VARIANCE> 39
 1.622634e+00 4.405306e+00 2.288516e+01 1.878004e+01 3.683106e+01 2.350567e+01 7.756170e+00 1.649490e+01 2.157038e+01 5.236669e+00 3.988288e+01 1.344858e+01 1.000000e-02 5.479131e-01 7.215615e-01 9.500482e-01 5.274695e+00 1.536947e+00 2.482738e+00 2.088429e+00 5.161835e-01 1.961738e+00 1.363178e+00 2.967429e+00 2.254692e+00 1.000000e-02 1.095822e-01 2.156955e-01 1.047570e-01 1.292539e-01 3.312542e-01 9.702119e-02 2.291661e-01 1.328770e-01 7.695109e-01 6.713355e-02 2.370272e-01 1.034456e-01 1.000000e-02
<GCONST> 7.185337e+01
<STATE> 22
<MEAN> 39
 5.284806e+00 -1.334936e+01 -1.640392e+01 -2.005712e+01 -6.710908e+00 -7.255893e+00 6.802414e+00 3.263379e+00 -2.117405e+00 -1.657371e+00 -2.962686e+00 4.380894e-01 6.459061e-01 9.704987e-01 -7.077538e-01 -1.621007e-01 3.445892e+00 -1.225313e+00 1.299022e+00 -2.128926e+00 -3.263166e+00 8.826193e-01 -1.330048e+00 2.316108e+00 -1.760797e+00 -8.206932e-02 -3.114939e-01 4.096214e-01 -2.657474e-01 -2.544602e-01 5.253980e-01 6.265762e-01 -5.254918e-01 2.752843e-01 -1.411316e-01 3.423769e-01 2.678278e-01 2.277337e-01 4.348337e-03
<VARIANCE> 39
 9.028957e-01 3.090147e+00 1.150096e+01 9.458453e+00 1.451491e+01 4.060271e+01 1.773773e+00 2.392999e+01 2.260803e+01 7.540281e+00 5.713775e+01 4.594107e-01 1.000000e-02 2.480008e-01 1.270204e+00 9.106175e-01 1.665815e+00 3.449960e+00 7.051175e-01 7.184587e-01 1.878115e-01 2.800425e+00 5.862747e-01 2.208611e+00 1.440586e+00 1.000000e-02 7.692579e-02 7.923383e-02 1.076778e-01 5.948401e-01 8.377872e-02 2.324779e-01 1.454077e-01 9.232583e-02 4.155768e-01 5.114968e-01 3.875137e-01 3.971089e-01 1.000000e-02
<GCONST> 6.239376e+01
<STATE> 23
<MEAN> 39
 6.494984e+00 -1.330470e+01 -1.626061e+01 -1.516596e+01 -7.098870e+00 -5.255380e+00 2.930711e+00 1.029543e+00 -2.005046e+00 -4.872523e+00 -7.589985e-01 -1.255442e+00 5.559297e-01 2.823108e-01 3.773808e-01 -5.595478e-01 2.037204e+00 8.883855e-01 1.676325e+00 -1.419088e+00 -1.969418e+00 9.543830e-01 -7.444876e-01 2.657290e+00 -8.816667e-01 -6.731654e-02 -5.081925e-01 2.251877e-01 -1.973760e-01 -7.592662e-01 7.550805e-01 1.459649e-01 5.397146e-01 6.918604e-01 -2.754587e-01 5.398558e-01 -2.697859e-01 3.181831e-01 1.299319e-02
<VARIANCE> 39
 3.386248e+00 6.331061e+00 1.188330e+01 4.229897e+00 2.921232e+01 1.435289e+01 3.133364e+00 2.247439e+01 8.190177e+00 9.418070e+00 4.347220e+01 7.082128e+00 1.000000e-02 5.326954e-01 2.784909e-01 6.397054e-01 1.116184e+00 1.418138e+00 4.262738e-01 8.514560e-01 1.125884e+00 1.522268e+00 2.403964e+00 5.400986e-01 2.212849e+00 1.000000e-02 6.622015e-02 1.000910e-01 1.065069e-01 2.945836e-01 2.931562e-01 1.261858e-01 8.596364e-02 4.220336e-02 8.562001e-02 2.720722e-01 5.696895e-01 1.781460e-01 1.000000e-02
<GCONST> 6.045584e+01
<STATE> 24
<MEAN> 39
 5.647564e+00 -1.155688e+01 -1.770011e+01 -1.516674e+01 -4.749255e+00 -5.656093e+00 2.286465e+00 -2.173044e+00 8.452856e-01 -2.197625e+00 2.192663e+00 -1.000571e+00 4.838780e-01 -4.772923e-01 4.943147e-02 -2.806489e-01 8.277852e-01 1.865391e+00 1.500233e+00 3.137286e-01 -1.171663e+00 3.520490e-01 4.557105e-02 6.268083e-01 -5.777485e-01 -3.538097e-02 -2.772896e-01 -1.949410e-01 2.691379e-01 -4.780119e-01 9.578569e-02 -1.723100e-01 6.094924e-01 6.305119e-01 -2.959720e-01 3.566517e-01 -8.894115e-01 2.816028e-01 1.710872e-02
<VARIANCE> 39
 3.420641e+00 5.677004e+00 1.027316e+01 1.610158e+01 1.055049e+01 1.249415e+01 7.543643e+00 2.059064e+01 6.626183e+00 1.715207e+01 2.142065e+01 2.194276e+01 1.000000e-02 1.954468e-01 1.469594e-01 1.292512e+00 6.602098e-01 5.311453e-01 8.133316e-01 6.300136e-01 8.541226e-01 1.735001e+00 1.183251e+00 2.651625e+00 7.272404e-02 1.000000e-02 6.830589e-02 1.012683e-01 8.768115e-02 5.457817e-01 3.238393e-01 3.190537e-02 1.135052e-01 1.808866e-01 7.360946e-02 3.934468e-01 5.148776e-01 4.260143e-01 1.000000e-02
<GCONST> 5.912445e+01
<STATE> 25
<MEAN> 39
 4.355796e+00 -1.296185e+01 -1.735061e+01 -1.369072e+01 -8.774270e-01 -3.522097e-01 5.089415e+00 -1.563955e+00 -4.798449e-01 -2.658551e+00 2.064665e+00 -2.705348e+00 4.538301e-01 -6.157387e-01 -5.370556e-01 2.986113e-01 2.989819e-01 5.544503e-01 9.504461e-01 1.169789e-01 -4.209597e-01 -4.387771e-02 2.915359e-01 1.396080e-03 -2.604003e-01 -1.853333e-02 -4.878576e-02 -4.214497e-02 4.172907e-02 -4.690393e-01 -4.822862e-01 -2.907181e-01 4.334422e-02 5.609216e-01 -1.962535e-01 -2.950243e-02 -3.003802e-01 1.666930e-01 8.508014e-03
<VARIANCE> 39
 1.168475e+00 2.578656e+00 7.445442e+00 1.719254e+00 1.538829e+01 1.250633e+01 6.823363e+00 3.694358e+01 1.668823e+01 8.641862e+00 2.031444e+01 4.991628e+00 1.000000e-02 2.898197e-01 4.743983e-01 1.868979e+00 2.861253e+00 5.234462e-01 4.866265e-01 1.886154e-01 1.469385e+00 1.324299e+00 2.649693e+00 3.317386e+00 1.013451e+00 1.000000e-02 7.602039e-02 1.005672e-01 1.975950e-01 1.871415e-01 1.737554e-01 1.395771e-01 4.168114e-02 2.810291e-01 6.635916e-01 1.289352e-01 1.463314e-01 1.064282e-01 1.000000e-02
<GCONST> 5.844563e+01
<STATE> 26
<MEAN> 39
 3.752599e+00 -1.386584e+01 -1.681052e+01 -1.494326e+01 -2.912939e+00 -1.752168e+00 2.893740e+00 -1.891118e+00 -2.696366e-02 -1.482242e+00 1.441066e+00 -1.913230e+00 4.436744e-01 -6.762429e-01 8.044175e-02 -7.747142e-02 -3.620272e-01 2.187049e-02 5.451704e-01 -1.396201e-01 6.552004e-01 -3.156968e-01 -5.098706e-02 2.547049e-01 -3.001667e-01 -1.442627e-02 -1.064050e-01 3.652455e-01 2.645256e-01 -1.579604e-01 -2.344077e-01 -3.512105e-01 -6.821464e-02 7.018068e-01 -3.799567e-01 -3.831570e-01 -1.175488e-01 -2.363734e-02 5.951747e-04
<VARIANCE> 39
 1.440157e+00 4.236609e+00 7.691791e+00 1.657983e+01 1.233016e+01 2.293928e+01 9.956743e+00 1.803923e+01 2.976608e+01 1.357352e+01 1.002354e+01 7.856831e+00 1.000000e-02 4.203801e-01 4.212439e-01 7.381415e-01 2.030074e-01 6.339139e-01 4.318437e-01 5.032779e-01 2.017104e+00 2.274434e+00 7.187766e-01 1.559787e+00 3.859864e-01 1.000000e-02 8.555360e-02 7.332385e-02 6.707670e-01 5.185550e-01 1.534454e-01 6.904337e-02 1.715596e-01 1.614495e-01 9.631701e-01 7.349077e-01 2.120544e-01 1.256799e-01 1.000000e-02
<GCONST> 6.256463e+01
<STATE> 27
<MEAN> 39
 3.361482e+00 -1.263027e+01 -1.753634e+01 -1.395827e+01 -1.544286e+00 -2.154534e-01 5.455996e+00 -5.929940e-01 -1.147465e+00 -3.963441e+00 1.961691e+00 -3.060030e+00 4.188097e-01 -7.344431e-01 6.438976e-01 1.793357e-01 -6.345424e-01 -2.072962e-01 -6.794989e-02 7.763307e-02 1.604484e+00 -1.139617e+00 -6.899683e-01 5.022867e-02 1.162433e-01 -1.951062e-02 -2.707160e-02 8.398511e-02 2.431499e-01 -4.228845e-02 -1.684427e-01 -2.800831e-01 -5.927685e-02 1.766660e-02 2.812794e-01 5.917503e-02 -2.275632e-01 2.653006e-02 -4.024257e-03
<VARIANCE> 39
 2.901433e+00 9.953943e+00 8.662294e+00 8.067451e+00 1.563903e+01 1.125475e+01 1.536318e+01 1.878585e+01 9.012756e+00 7.601614e+00 1.567384e+01 1.254303e+01 1.000000e-02 6.556627e-01 2.067908e-01 1.988148e+00 1.712206e+00 1.818557e+00 5.345150e-01 1.936053e+00 1.721198e+00 6.127254e+00 2.197632e+00 5.097074e-01 8.065910e-01 1.000000e-02 4.068810e-02 1.676290e-01 3.322281e-01 2.879574e-01 1.469441e-01 4.806170e-02 1.470507e-01 1.830474e-01 3.179162e-01 1.221644e-01 3.050844e-01 1.947981e-01 1.000000e-02
<GCONST> 6.595493e+01
<STATE> 28
<MEAN> 39
 3.930861e-01 -1.164128e+01 -1.538143e+01 -1.737347e+01 -3.268536e+00 -1.043932e+00 2.378544e+00 4.546260e+00 -4.276097e+00 -3.031821e+00 2.386309e+00 -3.107330e+00 3.755994e-01 -6.046651e-01 5.428980e-01 1.383695e+00 -4.687148e-02 -3.793255e-01 -6.043068e-01 5.664691e-02 9.102364e-01 4.875755e-01 -4.363307e-02 -1.015499e+00 -4.362803e-01 -2.707234e-02 3.196186e-01 -2.461451e-01 -2.099144e-02 4.728461e-01 1.130164e-01 -8.723423e-02 2.561637e-01 -7.206686e-01 7.680418e-01 1.206371e-01 -1.144308e-01 5.268688e-02 6.631699e-04
<VARIANCE> 39
 6.413959e+00 5.486722e+00 1.518182e+01 7.102501e+00 4.258752e+00 4.728508e+00 3.303798e+01 6.398490e+01 2.892916e+01 2.560227e+01 1.561651e+01 1.104112e+01 1.000000e-02 4.048386e-01 1.024598e+00 2.231290e+00 8.047848e-01 1.456913e+00 2.867036e-01 8.282950e-01 9.899822e-01 2.678255e+00 1.020096e+00 5.720292e-01 1.453269e+00 1.000000e-02 2.527471e-01 7.706714e-02 3.272837e-01 1.632897e-01 1.604968e-01 1.180250e-01 3.159130e-01 7.955816e-01 1.783849e+00 6.287976e-01 1.944020e-01 1.408139e-01 1.000000e-02
<GCONST> 7.227551e+01
<STATE> 29
<MEAN> 39
 1.499594e+00 -1.111977e+01 -1.297465e+01 -1.397075e+01 -3.561900e+00 -2.617424e+00 4.679933e+00 1.668825e+00 3.315909e-01 -4.561276e+00 -8.598162e-01 -3.085614e+00 3.339931e-01 -5.738822e-02 -2.047529e-01 5.612732e-01 5.730054e-01 -2.176706e-01 -6.442063e-02 4.754865e-01 -6.014388e-01 1.968741e+00 -1.753144e-01 -6.859518e-01 1.956713e-01 -1.957584e-02 1.455677e-01 -1.277515e-01 -1.508023e-01 3.499781e-01 1.417603e-01 3.308305e-01 1.761681e-01 -4.869876e-01 1.123768e-01 6.495668e-02 3.366871e-01 -5.734856e-02 2.063725e-03
<VARIANCE> 39
 1.343116e+00 1.498328e+00 2.344536e+01 7.411329e+00 2.293849e+00 8.104101e+00 3.134733e+00 2.473006e+01 1.146179e+01 1.622123e+01 7.305970e+00 1.005775e+01 1.000000e-02 7.884326e-01 3.988347e-01 4.131752e-01 1.890346e+00 5.269911e-01 1.231126e+00 7.977732e-01 2.963231e+00 5.419465e+00 1.794170e+00 6.842057e-01 1.787225e+00 1.000000e-02 9.163171e-02 1.508078e-01 7.753086e-01 4.190099e-01 1.687170e-01 2.123894e-02 6.449757e-02 1.905253e-01 4.289784e-01 1.588728e-01 4.588446e-02 1.929757e-01 1.000000e-02
<GCONST> 5.916420e+01
<STATE> 30
<MEAN> 39
 1.119334e+00 -1.233320e+01 -1.431043e+01 -1.448924e+01 -3.339967e+00 -2.332777e+00 5.102975e+00 2.028219e+00 3.288713e+00 -3.073449e+00 -2.389979e-01 -3.197677e+00 3.192316e-01 5.119702e-02 -1.310365e-01 1.356476e-01 1.151362e+00 2.519102e-01 4.222531e-01 7.280588e-01 -7.998185e-01 3.064927e-01 -2.010271e-01 5.827814e-01 -1.272741e-01 -1.498468e-02 -1.222913e-01 6.349567e-02 9.886781e-02 1.752506e-01 1.673817e-01 1.837786e-01 3.374824e-03 -1.399463e-02 -7.906187e-01 -1.498309e-01 3.386618e-01 1.615549e-02 -1.075982e-04
<VARIANCE> 39
 2.898500e+00 2.945881e+00 6.400408e+00 7.644212e+00 4.787437e+00 1.404728e+01 6.470527e+00 1.188328e+01 2.925472e+01 1.154280e+01 7.421764e+00 1.263506e+01 1.000000e-02 7.349249e-01 4.531218e-01 2.373280e+00 1.451456e+00 1.861058e-01 2.357024e-01 8.369347e-01 2.015946e+00 3.443540e+00 1.170281e+00 5.689530e-01 7.047066e-01 1.000000e-02 1.148318e-01 1.499416e-01 4.982560e-01 4.926258e-01 1.522591e-01 1.871687e-01 5.005332e-02 1.830032e-01 8.219926e-01 2.449474e-01 1.198624e-01 2.604324e-01 1.000000e-02
<GCONST> 6.203709e+01
<STATE> 31
<MEAN> 39
 1.004976e+00 -1.177163e+01 -1.345252e+01 -1.204345e+01 -2.391489e+00 -4.559764e-02 5.811471e+00 -1.544986e+00 -8.118948e-01 -4.300598e+00 1.244018e+00 -3.555637e+00 2.767164e-01 -5.491787e-01 1.004543e-01 1.232078e+00 1.738201e+00 4.835759e-01 -2.087452e-02 2.389769e-01 -6.655337e-01 -7.329419e-01 -8.847070e-02 5.006116e-01 -2.492819e-01 -2.329591e-02 -1.332915e-01 1.878918e-01 3.308436e-01 1.112550e-01 8.078916e-03 -3.519221e-01 -1.982578e-01 2.532903e-01 -1.514697e-01 2.738612e-03 -2.197863e-01 5.985491e-02 -5.233505e-03
<VARIANCE> 39
 4.890140e+00 6.582270e+00 7.723464e+00 7.872563e+00 3.435602e+00 1.633907e+01 8.761497e+00 6.748740e+00 1.014440e+01 1.302323e+00 6.559214e+00 1.553574e+01 1.000000e-02 1.647877e-01 4.770076e-01 2.493372e+00 1.465543e+00 3.742710e-01 6.373485e-01 8.683000e-01 4.650365e-01 1.867822e+00 8.322921e-01 6.583982e-01 7.363687e-01 1.000000e-02 9.685025e-02 1.796836e-01 2.331965e-01 3.854386e-01 2.154528e-02 2.278406e-01 6.091115e-02 1.354684e-01 4.290665e-01 1.821475e-01 1.263516e-01 1.021195e-01 1.000000e-02
<GCONST> 5.340935e+01
<STATE> 32
<MEAN> 39
 -2.595217e-01 -1.084383e+01 -9.390772e+00 -8.784463e+00 -1.128946e+00 -5.900939e-01 6.394557e+00 -4.676529e-01 3.005512e-01 -5.305152e+00 2.567836e+00 -3.485235e+00 2.570743e-01 -5.691491e-01 7.892718e-02 8.761075e-01 8.952980e-01 3.491074e-01 -3.430832e-01 -9.604720e-02 -6.285644e-02 -5.598432e-01 -3.810460e-01 -3.404631e-01 9.683246e-02 -2.884321e-02 -1.248110e-01 3.315359e-03 -1.665736e-01 -4.826027e-01 -2.035740e-01 -2.544177e-01 -1.982681e-01 8.899620e-02 8.321330e-02 -4.807224e-03 -3.680664e-01 1.093330e-01 -5.223628e-03
<VARIANCE> 39
 3.839810e+00 6.951376e+00 1.964018e+01 1.149822e+01 5.808562e+00 3.940617e+00 5.129044e+00 1.253701e+01 6.191912e+00 4.689543e+00 8.281207e+00 6.247669e+00 1.000000e-02 1.435097e-01 9.419639e-01 8.643944e-01 2.200768e+00 7.279582e-01 1.924622e+00 2.117837e+00 2.117603e-01 1.255457e+00 7.003064e-01 9.827444e-01 7.632919e-01 1.000000e-02 4.511990e-02 2.687286e-01 7.853535e-01 2.253712e-01 1.301697e-01 2.049453e-02 1.517178e-01 1.279822e-01 1.162519e-01 4.862206e-02 1.021610e-01 1.224877e-01 1.000000e-02
<GCONST> 5.336702e+01
<STATE> 33
<MEAN> 39
 -8.389786e-01 -1.124590e+01 -1.048333e+01 -9.236262e+00 -1.764405e+00 -1.897959e+00 6.654447e+00 4.702296e-01 -1.058925e+00 -4.542234e+00 3.766302e-01 -3.337471e+00 2.018708e-01 -7.406430e-01 6.568875e-01 1.203116e+00 2.757497e-01 2.047112e-02 -5.179375e-01 -2.658848e-01 -2.494921e-01 -1.015879e-01 -2.170034e-01 -2.633159e-01 2.081570e-01 -4.312477e-02 -1.055293e-01 1.059191e-01 8.550767e-02 -1.041929e-01 1.053585e-01 3.234547e-02 -3.033828e-01 -9.460702e-02 2.000522e-01 2.089655e-01 3.822635e-01 1.756132e-01 -3.615411e-03
<VARIANCE> 39
 3.383957e+00 2.172147e+00 4.629951e+00 1.547770e+01 3.751174e+00 4.424068e+00 1.207661e+01 1.026007e+01 6.733733e+00 1.097074e+01 1.414912e+01 1.351468e+01 1.000000e-02 1.705438e-01 1.106322e+00 1.292497e+00 8.489366e-01 8.565839e-01 1.026069e+00 1.297732e+00 1.029797e+00 7.063463e-01 6.881204e-01 7.955641e-01 4.208240e-01 1.000000e-02 3.119173e-02 7.740504e-02 1.035553e-01 4.314274e-01 9.789382e-02 2.726662e-01 2.354136e-01 1.277816e-01 8.015366e-02 3.452132e-01 2.051129e-01 1.366527e-01 1.000000e-02
<GCONST> 5.465943e+01
<STATE> 34
<MEAN> 39
 -2.246742e+00 -1.013019e+01 -7.675604e+00 -8.838143e+00 -2.617210e+00 -2.740688e+00 5.056345e+00 -9.066244e-01 5.215287e-02 -6.657807e+00 -7.407910e-01 -3.374861e+00 1.250002e-01 -7.971633e-01 7.335626e-01 1.218364e+00 7.641109e-01 6.302369e-01 -1.750859e-01 -8.380238e-01 -5.107326e-01 -1.796077e-01 -1.130092e-01 8.354442e-01 5.033463e-01 -3.635191e-02 -3.014815e-02 -3.817149e-02 -5.724707e-02 1.164376e-01 2.533138e-01 1.268027e-01 5.135785e-02 8.585234e-02 1.695069e-01 3.310414e-01 4.102680e-01 7.931090e-02 1.756714e-03
<VARIANCE> 39
 2.403803e+00 1.129147e+01 4.188816e+00 3.475714e+00 5.980050e+00 1.355048e+01 7.137146e+00 4.709926e+00 4.019916e+00 1.756011e+01 1.710216e+01 5.711464e+00 1.000000e-02 3.280235e-01 3.489811e-01 9.416331e-01 1.089251e+00 6.778759e-01 5.532112e-01 4.277368e-01 6.029643e-01 3.441211e-01 1.027769e+00 1.661460e+00 5.197275e-01 1.000000e-02 3.118433e-02 2.808010e-01 1.618018e-01 2.474811e-02 1.688394e-01 2.927017e-01 6.202758e-02 1.452648e-01 1.197785e-01 1.867823e-01 1.811850e-01 8.908262e-02 1.000000e-02
<GCONST> 4.902381e+01
<STATE> 35
<MEAN> 39
 -3.472085e+00 -8.724777e+00 -4.719878e+00 -6.316061e+00 5.526243e-01 -3.837744e+00 3.342066e+00 -1.981609e+00 -4.436049e-01 -3.093499e+00 4.939629e+00 -1.411580e-01 7.882027e-02 -8.804442e-01 2.679127e-01 8.086419e-01 6.266288e-01 9.515537e-01 2.410566e-01 -2.881566e-01 -2.885799e-02 2.864673e-01 1.129307e+00 1.459488e+00 4.517961e-01 -3.293645e-02 9.983025e-02 -2.691752e-01 -4.948065e-01 -2.541935e-01 -2.057365e-01 1.923944e-01 2.077203e-01 1.679980e-01 1.891144e-01 -5.622379e-02 -5.131640e-01 -2.434027e-01 6.104726e-03
<VARIANCE> 39
 1.366332e+00 2.552438e+00 7.021937e+00 6.978049e+00 4.682770e+00 5.447096e+00 1.159803e+01 1.086411e+01 7.865617e+00 5.056714e+00 1.335832e+01 8.706491e+00 1.000000e-02 2.447086e-01 7.714751e-01 6.099187e-01 6.527786e-01 9.758198e-01 1.306098e+00 4.201469e-01 7.438579e-01 6.682881e-01 1.268909e+00 9.049860e-01 1.011214e+00 1.000000e-02 1.000000e-02 4.079651e-02 1.367943e-01 3.431294e-01 1.713510e-01 1.803204e-01 2.166542e-01 2.647732e-01 1.544328e-01 1.610478e-01 3.074107e-01 1.366097e-01 1.000000e-02
<GCONST> 5.169236e+01
<STATE> 36
<MEAN> 39
 -4.698857e+00 -8.640794e+00 -6.054985e+00 -6.762189e+00 1.308738e+00 -8.521909e-01 4.586860e+00 -1.521562e+00 -5.319264e-01 -3.741809e+00 3.086234e+00 -3.483194e+00 3.606497e-02 -6.206545e-01 -2.748203e-01 2.417383e-02 -4.203467e-02 -3.021502e-01 -3.172517e-01 -3.996963e-02 4.655102e-01 1.167292e+00 2.409763e-01 -8.436044e-01 2.792047e-01 -2.128347e-02 1.416147e-01 -2.344506e-01 -2.363468e-01 -1.676528e-01 -3.505320e-01 1.283034e-02 1.841559e-01 8.866452e-02 2.076930e-02 2.324571e-02 -3.238299e-01 1.083149e-01 4.103234e-03
<VARIANCE> 39
 1.128155e+00 7.825407e+00 6.099206e+00 2.178716e+00 1.274306e+01 4.575858e+00 5.934551e+00 1.134647e+01 5.367697e+00 1.057812e+01 2.525403e+01 3.652099e+00 1.000000e-02 1.843902e-01 8.642521e-02 4.012093e-01 1.134093e+00 7.582128e-01 1.029652e+00 7.037329e-01 1.591954e+00 8.268642e-01 9.319889e-01 1.410263e+00 7.497415e-01 1.000000e-02 1.787824e-02 7.202826e-02 7.032131e-02 1.346348e-01 1.698282e-01 2.128066e-01 1.083804e-01 9.073159e-02 1.720310e-01 1.620600e-01 1.948594e-01 1.368432e-01 1.000000e-02
<GCONST> 4.773882e+01
<STATE> 37
<MEAN> 39
 -4.904280e+00 -9.834249e+00 -6.522703e+00 -7.347790e+00 -1.492878e+00 -4.235792e+00 4.351516e+00 1.010451e+00 2.195597e+00 -3.315938e+00 2.320554e+00 -7.343401e-01 2.065029e-02 -2.933437e-01 -4.287519e-01 1.533120e-01 2.146098e-01 -3.726052e-02 2.019158e-01 7.383379e-02 -2.177886e-01 3.100321e-01 2.339124e-01 -4.732846e-01 5.551607e-02 -1.888344e-02 1.847805e-01 -9.592531e-03 9.234408e-02 2.396903e-01 2.244996e-01 1.407411e-01 -1.687619e-02 -4.066363e-01 -4.372870e-01 -8.584183e-02 7.368942e-02 -9.097464e-02 7.403328e-03
<VARIANCE> 39
 5.681454e-01 5.519770e-01 5.342710e+00 1.352257e+01 1.125487e+01 2.008275e+00 1.655416e+01 1.225018e+01 5.296775e+00 5.497421e+00 1.011601e+01 1.245399e+01 1.000000e-02 6.630566e-02 1.455512e-01 4.953658e-01 6.770199e-01 7.944863e-01 6.555248e-01 1.348626e+00 1.375340e+00 5.714721e-01 3.939136e-01 5.709757e-01 1.156631e+00 1.000000e-02 3.949369e-02 6.139584e-02 2.918936e-01 1.960464e-01 3.758772e-01 1.179239e-01 2.446739e-01 3.120233e-01 1.430774e-01 1.163790e-01 2.171173e-01 2.166064e-01 1.000000e-02
<GCONST> 4.822232e+01
<TRANSP> 38
 0.000000e+00 1.000000e+00 0.000000e+00 0.000000e+00 0.000000e+00 0.000000e+00 0.000000e+00 0.000000e+00 0.000000e+00 0.000000e+00 0.000000e+00 0.000000e+00 0.000000e+00 0.000000e+00 0.000000e+00 0.000000e+00 0.000000e+00 0.000000e+00 0.000000e+00 0.000000e+00 0.000000e+00 0.000000e+00 0.000000e+00 0.000000e+00 0.000000e+00 0.000000e+00 0.000000e+00 0.000000e+00 0.000000e+00 0.000000e+00 0.000000e+00 0.000000e+00 0.000000e+00 0.000000e+00 0.000000e+00 0.000000e+00 0.000000e+00 0.000000e+00
 0.000000e+00 5.000000e-01 5.000000e-01 0.000000e+00 0.000000e+00 0.000000e+00 0.000000e+00 0.000000e+00 0.000000e+00 0.000000e+00 0.000000e+00 0.000000e+00 0.000000e+00 0.000000e+00 0.000000e+00 0.000000e+00 0.000000e+00 0.000000e+00 0.000000e+00 0.000000e+00 0.000000e+00 0.000000e+00 0.000000e+00 0.000000e+00 0.000000e+00 0.000000e+00 0.000000e+00 0.000000e+00 0.000000e+00 0.000000e+00 0.000000e+00 0.000000e+00 0.000000e+00 0.000000e+00 0.000000e+00 0.000000e+00 0.000000e+00 0.000000e+00
 0.000000e+00 0.000000e+00 2.857143e-01 7.142857e-01 0.000000e+00 0.000000e+00 0.000000e+00 0.000000e+00 0.000000e+00 0.000000e+00 0.000000e+00 0.000000e+00 0.000000e+00 0.000000e+00 0.000000e+00 0.000000e+00 0.000000e+00 0.000000e+00 0.000000e+00 0.000000e+00 0.000000e+00 0.000000e+00 0.000000e+00 0.000000e+00 0.000000e+00 0.000000e+00 0.000000e+00 0.000000e+00 0.000000e+00 0.000000e+00 0.000000e+00 0.000000e+00 0.000000e+00 0.000000e+00 0.000000e+00 0.000000e+00 0.000000e+00 0.000000e+00
 0.000000e+00 0.000000e+00 0.000000e+00 2.857143e-01 7.142857e-01 0.000000e+00 0.000000e+00 0.000000e+00 0.000000e+00 0.000000e+00 0.000000e+00 0.000000e+00 0.000000e+00 0.000000e+00 0.000000e+00 0.000000e+00 0.000000e+00 0.000000e+00 0.000000e+00 0.000000e+00 0.000000e+00 0.000000e+00 0.000000e+00 0.000000e+00 0.000000e+00 0.000000e+00 0.000000e+00 0.000000e+00 0.000000e+00 0.000000e+00 0.000000e+00 0.000000e+00 0.000000e+00 0.000000e+00 0.000000e+00 0.000000e+00 0.000000e+00 0.000000e+00
 0.000000e+00 0.000000e+00 0.000000e+00 0.000000e+00 2.857143e-01 7.142857e-01 0.000000e+00 0.000000e+00 0.000000e+00 0.000000e+00 0.000000e+00 0.000000e+00 0.000000e+00 0.000000e+00 0.000000e+00 0.000000e+00 0.000000e+00 0.000000e+00 0.000000e+00 0.000000e+00 0.000000e+00 0.000000e+00 0.000000e+00 0.000000e+00 0.000000e+00 0.000000e+00 0.000000e+00 0.000000e+00 0.000000e+00 0.000000e+00 0.000000e+00 0.000000e+00 0.000000e+00 0.000000e+00 0.000000e+00 0.000000e+00 0.000000e+00 0.000000e+00
 0.000000e+00 0.000000e+00 0.000000e+00 0.000000e+00 0.000000e+00 4.444444e-01 5.555556e-01 0.000000e+00 0.000000e+00 0.000000e+00 0.000000e+00 0.000000e+00 0.000000e+00 0.000000e+00 0.000000e+00 0.000000e+00 0.000000e+00 0.000000e+00 0.000000e+00 0.000000e+00 0.000000e+00 0.000000e+00 0.000000e+00 0.000000e+00 0.000000e+00 0.000000e+00 0.000000e+00 0.000000e+00 0.000000e+00 0.000000e+00 0.000000e+00 0.000000e+00 0.000000e+00 0.000000e+00 0.000000e+00 0.000000e+00 0.000000e+00 0.000000e+00
 0.000000e+00 0.000000e+00 0.000000e+00 0.000000e+00 0.000000e+00 0.000000e+00 2.857143e-01 7.142857e-01 0.000000e+00 0.000000e+00 0.000000e+00 0.000000e+00 0.000000e+00 0.000000e+00 0.000000e+00 0.000000e+00 0.000000e+00 0.000000e+00 0.000000e+00 0.000000e+00 0.000000e+00 0.000000e+00 0.000000e+00 0.000000e+00 0.000000e+00 0.000000e+00 0.000000e+00 0.000000e+00 0.000000e+00 0.000000e+00 0.000000e+00 0.000000e+00 0.000000e+00 0.000000e+00 0.000000e+00 0.000000e+00 0.000000e+00 0.000000e+00
 0.000000e+00 0.000000e+00 0.000000e+00 0.000000e+00 0.000000e+00 0.000000e+00 0.000000e+00 2.857143e-01 7.142857e-01 0.000000e+00 0.000000e+00 0.000000e+00 0.000000e+00 0.000000e+00 0.000000e+00 0.000000e+00 0.000000e+00 0.000000e+00 0.000000e+00 0.000000e+00 0.000000e+00 0.000000e+00 0.000000e+00 0.000000e+00 0.000000e+00 0.000000e+00 0.000000e+00 0.000000e+00 0.000000e+00 0.000000e+00 0.000000e+00 0.000000e+00 0.000000e+00 0.000000e+00 0.000000e+00 0.000000e+00 0.000000e+00 0.000000e+00
 0.000000e+00 0.000000e+00 0.000000e+00 0.000000e+00 0.000000e+00 0.000000e+00 0.000000e+00 0.000000e+00 3.750000e-01 6.250000e-01 0.000000e+00 0.000000e+00 0.000000e+00 0.000000e+00 0.000000e+00 0.000000e+00 0.000000e+00 0.000000e+00 0.000000e+00 0.000000e+00 0.000000e+00 0.000000e+00 0.000000e+00 0.000000e+00 0.000000e+00 0.000000e+00 0.000000e+00 0.000000e+00 0.000000e+00 0.000000e+00 0.000000e+00 0.000000e+00 0.000000e+00 0.000000e+00 0.000000e+00 0.000000e+00 0.000000e+00 0.000000e+00
 0.000000e+00 0.000000e+00 0.000000e+00 0.000000e+00 0.000000e+00 0.000000e+00 0.000000e+00 0.000000e+00 0.000000e+00 1.666667e-01 8.333333e-01 0.000000e+00 0.000000e+00 0.000000e+00 0.000000e+00 0.000000e+00 0.000000e+00 0.000000e+00 0.000000e+00 0.000000e+00 0.000000e+00 0.000000e+00 0.000000e+00 0.000000e+00 0.000000e+00 0.000000e+00 0.000000e+00 0.000000e+00 0.000000e+00 0.000000e+00 0.000000e+00 0.000000e+00 0.000000e+00 0.000000e+00 0.000000e+00 0.000000e+00 0.000000e+00 0.000000e+00
 0.000000e+00 0.000000e+00 0.000000e+00 0.000000e+00 0.000000e+00 0.000000e+00 0.000000e+00 0.000000e+00 0.000000e+00 0.000000e+00 4.444444e-01 5.555556e-01 0.000000e+00 0.000000e+00 0.000000e+00 0.000000e+00 0.000000e+00 0.000000e+00 0.000000e+00 0.000000e+00 0.000000e+00 0.000000e+00 0.000000e+00 0.000000e+00 0.000000e+00 0.000000e+00 0.000000e+00 0.000000e+00 0.000000e+00 0.000000e+00 0.000000e+00 0.000000e+00 0.000000e+00 0.000000e+00 0.000000e+00 0.000000e+00 0.000000e+00 0.000000e+00
 0.000000e+00 0.000000e+00 0.000000e+00 0.000000e+00 0.000000e+00 0.000000e+00 0.000000e+00 0.000000e+00 0.000000e+00 0.000000e+00 0.000000e+00 2.857143e-01 7.142857e-01 0.000000e+00 0.000000e+00 0.000000e+00 0.000000e+00 0.000000e+00 0.000000e+00 0.000000e+00 0.000000e+00 0.000000e+00 0.000000e+00 0.000000e+00 0.000000e+00 0.000000e+00 0.000000e+00 0.000000e+00 0.000000e+00 0.000000e+00 0.000000e+00 0.000000e+00 0.000000e+00 0.000000e+00 0.000000e+00 0.000000e+00 0.000000e+00 0.000000e+00
 0.000000e+00 0.000000e+00 0.000000e+00 0.000000e+00 0.000000e+00 0.000000e+00 0.000000e+00 0.000000e+00 0.000000e+00 0.000000e+00 0.000000e+00 0.000000e+00 2.857143e-01 7.142857e-01 0.000000e+00 0.000000e+00 0.000000e+00 0.000000e+00 0.000000e+00 0.000000e+00 0.000000e+00 0.000000e+00 0.000000e+00 0.000000e+00 0.000000e+00 0.000000e+00 0.000000e+00 0.000000e+00 0.000000e+00 0.000000e+00 0.000000e+00 0.000000e+00 0.000000e+00 0.000000e+00 0.000000e+00 0.000000e+00 0.000000e+00 0.000000e+00
 0.000000e+00 0.000000e+00 0.000000e+00 0.000000e+00 0.000000e+00 0.000000e+00 0.000000e+00 0.000000e+00 0.000000e+00 0.000000e+00 0.000000e+00 0.000000e+00 0.000000e+00 3.750000e-01 6.250000e-01 0.000000e+00 0.000000e+00 0.000000e+00 0.000000e+00 0.000000e+00 0.000000e+00 0.000000e+00 0.000000e+00 0.000000e+00 0.000000e+00 0.000000e+00 0.000000e+00 0.000000e+00 0.000000e+00 0.000000e+00 0.000000e+00 0.000000e+00 0.000000e+00 0.000000e+00 0.000000e+00 0.000000e+00 0.000000e+00 0.000000e+00
 0.000000e+00 0.000000e+00 0.000000e+00 0.000000e+00 0.000000e+00 0.000000e+00 0.000000e+00 0.000000e+00 0.000000e+00 0.000000e+00 0.000000e+00 0.000000e+00 0.000000e+00 0.000000e+00 0.000000e+00 1.000000e+00 0.000000e+00 0.000000e+00 0.000000e+00 0.000000e+00 0.000000e+00 0.000000e+00 0.000000e+00 0.000000e+00 0.000000e+00 0.000000e+00 0.000000e+00 0.000000e+00 0.000000e+00 0.000000e+00 0.000000e+00 0.000000e+00 0.000000e+00 0.000000e+00 0.000000e+00 0.000000e+00 0.000000e+00 0.000000e+00
 0.000000e+00 0.000000e+00 0.000000e+00 0.000000e+00 0.000000e+00 0.000000e+00 0.000000e+00 0.000000e+00 0.000000e+00 0.000000e+00 0.000000e+00 0.000000e+00 0.000000e+00 0.000000e+00 0.000000e+00 4.444444e-01 5.555556e-01 0.000000e+00 0.000000e+00 0.000000e+00 0.000000e+00 0.000000e+00 0.000000e+00 0.000000e+00 0.000000e+00 0.000000e+00 0.000000e+00 0.000000e+00 0.000000e+00 0.000000e+00 0.000000e+00 0.000000e+00 0.000000e+00 0.000000e+00 0.000000e+00 0.000000e+00 0.000000e+00 0.000000e+00
 0.000000e+00 0.000000e+00 0.000000e+00 0.000000e+00 0.000000e+00 0.000000e+00 0.000000e+00 0.000000e+00 0.000000e+00 0.000000e+00 0.000000e+00 0.000000e+00 0.000000e+00 0.000000e+00 0.000000e+00 0.000000e+00 2.857143e-01 7.142857e-01 0.000000e+00 0.000000e+00 0.000000e+00 0.000000e+00 0.000000e+00 0.000000e+00 0.000000e+00 0.000000e+00 0.000000e+00 0.000000e+00 0.000000e+00 0.000000e+00 0.000000e+00 0.000000e+00 0.000000e+00 0.000000e+00 0.000000e+00 0.000000e+00 0.000000e+00 0.000000e+00
 0.000000e+00 0.000000e+00 0.000000e+00 0.000000e+00 0.000000e+00 0.000000e+00 0.000000e+00 0.000000e+00 0.000000e+00 0.000000e+00 0.000000e+00 0.000000e+00 0.000000e+00 0.000000e+00 0.000000e+00 0.000000e+00 0.000000e+00 3.750000e-01 6.250000e-01 0.000000e+00 0.000000e+00 0.000000e+00 0.000000e+00 0.000000e+00 0.000000e+00 0.000000e+00 0.000000e+00 0.000000e+00 0.000000e+00 0.000000e+00 0.000000e+00 0.000000e+00 0.000000e+00 0.000000e+00 0.000000e+00 0.000000e+00 0.000000e+00 0.000000e+00
 0.000000e+00 0.000000e+00 0.000000e+00 0.000000e+00 0.000000e+00 0.000000e+00 0.000000e+00 0.000000e+00 0.000000e+00 0.000000e+00 0.000000e+00 0.000000e+00 0.000000e+00 0.000000e+00 0.000000e+00 0.000000e+00 0.000000e+00 0.000000e+00 1.666667e-01 8.333333e-01 0.000000e+00 0.000000e+00 0.000000e+00 0.000000e+00 0.000000e+00 0.000000e+00 0.000000e+00 0.000000e+00 0.000000e+00 0.000000e+00 0.000000e+00 0.000000e+00 0.000000e+00 0.000000e+00 0.000000e+00 0.000000e+00 0.000000e+00 0.000000e+00
 0.000000e+00 0.000000e+00 0.000000e+00 0.000000e+00 0.000000e+00 0.000000e+00 0.000000e+00 0.000000e+00 0.000000e+00 0.000000e+00 0.000000e+00 0.000000e+00 0.000000e+00 0.000000e+00 0.000000e+00 0.000000e+00 0.000000e+00 0.000000e+00 0.000000e+00 2.857143e-01 7.142857e-01 0.000000e+00 0.000000e+00 0.000000e+00 0.000000e+00 0.000000e+00 0.000000e+00 0.000000e+00 0.000000e+00 0.000000e+00 0.000000e+00 0.000000e+00 0.000000e+00 0.000000e+00 0.000000e+00 0.000000e+00 0.000000e+00 0.000000e+00
 0.000000e+00 0.000000e+00 0.000000e+00 0.000000e+00 0.000000e+00 0.000000e+00 0.000000e+00 0.000000e+00 0.000000e+00 0.000000e+00 0.000000e+00 0.000000e+00 0.000000e+00 0.000000e+00 0.000000e+00 0.000000e+00 0.000000e+00 0.000000e+00 0.000000e+00 0.000000e+00 4.444444e-01 5.555556e-01 0.000000e+00 0.000000e+00 0.000000e+00 0.000000e+00 0.000000e+00 0.000000e+00 0.000000e+00 0.000000e+00 0.000000e+00 0.000000e+00 0.000000e+00 0.000000e+00 0.000000e+00 0.000000e+00 0.000000e+00 0.000000e+00
 0.000000e+00 0.000000e+00 0.000000e+00 0.000000e+00 0.000000e+00 0.000000e+00 0.000000e+00 0.000000e+00 0.000000e+00 0.000000e+00 0.000000e+00 0.000000e+00 0.000000e+00 0.000000e+00 0.000000e+00 0.000000e+00 0.000000e+00 0.000000e+00 0.000000e+00 0.000000e+00 0.000000e+00 1.666667e-01 8.333333e-01 0.000000e+00 0.000000e+00 0.000000e+00 0.000000e+00 0.000000e+00 0.000000e+00 0.000000e+00 0.000000e+00 0.000000e+00 0.000000e+00 0.000000e+00 0.000000e+00 0.000000e+00 0.000000e+00 0.000000e+00
 0.000000e+00 0.000000e+00 0.000000e+00 0.000000e+00 0.000000e+00 0.000000e+00 0.000000e+00 0.000000e+00 0.000000e+00 0.000000e+00 0.000000e+00 0.000000e+00 0.000000e+00 0.000000e+00 0.000000e+00 0.000000e+00 0.000000e+00 0.000000e+00 0.000000e+00 0.000000e+00 0.000000e+00 0.000000e+00 2.857143e-01 7.142857e-01 0.000000e+00 0.000000e+00 0.000000e+00 0.000000e+00 0.000000e+00 0.000000e+00 0.000000e+00 0.000000e+00 0.000000e+00 0.000000e+00 0.000000e+00 0.000000e+00 0.000000e+00 0.000000e+00
 0.000000e+00 0.000000e+00 0.000000e+00 0.000000e+00 0.000000e+00 0.000000e+00 0.000000e+00 0.000000e+00 0.000000e+00 0.000000e+00 0.000000e+00 0.000000e+00 0.000000e+00 0.000000e+00 0.000000e+00 0.000000e+00 0.000000e+00 0.000000e+00 0.000000e+00 0.000000e+00 0.000000e+00 0.000000e+00 0.000000e+00 1.666667e-01 8.333333e-01 0.000000e+00 0.000000e+00 0.000000e+00 0.000000e+00 0.000000e+00 0.000000e+00 0.000000e+00 0.000000e+00 0.000000e+00 0.000000e+00 0.000000e+00 0.000000e+00 0.000000e+00
 0.000000e+00 0.000000e+00 0.000000e+00 0.000000e+00 0.000000e+00 0.000000e+00 0.000000e+00 0.000000e+00 0.000000e+00 0.000000e+00 0.000000e+00 0.000000e+00 0.000000e+00 0.000000e+00 0.000000e+00 0.000000e+00 0.000000e+00 0.000000e+00 0.000000e+00 0.000000e+00 0.000000e+00 0.000000e+00 0.000000e+00 0.000000e+00 4.444444e-01 5.555556e-01 0.000000e+00 0.000000e+00 0.000000e+00 0.000000e+00 0.000000e+00 0.000000e+00 0.000000e+00 0.000000e+00 0.000000e+00 0.000000e+00 0.000000e+00 0.000000e+00
 0.000000e+00 0.000000e+00 0.000000e+00 0.000000e+00 0.000000e+00 0.000000e+00 0.000000e+00 0.000000e+00 0.000000e+00 0.000000e+00 0.000000e+00 0.000000e+00 0.000000e+00 0.000000e+00 0.000000e+00 0.000000e+00 0.000000e+00 0.000000e+00 0.000000e+00 0.000000e+00 0.000000e+00 0.000000e+00 0.000000e+00 0.000000e+00 0.000000e+00 2.857143e-01 7.142857e-01 0.000000e+00 0.000000e+00 0.000000e+00 0.000000e+00 0.000000e+00 0.000000e+00 0.000000e+00 0.000000e+00 0.000000e+00 0.000000e+00 0.000000e+00
 0.000000e+00 0.000000e+00 0.000000e+00 0.000000e+00 0.000000e+00 0.000000e+00 0.000000e+00 0.000000e+00 0.000000e+00 0.000000e+00 0.000000e+00 0.000000e+00 0.000000e+00 0.000000e+00 0.000000e+00 0.000000e+00 0.000000e+00 0.000000e+00 0.000000e+00 0.000000e+00 0.000000e+00 0.000000e+00 0.000000e+00 0.000000e+00 0.000000e+00 0.000000e+00 3.750000e-01 6.250000e-01 0.000000e+00 0.000000e+00 0.000000e+00 0.000000e+00 0.000000e+00 0.000000e+00 0.000000e+00 0.000000e+00 0.000000e+00 0.000000e+00
 0.000000e+00 0.000000e+00 0.000000e+00 0.000000e+00 0.000000e+00 0.000000e+00 0.000000e+00 0.000000e+00 0.000000e+00 0.000000e+00 0.000000e+00 0.000000e+00 0.000000e+00 0.000000e+00 0.000000e+00 0.000000e+00 0.000000e+00 0.000000e+00 0.000000e+00 0.000000e+00 0.000000e+00 0.000000e+00 0.000000e+00 0.000000e+00 0.000000e+00 0.000000e+00 0.000000e+00 3.750000e-01 6.250000e-01 0.000000e+00 0.000000e+00 0.000000e+00 0.000000e+00 0.000000e+00 0.000000e+00 0.000000e+00 0.000000e+00 0.000000e+00
 0.000000e+00 0.000000e+00 0.000000e+00 0.000000e+00 0.000000e+00 0.000000e+00 0.000000e+00 0.000000e+00 0.000000e+00 0.000000e+00 0.000000e+00 0.000000e+00 0.000000e+00 0.000000e+00 0.000000e+00 0.000000e+00 0.000000e+00 0.000000e+00 0.000000e+00 0.000000e+00 0.000000e+00 0.000000e+00 0.000000e+00 0.000000e+00 0.000000e+00 0.000000e+00 0.000000e+00 0.000000e+00 1.666667e-01 8.333333e-01 0.000000e+00 0.000000e+00 0.000000e+00 0.000000e+00 0.000000e+00 0.000000e+00 0.000000e+00 0.000000e+00
 0.000000e+00 0.000000e+00 0.000000e+00 0.000000e+00 0.000000e+00 0.000000e+00 0.000000e+00 0.000000e+00 0.000000e+00 0.000000e+00 0.000000e+00 0.000000e+00 0.000000e+00 0.000000e+00 0.000000e+00 0.000000e+00 0.000000e+00 0.000000e+00 0.000000e+00 0.000000e+00 0.000000e+00 0.000000e+00 0.000000e+00 0.000000e+00 0.000000e+00 0.000000e+00 0.000000e+00 0.000000e+00 0.000000e+00 4.444444e-01 5.555556e-01 0.000000e+00 0.000000e+00 0.000000e+00 0.000000e+00 0.000000e+00 0.000000e+00 0.000000e+00
 0.000000e+00 0.000000e+00 0.000000e+00 0.000000e+00 0.000000e+00 0.000000e+00 0.000000e+00 0.000000e+00 0.000000e+00 0.000000e+00 0.000000e+00 0.000000e+00 0.000000e+00 0.000000e+00 0.000000e+00 0.000000e+00 0.000000e+00 0.000000e+00 0.000000e+00 0.000000e+00 0.000000e+00 0.000000e+00 0.000000e+00 0.000000e+00 0.000000e+00 0.000000e+00 0.000000e+00 0.000000e+00 0.000000e+00 0.000000e+00 2.857143e-01 7.142857e-01 0.000000e+00 0.000000e+00 0.000000e+00 0.000000e+00 0.000000e+00 0.000000e+00
 0.000000e+00 0.000000e+00 0.000000e+00 0.000000e+00 0.000000e+00 0.000000e+00 0.000000e+00 0.000000e+00 0.000000e+00 0.000000e+00 0.000000e+00 0.000000e+00 0.000000e+00 0.000000e+00 0.000000e+00 0.000000e+00 0.000000e+00 0.000000e+00 0.000000e+00 0.000000e+00 0.000000e+00 0.000000e+00 0.000000e+00 0.000000e+00 0.000000e+00 0.000000e+00 0.000000e+00 0.000000e+00 0.000000e+00 0.000000e+00 0.000000e+00 1.666667e-01 8.333333e-01 0.000000e+00 0.000000e+00 0.000000e+00 0.000000e+00 0.000000e+00
 0.000000e+00 0.000000e+00 0.000000e+00 0.000000e+00 0.000000e+00 0.000000e+00 0.000000e+00 0.000000e+00 0.000000e+00 0.000000e+00 0.000000e+00 0.000000e+00 0.000000e+00 0.000000e+00 0.000000e+00 0.000000e+00 0.000000e+00 0.000000e+00 0.000000e+00 0.000000e+00 0.000000e+00 0.000000e+00 0.000000e+00 0.000000e+00 0.000000e+00 0.000000e+00 0.000000e+00 0.000000e+00 0.000000e+00 0.000000e+00 0.000000e+00 0.000000e+00 4.444444e-01 5.555556e-01 0.000000e+00 0.000000e+00 0.000000e+00 0.000000e+00
 0.000000e+00 0.000000e+00 0.000000e+00 0.000000e+00 0.000000e+00 0.000000e+00 0.000000e+00 0.000000e+00 0.000000e+00 0.000000e+00 0.000000e+00 0.000000e+00 0.000000e+00 0.000000e+00 0.000000e+00 0.000000e+00 0.000000e+00 0.000000e+00 0.000000e+00 0.000000e+00 0.000000e+00 0.000000e+00 0.000000e+00 0.000000e+00 0.000000e+00 0.000000e+00 0.000000e+00 0.000000e+00 0.000000e+00 0.000000e+00 0.000000e+00 0.000000e+00 0.000000e+00 2.857143e-01 7.142857e-01 0.000000e+00 0.000000e+00 0.000000e+00
 0.000000e+00 0.000000e+00 0.000000e+00 0.000000e+00 0.000000e+00 0.000000e+00 0.000000e+00 0.000000e+00 0.000000e+00 0.000000e+00 0.000000e+00 0.000000e+00 0.000000e+00 0.000000e+00 0.000000e+00 0.000000e+00 0.000000e+00 0.000000e+00 0.000000e+00 0.000000e+00 0.000000e+00 0.000000e+00 0.000000e+00 0.000000e+00 0.000000e+00 0.000000e+00 0.000000e+00 0.000000e+00 0.000000e+00 0.000000e+00 0.000000e+00 0.000000e+00 0.000000e+00 0.000000e+00 2.857143e-01 7.142857e-01 0.000000e+00 0.000000e+00
 0.000000e+00 0.000000e+00 0.000000e+00 0.000000e+00 0.000000e+00 0.000000e+00 0.000000e+00 0.000000e+00 0.000000e+00 0.000000e+00 0.000000e+00 0.000000e+00 0.000000e+00 0.000000e+00 0.000000e+00 0.000000e+00 0.000000e+00 0.000000e+00 0.000000e+00 0.000000e+00 0.000000e+00 0.000000e+00 0.000000e+00 0.000000e+00 0.000000e+00 0.000000e+00 0.000000e+00 0.000000e+00 0.000000e+00 0.000000e+00 0.000000e+00 0.000000e+00 0.000000e+00 0.000000e+00 0.000000e+00 1.666667e-01 8.333333e-01 0.000000e+00
 0.000000e+00 0.000000e+00 0.000000e+00 0.000000e+00 0.000000e+00 0.000000e+00 0.000000e+00 0.000000e+00 0.000000e+00 0.000000e+00 0.000000e+00 0.000000e+00 0.000000e+00 0.000000e+00 0.000000e+00 0.000000e+00 0.000000e+00 0.000000e+00 0.000000e+00 0.000000e+00 0.000000e+00 0.000000e+00 0.000000e+00 0.000000e+00 0.000000e+00 0.000000e+00 0.000000e+00 0.000000e+00 0.000000e+00 0.000000e+00 0.000000e+00 0.000000e+00 0.000000e+00 0.000000e+00 0.000000e+00 0.000000e+00 1.666667e-01 8.333333e-01
 0.000000e+00 0.000000e+00 0.000000e+00 0.000000e+00 0.000000e+00 0.000000e+00 0.000000e+00 0.000000e+00 0.000000e+00 0.000000e+00 0.000000e+00 0.000000e+00 0.000000e+00 0.000000e+00 0.000000e+00 0.000000e+00 0.000000e+00 0.000000e+00 0.000000e+00 0.000000e+00 0.000000e+00 0.000000e+00 0.000000e+00 0.000000e+00 0.000000e+00 0.000000e+00 0.000000e+00 0.000000e+00 0.000000e+00 0.000000e+00 0.000000e+00 0.000000e+00 0.000000e+00 0.000000e+00 0.000000e+00 0.000000e+00 0.000000e+00 0.000000e+00
<ENDHMM>
