~o
<STREAMINFO> 1 39
<VECSIZE> 39<NULLD><MFCC_E_D_A><DIAGC>
~h "Muc"
<BEGINHMM>
<NUMSTATES> 40
<STATE> 2
<MEAN> 39
 -5.982821e+00 -9.089987e+00 -6.088462e-01 -2.958272e-01 -1.899352e-01 -5.223457e+00 2.077074e+00 1.191866e+00 2.190858e+00 -3.892420e+00 5.066191e-01 -8.131760e-01 4.026572e-03 -1.728583e-01 -4.839625e-02 3.971332e-01 6.322367e-01 7.270536e-01 4.713031e-01 -1.080643e+00 7.376458e-02 -3.777514e-02 1.111551e-01 6.972044e-01 -2.324152e-01 1.050882e-02 4.443324e-01 2.945559e-01 -2.803268e-01 -6.988255e-01 -3.819171e-01 -1.515563e-01 -5.973690e-01 -8.409941e-01 -4.842177e-01 -2.835686e-02 -4.234686e-02 -2.548420e-01 1.905389e-02
<VARIANCE> 39
 2.772629e+00 6.676463e-01 1.686671e+00 4.427724e+00 6.727203e+00 3.167523e+00 3.743129e+00 7.653366e+00 1.320012e+01 2.420481e+01 5.567542e+00 4.269331e+00 1.000000e-02 2.867923e-01 1.536147e-01 4.544088e-02 2.111208e-01 8.863568e-01 3.263103e-01 3.070040e-01 1.580209e+00 4.167541e-01 3.263815e-01 6.038919e-01 1.308570e-01 1.000000e-02 1.206659e-01 4.175321e-02 5.872910e-02 9.413733e-02 9.935352e-02 5.507595e-02 6.332077e-02 1.093395e-01 2.440627e-01 2.796149e-01 2.802078e-01 1.041074e-01 1.000000e-02
<GCONST> 3.468298e+01
<STATE> 3
<MEAN> 39
 -6.497956e+00 -9.657692e+00 -4.087693e-01 -3.313743e-01 2.813401e+00 -3.679034e+00 -1.466048e+00 -2.315505e+00 9.048702e-01 -1.893241e+00 3.187135e+00 -5.023555e-01 4.307684e-02 1.055517e+00 8.474250e-01 -4.627015e-01 -1.329931e+00 -6.854839e-01 -4.150020e-01 -1.808299e+00 -1.891653e+00 -1.720741e+00 -6.601788e-01 7.689628e-02 -6.271798e-01 5.503586e-02 9.161062e-01 3.556105e-01 -5.252197e-01 -1.088982e+00 -9.996034e-01 -6.389404e-01 -2.138298e-01 -5.944575e-01 -5.417353e-01 -8.335139e-02 -4.733888e-01 -5.822983e-01 3.480433e-02
<VARIANCE> 39
 5.614544e+00 1.337322e+00 3.705830e-01 1.024884e+00 3.070187e+00 6.079010e+00 3.802278e+00 4.684147e+00 1.164895e+01 8.331792e+00 6.470525e+00 2.450603e+00 1.000000e-02 5.778440e-01 1.158112e-01 1.178866e-01 3.443162e-02 6.468957e-01 7.137606e-02 7.635406e-01 9.540111e-01 3.972582e-01 2.049987e-01 2.502540e-01 2.131634e-01 1.000000e-02 2.092487e-01 1.797431e-01 1.062917e-01 4.435407e-02 1.609829e-02 3.032723e-02 2.204577e-02 4.442397e-02 2.211362e-01 3.376889e-01 4.465160e-01 1.880816e-01 1.000000e-02
<GCONST> 2.674998e+01
<STATE> 4
<MEAN> 39
 -5.001606e+00 -7.215161e+00 9.489749e-01 -7.484624e-01 1.609089e+00 -3.317635e+00 -1.818657e-01 -1.362402e+00 7.006761e-02 -3.226528e+00 4.018142e+00 -6.162937e-02 5.304001e-02 2.401783e+00 1.050700e+00 -1.197768e+00 -2.923954e+00 -1.950803e+00 -8.493729e-01 -1.680805e+00 -2.033442e+00 -1.551301e+00 -3.965685e-01 -9.031003e-01 -1.521441e+00 1.025494e-01 8.751702e-01 7.244898e-02 -5.708244e-01 -8.068622e-01 -9.374225e-01 -7.223160e-01 -1.716210e-01 -2.939683e-01 -1.073163e-01 -4.556255e-02 -7.390435e-01 -6.831593e-01 3.591580e-02
<VARIANCE> 39
 1.365257e+00 3.263108e-01 2.801269e+00 2.564080e+00 5.276042e+00 2.841390e-01 5.629815e-01 4.917625e-01 6.352714e+00 9.484423e+00 3.425223e+00 7.561696e-01 1.000000e-02 1.708639e+00 9.620980e-01 8.578951e-01 3.254639e-01 8.397067e-01 6.418478e-01 1.597353e+00 6.949513e-01 1.269066e+00 2.541728e+00 1.378379e+00 2.537782e+00 1.000000e-02 1.080418e-01 1.516204e-01 9.045255e-02 2.688601e-02 1.184138e-01 6.932870e-02 1.000000e-02 4.508276e-02 1.994909e-01 1.894006e-01 2.381922e-01 7.562612e-02 1.000000e-02
<GCONST> 3.439646e+01
<STATE> 5
<MEAN> 39
 -8.337457e-01 -5.974876e+00 -3.024744e+00 -7.309822e+00 -4.783737e+00 -6.985465e+00 -5.520044e+00 -7.387058e+00 -3.663203e+00 -7.064889e+00 -5.703959e-01 -4.055955e+00 2.691969e-01 3.268722e+00 1.049874e+00 -1.563228e+00 -3.123955e+00 -3.166669e+00 -2.186427e+00 -1.571134e+00 -1.644209e+00 -1.667256e+00 -5.414870e-01 -1.651785e+00 -2.468313e+00 1.404129e-01 4.061533e-01 -2.384825e-01 -2.307003e-01 5.934763e-02 -3.312929e-01 -3.009099e-01 1.000462e-01 3.054754e-01 4.524676e-01 9.271959e-02 -5.326555e-01 -1.215718e-01 1.577450e-02
<VARIANCE> 39
 9.083301e+00 3.270973e+00 4.226225e+00 7.874656e+00 1.306410e+01 2.365615e+00 4.549652e+00 1.939431e+01 1.260847e+01 2.920949e+00 3.467641e+00 7.533400e+00 1.684333e-02 1.859288e+00 1.544472e+00 1.210176e+00 5.987590e-01 4.936133e-01 5.927622e-01 7.156509e-01 4.786028e-01 1.905560e+00 2.428442e+00 2.230441e+00 2.543820e+00 1.000000e-02 7.845699e-02 6.645196e-02 2.556903e-02 2.591898e-02 1.398161e-01 1.704001e-01 3.457286e-02 1.624486e-01 4.294266e-02 8.541360e-02 5.130160e-02 5.104809e-02 1.000000e-02
<GCONST> 4.871193e+01
<STATE> 6
<MEAN> 39
 3.177009e+00 -5.766016e+00 -5.169946e+00 -1.137344e+01 -6.147738e+00 -8.225923e+00 -4.656901e+00 -6.399755e+00 -3.934942e+00 -3.423330e+00 -1.701738e+00 -6.617440e+00 4.087009e-01 3.366601e+00 4.148677e-01 -1.875682e+00 -2.549942e+00 -2.966526e+00 -2.543869e+00 -2.127883e+00 -1.807116e+00 -7.673039e-01 -2.373181e-01 -2.270940e+00 -2.633214e+00 1.484446e-01 -2.276355e-01 -4.173906e-01 -8.605496e-02 5.900165e-01 3.491092e-01 4.662805e-01 2.647358e-01 6.479161e-01 3.801308e-01 -1.525692e-01 -3.947435e-02 6.475627e-01 -5.516187e-03
<VARIANCE> 39
 2.329150e+01 1.191046e+01 1.615516e+01 7.394943e+00 2.667213e+01 2.387998e+01 7.721697e+00 2.368656e+01 3.145428e+01 5.077420e+00 9.106945e+00 4.512390e+01 2.909465e-02 6.947818e-01 1.157132e+00 7.803755e-01 6.232679e-01 6.020448e-01 1.166844e+00 9.273256e-01 7.459750e-01 1.425856e+00 1.432246e+00 5.189725e-01 4.400603e-01 1.000000e-02 2.418897e-01 1.330283e-01 1.620447e-01 7.819208e-02 8.518975e-02 2.849468e-01 1.497281e-01 4.138760e-01 3.809597e-01 2.538984e-01 2.923825e-01 3.557906e-01 1.000000e-02
<GCONST> 7.076888e+01
<STATE> 7
<MEAN> 39
 5.756343e+00 -5.132896e+00 -5.165449e+00 -1.063866e+01 -9.141533e+00 -1.215703e+01 -7.084200e+00 -8.017874e+00 -5.428905e+00 -4.502275e+00 -2.211850e+00 -9.566013e+00 5.673108e-01 2.603874e+00 -2.707112e-02 -1.277246e+00 -1.220199e+00 -1.834087e+00 -1.072303e+00 -1.084529e+00 -4.774384e-01 1.495986e-01 -2.762061e-01 -1.902461e+00 -6.791523e-01 1.109607e-01 -7.871546e-01 -5.142634e-01 -2.471752e-01 3.966568e-01 1.042804e+00 1.558161e+00 6.952195e-01 9.161781e-01 1.860574e-01 -4.346961e-02 3.907998e-01 1.206738e+00 -1.934956e-02
<VARIANCE> 39
 1.553861e+01 1.291051e+01 1.056158e+01 7.243398e+00 7.862352e+00 1.094880e+01 4.634209e+00 4.873885e+00 1.359960e+01 1.537911e+01 7.033831e+00 2.132829e+01 1.079877e-02 1.414153e-01 5.000989e-01 2.027531e-01 3.671712e-01 5.063859e-01 2.146187e+00 5.689930e-01 8.195345e-01 2.282945e-01 2.683001e-01 1.774712e-01 2.075854e-01 1.000000e-02 2.522875e-01 3.336415e-01 1.366742e-01 1.141035e-01 6.141362e-02 5.120821e-01 2.366367e-01 6.106715e-01 1.423196e-01 7.868989e-01 3.217275e-01 3.501357e-01 1.000000e-02
<GCONST> 5.708110e+01
<STATE> 8
<MEAN> 39
 8.536356e+00 -5.561813e+00 -7.359081e+00 -1.183375e+01 -1.104464e+01 -1.345120e+01 -1.003920e+01 -1.008258e+01 -2.883601e+00 -5.694426e+00 -6.515830e+00 -1.047267e+01 6.462063e-01 1.596029e+00 -4.977802e-01 -1.771033e+00 -9.257500e-01 -8.715479e-01 9.249679e-01 -6.004284e-01 6.227530e-01 -5.590737e-01 -1.292055e+00 -9.751338e-01 8.217927e-01 8.969454e-02 -1.273596e+00 -4.301812e-01 -6.872843e-01 -6.405386e-02 1.380932e+00 2.217518e+00 1.071738e+00 9.965696e-01 -2.715712e-01 1.336496e-01 7.562109e-01 9.137896e-01 -1.876215e-02
<VARIANCE> 39
 1.002897e+01 8.884856e+00 7.674996e+00 1.440084e+01 1.790152e+01 1.822147e+01 2.950794e+01 2.023061e+01 2.449903e+01 2.984039e+00 2.022991e+00 8.290114e+00 1.000000e-02 2.399773e-01 4.508412e-01 9.663522e-01 8.765146e-01 6.500144e-02 4.426254e+00 7.400378e-01 2.986294e+00 2.217445e+00 1.179018e+00 5.379431e-01 6.493922e-01 1.000000e-02 1.737563e-01 2.421804e-01 1.928076e-02 1.221673e-01 1.696072e-01 3.013468e-01 1.949823e-01 3.202464e-01 1.345368e-01 5.037614e-01 4.415632e-02 2.652017e-01 1.000000e-02
<GCONST> 6.130899e+01
<STATE> 9
<MEAN> 39
 9.505952e+00 -6.212334e+00 -8.316407e+00 -1.318066e+01 -1.150572e+01 -9.734341e+00 -8.251540e+00 -7.932839e+00 -3.440881e+00 -7.310372e+00 -7.675656e+00 -5.524103e+00 7.052479e-01 2.182345e-01 -1.065120e+00 -2.851428e+00 -1.952767e+00 9.998595e-01 3.869961e+00 1.141236e+00 1.721747e+00 -8.410841e-01 -2.314666e-01 -3.456890e-01 1.837877e+00 7.304014e-02 -1.505114e+00 -2.594755e-01 -1.111046e+00 -4.272016e-01 1.489650e+00 1.888707e+00 1.003979e+00 5.138239e-01 -4.223557e-01 4.358035e-01 7.521559e-01 -1.904933e-01 -1.019080e-02
<VARIANCE> 39
 7.997416e+00 1.299209e+01 1.221472e+01 1.067124e+01 6.356799e+00 6.759072e+01 1.704587e+01 6.381269e-01 2.123823e+01 4.577845e+00 2.380449e+00 2.361983e+01 1.000000e-02 7.821509e-01 1.266656e+00 1.679578e+00 1.190646e+00 1.156813e+00 7.130347e+00 2.661444e+00 4.094690e+00 1.216551e+00 4.908526e+00 5.407839e-01 8.768290e-01 1.000000e-02 1.033474e-01 1.803747e-01 4.270028e-01 1.475319e-01 7.733401e-02 1.163179e+00 2.859237e-02 1.336487e-01 3.226410e-01 1.511196e-01 1.256561e-01 1.385707e-01 1.000000e-02
<GCONST> 6.886037e+01
<STATE> 10
<MEAN> 39
 9.282351e+00 -7.715199e+00 -1.244963e+01 -1.473119e+01 -9.323384e+00 -4.812426e+00 -7.075374e+00 -3.328507e+00 -7.724322e+00 -8.479557e+00 -3.845503e+00 -4.529432e+00 7.882050e-01 -1.808559e+00 -1.217014e+00 -4.525012e+00 -2.503927e+00 2.521159e+00 6.072587e+00 2.117924e+00 2.076139e+00 -1.629818e+00 4.085603e-01 7.317288e-01 6.772202e-01 7.359419e-02 -1.268714e+00 7.530060e-02 -6.935736e-01 -3.439738e-01 1.221306e+00 7.195660e-01 6.870961e-01 1.271546e-03 -4.304047e-02 6.311976e-01 5.308000e-01 -8.636702e-01 -8.540422e-03
<VARIANCE> 39
 1.268088e+01 7.917513e+00 2.904316e+01 2.037249e+01 2.532617e+01 1.300529e+02 1.951202e+01 1.543164e+01 3.016238e+01 7.511022e+00 5.953645e-01 6.485966e+00 1.000000e-02 2.276363e+00 1.306142e+00 1.161661e+00 1.841220e+00 2.647002e+00 1.557388e+00 2.092210e+00 1.791935e+00 1.203687e+00 1.877524e+00 7.252755e-02 2.252858e+00 1.000000e-02 8.626848e-02 1.909788e-01 1.332173e+00 2.331284e-02 1.462981e-01 2.549495e+00 1.159860e-01 7.818175e-01 6.966825e-01 4.539743e-01 2.733402e-01 2.983824e-01 1.000000e-02
<GCONST> 7.840471e+01
<STATE> 11
<MEAN> 39
 4.663512e+00 -9.334689e+00 -1.745998e+01 -2.133073e+01 -2.606207e+00 4.982493e+00 -5.030030e+00 -2.265926e+00 -7.683096e+00 -4.467069e+00 -4.935511e+00 -2.805203e+00 8.885163e-01 -3.044309e+00 -5.296592e-01 -4.623683e+00 -2.566914e+00 3.456271e+00 4.266715e+00 2.491699e+00 8.303660e-01 -8.249722e-01 7.604231e-01 8.197215e-01 -1.307114e+00 5.999312e-02 -3.018177e-01 3.978384e-01 5.578724e-01 2.479433e-01 -2.226126e-02 -1.033654e+00 9.682232e-02 -2.772922e-01 4.522172e-01 2.170796e-01 1.909235e-01 -6.195287e-01 -1.484298e-02
<VARIANCE> 39
 3.127777e+01 9.162746e+00 4.650419e+01 6.307856e+01 6.644446e+01 1.049728e+02 7.976014e+01 1.471849e+01 4.231635e+01 2.922100e+01 1.841305e+00 6.638491e+00 1.000000e-02 1.566580e+00 2.219098e+00 6.628935e+00 2.239827e+00 1.726614e+00 1.628090e+01 5.345045e-01 1.632220e+00 2.948637e+00 1.665766e+00 1.067648e+00 7.370810e-01 1.000000e-02 4.012825e-01 1.807267e-01 1.082754e+00 2.942543e-01 1.152055e+00 1.692019e+00 3.826306e-01 5.641337e-01 5.054717e-01 5.242830e-01 2.389967e-01 4.781574e-01 1.000000e-02
<GCONST> 9.741039e+01
<STATE> 12
<MEAN> 39
 5.758927e-01 -9.716344e+00 -2.562154e+01 -2.142717e+01 -2.070608e+00 9.715879e+00 -3.549927e-01 -3.051963e+00 -8.647740e+00 -6.082919e+00 -3.350439e+00 -8.602441e+00 9.369118e-01 -2.737292e+00 -5.231315e-02 -3.566637e+00 -1.954042e+00 3.341957e+00 3.428979e+00 2.316344e+00 1.121835e+00 -3.602527e-01 1.406004e+00 8.248131e-01 -1.572606e+00 4.395696e-02 5.203269e-01 2.455920e-01 1.566374e+00 2.076384e-01 -7.791086e-01 -1.690431e+00 -4.455141e-01 3.611776e-01 5.645616e-01 8.383076e-02 1.827464e-02 4.751879e-01 -1.383071e-02
<VARIANCE> 39
 2.719739e+01 1.325944e+01 3.002457e+01 5.075186e+01 7.005324e+01 3.230342e+00 2.000148e+01 6.726789e+00 2.988719e+00 9.900315e+00 6.850818e+00 3.160496e+01 1.000000e-02 1.222357e+00 1.284446e+00 1.273160e+01 9.205329e-01 4.734750e+00 1.343838e+01 3.200888e-01 9.933195e-01 5.203741e+00 1.635038e+00 2.072136e+00 2.914294e+00 1.000000e-02 4.947968e-01 1.231456e-01 4.592364e-01 3.097395e-01 7.931014e-01 8.050512e-01 1.924885e-01 8.211929e-02 6.646295e-02 1.991527e-01 1.739008e-01 3.592854e-01 1.000000e-02
<GCONST> 8.358429e+01
<STATE> 13
<MEAN> 39
 -2.609368e+00 -9.624967e+00 -2.853113e+01 -2.332927e+01 4.031033e+00 1.076803e+01 2.236731e+00 -1.147045e+00 -9.172071e+00 -3.329156e+00 -3.775771e+00 -1.134498e+01 9.696604e-01 -1.597543e+00 -4.443741e-02 -1.000516e+00 -1.788901e+00 1.579340e+00 1.062230e+00 1.170123e+00 1.737906e+00 -1.165969e-01 7.689226e-01 1.188594e+00 -5.338216e-01 2.656695e-02 1.021732e+00 8.616456e-02 2.008723e+00 1.458311e-01 -1.537606e+00 -1.975966e+00 -6.373953e-01 6.632307e-01 5.584577e-01 -1.801663e-01 -1.533764e-01 1.252019e+00 -1.471327e-02
<VARIANCE> 39
 1.860342e+01 1.194260e+01 4.697152e+01 7.477254e+01 4.149837e+00 1.289265e+01 3.010282e+01 4.646101e+00 1.058924e+01 1.103692e+01 2.654589e+01 4.436982e+01 1.000000e-02 1.328548e+00 2.210852e-01 7.243558e+00 5.816241e-01 7.043740e+00 5.532069e+00 7.134460e-01 7.524273e-02 2.299834e+00 1.057518e+00 1.989508e+00 3.199122e+00 1.000000e-02 2.438865e-01 1.445088e-01 9.382805e-01 3.523073e-01 4.599931e-01 2.107985e+00 8.639678e-02 9.906778e-02 3.654565e-01 1.717685e-01 1.791157e-01 1.241691e-01 1.000000e-02
<GCONST> 8.005461e+01
<STATE> 14
<MEAN> 39
 -1.377357e+00 -7.982884e+00 -2.577238e+01 -2.470038e+01 4.464643e+00 8.702869e+00 1.855892e+00 9.683132e-01 -9.047278e+00 -1.554927e+00 -2.093900e-01 -8.530520e+00 9.790536e-01 -8.881214e-02 5.485773e-03 1.445197e+00 -1.683810e+00 -3.970821e-01 -1.364444e+00 7.663355e-01 2.579449e+00 1.109340e+00 7.425093e-01 7.818587e-01 1.936723e+00 1.057771e-02 9.448407e-01 -1.264451e-01 1.519626e+00 2.973796e-01 -1.594499e+00 -1.586345e+00 -5.925499e-01 5.360819e-01 4.166043e-01 -3.141671e-01 -5.681351e-01 1.104128e+00 -1.409416e-02
<VARIANCE> 39
 1.816585e+01 1.258372e+01 4.690067e+01 4.271829e+01 1.339264e+00 6.626913e+00 1.454517e+01 1.025604e+00 8.717270e+00 1.761582e+01 1.743623e+01 6.113939e+01 1.000000e-02 1.279767e+00 2.147978e-01 1.936095e+00 9.381039e-01 1.898693e+00 1.737630e+00 1.244955e-01 9.273244e-01 1.088816e+00 7.743628e-02 1.766777e+00 9.670461e-01 1.000000e-02 9.418154e-02 7.852710e-02 8.045326e-01 1.475308e-01 1.154590e+00 1.371053e+00 3.284172e-02 9.130362e-02 4.000761e-01 9.482859e-02 3.809308e-01 6.589066e-01 1.000000e-02
<GCONST> 6.714806e+01
<STATE> 15
<MEAN> 39
 -1.146379e+00 -9.585985e+00 -2.266750e+01 -2.646122e+01 8.499064e-01 8.165767e+00 1.921627e+00 3.428472e+00 -6.558023e+00 -2.567236e+00 -8.959110e-01 -5.801023e+00 9.834624e-01 7.383342e-01 -2.532966e-01 2.502758e+00 -1.417677e+00 -2.403731e+00 -2.533934e+00 2.695442e-01 3.482026e+00 1.405155e+00 3.839947e-01 8.517504e-05 2.948988e+00 -1.615954e-04 6.785274e-01 -2.182057e-01 6.835551e-01 6.725740e-01 -9.864128e-01 -8.308815e-01 -4.797011e-01 -2.380271e-01 4.542872e-02 -2.758381e-01 -7.983732e-01 3.332884e-01 -1.487074e-02
<VARIANCE> 39
 2.355028e+01 1.080495e+01 1.556253e+01 3.422318e+01 1.594420e+00 4.037216e+00 2.236526e+01 1.238376e+00 8.657351e+00 6.229678e+00 1.485193e+01 6.310062e+01 1.000000e-02 2.126614e-01 1.953609e-01 1.229152e+00 2.645154e+00 1.381279e+00 4.649908e+00 4.944693e-01 3.135699e-01 3.109300e-01 5.901933e-01 1.643461e+00 1.350900e+00 1.000000e-02 1.386335e-01 6.521159e-02 1.325865e-01 1.139327e-01 9.985173e-01 5.444905e-01 1.157673e-02 6.544598e-01 3.109302e-01 4.034654e-02 7.738706e-01 7.990361e-01 1.000000e-02
<GCONST> 6.353867e+01
<STATE> 16
<MEAN> 39
 -5.996629e-01 -9.708405e+00 -2.132737e+01 -2.828024e+01 -2.465456e+00 4.194789e+00 3.634237e+00 7.557525e+00 -4.408064e+00 -2.751332e+00 -8.810745e-01 -1.690805e+00 9.828994e-01 8.189721e-01 -5.801092e-01 2.279856e+00 -6.527563e-01 -2.639003e+00 -2.704665e+00 -1.961161e-01 2.930183e+00 9.618927e-01 2.763312e-02 -1.421608e+00 2.206628e+00 -1.314959e-02 4.374122e-01 -3.245609e-01 1.179564e-01 1.148788e+00 -2.861191e-01 2.172461e-02 -5.160578e-01 -1.302386e+00 -3.478176e-01 -2.870512e-01 -4.968700e-01 -5.366580e-01 -1.832889e-02
<VARIANCE> 39
 3.178155e+01 2.045329e+01 2.310360e+01 3.372927e+01 1.514833e+01 1.937327e+01 2.156151e+01 4.677385e+00 7.541102e+00 1.782690e+01 2.132586e+01 3.819709e+01 1.000000e-02 1.487867e-01 1.616265e-01 7.791370e-01 7.135930e-01 2.354801e+00 3.598760e+00 5.084321e-01 4.465213e+00 3.106852e-01 6.673084e-01 4.472198e+00 2.509371e+00 1.000000e-02 1.242489e-01 1.386528e-01 6.914674e-02 7.023745e-01 4.124411e-01 9.806405e-01 1.359968e-01 8.946041e-01 3.682705e-01 1.240536e-01 3.788270e-01 4.481100e-01 1.000000e-02
<GCONST> 7.742578e+01
<STATE> 17
<MEAN> 39
 6.934556e-01 -1.002869e+01 -1.823984e+01 -2.862772e+01 -4.522575e+00 3.523994e-01 2.695280e+00 1.296848e+01 -4.465903e+00 -8.109797e-01 -3.439503e+00 -1.989913e-02 9.669296e-01 1.341201e+00 -8.426685e-01 1.999930e+00 1.058442e+00 -2.231763e+00 -2.422066e+00 -7.471568e-01 3.724030e-01 1.842705e-01 -2.528300e-01 -1.701539e+00 9.976683e-01 -3.592310e-02 2.945762e-01 -2.863925e-01 -2.367201e-01 1.421173e+00 3.220463e-01 4.114731e-01 -2.602389e-01 -1.897671e+00 -2.723806e-01 -3.756531e-01 1.251922e-01 -8.823389e-01 -2.126761e-02
<VARIANCE> 39
 1.696756e+01 1.987214e+01 4.873724e+01 4.505701e+01 1.684488e+01 3.912751e+01 1.946004e+01 1.580606e+01 5.108606e+00 8.636617e+00 7.629649e+01 6.018429e+01 1.000000e-02 3.237438e-01 2.892744e-01 1.106326e+00 1.073547e+00 1.532282e+00 1.347488e+00 4.669203e-01 8.694660e+00 1.454541e+00 4.808737e-01 4.922142e+00 2.974025e+00 1.000000e-02 2.983716e-02 2.576760e-01 7.547491e-02 1.084483e+00 4.114812e-01 1.455567e+00 2.250233e-01 1.850742e-01 1.502063e-01 3.251132e-01 1.246355e+00 6.315773e-01 1.000000e-02
<GCONST> 8.375076e+01
<STATE> 18
<MEAN> 39
 1.797586e+00 -1.066208e+01 -1.658693e+01 -2.688091e+01 -6.044129e+00 -9.137744e-01 4.884852e-01 1.084923e+01 -5.283875e+00 -2.294890e+00 -6.045636e+00 -3.879418e-01 9.215721e-01 1.796815e+00 -1.322633e+00 2.286393e+00 2.822070e+00 -1.913662e+00 -1.311755e+00 -1.305603e+00 -2.377668e+00 -1.930586e-02 -3.743344e-01 -8.516793e-01 2.290934e-01 -6.318600e-02 1.223154e-01 -6.375994e-02 -4.465106e-01 1.207006e+00 7.508350e-01 5.249597e-01 9.253407e-02 -1.550172e+00 1.459215e-01 -3.308990e-01 6.900703e-01 -6.653913e-01 -1.889593e-02
<VARIANCE> 39
 8.860981e+00 1.291387e+01 5.072095e+01 1.779340e+01 2.267424e+01 1.879668e+01 1.390006e+00 5.227051e+01 9.135805e+00 7.237753e+00 5.867504e+01 2.396250e+01 1.000000e-02 5.815838e-01 1.232586e+00 3.555363e-01 6.774248e+00 2.355404e+00 5.840598e+00 9.445310e-01 8.346282e+00 1.615420e+00 1.559069e+00 1.266744e+00 2.507344e+00 1.000000e-02 1.807049e-02 1.591067e-01 6.364551e-01 1.165188e-01 2.898028e-01 6.700518e-01 1.577501e-02 7.753009e-01 6.111426e-02 3.495040e-01 2.627545e+00 3.974971e-01 1.000000e-02
<GCONST> 8.020051e+01
<STATE> 19
<MEAN> 39
 4.361002e+00 -1.332249e+01 -1.503807e+01 -2.186867e+01 -8.519573e+00 -1.390283e+00 -2.412813e-01 3.644636e+00 -5.198765e+00 -4.059607e+00 -6.821323e+00 -1.464113e+00 8.345105e-01 1.722294e+00 -1.313997e+00 1.315890e+00 3.950773e+00 -1.156170e+00 -1.173024e+00 -4.769068e-01 -3.352404e+00 5.338511e-01 -1.293287e+00 3.410814e-01 -4.739384e-01 -8.148143e-02 -2.485585e-01 3.508879e-01 -7.121536e-01 3.729576e-01 1.128708e+00 5.725355e-01 4.733920e-01 -4.730478e-01 3.204634e-01 -1.393716e-01 7.406471e-01 -4.559713e-01 -1.048933e-02
<VARIANCE> 39
 1.418141e+01 7.870895e+00 5.493803e+01 3.010026e+01 2.648764e+01 4.370357e+00 1.941572e+01 1.163762e+02 4.607103e+00 5.436493e+00 4.237954e+01 1.483990e+01 1.666433e-02 2.521303e-01 2.093847e+00 1.851311e+00 6.691604e+00 2.207127e+00 5.190587e+00 1.611805e+00 2.601771e+00 1.461539e+00 2.818414e+00 9.381568e+00 3.458707e+00 1.000000e-02 5.518261e-02 4.349997e-02 1.141775e+00 5.273026e-01 3.216266e-01 1.273933e-01 1.557544e-01 2.558034e+00 2.479975e-01 3.195689e-01 1.841666e+00 3.463714e-01 1.000000e-02
<GCONST> 8.964344e+01
<STATE> 20
<MEAN> 39
 6.550640e+00 -1.467467e+01 -1.149629e+01 -1.754942e+01 -1.003527e+01 -1.492645e+00 -1.425497e+00 3.311069e-01 -4.138162e+00 -2.998691e+00 -3.448560e+00 1.767690e-01 7.331789e-01 1.240003e+00 -6.632447e-01 3.893236e-01 3.936110e+00 5.773761e-01 -7.043878e-01 1.314292e-01 -2.958275e+00 1.516710e+00 -1.106633e+00 1.007433e+00 -3.845255e-01 -8.485009e-02 -5.885984e-01 6.323492e-01 -8.940717e-01 -6.047055e-01 1.156685e+00 5.201192e-01 7.866594e-01 4.436018e-01 1.470225e-01 1.321560e-01 3.731884e-01 -2.553816e-01 1.162884e-03
<VARIANCE> 39
 8.788802e+00 1.021971e+01 4.997840e+01 4.906623e+01 4.851577e+01 2.650927e+01 1.984835e+01 1.261509e+02 1.496136e+01 2.674306e+00 1.404016e+01 1.180816e+01 2.923417e-02 2.739476e-01 1.132297e+00 6.581983e+00 5.711655e-01 7.608358e-01 2.394295e+00 4.952990e-01 2.394196e+00 1.066542e+00 2.667693e+00 1.222624e+01 3.020509e-01 1.000000e-02 6.055506e-02 3.091833e-01 4.992237e-01 1.530207e+00 7.014728e-01 5.783126e-01 3.007498e-01 2.218638e+00 2.719712e-01 2.987834e-01 3.012284e-01 3.537707e-01 1.000000e-02
<GCONST> 8.799461e+01
<STATE> 21
<MEAN> 39
 6.099288e+00 -1.464568e+01 -1.530397e+01 -1.374974e+01 -6.285544e+00 -3.563549e+00 1.440803e+00 1.488348e+00 -5.290482e-01 -6.580505e+00 -2.995461e+00 -7.900829e-01 6.217390e-01 2.124274e-01 5.121954e-01 -1.145603e+00 1.968596e+00 1.727972e+00 -1.200542e-01 1.463603e+00 -1.022069e+00 8.818896e-01 -6.162565e-01 8.302788e-01 -1.007808e+00 -6.447222e-02 -5.954646e-01 4.859799e-01 -2.211897e-01 -1.183009e+00 4.829040e-01 4.897496e-01 4.322799e-01 5.506675e-01 -2.909352e-01 5.078548e-01 1.250557e-02 1.805905e-02 1.045048e-02
<VARIANCE> 39
 6.165304e+00 3.452275e+00 1.563905e+01 1.522427e+01 4.480877e+01 2.408629e+01 3.459460e+00 5.326403e+01 2.753312e+01 1.116352e+01 1.946453e+01 3.550894e+01 2.683273e-02 5.094239e-01 7.671825e-01 8.027034e+00 2.714848e+00 1.810532e+00 4.907463e-01 3.296095e+00 9.835466e+00 1.756258e+00 2.877856e+00 7.264955e+00 8.121265e-01 1.000000e-02 3.047534e-02 2.866988e-01 5.989015e-01 4.991022e-01 4.971113e-01 6.391863e-01 2.928120e-01 6.112752e-01 3.817345e-01 4.305819e-01 1.224915e+00 2.407308e-01 1.000000e-02
<GCONST> 8.890243e+01
<STATE> 22
<MEAN> 39
 6.832951e+00 -1.319160e+01 -1.521444e+01 -1.187944e+01 -3.696199e+00 -2.511344e+00 1.272961e+00 -2.699848e+00 7.504164e-01 -5.208433e+00 -2.705079e+00 -3.288330e+00 5.899287e-01 -4.949108e-01 8.878811e-01 -5.441492e-01 3.203461e-01 2.077071e+00 6.905873e-01 1.313656e+00 -1.412332e+00 3.980145e-01 1.543455e-01 7.818247e-01 -6.585903e-01 -5.928599e-02 -4.813778e-01 5.367629e-02 -6.182718e-02 -8.291517e-01 -8.841111e-02 5.210754e-01 2.564076e-01 7.153646e-01 -2.910910e-01 7.255595e-01 2.197886e-01 2.627955e-01 9.422591e-03
<VARIANCE> 39
 6.935032e+00 9.928407e-01 1.118697e+01 8.156314e+00 1.073652e+01 2.345583e+01 6.886402e+00 3.118045e+01 2.241913e+01 1.942618e+01 2.945209e+01 7.389264e+00 1.314256e-02 3.082806e-01 1.877023e+00 3.207685e+00 2.915461e+00 3.040568e+00 9.033273e-01 1.139814e-01 4.202734e+00 6.225150e-01 9.847053e-01 1.548883e+00 8.327981e-01 1.000000e-02 7.206194e-02 7.536880e-02 8.161743e-01 1.033163e-01 4.665140e-02 3.372315e-01 6.456416e-01 1.033726e+00 7.044191e-01 9.299837e-01 2.000494e+00 5.203981e-02 1.000000e-02
<GCONST> 7.373306e+01
<STATE> 23
<MEAN> 39
 6.159125e+00 -1.102772e+01 -1.621638e+01 -1.388537e+01 -1.580214e+00 -1.180008e+00 3.847889e+00 -4.357709e+00 -3.880809e+00 -6.800442e+00 -2.005827e+00 -5.377066e+00 5.170165e-01 -7.065049e-01 4.547361e-01 -3.791835e-01 1.533749e-01 1.410907e+00 1.527441e+00 1.604102e+00 -6.750118e-01 -9.048456e-02 1.382550e+00 1.348009e+00 1.681870e-02 -4.993636e-02 -2.164581e-01 -2.815841e-01 8.442798e-02 -3.330421e-01 -4.862564e-01 1.934073e-01 -5.812387e-02 7.485278e-01 2.266592e-02 4.772034e-01 9.422545e-02 2.551643e-01 1.217799e-02
<VARIANCE> 39
 5.268619e+00 5.782384e+00 1.010032e+01 2.053856e+01 1.971755e+00 6.325409e+00 4.952835e+00 8.705976e+00 2.911548e+01 3.155209e+01 2.902949e+01 2.081289e+01 1.000000e-02 3.570367e-01 6.647828e-01 1.316994e+00 1.795924e-01 9.763492e-01 1.780378e+00 8.661311e-01 1.443863e+00 2.379893e+00 7.666306e-01 1.880856e+00 9.968348e-01 1.000000e-02 6.430241e-02 1.930576e-01 5.934329e-01 6.343915e-01 2.764969e-01 1.271854e-01 3.082834e-01 6.938056e-01 9.989184e-01 1.049636e+00 9.731963e-01 1.487524e-01 1.000000e-02
<GCONST> 7.311277e+01
<STATE> 24
<MEAN> 39
 4.156462e+00 -1.218159e+01 -1.623135e+01 -1.421917e+01 -2.513765e+00 -9.893974e-01 6.352707e+00 -1.830767e+00 -1.055046e+00 -2.802917e+00 1.570041e-01 -1.889332e+00 4.919590e-01 -8.791320e-01 4.500695e-02 -1.491622e-01 9.694012e-02 5.154130e-01 1.100252e+00 1.666121e+00 7.691771e-01 5.091043e-01 1.558245e+00 1.465739e+00 3.171400e-01 -3.690530e-02 8.361426e-02 -2.221076e-01 1.834345e-01 -5.220972e-02 -4.987005e-01 -2.211399e-01 -4.441534e-01 3.847160e-01 -9.287670e-02 -2.682013e-01 -2.797543e-01 -9.633382e-02 1.220807e-02
<VARIANCE> 39
 3.047657e+00 8.108159e+00 6.214244e+00 7.866158e+00 1.264101e+01 1.096005e+01 3.121825e+00 1.203022e+01 8.321473e+00 1.312943e+01 3.010540e+00 9.581927e+00 1.000000e-02 5.995088e-01 1.000000e-02 3.652188e-01 9.484940e-01 1.015855e-01 1.522803e+00 1.683055e+00 1.721303e+00 4.496212e+00 4.133345e+00 2.904517e+00 3.503350e-01 1.000000e-02 1.866209e-02 2.862125e-01 2.690939e-01 2.672105e-01 4.096390e-01 2.493157e-01 1.255603e-01 1.966735e-01 4.150620e-01 1.989305e-01 1.063924e-01 9.107468e-02 1.000000e-02
<GCONST> 5.655305e+01
<STATE> 25
<MEAN> 39
 4.307724e+00 -1.264655e+01 -1.653822e+01 -1.115851e+01 -1.220483e+00 2.121864e+00 7.075654e+00 -1.355108e+00 -3.723944e-01 -1.894668e+00 1.870798e+00 -2.233264e+00 4.501194e-01 -6.633845e-01 -2.843325e-01 -1.712139e-01 9.448235e-02 3.460959e-01 6.108725e-01 4.849426e-01 7.040086e-01 6.238136e-01 7.253940e-01 7.549582e-01 -4.505694e-01 -2.153966e-02 2.215049e-01 -5.155260e-02 2.977031e-01 -4.284694e-02 -2.885318e-01 -5.186316e-01 -7.821312e-01 -1.150373e-01 -2.507456e-01 -7.722519e-01 -5.566022e-01 -2.198524e-01 1.127485e-02
<VARIANCE> 39
 1.050804e+00 8.832075e-01 2.982103e+00 4.101236e+00 7.568104e+00 3.888910e+00 7.049316e+00 2.191376e+01 2.569853e+00 1.391458e+00 8.252358e+00 4.737509e+00 1.000000e-02 4.008500e-01 4.959625e-01 4.526546e-01 1.092019e+00 2.965356e-01 7.960743e-01 7.140447e-01 1.787775e+00 8.370593e+00 4.237595e+00 5.567167e-01 1.270254e+00 1.000000e-02 4.600564e-02 7.972760e-02 1.830440e-01 1.264136e-02 1.893427e-01 2.008499e-01 2.633868e-01 4.006375e-02 2.283198e-01 1.636107e-01 2.621796e-01 5.204009e-02 1.000000e-02
<GCONST> 4.627651e+01
<STATE> 26
<MEAN> 39
 3.362991e+00 -1.215715e+01 -1.579933e+01 -1.275817e+01 -1.299000e+00 1.338981e+00 7.989684e+00 -3.552631e-01 1.541731e+00 1.299071e-01 2.685304e+00 -3.274531e+00 4.388508e-01 -9.839975e-02 1.468774e-01 2.690383e-01 8.874378e-02 1.159740e-01 4.317185e-02 -3.475316e-01 -1.782627e-01 -4.235182e-01 -8.580827e-01 -3.204213e-01 -9.065653e-01 -1.244401e-02 2.687405e-01 6.834668e-02 3.432104e-01 8.385856e-02 -5.892944e-02 -4.247460e-01 -7.380484e-01 -4.610556e-01 -4.352886e-01 -7.863530e-01 -4.074225e-01 3.702474e-02 7.311881e-03
<VARIANCE> 39
 2.201515e+00 3.875606e+00 5.982333e+00 4.785428e+00 3.824474e+00 8.707047e+00 3.785766e+00 1.284838e+01 1.028993e+01 8.286654e+00 2.698136e-01 1.764159e+00 1.000000e-02 8.811647e-02 3.783730e-01 4.999418e-01 4.633614e-01 5.090732e-01 7.189184e-01 9.361585e-01 1.650818e+00 2.878743e+00 8.269748e-01 1.184368e-01 5.810350e-01 1.000000e-02 7.159700e-02 1.000000e-02 8.924004e-02 7.054113e-02 2.131591e-02 1.563555e-01 1.436160e-01 2.246749e-01 7.369366e-01 5.003805e-01 2.095857e-01 6.302625e-02 1.000000e-02
<GCONST> 4.043915e+01
<STATE> 27
<MEAN> 39
 3.238938e+00 -1.246161e+01 -1.728846e+01 -1.414346e+01 -4.571177e-01 7.101650e-01 5.454113e+00 -1.575418e+00 -2.060130e+00 -4.639884e+00 5.048137e-01 -6.937313e+00 4.358723e-01 1.065356e-02 1.460379e-01 9.002317e-01 -5.676162e-02 1.679671e-01 -5.371770e-01 -1.299728e+00 -7.764784e-01 -8.779015e-01 -1.270545e+00 -5.419217e-01 -4.705907e-01 -5.792773e-03 1.227051e-01 9.291397e-02 3.578101e-01 1.892845e-01 -2.737665e-02 -2.970922e-01 -2.413544e-01 -2.670576e-01 -2.007419e-01 -1.880636e-01 1.613814e-02 4.604018e-01 1.888950e-03
<VARIANCE> 39
 7.789544e-01 3.006465e+00 2.561413e+00 9.176797e+00 1.383758e+01 1.281173e+01 1.014804e+01 4.823523e+00 4.336071e+01 1.332970e+01 7.491496e+00 4.112725e+00 1.000000e-02 7.994374e-02 1.680798e-01 1.192326e+00 7.764287e-02 6.248481e-01 6.784686e-01 7.925109e-01 1.902750e-01 2.994935e-01 5.279009e-01 4.887125e-01 3.978969e-01 1.000000e-02 3.224480e-02 6.940970e-02 8.242404e-02 8.132341e-02 1.046562e-01 1.279096e-01 1.113417e-01 4.274833e-01 1.161471e+00 2.909015e-01 3.048026e-02 1.514870e-01 1.000000e-02
<GCONST> 4.287546e+01
<STATE> 28
<MEAN> 39
 4.198856e+00 -1.153967e+01 -1.451103e+01 -1.228298e+01 -2.315578e+00 -6.768885e-02 5.425819e+00 -2.611925e+00 -2.328769e+00 -5.720723e+00 -7.621106e-01 -4.070134e+00 4.368626e-01 1.275514e-01 1.715552e-01 1.031167e+00 5.918549e-01 3.098303e-01 -4.494532e-01 -1.131786e+00 -7.958573e-01 -9.164811e-01 -1.375550e+00 7.706638e-02 5.122744e-01 -8.219338e-03 -1.449040e-01 -1.083507e-01 -3.956772e-02 1.196632e-01 7.960092e-02 -6.965728e-02 2.362688e-01 1.657052e-01 1.485721e-01 3.500350e-01 2.332807e-01 4.713330e-01 -1.954502e-03
<VARIANCE> 39
 6.468215e-01 1.008581e+00 3.713821e+00 5.818417e+00 2.673811e+01 2.385253e+00 1.241624e+01 2.070207e+01 1.252689e+01 7.867957e+00 5.520414e+00 3.871893e+00 1.000000e-02 6.551559e-02 6.870710e-02 8.102158e-01 5.097561e-02 2.784827e-01 5.478662e-01 6.319561e-01 3.644987e-01 5.666475e-01 6.396446e-02 1.225578e-01 5.221758e-02 1.000000e-02 1.197230e-02 1.315691e-02 4.346455e-02 6.357744e-02 1.801941e-01 2.138273e-02 1.416247e-01 3.636062e-01 3.785264e-01 4.212128e-02 1.000000e-02 5.407593e-02 1.000000e-02
<GCONST> 2.272403e+01
<STATE> 29
<MEAN> 39
 3.943059e+00 -1.222509e+01 -1.268121e+01 -1.167992e+01 1.276414e-01 1.393137e-01 1.858947e+00 -4.109169e+00 -2.826652e+00 -5.322078e+00 8.848966e-01 -4.188416e+00 4.221497e-01 -1.628348e-01 1.678985e-01 1.236773e+00 7.893493e-01 1.122845e-01 -6.282759e-01 -3.297021e-01 -3.224822e-01 -1.334146e-01 4.380979e-02 6.369050e-01 1.142020e+00 -1.420725e-02 -2.422646e-01 -1.723319e-01 -4.361849e-01 -4.213981e-03 -3.638871e-03 1.481824e-01 6.531237e-01 4.629868e-01 3.451013e-01 5.174552e-01 1.458974e-01 2.363557e-01 -3.700944e-03
<VARIANCE> 39
 8.697294e-01 2.021675e+00 1.197742e+01 9.917542e+00 1.816705e+01 2.470463e+01 1.018192e+01 5.955782e+00 6.906430e+00 4.628556e+00 3.563946e+00 1.307445e+01 1.000000e-02 2.216464e-01 5.874757e-01 8.607479e-01 1.709267e-01 7.943081e-01 3.368280e-01 2.500469e-01 1.195149e+00 2.088592e+00 7.037500e-02 4.336537e-01 7.149858e-01 1.000000e-02 1.000000e-02 1.538956e-02 2.039099e-01 2.405723e-02 1.050334e-01 1.174429e-01 3.832908e-02 6.765757e-02 5.307494e-02 2.360843e-02 1.501938e-01 2.353317e-02 1.000000e-02
<GCONST> 3.437724e+01
<STATE> 30
<MEAN> 39
 3.500933e+00 -1.224191e+01 -1.319739e+01 -1.061835e+01 -5.348107e-01 -8.468482e-01 4.281365e+00 -2.801412e+00 -2.859105e+00 -6.444493e+00 2.988651e+00 -1.461747e+00 4.007306e-01 -7.166823e-01 -4.019411e-01 -1.702648e-01 3.514659e-01 3.064477e-01 6.673708e-02 5.535427e-01 4.275966e-01 7.908588e-02 3.312850e-01 1.167150e-01 6.120877e-01 -1.742456e-02 -2.368359e-01 -9.321984e-02 -4.646452e-01 -3.100727e-01 5.596723e-02 3.294841e-01 5.808351e-01 3.591557e-01 2.184236e-01 4.432624e-01 -2.270774e-01 -1.484853e-01 -3.790673e-03
<VARIANCE> 39
 7.145604e-01 3.342885e+00 1.945144e+00 3.347496e+00 7.630032e+00 1.089682e+01 9.395839e+00 5.052785e+00 5.059637e+00 8.971790e+00 1.238655e+00 2.975014e+00 1.000000e-02 1.823041e-01 1.452836e-01 2.908463e-02 3.325097e-01 6.033742e-01 6.696053e-01 3.521864e-01 1.105011e+00 7.544985e-01 1.116847e-01 2.383733e-01 1.819690e-01 1.000000e-02 1.805309e-02 6.688329e-02 2.019435e-01 2.959081e-02 7.239818e-02 4.302977e-02 5.141749e-02 1.940666e-01 1.403993e-01 4.543478e-02 3.343250e-01 4.738062e-02 1.000000e-02
<GCONST> 2.685699e+01
<STATE> 31
<MEAN> 39
 2.175721e+00 -1.201154e+01 -1.274280e+01 -1.075092e+01 5.853506e-01 -1.081283e+00 4.787724e+00 -2.183982e+00 -1.920421e+00 -4.385406e+00 7.301074e-01 -2.467976e+00 3.752386e-01 -8.086184e-01 -4.290892e-01 -7.425421e-01 -4.681983e-02 2.456998e-01 -3.865083e-02 1.274439e+00 9.398247e-01 3.264359e-01 7.451038e-01 -1.115334e-01 5.521671e-01 -2.137217e-02 -1.052696e-01 2.615819e-02 -2.129373e-01 -1.920254e-01 -1.594547e-01 9.840962e-02 1.494426e-01 2.789117e-01 3.446074e-01 1.401346e-01 4.765141e-02 6.334797e-03 -5.192771e-03
<VARIANCE> 39
 5.100398e+00 1.278821e+01 1.538073e+01 5.399117e+00 1.128844e+01 1.064518e+01 1.172324e+01 1.426609e+01 1.177633e+01 4.651823e+00 1.529484e+00 9.152226e+00 1.000000e-02 1.185743e-01 1.510025e-01 4.871217e-01 1.733144e-01 1.097625e-01 3.981234e-01 4.497697e-02 4.902831e-01 1.047015e+00 6.182029e-01 2.381988e+00 1.275361e-01 1.000000e-02 6.861416e-02 1.527454e-01 1.815520e-01 6.912807e-02 5.731817e-02 1.000000e-02 1.002970e-01 3.450679e-01 1.516449e-01 2.536698e-02 1.055911e-01 3.308387e-02 1.000000e-02
<GCONST> 3.696212e+01
<STATE> 32
<MEAN> 39
 9.777170e-01 -1.305531e+01 -1.488796e+01 -1.185139e+01 2.363370e-01 -4.019166e-01 5.481496e+00 -2.744306e+00 -3.767628e+00 -3.988906e+00 1.029988e+00 -1.319517e+00 3.603076e-01 -7.664510e-01 -2.138095e-01 -5.498651e-01 -5.633066e-01 2.496985e-01 7.145118e-01 9.636292e-01 8.338844e-01 5.872448e-01 6.793514e-01 -1.516172e-01 3.525943e-01 -2.471668e-02 -1.340422e-01 3.110116e-01 4.979716e-01 1.611165e-01 -2.464328e-01 -7.023696e-02 -1.452050e-01 1.209439e-01 3.828361e-01 5.392652e-02 3.614145e-01 2.012694e-02 -1.022813e-02
<VARIANCE> 39
 2.490706e+00 2.915710e+00 3.079486e+00 6.598251e+00 9.773380e+00 7.176542e+00 5.870998e+00 1.583845e+01 8.547662e+00 3.659704e+00 9.616275e+00 6.929412e+00 1.000000e-02 3.334084e-01 4.631304e-01 6.342539e-01 4.321028e-01 3.734473e-01 3.776222e-01 2.788055e-01 1.641466e+00 2.893262e-01 1.333966e+00 2.928020e+00 3.236932e-01 1.000000e-02 3.363989e-02 7.533364e-02 6.617204e-02 4.951272e-02 2.799531e-02 3.831931e-02 2.069308e-02 2.743349e-02 2.681053e-02 1.559078e-02 1.218208e-01 3.491755e-02 1.000000e-02
<GCONST> 3.312209e+01
<STATE> 33
<MEAN> 39
 1.300559e+00 -1.325789e+01 -1.524837e+01 -1.138071e+01 4.450500e-01 8.202028e-01 7.697484e+00 2.257925e-01 2.323931e-02 -3.344076e+00 1.138446e+00 -1.793709e+00 3.344243e-01 -8.356135e-01 1.914382e-01 1.741378e-01 1.087152e-01 -3.834224e-01 -6.058233e-02 5.667346e-01 1.145644e+00 1.085911e+00 5.406822e-01 7.404298e-01 9.472927e-01 -3.777793e-02 -1.935530e-01 4.790307e-01 9.075913e-01 4.248077e-01 -1.347214e-01 -4.294693e-01 -5.155025e-01 -2.386811e-01 1.669315e-01 -7.512508e-02 4.241722e-01 -7.385436e-02 -1.259452e-02
<VARIANCE> 39
 2.634342e+00 3.125756e+00 1.184259e+00 1.523347e+00 4.295675e+00 1.073192e+01 1.001591e+01 2.097421e+01 1.007321e+01 7.940969e-01 3.922911e+01 2.299695e+00 1.000000e-02 3.446308e-01 6.186871e-01 7.891791e-01 8.486722e-01 1.912028e-01 1.087350e-01 9.737185e-01 8.941822e-01 2.997273e-01 2.469140e-01 4.818965e-01 2.423474e-01 1.000000e-02 6.317180e-02 6.547839e-02 7.376373e-02 1.843355e-02 1.000000e-02 8.153555e-02 8.596294e-02 2.334790e-01 1.768256e-01 9.625568e-02 7.805153e-01 2.325125e-01 1.000000e-02
<GCONST> 3.672209e+01
<STATE> 34
<MEAN> 39
 3.385787e-01 -1.293218e+01 -1.441899e+01 -1.242662e+01 -4.349688e-01 1.303629e+00 8.954874e+00 1.165632e+00 -5.180523e-01 -2.814093e+00 2.185070e+00 -2.154757e-01 3.012857e-01 -1.454838e+00 9.536235e-01 1.851417e+00 8.941873e-01 -3.999915e-01 -4.145278e-01 2.038812e-01 6.190953e-01 1.386056e+00 7.195768e-01 1.369501e+00 5.387016e-01 -6.162875e-02 -9.504659e-02 3.555236e-01 7.543974e-01 4.746390e-01 -5.273362e-02 -5.112997e-01 -5.117221e-01 -4.050108e-01 -6.717719e-02 -1.885652e-01 1.164995e-01 -4.671223e-01 -7.726009e-03
<VARIANCE> 39
 1.726883e+00 6.416522e-01 3.272164e+00 7.904082e+00 1.086985e+01 2.317447e+01 9.790573e+00 3.621881e+01 1.977268e+01 6.395521e+00 2.577413e+01 2.533128e+00 1.000000e-02 4.743439e-02 5.776038e-01 8.708919e-01 2.779213e-01 1.673461e-01 4.502451e-01 5.133436e-01 8.684000e-01 8.922835e-01 3.544961e-01 9.469681e-01 2.243649e-01 1.000000e-02 5.318934e-02 3.760614e-02 7.243805e-02 1.453465e-01 6.281455e-02 3.452988e-01 1.493392e-01 3.719866e-01 1.830088e-01 1.657487e-01 7.107509e-01 3.347175e-01 1.000000e-02
<GCONST> 4.810551e+01
<STATE> 35
<MEAN> 39
 -1.682777e+00 -1.111592e+01 -1.210660e+01 -9.919725e+00 -9.961082e-01 -2.236968e+00 5.884708e+00 1.589270e+00 1.884344e+00 -2.269402e+00 3.854716e+00 1.716467e+00 2.158599e-01 -1.432190e+00 1.382348e+00 2.594773e+00 1.348472e+00 -1.030623e-01 -1.621477e+00 -9.232000e-01 -1.461864e-01 7.616876e-01 3.493658e-01 1.248768e+00 8.984150e-02 -6.588875e-02 1.277945e-01 2.378155e-02 2.014535e-01 1.976185e-01 1.529658e-01 -5.754092e-02 -2.268766e-01 -5.484665e-01 -2.762179e-01 -2.241422e-01 -4.028212e-01 -6.773790e-01 2.878891e-03
<VARIANCE> 39
 1.003404e+00 1.763367e+00 6.602268e+00 6.173600e+00 4.423615e+00 1.401580e+01 3.766068e+00 2.308268e+01 1.588245e+01 1.237644e+00 1.118289e+01 8.272491e+00 1.000000e-02 5.155796e-01 1.856827e-01 3.713411e-01 7.322399e-02 2.072980e-01 5.688422e-01 6.533195e-01 8.960121e-01 1.532692e+00 4.819131e-01 2.976470e+00 2.685813e+00 1.000000e-02 1.000000e-02 3.229123e-02 1.073259e-01 1.772682e-01 1.772690e-02 4.207104e-01 1.336643e-01 1.303277e-01 8.216513e-02 1.000000e-02 1.655953e-01 2.119037e-01 1.000000e-02
<GCONST> 3.998672e+01
<STATE> 36
<MEAN> 39
 -4.804804e+00 -9.358180e+00 -7.201764e+00 -8.110949e+00 -1.043041e+00 -9.459705e-01 7.407290e+00 -3.305685e-01 2.232098e+00 -9.283595e-01 6.519360e+00 -3.810977e-01 1.114461e-01 -9.433956e-01 9.683536e-01 2.011804e+00 1.190010e+00 -1.541497e-01 -1.061539e+00 -8.500143e-01 -5.452542e-01 4.134704e-01 -1.678164e-01 1.767112e-01 -1.554291e+00 -4.929132e-02 3.556591e-01 -3.376564e-01 -5.182509e-01 -5.857202e-02 1.106049e-01 1.246404e-01 -4.338247e-02 -3.581099e-01 -3.942044e-01 -2.746721e-01 -7.189154e-01 -2.742479e-01 1.338009e-02
<VARIANCE> 39
 6.858739e-01 1.971571e+00 4.672128e+00 5.392830e-01 1.397461e+00 9.113690e+00 1.317190e+01 3.266129e+01 2.629546e+01 5.701951e+00 8.954370e+00 1.165921e+01 1.000000e-02 1.903612e-01 4.062829e-02 7.235473e-01 7.021989e-01 6.817930e-01 3.411058e+00 9.232614e-01 1.120389e+00 9.427128e-01 1.007043e+00 2.251450e+00 2.526413e+00 1.000000e-02 1.930318e-02 6.200896e-02 7.498356e-02 2.407798e-02 4.288270e-02 1.507196e-01 1.954465e-01 2.279791e-01 1.396050e-01 5.432285e-02 8.622664e-02 2.228888e-01 1.000000e-02
<GCONST> 4.434859e+01
<STATE> 37
<MEAN> 39
 -3.288701e+00 -8.133147e+00 -5.883111e+00 -6.796192e+00 2.337748e-01 -6.162385e+00 3.855277e+00 2.429603e-01 2.456603e+00 -2.540114e+00 5.215144e+00 -1.261690e+00 9.990039e-02 -4.523621e-01 3.029809e-01 1.101212e+00 9.488959e-01 2.584857e-01 -2.478123e-02 -4.070078e-02 -1.014513e+00 1.911138e-01 -1.363323e-01 -6.772811e-01 -1.393105e+00 -2.955219e-02 3.040165e-01 -4.221934e-01 -6.287709e-01 -1.222648e-01 1.361788e-02 3.020299e-01 1.127191e-01 -9.144154e-02 -2.716869e-01 -1.926880e-01 -5.469056e-01 2.157781e-01 1.453444e-02
<VARIANCE> 39
 4.810719e+00 6.454607e-01 2.724858e+00 9.931793e-01 4.313624e+00 7.222286e+00 5.254190e+00 4.330729e+00 1.800418e+01 7.544721e+00 1.309423e+01 2.816053e+01 1.000000e-02 1.690266e-01 1.064231e-01 3.825631e-01 9.523141e-01 7.038696e-01 3.633276e+00 3.687974e-01 4.712394e-01 3.019401e-01 3.539639e-02 1.465728e+00 3.138156e+00 1.000000e-02 7.586541e-02 2.052492e-02 2.117894e-02 3.577625e-02 1.035767e-01 1.031281e-01 1.673647e-01 7.140380e-02 1.230525e-01 8.438963e-02 8.698019e-02 4.421434e-01 1.000000e-02
<GCONST> 3.808225e+01
<STATE> 38
<MEAN> 39
 -3.575437e+00 -9.581795e+00 -7.471707e+00 -8.038340e+00 -1.820659e+00 -2.041359e+00 5.719519e+00 -8.874844e-01 1.263171e+00 -3.517819e+00 2.388412e+00 -6.497853e+00 1.128088e-01 -1.664563e-01 -1.949752e-01 6.943092e-03 8.011150e-01 -2.774101e-02 -5.896739e-01 -4.542807e-01 -7.372907e-01 -2.996795e-01 -4.109345e-01 -1.262051e+00 -9.106418e-02 -1.289656e-02 1.692152e-01 -1.792942e-01 -2.320938e-01 -3.467864e-02 4.700824e-02 1.749641e-02 1.504191e-02 1.556359e-01 -2.468101e-01 -1.393777e-01 -1.673673e-02 7.115645e-01 1.033098e-02
<VARIANCE> 39
 2.445642e+00 1.483765e+00 6.961900e+00 2.278854e+00 5.908329e+00 1.069924e+01 2.029936e+01 7.749244e+00 4.574993e+00 1.922803e+01 1.211403e+01 1.886773e+01 1.000000e-02 3.901833e-02 1.035418e-01 7.484286e-02 3.118981e-01 7.033301e-01 4.029210e-01 1.787735e+00 1.182243e+00 1.869797e-01 4.732209e-02 4.845185e-01 9.134247e-01 1.000000e-02 8.683454e-02 3.368251e-02 7.268032e-02 1.338672e-01 1.267655e-01 5.933579e-01 1.986438e-01 7.991797e-02 2.190538e-02 8.777353e-02 2.204882e-01 3.196397e-01 1.000000e-02
<GCONST> 3.960003e+01
<STATE> 39
<MEAN> 39
 -4.559271e+00 -9.489208e+00 -6.465566e+00 -5.211551e+00 6.851289e-01 -1.813180e+00 6.525090e+00 -3.204839e+00 3.324377e+00 -1.656334e+00 2.533784e+00 -2.190683e+00 6.741756e-02 -3.005776e-01 -1.469548e-01 4.533489e-01 9.315953e-01 -9.817724e-02 -3.472605e-01 -5.574713e-01 -5.073760e-01 -2.401718e-01 -4.925154e-01 -7.663783e-01 4.371187e-01 -1.141395e-02 1.131699e-01 5.863623e-02 7.787563e-02 -1.095297e-01 -3.384769e-03 4.457670e-02 -1.426391e-01 3.065646e-01 -2.521209e-01 -2.541307e-01 2.056996e-01 3.318729e-01 6.399470e-03
<VARIANCE> 39
 2.368113e+00 2.152146e+00 4.208372e+00 2.910687e+00 8.601854e+00 9.437598e+00 4.305451e+00 7.047008e+00 1.914612e+01 3.153050e+00 6.178036e+00 2.226546e+01 1.000000e-02 2.545459e-01 9.061635e-02 4.034635e-01 2.976547e-02 6.567314e-01 1.624849e-01 6.563483e-01 3.660479e-01 1.000000e-02 6.554862e-01 5.839577e-01 6.020192e-01 1.000000e-02 8.591820e-02 4.691354e-02 1.456605e-01 2.004356e-01 1.569979e-01 3.663393e-01 6.196237e-02 3.980070e-02 3.910024e-02 1.608787e-02 2.805587e-01 4.039676e-01 1.000000e-02
<GCONST> 3.344420e+01
<TRANSP> 40
 0.000000e+00 1.000000e+00 0.000000e+00 0.000000e+00 0.000000e+00 0.000000e+00 0.000000e+00 0.000000e+00 0.000000e+00 0.000000e+00 0.000000e+00 0.000000e+00 0.000000e+00 0.000000e+00 0.000000e+00 0.000000e+00 0.000000e+00 0.000000e+00 0.000000e+00 0.000000e+00 0.000000e+00 0.000000e+00 0.000000e+00 0.000000e+00 0.000000e+00 0.000000e+00 0.000000e+00 0.000000e+00 0.000000e+00 0.000000e+00 0.000000e+00 0.000000e+00 0.000000e+00 0.000000e+00 0.000000e+00 0.000000e+00 0.000000e+00 0.000000e+00 0.000000e+00 0.000000e+00
 0.000000e+00 3.333333e-01 6.666667e-01 0.000000e+00 0.000000e+00 0.000000e+00 0.000000e+00 0.000000e+00 0.000000e+00 0.000000e+00 0.000000e+00 0.000000e+00 0.000000e+00 0.000000e+00 0.000000e+00 0.000000e+00 0.000000e+00 0.000000e+00 0.000000e+00 0.000000e+00 0.000000e+00 0.000000e+00 0.000000e+00 0.000000e+00 0.000000e+00 0.000000e+00 0.000000e+00 0.000000e+00 0.000000e+00 0.000000e+00 0.000000e+00 0.000000e+00 0.000000e+00 0.000000e+00 0.000000e+00 0.000000e+00 0.000000e+00 0.000000e+00 0.000000e+00 0.000000e+00
 0.000000e+00 0.000000e+00 0.000000e+00 1.000000e+00 0.000000e+00 0.000000e+00 0.000000e+00 0.000000e+00 0.000000e+00 0.000000e+00 0.000000e+00 0.000000e+00 0.000000e+00 0.000000e+00 0.000000e+00 0.000000e+00 0.000000e+00 0.000000e+00 0.000000e+00 0.000000e+00 0.000000e+00 0.000000e+00 0.000000e+00 0.000000e+00 0.000000e+00 0.000000e+00 0.000000e+00 0.000000e+00 0.000000e+00 0.000000e+00 0.000000e+00 0.000000e+00 0.000000e+00 0.000000e+00 0.000000e+00 0.000000e+00 0.000000e+00 0.000000e+00 0.000000e+00 0.000000e+00
 0.000000e+00 0.000000e+00 0.000000e+00 0.000000e+00 1.000000e+00 0.000000e+00 0.000000e+00 0.000000e+00 0.000000e+00 0.000000e+00 0.000000e+00 0.000000e+00 0.000000e+00 0.000000e+00 0.000000e+00 0.000000e+00 0.000000e+00 0.000000e+00 0.000000e+00 0.000000e+00 0.000000e+00 0.000000e+00 0.000000e+00 0.000000e+00 0.000000e+00 0.000000e+00 0.000000e+00 0.000000e+00 0.000000e+00 0.000000e+00 0.000000e+00 0.000000e+00 0.000000e+00 0.000000e+00 0.000000e+00 0.000000e+00 0.000000e+00 0.000000e+00 0.000000e+00 0.000000e+00
 0.000000e+00 0.000000e+00 0.000000e+00 0.000000e+00 0.000000e+00 1.000000e+00 0.000000e+00 0.000000e+00 0.000000e+00 0.000000e+00 0.000000e+00 0.000000e+00 0.000000e+00 0.000000e+00 0.000000e+00 0.000000e+00 0.000000e+00 0.000000e+00 0.000000e+00 0.000000e+00 0.000000e+00 0.000000e+00 0.000000e+00 0.000000e+00 0.000000e+00 0.000000e+00 0.000000e+00 0.000000e+00 0.000000e+00 0.000000e+00 0.000000e+00 0.000000e+00 0.000000e+00 0.000000e+00 0.000000e+00 0.000000e+00 0.000000e+00 0.000000e+00 0.000000e+00 0.000000e+00
 0.000000e+00 0.000000e+00 0.000000e+00 0.000000e+00 0.000000e+00 0.000000e+00 1.000000e+00 0.000000e+00 0.000000e+00 0.000000e+00 0.000000e+00 0.000000e+00 0.000000e+00 0.000000e+00 0.000000e+00 0.000000e+00 0.000000e+00 0.000000e+00 0.000000e+00 0.000000e+00 0.000000e+00 0.000000e+00 0.000000e+00 0.000000e+00 0.000000e+00 0.000000e+00 0.000000e+00 0.000000e+00 0.000000e+00 0.000000e+00 0.000000e+00 0.000000e+00 0.000000e+00 0.000000e+00 0.000000e+00 0.000000e+00 0.000000e+00 0.000000e+00 0.000000e+00 0.000000e+00
 0.000000e+00 0.000000e+00 0.000000e+00 0.000000e+00 0.000000e+00 0.000000e+00 0.000000e+00 1.000000e+00 0.000000e+00 0.000000e+00 0.000000e+00 0.000000e+00 0.000000e+00 0.000000e+00 0.000000e+00 0.000000e+00 0.000000e+00 0.000000e+00 0.000000e+00 0.000000e+00 0.000000e+00 0.000000e+00 0.000000e+00 0.000000e+00 0.000000e+00 0.000000e+00 0.000000e+00 0.000000e+00 0.000000e+00 0.000000e+00 0.000000e+00 0.000000e+00 0.000000e+00 0.000000e+00 0.000000e+00 0.000000e+00 0.000000e+00 0.000000e+00 0.000000e+00 0.000000e+00
 0.000000e+00 0.000000e+00 0.000000e+00 0.000000e+00 0.000000e+00 0.000000e+00 0.000000e+00 0.000000e+00 1.000000e+00 0.000000e+00 0.000000e+00 0.000000e+00 0.000000e+00 0.000000e+00 0.000000e+00 0.000000e+00 0.000000e+00 0.000000e+00 0.000000e+00 0.000000e+00 0.000000e+00 0.000000e+00 0.000000e+00 0.000000e+00 0.000000e+00 0.000000e+00 0.000000e+00 0.000000e+00 0.000000e+00 0.000000e+00 0.000000e+00 0.000000e+00 0.000000e+00 0.000000e+00 0.000000e+00 0.000000e+00 0.000000e+00 0.000000e+00 0.000000e+00 0.000000e+00
 0.000000e+00 0.000000e+00 0.000000e+00 0.000000e+00 0.000000e+00 0.000000e+00 0.000000e+00 0.000000e+00 0.000000e+00 1.000000e+00 0.000000e+00 0.000000e+00 0.000000e+00 0.000000e+00 0.000000e+00 0.000000e+00 0.000000e+00 0.000000e+00 0.000000e+00 0.000000e+00 0.000000e+00 0.000000e+00 0.000000e+00 0.000000e+00 0.000000e+00 0.000000e+00 0.000000e+00 0.000000e+00 0.000000e+00 0.000000e+00 0.000000e+00 0.000000e+00 0.000000e+00 0.000000e+00 0.000000e+00 0.000000e+00 0.000000e+00 0.000000e+00 0.000000e+00 0.000000e+00
 0.000000e+00 0.000000e+00 0.000000e+00 0.000000e+00 0.000000e+00 0.000000e+00 0.000000e+00 0.000000e+00 0.000000e+00 0.000000e+00 1.000000e+00 0.000000e+00 0.000000e+00 0.000000e+00 0.000000e+00 0.000000e+00 0.000000e+00 0.000000e+00 0.000000e+00 0.000000e+00 0.000000e+00 0.000000e+00 0.000000e+00 0.000000e+00 0.000000e+00 0.000000e+00 0.000000e+00 0.000000e+00 0.000000e+00 0.000000e+00 0.000000e+00 0.000000e+00 0.000000e+00 0.000000e+00 0.000000e+00 0.000000e+00 0.000000e+00 0.000000e+00 0.000000e+00 0.000000e+00
 0.000000e+00 0.000000e+00 0.000000e+00 0.000000e+00 0.000000e+00 0.000000e+00 0.000000e+00 0.000000e+00 0.000000e+00 0.000000e+00 2.000000e-01 8.000000e-01 0.000000e+00 0.000000e+00 0.000000e+00 0.000000e+00 0.000000e+00 0.000000e+00 0.000000e+00 0.000000e+00 0.000000e+00 0.000000e+00 0.000000e+00 0.000000e+00 0.000000e+00 0.000000e+00 0.000000e+00 0.000000e+00 0.000000e+00 0.000000e+00 0.000000e+00 0.000000e+00 0.000000e+00 0.000000e+00 0.000000e+00 0.000000e+00 0.000000e+00 0.000000e+00 0.000000e+00 0.000000e+00
 0.000000e+00 0.000000e+00 0.000000e+00 0.000000e+00 0.000000e+00 0.000000e+00 0.000000e+00 0.000000e+00 0.000000e+00 0.000000e+00 0.000000e+00 0.000000e+00 1.000000e+00 0.000000e+00 0.000000e+00 0.000000e+00 0.000000e+00 0.000000e+00 0.000000e+00 0.000000e+00 0.000000e+00 0.000000e+00 0.000000e+00 0.000000e+00 0.000000e+00 0.000000e+00 0.000000e+00 0.000000e+00 0.000000e+00 0.000000e+00 0.000000e+00 0.000000e+00 0.000000e+00 0.000000e+00 0.000000e+00 0.000000e+00 0.000000e+00 0.000000e+00 0.000000e+00 0.000000e+00
 0.000000e+00 0.000000e+00 0.000000e+00 0.000000e+00 0.000000e+00 0.000000e+00 0.000000e+00 0.000000e+00 0.000000e+00 0.000000e+00 0.000000e+00 0.000000e+00 0.000000e+00 1.000000e+00 0.000000e+00 0.000000e+00 0.000000e+00 0.000000e+00 0.000000e+00 0.000000e+00 0.000000e+00 0.000000e+00 0.000000e+00 0.000000e+00 0.000000e+00 0.000000e+00 0.000000e+00 0.000000e+00 0.000000e+00 0.000000e+00 0.000000e+00 0.000000e+00 0.000000e+00 0.000000e+00 0.000000e+00 0.000000e+00 0.000000e+00 0.000000e+00 0.000000e+00 0.000000e+00
 0.000000e+00 0.000000e+00 0.000000e+00 0.000000e+00 0.000000e+00 0.000000e+00 0.000000e+00 0.000000e+00 0.000000e+00 0.000000e+00 0.000000e+00 0.000000e+00 0.000000e+00 0.000000e+00 1.000000e+00 0.000000e+00 0.000000e+00 0.000000e+00 0.000000e+00 0.000000e+00 0.000000e+00 0.000000e+00 0.000000e+00 0.000000e+00 0.000000e+00 0.000000e+00 0.000000e+00 0.000000e+00 0.000000e+00 0.000000e+00 0.000000e+00 0.000000e+00 0.000000e+00 0.000000e+00 0.000000e+00 0.000000e+00 0.000000e+00 0.000000e+00 0.000000e+00 0.000000e+00
 0.000000e+00 0.000000e+00 0.000000e+00 0.000000e+00 0.000000e+00 0.000000e+00 0.000000e+00 0.000000e+00 0.000000e+00 0.000000e+00 0.000000e+00 0.000000e+00 0.000000e+00 0.000000e+00 0.000000e+00 1.000000e+00 0.000000e+00 0.000000e+00 0.000000e+00 0.000000e+00 0.000000e+00 0.000000e+00 0.000000e+00 0.000000e+00 0.000000e+00 0.000000e+00 0.000000e+00 0.000000e+00 0.000000e+00 0.000000e+00 0.000000e+00 0.000000e+00 0.000000e+00 0.000000e+00 0.000000e+00 0.000000e+00 0.000000e+00 0.000000e+00 0.000000e+00 0.000000e+00
 0.000000e+00 0.000000e+00 0.000000e+00 0.000000e+00 0.000000e+00 0.000000e+00 0.000000e+00 0.000000e+00 0.000000e+00 0.000000e+00 0.000000e+00 0.000000e+00 0.000000e+00 0.000000e+00 0.000000e+00 0.000000e+00 1.000000e+00 0.000000e+00 0.000000e+00 0.000000e+00 0.000000e+00 0.000000e+00 0.000000e+00 0.000000e+00 0.000000e+00 0.000000e+00 0.000000e+00 0.000000e+00 0.000000e+00 0.000000e+00 0.000000e+00 0.000000e+00 0.000000e+00 0.000000e+00 0.000000e+00 0.000000e+00 0.000000e+00 0.000000e+00 0.000000e+00 0.000000e+00
 0.000000e+00 0.000000e+00 0.000000e+00 0.000000e+00 0.000000e+00 0.000000e+00 0.000000e+00 0.000000e+00 0.000000e+00 0.000000e+00 0.000000e+00 0.000000e+00 0.000000e+00 0.000000e+00 0.000000e+00 0.000000e+00 0.000000e+00 1.000000e+00 0.000000e+00 0.000000e+00 0.000000e+00 0.000000e+00 0.000000e+00 0.000000e+00 0.000000e+00 0.000000e+00 0.000000e+00 0.000000e+00 0.000000e+00 0.000000e+00 0.000000e+00 0.000000e+00 0.000000e+00 0.000000e+00 0.000000e+00 0.000000e+00 0.000000e+00 0.000000e+00 0.000000e+00 0.000000e+00
 0.000000e+00 0.000000e+00 0.000000e+00 0.000000e+00 0.000000e+00 0.000000e+00 0.000000e+00 0.000000e+00 0.000000e+00 0.000000e+00 0.000000e+00 0.000000e+00 0.000000e+00 0.000000e+00 0.000000e+00 0.000000e+00 0.000000e+00 0.000000e+00 1.000000e+00 0.000000e+00 0.000000e+00 0.000000e+00 0.000000e+00 0.000000e+00 0.000000e+00 0.000000e+00 0.000000e+00 0.000000e+00 0.000000e+00 0.000000e+00 0.000000e+00 0.000000e+00 0.000000e+00 0.000000e+00 0.000000e+00 0.000000e+00 0.000000e+00 0.000000e+00 0.000000e+00 0.000000e+00
 0.000000e+00 0.000000e+00 0.000000e+00 0.000000e+00 0.000000e+00 0.000000e+00 0.000000e+00 0.000000e+00 0.000000e+00 0.000000e+00 0.000000e+00 0.000000e+00 0.000000e+00 0.000000e+00 0.000000e+00 0.000000e+00 0.000000e+00 0.000000e+00 0.000000e+00 1.000000e+00 0.000000e+00 0.000000e+00 0.000000e+00 0.000000e+00 0.000000e+00 0.000000e+00 0.000000e+00 0.000000e+00 0.000000e+00 0.000000e+00 0.000000e+00 0.000000e+00 0.000000e+00 0.000000e+00 0.000000e+00 0.000000e+00 0.000000e+00 0.000000e+00 0.000000e+00 0.000000e+00
 0.000000e+00 0.000000e+00 0.000000e+00 0.000000e+00 0.000000e+00 0.000000e+00 0.000000e+00 0.000000e+00 0.000000e+00 0.000000e+00 0.000000e+00 0.000000e+00 0.000000e+00 0.000000e+00 0.000000e+00 0.000000e+00 0.000000e+00 0.000000e+00 0.000000e+00 0.000000e+00 1.000000e+00 0.000000e+00 0.000000e+00 0.000000e+00 0.000000e+00 0.000000e+00 0.000000e+00 0.000000e+00 0.000000e+00 0.000000e+00 0.000000e+00 0.000000e+00 0.000000e+00 0.000000e+00 0.000000e+00 0.000000e+00 0.000000e+00 0.000000e+00 0.000000e+00 0.000000e+00
 0.000000e+00 0.000000e+00 0.000000e+00 0.000000e+00 0.000000e+00 0.000000e+00 0.000000e+00 0.000000e+00 0.000000e+00 0.000000e+00 0.000000e+00 0.000000e+00 0.000000e+00 0.000000e+00 0.000000e+00 0.000000e+00 0.000000e+00 0.000000e+00 0.000000e+00 0.000000e+00 2.000000e-01 8.000000e-01 0.000000e+00 0.000000e+00 0.000000e+00 0.000000e+00 0.000000e+00 0.000000e+00 0.000000e+00 0.000000e+00 0.000000e+00 0.000000e+00 0.000000e+00 0.000000e+00 0.000000e+00 0.000000e+00 0.000000e+00 0.000000e+00 0.000000e+00 0.000000e+00
 0.000000e+00 0.000000e+00 0.000000e+00 0.000000e+00 0.000000e+00 0.000000e+00 0.000000e+00 0.000000e+00 0.000000e+00 0.000000e+00 0.000000e+00 0.000000e+00 0.000000e+00 0.000000e+00 0.000000e+00 0.000000e+00 0.000000e+00 0.000000e+00 0.000000e+00 0.000000e+00 0.000000e+00 0.000000e+00 1.000000e+00 0.000000e+00 0.000000e+00 0.000000e+00 0.000000e+00 0.000000e+00 0.000000e+00 0.000000e+00 0.000000e+00 0.000000e+00 0.000000e+00 0.000000e+00 0.000000e+00 0.000000e+00 0.000000e+00 0.000000e+00 0.000000e+00 0.000000e+00
 0.000000e+00 0.000000e+00 0.000000e+00 0.000000e+00 0.000000e+00 0.000000e+00 0.000000e+00 0.000000e+00 0.000000e+00 0.000000e+00 0.000000e+00 0.000000e+00 0.000000e+00 0.000000e+00 0.000000e+00 0.000000e+00 0.000000e+00 0.000000e+00 0.000000e+00 0.000000e+00 0.000000e+00 0.000000e+00 0.000000e+00 1.000000e+00 0.000000e+00 0.000000e+00 0.000000e+00 0.000000e+00 0.000000e+00 0.000000e+00 0.000000e+00 0.000000e+00 0.000000e+00 0.000000e+00 0.000000e+00 0.000000e+00 0.000000e+00 0.000000e+00 0.000000e+00 0.000000e+00
 0.000000e+00 0.000000e+00 0.000000e+00 0.000000e+00 0.000000e+00 0.000000e+00 0.000000e+00 0.000000e+00 0.000000e+00 0.000000e+00 0.000000e+00 0.000000e+00 0.000000e+00 0.000000e+00 0.000000e+00 0.000000e+00 0.000000e+00 0.000000e+00 0.000000e+00 0.000000e+00 0.000000e+00 0.000000e+00 0.000000e+00 0.000000e+00 1.000000e+00 0.000000e+00 0.000000e+00 0.000000e+00 0.000000e+00 0.000000e+00 0.000000e+00 0.000000e+00 0.000000e+00 0.000000e+00 0.000000e+00 0.000000e+00 0.000000e+00 0.000000e+00 0.000000e+00 0.000000e+00
 0.000000e+00 0.000000e+00 0.000000e+00 0.000000e+00 0.000000e+00 0.000000e+00 0.000000e+00 0.000000e+00 0.000000e+00 0.000000e+00 0.000000e+00 0.000000e+00 0.000000e+00 0.000000e+00 0.000000e+00 0.000000e+00 0.000000e+00 0.000000e+00 0.000000e+00 0.000000e+00 0.000000e+00 0.000000e+00 0.000000e+00 0.000000e+00 0.000000e+00 1.000000e+00 0.000000e+00 0.000000e+00 0.000000e+00 0.000000e+00 0.000000e+00 0.000000e+00 0.000000e+00 0.000000e+00 0.000000e+00 0.000000e+00 0.000000e+00 0.000000e+00 0.000000e+00 0.000000e+00
 0.000000e+00 0.000000e+00 0.000000e+00 0.000000e+00 0.000000e+00 0.000000e+00 0.000000e+00 0.000000e+00 0.000000e+00 0.000000e+00 0.000000e+00 0.000000e+00 0.000000e+00 0.000000e+00 0.000000e+00 0.000000e+00 0.000000e+00 0.000000e+00 0.000000e+00 0.000000e+00 0.000000e+00 0.000000e+00 0.000000e+00 0.000000e+00 0.000000e+00 0.000000e+00 1.000000e+00 0.000000e+00 0.000000e+00 0.000000e+00 0.000000e+00 0.000000e+00 0.000000e+00 0.000000e+00 0.000000e+00 0.000000e+00 0.000000e+00 0.000000e+00 0.000000e+00 0.000000e+00
 0.000000e+00 0.000000e+00 0.000000e+00 0.000000e+00 0.000000e+00 0.000000e+00 0.000000e+00 0.000000e+00 0.000000e+00 0.000000e+00 0.000000e+00 0.000000e+00 0.000000e+00 0.000000e+00 0.000000e+00 0.000000e+00 0.000000e+00 0.000000e+00 0.000000e+00 0.000000e+00 0.000000e+00 0.000000e+00 0.000000e+00 0.000000e+00 0.000000e+00 0.000000e+00 0.000000e+00 1.000000e+00 0.000000e+00 0.000000e+00 0.000000e+00 0.000000e+00 0.000000e+00 0.000000e+00 0.000000e+00 0.000000e+00 0.000000e+00 0.000000e+00 0.000000e+00 0.000000e+00
 0.000000e+00 0.000000e+00 0.000000e+00 0.000000e+00 0.000000e+00 0.000000e+00 0.000000e+00 0.000000e+00 0.000000e+00 0.000000e+00 0.000000e+00 0.000000e+00 0.000000e+00 0.000000e+00 0.000000e+00 0.000000e+00 0.000000e+00 0.000000e+00 0.000000e+00 0.000000e+00 0.000000e+00 0.000000e+00 0.000000e+00 0.000000e+00 0.000000e+00 0.000000e+00 0.000000e+00 0.000000e+00 1.000000e+00 0.000000e+00 0.000000e+00 0.000000e+00 0.000000e+00 0.000000e+00 0.000000e+00 0.000000e+00 0.000000e+00 0.000000e+00 0.000000e+00 0.000000e+00
 0.000000e+00 0.000000e+00 0.000000e+00 0.000000e+00 0.000000e+00 0.000000e+00 0.000000e+00 0.000000e+00 0.000000e+00 0.000000e+00 0.000000e+00 0.000000e+00 0.000000e+00 0.000000e+00 0.000000e+00 0.000000e+00 0.000000e+00 0.000000e+00 0.000000e+00 0.000000e+00 0.000000e+00 0.000000e+00 0.000000e+00 0.000000e+00 0.000000e+00 0.000000e+00 0.000000e+00 0.000000e+00 0.000000e+00 1.000000e+00 0.000000e+00 0.000000e+00 0.000000e+00 0.000000e+00 0.000000e+00 0.000000e+00 0.000000e+00 0.000000e+00 0.000000e+00 0.000000e+00
 0.000000e+00 0.000000e+00 0.000000e+00 0.000000e+00 0.000000e+00 0.000000e+00 0.000000e+00 0.000000e+00 0.000000e+00 0.000000e+00 0.000000e+00 0.000000e+00 0.000000e+00 0.000000e+00 0.000000e+00 0.000000e+00 0.000000e+00 0.000000e+00 0.000000e+00 0.000000e+00 0.000000e+00 0.000000e+00 0.000000e+00 0.000000e+00 0.000000e+00 0.000000e+00 0.000000e+00 0.000000e+00 0.000000e+00 2.000000e-01 8.000000e-01 0.000000e+00 0.000000e+00 0.000000e+00 0.000000e+00 0.000000e+00 0.000000e+00 0.000000e+00 0.000000e+00 0.000000e+00
 0.000000e+00 0.000000e+00 0.000000e+00 0.000000e+00 0.000000e+00 0.000000e+00 0.000000e+00 0.000000e+00 0.000000e+00 0.000000e+00 0.000000e+00 0.000000e+00 0.000000e+00 0.000000e+00 0.000000e+00 0.000000e+00 0.000000e+00 0.000000e+00 0.000000e+00 0.000000e+00 0.000000e+00 0.000000e+00 0.000000e+00 0.000000e+00 0.000000e+00 0.000000e+00 0.000000e+00 0.000000e+00 0.000000e+00 0.000000e+00 0.000000e+00 1.000000e+00 0.000000e+00 0.000000e+00 0.000000e+00 0.000000e+00 0.000000e+00 0.000000e+00 0.000000e+00 0.000000e+00
 0.000000e+00 0.000000e+00 0.000000e+00 0.000000e+00 0.000000e+00 0.000000e+00 0.000000e+00 0.000000e+00 0.000000e+00 0.000000e+00 0.000000e+00 0.000000e+00 0.000000e+00 0.000000e+00 0.000000e+00 0.000000e+00 0.000000e+00 0.000000e+00 0.000000e+00 0.000000e+00 0.000000e+00 0.000000e+00 0.000000e+00 0.000000e+00 0.000000e+00 0.000000e+00 0.000000e+00 0.000000e+00 0.000000e+00 0.000000e+00 0.000000e+00 0.000000e+00 1.000000e+00 0.000000e+00 0.000000e+00 0.000000e+00 0.000000e+00 0.000000e+00 0.000000e+00 0.000000e+00
 0.000000e+00 0.000000e+00 0.000000e+00 0.000000e+00 0.000000e+00 0.000000e+00 0.000000e+00 0.000000e+00 0.000000e+00 0.000000e+00 0.000000e+00 0.000000e+00 0.000000e+00 0.000000e+00 0.000000e+00 0.000000e+00 0.000000e+00 0.000000e+00 0.000000e+00 0.000000e+00 0.000000e+00 0.000000e+00 0.000000e+00 0.000000e+00 0.000000e+00 0.000000e+00 0.000000e+00 0.000000e+00 0.000000e+00 0.000000e+00 0.000000e+00 0.000000e+00 0.000000e+00 1.000000e+00 0.000000e+00 0.000000e+00 0.000000e+00 0.000000e+00 0.000000e+00 0.000000e+00
 0.000000e+00 0.000000e+00 0.000000e+00 0.000000e+00 0.000000e+00 0.000000e+00 0.000000e+00 0.000000e+00 0.000000e+00 0.000000e+00 0.000000e+00 0.000000e+00 0.000000e+00 0.000000e+00 0.000000e+00 0.000000e+00 0.000000e+00 0.000000e+00 0.000000e+00 0.000000e+00 0.000000e+00 0.000000e+00 0.000000e+00 0.000000e+00 0.000000e+00 0.000000e+00 0.000000e+00 0.000000e+00 0.000000e+00 0.000000e+00 0.000000e+00 0.000000e+00 0.000000e+00 0.000000e+00 1.000000e+00 0.000000e+00 0.000000e+00 0.000000e+00 0.000000e+00 0.000000e+00
 0.000000e+00 0.000000e+00 0.000000e+00 0.000000e+00 0.000000e+00 0.000000e+00 0.000000e+00 0.000000e+00 0.000000e+00 0.000000e+00 0.000000e+00 0.000000e+00 0.000000e+00 0.000000e+00 0.000000e+00 0.000000e+00 0.000000e+00 0.000000e+00 0.000000e+00 0.000000e+00 0.000000e+00 0.000000e+00 0.000000e+00 0.000000e+00 0.000000e+00 0.000000e+00 0.000000e+00 0.000000e+00 0.000000e+00 0.000000e+00 0.000000e+00 0.000000e+00 0.000000e+00 0.000000e+00 0.000000e+00 1.000000e+00 0.000000e+00 0.000000e+00 0.000000e+00 0.000000e+00
 0.000000e+00 0.000000e+00 0.000000e+00 0.000000e+00 0.000000e+00 0.000000e+00 0.000000e+00 0.000000e+00 0.000000e+00 0.000000e+00 0.000000e+00 0.000000e+00 0.000000e+00 0.000000e+00 0.000000e+00 0.000000e+00 0.000000e+00 0.000000e+00 0.000000e+00 0.000000e+00 0.000000e+00 0.000000e+00 0.000000e+00 0.000000e+00 0.000000e+00 0.000000e+00 0.000000e+00 0.000000e+00 0.000000e+00 0.000000e+00 0.000000e+00 0.000000e+00 0.000000e+00 0.000000e+00 0.000000e+00 0.000000e+00 1.000000e+00 0.000000e+00 0.000000e+00 0.000000e+00
 0.000000e+00 0.000000e+00 0.000000e+00 0.000000e+00 0.000000e+00 0.000000e+00 0.000000e+00 0.000000e+00 0.000000e+00 0.000000e+00 0.000000e+00 0.000000e+00 0.000000e+00 0.000000e+00 0.000000e+00 0.000000e+00 0.000000e+00 0.000000e+00 0.000000e+00 0.000000e+00 0.000000e+00 0.000000e+00 0.000000e+00 0.000000e+00 0.000000e+00 0.000000e+00 0.000000e+00 0.000000e+00 0.000000e+00 0.000000e+00 0.000000e+00 0.000000e+00 0.000000e+00 0.000000e+00 0.000000e+00 0.000000e+00 0.000000e+00 1.000000e+00 0.000000e+00 0.000000e+00
 0.000000e+00 0.000000e+00 0.000000e+00 0.000000e+00 0.000000e+00 0.000000e+00 0.000000e+00 0.000000e+00 0.000000e+00 0.000000e+00 0.000000e+00 0.000000e+00 0.000000e+00 0.000000e+00 0.000000e+00 0.000000e+00 0.000000e+00 0.000000e+00 0.000000e+00 0.000000e+00 0.000000e+00 0.000000e+00 0.000000e+00 0.000000e+00 0.000000e+00 0.000000e+00 0.000000e+00 0.000000e+00 0.000000e+00 0.000000e+00 0.000000e+00 0.000000e+00 0.000000e+00 0.000000e+00 0.000000e+00 0.000000e+00 0.000000e+00 0.000000e+00 1.000000e+00 0.000000e+00
 0.000000e+00 0.000000e+00 0.000000e+00 0.000000e+00 0.000000e+00 0.000000e+00 0.000000e+00 0.000000e+00 0.000000e+00 0.000000e+00 0.000000e+00 0.000000e+00 0.000000e+00 0.000000e+00 0.000000e+00 0.000000e+00 0.000000e+00 0.000000e+00 0.000000e+00 0.000000e+00 0.000000e+00 0.000000e+00 0.000000e+00 0.000000e+00 0.000000e+00 0.000000e+00 0.000000e+00 0.000000e+00 0.000000e+00 0.000000e+00 0.000000e+00 0.000000e+00 0.000000e+00 0.000000e+00 0.000000e+00 0.000000e+00 0.000000e+00 0.000000e+00 0.000000e+00 1.000000e+00
 0.000000e+00 0.000000e+00 0.000000e+00 0.000000e+00 0.000000e+00 0.000000e+00 0.000000e+00 0.000000e+00 0.000000e+00 0.000000e+00 0.000000e+00 0.000000e+00 0.000000e+00 0.000000e+00 0.000000e+00 0.000000e+00 0.000000e+00 0.000000e+00 0.000000e+00 0.000000e+00 0.000000e+00 0.000000e+00 0.000000e+00 0.000000e+00 0.000000e+00 0.000000e+00 0.000000e+00 0.000000e+00 0.000000e+00 0.000000e+00 0.000000e+00 0.000000e+00 0.000000e+00 0.000000e+00 0.000000e+00 0.000000e+00 0.000000e+00 0.000000e+00 0.000000e+00 0.000000e+00
<ENDHMM>
