~o
<STREAMINFO> 1 39
<VECSIZE> 39<NULLD><MFCC_E_D_A><DIAGC>
~h "Nawm"
<BEGINHMM>
<NUMSTATES> 32
<STATE> 2
<MEAN> 39
 -6.701064e+00 -1.037651e+01 -1.535389e+00 -2.089391e+00 -3.963149e-01 -4.174769e+00 2.562496e+00 -2.811494e+00 9.115458e-01 -3.135617e+00 1.222316e+00 -2.725075e+00 -2.376303e-02 -6.232398e-01 -1.098235e-01 -5.035153e-01 2.317003e-01 -5.488957e-01 7.789996e-02 3.698666e-01 6.886275e-01 4.344828e-01 -3.653101e-01 -3.212558e-02 -5.034516e-02 -1.577964e-02 6.286437e-02 1.476660e-01 -1.363964e-01 -8.139746e-02 8.108407e-02 -6.389683e-02 -2.371195e-01 1.218313e-01 1.707821e-03 -2.961175e-02 -1.583407e-01 -1.192155e-02 5.113536e-03
<VARIANCE> 39
 1.711487e+00 2.944983e+00 9.608397e+00 5.293955e+00 1.339347e+01 1.120789e+01 7.317835e+00 5.383647e+00 1.495117e+01 1.211949e+01 6.869392e+00 3.047284e+00 1.000000e-02 3.112101e-01 4.663828e-01 8.632416e-01 1.216899e+00 1.248875e+00 1.417057e+00 7.297968e-01 9.766020e-01 1.080621e+00 1.717904e+00 1.260759e+00 6.868128e-02 1.000000e-02 6.121004e-02 4.010138e-02 1.308519e-01 1.922881e-01 3.525257e-01 4.028702e-01 2.212393e-01 1.448702e-01 2.970354e-01 3.468336e-01 2.584158e-01 1.956891e-02 1.000000e-02
<GCONST> 5.421355e+01
<STATE> 3
<MEAN> 39
 -7.940823e+00 -9.565970e+00 -3.192053e+00 -8.889806e-01 2.090470e-01 -3.306598e+00 1.960156e+00 -1.942378e-02 1.520515e+00 -4.376090e+00 1.068591e+00 -3.376549e+00 -5.960547e-02 3.371829e-01 5.173930e-01 -9.084764e-02 -5.022923e-01 -1.727855e-02 -3.490686e-01 -7.278418e-01 -5.158204e-01 -6.382734e-01 -4.842722e-01 -5.586480e-01 2.009689e-01 1.511437e-02 6.968085e-01 1.873880e-01 -6.390358e-02 -7.364013e-01 -2.262958e-01 -2.896633e-01 -1.013119e-01 -3.622985e-01 -2.104748e-01 -7.427504e-02 -1.236710e-01 -3.858168e-02 2.776396e-02
<VARIANCE> 39
 3.197093e+00 5.226906e+00 1.867558e+01 1.163898e+01 1.108626e+01 5.788282e+00 3.709701e+00 2.156442e+01 1.807016e+01 1.888136e+01 2.027111e+01 8.042822e+00 1.000000e-02 4.230210e-01 1.455784e-01 6.029066e-01 1.154724e+00 1.288983e+00 2.227393e+00 3.732355e-01 1.293653e+00 8.107119e-01 2.191471e+00 1.729940e+00 6.143494e-01 1.000000e-02 1.713498e-01 1.479468e-01 6.014970e-01 3.035772e-01 4.161905e-01 1.548005e-01 9.918707e-02 3.242747e-01 2.062710e-01 2.381579e-01 3.634829e-01 2.221768e-01 1.000000e-02
<GCONST> 6.625780e+01
<STATE> 4
<MEAN> 39
 -5.306976e+00 -7.378347e+00 -1.977273e+00 -4.036351e+00 -8.242688e-01 -5.825138e+00 -1.218631e-01 -3.915812e+00 -1.354452e-01 -3.024755e+00 1.779717e+00 -1.546546e-01 1.533974e-02 2.238781e+00 5.822275e-01 -7.995660e-01 -3.293010e+00 -1.355412e+00 -4.751700e-01 3.694022e-02 -2.988936e-01 -3.391064e-01 -2.748898e-01 -4.506136e-01 -3.763829e-01 1.006865e-01 3.096264e-01 -1.030793e-01 -6.581146e-01 -2.958570e-01 -4.931859e-02 5.724660e-02 3.481185e-01 2.600063e-01 -6.026573e-02 -3.046847e-01 -2.851337e-01 -5.035815e-01 2.857998e-02
<VARIANCE> 39
 2.380418e+00 6.870962e-01 3.492623e+00 1.111062e+01 1.148134e+01 9.363762e+00 4.913627e+00 4.855765e+00 1.640363e+01 1.520465e+01 1.818585e+01 8.204985e+00 1.176890e-02 1.897237e+00 5.651939e-01 4.275383e+00 1.990377e+00 3.513710e+00 5.593905e-01 6.899301e-01 1.586573e+00 2.611745e+00 1.121846e+00 2.861977e+00 1.830362e+00 1.000000e-02 2.865837e-01 3.216956e-01 2.067187e-01 4.671776e-01 1.347134e-01 2.525102e-01 9.092662e-02 2.188797e-01 3.542155e-01 5.280496e-01 4.708417e-01 1.640224e-01 1.000000e-02
<GCONST> 7.000101e+01
<STATE> 5
<MEAN> 39
 1.846595e+00 -6.688108e+00 -5.770461e+00 -1.394501e+01 -4.671024e+00 -4.802461e+00 -4.922290e-01 -2.835501e+00 -2.736537e+00 -7.550174e+00 -2.472240e+00 -5.388191e+00 3.192216e-01 1.903477e+00 -1.028489e-01 -2.334979e+00 -2.006789e+00 -1.709175e-01 -1.069515e+00 4.755176e-01 1.458104e-01 -1.243155e+00 -1.635056e+00 -1.637787e+00 -1.545271e+00 1.407348e-01 -8.501146e-01 -8.669006e-01 -3.600103e-01 1.460780e+00 1.635807e-01 -2.923980e-01 5.253710e-01 1.441354e-01 3.106359e-01 -4.254433e-01 1.806274e-01 1.950618e-01 -2.604136e-03
<VARIANCE> 39
 2.485479e+01 5.125071e+00 2.031414e+01 3.746414e+01 2.181896e+01 1.346636e+01 8.395132e+00 1.407195e+01 4.099749e+01 1.958853e+01 1.666595e+01 3.195648e+00 2.824877e-02 3.472709e+00 4.032432e+00 2.207550e-01 1.432911e+00 1.616322e+00 7.703786e-01 1.015773e+00 9.708416e-01 7.785119e-01 6.523833e-01 8.200640e-01 3.876897e-01 1.000000e-02 4.124746e-01 2.655358e-01 6.418251e-01 9.890518e-01 5.380144e-01 7.565936e-02 5.021780e-01 2.879390e-01 2.590583e-01 5.563964e-01 4.203215e-01 2.686607e-01 1.000000e-02
<GCONST> 7.945147e+01
<STATE> 6
<MEAN> 39
 1.081633e+00 -7.489530e+00 -7.734363e+00 -1.292221e+01 -7.289406e-01 -8.096959e+00 3.022920e+00 -4.210285e+00 -1.822664e+00 -8.810865e+00 -3.284780e+00 -4.474773e+00 4.381441e-01 4.828539e-01 -1.527837e+00 -2.073613e+00 4.029845e-01 -9.019075e-01 -8.547215e-01 4.870008e-01 7.617933e-02 -2.618738e-01 -2.829767e+00 -1.109114e+00 -6.830728e-01 1.107107e-01 -1.006263e+00 -1.090725e+00 1.501412e-02 1.516446e+00 -1.391844e-01 1.843361e-02 4.414528e-01 8.190580e-03 5.461633e-01 -1.946858e-01 3.886056e-01 5.585473e-01 -1.148979e-02
<VARIANCE> 39
 3.945297e+01 1.560797e+01 1.392139e+01 1.600887e+01 4.269371e+01 1.489570e+01 1.550398e+00 8.316154e+00 1.304236e+01 1.165338e+01 1.066721e+01 3.287422e+00 1.244044e-02 3.500571e+00 5.779459e+00 3.249594e+00 3.796074e+00 4.348896e-01 3.719087e-01 2.512263e+00 1.048953e+00 2.812217e-01 3.454603e+00 7.619900e-01 2.080324e+00 1.000000e-02 9.472972e-01 2.148969e-01 2.313840e-01 5.004651e-01 1.166842e+00 4.465647e-01 6.515433e-01 3.133813e-01 2.255452e-01 2.075162e-01 3.867691e-01 8.212851e-02 1.000000e-02
<GCONST> 8.010173e+01
<STATE> 7
<MEAN> 39
 2.880078e+00 -1.155071e+01 -1.133426e+01 -9.844643e+00 -7.129357e+00 -9.418605e+00 1.324904e+00 -9.398746e-01 -3.929854e+00 -1.315370e+01 -4.809841e+00 -6.720768e+00 5.852989e-01 -1.735851e+00 -3.136444e+00 -2.302236e+00 3.044287e+00 -4.048855e-01 -1.116618e+00 2.795517e+00 -2.199791e-01 9.798778e-01 -2.413815e+00 1.774324e-01 2.585469e-01 9.191442e-02 -1.324081e+00 -3.505428e-01 -7.287279e-02 7.799146e-01 5.685946e-01 5.791610e-01 8.299450e-01 -4.377666e-01 4.344639e-01 1.596276e-01 7.860938e-01 6.630450e-01 -6.704200e-03
<VARIANCE> 39
 5.069235e+01 5.988033e+01 1.569877e+01 1.348226e+01 1.118302e+01 1.573130e+01 2.995903e+01 6.076715e+00 3.346669e+01 9.621515e+00 9.386536e+00 6.696146e+00 1.000000e-02 3.342979e+00 2.603445e+00 2.579082e+00 4.191172e+00 4.620924e+00 1.120479e+00 4.848092e+00 1.672281e+00 7.263346e-01 1.056399e+00 3.100098e+00 1.069701e+00 1.000000e-02 7.747708e-01 1.178415e+00 4.795115e-01 2.031699e-01 2.460766e-01 1.855465e-01 5.997884e-01 4.122981e-01 2.603495e-01 5.079583e-01 1.283132e-01 1.740604e-01 1.000000e-02
<GCONST> 8.801145e+01
<STATE> 8
<MEAN> 39
 -5.220075e+00 -1.758549e+01 -1.696180e+01 -2.950572e+00 -3.238017e+00 -1.001023e+01 1.225777e+01 -6.731962e+00 5.920263e-01 -1.868942e+01 -1.919885e+00 -4.987961e+00 7.687277e-01 -3.498826e+00 -2.299051e+00 -2.652346e+00 2.964647e+00 8.938551e-01 1.069066e+00 3.172728e+00 -1.172060e+00 1.143700e+00 -1.750614e+00 1.326245e+00 1.305574e+00 9.406729e-02 1.654364e-01 3.510199e-01 5.589036e-01 -2.720018e-01 2.534687e-01 7.797500e-01 -8.704062e-01 3.320912e-01 -4.160199e-02 5.368572e-01 2.798599e-01 2.786834e-01 -1.142321e-02
<VARIANCE> 39
 1.974878e+01 5.983810e+01 1.575332e+01 2.948842e+01 1.455607e+01 1.769683e+01 5.075009e+01 1.407007e+01 6.463334e+00 1.457850e+01 1.526005e+01 1.406637e+01 1.000000e-02 2.638188e+00 5.361329e-01 9.891571e-01 2.290026e+00 4.297780e+00 2.841734e+00 3.104411e+00 3.790660e+00 2.912076e+00 2.062505e+00 2.808270e+00 6.353951e-01 1.000000e-02 5.310039e-01 1.423284e+00 5.012665e-01 5.514429e-01 5.130752e-01 2.415733e-01 6.555173e-01 1.962434e-01 1.892986e-01 1.423396e-01 3.659564e-01 2.900760e-01 1.000000e-02
<GCONST> 9.005732e+01
<STATE> 9
<MEAN> 39
 -7.797563e+00 -1.941664e+01 -1.773993e+01 -4.371875e-01 -3.714126e+00 -7.024903e+00 1.108938e+01 -4.572382e+00 4.411018e-01 -1.822079e+01 -1.849434e+00 -9.762127e-01 8.469054e-01 -1.867041e+00 -2.623233e+00 -3.038342e-02 2.046958e+00 7.188078e-01 2.230010e+00 4.072872e-01 7.723184e-01 8.249678e-01 -1.238953e+00 1.333817e+00 1.619471e+00 6.364429e-02 4.386457e-01 5.196018e-01 7.243036e-01 -5.489442e-01 3.418552e-01 1.288658e-01 -8.036382e-01 4.807190e-01 -6.836123e-02 3.706397e-01 -1.049886e-03 -5.304047e-01 -1.686862e-02
<VARIANCE> 39
 2.883049e+01 1.502480e+01 3.501758e+01 4.259742e+01 1.217300e+01 2.924707e+01 4.281799e+01 3.494423e+01 7.122929e+00 2.666025e+01 2.732780e+01 1.461038e+01 1.121779e-02 1.377184e+00 6.766963e+00 2.120051e+00 1.439809e+00 1.698227e+00 1.815624e+00 8.968315e-01 4.043133e-01 2.219087e+00 2.010551e+00 1.175694e+00 1.120321e+00 1.000000e-02 6.618261e-01 5.578967e-01 5.136244e-01 7.980771e-01 3.488115e-01 6.641221e-01 7.650436e-01 6.593224e-01 4.024245e-01 1.492968e-01 5.248820e-01 3.029820e-01 1.000000e-02
<GCONST> 9.232207e+01
<STATE> 10
<MEAN> 39
 -1.001089e+01 -2.362045e+01 -1.879223e+01 3.316487e+00 1.822480e-01 -4.687893e+00 1.299623e+01 -3.243997e+00 2.143319e+00 -2.087194e+01 3.204048e+00 -1.725547e+00 9.658819e-01 -5.159853e-01 -7.604319e-01 2.515523e-01 1.934365e-01 1.267243e+00 5.208063e-01 -8.834313e-01 5.790403e-01 2.816925e-01 9.057698e-02 6.842289e-01 -3.589093e-01 2.394883e-02 4.591292e-01 3.069943e-01 1.946091e-01 -6.085672e-01 1.041489e-02 -6.149174e-01 -4.778198e-01 -2.655062e-01 -1.739904e-01 2.071069e-01 -4.314509e-01 -5.132136e-01 -1.493732e-02
<VARIANCE> 39
 1.716038e+01 3.941369e+00 2.023047e+01 1.709625e+01 2.632432e+01 2.524939e+01 1.616870e+01 1.564640e+01 7.126962e+00 2.812817e+01 1.311836e+01 7.949522e+00 1.000000e-02 1.923197e-01 1.513253e-01 1.970736e-01 1.040670e+00 1.045648e+00 6.703872e-01 6.024827e-01 2.717745e+00 1.080231e+00 9.300951e-01 7.485018e-01 6.354260e-01 1.000000e-02 1.975430e-01 1.789542e-01 1.718890e-01 4.101177e-01 4.160855e-01 2.928233e-01 1.649185e-01 2.254132e-01 3.290003e-01 3.047756e-01 2.278599e-01 7.975553e-02 1.000000e-02
<GCONST> 6.648093e+01
<STATE> 11
<MEAN> 39
 -1.254523e+01 -2.426387e+01 -1.731376e+01 1.148501e-01 -3.521163e-01 -2.694133e+00 7.995252e+00 -3.612134e+00 6.286966e+00 -1.766251e+01 8.554925e-01 -3.286269e-01 9.689581e-01 -3.082967e-01 -1.915980e-01 -4.730385e-01 -2.934836e-01 1.026482e+00 -4.370064e-01 -7.878109e-01 1.373819e-01 6.373023e-01 -4.988115e-01 3.317780e-02 -6.406392e-01 1.254279e-02 2.850578e-01 2.398415e-01 -1.441862e-01 -6.919469e-02 -1.176095e-02 -1.762937e-01 7.876042e-02 2.260663e-02 -3.460997e-02 5.615431e-02 -1.017654e-01 -5.686513e-03 -7.430834e-03
<VARIANCE> 39
 7.952173e+00 3.663169e+00 1.314127e+01 5.770473e+00 1.177648e+01 1.452606e+01 1.778705e+01 1.222516e+01 2.798156e+01 2.000728e+01 7.724944e+00 1.989018e+01 1.000000e-02 3.352475e-01 4.997022e-01 2.247533e-01 1.014799e+00 4.606553e-01 3.578297e-01 1.417511e+00 1.572401e+00 1.100446e+00 1.025738e+00 1.020055e+00 4.189790e-01 1.000000e-02 5.445116e-02 7.743771e-02 6.883661e-02 1.298993e-01 1.458817e-01 1.368014e-01 2.056344e-01 2.380082e-01 5.693421e-02 1.260403e-01 1.876181e-01 7.754064e-02 1.000000e-02
<GCONST> 5.616904e+01
<STATE> 12
<MEAN> 39
 -1.248887e+01 -2.396998e+01 -1.858206e+01 6.488459e-01 2.237489e+00 -4.510828e+00 7.591043e+00 -1.698630e+00 4.624737e+00 -2.034491e+01 1.195478e+00 -1.716009e+00 9.946682e-01 3.373396e-01 -1.489126e-01 -3.196450e-01 1.939607e-01 9.000674e-01 -1.266599e-02 -7.955173e-01 3.811115e-02 5.673403e-01 1.141344e-01 6.675263e-02 -2.805263e-02 4.690973e-04 3.184820e-01 2.899397e-02 2.197532e-01 -1.558001e-01 -1.943876e-01 2.212419e-01 -3.433876e-01 -2.715494e-01 1.393863e-01 8.695142e-02 -1.175477e-01 -1.240032e-01 -9.456323e-03
<VARIANCE> 39
 1.813029e+01 5.308531e+00 2.103201e+01 1.404720e+01 7.171443e+00 2.128576e+01 5.086464e+00 6.623572e+00 3.105567e+01 1.857478e+01 1.873453e+01 1.585480e+01 1.000000e-02 3.025668e-02 1.758221e-01 8.594584e-01 8.979522e-02 1.005808e+00 7.107202e-01 2.565726e-01 7.980051e-01 6.929680e-01 7.601839e-01 7.142208e-01 1.029393e+00 1.000000e-02 4.847229e-02 7.878035e-02 5.690138e-02 2.079832e-01 2.161963e-01 1.029580e-01 1.302675e-01 6.544725e-01 3.604524e-01 3.248945e-01 1.397118e-01 2.305012e-01 1.000000e-02
<GCONST> 5.619362e+01
<STATE> 13
<MEAN> 39
 -1.133122e+01 -2.482156e+01 -1.636630e+01 8.491802e-01 4.184556e+00 -1.638872e+00 4.718328e+00 -1.420150e+00 4.794638e+00 -1.957242e+01 8.207280e-01 -1.991047e+00 9.709450e-01 7.597122e-01 -1.593914e-01 4.585301e-01 -7.478693e-01 9.665235e-01 1.324067e-01 -1.696467e+00 -9.148607e-01 1.127180e+00 -7.038443e-02 -4.349058e-02 -1.520205e+00 -1.723707e-02 3.077410e-01 1.370684e-01 1.911276e-01 -5.369110e-01 -2.805373e-01 -4.402506e-01 -1.248857e-01 -3.557405e-01 3.936028e-01 3.640214e-02 1.585492e-02 -5.268248e-01 -7.567549e-03
<VARIANCE> 39
 1.339350e+01 1.918964e+00 3.708488e+01 2.195994e+01 4.981454e+00 4.570860e+01 2.611209e+01 1.836518e+01 1.316852e+01 1.433902e+01 7.800575e+00 2.303588e+01 1.000000e-02 1.725094e-01 4.579794e-01 5.590702e-01 3.311493e-01 6.984627e-01 1.310874e+00 7.331737e-01 1.919968e+00 1.627138e+00 9.478073e-01 6.327214e-01 8.771577e-01 1.000000e-02 5.867470e-02 6.530044e-02 2.345274e-01 1.832792e-01 3.694890e-01 3.146144e-01 2.749858e-01 4.264093e-01 2.181265e-01 1.475844e-01 9.955163e-02 2.064437e-01 1.000000e-02
<GCONST> 6.538918e+01
<STATE> 14
<MEAN> 39
 -8.070663e+00 -2.466209e+01 -1.707799e+01 -2.099624e+00 7.211743e+00 -4.415651e+00 1.725483e+00 -5.326547e+00 9.278121e+00 -1.963350e+01 1.839191e+00 -8.738080e+00 9.134388e-01 2.028194e+00 4.626769e-01 1.154520e+00 -2.350457e+00 -1.671408e+00 -1.451860e+00 -1.485252e+00 -1.043073e+00 1.601405e+00 8.542989e-01 4.390817e-02 -1.656507e+00 -4.283605e-02 6.178904e-01 6.196220e-02 5.503509e-01 -2.423371e-02 -1.562521e+00 -4.577357e-01 2.689742e-01 3.232314e-01 -4.011237e-01 6.204904e-01 -1.533025e-01 7.326663e-01 -8.451005e-03
<VARIANCE> 39
 8.252532e+00 1.472360e+00 3.083492e+01 1.522512e+01 6.822632e+00 2.245958e+01 2.657579e+01 1.218071e+01 1.951302e+01 2.280405e+01 2.983015e+00 1.873959e+01 1.000000e-02 7.219157e-01 4.529126e-01 1.102390e+00 1.532695e+00 5.488955e+00 1.674703e+00 1.725687e+00 3.243299e+00 9.583483e-01 1.260979e+00 9.654076e-01 1.476125e+00 1.000000e-02 3.545830e-02 1.002727e-01 2.104565e-01 2.837400e-01 1.422763e-01 2.778122e-01 1.014214e-01 4.583607e-01 3.364935e-01 2.444256e-01 1.440629e-01 2.030399e-01 1.000000e-02
<GCONST> 7.054816e+01
<STATE> 15
<MEAN> 39
 -1.562031e+00 -2.184885e+01 -1.493911e+01 -5.939113e+00 -2.498354e+00 -9.748376e+00 3.197373e-01 -1.064692e+01 1.330477e+01 -1.844729e+01 1.832105e+00 -1.089589e+01 7.988924e-01 3.137278e+00 3.077253e-01 2.311524e+00 -9.060036e-01 -4.414961e+00 -1.916109e+00 -4.811634e-01 6.059815e-02 -5.041950e-01 2.276718e+00 -1.447010e+00 7.096772e-01 -5.044019e-02 -5.030031e-02 -4.125178e-01 6.174081e-02 5.943457e-01 -1.853973e-01 4.788398e-01 2.682587e-01 9.592343e-01 -1.166675e+00 3.416378e-01 -3.816352e-01 1.149154e+00 6.306437e-03
<VARIANCE> 39
 1.671269e+01 6.301417e+00 1.111046e+01 2.062343e+01 5.693826e+01 2.468810e+01 1.163913e+01 3.263682e+01 2.802231e+01 1.102676e+01 1.850825e+01 8.856740e+00 1.000000e-02 6.745119e-02 3.344204e-01 1.337401e+00 6.360692e-01 1.194437e+00 7.138413e-01 1.978659e-01 3.705050e+00 1.757904e+00 2.951917e+00 1.882297e+00 9.663169e-01 1.000000e-02 1.847791e-01 9.913857e-02 1.686082e-01 3.425249e-01 1.204188e+00 2.761969e-01 3.834181e-01 8.035647e-01 2.764910e-01 2.305705e-01 1.976110e-01 3.623684e-01 1.000000e-02
<GCONST> 7.527637e+01
<STATE> 16
<MEAN> 39
 1.493294e+00 -2.399911e+01 -9.027090e+00 -7.354040e+00 -6.822092e+00 -1.134327e+01 -1.359113e+00 -3.999652e+00 7.972485e+00 -1.109278e+01 -1.015666e+00 -8.429211e+00 7.350631e-01 2.408378e+00 -7.084382e-01 2.029571e+00 1.110854e-01 -3.466309e+00 6.305203e-02 -6.526614e-01 1.390240e+00 -1.358652e+00 2.466243e+00 -1.530905e+00 2.091863e+00 -3.585140e-02 -5.481970e-01 -2.486460e-01 -4.687884e-01 3.558632e-01 9.093949e-01 9.698462e-01 1.358142e-01 -1.126194e-02 -3.177354e-01 -3.234223e-01 1.102359e-02 2.681776e-01 1.060043e-02
<VARIANCE> 39
 2.199266e+01 6.528430e+00 1.317627e+01 1.374627e+01 2.399539e+01 1.858214e+01 1.790971e+01 3.030186e+01 2.162881e+01 2.507927e+01 1.590318e+01 6.452184e+00 1.000000e-02 4.765691e-01 2.942795e-01 8.627741e-01 8.101012e-01 3.183588e+00 1.756872e+00 8.091932e-01 8.269473e-01 2.702034e+00 1.901230e+00 1.367367e+00 1.169041e+00 1.000000e-02 1.113125e-01 7.550650e-02 2.607688e-01 1.266122e-01 4.971322e-01 9.651572e-02 6.863943e-02 9.237863e-01 3.181150e-01 3.643748e-01 3.241884e-01 2.016836e-01 1.000000e-02
<GCONST> 7.358698e+01
<STATE> 17
<MEAN> 39
 5.179518e+00 -2.435750e+01 -9.151626e+00 -5.941683e+00 -1.172807e+01 -9.546159e+00 -9.072894e-01 -4.161000e+00 5.587409e+00 -1.120610e+01 -3.204946e+00 -3.377684e+00 7.206994e-01 1.028860e+00 -6.250558e-01 6.456364e-01 -5.192041e-01 -1.022452e+00 9.750421e-01 -6.833920e-01 6.285521e-01 -1.857978e+00 1.037131e+00 -4.060023e-01 1.129755e+00 -1.363308e-02 -5.689376e-01 2.360826e-01 -4.059783e-01 1.345960e-01 9.550447e-01 2.277726e-01 6.485403e-02 -4.422315e-01 3.210157e-01 -4.166295e-01 4.390458e-01 -5.382571e-01 4.033488e-03
<VARIANCE> 39
 1.039929e+01 4.058209e+00 1.486071e+01 6.129326e+00 1.874706e+01 1.709929e+01 8.320882e+00 1.861076e+01 3.105869e+01 4.155766e+01 1.904673e+01 1.502210e+01 1.000000e-02 8.377154e-01 3.884835e-01 6.125147e-01 1.618308e-01 3.420511e+00 8.514041e-01 7.215953e-01 4.829252e+00 2.240674e+00 1.162944e+00 7.066029e-01 1.808504e+00 1.000000e-02 3.174483e-02 3.347143e-02 1.548582e-01 1.492622e-01 2.255167e-01 2.980990e-01 1.073238e-01 3.024324e-01 4.361835e-01 7.246354e-01 3.285832e-01 6.248516e-02 1.000000e-02
<GCONST> 6.805477e+01
<STATE> 18
<MEAN> 39
 4.993650e+00 -2.561345e+01 -7.439833e+00 -7.290782e+00 -1.091324e+01 -6.954538e+00 -3.516930e+00 -4.743722e+00 4.314199e+00 -9.060073e+00 -3.520891e+00 -4.483054e+00 6.799114e-01 4.912626e-01 3.285422e-01 1.201707e-01 6.167380e-01 1.460243e-01 1.327582e-01 -8.000834e-02 -1.221022e-01 -3.884825e-01 3.654295e-01 -4.420713e-01 9.799454e-02 -1.622601e-02 -1.496571e-01 3.186611e-01 -1.587851e-01 4.537744e-01 5.030254e-01 -4.032426e-01 3.083782e-01 1.608328e-01 3.402381e-01 -1.796448e-01 6.128573e-03 -3.090243e-01 6.489080e-04
<VARIANCE> 39
 9.201385e+00 6.788056e+00 4.219724e+00 4.151340e+00 2.104991e+01 1.065356e+01 4.799715e+00 1.282812e+01 2.562344e+01 1.293159e+01 6.550794e+00 2.000641e+01 1.000000e-02 3.319825e-01 3.765183e-01 7.313851e-01 5.908785e-01 6.726817e-01 2.784066e+00 9.210390e-01 1.896321e+00 6.319463e-01 2.619243e+00 9.133349e-01 8.579130e-01 1.000000e-02 1.053294e-01 1.209606e-01 1.155463e-01 4.964034e-02 4.890460e-01 2.126339e-01 2.725277e-01 3.704646e-01 2.950810e-01 2.486607e-01 8.335450e-02 4.162999e-01 1.000000e-02
<GCONST> 6.354427e+01
<STATE> 19
<MEAN> 39
 6.472642e+00 -2.362938e+01 -8.401525e+00 -3.946159e+00 -9.539203e+00 -9.507001e+00 -1.324351e+00 -2.616349e+00 4.445371e+00 -8.061787e+00 -3.714405e+00 -4.023723e+00 6.605906e-01 5.483336e-01 8.328059e-01 1.176318e-01 1.629692e+00 8.500732e-01 -7.226391e-01 6.579722e-01 7.787257e-01 2.041859e-01 2.589298e-01 -2.789508e-01 2.060714e-02 -1.525399e-02 -1.623364e-01 2.207443e-02 4.703598e-02 -2.404208e-01 7.180731e-02 6.597592e-02 -1.426088e-01 -1.362587e-01 -3.381893e-02 -4.160888e-01 4.496269e-02 6.640992e-02 -8.335714e-04
<VARIANCE> 39
 7.734373e+00 1.023088e+01 5.524952e+00 5.062962e+00 6.143330e+00 1.533090e+01 6.509927e+00 1.104359e+01 2.453291e+01 3.357903e+00 1.092881e+01 1.398135e+01 1.000000e-02 1.537982e-01 6.168047e-01 4.214322e-01 5.442398e-01 7.202820e-01 8.521870e-01 1.368211e+00 6.567861e-01 1.760861e+00 1.393733e+00 5.346516e-01 1.636099e+00 1.000000e-02 2.554605e-02 9.902787e-02 1.376661e-01 1.027383e-01 1.395988e-01 6.368203e-01 7.754879e-02 1.806899e-01 1.934086e-01 2.405692e-01 2.470479e-01 2.235137e-01 1.000000e-02
<GCONST> 5.727576e+01
<STATE> 20
<MEAN> 39
 6.778138e+00 -2.222340e+01 -7.027392e+00 -1.604024e+00 -7.945223e+00 -8.937600e+00 -1.636848e+00 -2.540411e+00 5.298099e+00 -8.722194e+00 -4.673081e+00 -3.042396e+00 6.220061e-01 -6.712638e-02 4.230924e-01 1.757585e-01 -1.427505e-01 4.815784e-01 -6.299538e-02 -3.814643e-01 1.879258e-02 -5.677604e-01 -9.973704e-01 -8.978686e-02 1.018085e-01 -1.931112e-02 -2.468943e-01 -1.595179e-01 -9.123670e-02 -4.389685e-01 -1.041485e-02 1.806234e-01 -6.437591e-02 -2.008777e-01 -6.089413e-01 -5.115056e-01 5.469785e-02 -3.539944e-01 -2.283402e-03
<VARIANCE> 39
 4.273778e+00 3.850360e+00 5.508271e+00 5.139768e+00 2.111957e+01 1.861261e+01 1.215189e+01 1.048309e+01 1.012762e+01 2.187488e+01 1.036605e+01 1.701697e+01 1.000000e-02 1.133667e-01 3.612550e-01 4.838740e-01 4.462618e-01 3.678951e-01 2.207047e+00 3.402971e-01 9.747238e-01 7.221514e-01 5.088188e-01 8.794411e-01 1.364900e+00 1.000000e-02 1.590402e-02 1.306489e-01 1.816437e-01 2.054545e-01 2.007082e-01 4.102476e-01 1.821340e-01 1.498667e-01 3.822459e-01 4.943655e-01 1.758323e-01 2.214517e-01 1.000000e-02
<GCONST> 5.806725e+01
<STATE> 21
<MEAN> 39
 6.271972e+00 -2.174673e+01 -7.893157e+00 -3.547312e+00 -7.109895e+00 -9.946936e+00 -3.115516e+00 -1.975166e+00 2.315400e+00 -1.257154e+01 -4.801154e+00 -4.465691e+00 5.876213e-01 -3.604209e-01 2.977667e-01 -1.188715e-01 -9.420210e-03 8.586121e-01 3.762554e-01 5.337747e-01 -3.555742e-02 -2.039030e+00 -1.325696e+00 -2.194689e-01 -1.373271e+00 -2.443024e-02 -8.500569e-02 -9.604132e-02 3.252080e-02 5.873402e-01 2.447433e-01 1.950581e-01 3.319164e-01 -8.048141e-02 -2.267327e-01 3.629053e-02 -1.673550e-01 -1.794054e-01 -2.503261e-03
<VARIANCE> 39
 4.715340e+00 5.220212e+00 1.181264e+01 5.585660e+00 1.125331e+01 1.685844e+01 4.009518e+00 1.027675e+01 1.366134e+01 3.281898e+00 7.859406e+00 1.580598e+01 1.000000e-02 7.123718e-02 3.555614e-01 1.324024e+00 1.175412e+00 9.492031e-01 2.331115e+00 4.853706e-01 9.455134e-01 1.435851e+00 2.068895e+00 1.617495e+00 1.675609e+00 1.000000e-02 1.000000e-02 3.501211e-02 1.370723e-01 1.328426e-01 1.191453e-01 4.680858e-01 2.292874e-02 2.125288e-01 1.587984e-01 1.243033e-01 1.909440e-01 2.389816e-01 1.000000e-02
<GCONST> 5.452534e+01
<STATE> 22
<MEAN> 39
 4.981565e+00 -2.175194e+01 -6.823643e+00 -2.598526e+00 -5.555505e+00 -6.585299e+00 4.359561e-01 -3.655935e+00 -1.809557e+00 -1.292249e+01 -3.416319e+00 -6.149938e+00 5.308477e-01 -2.865191e-01 5.724721e-02 2.352040e-02 2.101421e+00 1.122324e+00 2.398883e-01 8.655133e-01 -6.147425e-02 -1.481958e+00 -8.557940e-01 -1.044042e+00 -9.394084e-01 -2.786716e-02 -7.304470e-02 -3.466903e-02 -9.867243e-02 4.251898e-01 1.807686e-01 -1.260990e-01 1.485458e-01 3.051944e-01 4.930244e-01 3.054508e-01 -2.122582e-01 4.620526e-01 -3.393374e-03
<VARIANCE> 39
 1.954937e+00 2.991837e+00 2.999993e+01 1.197730e+01 1.662704e+01 1.809795e+01 3.686734e+00 1.261167e+01 1.459885e+01 1.309478e+01 1.227443e+01 8.248593e+00 1.000000e-02 1.245278e-01 2.529424e-01 1.050587e+00 8.840710e-01 8.530462e-01 1.306818e+00 2.384574e-01 6.219442e-01 1.296857e+00 1.926755e+00 1.390130e+00 3.721747e-01 1.000000e-02 2.037139e-02 8.507138e-02 3.538280e-01 2.628285e-01 1.360746e-01 3.067993e-01 9.776722e-02 2.465923e-01 2.243277e-01 3.287146e-01 3.261890e-01 3.737192e-01 1.000000e-02
<GCONST> 5.950819e+01
<STATE> 23
<MEAN> 39
 5.297935e+00 -2.114565e+01 -7.313190e+00 3.142902e+00 -2.460617e+00 -8.213167e+00 9.618606e-01 -2.530206e+00 -3.246870e+00 -1.635535e+01 -8.853618e+00 -7.754539e+00 4.855307e-01 -8.031648e-01 3.439586e-02 -1.404316e-01 1.100045e+00 1.345111e+00 3.113859e-01 9.399546e-01 6.732582e-01 -2.330282e-01 -2.463900e-01 -7.286809e-02 7.698556e-01 -3.893213e-02 -2.583306e-01 -1.157809e-01 -2.667225e-01 -6.198395e-01 -2.181659e-01 -1.678620e-01 -2.171836e-01 1.355843e-01 6.032228e-01 7.262976e-01 7.906232e-01 7.197396e-01 -4.091564e-03
<VARIANCE> 39
 3.223756e+00 4.502078e+00 1.913921e+01 1.037241e+01 2.000326e+01 2.182126e+01 8.915323e+00 6.142858e+00 1.127723e+01 1.927308e+01 1.203899e+01 5.420088e+00 1.000000e-02 1.250529e-01 3.838365e-01 1.385465e+00 8.123520e-01 9.864544e-01 1.322500e+00 9.966343e-01 1.125362e+00 9.404537e-01 1.387645e+00 1.157812e+00 9.320043e-01 1.000000e-02 1.213933e-02 6.488395e-02 2.250346e-01 2.105427e-01 2.871768e-01 3.356140e-01 1.479924e-01 1.184474e-01 1.518972e-01 3.703487e-01 2.756543e-01 1.244996e-01 1.000000e-02
<GCONST> 6.044459e+01
<STATE> 24
<MEAN> 39
 2.654200e+00 -2.054637e+01 -8.396611e+00 1.742928e+00 -1.128442e+00 -7.698398e+00 2.418560e+00 -5.152749e-01 -2.408312e+00 -1.376974e+01 -5.209648e+00 -4.266892e+00 3.837931e-01 -1.282602e+00 -2.892494e-01 -7.711985e-01 -6.528425e-01 2.787082e-01 -1.031597e-01 -5.669693e-02 5.112574e-01 8.951779e-01 1.790267e+00 1.889934e+00 2.147342e+00 -4.171358e-02 4.882315e-02 -1.291712e-01 -1.571137e-01 -3.729335e-01 -2.180479e-01 -1.120363e-01 -3.261153e-01 -1.314455e-01 2.486084e-01 4.836169e-01 4.258037e-01 1.261082e-01 5.851120e-03
<VARIANCE> 39
 2.440984e+00 2.687849e+00 8.574512e+00 3.605371e+00 1.060079e+01 6.274267e+00 4.688394e+00 8.536415e+00 1.136434e+01 1.098308e+01 7.385289e+00 1.626986e+01 1.000000e-02 9.115513e-02 4.582640e-01 9.871386e-01 6.742060e-01 1.387049e+00 8.679672e-01 8.759444e-01 4.013220e-01 5.372143e-01 1.278826e+00 1.200723e+00 2.324075e-01 1.000000e-02 4.098943e-02 2.082984e-01 8.317009e-02 1.321712e-01 2.370604e-01 1.279483e-01 2.548646e-01 7.257322e-02 1.042171e-01 1.667745e-01 1.817804e-01 2.485666e-01 1.000000e-02
<GCONST> 5.067332e+01
<STATE> 25
<MEAN> 39
 -3.384263e-01 -2.395228e+01 -1.095074e+01 2.723045e+00 6.214501e-01 -8.116531e+00 2.534874e+00 3.426493e-01 -2.927560e-01 -9.168776e+00 -9.259200e-01 -5.523869e-01 3.200740e-01 -7.064894e-01 -4.989718e-01 -9.131019e-01 -1.979661e-01 6.174414e-01 -2.411475e-01 -3.656617e-01 3.615890e-02 6.700585e-01 1.384845e+00 1.401447e+00 7.063620e-01 -1.850686e-02 3.253313e-01 3.762684e-01 4.755593e-01 -1.392593e-01 -1.420589e-01 2.343703e-01 -1.307438e-01 -3.131772e-01 -2.289055e-01 -3.318561e-01 -3.967129e-01 -4.070745e-01 6.886304e-03
<VARIANCE> 39
 3.976795e+00 4.938392e+00 5.479671e+00 1.020504e+01 1.037517e+01 2.593710e+00 4.234326e+00 8.854785e+00 3.332908e+00 1.794794e+01 2.037807e+01 1.397892e+00 1.000000e-02 3.705851e-01 1.056519e+00 1.243851e+00 7.213588e-01 1.354975e+00 1.416968e+00 1.757779e+00 7.418783e-01 8.809450e-01 1.827809e+00 1.025015e+00 2.127123e+00 1.000000e-02 5.923951e-02 1.288091e-01 1.486873e-01 1.642247e-01 2.276534e-01 1.219002e-01 1.449755e-01 2.051501e-01 4.928559e-02 1.032045e-01 2.128387e-01 1.173764e-01 1.000000e-02
<GCONST> 5.568961e+01
<STATE> 26
<MEAN> 39
 -1.347370e-02 -2.172216e+01 -1.046540e+01 1.178864e+00 2.115791e+00 -6.910785e+00 1.251600e+00 -1.800953e+00 2.137411e-01 -8.723549e+00 -4.550477e-03 -1.840083e-01 3.211777e-01 -1.190833e-01 1.085317e+00 5.179103e-01 -9.940443e-01 -1.621166e-02 2.394946e-01 -5.596295e-01 -7.130028e-01 1.342136e-02 9.504395e-01 6.144161e-01 5.643860e-01 -1.643643e-02 5.077609e-02 1.952950e-01 2.025018e-01 2.475291e-02 -1.888572e-01 -9.096798e-02 2.617626e-02 1.118779e-01 -2.205519e-01 -3.091624e-01 -2.658175e-01 -2.553744e-01 -9.542980e-04
<VARIANCE> 39
 1.030400e+00 1.180033e+01 5.817322e+00 6.503282e+00 8.540844e+00 1.226994e+01 1.851890e+01 8.051948e+00 4.101658e+00 9.133102e+00 7.057290e+00 1.009023e+01 1.000000e-02 4.296914e-01 7.666479e-01 8.585975e-01 7.608855e-01 1.102178e+00 8.002959e-01 6.769222e-01 1.044326e+00 5.382007e-01 5.827892e-01 8.440153e-01 3.231887e-01 1.000000e-02 5.017790e-02 2.744381e-01 2.113889e-01 1.860575e-01 2.883167e-01 2.010840e-01 4.306758e-01 1.543016e-01 1.390877e-01 3.805477e-01 3.679526e-01 2.721399e-01 1.000000e-02
<GCONST> 5.875159e+01
<STATE> 27
<MEAN> 39
 -3.536546e-01 -1.985154e+01 -9.763592e+00 -1.452292e+00 -6.119971e-01 -7.466971e+00 2.789077e-01 -1.326916e+00 -2.462242e-01 -6.077182e+00 1.534623e+00 7.609702e-01 2.719734e-01 -3.442819e-01 5.574806e-01 6.072319e-01 -6.658643e-03 1.989114e-01 2.187930e-02 -3.043986e-01 2.236208e-01 -2.800904e-01 3.151605e-01 4.703191e-01 1.215945e-01 -2.161353e-02 -1.211058e-01 -1.875544e-01 9.713437e-02 5.392477e-01 2.737418e-01 1.545289e-01 3.880850e-01 2.675323e-01 2.807887e-02 -4.772228e-01 -3.426713e-01 -1.730016e-01 -2.763389e-03
<VARIANCE> 39
 9.058874e-01 7.981880e+00 6.432986e+00 1.758282e+00 2.051558e+00 6.817411e+00 5.914186e+00 1.220379e+01 9.790970e+00 2.802557e+00 1.866583e+00 2.805645e+00 1.000000e-02 8.225933e-02 8.137742e-01 1.051614e+00 7.081668e-01 9.975867e-01 7.769220e-01 1.207010e+00 1.068298e+00 2.916718e-01 7.536514e-01 2.056301e+00 6.023197e-01 1.000000e-02 1.225657e-01 1.912473e-01 2.019107e-01 4.740094e-02 1.017013e-01 1.258527e-01 1.827929e-01 4.260076e-01 7.881177e-02 8.936269e-02 1.627600e-01 1.714816e-01 1.000000e-02
<GCONST> 4.600250e+01
<STATE> 28
<MEAN> 39
 -1.347809e+00 -2.006032e+01 -8.105603e+00 6.707386e-01 2.016793e+00 -7.505657e+00 4.662448e-01 -5.323814e-01 -7.436766e-01 -8.243248e+00 2.319000e-01 4.446878e-01 2.293336e-01 -8.134160e-01 1.225742e-01 2.371770e-01 6.243628e-01 4.537736e-01 4.612714e-01 9.312921e-01 6.813141e-01 4.267947e-01 -6.616285e-01 -5.041295e-01 1.974775e-01 -3.146855e-02 -2.209969e-01 1.697835e-01 -5.575769e-02 9.245276e-05 -1.169562e-01 8.845141e-02 1.253207e-01 4.135776e-02 4.430777e-01 9.075858e-02 -1.325582e-01 7.723261e-02 -9.387647e-03
<VARIANCE> 39
 2.036894e+00 2.157342e+00 4.299376e+00 5.008681e+00 8.753123e+00 1.981082e+01 1.259101e+01 1.136469e+01 6.320434e+00 8.388355e+00 1.656121e+01 7.165891e+00 1.000000e-02 6.353193e-01 3.239395e-01 3.832261e-01 3.152090e-01 4.740272e-01 9.325140e-01 8.696830e-01 1.448704e+00 7.187844e-01 1.018155e+00 5.276009e-01 8.204653e-01 1.000000e-02 4.280872e-02 6.113430e-02 1.484270e-01 1.574497e-01 2.258628e-01 3.354376e-01 3.424014e-01 2.401892e-01 1.007654e-01 2.068768e-01 3.105358e-01 6.672665e-02 1.000000e-02
<GCONST> 5.332106e+01
<STATE> 29
<MEAN> 39
 -3.224562e+00 -1.914159e+01 -9.062132e+00 1.048677e+00 9.504896e-01 -6.509174e+00 2.526357e+00 2.696102e-01 1.286167e+00 -8.159309e+00 7.046784e-02 2.178818e+00 1.353259e-01 -1.113657e+00 1.138242e+00 5.731634e-01 1.217495e-02 -1.721039e-01 3.898549e-01 -2.362145e-02 2.922448e-01 1.319941e+00 5.098234e-01 -1.646650e-01 3.325425e-01 -5.528507e-02 2.742539e-02 3.608368e-01 2.793521e-01 -2.864937e-01 -8.520561e-02 -2.720369e-02 -3.952813e-01 -1.937701e-01 9.474483e-02 3.747436e-01 1.035932e-01 -2.730346e-01 -3.884068e-03
<VARIANCE> 39
 4.836435e+00 2.787747e+00 1.611209e+00 2.827811e+00 4.872803e+00 9.240735e+00 1.163775e+01 4.862234e+00 1.276658e+01 2.509116e+01 9.053576e+00 8.229121e+00 1.000000e-02 2.318369e-01 1.939242e-01 4.334879e-01 8.521234e-01 9.782797e-01 1.542040e+00 9.509630e-01 9.439043e-01 1.283471e+00 1.594167e+00 1.048638e+00 7.066483e-01 1.000000e-02 1.228192e-01 4.319524e-02 2.051905e-02 7.052788e-02 1.146460e-01 2.465826e-01 1.007776e-01 2.376093e-01 2.135868e-01 3.861028e-01 3.028685e-01 2.191639e-01 1.000000e-02
<GCONST> 5.224133e+01
<STATE> 30
<MEAN> 39
 -5.715838e+00 -1.562313e+01 -5.910083e+00 8.948788e-01 1.583979e+00 -5.177068e+00 1.980160e+00 1.742387e+00 3.781353e+00 -6.907063e+00 -4.470674e-01 6.119735e-01 2.803585e-02 -5.680361e-01 1.375994e+00 1.120890e+00 -3.046782e-01 1.291624e-01 3.249336e-01 -5.064383e-01 -9.732538e-02 5.874019e-01 6.921890e-01 -6.017089e-02 -8.356236e-01 -3.960876e-02 3.798631e-01 1.667969e-03 5.465650e-02 -1.618777e-01 -1.518034e-02 -2.318034e-01 -1.702080e-01 -2.724982e-01 -4.482321e-01 8.581933e-02 2.390478e-01 -1.220431e-01 1.726380e-02
<VARIANCE> 39
 1.347006e+00 3.290722e+00 4.015501e+00 3.775749e+00 5.213083e+00 2.979805e+00 1.017021e+01 5.445684e+00 7.445004e+00 7.049218e+00 7.046988e+00 6.025816e+00 1.000000e-02 3.044732e-01 2.992099e-01 3.263175e-01 4.706959e-01 6.171835e-01 1.320433e+00 1.135536e+00 9.728885e-01 1.308728e+00 1.758910e+00 1.610750e+00 4.560771e-01 1.000000e-02 2.756798e-02 7.220279e-02 1.178065e-01 1.322408e-01 1.706883e-01 1.426097e-01 2.052455e-01 1.391981e-01 1.311573e-01 2.218429e-01 1.651610e-01 1.466214e-01 1.000000e-02
<GCONST> 4.777695e+01
<STATE> 31
<MEAN> 39
 -5.443838e+00 -1.313003e+01 -3.011859e+00 3.587367e-01 1.906169e+00 -4.748558e+00 -6.840730e-01 -2.887999e-01 5.528934e+00 -4.203837e+00 2.590352e-01 -1.083655e+00 -1.762889e-02 2.579149e-01 1.345315e+00 9.649117e-01 -8.400282e-01 -2.389725e-01 -4.928681e-01 -4.054910e-01 -4.678346e-01 -1.600879e-01 8.898497e-01 5.398897e-01 -1.052815e-01 7.174163e-03 2.466305e-01 -1.470557e-01 -2.490901e-01 2.830209e-02 2.641361e-04 -6.846915e-02 3.366817e-01 1.322409e-01 -4.405156e-01 -1.890291e-01 3.419706e-01 2.858335e-01 1.676635e-02
<VARIANCE> 39
 7.750416e-01 1.667717e+00 3.410467e+00 3.007261e+00 6.991375e+00 2.351716e+01 8.633838e+00 5.910529e+00 7.602409e+00 9.395982e+00 1.065990e+01 2.641032e+00 1.000000e-02 3.052715e-01 7.957454e-01 1.524351e+00 1.966199e-01 6.235928e-01 3.096340e-01 8.995740e-01 2.108556e-01 1.146949e-01 3.977245e-01 4.926204e-02 5.937400e-01 1.000000e-02 2.627376e-02 7.983842e-02 1.030561e-01 9.956345e-02 1.414996e-01 4.204023e-01 1.222834e-01 5.590970e-02 2.125951e-01 2.540350e-01 3.713144e-01 8.551782e-02 1.000000e-02
<GCONST> 3.961885e+01
<TRANSP> 32
 0.000000e+00 1.000000e+00 0.000000e+00 0.000000e+00 0.000000e+00 0.000000e+00 0.000000e+00 0.000000e+00 0.000000e+00 0.000000e+00 0.000000e+00 0.000000e+00 0.000000e+00 0.000000e+00 0.000000e+00 0.000000e+00 0.000000e+00 0.000000e+00 0.000000e+00 0.000000e+00 0.000000e+00 0.000000e+00 0.000000e+00 0.000000e+00 0.000000e+00 0.000000e+00 0.000000e+00 0.000000e+00 0.000000e+00 0.000000e+00 0.000000e+00 0.000000e+00
 0.000000e+00 6.428571e-01 3.571429e-01 0.000000e+00 0.000000e+00 0.000000e+00 0.000000e+00 0.000000e+00 0.000000e+00 0.000000e+00 0.000000e+00 0.000000e+00 0.000000e+00 0.000000e+00 0.000000e+00 0.000000e+00 0.000000e+00 0.000000e+00 0.000000e+00 0.000000e+00 0.000000e+00 0.000000e+00 0.000000e+00 0.000000e+00 0.000000e+00 0.000000e+00 0.000000e+00 0.000000e+00 0.000000e+00 0.000000e+00 0.000000e+00 0.000000e+00
 0.000000e+00 0.000000e+00 5.833333e-01 4.166667e-01 0.000000e+00 0.000000e+00 0.000000e+00 0.000000e+00 0.000000e+00 0.000000e+00 0.000000e+00 0.000000e+00 0.000000e+00 0.000000e+00 0.000000e+00 0.000000e+00 0.000000e+00 0.000000e+00 0.000000e+00 0.000000e+00 0.000000e+00 0.000000e+00 0.000000e+00 0.000000e+00 0.000000e+00 0.000000e+00 0.000000e+00 0.000000e+00 0.000000e+00 0.000000e+00 0.000000e+00 0.000000e+00
 0.000000e+00 0.000000e+00 0.000000e+00 5.000000e-01 5.000000e-01 0.000000e+00 0.000000e+00 0.000000e+00 0.000000e+00 0.000000e+00 0.000000e+00 0.000000e+00 0.000000e+00 0.000000e+00 0.000000e+00 0.000000e+00 0.000000e+00 0.000000e+00 0.000000e+00 0.000000e+00 0.000000e+00 0.000000e+00 0.000000e+00 0.000000e+00 0.000000e+00 0.000000e+00 0.000000e+00 0.000000e+00 0.000000e+00 0.000000e+00 0.000000e+00 0.000000e+00
 0.000000e+00 0.000000e+00 0.000000e+00 0.000000e+00 2.857143e-01 7.142857e-01 0.000000e+00 0.000000e+00 0.000000e+00 0.000000e+00 0.000000e+00 0.000000e+00 0.000000e+00 0.000000e+00 0.000000e+00 0.000000e+00 0.000000e+00 0.000000e+00 0.000000e+00 0.000000e+00 0.000000e+00 0.000000e+00 0.000000e+00 0.000000e+00 0.000000e+00 0.000000e+00 0.000000e+00 0.000000e+00 0.000000e+00 0.000000e+00 0.000000e+00 0.000000e+00
 0.000000e+00 0.000000e+00 0.000000e+00 0.000000e+00 0.000000e+00 1.666667e-01 8.333333e-01 0.000000e+00 0.000000e+00 0.000000e+00 0.000000e+00 0.000000e+00 0.000000e+00 0.000000e+00 0.000000e+00 0.000000e+00 0.000000e+00 0.000000e+00 0.000000e+00 0.000000e+00 0.000000e+00 0.000000e+00 0.000000e+00 0.000000e+00 0.000000e+00 0.000000e+00 0.000000e+00 0.000000e+00 0.000000e+00 0.000000e+00 0.000000e+00 0.000000e+00
 0.000000e+00 0.000000e+00 0.000000e+00 0.000000e+00 0.000000e+00 0.000000e+00 3.750000e-01 6.250000e-01 0.000000e+00 0.000000e+00 0.000000e+00 0.000000e+00 0.000000e+00 0.000000e+00 0.000000e+00 0.000000e+00 0.000000e+00 0.000000e+00 0.000000e+00 0.000000e+00 0.000000e+00 0.000000e+00 0.000000e+00 0.000000e+00 0.000000e+00 0.000000e+00 0.000000e+00 0.000000e+00 0.000000e+00 0.000000e+00 0.000000e+00 0.000000e+00
 0.000000e+00 0.000000e+00 0.000000e+00 0.000000e+00 0.000000e+00 0.000000e+00 0.000000e+00 3.750000e-01 6.250000e-01 0.000000e+00 0.000000e+00 0.000000e+00 0.000000e+00 0.000000e+00 0.000000e+00 0.000000e+00 0.000000e+00 0.000000e+00 0.000000e+00 0.000000e+00 0.000000e+00 0.000000e+00 0.000000e+00 0.000000e+00 0.000000e+00 0.000000e+00 0.000000e+00 0.000000e+00 0.000000e+00 0.000000e+00 0.000000e+00 0.000000e+00
 0.000000e+00 0.000000e+00 0.000000e+00 0.000000e+00 0.000000e+00 0.000000e+00 0.000000e+00 0.000000e+00 3.750000e-01 6.250000e-01 0.000000e+00 0.000000e+00 0.000000e+00 0.000000e+00 0.000000e+00 0.000000e+00 0.000000e+00 0.000000e+00 0.000000e+00 0.000000e+00 0.000000e+00 0.000000e+00 0.000000e+00 0.000000e+00 0.000000e+00 0.000000e+00 0.000000e+00 0.000000e+00 0.000000e+00 0.000000e+00 0.000000e+00 0.000000e+00
 0.000000e+00 0.000000e+00 0.000000e+00 0.000000e+00 0.000000e+00 0.000000e+00 0.000000e+00 0.000000e+00 0.000000e+00 5.000000e-01 5.000000e-01 0.000000e+00 0.000000e+00 0.000000e+00 0.000000e+00 0.000000e+00 0.000000e+00 0.000000e+00 0.000000e+00 0.000000e+00 0.000000e+00 0.000000e+00 0.000000e+00 0.000000e+00 0.000000e+00 0.000000e+00 0.000000e+00 0.000000e+00 0.000000e+00 0.000000e+00 0.000000e+00 0.000000e+00
 0.000000e+00 0.000000e+00 0.000000e+00 0.000000e+00 0.000000e+00 0.000000e+00 0.000000e+00 0.000000e+00 0.000000e+00 0.000000e+00 5.000000e-01 5.000000e-01 0.000000e+00 0.000000e+00 0.000000e+00 0.000000e+00 0.000000e+00 0.000000e+00 0.000000e+00 0.000000e+00 0.000000e+00 0.000000e+00 0.000000e+00 0.000000e+00 0.000000e+00 0.000000e+00 0.000000e+00 0.000000e+00 0.000000e+00 0.000000e+00 0.000000e+00 0.000000e+00
 0.000000e+00 0.000000e+00 0.000000e+00 0.000000e+00 0.000000e+00 0.000000e+00 0.000000e+00 0.000000e+00 0.000000e+00 0.000000e+00 0.000000e+00 5.000000e-01 5.000000e-01 0.000000e+00 0.000000e+00 0.000000e+00 0.000000e+00 0.000000e+00 0.000000e+00 0.000000e+00 0.000000e+00 0.000000e+00 0.000000e+00 0.000000e+00 0.000000e+00 0.000000e+00 0.000000e+00 0.000000e+00 0.000000e+00 0.000000e+00 0.000000e+00 0.000000e+00
 0.000000e+00 0.000000e+00 0.000000e+00 0.000000e+00 0.000000e+00 0.000000e+00 0.000000e+00 0.000000e+00 0.000000e+00 0.000000e+00 0.000000e+00 0.000000e+00 5.454546e-01 4.545455e-01 0.000000e+00 0.000000e+00 0.000000e+00 0.000000e+00 0.000000e+00 0.000000e+00 0.000000e+00 0.000000e+00 0.000000e+00 0.000000e+00 0.000000e+00 0.000000e+00 0.000000e+00 0.000000e+00 0.000000e+00 0.000000e+00 0.000000e+00 0.000000e+00
 0.000000e+00 0.000000e+00 0.000000e+00 0.000000e+00 0.000000e+00 0.000000e+00 0.000000e+00 0.000000e+00 0.000000e+00 0.000000e+00 0.000000e+00 0.000000e+00 0.000000e+00 5.454546e-01 4.545455e-01 0.000000e+00 0.000000e+00 0.000000e+00 0.000000e+00 0.000000e+00 0.000000e+00 0.000000e+00 0.000000e+00 0.000000e+00 0.000000e+00 0.000000e+00 0.000000e+00 0.000000e+00 0.000000e+00 0.000000e+00 0.000000e+00 0.000000e+00
 0.000000e+00 0.000000e+00 0.000000e+00 0.000000e+00 0.000000e+00 0.000000e+00 0.000000e+00 0.000000e+00 0.000000e+00 0.000000e+00 0.000000e+00 0.000000e+00 0.000000e+00 0.000000e+00 2.857143e-01 7.142857e-01 0.000000e+00 0.000000e+00 0.000000e+00 0.000000e+00 0.000000e+00 0.000000e+00 0.000000e+00 0.000000e+00 0.000000e+00 0.000000e+00 0.000000e+00 0.000000e+00 0.000000e+00 0.000000e+00 0.000000e+00 0.000000e+00
 0.000000e+00 0.000000e+00 0.000000e+00 0.000000e+00 0.000000e+00 0.000000e+00 0.000000e+00 0.000000e+00 0.000000e+00 0.000000e+00 0.000000e+00 0.000000e+00 0.000000e+00 0.000000e+00 0.000000e+00 2.857143e-01 7.142857e-01 0.000000e+00 0.000000e+00 0.000000e+00 0.000000e+00 0.000000e+00 0.000000e+00 0.000000e+00 0.000000e+00 0.000000e+00 0.000000e+00 0.000000e+00 0.000000e+00 0.000000e+00 0.000000e+00 0.000000e+00
 0.000000e+00 0.000000e+00 0.000000e+00 0.000000e+00 0.000000e+00 0.000000e+00 0.000000e+00 0.000000e+00 0.000000e+00 0.000000e+00 0.000000e+00 0.000000e+00 0.000000e+00 0.000000e+00 0.000000e+00 0.000000e+00 3.750000e-01 6.250000e-01 0.000000e+00 0.000000e+00 0.000000e+00 0.000000e+00 0.000000e+00 0.000000e+00 0.000000e+00 0.000000e+00 0.000000e+00 0.000000e+00 0.000000e+00 0.000000e+00 0.000000e+00 0.000000e+00
 0.000000e+00 0.000000e+00 0.000000e+00 0.000000e+00 0.000000e+00 0.000000e+00 0.000000e+00 0.000000e+00 0.000000e+00 0.000000e+00 0.000000e+00 0.000000e+00 0.000000e+00 0.000000e+00 0.000000e+00 0.000000e+00 0.000000e+00 6.153846e-01 3.846154e-01 0.000000e+00 0.000000e+00 0.000000e+00 0.000000e+00 0.000000e+00 0.000000e+00 0.000000e+00 0.000000e+00 0.000000e+00 0.000000e+00 0.000000e+00 0.000000e+00 0.000000e+00
 0.000000e+00 0.000000e+00 0.000000e+00 0.000000e+00 0.000000e+00 0.000000e+00 0.000000e+00 0.000000e+00 0.000000e+00 0.000000e+00 0.000000e+00 0.000000e+00 0.000000e+00 0.000000e+00 0.000000e+00 0.000000e+00 0.000000e+00 0.000000e+00 4.444444e-01 5.555556e-01 0.000000e+00 0.000000e+00 0.000000e+00 0.000000e+00 0.000000e+00 0.000000e+00 0.000000e+00 0.000000e+00 0.000000e+00 0.000000e+00 0.000000e+00 0.000000e+00
 0.000000e+00 0.000000e+00 0.000000e+00 0.000000e+00 0.000000e+00 0.000000e+00 0.000000e+00 0.000000e+00 0.000000e+00 0.000000e+00 0.000000e+00 0.000000e+00 0.000000e+00 0.000000e+00 0.000000e+00 0.000000e+00 0.000000e+00 0.000000e+00 0.000000e+00 5.000000e-01 5.000000e-01 0.000000e+00 0.000000e+00 0.000000e+00 0.000000e+00 0.000000e+00 0.000000e+00 0.000000e+00 0.000000e+00 0.000000e+00 0.000000e+00 0.000000e+00
 0.000000e+00 0.000000e+00 0.000000e+00 0.000000e+00 0.000000e+00 0.000000e+00 0.000000e+00 0.000000e+00 0.000000e+00 0.000000e+00 0.000000e+00 0.000000e+00 0.000000e+00 0.000000e+00 0.000000e+00 0.000000e+00 0.000000e+00 0.000000e+00 0.000000e+00 0.000000e+00 4.444444e-01 5.555556e-01 0.000000e+00 0.000000e+00 0.000000e+00 0.000000e+00 0.000000e+00 0.000000e+00 0.000000e+00 0.000000e+00 0.000000e+00 0.000000e+00
 0.000000e+00 0.000000e+00 0.000000e+00 0.000000e+00 0.000000e+00 0.000000e+00 0.000000e+00 0.000000e+00 0.000000e+00 0.000000e+00 0.000000e+00 0.000000e+00 0.000000e+00 0.000000e+00 0.000000e+00 0.000000e+00 0.000000e+00 0.000000e+00 0.000000e+00 0.000000e+00 0.000000e+00 3.750000e-01 6.250000e-01 0.000000e+00 0.000000e+00 0.000000e+00 0.000000e+00 0.000000e+00 0.000000e+00 0.000000e+00 0.000000e+00 0.000000e+00
 0.000000e+00 0.000000e+00 0.000000e+00 0.000000e+00 0.000000e+00 0.000000e+00 0.000000e+00 0.000000e+00 0.000000e+00 0.000000e+00 0.000000e+00 0.000000e+00 0.000000e+00 0.000000e+00 0.000000e+00 0.000000e+00 0.000000e+00 0.000000e+00 0.000000e+00 0.000000e+00 0.000000e+00 0.000000e+00 5.454546e-01 4.545455e-01 0.000000e+00 0.000000e+00 0.000000e+00 0.000000e+00 0.000000e+00 0.000000e+00 0.000000e+00 0.000000e+00
 0.000000e+00 0.000000e+00 0.000000e+00 0.000000e+00 0.000000e+00 0.000000e+00 0.000000e+00 0.000000e+00 0.000000e+00 0.000000e+00 0.000000e+00 0.000000e+00 0.000000e+00 0.000000e+00 0.000000e+00 0.000000e+00 0.000000e+00 0.000000e+00 0.000000e+00 0.000000e+00 0.000000e+00 0.000000e+00 0.000000e+00 4.444444e-01 5.555556e-01 0.000000e+00 0.000000e+00 0.000000e+00 0.000000e+00 0.000000e+00 0.000000e+00 0.000000e+00
 0.000000e+00 0.000000e+00 0.000000e+00 0.000000e+00 0.000000e+00 0.000000e+00 0.000000e+00 0.000000e+00 0.000000e+00 0.000000e+00 0.000000e+00 0.000000e+00 0.000000e+00 0.000000e+00 0.000000e+00 0.000000e+00 0.000000e+00 0.000000e+00 0.000000e+00 0.000000e+00 0.000000e+00 0.000000e+00 0.000000e+00 0.000000e+00 4.444444e-01 5.555556e-01 0.000000e+00 0.000000e+00 0.000000e+00 0.000000e+00 0.000000e+00 0.000000e+00
 0.000000e+00 0.000000e+00 0.000000e+00 0.000000e+00 0.000000e+00 0.000000e+00 0.000000e+00 0.000000e+00 0.000000e+00 0.000000e+00 0.000000e+00 0.000000e+00 0.000000e+00 0.000000e+00 0.000000e+00 0.000000e+00 0.000000e+00 0.000000e+00 0.000000e+00 0.000000e+00 0.000000e+00 0.000000e+00 0.000000e+00 0.000000e+00 0.000000e+00 4.444444e-01 5.555556e-01 0.000000e+00 0.000000e+00 0.000000e+00 0.000000e+00 0.000000e+00
 0.000000e+00 0.000000e+00 0.000000e+00 0.000000e+00 0.000000e+00 0.000000e+00 0.000000e+00 0.000000e+00 0.000000e+00 0.000000e+00 0.000000e+00 0.000000e+00 0.000000e+00 0.000000e+00 0.000000e+00 0.000000e+00 0.000000e+00 0.000000e+00 0.000000e+00 0.000000e+00 0.000000e+00 0.000000e+00 0.000000e+00 0.000000e+00 0.000000e+00 0.000000e+00 4.444444e-01 5.555556e-01 0.000000e+00 0.000000e+00 0.000000e+00 0.000000e+00
 0.000000e+00 0.000000e+00 0.000000e+00 0.000000e+00 0.000000e+00 0.000000e+00 0.000000e+00 0.000000e+00 0.000000e+00 0.000000e+00 0.000000e+00 0.000000e+00 0.000000e+00 0.000000e+00 0.000000e+00 0.000000e+00 0.000000e+00 0.000000e+00 0.000000e+00 0.000000e+00 0.000000e+00 0.000000e+00 0.000000e+00 0.000000e+00 0.000000e+00 0.000000e+00 0.000000e+00 5.000000e-01 5.000000e-01 0.000000e+00 0.000000e+00 0.000000e+00
 0.000000e+00 0.000000e+00 0.000000e+00 0.000000e+00 0.000000e+00 0.000000e+00 0.000000e+00 0.000000e+00 0.000000e+00 0.000000e+00 0.000000e+00 0.000000e+00 0.000000e+00 0.000000e+00 0.000000e+00 0.000000e+00 0.000000e+00 0.000000e+00 0.000000e+00 0.000000e+00 0.000000e+00 0.000000e+00 0.000000e+00 0.000000e+00 0.000000e+00 0.000000e+00 0.000000e+00 0.000000e+00 4.444444e-01 5.555556e-01 0.000000e+00 0.000000e+00
 0.000000e+00 0.000000e+00 0.000000e+00 0.000000e+00 0.000000e+00 0.000000e+00 0.000000e+00 0.000000e+00 0.000000e+00 0.000000e+00 0.000000e+00 0.000000e+00 0.000000e+00 0.000000e+00 0.000000e+00 0.000000e+00 0.000000e+00 0.000000e+00 0.000000e+00 0.000000e+00 0.000000e+00 0.000000e+00 0.000000e+00 0.000000e+00 0.000000e+00 0.000000e+00 0.000000e+00 0.000000e+00 0.000000e+00 5.454546e-01 4.545455e-01 0.000000e+00
 0.000000e+00 0.000000e+00 0.000000e+00 0.000000e+00 0.000000e+00 0.000000e+00 0.000000e+00 0.000000e+00 0.000000e+00 0.000000e+00 0.000000e+00 0.000000e+00 0.000000e+00 0.000000e+00 0.000000e+00 0.000000e+00 0.000000e+00 0.000000e+00 0.000000e+00 0.000000e+00 0.000000e+00 0.000000e+00 0.000000e+00 0.000000e+00 0.000000e+00 0.000000e+00 0.000000e+00 0.000000e+00 0.000000e+00 0.000000e+00 1.666667e-01 8.333333e-01
 0.000000e+00 0.000000e+00 0.000000e+00 0.000000e+00 0.000000e+00 0.000000e+00 0.000000e+00 0.000000e+00 0.000000e+00 0.000000e+00 0.000000e+00 0.000000e+00 0.000000e+00 0.000000e+00 0.000000e+00 0.000000e+00 0.000000e+00 0.000000e+00 0.000000e+00 0.000000e+00 0.000000e+00 0.000000e+00 0.000000e+00 0.000000e+00 0.000000e+00 0.000000e+00 0.000000e+00 0.000000e+00 0.000000e+00 0.000000e+00 0.000000e+00 0.000000e+00
<ENDHMM>
