~o
<STREAMINFO> 1 39
<VECSIZE> 39<NULLD><MFCC_E_D_A><DIAGC>
~h "Ngay"
<BEGINHMM>
<NUMSTATES> 10
<STATE> 2
<MEAN> 39
 -3.498440e+00 -7.476603e+00 -2.119637e+00 -6.244639e+00 5.079311e-01 -4.242517e+00 2.553917e+00 -1.905240e+00 -9.371485e-01 -5.314292e+00 -1.544594e+00 -4.058128e+00 1.455833e-01 8.156612e-01 -2.278217e-01 -5.724928e-01 -1.339899e+00 -6.584952e-01 -7.363881e-01 2.797389e-01 -5.563543e-01 -1.113984e+00 -4.718993e-01 -1.169984e+00 -3.094679e-01 7.336596e-02 1.554976e-01 -1.988616e-01 -2.429178e-01 -3.984416e-02 -2.216811e-01 -2.208306e-01 1.330492e-01 -1.425481e-01 -5.562191e-02 2.304688e-02 -1.182396e-01 -2.142232e-02 1.483355e-02
<VARIANCE> 39
 9.835696e+00 4.435458e+00 6.757188e+00 5.029410e+01 1.324483e+01 1.434278e+01 8.510259e+00 9.818021e+00 3.391436e+01 1.879055e+01 1.665068e+01 1.593358e+01 4.263583e-02 2.252503e+00 6.010675e-01 2.612903e+00 3.877882e+00 2.291934e+00 2.554422e+00 2.772809e+00 1.005681e+00 3.432865e+00 1.802510e+00 2.032510e+00 1.299990e+00 1.000000e-02 2.492056e-01 1.535546e-01 2.864951e-01 9.457620e-01 2.879568e-01 2.581593e-01 5.781037e-01 2.444274e-01 7.282375e-01 4.481838e-01 5.083269e-01 3.352602e-01 1.000000e-02
<GCONST> 8.681799e+01
<STATE> 3
<MEAN> 39
 -2.968545e+00 -1.390133e+01 -9.731400e+00 -8.965466e+00 -3.657403e+00 -9.068119e+00 1.138728e+01 -6.689308e+00 -3.133164e+00 -9.737500e+00 -7.470875e+00 -7.310032e+00 6.987103e-01 -1.018000e+00 -1.456074e+00 -1.435454e+00 1.138091e+00 5.732437e-01 -4.698346e-01 1.594538e+00 -5.763193e-01 3.380236e-01 -1.158096e+00 2.080883e-01 1.862245e-01 5.554236e-02 -1.722340e-01 -9.419630e-02 1.228819e-02 2.882460e-01 3.227716e-01 8.281209e-02 -2.296167e-01 6.199765e-02 1.801081e-01 -2.200527e-03 2.553024e-01 2.226127e-01 -8.726635e-03
<VARIANCE> 39
 5.800261e+01 1.757934e+01 4.817510e+01 5.330418e+01 2.685193e+01 7.363699e+01 4.602716e+01 1.553511e+01 3.500655e+01 3.587516e+01 1.830811e+01 2.189551e+01 2.499326e-02 5.823288e+00 8.131013e-01 2.726736e+00 4.025190e+00 2.234625e+00 4.045348e+00 4.098735e+00 2.098748e+00 2.123678e+00 2.642502e+00 1.871540e+00 3.005136e+00 1.000000e-02 1.549378e+00 1.264653e-01 7.324953e-01 6.111937e-01 2.906992e-01 8.436390e-01 1.231887e+00 4.664525e-01 4.569619e-01 5.631175e-01 2.694255e-01 3.855647e-01 1.000000e-02
<GCONST> 1.045880e+02
<STATE> 4
<MEAN> 39
 -8.028505e+00 -2.397256e+01 -1.804391e+01 3.859471e-01 4.121014e+00 -1.068837e+01 1.131812e+01 -6.316307e+00 8.418745e-01 -1.282700e+01 -4.486120e+00 -1.377135e+00 9.684419e-01 -1.165497e-01 -4.255773e-01 1.808643e-01 2.944310e-01 -1.180550e-01 3.173776e-01 -4.556898e-01 5.514986e-01 2.765514e-01 2.724833e-01 6.444392e-02 2.556495e-01 5.020102e-03 -4.674916e-02 2.004451e-01 2.055477e-01 -2.527228e-01 -2.839092e-01 1.095448e-01 1.936730e-01 8.471411e-02 -1.919795e-01 -7.568951e-03 -1.027609e-01 -1.898073e-01 -4.765434e-03
<VARIANCE> 39
 9.976194e+00 7.831436e+00 1.175494e+01 1.536947e+01 3.144514e+01 4.282762e+01 1.252836e+01 1.451630e+01 2.783150e+01 1.601091e+01 9.024218e+00 1.579785e+01 1.000000e-02 2.287268e-01 6.051840e-01 1.341635e+00 1.088688e+00 1.240872e+00 8.178604e-01 1.556162e+00 8.605434e-01 1.069752e+00 8.960980e-01 4.978949e-01 6.361237e-01 1.000000e-02 4.841944e-02 5.406842e-02 1.091261e-01 1.455810e-01 6.755622e-02 1.822574e-01 2.051177e-01 1.710292e-01 1.661950e-01 2.611568e-01 1.095620e-01 1.096506e-01 1.000000e-02
<GCONST> 6.300701e+01
<STATE> 5
<MEAN> 39
 -1.046242e+01 -2.335748e+01 -1.165484e+01 -2.717013e+00 -5.123910e+00 -4.663589e+00 1.491277e+01 -2.931804e+00 -4.708866e-01 -1.306388e+01 -6.083918e+00 -3.207763e+00 9.126134e-01 -1.397640e-01 7.092055e-01 9.177555e-01 -1.547101e+00 -1.806496e+00 5.967349e-01 9.024041e-01 -9.366047e-02 5.547527e-02 1.282641e+00 -7.677187e-01 -9.562809e-01 -2.115369e-02 1.599891e-01 7.170827e-02 4.037097e-02 -2.263611e-01 1.575180e-02 -2.278093e-01 -2.871460e-01 -1.701547e-01 5.451631e-01 7.763964e-01 -1.241817e-03 7.192567e-02 -1.211351e-03
<VARIANCE> 39
 3.983996e+00 1.343217e+01 2.214324e+01 2.739423e+01 2.310814e+01 2.769233e+01 1.249859e+01 2.655685e+01 1.699918e+01 1.701854e+01 9.382813e+00 2.008525e+01 1.000000e-02 1.821586e-01 4.788229e-01 3.468300e-01 1.096454e+00 5.210693e-01 6.367751e-01 1.015120e+00 7.224452e-01 2.331698e+00 4.094147e+00 7.028514e-01 5.485667e-01 1.000000e-02 2.319548e-02 1.382035e-01 5.739597e-02 1.759968e-01 1.249612e-01 1.687506e-01 2.053320e-01 1.931297e-01 1.786319e-01 2.708625e-01 1.607043e-01 1.753068e-01 1.000000e-02
<GCONST> 6.388323e+01
<STATE> 6
<MEAN> 39
 -8.544330e+00 -1.877777e+01 -6.344238e+00 -1.320706e+01 -1.317871e+01 -7.876575e+00 1.193634e+01 -5.304408e+00 5.140419e+00 5.647200e-01 -8.756231e+00 -3.503496e+00 7.810670e-01 7.619727e-01 3.468506e-01 8.093941e-01 -1.008928e+00 -4.788545e-01 -6.333689e-01 -1.262848e+00 -1.973426e-02 2.571508e-01 9.880356e-01 -2.185837e-01 7.781261e-01 -2.276884e-02 1.937590e-01 -1.811009e-01 1.591275e-02 3.058967e-01 3.099317e-01 1.254531e-01 -1.159270e-01 1.296321e-01 -3.802961e-01 -5.719972e-01 2.074506e-01 4.885193e-02 -1.902869e-03
<VARIANCE> 39
 9.343609e+00 5.628521e+00 4.225491e+01 2.547353e+01 1.786464e+01 2.829342e+01 2.415399e+01 1.712507e+01 1.618735e+01 2.164626e+01 1.524189e+01 2.083628e+01 1.000000e-02 4.271719e-01 4.392774e-01 5.235671e-01 1.477711e+00 1.507584e+00 1.010598e+00 9.097696e-01 1.449928e+00 2.583647e+00 5.094162e+00 1.287159e+00 7.630940e-01 1.000000e-02 3.788074e-02 5.910479e-02 1.028651e-01 1.218197e-01 1.630364e-01 2.184563e-01 3.327264e-01 1.945764e-01 3.172618e-01 7.249280e-01 2.932693e-01 2.822301e-01 1.000000e-02
<GCONST> 7.348838e+01
<STATE> 7
<MEAN> 39
 1.270834e+00 -2.080603e+01 -2.659461e+00 -1.064580e+01 -1.222670e+01 -6.750625e+00 4.857611e+00 -3.572580e+00 -1.291427e-01 -1.925676e+00 -5.929712e+00 -2.461934e+00 5.764628e-01 8.784951e-01 -3.395776e-01 1.498703e-01 1.320519e+00 3.163883e-01 5.006424e-01 -4.354318e-02 6.462085e-02 -8.457286e-01 -1.059587e+00 4.925515e-01 -5.962130e-01 -2.983869e-02 -2.838909e-01 1.035945e-01 -2.220472e-01 2.534360e-01 5.960039e-02 -6.757895e-02 2.957737e-01 -6.826789e-03 4.641621e-02 -1.362192e-01 -1.256441e-01 -5.118708e-02 -5.106477e-04
<VARIANCE> 39
 1.895131e+01 5.929379e+00 2.015622e+01 2.870191e+01 2.078049e+01 1.888339e+01 8.329592e+00 1.690750e+01 8.430915e+00 1.496881e+01 1.474463e+01 1.279147e+01 1.000000e-02 1.431518e+00 7.941505e-01 9.234602e-01 2.019624e+00 1.861784e+00 1.366549e+00 2.540248e+00 1.309716e+00 1.077572e+00 2.598283e+00 2.539108e+00 1.728547e+00 1.000000e-02 1.532264e-01 1.166415e-01 1.182603e-01 2.728965e-01 4.012503e-01 2.415361e-01 2.140288e-01 3.866885e-01 2.512715e-01 5.226133e-01 3.644469e-01 3.326396e-01 1.000000e-02
<GCONST> 7.891355e+01
<STATE> 8
<MEAN> 39
 -1.541632e+00 -2.178024e+01 -4.490931e+00 -1.211244e-01 -5.248141e+00 -6.250854e+00 6.706157e+00 -1.246546e+00 -1.676431e+00 -7.128346e+00 -3.849384e+00 -3.185750e+00 3.197467e-01 -7.910274e-01 2.186951e-01 -3.095310e-01 6.924378e-01 9.788334e-01 -1.156611e-01 -3.099768e-01 3.433360e-01 2.379609e-01 1.957753e-02 4.006421e-01 4.156334e-01 -3.831836e-02 -2.329781e-02 1.334312e-01 1.383252e-01 -2.989620e-01 -1.309783e-01 5.541506e-02 -1.065667e-01 -3.729356e-02 1.562275e-01 2.194911e-01 7.937644e-02 1.094889e-01 -5.978201e-04
<VARIANCE> 39
 1.097926e+01 1.613563e+01 1.496142e+01 9.082238e+00 2.145761e+01 1.326835e+01 1.782686e+01 1.498572e+01 1.109196e+01 8.824783e+00 1.503055e+01 2.663537e+01 1.000000e-02 6.334725e-01 9.624292e-01 9.632905e-01 1.331203e+00 1.761011e+00 9.869357e-01 1.160209e+00 1.648845e+00 1.114035e+00 1.208448e+00 1.329909e+00 1.838096e+00 1.000000e-02 1.309685e-01 1.752013e-01 1.559572e-01 2.066956e-01 3.831761e-01 1.759438e-01 3.463304e-01 3.637881e-01 2.781543e-01 3.754831e-01 3.543265e-01 3.699748e-01 1.000000e-02
<GCONST> 7.564365e+01
<STATE> 9
<MEAN> 39
 -4.907902e+00 -1.402683e+01 -2.725173e+00 -4.660651e-01 -1.297274e+00 -5.207480e+00 4.926573e+00 -1.441633e-01 -3.057407e-01 -5.839030e+00 2.345757e-01 1.045186e-01 7.765973e-02 -2.966018e-01 1.072604e+00 4.287796e-01 -3.259765e-01 3.804944e-01 5.987189e-01 -5.204086e-02 -9.295405e-02 -3.107793e-03 3.524822e-01 6.071880e-01 1.980172e-01 -2.172362e-02 1.854031e-02 -1.454324e-01 -1.166282e-01 4.226372e-02 -2.370002e-04 -6.381585e-02 -7.058590e-02 -1.199678e-01 -5.551989e-02 8.549823e-02 -5.589475e-02 -1.140072e-01 3.008886e-03
<VARIANCE> 39
 1.784469e+00 1.451153e+01 9.458684e+00 5.171912e+00 9.302552e+00 1.174195e+01 7.634347e+00 1.360695e+01 9.147081e+00 7.395019e+00 1.218336e+01 7.349105e+00 1.000000e-02 2.793235e-01 1.486315e+00 9.619187e-01 5.337798e-01 7.567169e-01 1.172963e+00 7.923511e-01 2.278742e+00 1.119284e+00 9.465261e-01 1.119594e+00 5.942785e-01 1.000000e-02 6.740714e-02 2.471311e-01 2.327972e-01 1.246620e-01 1.576409e-01 2.724220e-01 1.043961e-01 3.062178e-01 2.372655e-01 2.275676e-01 2.455131e-01 1.442093e-01 1.000000e-02
<GCONST> 6.114256e+01
<TRANSP> 10
 0.000000e+00 1.000000e+00 0.000000e+00 0.000000e+00 0.000000e+00 0.000000e+00 0.000000e+00 0.000000e+00 0.000000e+00 0.000000e+00
 0.000000e+00 8.214286e-01 1.785714e-01 0.000000e+00 0.000000e+00 0.000000e+00 0.000000e+00 0.000000e+00 0.000000e+00 0.000000e+00
 0.000000e+00 0.000000e+00 8.750000e-01 1.250000e-01 0.000000e+00 0.000000e+00 0.000000e+00 0.000000e+00 0.000000e+00 0.000000e+00
 0.000000e+00 0.000000e+00 0.000000e+00 9.000000e-01 9.999999e-02 0.000000e+00 0.000000e+00 0.000000e+00 0.000000e+00 0.000000e+00
 0.000000e+00 0.000000e+00 0.000000e+00 0.000000e+00 8.076923e-01 1.923077e-01 0.000000e+00 0.000000e+00 0.000000e+00 0.000000e+00
 0.000000e+00 0.000000e+00 0.000000e+00 0.000000e+00 0.000000e+00 8.611111e-01 1.388889e-01 0.000000e+00 0.000000e+00 0.000000e+00
 0.000000e+00 0.000000e+00 0.000000e+00 0.000000e+00 0.000000e+00 0.000000e+00 8.648649e-01 1.351351e-01 0.000000e+00 0.000000e+00
 0.000000e+00 0.000000e+00 0.000000e+00 0.000000e+00 0.000000e+00 0.000000e+00 0.000000e+00 8.750000e-01 1.250000e-01 0.000000e+00
 0.000000e+00 0.000000e+00 0.000000e+00 0.000000e+00 0.000000e+00 0.000000e+00 0.000000e+00 0.000000e+00 8.529412e-01 1.470588e-01
 0.000000e+00 0.000000e+00 0.000000e+00 0.000000e+00 0.000000e+00 0.000000e+00 0.000000e+00 0.000000e+00 0.000000e+00 0.000000e+00
<ENDHMM>
