~o
<STREAMINFO> 1 39
<VECSIZE> 39<NULLD><MFCC_E_D_A><DIAGC>
~h "Ngu*ng"
<BEGINHMM>
<NUMSTATES> 9
<STATE> 2
<MEAN> 39
 -6.115485e+00 -7.710414e+00 -1.066915e+00 -1.290712e+00 1.022207e+00 -4.328472e+00 7.010074e-01 -2.087502e+00 2.040860e+00 -3.391186e+00 2.472848e+00 -2.502913e+00 1.508834e-01 2.152384e-01 4.508231e-02 -1.777226e-01 -3.322345e-01 -2.284657e-01 -8.130949e-02 -1.071167e-01 1.529114e-02 -1.654090e-01 -1.048339e-01 -4.178629e-01 -1.834639e-01 1.216027e-02 1.814371e-01 -4.185622e-03 -1.302737e-01 -1.649873e-01 -8.640745e-02 -7.803591e-02 -6.686734e-02 -4.474463e-02 -6.360283e-02 -6.034576e-03 -9.135287e-02 -5.418846e-02 7.015184e-03
<VARIANCE> 39
 9.244090e+00 1.300391e+01 1.350294e+01 1.372359e+01 7.996386e+00 1.122212e+01 1.281006e+01 1.049368e+01 1.263273e+01 1.198973e+01 1.621546e+01 1.106195e+01 1.000000e-02 1.910750e+00 1.735717e+00 1.925034e+00 2.446245e+00 1.127975e+00 9.638228e-01 1.085234e+00 1.565411e+00 1.409314e+00 1.546872e+00 2.097075e+00 1.407219e+00 1.000000e-02 4.121141e-01 3.476112e-01 4.125162e-01 4.352356e-01 2.065881e-01 1.864417e-01 2.127407e-01 3.256872e-01 2.728055e-01 3.205588e-01 3.645382e-01 2.771518e-01 1.000000e-02
<GCONST> 7.838844e+01
<STATE> 3
<MEAN> 39
 1.673290e+00 -9.930072e+00 -9.920827e+00 -1.100303e+01 -3.691565e+00 -1.259142e+01 7.878162e-01 -4.960678e-01 -5.219661e+00 -6.185439e+00 -1.023598e+01 -4.071961e+00 7.632406e-01 -8.342658e-01 -8.739895e-01 -1.168378e+00 -5.215695e-01 2.717156e-01 -5.445329e-01 -9.760309e-02 1.232218e+00 4.283629e-01 -2.249699e-02 -1.433888e+00 3.013412e-02 6.669142e-02 -3.980383e-01 -8.256222e-02 1.460225e-01 1.990917e-01 2.839639e-01 4.573552e-01 -8.683222e-02 1.487271e-01 3.579653e-01 9.245816e-02 1.906236e-01 3.184747e-02 -1.078253e-02
<VARIANCE> 39
 5.772276e+01 1.430524e+01 2.598429e+01 7.262730e+00 2.308401e+01 5.439589e+01 1.720383e+01 4.530180e+01 2.779688e+01 1.786073e+01 2.595347e+01 1.300996e+01 2.752754e-02 9.907045e+00 1.062552e+00 2.049260e+00 1.652854e+00 3.339810e+00 8.549339e+00 3.557573e+00 4.110870e+00 5.424777e+00 2.804907e+00 1.518337e+00 1.432563e+00 1.000000e-02 1.569086e+00 2.264626e-01 3.965949e-01 3.242540e-01 5.305307e-01 1.345933e+00 7.314293e-01 8.730894e-01 7.788799e-01 6.385150e-01 3.163947e-01 3.659216e-01 1.000000e-02
<GCONST> 1.030365e+02
<STATE> 4
<MEAN> 39
 -8.204406e+00 -1.423941e+01 -1.475426e+01 -1.537950e+01 5.122152e+00 -4.219318e+00 -5.566080e+00 5.776261e+00 2.873296e+00 -3.716567e+00 -1.434640e+01 -6.813025e+00 9.682661e-01 3.934412e-01 1.958014e-01 1.673156e-01 -8.961918e-01 6.159869e-01 9.482030e-01 -1.099003e+00 -1.009619e+00 -1.471686e-01 7.746696e-01 4.815858e-01 -4.858648e-01 -8.146398e-03 2.953711e-01 7.689703e-02 3.957961e-01 -5.206537e-02 -4.261461e-01 -4.388449e-01 2.276397e-01 -3.403266e-01 -3.607379e-01 1.216791e-01 6.706993e-02 1.479044e-01 -7.382108e-03
<VARIANCE> 39
 1.252368e+01 4.977013e+00 1.164258e+01 2.235814e+01 1.396768e+01 8.532539e+00 2.494390e+01 1.296156e+01 1.838820e+01 9.143527e+00 1.669741e+01 1.108473e+01 1.000000e-02 2.767247e-01 2.651456e-01 1.169104e+00 8.849764e-01 2.792412e+00 1.706818e+00 7.378563e-01 1.149383e+00 1.599645e+00 1.296063e+00 9.953733e-01 9.149236e-01 1.000000e-02 5.318209e-02 8.834546e-02 9.455784e-02 1.550786e-01 2.325117e-01 1.906870e-01 1.667812e-01 1.476486e-01 3.101500e-01 2.038764e-01 3.430670e-01 2.492149e-01 1.000000e-02
<GCONST> 6.629195e+01
<STATE> 5
<MEAN> 39
 -2.019467e+00 -1.338980e+01 -7.488180e+00 -2.019937e+01 1.259839e-01 -4.109536e+00 -7.473371e+00 -3.416474e+00 -1.360371e+00 1.803847e+00 -1.285943e+01 -6.593866e+00 8.639364e-01 2.265537e+00 -8.266551e-01 2.768548e+00 -1.608859e-02 -2.387239e+00 -7.042791e-01 1.018085e+00 -1.288769e+00 2.744209e-01 -7.084705e-01 3.931233e-01 1.315547e+00 -2.072359e-02 1.304148e-01 -2.235818e-01 -1.481970e-01 4.815485e-01 -6.496628e-02 1.370858e-01 2.265748e-01 3.053018e-01 5.621467e-01 -8.234829e-01 3.575394e-01 6.730165e-02 2.703583e-03
<VARIANCE> 39
 1.930578e+01 6.300145e+00 2.790932e+01 5.979591e+00 5.867280e+01 1.146948e+01 3.328919e+01 2.547785e+01 2.445267e+01 1.277626e+01 1.444810e+01 2.019460e+01 1.000000e-02 2.013370e-01 3.847632e-01 5.654721e-01 1.168862e+00 8.800683e-01 1.504305e+00 2.297643e+00 2.109503e+00 1.381361e+00 2.732145e+00 2.533983e+00 2.227894e+00 1.000000e-02 1.118165e-01 1.097207e-01 3.207402e-01 3.463276e-01 5.175583e-01 3.959128e-01 6.035126e-01 3.344594e-01 1.191018e-01 2.762954e-01 4.556609e-01 4.873317e-01 1.000000e-02
<GCONST> 7.969847e+01
<STATE> 6
<MEAN> 39
 5.239405e+00 -1.730018e+01 -3.465731e+00 -1.699348e+01 -7.254730e+00 -3.470884e+00 -7.278727e+00 -6.666677e+00 4.998459e+00 -5.557088e+00 -8.581861e+00 -3.323600e+00 7.414336e-01 5.219522e-01 1.042261e-01 -5.383386e-01 7.993208e-01 -5.069911e-01 -1.731019e-01 2.269164e-02 -1.223945e-01 3.788605e-01 -4.984834e-01 5.307305e-01 1.787839e-02 -1.865003e-02 -2.044051e-01 2.115560e-01 -1.946640e-01 1.170952e-01 3.254519e-01 -1.398510e-01 -5.878198e-03 2.247988e-01 -1.750355e-01 9.601204e-02 -1.006475e-01 -5.166797e-02 -7.648018e-04
<VARIANCE> 39
 8.123331e+00 2.281295e+00 2.218987e+01 1.295569e+01 3.441635e+01 1.358137e+01 1.233803e+01 1.551029e+01 2.377470e+01 1.052967e+01 1.706555e+01 8.907067e+00 1.096096e-02 5.038595e-01 5.802550e-01 1.274613e+00 1.321968e+00 2.072462e+00 1.464307e+00 1.076354e+00 1.435635e+00 1.774968e+00 9.081402e-01 1.501713e+00 5.652403e-01 1.000000e-02 6.873704e-02 3.868753e-02 3.988029e-01 1.832982e-01 2.807608e-01 2.619711e-01 2.782725e-01 1.288287e-01 3.777901e-01 1.235221e-01 3.129067e-01 1.990660e-01 1.000000e-02
<GCONST> 6.930856e+01
<STATE> 7
<MEAN> 39
 6.144022e+00 -1.177430e+01 -8.196070e+00 -7.600066e+00 -4.634495e+00 -9.913972e+00 -3.600240e+00 -3.488687e+00 7.480626e-01 -8.481829e+00 -6.972018e+00 -5.599425e+00 5.819720e-01 -8.349108e-01 4.080153e-01 3.367542e-01 1.002114e+00 9.537899e-01 9.744343e-02 3.981142e-01 3.658890e-01 -9.841166e-02 -2.390092e-01 7.947331e-02 -2.821209e-01 -3.879804e-02 -1.441771e-01 -1.345344e-01 5.297721e-02 -1.622027e-01 -3.337807e-02 2.204002e-01 3.035662e-02 -4.470646e-02 9.499092e-02 1.880921e-01 9.545258e-02 7.076298e-02 -2.726256e-03
<VARIANCE> 39
 2.085811e+01 8.760183e+00 1.764998e+01 1.360357e+01 2.748391e+01 1.311240e+01 7.725914e+00 1.101120e+01 3.459385e+01 8.082073e+00 1.223837e+01 1.283075e+01 3.754493e-02 9.458899e-01 7.365283e-01 1.467387e+00 1.463537e+00 8.382109e-01 1.736787e+00 1.004939e+00 1.051148e+00 1.391098e+00 8.615574e-01 1.384460e+00 1.340982e+00 1.000000e-02 1.396229e-01 1.332565e-01 2.760239e-01 2.802856e-01 1.646264e-01 3.069477e-01 1.732025e-01 2.105231e-01 2.668049e-01 1.603680e-01 3.280108e-01 3.275399e-01 1.000000e-02
<GCONST> 7.430464e+01
<STATE> 8
<MEAN> 39
 -3.335837e+00 -1.028105e+01 -2.031934e+00 -3.086313e+00 1.102678e+00 -3.895730e+00 -5.584148e-01 -1.827007e+00 3.599838e+00 -5.304508e+00 -1.158638e+00 -1.891176e+00 2.086980e-01 -4.435704e-01 1.806061e-01 2.635534e-01 5.913849e-02 8.628201e-03 1.911742e-01 1.933226e-01 9.506014e-02 -1.887662e-02 5.012407e-01 6.130961e-01 3.005992e-01 -1.955229e-02 8.966245e-02 3.442141e-02 -9.549633e-03 -4.540451e-02 -3.749332e-02 -5.721102e-02 -8.532167e-02 -6.931166e-02 -4.628111e-02 -5.747161e-02 -9.520180e-02 -5.025409e-02 3.857194e-03
<VARIANCE> 39
 3.765930e+00 5.362733e+00 8.788429e+00 9.547886e+00 6.469051e+00 8.538862e+00 2.137044e+01 1.093340e+01 1.663218e+01 1.296130e+01 1.321163e+01 1.070086e+01 1.000000e-02 1.854283e-01 7.931539e-01 1.041569e+00 7.169096e-01 9.229457e-01 1.248269e+00 1.803391e+00 1.337125e+00 1.413261e+00 1.132166e+00 1.076065e+00 9.699882e-01 1.000000e-02 4.900049e-02 1.756557e-01 1.934184e-01 1.390837e-01 1.947224e-01 2.381480e-01 3.872945e-01 2.833053e-01 2.933311e-01 2.571161e-01 1.538786e-01 2.055323e-01 1.000000e-02
<GCONST> 6.472288e+01
<TRANSP> 9
 0.000000e+00 1.000000e+00 0.000000e+00 0.000000e+00 0.000000e+00 0.000000e+00 0.000000e+00 0.000000e+00 0.000000e+00
 0.000000e+00 9.404762e-01 5.952381e-02 0.000000e+00 0.000000e+00 0.000000e+00 0.000000e+00 0.000000e+00 0.000000e+00
 0.000000e+00 0.000000e+00 8.888889e-01 1.111111e-01 0.000000e+00 0.000000e+00 0.000000e+00 0.000000e+00 0.000000e+00
 0.000000e+00 0.000000e+00 0.000000e+00 8.648649e-01 1.351351e-01 0.000000e+00 0.000000e+00 0.000000e+00 0.000000e+00
 0.000000e+00 0.000000e+00 0.000000e+00 0.000000e+00 7.058824e-01 2.941177e-01 0.000000e+00 0.000000e+00 0.000000e+00
 0.000000e+00 0.000000e+00 0.000000e+00 0.000000e+00 0.000000e+00 8.863636e-01 1.136364e-01 0.000000e+00 0.000000e+00
 0.000000e+00 0.000000e+00 0.000000e+00 0.000000e+00 0.000000e+00 0.000000e+00 8.863636e-01 1.136364e-01 0.000000e+00
 0.000000e+00 0.000000e+00 0.000000e+00 0.000000e+00 0.000000e+00 0.000000e+00 0.000000e+00 9.090909e-01 9.090909e-02
 0.000000e+00 0.000000e+00 0.000000e+00 0.000000e+00 0.000000e+00 0.000000e+00 0.000000e+00 0.000000e+00 0.000000e+00
<ENDHMM>
