~o
<STREAMINFO> 1 39
<VECSIZE> 39<NULLD><MFCC_E_D_A><DIAGC>
~h "Nhanh"
<BEGINHMM>
<NUMSTATES> 9
<STATE> 2
<NUMMIXES> 4
<MIXTURE> 1 3.703704e-01
<MEAN> 39
 -7.869343e+00 -1.035686e+01 3.002151e+00 -3.251838e+00 -1.726235e+00 2.938467e+00 -1.616596e-01 -5.128613e+00 1.003049e+01 -2.235859e+00 -3.482125e+00 3.950384e+00 2.593782e-02 6.351039e-02 3.329408e-02 -1.283595e-02 -1.721757e-01 -3.629103e-01 -2.651432e-01 -1.962340e-01 -1.491512e-01 6.760249e-02 -1.079233e-01 -1.350157e-01 -3.226912e-01 -9.966532e-04 3.727362e-02 1.791423e-02 -6.659207e-02 -5.774907e-02 2.218788e-03 -8.255494e-02 3.423260e-02 2.896529e-02 -1.810459e-01 -1.146328e-01 -1.658304e-02 -3.175381e-02 -6.057275e-04
<VARIANCE> 39
 7.032315e-01 2.220764e+00 2.960202e+00 6.933188e+00 4.580424e+00 6.410937e+00 2.096511e+01 1.432724e+01 2.311459e+01 1.283947e+01 1.454413e+01 1.941634e+01 1.000000e-02 8.188673e-02 1.749708e-01 2.787991e-01 9.580272e-01 6.698872e-01 7.028981e-01 2.961786e+00 9.872400e-01 5.216726e+00 2.269018e+00 2.124576e+00 2.104111e+00 1.000000e-02 1.531389e-02 3.381695e-02 7.968121e-02 1.871654e-01 1.006046e-01 1.662055e-01 8.232363e-01 2.434698e-01 1.125317e+00 5.754724e-01 4.791170e-01 5.116155e-01 1.000000e-02
<GCONST> 6.116278e+01
<MIXTURE> 2 1.851852e-01
<MEAN> 39
 5.712222e+00 -6.777995e+00 -8.770970e+00 -1.092148e+01 -4.015952e+00 -6.486953e+00 6.923665e-01 -3.577128e+00 -4.055066e+00 -7.003000e+00 -4.580013e+00 -6.902257e+00 4.974815e-01 1.654449e+00 -3.857551e-01 -1.535923e+00 -1.512807e+00 -1.070965e+00 -4.206341e-01 -6.937236e-02 -7.517977e-01 1.990117e-01 -7.357885e-01 -1.461676e+00 -3.793764e-01 9.538700e-02 -1.159528e+00 -4.938740e-01 4.283199e-01 4.453211e-01 -3.234772e-02 -4.325628e-02 1.115884e-01 -9.511263e-02 5.515201e-01 4.153860e-01 8.531874e-02 2.065088e-01 -1.478872e-02
<VARIANCE> 39
 1.827987e+01 3.042979e+00 8.297404e+00 4.148787e+00 8.151250e+00 8.777972e+00 7.549352e+00 4.510052e+00 7.959743e+00 7.371732e+00 3.720221e+00 2.277977e+00 1.997278e-02 4.714050e+00 1.487496e+00 3.626583e+00 3.623044e+00 1.693368e+00 5.050918e+00 3.149202e-01 3.271348e-01 2.398458e+00 1.142511e+00 8.111531e-01 5.371815e-01 1.000000e-02 4.191914e-01 8.760311e-02 4.411572e-01 1.552955e-01 4.866491e-01 4.030288e-01 5.152326e-02 3.341320e-01 3.508750e-01 3.285372e-01 1.418952e-01 9.551220e-02 1.000000e-02
<GCONST> 6.655459e+01
<MIXTURE> 3 2.407407e-01
<MEAN> 39
 -5.037929e+00 -9.078910e+00 -1.904469e+00 -2.812579e+00 -4.166765e-01 -5.071312e+00 1.740647e+00 -2.376273e+00 1.190432e+00 -1.994492e+00 5.983273e-01 -3.016457e+00 7.632776e-02 1.825860e+00 7.325381e-01 -7.275441e-01 -1.585223e+00 -5.247602e-01 -1.205252e+00 -1.194951e+00 -1.053129e+00 -1.564040e+00 -9.836029e-01 -4.469118e-01 -5.561802e-01 8.219757e-02 7.028313e-01 9.736732e-02 -5.936166e-01 -6.758044e-01 -3.374271e-01 -2.068676e-03 1.101381e-01 1.379993e-01 -4.380451e-01 -5.816221e-01 -3.929415e-01 -3.849356e-01 2.472746e-02
<VARIANCE> 39
 3.921201e+00 4.970501e+00 4.177406e+00 4.116860e+00 3.006132e+00 6.101201e+00 4.543872e+00 9.823567e+00 1.019052e+01 1.067686e+01 1.502472e+01 5.475490e+00 1.079645e-02 1.628857e+00 3.177987e-01 1.319309e+00 2.202699e+00 1.554162e+00 9.223413e-01 5.980925e-01 1.012191e+00 2.207554e+00 2.623825e+00 1.332684e+00 1.040255e+00 1.000000e-02 1.121449e-01 1.476156e-01 2.412525e-01 2.147734e-01 2.877068e-01 3.336911e-01 1.579583e-01 1.624815e-01 4.658151e-01 1.563035e-01 2.225424e-01 8.978598e-02 1.000000e-02
<GCONST> 6.230989e+01
<MIXTURE> 4 2.037037e-01
<MEAN> 39
 7.321445e+00 -1.059212e+01 -1.182986e+01 -1.103133e+01 -8.355613e+00 -1.310282e+01 -1.024401e+00 -6.676015e+00 -5.853656e+00 -8.380489e+00 -6.155279e+00 -5.773270e+00 6.164561e-01 -1.536526e+00 -1.084190e+00 -2.798756e-02 -4.261754e-01 -1.519273e-02 -3.160717e-01 8.303387e-01 4.503565e-01 -3.613511e-01 -3.166627e-01 -3.905296e-01 -5.167739e-01 4.952922e-02 -1.389307e+00 -1.195343e-01 6.398682e-01 2.231393e-02 7.506057e-01 9.517502e-01 7.053097e-01 5.447969e-01 2.577202e-01 3.935494e-02 4.568040e-01 -4.098681e-01 -7.990379e-03
<VARIANCE> 39
 1.565480e+01 9.535698e+00 9.408955e+00 6.858431e+00 6.357234e+00 2.105587e+01 2.082971e+00 1.090429e+01 2.523216e+01 5.147284e+00 1.236136e+01 3.839478e+00 2.756677e-02 7.969572e+00 1.437989e+00 2.707883e+00 2.001312e+00 5.089282e+00 6.986150e+00 2.088799e+00 3.641306e+00 4.235215e+00 1.767746e+00 1.861805e+00 8.453594e-01 1.000000e-02 2.444114e-01 2.821799e-01 2.104687e-01 7.465763e-01 1.498836e-01 7.037127e-01 1.663038e-01 3.990358e-01 3.830180e-01 4.357109e-01 2.914429e-01 1.599312e-01 1.000000e-02
<GCONST> 8.264735e+01
<STATE> 3
<NUMMIXES> 4
<MIXTURE> 1 1.666667e-01
<MEAN> 39
 -7.121233e+00 -7.977057e+00 1.043215e+00 -1.059362e+01 -2.500407e+00 8.110065e-01 -5.936577e-01 -5.464157e+00 5.466289e+00 -6.452716e+00 -3.254831e+00 -7.305255e-01 1.832658e-01 -1.311962e+00 -3.777193e-01 -6.423669e-01 3.138290e-01 -2.143510e-01 6.423137e-01 1.379980e+00 7.972859e-02 4.299091e-01 -2.188111e-02 -8.427393e-01 -5.212932e-01 2.229264e-02 -1.650709e-01 -2.757375e-01 -3.672219e-01 8.676664e-01 -2.963337e-01 -3.077812e-01 1.285841e-02 -7.841931e-02 -2.106642e-01 1.510255e-01 1.442342e-02 -4.043272e-01 -8.721000e-03
<VARIANCE> 39
 1.332164e+00 5.878056e+00 2.193917e+00 8.733282e+01 6.696106e+00 1.091902e+01 1.017210e+01 1.438075e+01 1.416131e+01 2.914174e+00 1.812406e+01 3.084081e+01 6.891762e-02 1.507681e+00 8.834848e-01 4.207533e-01 1.759565e+00 1.973691e+00 6.722744e-01 1.375278e+00 4.912583e+00 8.342149e-01 3.064411e-01 9.898905e-01 2.128670e+00 1.000000e-02 7.990345e-02 4.486915e-01 9.975913e-02 6.553870e-01 3.449877e-01 4.399625e-01 8.147027e-01 5.984886e-01 1.170582e-01 2.784251e-02 2.304334e-01 5.453448e-02 1.000000e-02
<GCONST> 6.922741e+01
<MIXTURE> 2 1.944444e-01
<MEAN> 39
 -6.660602e+00 -1.392284e+01 -1.040221e+01 -1.327266e+01 1.513779e+00 -1.267602e+01 1.024187e+01 -1.510946e+00 -8.774538e+00 -8.726892e+00 -6.411957e+00 -1.138799e+01 7.836829e-01 -3.431065e+00 -1.872346e+00 1.649617e-01 4.732116e-01 1.835572e+00 2.471096e+00 3.239638e+00 4.063726e-01 6.350907e-01 -1.711419e+00 1.083382e+00 -1.992167e+00 3.554462e-02 1.086772e+00 -3.033356e-01 -4.737402e-01 8.446391e-01 -3.931634e-01 1.181936e-01 -2.910604e-01 -2.959346e-01 2.867341e-01 -3.952406e-01 3.898026e-01 5.151039e-01 4.403811e-03
<VARIANCE> 39
 2.327337e+01 1.155305e+01 4.745159e+00 5.567393e+00 4.756623e+00 6.496183e+01 1.866025e+01 3.862785e+00 1.792399e+01 1.816550e+01 1.543865e+01 2.004481e+01 1.000000e-02 4.171798e+00 1.215556e+00 2.172854e+00 2.106295e+00 1.486686e+00 2.683487e+00 1.062169e+00 6.635572e-01 1.367792e+00 1.534703e+00 1.664692e+00 1.295860e+00 1.000000e-02 5.683940e-01 1.729394e-01 3.741546e-01 7.078226e-02 1.395232e-01 2.263195e+00 6.963872e-01 1.792291e-01 5.667611e-01 3.141546e-01 2.852221e-01 7.664824e-01 1.000000e-02
<GCONST> 8.151953e+01
<MIXTURE> 3 2.777778e-01
<MEAN> 39
 -8.857209e+00 -2.073006e+01 -1.568392e+01 -4.336267e+00 4.610111e+00 -1.031248e+01 1.602050e+01 -6.898511e-01 -7.122080e+00 -1.698222e+01 2.173885e+00 -9.618004e+00 9.502494e-01 9.428149e-02 -7.494316e-01 -8.387573e-01 1.690278e+00 -6.043972e-01 -8.651553e-01 -3.255447e-01 5.275139e-01 -1.835027e-02 -9.603575e-01 1.601854e+00 1.680209e+00 2.352329e-02 1.601751e-01 3.448491e-01 3.646693e-01 -3.144255e-01 -5.817179e-01 -2.477635e-01 -6.365070e-01 1.354559e-01 -4.921761e-02 3.691037e-01 -3.466672e-01 2.141056e-01 -8.992531e-03
<VARIANCE> 39
 5.880643e-01 3.966152e+00 1.156251e+01 8.356562e+00 2.725998e+00 1.036856e+01 3.095197e+00 1.154266e+01 6.795406e-01 5.895267e+00 1.529633e+01 1.153200e+01 1.000000e-02 1.543606e-01 3.935441e-01 1.328117e+00 4.643721e-01 1.447568e+00 1.645564e+00 1.376428e+00 1.009243e+00 1.978410e-01 4.473755e-01 9.369221e-01 1.213773e+00 1.000000e-02 1.092295e-01 9.678156e-02 2.304534e-01 8.590190e-02 4.486648e-02 6.118144e-01 1.700120e-01 8.724940e-02 5.160751e-02 1.234920e-02 3.374513e-01 4.848205e-01 1.000000e-02
<GCONST> 4.692703e+01
<MIXTURE> 4 3.611111e-01
<MEAN> 39
 -1.183945e+01 -2.102929e+01 -4.690962e+00 -1.140559e+01 -8.368727e+00 3.857892e+00 7.422524e+00 -3.066543e+00 2.933036e+00 -1.009239e+01 -3.024242e+00 -9.807584e+00 8.581971e-01 -1.021175e+00 -2.135776e+00 -1.188805e-02 1.170865e+00 9.866105e-01 5.001112e-01 1.100406e+00 9.742533e-01 -5.485778e-01 -1.000093e+00 1.149153e+00 1.064204e+00 4.592834e-02 5.010696e-01 2.690404e-01 -1.935174e-01 7.179347e-02 3.476868e-01 -5.124511e-01 -3.670446e-01 4.633835e-02 -2.506878e-01 -2.182153e-01 7.144289e-02 5.403444e-01 -8.029372e-03
<VARIANCE> 39
 6.248592e+00 3.613552e+01 1.756249e+00 9.123661e+00 2.926200e+01 9.719291e+00 6.138762e+00 2.525679e+01 7.702799e+00 3.872891e+00 1.918983e+01 3.115841e+01 1.000000e-02 3.550361e+00 1.404426e+00 9.971994e-01 1.937165e+00 3.944164e+00 3.965653e+00 1.426798e+00 2.143940e+00 6.965528e-01 1.239345e+00 4.052701e-01 4.913450e+00 1.000000e-02 3.364379e-01 2.006835e-01 2.125690e-01 2.575223e-01 1.197345e+00 4.477827e-01 1.315728e-01 8.303850e-01 2.437253e-01 1.958368e-01 2.076556e-01 7.429883e-01 1.000000e-02
<GCONST> 7.986436e+01
<STATE> 4
<NUMMIXES> 4
<MIXTURE> 1 1.666667e-01
<MEAN> 39
 -7.546619e+00 -7.420674e+00 -1.963483e+00 -1.404569e+00 -1.547116e+00 -1.096961e+00 1.263374e+00 -4.084257e+00 6.674858e+00 -5.059501e+00 -1.912796e+00 -1.678141e-01 9.458959e-04 8.695759e-01 1.846393e-01 -2.571886e-01 -1.037854e+00 -3.336920e-01 -4.165112e-01 -1.492174e-01 -4.202716e-01 -3.164131e-01 2.378351e-01 -2.458676e-02 -2.816227e-01 3.651943e-02 2.738813e-01 -1.751430e-01 1.504818e-01 -7.064422e-01 -8.401700e-02 1.863595e-02 -2.055102e-01 3.148825e-02 -2.394728e-01 7.915045e-02 -2.362171e-01 1.833295e-01 1.623935e-02
<VARIANCE> 39
 8.114917e+00 3.949453e+00 5.558589e+00 4.936610e+00 3.247001e+00 6.359380e+00 1.344570e+01 9.600287e+00 6.099516e+00 1.001856e+01 5.817005e+00 2.670507e+00 1.000000e-02 1.107414e+00 3.477938e-01 1.234706e+00 1.957657e+00 9.885548e-01 7.312171e-01 2.527086e+00 1.680826e+00 8.167085e-01 5.732504e-01 6.367897e-01 6.334074e-01 1.000000e-02 1.972181e-01 6.364547e-02 2.350634e-01 4.023382e-02 1.679530e-01 1.075699e-01 8.534698e-01 3.081267e-01 2.397972e-01 9.224329e-02 3.051525e-01 4.702100e-02 1.000000e-02
<GCONST> 5.632462e+01
<MIXTURE> 2 2.380952e-01
<MEAN> 39
 -6.762939e-01 -1.984918e+01 -5.856766e+00 -1.100225e+01 -8.923069e+00 -1.310027e+01 2.604201e+00 -2.125767e-01 -2.640981e+00 -1.430834e+01 -2.083055e+00 -2.449433e+00 8.089095e-01 3.343042e+00 -1.464911e-02 1.392805e+00 -1.076634e+00 -1.802366e+00 5.973238e-01 -2.162049e+00 -1.486885e+00 -6.008497e-01 3.534400e-01 -7.087937e-01 -1.153204e+00 -3.137833e-02 -2.856499e-01 -5.444149e-01 -2.153493e-01 5.939705e-01 -6.262431e-02 7.828186e-01 2.126130e-01 1.385698e-01 -2.371293e-01 -3.166996e-01 3.637773e-01 -4.186844e-01 8.184464e-03
<VARIANCE> 39
 1.540124e+01 2.878656e+00 6.778844e+00 1.154747e+01 1.428034e+01 2.274392e+01 1.116357e+01 2.375533e+01 2.822537e+01 1.179237e+01 4.328538e+00 1.359117e+01 1.000000e-02 3.737818e-01 4.262002e-01 7.318143e-01 1.570734e+00 8.823068e-01 2.594572e+00 4.794832e-01 1.862349e+00 1.973202e+00 6.355706e-01 1.985216e+00 1.724909e+00 1.000000e-02 2.027097e-01 5.827821e-02 1.011068e-01 1.676075e-01 2.911657e-01 3.789549e-01 2.666964e-01 2.760845e-01 5.150810e-01 1.575610e-01 1.464811e-01 2.927827e-01 1.000000e-02
<GCONST> 6.874476e+01
<MIXTURE> 3 5.000000e-01
<MEAN> 39
 -1.060820e+01 -2.472322e+01 -9.756456e+00 -5.134148e+00 -4.210464e+00 -5.891350e+00 8.042915e+00 3.030839e+00 -2.029059e+00 -1.810404e+01 2.103021e+00 -1.398680e+00 9.649569e-01 9.192783e-01 3.849619e-01 5.516688e-01 -7.081712e-01 -1.062523e+00 -1.150089e+00 -1.201129e+00 6.726652e-01 2.474651e-01 1.282365e-01 -5.611259e-01 5.986047e-01 -2.030211e-02 5.721631e-01 2.228648e-01 2.946793e-01 -4.095183e-01 -1.699481e-01 -5.133339e-02 -1.698820e-01 -3.772636e-01 -2.060364e-02 3.462299e-01 -3.270375e-01 -3.443729e-01 -9.791906e-03
<VARIANCE> 39
 5.780726e+00 5.804458e+00 1.679273e+01 1.412950e+01 5.468331e+00 3.024026e+01 1.001116e+01 3.452805e+01 2.242720e+01 2.382371e+00 8.727891e+00 1.498872e+01 1.000000e-02 1.674059e+00 8.094746e-01 1.351871e+00 1.220907e+00 8.552586e-01 1.268098e+00 8.187805e-01 2.169703e+00 1.587229e+00 1.281025e+00 1.566719e+00 1.082346e+00 1.000000e-02 1.745394e-01 8.220505e-02 8.276809e-02 1.725335e-01 8.451079e-02 1.790536e-01 1.347230e-01 4.530222e-01 2.681605e-01 1.498408e-01 1.761263e-01 2.542149e-01 1.000000e-02
<GCONST> 6.754763e+01
<MIXTURE> 4 9.523810e-02
<MEAN> 39
 -2.398368e+00 -1.008114e+01 -1.466665e-01 -1.715349e+01 -3.947739e+00 -1.144307e+00 -3.640475e+00 -4.412384e+00 6.913738e-01 -2.657948e+00 -9.292544e+00 8.052495e-01 4.296986e-01 -1.273644e+00 -2.164842e+00 1.913465e+00 -3.082872e+00 -6.674168e-01 5.586969e-01 -9.521583e-01 4.100405e-03 -1.614934e+00 9.309130e-01 -2.561092e+00 -2.202082e-01 1.171813e-01 -9.275888e-01 -5.577857e-01 2.612506e-01 9.517813e-01 -8.711316e-02 1.992354e-01 9.466959e-01 2.661875e-02 3.081771e-01 -1.328198e-01 2.909425e-01 -4.220136e-01 1.039711e-03
<VARIANCE> 39
 1.168725e+01 8.713545e+00 1.956884e+01 1.628853e+01 2.210623e+00 1.790200e+00 8.588129e+00 6.348650e+00 7.462202e+00 4.828004e+00 1.187239e+01 2.370626e+00 2.877790e-02 3.101981e+00 8.181683e-01 1.304918e+00 2.595911e+00 3.613961e-01 4.232996e-02 3.976851e+00 1.155511e-01 7.258745e-01 5.963703e-01 6.553683e-01 6.200775e-01 1.000000e-02 1.542913e-01 1.246747e-01 7.779262e-01 4.975215e-01 6.850664e-02 2.246251e-02 4.311078e-01 1.971140e-02 1.334031e-01 2.633956e-01 4.930220e-01 3.955981e-02 1.000000e-02
<GCONST> 5.362793e+01
<STATE> 5
<NUMMIXES> 4
<MIXTURE> 1 8.695652e-02
<MEAN> 39
 -1.217716e+01 -2.046632e+01 3.297808e+00 -1.760274e+01 -7.665005e+00 1.539338e+00 3.208171e+00 -4.253692e+00 -1.426495e+00 -3.166972e+00 -1.254462e+01 -3.556279e+00 8.237726e-01 -1.737384e+00 -1.729573e+00 -1.811598e+00 2.327848e+00 8.401680e-02 2.247637e-01 2.336426e+00 1.388801e-01 -3.589951e-01 -2.703042e+00 1.029675e+00 -6.974435e-01 6.086669e-02 4.659493e-01 4.149532e-01 -8.784500e-01 6.489117e-01 6.888612e-01 -3.406717e-01 -2.425300e-01 1.213813e-01 1.554533e-02 -6.887199e-01 6.212589e-01 4.659128e-01 -1.625332e-02
<VARIANCE> 39
 3.114077e+00 3.727854e+00 5.800513e+00 9.648045e+00 2.063565e+00 2.155450e+00 8.512382e+00 1.276756e+00 1.399557e+00 1.598864e+01 2.799115e+00 2.114814e+00 1.000000e-02 4.538894e-01 4.479718e-01 1.317457e+00 7.512528e-01 1.865857e+00 5.030115e-01 2.742426e-01 2.575385e-01 2.271360e-02 1.294744e+00 8.017011e-01 8.102442e-01 1.000000e-02 1.219442e-02 1.813417e-02 3.505298e-01 3.714799e-01 8.008982e-02 3.798090e-02 2.768717e-01 1.000000e-02 1.000000e-02 5.450943e-01 1.302108e-01 5.742228e-02 1.000000e-02
<GCONST> 3.258003e+01
<MIXTURE> 2 3.913043e-01
<MEAN> 39
 8.089876e+00 -1.971361e+01 -6.115948e+00 -6.914070e+00 -1.673516e+01 -8.858112e+00 2.630275e+00 -3.003879e+00 -4.736185e+00 -1.019519e+01 -2.092829e+00 -7.775035e+00 7.176783e-01 9.334616e-02 7.190764e-01 1.200393e-02 2.927330e-01 6.369891e-01 4.235286e-01 4.890035e-01 -4.827055e-02 -1.636526e-01 4.819076e-01 2.755796e-01 4.449467e-02 -2.049560e-02 -1.426062e-01 5.150107e-03 1.800657e-01 3.513677e-02 3.775540e-01 6.925413e-02 -1.231667e-01 -2.344563e-02 -1.747664e-02 -1.741383e-01 -1.210860e-01 2.977857e-02 -3.266993e-03
<VARIANCE> 39
 1.987675e+00 1.022394e+01 9.172924e+00 2.551087e+00 9.086883e+00 1.039982e+01 4.891157e+00 7.127713e+00 9.429271e+00 1.285265e+01 8.220515e+00 6.375509e+00 1.000000e-02 1.004069e-01 4.549670e-01 8.772223e-01 6.441367e-01 1.349217e+00 6.536205e-01 8.423502e-01 7.292872e-01 7.372975e-01 1.275804e+00 8.859978e-01 7.882234e-01 1.000000e-02 3.074792e-02 8.627781e-02 1.421534e-01 2.234948e-01 2.546908e-01 1.159757e-01 1.886263e-01 1.434758e-01 1.071393e-01 4.676357e-01 2.006352e-01 1.664506e-01 1.000000e-02
<GCONST> 5.328661e+01
<MIXTURE> 3 1.521739e-01
<MEAN> 39
 -1.525733e+01 -2.575353e+01 -4.989205e+00 -8.016300e+00 -5.059355e-01 -7.442711e-01 5.800929e+00 -3.124928e-01 -3.812490e+00 -1.483953e+01 -6.002707e+00 3.778616e-01 9.704130e-01 -5.646237e-02 -4.240428e-01 -1.563844e-01 7.946172e-02 1.256564e+00 -5.012200e-01 -4.940371e-01 1.080117e+00 -4.570493e-01 -1.085678e+00 1.760993e-01 6.997154e-01 7.464329e-03 2.635046e-01 2.754578e-01 4.021137e-01 -6.139123e-01 -1.744495e-01 -2.201173e-01 -2.420506e-01 6.309076e-03 1.304148e-01 4.122690e-01 -3.625453e-01 -1.659813e-01 -8.546898e-03
<VARIANCE> 39
 1.580781e-01 3.269596e+00 3.025975e+00 1.592043e+00 6.320310e+00 2.154036e+00 3.335514e+00 1.024242e+01 3.487160e+00 5.891820e+00 1.375527e+00 6.538659e+00 1.000000e-02 8.187481e-02 6.467323e-01 1.705808e+00 1.736045e+00 1.462046e-01 3.358618e-01 2.048891e-01 2.334776e-01 5.160310e-02 6.635265e-01 1.044800e+00 7.633542e-01 1.000000e-02 2.866635e-02 5.342643e-02 2.838716e-01 5.733086e-02 6.954027e-02 2.621320e-01 1.222852e-01 1.144448e-01 8.040204e-02 3.132409e-01 3.501119e-02 1.639182e-01 1.000000e-02
<GCONST> 3.091296e+01
<MIXTURE> 4 3.695652e-01
<MEAN> 39
 4.742890e+00 -2.334541e+01 -1.916245e+00 -1.061246e+01 -1.416918e+01 -6.007189e+00 -1.921535e+00 -1.372676e+00 -3.982852e+00 -1.481922e+01 -2.081785e+00 -5.531660e+00 7.435580e-01 7.632855e-01 -2.394854e-01 1.795031e-01 5.387401e-01 -9.556226e-01 3.963848e-01 -8.193597e-02 -4.213018e-01 1.982017e-01 2.324852e-01 -3.003119e-01 -6.718617e-01 -1.418058e-02 -4.650720e-01 1.845165e-01 -3.605163e-01 1.221762e-01 3.003271e-01 -2.201371e-01 4.847489e-01 2.506661e-01 1.354944e-01 7.197794e-03 1.691912e-01 1.777100e-01 3.125763e-03
<VARIANCE> 39
 5.083564e+00 3.551628e+00 1.125501e+01 4.873844e+00 1.225702e+01 1.587049e+01 5.376808e+00 9.170690e+00 6.251814e+00 8.725380e+00 7.365234e+00 8.531812e+00 1.000000e-02 5.599269e-01 4.949762e-01 8.479338e-01 6.954542e-01 3.046596e+00 1.171816e+00 9.147997e-01 4.542247e-01 1.484374e+00 1.091251e+00 9.043808e-01 5.356441e-01 1.000000e-02 1.651445e-01 4.971885e-02 1.261510e-01 5.075994e-02 4.667311e-01 2.713560e-01 9.785683e-02 1.302221e-01 2.433086e-01 2.109276e-01 2.765677e-01 1.055761e-01 1.000000e-02
<GCONST> 5.762312e+01
<STATE> 6
<NUMMIXES> 4
<MIXTURE> 1 1.463415e-01
<MEAN> 39
 -3.267006e+00 -1.552184e+01 -5.680817e+00 -7.112720e-01 -1.342410e+00 -1.578874e+00 7.141365e+00 3.361465e-01 -5.382707e+00 -7.599329e+00 4.979733e+00 2.372437e+00 1.347155e-01 -8.389951e-01 3.433993e-01 5.289254e-02 3.340840e-01 1.138428e+00 3.593669e-01 1.889141e-01 1.933641e-01 3.805817e-02 4.543229e-01 1.115694e+00 9.929620e-01 -2.949594e-02 3.303223e-01 -1.784234e-01 8.519647e-02 1.362293e-01 -4.320684e-01 -7.508578e-01 -3.060037e-02 1.939889e-01 1.819272e-01 -2.827926e-01 -6.761970e-01 -8.565668e-01 1.379484e-02
<VARIANCE> 39
 4.286084e+00 9.015087e+00 3.110853e+00 5.555970e+00 1.881990e+01 1.418962e+00 1.237560e+01 2.455593e+00 2.923007e+01 1.941665e+01 2.167489e+01 3.549946e+01 1.000000e-02 8.789750e-01 7.832213e-01 5.036286e-01 7.645758e-01 3.334808e+00 5.410295e+00 3.083883e-01 1.753108e+00 2.182817e+00 2.843081e+00 4.664580e+00 6.322995e+00 1.000000e-02 7.692979e-02 1.276348e-01 2.910219e-02 2.118124e-01 5.127465e-01 4.812068e-01 9.070402e-02 4.111870e-01 1.060215e+00 6.393244e-01 4.180144e-01 4.600951e-01 1.000000e-02
<GCONST> 7.377322e+01
<MIXTURE> 2 1.219512e-01
<MEAN> 39
 -9.100996e+00 -2.385142e+01 -1.048498e+00 -1.431119e+01 6.267345e-01 -1.218872e+01 1.660878e-01 1.259003e+00 -1.969028e+00 -1.297655e+01 -8.123719e+00 -9.911228e-01 8.391210e-01 2.758112e+00 1.761950e-01 1.255475e+00 -3.199120e-01 -2.218137e+00 -2.497176e+00 -1.312138e+00 -8.643557e-01 4.540826e-01 1.535414e+00 5.967696e-01 -9.638401e-01 -4.784362e-02 2.457698e-01 -3.267383e-01 8.343257e-02 4.803718e-01 -5.962892e-01 7.623850e-01 1.757604e-03 2.268467e-02 -3.535459e-01 -2.046921e-01 3.179184e-01 -1.196819e-02 4.581610e-04
<VARIANCE> 39
 2.534028e+01 2.789500e+00 1.195364e+01 4.889982e+00 1.234454e+01 4.754418e+01 8.687495e+00 1.575450e+01 9.438887e+00 2.695001e+01 2.207053e+00 5.061898e+00 1.000000e-02 6.468376e-01 8.130637e-01 6.860998e-01 2.383671e+00 1.930711e+00 4.666556e+00 5.517940e-01 1.778103e+00 2.868873e+00 1.951604e+00 1.029881e+00 1.161402e-01 1.000000e-02 4.022238e-01 6.401579e-02 2.423523e-01 2.014266e-01 3.679162e-01 1.669008e+00 1.532625e-01 7.131149e-01 5.041390e-01 1.279333e+00 2.058597e-01 4.742251e-02 1.000000e-02
<GCONST> 7.261368e+01
<MIXTURE> 3 3.902439e-01
<MEAN> 39
 4.019418e+00 -1.897520e+01 -4.092032e+00 -2.086278e+00 -9.227795e+00 -7.650738e+00 4.795614e+00 -2.030837e-01 -6.032080e+00 -1.477514e+01 -3.885635e+00 -7.601576e+00 5.057299e-01 -8.982126e-01 3.242196e-02 -1.614121e-01 1.270684e+00 1.045062e+00 -2.326752e-01 9.444504e-01 8.375918e-01 -2.722771e-01 1.703839e-01 3.587766e-01 5.264854e-01 -4.544761e-02 -1.327179e-01 5.715360e-02 -3.679202e-02 -2.081355e-01 6.669782e-02 2.799655e-01 -1.540163e-02 -5.859351e-02 1.926241e-01 4.306369e-01 5.327728e-01 4.787904e-01 -4.438161e-03
<VARIANCE> 39
 9.585402e+00 9.990677e+00 7.525446e+00 1.070447e+01 1.255637e+01 1.294160e+01 7.775492e+00 1.628861e+01 7.181966e+00 1.275646e+01 1.023371e+01 8.501340e+00 1.000000e-02 4.742400e-01 7.727640e-01 1.254960e+00 1.581989e+00 2.238818e+00 1.255909e+00 7.171216e-01 1.066818e+00 2.202885e+00 2.623468e+00 2.145948e+00 1.467890e+00 1.000000e-02 6.098950e-02 2.162803e-01 2.206283e-01 1.765620e-01 5.406151e-01 3.659101e-01 6.604522e-02 2.450545e-01 3.156550e-01 3.415041e-01 4.534088e-01 2.405167e-01 1.000000e-02
<GCONST> 7.131664e+01
<MIXTURE> 4 3.414634e-01
<MEAN> 39
 3.015017e+00 -2.423613e+01 4.451154e-01 -1.181559e+01 -1.224822e+01 -5.425533e+00 -4.754071e+00 -2.819645e-01 -2.168091e+00 -1.598241e+01 -5.145009e+00 -6.064314e+00 6.687179e-01 3.255668e-01 5.547111e-01 -1.089961e-01 7.448604e-02 -3.784141e-02 5.354707e-01 -2.079693e-01 6.820803e-02 -1.128688e-02 -5.041747e-01 -4.039717e-01 -3.159776e-01 -1.434278e-02 -1.533975e-01 1.742689e-01 -8.974169e-02 3.549614e-01 4.254071e-01 -2.517611e-01 3.353973e-01 1.107675e-01 -4.179653e-03 7.730593e-02 6.871928e-02 1.355127e-01 -1.097335e-03
<VARIANCE> 39
 1.315802e+00 2.140870e+00 7.220204e+00 5.352715e+00 3.910401e+00 9.662908e+00 5.265040e+00 4.741943e+00 1.271262e+01 1.090005e+01 9.616449e+00 7.928739e+00 1.000000e-02 2.291535e-01 3.768341e-01 3.283903e-01 9.343553e-01 8.342574e-01 2.025759e+00 8.400555e-01 7.880176e-01 1.823304e+00 1.680320e+00 1.384490e+00 2.854932e-01 1.000000e-02 5.737932e-02 6.146717e-02 6.819845e-02 3.352960e-01 1.810453e-01 1.752473e-01 1.678276e-01 2.608377e-01 5.052732e-01 1.865741e-01 4.499063e-01 7.440271e-02 1.000000e-02
<GCONST> 5.357631e+01
<STATE> 7
<NUMMIXES> 4
<MIXTURE> 1 6.000000e-01
<MEAN> 39
 -3.581759e+00 -1.788137e+01 -3.099017e+00 8.274343e-01 -3.047485e+00 -7.039323e+00 4.945712e+00 4.272711e-02 -3.252510e+00 -6.990999e+00 3.627488e+00 -4.201644e-01 2.121047e-01 -5.415870e-01 3.658664e-01 -1.127067e-01 -2.040608e-01 2.213609e-01 -2.482606e-01 -2.332950e-01 -2.452262e-02 7.385628e-01 1.059181e+00 3.615332e-01 -8.736701e-02 -2.276993e-02 2.059739e-01 2.662676e-01 2.071634e-02 -2.050979e-01 -1.609860e-02 8.753376e-02 -3.250657e-02 1.924777e-01 -8.412948e-02 -3.109991e-01 -3.531988e-01 -1.261308e-01 3.878792e-03
<VARIANCE> 39
 6.090114e+00 1.788636e+01 5.496786e+00 9.169029e+00 8.094077e+00 1.523220e+01 1.116709e+01 1.832234e+01 1.036185e+01 1.332084e+01 1.446165e+01 8.752402e+00 1.776824e-02 5.825610e-01 9.679365e-01 5.560346e-01 7.897524e-01 1.442819e+00 1.778505e+00 1.077555e+00 2.686916e+00 2.041860e+00 1.648902e+00 2.365591e+00 9.719672e-01 1.000000e-02 1.407345e-01 2.162845e-01 1.500622e-01 2.049311e-01 2.928871e-01 2.551978e-01 3.834697e-01 7.639728e-01 3.632970e-01 2.241340e-01 5.833212e-01 2.461564e-01 1.000000e-02
<GCONST> 7.436321e+01
<MIXTURE> 2 1.500000e-01
<MEAN> 39
 2.695277e+00 -1.456135e+01 -2.677346e+00 1.694693e+00 -6.514968e+00 -7.539036e+00 8.805067e+00 1.809091e+00 -4.211070e+00 -1.134177e+01 -2.247922e+00 -6.082981e+00 3.810566e-01 -1.834449e+00 2.486535e-02 7.762762e-01 7.933459e-01 4.564462e-01 -1.851910e-01 1.126117e-01 5.641938e-01 -4.161289e-01 -1.702242e-01 1.295384e-01 5.996718e-01 -6.193251e-02 -2.769136e-01 -3.675063e-01 -6.466127e-02 -2.754875e-01 -4.030134e-01 -1.078665e-01 -2.960013e-01 -9.325144e-02 -3.548198e-01 2.142924e-01 3.525150e-01 2.814049e-01 -4.495482e-03
<VARIANCE> 39
 1.859174e+01 6.439382e-01 4.753769e+00 2.330160e+00 3.038996e+00 5.836032e+00 8.022388e+00 1.295998e+01 5.805136e+00 8.660127e+00 7.473909e+00 4.617220e+00 1.611100e-02 1.604749e+00 1.185886e+00 5.840631e-01 1.300916e-01 6.519285e-01 1.047151e+00 1.099761e+00 2.486995e+00 8.721735e-01 1.781083e+00 3.184705e+00 4.038018e-01 1.000000e-02 2.257725e-01 7.321949e-02 1.718518e-01 6.605729e-02 1.096645e-01 1.675732e-01 1.584426e-02 3.244730e-01 2.583755e-01 4.430277e-01 3.440053e-01 1.275907e-02 1.000000e-02
<GCONST> 5.214292e+01
<MIXTURE> 3 7.500000e-02
<MEAN> 39
 2.205807e+00 -2.068839e+01 -3.701016e+00 -2.269804e-01 -3.160094e+00 -6.731462e+00 2.591846e+00 -2.982950e+00 -9.759121e+00 -1.532363e+01 1.882792e-01 -1.019638e-01 4.382439e-01 -1.238338e+00 -5.219932e-01 -3.156432e-01 2.160522e+00 1.324192e+00 3.555727e-01 1.705638e+00 -1.079673e+00 1.374033e+00 2.626074e+00 2.578011e+00 2.626904e+00 -5.507239e-02 -2.014846e-01 -1.314500e-01 2.238457e-01 -2.647518e-01 -4.764697e-01 -2.525037e-01 -4.491221e-01 6.133997e-02 1.120894e+00 7.287037e-01 2.570650e-01 -4.418277e-01 3.576017e-03
<VARIANCE> 39
 5.916534e-02 1.415349e+00 6.573168e-02 2.422571e+00 1.715011e-01 2.529499e-01 5.944393e+00 1.845522e+01 6.227046e+00 2.841996e-01 9.728396e+00 1.230093e+01 1.000000e-02 4.902512e-02 4.791990e-01 1.805482e+00 1.120727e-01 6.802880e-01 6.197670e-02 1.238041e-01 2.245776e-01 2.627429e+00 2.953449e-01 3.162416e+00 1.722511e+00 1.000000e-02 1.080588e-02 5.577142e-02 4.433769e-02 4.437631e-02 1.163393e-01 1.000000e-02 8.076983e-02 1.687145e-01 7.888304e-02 1.046985e-01 7.903692e-01 1.994447e-01 1.000000e-02
<GCONST> 1.846259e+01
<MIXTURE> 4 1.750000e-01
<MEAN> 39
 3.575118e+00 -2.078163e+01 1.604037e+00 -7.099784e+00 -5.437829e+00 -4.584461e+00 -2.834475e+00 3.302987e+00 -5.208529e+00 -1.519015e+01 -2.702593e+00 -3.557798e+00 5.707581e-01 -2.543187e-01 1.434518e-01 -5.866899e-01 1.853866e+00 1.183601e+00 1.406678e-03 1.604972e+00 -3.145592e-04 -1.557012e+00 -2.166213e-01 7.379476e-01 8.671998e-01 -3.063495e-02 -2.440212e-01 -2.528503e-01 -1.484646e-01 2.124670e-02 -1.992152e-01 -6.230205e-02 2.062785e-01 -3.925659e-01 3.103660e-01 3.140688e-01 -1.632939e-01 1.959929e-01 -5.067882e-03
<VARIANCE> 39
 9.852214e-01 4.883108e-01 1.549962e+01 1.753872e+01 5.427072e+00 8.048671e-01 1.300449e+01 3.869683e+00 2.756528e+01 1.157780e+01 2.420538e+01 6.587395e+00 1.000000e-02 1.217844e-01 2.498764e-01 5.036179e-01 5.041066e-01 1.417510e+00 2.870022e-01 6.554748e-01 2.141890e+00 3.266523e+00 1.142079e+00 4.943599e+00 1.464489e+00 1.000000e-02 1.000000e-02 1.610100e-02 1.573839e-01 9.179487e-02 1.365142e-01 2.511053e-02 5.993247e-02 2.508293e-01 1.257739e+00 5.652455e-01 9.004001e-01 1.609462e-01 1.000000e-02
<GCONST> 5.172088e+01
<STATE> 8
<NUMMIXES> 4
<MIXTURE> 1 1.363636e-01
<MEAN> 39
 -5.289114e+00 -9.745549e+00 -8.649203e-01 -2.999707e-01 -1.183514e-01 -3.040339e+00 4.018541e+00 -1.566725e+00 -4.312212e+00 -5.609647e+00 2.981446e+00 1.117728e+00 4.014020e-02 -5.453886e-01 1.968403e-02 3.061025e-01 2.080654e-01 5.053467e-01 5.186840e-01 4.578448e-01 6.694456e-01 -8.138143e-01 -4.788714e-01 1.045999e+00 8.027586e-01 -1.726806e-02 -4.587083e-02 -2.565633e-01 -6.938611e-02 5.080918e-02 -2.677023e-01 -1.708650e-01 5.263727e-02 6.942266e-02 2.317771e-01 4.353128e-03 1.664983e-01 -1.729715e-01 -4.253916e-04
<VARIANCE> 39
 1.027407e+00 1.112278e+00 5.814959e+00 2.679398e+00 7.010189e+00 8.173408e+00 5.046297e+00 1.097238e+00 5.943642e+00 1.661496e+00 6.673586e+00 1.003438e+01 1.000000e-02 1.246645e-01 3.652687e-01 2.498929e-01 6.149582e-01 7.965428e-01 1.908800e+00 6.074442e-01 2.466453e+00 6.710723e-01 2.217494e+00 2.376349e+00 1.092189e+00 1.000000e-02 4.765283e-02 5.313985e-02 8.534475e-02 1.352399e-01 1.691473e-01 5.620211e-02 2.330463e-01 1.675543e-01 1.843558e-01 1.304859e-01 1.983808e-01 1.140979e-01 1.000000e-02
<GCONST> 4.435263e+01
<MIXTURE> 2 2.727273e-01
<MEAN> 39
 -4.257044e+00 -1.820224e+01 -3.718256e+00 5.575150e-01 -5.065348e+00 -9.977023e+00 5.943288e+00 4.662294e+00 -5.656940e-01 -5.801287e+00 2.507457e+00 1.691512e+00 1.711822e-01 -5.060517e-01 9.691724e-01 8.856612e-02 -2.833293e-01 4.432394e-01 9.733438e-01 -4.255771e-01 -4.444698e-01 7.095039e-01 2.589606e-01 -8.470462e-02 3.938160e-01 -4.026175e-02 2.854765e-02 1.454423e-01 1.303532e-01 -7.056822e-02 1.862262e-01 4.032075e-01 -1.963810e-01 -5.316812e-01 -1.680345e-02 9.156153e-02 -5.079216e-02 -1.333125e-01 -1.632884e-03
<VARIANCE> 39
 4.478215e+00 8.581273e+00 6.036001e+00 5.427097e+00 5.838892e+00 8.089763e+00 1.111119e+01 1.154952e+01 1.320385e+01 4.325382e+00 2.292315e+00 5.477743e+00 1.126578e-02 6.989847e-01 1.275645e+00 1.886968e-01 1.130089e+00 5.401949e-01 8.673808e-01 1.318843e+00 3.365715e+00 4.504702e-01 1.215265e+00 4.294589e-01 3.038694e-01 1.000000e-02 1.047786e-01 1.374955e-01 5.772272e-02 2.050723e-01 1.130904e-01 2.763416e-01 1.976328e-01 3.617319e-01 2.093522e-01 2.852915e-01 1.372160e-01 1.326703e-01 1.000000e-02
<GCONST> 5.523274e+01
<MIXTURE> 3 4.318182e-01
<MEAN> 39
 -4.978898e+00 -1.145549e+01 -1.952040e+00 -2.630036e+00 -1.500215e+00 -4.276059e+00 4.140727e+00 2.271784e+00 9.215980e-01 -6.192387e+00 -1.381072e+00 -3.058299e+00 5.651071e-02 4.324459e-02 3.015551e-01 2.791284e-02 -6.523974e-02 -2.225709e-01 -4.332747e-01 -9.735409e-02 1.526015e-01 9.516891e-02 -3.864240e-02 -3.501238e-01 -7.926413e-02 -6.776712e-03 -6.951363e-02 -1.024208e-01 -3.580419e-02 1.271933e-01 7.670049e-02 -1.131024e-01 -2.673534e-02 -1.461083e-01 -1.130122e-01 1.903514e-01 1.993460e-01 7.180834e-02 7.378310e-05
<VARIANCE> 39
 1.667514e+00 3.441311e+00 7.044275e+00 7.919146e+00 7.891773e+00 1.128625e+01 1.312390e+01 4.078084e+00 7.582158e+00 1.372145e+01 5.955676e+00 7.530323e+00 1.000000e-02 2.029471e-01 3.303438e-01 4.739644e-01 5.297028e-01 1.291509e+00 1.303569e+00 1.962728e+00 9.596657e-01 1.022342e+00 1.426861e+00 7.398760e-01 8.758234e-01 1.000000e-02 3.714833e-02 4.638053e-02 8.140582e-02 1.704833e-01 2.778870e-01 3.918455e-01 3.465139e-01 1.458974e-01 1.533163e-01 2.627780e-01 2.238604e-01 2.318013e-01 1.000000e-02
<GCONST> 5.554763e+01
<MIXTURE> 4 1.590909e-01
<MEAN> 39
 -5.127827e+00 -1.343035e+01 -3.233472e+00 -1.131832e+00 -1.540175e+00 -6.412513e+00 1.231808e+00 -2.910002e+00 4.162334e-01 -1.551497e+00 3.398447e+00 1.591796e-01 5.153250e-02 -3.232077e-01 1.219405e+00 2.459915e-01 -8.122215e-01 2.416984e-01 9.503155e-01 -4.018033e-01 -1.217639e-01 6.185083e-01 1.091066e+00 -1.808488e-02 -5.522736e-01 -2.872107e-02 -6.654022e-02 -3.256202e-01 -1.846292e-02 1.692294e-01 -2.193958e-01 -1.249954e-01 3.336996e-01 6.112647e-01 -3.958073e-01 -7.161688e-01 -1.041881e-03 4.482451e-02 3.313644e-03
<VARIANCE> 39
 3.063753e+00 2.536498e+00 1.766319e+00 5.775240e+00 3.500823e+00 2.674067e+00 6.064797e+00 1.036409e+01 8.939964e+00 8.795292e+00 8.136183e+00 1.246982e+01 1.000000e-02 6.359701e-02 2.681250e-01 5.545099e-01 3.151156e-01 1.985676e-01 2.003812e-01 7.447585e-01 6.175229e-01 7.128892e-01 2.071670e+00 9.497939e-01 1.878540e+00 1.000000e-02 9.297764e-02 3.152689e-02 3.038951e-02 7.225104e-02 1.266835e-01 9.856169e-02 2.448838e-01 3.127901e-01 2.626370e-01 3.165060e-01 8.824790e-02 1.652599e-01 1.000000e-02
<GCONST> 4.312731e+01
<TRANSP> 9
 0.000000e+00 1.000000e+00 0.000000e+00 0.000000e+00 0.000000e+00 0.000000e+00 0.000000e+00 0.000000e+00 0.000000e+00
 0.000000e+00 9.074074e-01 9.259259e-02 0.000000e+00 0.000000e+00 0.000000e+00 0.000000e+00 0.000000e+00 0.000000e+00
 0.000000e+00 0.000000e+00 8.611111e-01 1.388889e-01 0.000000e+00 0.000000e+00 0.000000e+00 0.000000e+00 0.000000e+00
 0.000000e+00 0.000000e+00 0.000000e+00 8.809524e-01 1.190476e-01 0.000000e+00 0.000000e+00 0.000000e+00 0.000000e+00
 0.000000e+00 0.000000e+00 0.000000e+00 0.000000e+00 8.913044e-01 1.086957e-01 0.000000e+00 0.000000e+00 0.000000e+00
 0.000000e+00 0.000000e+00 0.000000e+00 0.000000e+00 0.000000e+00 8.780488e-01 1.219512e-01 0.000000e+00 0.000000e+00
 0.000000e+00 0.000000e+00 0.000000e+00 0.000000e+00 0.000000e+00 0.000000e+00 8.750000e-01 1.250000e-01 0.000000e+00
 0.000000e+00 0.000000e+00 0.000000e+00 0.000000e+00 0.000000e+00 0.000000e+00 0.000000e+00 8.863636e-01 1.136364e-01
 0.000000e+00 0.000000e+00 0.000000e+00 0.000000e+00 0.000000e+00 0.000000e+00 0.000000e+00 0.000000e+00 0.000000e+00
<ENDHMM>
