~o
<STREAMINFO> 1 13
<VECSIZE> 13<NULLD><MFCC_E><DIAGC>
~h "Nho"
<BEGINHMM>
<NUMSTATES> 38
<STATE> 2
<MEAN> 13
 -5.924363e+00 -8.478691e+00 -8.846188e-01 -2.373919e+00 5.000550e-01 -4.886418e+00 2.187822e+00 -1.764135e+00 2.682800e-01 -2.453541e+00 1.890464e+00 -1.978284e+00 2.266695e-02
<VARIANCE> 13
 1.710203e+00 2.511018e+00 2.454867e+00 6.882803e+00 3.014033e+00 8.714769e+00 3.728566e+00 2.043855e+01 1.347962e+01 7.145059e+00 7.600245e+00 6.385064e+00 1.000000e-02
<GCONST> 3.962311e+01
<STATE> 3
<MEAN> 13
 -2.628414e+00 -6.038929e+00 -1.448737e+00 -7.158305e+00 -2.513859e+00 -4.320634e+00 6.972624e-02 -4.413230e+00 -2.499781e+00 -5.361811e+00 -7.474775e-01 -3.460567e+00 1.981945e-01
<VARIANCE> 13
 1.361639e+00 1.756951e+00 5.187936e+00 1.253605e+01 1.046748e+01 8.144143e+00 8.730417e+00 7.274681e+00 6.204508e+00 1.156738e+01 5.901486e+00 4.450897e+00 1.405821e-02
<GCONST> 4.081363e+01
<STATE> 4
<MEAN> 13
 5.416593e+00 -4.232257e+00 -7.346529e+00 -1.655258e+01 -2.334604e+00 -6.975528e+00 -1.511352e+00 -3.518609e+00 -7.623214e+00 -8.548918e+00 -4.798211e+00 -8.069987e+00 5.530303e-01
<VARIANCE> 13
 2.250116e+01 4.242280e+00 2.493708e+01 6.169884e+01 3.074662e+01 2.512410e+01 1.678566e+01 5.431636e+00 1.023447e+01 6.993350e+00 7.787251e+00 2.698460e+00 1.174081e-02
<GCONST> 4.982327e+01
<STATE> 5
<MEAN> 13
 -1.543258e+00 -1.132924e+01 -1.393100e+00 -2.098147e+01 -8.179807e+00 3.180227e-01 -4.831344e+00 -4.197426e+00 -3.599906e+00 -7.296790e+00 -9.879251e+00 -1.006712e+01 5.968134e-01
<VARIANCE> 13
 3.002521e+01 2.280162e+01 2.213208e+01 3.822961e+01 3.717047e+01 7.869615e+01 1.219835e+01 1.661404e+01 7.647526e+00 3.634878e+00 1.950301e+00 1.983486e+01 1.000000e-02
<GCONST> 5.282978e+01
<STATE> 6
<MEAN> 13
 -5.022477e+00 -1.190271e+01 -6.476514e+00 -1.518365e+01 -8.957459e+00 -2.776427e+00 5.397871e+00 -1.202671e+00 -2.832358e+00 -6.442974e+00 -7.165880e+00 -1.379736e+01 6.963094e-01
<VARIANCE> 13
 2.039976e+01 2.252514e+01 1.622368e+01 8.174767e+00 7.381821e+00 3.736238e+01 4.204581e+01 1.223829e+01 3.604047e+01 1.225733e+01 1.223776e+01 5.661775e+00 1.000000e-02
<GCONST> 5.249695e+01
<STATE> 7
<MEAN> 13
 -9.511759e+00 -1.950333e+01 -8.780805e+00 -1.283176e+01 -1.002861e+01 -1.039535e+00 8.583772e+00 1.843593e+00 -1.061799e+00 -1.015614e+01 -2.900289e+00 -1.453802e+01 7.888371e-01
<VARIANCE> 13
 4.507850e+00 1.951194e+01 3.150232e+01 2.714243e+01 8.655784e+00 5.534622e+01 1.921612e+01 1.528859e+01 2.976155e+01 2.040922e+01 2.048401e+01 7.007619e+00 1.000000e-02
<GCONST> 5.374578e+01
<STATE> 8
<MEAN> 13
 -1.094386e+01 -2.204141e+01 -9.149208e+00 -6.925653e+00 -3.132724e+00 -1.707784e+00 1.187984e+01 2.490881e+00 -2.581595e-01 -1.446949e+01 -1.984278e+00 -8.559138e+00 8.659232e-01
<VARIANCE> 13
 8.011616e+00 1.052093e+01 2.276093e+01 4.818567e+00 7.239266e+00 7.249920e+01 1.358272e+01 6.750369e+00 2.679076e+01 8.740080e+00 8.856452e+00 1.128955e+01 1.000000e-02
<GCONST> 4.926150e+01
<STATE> 9
<MEAN> 13
 -1.109597e+01 -2.229920e+01 -1.254868e+01 -6.916602e+00 4.444034e+00 -9.013287e+00 7.476648e+00 2.067874e+00 9.607083e-01 -1.422136e+01 -3.150554e+00 -4.228072e+00 9.139997e-01
<VARIANCE> 13
 1.126490e+01 1.010663e+01 7.963275e+00 5.809588e+00 2.285057e+01 5.230482e+01 1.450771e+00 4.796659e+00 3.246383e+01 1.610973e+01 7.262693e+00 2.170879e+00 1.000000e-02
<GCONST> 4.589997e+01
<STATE> 10
<MEAN> 13
 -1.306300e+01 -2.311015e+01 -1.559361e+01 -6.873605e+00 1.058162e+01 -5.227134e+00 5.358851e+00 -2.819190e+00 7.851822e+00 -1.113530e+01 -4.332016e+00 -6.105484e+00 9.355848e-01
<VARIANCE> 13
 9.959784e+00 6.822818e+00 4.088916e+00 6.448175e+00 2.353830e+01 3.254550e+01 5.585039e+00 2.601962e+01 1.976142e+01 6.554183e+00 4.425647e+00 8.892460e+00 1.000000e-02
<GCONST> 4.693480e+01
<STATE> 11
<MEAN> 13
 -1.393460e+01 -2.266678e+01 -1.681886e+01 -8.646240e+00 1.286410e+01 -3.810123e+00 5.544418e+00 -4.818818e+00 1.275889e+01 -8.784760e+00 -2.598595e+00 -9.344326e+00 9.048530e-01
<VARIANCE> 13
 1.020137e+01 3.799148e+00 3.704137e+00 4.736533e-01 1.224001e+01 2.513013e+01 9.351525e+00 1.644423e+01 1.557391e+01 2.499931e+00 8.517139e+00 3.326377e+00 1.000000e-02
<GCONST> 4.127682e+01
<STATE> 12
<MEAN> 13
 -1.286531e+01 -2.133281e+01 -1.835394e+01 -8.812551e+00 1.410338e+01 -1.322421e-01 3.756329e+00 -8.437405e+00 1.092427e+01 -6.535208e+00 1.788328e-01 -8.845988e+00 8.726485e-01
<VARIANCE> 13
 3.267171e+00 6.737411e+00 2.137546e+00 2.425195e+00 1.277196e+01 4.415963e+01 8.144008e+00 2.305807e+01 1.130104e+01 3.060699e+00 5.273633e+00 8.560550e+00 1.000000e-02
<GCONST> 4.294818e+01
<STATE> 13
<MEAN> 13
 -1.095413e+01 -2.096746e+01 -1.752930e+01 -9.014692e+00 1.610713e+01 -9.958788e-01 1.167765e+00 -1.070146e+01 9.373145e+00 -8.495665e+00 -1.134762e-01 -1.000288e+01 8.993148e-01
<VARIANCE> 13
 3.319748e+00 5.443160e+00 6.372886e+00 9.357780e+00 7.150126e+00 2.963803e+01 5.367845e+00 5.023550e+00 1.589658e+01 1.672879e+00 7.690257e+00 1.344085e+01 1.000000e-02
<GCONST> 4.283939e+01
<STATE> 14
<MEAN> 13
 -1.302309e+01 -2.002176e+01 -2.055663e+01 -1.128827e+01 1.634644e+01 1.340698e-01 4.453116e+00 -8.282230e+00 1.001042e+01 -6.314639e+00 3.777215e+00 -9.603204e+00 9.077054e-01
<VARIANCE> 13
 2.980882e+00 7.045105e+00 1.946653e+00 2.561738e+00 8.944349e+00 2.668283e+01 1.432892e+01 2.572171e+00 1.914171e+01 2.398511e+00 2.446293e+00 6.524956e+00 1.000000e-02
<GCONST> 3.961758e+01
<STATE> 15
<MEAN> 13
 -1.303120e+01 -1.874485e+01 -2.026733e+01 -1.150939e+01 1.536896e+01 3.355388e+00 8.962320e-01 -1.040727e+01 9.986300e+00 -8.014763e+00 2.381920e+00 -9.597604e+00 9.289889e-01
<VARIANCE> 13
 3.754201e+00 3.632041e+00 5.538748e+00 5.951478e+00 2.794371e+00 1.277700e+01 2.535238e+01 6.337014e+00 1.331783e+01 3.125128e+00 5.230609e+00 1.178548e+01 1.000000e-02
<GCONST> 4.189982e+01
<STATE> 16
<MEAN> 13
 -1.087279e+01 -1.888132e+01 -1.979921e+01 -1.301626e+01 1.492220e+01 2.248408e+00 -4.766631e-01 -1.028261e+01 7.144506e+00 -9.777073e+00 2.654620e+00 -8.970325e+00 9.368647e-01
<VARIANCE> 13
 4.903980e+00 6.315898e+00 1.390733e+00 2.238807e+00 1.208693e+01 1.923280e+01 7.027083e+00 5.911840e+00 1.366341e+01 1.836550e+01 8.686132e-01 2.015681e+01 1.000000e-02
<GCONST> 4.141948e+01
<STATE> 17
<MEAN> 13
 -9.922848e+00 -2.008744e+01 -1.848730e+01 -1.201671e+01 1.611215e+01 5.412084e+00 1.284719e-03 -9.593284e+00 8.539435e+00 -1.122948e+01 4.090035e+00 -9.412191e+00 9.351401e-01
<VARIANCE> 13
 1.354142e+01 5.056400e+00 5.042518e+00 6.233669e+00 2.597857e+01 2.588760e+01 7.870357e+00 3.432778e+00 1.411242e+01 6.703701e+00 1.490271e+00 1.375606e+01 1.000000e-02
<GCONST> 4.433917e+01
<STATE> 18
<MEAN> 13
 -8.805406e+00 -2.008865e+01 -1.869131e+01 -1.178846e+01 1.609988e+01 3.850235e+00 -3.118957e+00 -1.186413e+01 9.558987e+00 -1.386524e+01 3.740121e+00 -1.304471e+01 9.715170e-01
<VARIANCE> 13
 4.394988e+00 3.937891e+00 2.119461e+01 6.885850e+00 1.378820e+01 2.586107e+01 1.610629e+01 1.844748e+00 2.343867e+01 1.216635e+01 1.635397e+00 8.284215e+00 1.000000e-02
<GCONST> 4.464896e+01
<STATE> 19
<MEAN> 13
 -6.233293e+00 -2.178181e+01 -1.876741e+01 -9.962002e+00 1.390176e+01 7.741460e+00 -2.561198e+00 -1.094987e+01 7.174419e+00 -1.324670e+01 1.986833e+00 -1.451650e+01 9.717978e-01
<VARIANCE> 13
 5.131529e+00 5.798780e+00 3.412370e+00 1.502344e+01 3.069236e+00 5.015129e+00 1.483701e+01 3.395959e+00 2.464845e+01 4.740730e+01 9.727759e+00 6.018453e-01 1.000000e-02
<GCONST> 4.210162e+01
<STATE> 20
<MEAN> 13
 -4.539477e+00 -2.215554e+01 -1.819646e+01 -1.150070e+01 1.227486e+01 2.570503e+00 -1.574545e+00 -1.086386e+01 3.793175e+00 -1.635201e+01 4.325728e+00 -1.500386e+01 9.315825e-01
<VARIANCE> 13
 3.075933e+00 6.387521e+00 8.480513e+00 1.024888e+01 9.239628e+00 7.977153e+00 7.036800e+00 1.301361e+01 7.181874e+00 6.650900e+01 1.086924e+01 1.680585e+01 1.000000e-02
<GCONST> 4.692392e+01
<STATE> 21
<MEAN> 13
 -4.888098e+00 -2.050898e+01 -1.967631e+01 -1.364910e+01 1.271594e+01 -5.270395e-01 -2.327491e+00 -1.141663e+01 4.768740e+00 -1.929259e+01 3.304802e+00 -1.624324e+01 8.695318e-01
<VARIANCE> 13
 3.209862e+00 9.411992e+00 1.942032e+01 2.671973e+00 1.325365e+01 1.001632e+01 2.789588e+01 2.562604e+01 1.251733e+01 5.289182e+01 6.389688e+00 4.992987e+01 1.000000e-02
<GCONST> 5.036583e+01
<STATE> 22
<MEAN> 13
 -2.244207e+00 -2.084711e+01 -1.450900e+01 -1.519023e+01 1.398883e+01 2.249420e+00 -7.829214e+00 -8.428585e+00 1.151658e+00 -1.770084e+01 1.036266e+00 -1.211549e+01 8.185790e-01
<VARIANCE> 13
 4.746713e+00 1.187108e+01 1.487336e+01 4.559496e+00 7.309939e+00 1.399287e+01 3.061372e+01 1.574687e+01 7.468501e+00 2.571890e+01 1.333311e+01 1.492479e+01 1.000000e-02
<GCONST> 4.889264e+01
<STATE> 23
<MEAN> 13
 6.294122e-01 -2.038384e+01 -1.138174e+01 -1.290824e+01 1.177247e+01 7.148894e-01 -5.942179e+00 -5.192753e+00 -4.112817e+00 -1.319871e+01 -3.696141e-01 -8.922699e+00 7.486460e-01
<VARIANCE> 13
 5.191336e-01 5.523164e+00 2.274879e+01 1.119053e+01 3.160666e+00 4.425721e+01 2.460854e+01 2.608890e+01 3.834712e+00 2.518633e+01 3.799116e+00 1.425563e+01 1.000000e-02
<GCONST> 4.584789e+01
<STATE> 24
<MEAN> 13
 1.997048e+00 -2.149793e+01 -1.195323e+01 -1.288250e+01 1.062477e+01 2.518151e+00 -7.361441e+00 -2.407878e+00 -3.472966e+00 -1.353081e+01 -6.190895e-01 -8.243572e+00 6.419730e-01
<VARIANCE> 13
 3.889543e+00 6.065609e-01 2.524429e+01 1.979209e+01 1.496967e+01 1.443043e+01 1.815674e+01 1.121368e+01 3.774926e+01 2.073927e+01 1.842692e+01 1.740359e+01 1.000000e-02
<GCONST> 4.948449e+01
<STATE> 25
<MEAN> 13
 2.586390e+00 -2.194928e+01 -1.307747e+01 -5.655319e+00 5.789545e+00 5.813430e-01 -4.683163e+00 -8.554569e+00 -8.560259e-01 -4.848405e+00 -9.174728e-01 -6.801187e+00 5.444216e-01
<VARIANCE> 13
 6.121547e+00 4.173934e+00 2.902369e+01 2.096594e+01 1.132620e+01 9.429342e+00 1.948446e+01 9.167740e+00 1.477229e+01 9.193100e+00 7.577922e+00 1.662103e+01 1.000000e-02
<GCONST> 4.854228e+01
<STATE> 26
<MEAN> 13
 2.492989e+00 -2.211226e+01 -1.750522e+01 -4.800589e+00 8.549454e+00 -1.947588e+00 -3.679973e+00 -5.544352e+00 -2.786009e-01 -6.939494e+00 -1.206259e+00 -6.308135e+00 5.077059e-01
<VARIANCE> 13
 6.227018e+00 1.088517e+01 1.201824e+01 6.513558e+00 5.392798e+00 7.334874e+00 3.292933e+01 1.606896e+00 1.239220e+01 1.835028e+01 2.545721e+01 1.102890e+01 1.000000e-02
<GCONST> 4.657445e+01
<STATE> 27
<MEAN> 13
 8.635137e-01 -2.239200e+01 -1.767719e+01 -5.313005e+00 7.285421e+00 -2.566376e+00 -1.175033e+00 -4.439789e+00 1.308898e+00 -4.391568e+00 -6.080333e-01 -5.058730e+00 4.499535e-01
<VARIANCE> 13
 1.855625e+00 3.439481e+00 4.207285e+00 1.957000e+00 8.762146e+00 6.884046e+00 1.110273e+01 1.575460e+01 2.447405e+00 1.512463e+01 1.789118e+01 3.397029e+00 1.000000e-02
<GCONST> 4.023154e+01
<STATE> 28
<MEAN> 13
 8.828071e-01 -2.219405e+01 -1.360092e+01 -5.770893e+00 6.873783e+00 2.951661e+00 -1.197938e+00 -4.459858e+00 2.646024e+00 -6.300955e+00 -1.116247e+00 -2.927201e+00 4.345551e-01
<VARIANCE> 13
 2.253290e+00 5.733781e+00 1.086055e+01 1.139817e+01 1.218783e+01 6.469566e+01 9.062615e+00 5.462980e+00 4.952427e+01 7.569578e+00 1.515758e+01 5.498174e+00 1.000000e-02
<GCONST> 4.758639e+01
<STATE> 29
<MEAN> 13
 1.062714e+00 -2.193297e+01 -1.555114e+01 -3.857177e+00 7.857387e+00 9.958104e-01 -1.753773e+00 -6.455417e+00 7.025259e-01 -5.312835e+00 -7.261199e-01 -4.472915e+00 4.358953e-01
<VARIANCE> 13
 4.677927e+00 9.168985e+00 1.569992e+01 3.303248e+00 4.334267e+00 8.275534e+00 2.964786e+00 1.010497e+01 1.250983e+01 1.302387e+01 1.769505e+00 1.479099e+01 1.000000e-02
<GCONST> 4.233218e+01
<STATE> 30
<MEAN> 13
 1.658957e-01 -2.231526e+01 -1.617645e+01 -2.564152e+00 7.163577e+00 -2.035578e+00 -8.105848e-01 -5.996587e+00 5.503725e-01 -5.299992e+00 -7.632610e-01 -3.889812e+00 3.767109e-01
<VARIANCE> 13
 9.194485e-01 2.592169e+00 3.788192e+00 4.423822e+00 1.040209e+01 8.092874e+00 1.593338e+01 1.106427e+01 5.512969e+00 8.713431e+00 8.671460e+00 1.287313e+01 1.000000e-02
<GCONST> 4.116692e+01
<STATE> 31
<MEAN> 13
 1.144471e+00 -1.888831e+01 -1.445391e+01 -1.983211e+00 8.932517e+00 -1.946329e+00 -3.502918e+00 -5.658457e+00 -5.094056e-01 -5.995111e+00 -4.992675e-01 -5.782753e+00 3.429166e-01
<VARIANCE> 13
 1.322809e+00 2.052246e+00 5.102261e+00 4.357270e+00 1.882050e+00 9.869657e+00 1.126649e+01 9.564708e+00 5.182134e+00 7.669767e+00 4.978407e+00 3.796121e+00 1.000000e-02
<GCONST> 3.761079e+01
<STATE> 32
<MEAN> 13
 -7.121056e-01 -2.016195e+01 -1.558912e+01 -2.576309e+00 1.044026e+01 2.434750e+00 1.550621e+00 -4.939661e+00 1.019551e+00 -4.750715e+00 7.694546e-01 -5.675238e+00 3.279130e-01
<VARIANCE> 13
 8.992406e-01 4.025403e+00 6.687599e+00 1.956188e+00 2.940650e+00 7.326317e+00 8.708736e+00 9.943448e+00 9.533648e+00 9.492624e+00 1.561874e+01 3.161783e+00 1.000000e-02
<GCONST> 3.908120e+01
<STATE> 33
<MEAN> 13
 -1.683891e+00 -1.719794e+01 -1.167088e+01 -2.208763e+00 8.616911e+00 2.206106e+00 -1.137406e+00 -5.623933e+00 4.263050e+00 -7.279490e+00 -1.891608e+00 -1.745516e+00 2.575423e-01
<VARIANCE> 13
 1.280444e+00 4.129139e+00 6.342042e+00 1.292674e+01 7.201562e+00 3.140351e+01 1.987149e+01 1.717835e+01 2.103512e+01 1.235027e+01 6.473501e+00 2.385128e+01 1.000000e-02
<GCONST> 4.721259e+01
<STATE> 34
<MEAN> 13
 -1.101477e+00 -1.840594e+01 -1.273371e+01 -2.390941e+00 9.189649e+00 9.964488e-01 -7.933823e-01 -5.591295e+00 1.407005e+00 -4.587011e+00 -1.342714e+00 -5.228402e+00 2.464947e-01
<VARIANCE> 13
 3.998928e+00 3.955848e+00 7.613022e+00 1.763700e+01 5.647202e+00 2.602690e+01 6.969835e+00 2.731228e+00 2.207148e+01 3.368099e+00 8.257442e-01 3.322010e+01 1.000000e-02
<GCONST> 4.250526e+01
<STATE> 35
<MEAN> 13
 -3.522758e+00 -1.652814e+01 -1.075985e+01 -2.230859e+00 8.175164e+00 -9.848519e-02 -2.890830e+00 -6.453335e+00 2.804052e+00 -8.548291e-01 2.067867e+00 -2.470463e+00 1.743184e-01
<VARIANCE> 13
 1.948741e+00 2.890689e+00 3.613831e+00 7.375685e+00 3.880489e+00 2.544423e+01 4.197925e+00 1.529031e+01 2.180285e+01 5.744596e+00 1.146866e+01 1.119994e+01 1.000000e-02
<GCONST> 4.273895e+01
<STATE> 36
<MEAN> 13
 -5.155628e+00 -1.184146e+01 -5.379608e+00 -1.152620e+00 6.996819e+00 2.998759e-01 -3.284309e-02 -6.687851e+00 -3.378420e-02 -2.988894e+00 2.057353e-01 -3.313009e+00 4.290673e-02
<VARIANCE> 13
 1.113734e+00 1.948544e+00 3.619469e+00 5.395591e+00 1.024810e+01 4.607914e+00 9.394164e+00 6.515635e+00 2.101490e+01 1.456125e+01 1.748623e+01 1.121456e+01 1.000000e-02
<GCONST> 4.200533e+01
<STATE> 37
<MEAN> 13
 -5.319839e+00 -1.074978e+01 -4.344031e+00 -6.751437e-01 6.906480e+00 -1.999323e-01 4.495438e-01 -5.284653e+00 1.442826e+00 -3.344523e+00 1.962559e+00 -3.905697e+00 1.634930e-02
<VARIANCE> 13
 2.507616e-01 1.415356e+00 2.388527e+00 5.865540e+00 1.117347e+01 3.218438e+00 9.776818e+00 2.003502e+01 1.690641e+01 7.182981e+00 4.124846e+00 8.046872e+00 1.000000e-02
<GCONST> 3.805279e+01
<TRANSP> 38
 0.000000e+00 1.000000e+00 0.000000e+00 0.000000e+00 0.000000e+00 0.000000e+00 0.000000e+00 0.000000e+00 0.000000e+00 0.000000e+00 0.000000e+00 0.000000e+00 0.000000e+00 0.000000e+00 0.000000e+00 0.000000e+00 0.000000e+00 0.000000e+00 0.000000e+00 0.000000e+00 0.000000e+00 0.000000e+00 0.000000e+00 0.000000e+00 0.000000e+00 0.000000e+00 0.000000e+00 0.000000e+00 0.000000e+00 0.000000e+00 0.000000e+00 0.000000e+00 0.000000e+00 0.000000e+00 0.000000e+00 0.000000e+00 0.000000e+00 0.000000e+00
 0.000000e+00 6.153846e-01 3.846154e-01 0.000000e+00 0.000000e+00 0.000000e+00 0.000000e+00 0.000000e+00 0.000000e+00 0.000000e+00 0.000000e+00 0.000000e+00 0.000000e+00 0.000000e+00 0.000000e+00 0.000000e+00 0.000000e+00 0.000000e+00 0.000000e+00 0.000000e+00 0.000000e+00 0.000000e+00 0.000000e+00 0.000000e+00 0.000000e+00 0.000000e+00 0.000000e+00 0.000000e+00 0.000000e+00 0.000000e+00 0.000000e+00 0.000000e+00 0.000000e+00 0.000000e+00 0.000000e+00 0.000000e+00 0.000000e+00 0.000000e+00
 0.000000e+00 0.000000e+00 2.857143e-01 7.142857e-01 0.000000e+00 0.000000e+00 0.000000e+00 0.000000e+00 0.000000e+00 0.000000e+00 0.000000e+00 0.000000e+00 0.000000e+00 0.000000e+00 0.000000e+00 0.000000e+00 0.000000e+00 0.000000e+00 0.000000e+00 0.000000e+00 0.000000e+00 0.000000e+00 0.000000e+00 0.000000e+00 0.000000e+00 0.000000e+00 0.000000e+00 0.000000e+00 0.000000e+00 0.000000e+00 0.000000e+00 0.000000e+00 0.000000e+00 0.000000e+00 0.000000e+00 0.000000e+00 0.000000e+00 0.000000e+00
 0.000000e+00 0.000000e+00 0.000000e+00 5.000000e-01 5.000000e-01 0.000000e+00 0.000000e+00 0.000000e+00 0.000000e+00 0.000000e+00 0.000000e+00 0.000000e+00 0.000000e+00 0.000000e+00 0.000000e+00 0.000000e+00 0.000000e+00 0.000000e+00 0.000000e+00 0.000000e+00 0.000000e+00 0.000000e+00 0.000000e+00 0.000000e+00 0.000000e+00 0.000000e+00 0.000000e+00 0.000000e+00 0.000000e+00 0.000000e+00 0.000000e+00 0.000000e+00 0.000000e+00 0.000000e+00 0.000000e+00 0.000000e+00 0.000000e+00 0.000000e+00
 0.000000e+00 0.000000e+00 0.000000e+00 0.000000e+00 3.750000e-01 6.250000e-01 0.000000e+00 0.000000e+00 0.000000e+00 0.000000e+00 0.000000e+00 0.000000e+00 0.000000e+00 0.000000e+00 0.000000e+00 0.000000e+00 0.000000e+00 0.000000e+00 0.000000e+00 0.000000e+00 0.000000e+00 0.000000e+00 0.000000e+00 0.000000e+00 0.000000e+00 0.000000e+00 0.000000e+00 0.000000e+00 0.000000e+00 0.000000e+00 0.000000e+00 0.000000e+00 0.000000e+00 0.000000e+00 0.000000e+00 0.000000e+00 0.000000e+00 0.000000e+00
 0.000000e+00 0.000000e+00 0.000000e+00 0.000000e+00 0.000000e+00 3.750000e-01 6.250000e-01 0.000000e+00 0.000000e+00 0.000000e+00 0.000000e+00 0.000000e+00 0.000000e+00 0.000000e+00 0.000000e+00 0.000000e+00 0.000000e+00 0.000000e+00 0.000000e+00 0.000000e+00 0.000000e+00 0.000000e+00 0.000000e+00 0.000000e+00 0.000000e+00 0.000000e+00 0.000000e+00 0.000000e+00 0.000000e+00 0.000000e+00 0.000000e+00 0.000000e+00 0.000000e+00 0.000000e+00 0.000000e+00 0.000000e+00 0.000000e+00 0.000000e+00
 0.000000e+00 0.000000e+00 0.000000e+00 0.000000e+00 0.000000e+00 0.000000e+00 4.444444e-01 5.555556e-01 0.000000e+00 0.000000e+00 0.000000e+00 0.000000e+00 0.000000e+00 0.000000e+00 0.000000e+00 0.000000e+00 0.000000e+00 0.000000e+00 0.000000e+00 0.000000e+00 0.000000e+00 0.000000e+00 0.000000e+00 0.000000e+00 0.000000e+00 0.000000e+00 0.000000e+00 0.000000e+00 0.000000e+00 0.000000e+00 0.000000e+00 0.000000e+00 0.000000e+00 0.000000e+00 0.000000e+00 0.000000e+00 0.000000e+00 0.000000e+00
 0.000000e+00 0.000000e+00 0.000000e+00 0.000000e+00 0.000000e+00 0.000000e+00 0.000000e+00 2.857143e-01 7.142857e-01 0.000000e+00 0.000000e+00 0.000000e+00 0.000000e+00 0.000000e+00 0.000000e+00 0.000000e+00 0.000000e+00 0.000000e+00 0.000000e+00 0.000000e+00 0.000000e+00 0.000000e+00 0.000000e+00 0.000000e+00 0.000000e+00 0.000000e+00 0.000000e+00 0.000000e+00 0.000000e+00 0.000000e+00 0.000000e+00 0.000000e+00 0.000000e+00 0.000000e+00 0.000000e+00 0.000000e+00 0.000000e+00 0.000000e+00
 0.000000e+00 0.000000e+00 0.000000e+00 0.000000e+00 0.000000e+00 0.000000e+00 0.000000e+00 0.000000e+00 4.444444e-01 5.555556e-01 0.000000e+00 0.000000e+00 0.000000e+00 0.000000e+00 0.000000e+00 0.000000e+00 0.000000e+00 0.000000e+00 0.000000e+00 0.000000e+00 0.000000e+00 0.000000e+00 0.000000e+00 0.000000e+00 0.000000e+00 0.000000e+00 0.000000e+00 0.000000e+00 0.000000e+00 0.000000e+00 0.000000e+00 0.000000e+00 0.000000e+00 0.000000e+00 0.000000e+00 0.000000e+00 0.000000e+00 0.000000e+00
 0.000000e+00 0.000000e+00 0.000000e+00 0.000000e+00 0.000000e+00 0.000000e+00 0.000000e+00 0.000000e+00 0.000000e+00 5.454546e-01 4.545455e-01 0.000000e+00 0.000000e+00 0.000000e+00 0.000000e+00 0.000000e+00 0.000000e+00 0.000000e+00 0.000000e+00 0.000000e+00 0.000000e+00 0.000000e+00 0.000000e+00 0.000000e+00 0.000000e+00 0.000000e+00 0.000000e+00 0.000000e+00 0.000000e+00 0.000000e+00 0.000000e+00 0.000000e+00 0.000000e+00 0.000000e+00 0.000000e+00 0.000000e+00 0.000000e+00 0.000000e+00
 0.000000e+00 0.000000e+00 0.000000e+00 0.000000e+00 0.000000e+00 0.000000e+00 0.000000e+00 0.000000e+00 0.000000e+00 0.000000e+00 1.666667e-01 8.333333e-01 0.000000e+00 0.000000e+00 0.000000e+00 0.000000e+00 0.000000e+00 0.000000e+00 0.000000e+00 0.000000e+00 0.000000e+00 0.000000e+00 0.000000e+00 0.000000e+00 0.000000e+00 0.000000e+00 0.000000e+00 0.000000e+00 0.000000e+00 0.000000e+00 0.000000e+00 0.000000e+00 0.000000e+00 0.000000e+00 0.000000e+00 0.000000e+00 0.000000e+00 0.000000e+00
 0.000000e+00 0.000000e+00 0.000000e+00 0.000000e+00 0.000000e+00 0.000000e+00 0.000000e+00 0.000000e+00 0.000000e+00 0.000000e+00 0.000000e+00 4.444444e-01 5.555556e-01 0.000000e+00 0.000000e+00 0.000000e+00 0.000000e+00 0.000000e+00 0.000000e+00 0.000000e+00 0.000000e+00 0.000000e+00 0.000000e+00 0.000000e+00 0.000000e+00 0.000000e+00 0.000000e+00 0.000000e+00 0.000000e+00 0.000000e+00 0.000000e+00 0.000000e+00 0.000000e+00 0.000000e+00 0.000000e+00 0.000000e+00 0.000000e+00 0.000000e+00
 0.000000e+00 0.000000e+00 0.000000e+00 0.000000e+00 0.000000e+00 0.000000e+00 0.000000e+00 0.000000e+00 0.000000e+00 0.000000e+00 0.000000e+00 0.000000e+00 4.444444e-01 5.555556e-01 0.000000e+00 0.000000e+00 0.000000e+00 0.000000e+00 0.000000e+00 0.000000e+00 0.000000e+00 0.000000e+00 0.000000e+00 0.000000e+00 0.000000e+00 0.000000e+00 0.000000e+00 0.000000e+00 0.000000e+00 0.000000e+00 0.000000e+00 0.000000e+00 0.000000e+00 0.000000e+00 0.000000e+00 0.000000e+00 0.000000e+00 0.000000e+00
 0.000000e+00 0.000000e+00 0.000000e+00 0.000000e+00 0.000000e+00 0.000000e+00 0.000000e+00 0.000000e+00 0.000000e+00 0.000000e+00 0.000000e+00 0.000000e+00 0.000000e+00 4.444444e-01 5.555556e-01 0.000000e+00 0.000000e+00 0.000000e+00 0.000000e+00 0.000000e+00 0.000000e+00 0.000000e+00 0.000000e+00 0.000000e+00 0.000000e+00 0.000000e+00 0.000000e+00 0.000000e+00 0.000000e+00 0.000000e+00 0.000000e+00 0.000000e+00 0.000000e+00 0.000000e+00 0.000000e+00 0.000000e+00 0.000000e+00 0.000000e+00
 0.000000e+00 0.000000e+00 0.000000e+00 0.000000e+00 0.000000e+00 0.000000e+00 0.000000e+00 0.000000e+00 0.000000e+00 0.000000e+00 0.000000e+00 0.000000e+00 0.000000e+00 0.000000e+00 5.833333e-01 4.166667e-01 0.000000e+00 0.000000e+00 0.000000e+00 0.000000e+00 0.000000e+00 0.000000e+00 0.000000e+00 0.000000e+00 0.000000e+00 0.000000e+00 0.000000e+00 0.000000e+00 0.000000e+00 0.000000e+00 0.000000e+00 0.000000e+00 0.000000e+00 0.000000e+00 0.000000e+00 0.000000e+00 0.000000e+00 0.000000e+00
 0.000000e+00 0.000000e+00 0.000000e+00 0.000000e+00 0.000000e+00 0.000000e+00 0.000000e+00 0.000000e+00 0.000000e+00 0.000000e+00 0.000000e+00 0.000000e+00 0.000000e+00 0.000000e+00 0.000000e+00 0.000000e+00 1.000000e+00 0.000000e+00 0.000000e+00 0.000000e+00 0.000000e+00 0.000000e+00 0.000000e+00 0.000000e+00 0.000000e+00 0.000000e+00 0.000000e+00 0.000000e+00 0.000000e+00 0.000000e+00 0.000000e+00 0.000000e+00 0.000000e+00 0.000000e+00 0.000000e+00 0.000000e+00 0.000000e+00 0.000000e+00
 0.000000e+00 0.000000e+00 0.000000e+00 0.000000e+00 0.000000e+00 0.000000e+00 0.000000e+00 0.000000e+00 0.000000e+00 0.000000e+00 0.000000e+00 0.000000e+00 0.000000e+00 0.000000e+00 0.000000e+00 0.000000e+00 2.857143e-01 7.142857e-01 0.000000e+00 0.000000e+00 0.000000e+00 0.000000e+00 0.000000e+00 0.000000e+00 0.000000e+00 0.000000e+00 0.000000e+00 0.000000e+00 0.000000e+00 0.000000e+00 0.000000e+00 0.000000e+00 0.000000e+00 0.000000e+00 0.000000e+00 0.000000e+00 0.000000e+00 0.000000e+00
 0.000000e+00 0.000000e+00 0.000000e+00 0.000000e+00 0.000000e+00 0.000000e+00 0.000000e+00 0.000000e+00 0.000000e+00 0.000000e+00 0.000000e+00 0.000000e+00 0.000000e+00 0.000000e+00 0.000000e+00 0.000000e+00 0.000000e+00 5.000000e-01 5.000000e-01 0.000000e+00 0.000000e+00 0.000000e+00 0.000000e+00 0.000000e+00 0.000000e+00 0.000000e+00 0.000000e+00 0.000000e+00 0.000000e+00 0.000000e+00 0.000000e+00 0.000000e+00 0.000000e+00 0.000000e+00 0.000000e+00 0.000000e+00 0.000000e+00 0.000000e+00
 0.000000e+00 0.000000e+00 0.000000e+00 0.000000e+00 0.000000e+00 0.000000e+00 0.000000e+00 0.000000e+00 0.000000e+00 0.000000e+00 0.000000e+00 0.000000e+00 0.000000e+00 0.000000e+00 0.000000e+00 0.000000e+00 0.000000e+00 0.000000e+00 4.444444e-01 5.555556e-01 0.000000e+00 0.000000e+00 0.000000e+00 0.000000e+00 0.000000e+00 0.000000e+00 0.000000e+00 0.000000e+00 0.000000e+00 0.000000e+00 0.000000e+00 0.000000e+00 0.000000e+00 0.000000e+00 0.000000e+00 0.000000e+00 0.000000e+00 0.000000e+00
 0.000000e+00 0.000000e+00 0.000000e+00 0.000000e+00 0.000000e+00 0.000000e+00 0.000000e+00 0.000000e+00 0.000000e+00 0.000000e+00 0.000000e+00 0.000000e+00 0.000000e+00 0.000000e+00 0.000000e+00 0.000000e+00 0.000000e+00 0.000000e+00 0.000000e+00 4.444444e-01 5.555556e-01 0.000000e+00 0.000000e+00 0.000000e+00 0.000000e+00 0.000000e+00 0.000000e+00 0.000000e+00 0.000000e+00 0.000000e+00 0.000000e+00 0.000000e+00 0.000000e+00 0.000000e+00 0.000000e+00 0.000000e+00 0.000000e+00 0.000000e+00
 0.000000e+00 0.000000e+00 0.000000e+00 0.000000e+00 0.000000e+00 0.000000e+00 0.000000e+00 0.000000e+00 0.000000e+00 0.000000e+00 0.000000e+00 0.000000e+00 0.000000e+00 0.000000e+00 0.000000e+00 0.000000e+00 0.000000e+00 0.000000e+00 0.000000e+00 0.000000e+00 3.750000e-01 6.250000e-01 0.000000e+00 0.000000e+00 0.000000e+00 0.000000e+00 0.000000e+00 0.000000e+00 0.000000e+00 0.000000e+00 0.000000e+00 0.000000e+00 0.000000e+00 0.000000e+00 0.000000e+00 0.000000e+00 0.000000e+00 0.000000e+00
 0.000000e+00 0.000000e+00 0.000000e+00 0.000000e+00 0.000000e+00 0.000000e+00 0.000000e+00 0.000000e+00 0.000000e+00 0.000000e+00 0.000000e+00 0.000000e+00 0.000000e+00 0.000000e+00 0.000000e+00 0.000000e+00 0.000000e+00 0.000000e+00 0.000000e+00 0.000000e+00 0.000000e+00 3.750000e-01 6.250000e-01 0.000000e+00 0.000000e+00 0.000000e+00 0.000000e+00 0.000000e+00 0.000000e+00 0.000000e+00 0.000000e+00 0.000000e+00 0.000000e+00 0.000000e+00 0.000000e+00 0.000000e+00 0.000000e+00 0.000000e+00
 0.000000e+00 0.000000e+00 0.000000e+00 0.000000e+00 0.000000e+00 0.000000e+00 0.000000e+00 0.000000e+00 0.000000e+00 0.000000e+00 0.000000e+00 0.000000e+00 0.000000e+00 0.000000e+00 0.000000e+00 0.000000e+00 0.000000e+00 0.000000e+00 0.000000e+00 0.000000e+00 0.000000e+00 0.000000e+00 4.444444e-01 5.555556e-01 0.000000e+00 0.000000e+00 0.000000e+00 0.000000e+00 0.000000e+00 0.000000e+00 0.000000e+00 0.000000e+00 0.000000e+00 0.000000e+00 0.000000e+00 0.000000e+00 0.000000e+00 0.000000e+00
 0.000000e+00 0.000000e+00 0.000000e+00 0.000000e+00 0.000000e+00 0.000000e+00 0.000000e+00 0.000000e+00 0.000000e+00 0.000000e+00 0.000000e+00 0.000000e+00 0.000000e+00 0.000000e+00 0.000000e+00 0.000000e+00 0.000000e+00 0.000000e+00 0.000000e+00 0.000000e+00 0.000000e+00 0.000000e+00 0.000000e+00 4.444444e-01 5.555556e-01 0.000000e+00 0.000000e+00 0.000000e+00 0.000000e+00 0.000000e+00 0.000000e+00 0.000000e+00 0.000000e+00 0.000000e+00 0.000000e+00 0.000000e+00 0.000000e+00 0.000000e+00
 0.000000e+00 0.000000e+00 0.000000e+00 0.000000e+00 0.000000e+00 0.000000e+00 0.000000e+00 0.000000e+00 0.000000e+00 0.000000e+00 0.000000e+00 0.000000e+00 0.000000e+00 0.000000e+00 0.000000e+00 0.000000e+00 0.000000e+00 0.000000e+00 0.000000e+00 0.000000e+00 0.000000e+00 0.000000e+00 0.000000e+00 0.000000e+00 5.454546e-01 4.545455e-01 0.000000e+00 0.000000e+00 0.000000e+00 0.000000e+00 0.000000e+00 0.000000e+00 0.000000e+00 0.000000e+00 0.000000e+00 0.000000e+00 0.000000e+00 0.000000e+00
 0.000000e+00 0.000000e+00 0.000000e+00 0.000000e+00 0.000000e+00 0.000000e+00 0.000000e+00 0.000000e+00 0.000000e+00 0.000000e+00 0.000000e+00 0.000000e+00 0.000000e+00 0.000000e+00 0.000000e+00 0.000000e+00 0.000000e+00 0.000000e+00 0.000000e+00 0.000000e+00 0.000000e+00 0.000000e+00 0.000000e+00 0.000000e+00 0.000000e+00 3.750000e-01 6.250000e-01 0.000000e+00 0.000000e+00 0.000000e+00 0.000000e+00 0.000000e+00 0.000000e+00 0.000000e+00 0.000000e+00 0.000000e+00 0.000000e+00 0.000000e+00
 0.000000e+00 0.000000e+00 0.000000e+00 0.000000e+00 0.000000e+00 0.000000e+00 0.000000e+00 0.000000e+00 0.000000e+00 0.000000e+00 0.000000e+00 0.000000e+00 0.000000e+00 0.000000e+00 0.000000e+00 0.000000e+00 0.000000e+00 0.000000e+00 0.000000e+00 0.000000e+00 0.000000e+00 0.000000e+00 0.000000e+00 0.000000e+00 0.000000e+00 0.000000e+00 5.000000e-01 5.000000e-01 0.000000e+00 0.000000e+00 0.000000e+00 0.000000e+00 0.000000e+00 0.000000e+00 0.000000e+00 0.000000e+00 0.000000e+00 0.000000e+00
 0.000000e+00 0.000000e+00 0.000000e+00 0.000000e+00 0.000000e+00 0.000000e+00 0.000000e+00 0.000000e+00 0.000000e+00 0.000000e+00 0.000000e+00 0.000000e+00 0.000000e+00 0.000000e+00 0.000000e+00 0.000000e+00 0.000000e+00 0.000000e+00 0.000000e+00 0.000000e+00 0.000000e+00 0.000000e+00 0.000000e+00 0.000000e+00 0.000000e+00 0.000000e+00 0.000000e+00 2.857143e-01 7.142857e-01 0.000000e+00 0.000000e+00 0.000000e+00 0.000000e+00 0.000000e+00 0.000000e+00 0.000000e+00 0.000000e+00 0.000000e+00
 0.000000e+00 0.000000e+00 0.000000e+00 0.000000e+00 0.000000e+00 0.000000e+00 0.000000e+00 0.000000e+00 0.000000e+00 0.000000e+00 0.000000e+00 0.000000e+00 0.000000e+00 0.000000e+00 0.000000e+00 0.000000e+00 0.000000e+00 0.000000e+00 0.000000e+00 0.000000e+00 0.000000e+00 0.000000e+00 0.000000e+00 0.000000e+00 0.000000e+00 0.000000e+00 0.000000e+00 0.000000e+00 4.444444e-01 5.555556e-01 0.000000e+00 0.000000e+00 0.000000e+00 0.000000e+00 0.000000e+00 0.000000e+00 0.000000e+00 0.000000e+00
 0.000000e+00 0.000000e+00 0.000000e+00 0.000000e+00 0.000000e+00 0.000000e+00 0.000000e+00 0.000000e+00 0.000000e+00 0.000000e+00 0.000000e+00 0.000000e+00 0.000000e+00 0.000000e+00 0.000000e+00 0.000000e+00 0.000000e+00 0.000000e+00 0.000000e+00 0.000000e+00 0.000000e+00 0.000000e+00 0.000000e+00 0.000000e+00 0.000000e+00 0.000000e+00 0.000000e+00 0.000000e+00 0.000000e+00 3.750000e-01 6.250000e-01 0.000000e+00 0.000000e+00 0.000000e+00 0.000000e+00 0.000000e+00 0.000000e+00 0.000000e+00
 0.000000e+00 0.000000e+00 0.000000e+00 0.000000e+00 0.000000e+00 0.000000e+00 0.000000e+00 0.000000e+00 0.000000e+00 0.000000e+00 0.000000e+00 0.000000e+00 0.000000e+00 0.000000e+00 0.000000e+00 0.000000e+00 0.000000e+00 0.000000e+00 0.000000e+00 0.000000e+00 0.000000e+00 0.000000e+00 0.000000e+00 0.000000e+00 0.000000e+00 0.000000e+00 0.000000e+00 0.000000e+00 0.000000e+00 0.000000e+00 4.444444e-01 5.555556e-01 0.000000e+00 0.000000e+00 0.000000e+00 0.000000e+00 0.000000e+00 0.000000e+00
 0.000000e+00 0.000000e+00 0.000000e+00 0.000000e+00 0.000000e+00 0.000000e+00 0.000000e+00 0.000000e+00 0.000000e+00 0.000000e+00 0.000000e+00 0.000000e+00 0.000000e+00 0.000000e+00 0.000000e+00 0.000000e+00 0.000000e+00 0.000000e+00 0.000000e+00 0.000000e+00 0.000000e+00 0.000000e+00 0.000000e+00 0.000000e+00 0.000000e+00 0.000000e+00 0.000000e+00 0.000000e+00 0.000000e+00 0.000000e+00 0.000000e+00 2.857143e-01 7.142857e-01 0.000000e+00 0.000000e+00 0.000000e+00 0.000000e+00 0.000000e+00
 0.000000e+00 0.000000e+00 0.000000e+00 0.000000e+00 0.000000e+00 0.000000e+00 0.000000e+00 0.000000e+00 0.000000e+00 0.000000e+00 0.000000e+00 0.000000e+00 0.000000e+00 0.000000e+00 0.000000e+00 0.000000e+00 0.000000e+00 0.000000e+00 0.000000e+00 0.000000e+00 0.000000e+00 0.000000e+00 0.000000e+00 0.000000e+00 0.000000e+00 0.000000e+00 0.000000e+00 0.000000e+00 0.000000e+00 0.000000e+00 0.000000e+00 0.000000e+00 5.000000e-01 5.000000e-01 0.000000e+00 0.000000e+00 0.000000e+00 0.000000e+00
 0.000000e+00 0.000000e+00 0.000000e+00 0.000000e+00 0.000000e+00 0.000000e+00 0.000000e+00 0.000000e+00 0.000000e+00 0.000000e+00 0.000000e+00 0.000000e+00 0.000000e+00 0.000000e+00 0.000000e+00 0.000000e+00 0.000000e+00 0.000000e+00 0.000000e+00 0.000000e+00 0.000000e+00 0.000000e+00 0.000000e+00 0.000000e+00 0.000000e+00 0.000000e+00 0.000000e+00 0.000000e+00 0.000000e+00 0.000000e+00 0.000000e+00 0.000000e+00 0.000000e+00 3.750000e-01 6.250000e-01 0.000000e+00 0.000000e+00 0.000000e+00
 0.000000e+00 0.000000e+00 0.000000e+00 0.000000e+00 0.000000e+00 0.000000e+00 0.000000e+00 0.000000e+00 0.000000e+00 0.000000e+00 0.000000e+00 0.000000e+00 0.000000e+00 0.000000e+00 0.000000e+00 0.000000e+00 0.000000e+00 0.000000e+00 0.000000e+00 0.000000e+00 0.000000e+00 0.000000e+00 0.000000e+00 0.000000e+00 0.000000e+00 0.000000e+00 0.000000e+00 0.000000e+00 0.000000e+00 0.000000e+00 0.000000e+00 0.000000e+00 0.000000e+00 0.000000e+00 4.444444e-01 5.555556e-01 0.000000e+00 0.000000e+00
 0.000000e+00 0.000000e+00 0.000000e+00 0.000000e+00 0.000000e+00 0.000000e+00 0.000000e+00 0.000000e+00 0.000000e+00 0.000000e+00 0.000000e+00 0.000000e+00 0.000000e+00 0.000000e+00 0.000000e+00 0.000000e+00 0.000000e+00 0.000000e+00 0.000000e+00 0.000000e+00 0.000000e+00 0.000000e+00 0.000000e+00 0.000000e+00 0.000000e+00 0.000000e+00 0.000000e+00 0.000000e+00 0.000000e+00 0.000000e+00 0.000000e+00 0.000000e+00 0.000000e+00 0.000000e+00 0.000000e+00 5.454546e-01 4.545455e-01 0.000000e+00
 0.000000e+00 0.000000e+00 0.000000e+00 0.000000e+00 0.000000e+00 0.000000e+00 0.000000e+00 0.000000e+00 0.000000e+00 0.000000e+00 0.000000e+00 0.000000e+00 0.000000e+00 0.000000e+00 0.000000e+00 0.000000e+00 0.000000e+00 0.000000e+00 0.000000e+00 0.000000e+00 0.000000e+00 0.000000e+00 0.000000e+00 0.000000e+00 0.000000e+00 0.000000e+00 0.000000e+00 0.000000e+00 0.000000e+00 0.000000e+00 0.000000e+00 0.000000e+00 0.000000e+00 0.000000e+00 0.000000e+00 0.000000e+00 0.000000e+00 1.000000e+00
 0.000000e+00 0.000000e+00 0.000000e+00 0.000000e+00 0.000000e+00 0.000000e+00 0.000000e+00 0.000000e+00 0.000000e+00 0.000000e+00 0.000000e+00 0.000000e+00 0.000000e+00 0.000000e+00 0.000000e+00 0.000000e+00 0.000000e+00 0.000000e+00 0.000000e+00 0.000000e+00 0.000000e+00 0.000000e+00 0.000000e+00 0.000000e+00 0.000000e+00 0.000000e+00 0.000000e+00 0.000000e+00 0.000000e+00 0.000000e+00 0.000000e+00 0.000000e+00 0.000000e+00 0.000000e+00 0.000000e+00 0.000000e+00 0.000000e+00 0.000000e+00
<ENDHMM>
