~o
<STREAMINFO> 1 39
<VECSIZE> 39<NULLD><MFCC_E_D_A><DIAGC>
~h "Sai"
<BEGINHMM>
<NUMSTATES> 47
<STATE> 2
<MEAN> 39
 -6.027935e+00 -6.544056e+00 -2.041672e+00 -1.291470e+00 -7.653617e-01 -3.358546e+00 2.729284e+00 2.222873e-01 1.170967e+00 -3.216225e+00 2.388422e+00 -2.743272e+00 1.285905e-02 -7.761514e-01 9.326143e-01 -9.857485e-01 1.342853e+00 -1.156766e+00 3.649313e-01 -3.327892e-01 -2.080832e-01 7.152352e-01 8.355802e-02 8.205053e-01 -5.426227e-01 1.396058e-02 -6.924009e-01 2.932119e-01 -7.528785e-01 3.865887e-01 -2.195419e-01 -9.044281e-02 -1.681800e-01 -4.384775e-01 1.616777e-01 -1.938021e-02 -2.212918e-02 -2.567512e-03 -3.541674e-03
<VARIANCE> 39
 3.450816e+00 6.471108e+00 2.771492e+00 5.911287e+00 5.566008e+00 7.249758e+00 7.277495e+00 6.767499e+00 7.522948e+00 2.453707e+01 1.354320e+01 8.522951e+00 1.000000e-02 4.500733e-01 2.737180e-01 9.636306e-01 9.809779e-01 9.457690e-01 1.411593e+00 1.680794e+00 6.948195e-01 1.027249e+00 7.103211e-01 1.298596e+00 1.360844e+00 1.000000e-02 2.490680e-01 2.006083e-01 1.222600e-01 1.382916e-01 2.490619e-01 1.783981e-01 9.239413e-02 1.472161e-01 3.206834e-01 3.508268e-01 3.964415e-01 3.221577e-01 1.000000e-02
<GCONST> 6.114289e+01
<STATE> 3
<MEAN> 39
 -7.991495e+00 -3.430956e+00 -5.370090e+00 2.295552e+00 -5.079849e+00 -2.865688e+00 -6.429065e-01 -2.105341e+00 1.659927e+00 -4.233826e+00 4.151844e+00 -3.098919e+00 2.014746e-02 -2.006573e+00 1.653571e+00 -2.807753e+00 1.506553e+00 -1.178707e+00 2.564530e-01 -1.603192e-01 -9.408779e-01 2.948858e-01 -6.470922e-01 -1.109001e-01 -4.758196e-02 1.189001e-02 -6.586828e-01 3.116544e-01 -5.352461e-01 7.738725e-03 2.738646e-01 -5.093879e-02 2.523106e-01 4.688184e-02 6.172140e-02 6.892850e-02 -3.476474e-01 6.334840e-02 6.167090e-03
<VARIANCE> 39
 4.682323e+00 3.917889e+00 1.227041e+01 4.536592e+00 1.027933e+01 1.597877e+01 3.475019e+01 6.388676e+00 1.184201e+01 1.160297e+01 6.350670e+00 1.477206e+01 1.000000e-02 1.825589e+00 7.530882e-01 7.382832e-01 6.118343e-01 6.553487e-01 6.620756e-01 5.037906e-01 6.808004e-01 1.669625e+00 1.922683e+00 1.361557e+00 9.839489e-01 1.000000e-02 3.137506e-01 1.963492e-01 3.278929e-01 9.612144e-02 1.085194e-01 1.015547e-01 4.368974e-01 1.556618e-01 2.131180e-01 1.566274e-01 1.481263e-01 1.877726e-01 1.000000e-02
<GCONST> 6.341376e+01
<STATE> 4
<MEAN> 39
 -1.331755e+01 -1.166361e+00 -1.128992e+01 2.505299e+00 -4.880101e+00 -3.118240e+00 2.604881e+00 -4.055949e+00 2.246503e+00 -6.226403e+00 2.014960e+00 -4.541259e+00 5.501420e-02 -3.369563e+00 2.294410e+00 -3.505930e+00 1.150203e+00 5.084126e-02 3.808593e-01 3.135669e-01 -1.457109e-01 7.945930e-01 5.777412e-01 1.398285e-01 9.724888e-02 4.359260e-02 7.527713e-02 4.136310e-02 2.417763e-02 -5.852227e-02 2.166545e-01 2.424086e-02 1.272259e-01 3.445105e-01 -4.355039e-02 4.448029e-01 2.474124e-01 2.938036e-01 1.388670e-02
<VARIANCE> 39
 1.807930e+01 1.446383e+01 9.754657e+00 4.648495e+00 4.413569e+00 9.006473e+00 1.523804e+01 5.588643e+00 4.410532e+00 1.001597e+01 5.230083e+00 1.214452e+01 2.099757e-02 2.669895e+00 4.870091e+00 1.299923e+00 6.483355e-01 2.636522e-01 2.854436e-01 1.424526e+00 7.889901e-01 1.110790e+00 8.633317e-01 1.284454e+00 8.176751e-01 1.000000e-02 2.366531e-01 2.638895e-01 2.505686e-01 5.453198e-02 2.387097e-01 1.229921e-01 1.933553e-01 1.557280e-01 1.446415e-01 1.471411e-01 1.231538e-01 2.671748e-01 1.000000e-02
<GCONST> 6.262071e+01
<STATE> 5
<MEAN> 39
 -1.810593e+01 2.373222e+00 -1.488933e+01 6.293930e+00 -4.149492e+00 -1.773775e+00 4.938619e-01 -2.341610e+00 4.338380e+00 -3.262686e+00 3.880163e+00 -2.510694e+00 9.873684e-02 -1.885719e+00 1.536238e+00 -2.163173e+00 9.154658e-01 -3.277173e-01 2.886349e-01 2.639961e-01 4.838683e-02 3.254469e-01 8.481324e-01 3.965186e-01 2.066928e-01 4.811031e-02 7.389588e-01 -4.344772e-01 5.545759e-01 -3.566640e-01 1.695278e-01 -1.017222e-01 1.157056e-01 2.050792e-01 -4.787712e-01 -1.695075e-01 1.677876e-01 4.030313e-02 1.085632e-02
<VARIANCE> 39
 1.601996e+01 3.742930e+01 4.565513e+00 1.083310e+01 9.848920e+00 6.160275e+00 1.437343e+01 5.201547e+00 1.316261e+01 1.133106e+01 1.491876e+01 1.022616e+01 4.001532e-02 1.960719e+00 1.586725e+00 2.559269e+00 8.001657e-01 1.090089e+00 8.076633e-01 1.966268e+00 8.938767e-01 1.084463e+00 3.416771e-01 7.422255e-01 6.707155e-01 1.000000e-02 2.102720e-01 3.937656e-01 1.268548e-01 3.537178e-01 2.424740e-01 1.860349e-01 1.424609e-01 1.740969e-01 2.224629e-01 4.594910e-01 2.165295e-01 1.367543e-01 1.000000e-02
<GCONST> 7.040509e+01
<STATE> 6
<MEAN> 39
 -1.759725e+01 4.641033e+00 -1.693790e+01 7.489560e+00 -7.314767e+00 -3.846025e+00 1.697608e+00 -1.985328e+00 4.273621e+00 -2.446199e+00 4.240510e+00 -3.859834e+00 1.781177e-01 -1.400412e+00 1.146249e+00 -2.052645e+00 1.178251e+00 2.256835e-02 -3.341781e-01 6.705939e-01 7.041804e-02 -6.842008e-01 -3.085176e-01 3.870062e-01 1.991370e-01 6.414390e-02 9.030814e-01 -1.169220e+00 7.931369e-01 -4.109593e-01 3.182240e-01 -3.733538e-01 6.593210e-02 1.230081e-01 -2.820783e-01 -6.859292e-01 -3.336124e-01 -1.524518e-02 3.665027e-03
<VARIANCE> 39
 2.660699e+01 3.079134e+01 1.051053e+01 1.757436e+01 1.491954e+01 2.538168e+01 4.419860e+00 1.677869e+00 5.739275e+00 2.014871e+00 1.153181e+01 3.997963e+00 4.764156e-02 1.920934e+00 2.137258e+00 1.439235e+00 4.102284e+00 1.690815e+00 2.151645e+00 1.511471e+00 7.665320e-01 1.029919e+00 3.085021e+00 5.410838e-01 4.980398e-01 1.000000e-02 2.563252e-01 1.842417e-01 4.718811e-01 6.592429e-01 8.713668e-02 4.312283e-02 8.282282e-02 2.695172e-01 1.650610e-01 3.595692e-01 3.967268e-01 1.565551e-01 1.000000e-02
<GCONST> 7.083077e+01
<STATE> 7
<MEAN> 39
 -2.167431e+01 5.716007e+00 -2.142480e+01 6.650599e+00 -3.842773e+00 -6.323292e-01 3.878642e+00 -3.191957e+00 1.476025e+00 -2.894909e+00 4.447307e+00 -2.312255e+00 3.481999e-01 4.083489e-01 -1.245500e+00 1.880674e-01 -3.706311e-01 5.099078e-01 -3.673033e-01 6.902829e-01 6.669751e-01 -2.116100e-01 -9.103864e-01 -1.054006e-01 5.819576e-01 5.352361e-02 1.070759e+00 -1.584059e+00 8.043097e-01 -9.577253e-01 9.936582e-02 -4.204250e-01 -2.527499e-02 2.964704e-01 5.806760e-01 -5.811365e-01 -6.225674e-01 -1.188216e-02 3.635348e-03
<VARIANCE> 39
 3.131450e+01 3.094690e+01 1.719982e+01 2.505426e+01 2.022478e+01 2.417618e+01 1.376926e+01 1.463129e+01 7.684053e+00 1.526230e+01 1.474315e+01 5.591346e+00 3.612979e-02 3.939018e+00 1.918798e+00 2.116779e+00 6.553407e+00 7.376244e-01 1.324091e+00 1.078796e+00 2.004012e+00 8.967221e-01 3.386858e+00 1.746556e+00 1.178999e+00 1.000000e-02 2.808345e-01 2.553217e-01 8.554323e-01 8.641434e-01 3.609257e-01 5.056696e-01 9.602000e-01 4.813972e-01 1.968432e-01 2.656068e-01 6.480762e-01 1.128148e-01 1.000000e-02
<GCONST> 8.901919e+01
<STATE> 8
<MEAN> 39
 -1.960915e+01 1.150003e+00 -1.607021e+01 1.065612e+01 -5.508150e+00 -6.302076e+00 3.996210e+00 -4.145097e-01 2.577112e+00 -6.833614e+00 3.434087e+00 -1.011120e+00 3.298039e-01 2.765852e+00 -4.930575e+00 9.351431e-01 -3.094054e+00 2.170728e-01 -1.648911e+00 -4.869061e-02 1.735635e+00 1.592272e+00 -2.019549e+00 -1.833672e+00 -3.569727e-01 7.196374e-02 1.199613e+00 -1.159549e+00 -1.368524e-01 -1.322481e+00 4.007506e-01 -3.919525e-02 1.588950e-01 -2.824380e-01 2.538344e-01 -1.375565e-01 -7.740681e-01 2.451490e-03 1.857948e-02
<VARIANCE> 39
 6.063995e+01 6.008860e+01 5.923450e+00 6.115923e+01 6.829277e+00 5.840859e+01 1.440224e+01 1.704353e+01 1.943932e+01 1.773557e+01 1.189862e+01 7.977524e+00 2.006364e-02 6.756243e+00 7.805035e-01 5.112601e+00 6.220980e+00 2.132712e+00 6.223762e+00 8.395971e+00 3.372104e+00 1.757572e+00 1.175428e+00 8.371790e+00 2.279133e-01 1.000000e-02 8.036393e-01 5.034655e-01 5.549918e-01 1.296814e+00 6.783060e-01 7.597893e-02 1.649242e+00 5.222704e-01 3.382256e-01 2.243107e-01 2.818651e-01 4.293126e-01 1.000000e-02
<GCONST> 9.792284e+01
<STATE> 9
<MEAN> 39
 -1.110821e+01 -1.029316e+01 -1.845364e+01 -5.087594e+00 -3.953838e+00 -5.741089e+00 3.282679e+00 3.148319e+00 7.611064e+00 -1.011586e+01 1.352453e+00 -2.147985e+00 5.984002e-01 3.940468e+00 -5.949747e+00 3.382255e-01 -4.209341e+00 1.963700e+00 -1.247084e+00 1.111225e+00 -3.041413e-02 9.226913e-01 -1.721714e+00 -2.817468e+00 1.059717e+00 1.202307e-01 -1.124151e-01 9.996877e-02 -3.164421e-01 8.506670e-01 4.012741e-01 3.935874e-01 2.551951e-01 -1.237924e+00 -7.177472e-01 3.904926e-01 -2.283782e-01 3.642636e-01 3.891240e-03
<VARIANCE> 39
 1.528132e+02 4.504950e+01 1.051487e+01 8.213571e+01 6.960701e+00 4.576033e+01 2.727748e+01 3.988522e+01 2.229143e+01 2.271461e+01 3.741478e+01 2.400724e+01 1.235123e-02 4.766265e-01 2.522479e+00 3.444585e+00 5.144616e+00 5.463322e+00 2.572564e+00 1.317310e+01 2.012694e+00 1.803412e+00 4.178875e-01 3.882231e+00 2.771960e+00 1.000000e-02 1.972407e+00 4.934499e-01 7.811686e-01 1.900135e+00 7.620688e-01 6.813375e-01 8.657858e-01 8.295513e-01 4.478792e-01 3.790462e-01 1.063062e+00 3.933864e-01 1.000000e-02
<GCONST> 1.072634e+02
<STATE> 10
<MEAN> 39
 -9.164620e+00 -1.291713e+01 -1.568947e+01 -5.930585e+00 -2.885241e+00 -6.200897e+00 4.076802e+00 6.657372e-01 6.053620e+00 -1.009383e+01 -4.879066e+00 -1.699789e+00 6.036883e-01 3.861858e+00 -4.403445e+00 -1.315800e+00 -2.138613e+00 9.155194e-01 -9.059175e-01 1.696208e+00 -1.340819e+00 -3.015039e-01 -1.282578e+00 -3.227346e+00 9.009053e-01 1.117654e-01 -8.430508e-01 7.263318e-01 -6.137084e-01 1.382423e+00 5.000826e-01 2.290794e-01 5.390922e-01 -9.567884e-01 -5.717151e-01 4.996198e-01 6.649912e-01 9.667173e-02 4.342682e-03
<VARIANCE> 39
 1.044196e+02 6.963921e+01 3.270919e+01 2.784453e+01 1.523901e+01 1.417735e+02 8.920107e+01 3.208036e+01 9.459931e+00 1.823286e+01 5.020116e+01 1.013900e+01 4.365151e-02 5.194624e+00 1.091273e+00 2.329265e+00 7.635905e+00 1.122289e+01 1.500933e+00 7.005767e+00 2.910097e+00 2.231880e+00 7.832941e-01 8.900698e-01 1.962760e+00 1.000000e-02 1.054951e+00 5.325591e-01 8.222482e-01 9.185842e-01 5.506960e-01 1.241378e+00 2.191254e+00 5.619369e-01 1.480083e-01 3.976045e-01 1.080362e+00 5.485440e-01 1.000000e-02
<GCONST> 1.092448e+02
<STATE> 11
<MEAN> 39
 -3.583875e+00 -2.138097e+01 -2.071416e+01 -4.140899e+00 3.203098e+00 -9.474477e+00 1.090754e+01 -3.962839e+00 3.984749e+00 -1.271562e+01 -8.352729e+00 2.296844e+00 8.568811e-01 1.819684e-01 -2.726922e+00 -7.406575e-01 6.917603e-01 2.743769e+00 4.031767e-01 1.360230e+00 -3.361871e+00 -1.145263e+00 2.475333e-01 7.090324e-02 5.750670e-01 8.530001e-02 -1.106750e+00 9.630399e-01 3.460340e-01 9.211618e-01 -3.608474e-01 5.617888e-01 -1.203175e+00 2.136137e-02 1.916264e-02 7.092535e-01 1.490559e+00 -7.291395e-01 -3.141183e-02
<VARIANCE> 39
 1.236188e+01 2.599724e+01 3.244445e+01 2.044768e+01 1.617996e+02 3.112026e+01 6.383398e+01 1.915988e+01 8.679529e+00 2.989356e+01 5.294671e+00 1.183665e+01 1.000000e-02 3.278869e+00 1.523972e+00 3.065555e+00 3.633180e+00 3.791366e+00 3.124110e+00 5.866599e+00 1.942928e+00 1.633897e+00 2.731495e+00 2.828483e+00 1.347085e+00 1.000000e-02 3.504069e-01 3.808927e-01 1.504655e-01 9.338956e-01 2.251132e+00 1.462145e-01 1.379240e+00 2.382492e-01 2.332090e-01 1.306691e-01 3.979429e-01 4.646089e-01 1.000000e-02
<GCONST> 9.584016e+01
<STATE> 12
<MEAN> 39
 -4.208439e+00 -2.537907e+01 -1.851992e+01 -4.876316e+00 7.370520e+00 -7.861667e+00 9.180596e+00 -8.719588e+00 1.248876e+00 -1.012159e+01 -6.590214e+00 1.739526e-02 9.422732e-01 -3.126341e-01 -1.253741e+00 -4.126592e-01 1.031926e+00 8.032555e-01 4.356708e-01 -1.251915e+00 -1.697564e+00 -2.366451e-01 1.156855e+00 1.043717e+00 -1.381179e+00 2.998473e-02 -1.490880e-01 6.250104e-01 1.414149e-01 8.661393e-02 -6.328847e-01 1.841624e-01 -5.974435e-01 8.378310e-01 7.144238e-01 1.504036e-01 3.373672e-01 -2.717786e-01 -1.993204e-02
<VARIANCE> 39
 9.732945e+00 1.250479e+01 2.977042e+01 1.807965e+01 6.290752e+01 2.949081e+01 5.290747e+01 1.895316e+01 1.339437e+01 4.560475e+01 2.140035e+01 1.174462e+01 1.000000e-02 1.834997e-01 2.243273e+00 1.011324e+00 1.913422e+00 5.445651e+00 1.331445e-01 5.053291e+00 7.088130e-01 1.641643e+00 1.568971e+00 3.236714e+00 1.828957e+00 1.000000e-02 4.771893e-01 2.694474e-01 3.726051e-01 4.542007e-01 6.054912e-01 4.647093e-01 5.501323e-01 4.731715e-01 1.774756e-01 2.247269e-01 4.601583e-01 3.727236e-01 1.000000e-02
<GCONST> 8.735436e+01
<STATE> 13
<MEAN> 39
 -4.355345e+00 -2.497086e+01 -2.164031e+01 -1.718971e+00 6.683157e+00 -8.433777e+00 7.196855e+00 -1.036444e+01 2.628977e+00 -8.492483e+00 -4.041659e+00 -1.914166e+00 9.477029e-01 1.140519e-01 -8.056329e-01 2.279402e-01 8.725185e-01 4.825005e-01 7.827550e-01 -1.416640e+00 -1.982652e-01 8.461050e-01 6.867388e-01 1.371262e+00 -5.407093e-01 1.482902e-02 3.673624e-02 3.141108e-01 3.649318e-01 -2.083357e-01 -1.332612e-01 3.366037e-01 -2.874846e-01 7.130389e-01 2.822404e-01 -3.129654e-01 -2.767802e-01 2.659065e-01 -9.682679e-03
<VARIANCE> 39
 1.015479e+01 1.219577e+01 4.005212e+01 1.648122e+01 2.713456e+01 2.348877e+01 1.814546e+01 9.862933e+00 4.292480e+01 7.647834e+01 5.664344e+01 2.041199e+01 1.000000e-02 1.867431e-01 4.516799e-01 1.080383e-01 6.576992e-01 2.451549e+00 7.074213e-01 8.143610e-01 1.588148e+00 3.752703e-01 4.741618e-01 4.536036e+00 3.654568e+00 1.000000e-02 1.213042e-01 1.254675e-01 2.034963e-01 2.098697e-01 3.642657e-01 1.249747e-01 5.828703e-01 1.501454e-01 1.800391e-01 7.148575e-01 5.494207e-01 3.658134e-01 1.000000e-02
<GCONST> 7.622069e+01
<STATE> 14
<MEAN> 39
 -4.992762e+00 -2.503164e+01 -1.970994e+01 -1.152694e+00 7.546326e+00 -5.781032e+00 7.335321e+00 -8.638712e+00 5.093739e+00 -7.835714e+00 -2.223132e+00 -1.663995e+00 9.619772e-01 1.697622e-01 -6.837455e-01 4.435443e-01 7.568953e-01 4.316982e-02 1.766636e+00 -1.891165e+00 2.851076e-01 9.826735e-01 2.047729e-01 2.506944e-01 -2.446052e-02 1.179095e-02 -2.375280e-03 1.835316e-01 1.467202e-01 -4.589106e-01 -3.671704e-01 1.630289e-01 -2.523187e-01 3.581764e-01 -4.296701e-03 -4.363455e-01 -4.074521e-01 6.261215e-02 -6.027194e-03
<VARIANCE> 39
 1.660378e+01 5.741305e+00 4.147543e+01 4.011202e+00 3.580099e+01 3.703998e+01 1.900403e+01 3.854901e+00 1.189264e+01 4.534812e+01 5.968469e+01 5.281850e+01 1.000000e-02 1.007079e-01 3.086330e-01 3.053026e-01 1.097965e+00 5.195689e-01 4.193041e-01 1.129974e-01 1.573721e+00 9.988760e-01 2.600245e+00 1.786731e+00 5.310125e-01 1.000000e-02 3.051286e-02 8.791058e-02 1.488766e-01 4.068062e-02 5.850424e-01 4.348208e-02 4.083526e-01 1.906032e-01 1.054489e-01 2.372715e-01 8.060762e-01 4.796838e-01 1.000000e-02
<GCONST> 6.455967e+01
<STATE> 15
<MEAN> 39
 -3.456673e+00 -2.796773e+01 -1.927676e+01 -1.358893e+00 5.925840e+00 -3.154959e+00 2.948009e-01 -8.089939e+00 5.363365e+00 -1.035757e+01 -4.615479e+00 -2.365995e+00 9.801348e-01 8.296959e-02 -5.335695e-01 3.671979e-01 -2.656655e-01 1.316112e-01 1.338827e+00 -1.316198e+00 7.957155e-01 5.862826e-01 -8.093432e-01 3.439274e-02 -3.126275e-01 6.678483e-03 -8.327409e-02 2.068743e-01 -6.206988e-02 -1.901902e-01 -4.598625e-02 -2.578142e-01 5.548092e-01 4.234776e-02 -1.940389e-01 -2.015766e-01 1.173519e-01 -5.850424e-02 -3.230228e-03
<VARIANCE> 39
 1.008590e+01 1.316413e+01 2.101727e+01 2.256714e+01 1.862819e+01 3.691625e+01 2.565956e+01 5.040935e+00 3.108955e+01 1.825255e+01 6.146123e+01 2.353311e+01 1.000000e-02 1.696083e-01 2.683684e-01 3.720145e-01 1.590544e-01 3.913451e-01 3.533061e-01 5.761074e-01 2.748222e+00 7.749158e-01 2.807236e+00 1.708799e+00 3.667121e-01 1.000000e-02 1.000000e-02 3.049657e-02 4.570318e-02 1.803022e-01 2.559304e-01 1.187977e-01 2.307245e-01 3.007688e-01 1.811305e-01 2.236149e-01 5.998973e-01 2.300401e-01 1.000000e-02
<GCONST> 6.255772e+01
<STATE> 16
<MEAN> 39
 -5.867233e+00 -2.609868e+01 -1.787931e+01 -2.033733e+00 5.734362e+00 -5.548353e-01 1.268122e+00 -7.595812e+00 8.532949e+00 -9.576713e+00 -5.339302e-01 -1.997128e+00 9.758853e-01 -1.755594e-01 -1.986493e-01 1.805384e-01 -8.807418e-02 -1.253692e-02 5.211734e-01 -2.709664e-01 2.774038e-01 4.618436e-01 -4.690604e-01 6.887605e-01 -2.876016e-01 3.603533e-03 9.818916e-02 5.655727e-02 -1.522162e-01 -7.043026e-02 -1.610559e-01 -3.315094e-01 4.139651e-01 -3.891318e-02 -2.870676e-01 -2.051318e-01 -2.186993e-02 7.021217e-02 -1.672970e-03
<VARIANCE> 39
 1.833807e+01 6.641283e+00 2.657134e+01 1.014577e+01 4.506104e+01 1.416361e+01 1.909051e+01 1.828326e+01 3.746307e+01 1.186945e+01 2.433681e+01 2.045395e+01 1.000000e-02 1.246108e-01 4.262709e-01 3.920009e-01 4.658147e-01 7.969850e-01 3.930855e-01 2.433707e+00 1.583591e+00 9.603982e-01 8.914622e-01 2.141981e+00 1.289399e+00 1.000000e-02 3.586961e-02 5.453722e-02 2.549100e-02 1.050834e-01 7.474779e-02 8.663716e-02 7.399660e-02 1.056845e-01 1.648188e-01 3.020983e-01 1.582483e-01 6.400183e-02 1.000000e-02
<GCONST> 5.965337e+01
<STATE> 17
<MEAN> 39
 -4.477016e+00 -2.768998e+01 -1.835602e+01 -1.733849e+00 6.956501e+00 -1.314018e+00 1.960037e+00 -6.542511e+00 5.765602e+00 -1.195150e+01 -1.658308e+00 -2.723639e+00 9.829109e-01 3.971160e-01 -3.215156e-01 -1.655586e-01 9.259562e-02 -5.367643e-01 2.760981e-01 2.317022e-01 9.368627e-02 -2.159511e-01 -9.696521e-01 3.342120e-01 -2.513656e-01 1.206138e-03 9.318896e-02 2.802672e-02 -6.277926e-03 -4.414625e-02 -3.834441e-02 -2.202240e-01 7.340191e-02 -1.649687e-02 -1.859578e-01 2.177531e-01 -3.566581e-01 2.675678e-01 -1.189453e-03
<VARIANCE> 39
 1.573677e+01 8.007502e+00 2.977407e+01 1.172729e+01 4.263755e+01 2.787642e+01 3.204300e+01 3.126253e+01 5.741164e+01 9.873597e+00 1.921908e+01 3.488366e+01 1.000000e-02 2.285511e-01 5.328634e-01 2.090395e-01 4.096890e-01 5.428245e-01 8.672974e-01 7.886955e-01 6.659404e-01 2.695631e+00 4.303457e-01 2.295989e+00 7.151219e-01 1.000000e-02 7.666005e-02 1.362286e-01 9.423772e-02 7.290863e-02 2.128275e-01 2.311814e-01 3.194121e-01 4.356596e-01 2.944894e-01 2.295836e-01 2.242265e-01 1.720650e-01 1.000000e-02
<GCONST> 6.960038e+01
<STATE> 18
<MEAN> 39
 -4.452780e+00 -2.730554e+01 -1.921475e+01 -2.090712e+00 4.598941e+00 -7.266343e-01 1.964914e+00 -6.938028e+00 7.131642e+00 -1.305000e+01 -7.971006e-02 -2.386303e+00 9.848002e-01 5.389521e-02 1.000414e-01 1.682765e-01 -5.161664e-01 2.660943e-01 -4.631121e-01 4.134822e-01 3.553997e-01 -2.179457e-01 -4.069999e-02 -2.418853e-01 5.697936e-01 1.376934e-04 -7.880294e-02 9.398925e-03 2.612092e-01 -2.480299e-01 2.251985e-01 -1.331574e-01 1.370884e-01 1.895601e-01 -2.015622e-01 3.184265e-01 -2.658647e-01 1.800602e-01 -2.007034e-03
<VARIANCE> 39
 1.664378e+01 7.895384e+00 1.463667e+01 1.120253e+01 2.340186e+01 1.798146e+01 1.054093e+01 4.688476e+01 1.014042e+02 1.257463e+01 1.523327e+01 1.163592e+01 1.000000e-02 4.750799e-01 7.902263e-01 7.530674e-01 3.081756e-01 6.857005e-01 1.902166e+00 1.078378e+00 2.164376e+00 1.272247e+00 8.565986e-01 2.631020e+00 6.828462e-01 1.000000e-02 3.229203e-02 5.625556e-02 3.209310e-02 1.952798e-02 2.950111e-02 9.566655e-02 5.965499e-02 9.247218e-02 3.194149e-01 6.910003e-02 1.213786e-01 4.222261e-02 1.000000e-02
<GCONST> 5.791476e+01
<STATE> 19
<MEAN> 39
 -3.731150e+00 -2.851706e+01 -1.812766e+01 -3.674086e+00 5.718856e+00 -2.403921e+00 1.476133e+00 -5.750804e+00 4.871502e+00 -1.284670e+01 -2.647016e+00 -1.704202e+00 9.852421e-01 1.190074e-01 -2.996758e-01 6.736451e-01 -7.882037e-01 3.231727e-01 -2.609679e-01 3.585501e-01 7.725554e-01 -9.818927e-01 2.856384e-01 -9.034297e-01 6.631614e-01 -4.119424e-03 -4.058290e-02 4.433398e-02 1.750240e-01 4.368487e-02 -1.100722e-01 -8.460756e-03 2.506073e-01 7.017574e-02 -4.520463e-02 5.722285e-02 1.632901e-01 -1.842220e-01 -3.364332e-03
<VARIANCE> 39
 2.379503e+01 7.387582e+00 7.304620e+00 1.346576e+01 2.252255e+01 8.231256e+00 9.882893e+00 5.462838e+01 8.937193e+01 7.311172e+00 4.452830e+01 2.127718e+01 1.000000e-02 6.452844e-01 1.001616e+00 4.001654e-01 3.343498e-01 4.860864e-01 1.719564e+00 1.754028e+00 6.006042e-01 9.011475e-01 8.965089e-01 1.584222e+00 5.534896e-01 1.000000e-02 3.064633e-02 5.426539e-02 5.876126e-02 2.341529e-02 5.806951e-02 9.009611e-02 7.964081e-02 1.446319e-01 1.121102e-01 1.853761e-02 4.465798e-01 3.950639e-02 1.000000e-02
<GCONST> 5.663138e+01
<STATE> 20
<MEAN> 39
 -3.463833e+00 -2.800968e+01 -1.712655e+01 -3.603226e+00 6.849841e+00 -1.680045e+00 4.060174e+00 -4.362017e+00 3.767837e+00 -1.239570e+01 -3.596503e+00 -4.769531e-01 9.724609e-01 1.337183e-01 4.037147e-02 8.408577e-01 -2.460206e-01 -3.225939e-01 -1.536816e-01 1.006165e+00 6.235219e-01 -6.468970e-01 -8.505526e-02 -2.038972e-02 -9.327000e-02 -1.012398e-02 -6.392931e-03 8.216136e-02 -2.743138e-04 1.862789e-01 -5.654506e-01 -1.224689e-01 1.648824e-01 -1.226257e-01 1.668000e-01 -1.248266e-01 2.483425e-01 -3.586570e-01 -3.887391e-03
<VARIANCE> 39
 2.909624e+01 6.643338e+00 9.867671e+00 2.186127e+01 9.390684e+00 1.349702e+01 9.752655e+00 3.448692e+01 6.591396e+01 8.403521e+00 2.805466e+01 9.526939e+00 1.000000e-02 1.199939e-01 5.699064e-01 7.903193e-02 5.579016e-01 1.086625e+00 1.118754e+00 5.710419e-01 2.381893e-01 3.614863e-01 6.003638e-01 1.109046e+00 7.090349e-01 1.000000e-02 5.148721e-02 4.535817e-02 6.523407e-02 4.207002e-02 1.050802e-01 1.634892e-01 1.549761e-01 2.394442e-01 1.162720e-01 2.767703e-01 3.535605e-01 1.045254e-01 1.000000e-02
<GCONST> 5.564344e+01
<STATE> 21
<MEAN> 39
 -4.746426e+00 -2.779779e+01 -1.670367e+01 -5.153240e+00 4.887618e+00 -2.526777e+00 4.798242e+00 -4.489373e+00 4.800823e+00 -1.182897e+01 -7.859559e-01 -2.344718e+00 9.587905e-01 1.895286e-02 -1.543005e-01 3.824056e-01 -2.732977e-01 -1.112776e+00 -8.275384e-01 6.942919e-01 1.142068e-01 -1.325880e-01 -3.054234e-01 -2.023149e-02 -4.307163e-01 -1.491149e-02 -2.791353e-02 8.020379e-02 -1.612673e-01 -5.701211e-02 -5.920376e-01 -1.994939e-01 -5.502489e-02 -3.838411e-02 8.659204e-03 1.419733e-01 -1.792408e-01 -7.957253e-02 -2.991036e-03
<VARIANCE> 39
 2.361129e+01 1.655208e+01 8.436053e+00 2.006863e+01 8.874281e+00 2.347337e+01 1.112963e+01 3.311943e+01 7.054716e+01 1.087162e+01 4.791456e+01 5.632168e+00 1.000000e-02 7.422718e-02 3.866861e-01 2.443400e-01 7.031067e-01 1.538446e+00 6.619136e-01 7.936816e-01 1.007967e+00 3.126680e-01 1.892999e+00 5.454720e-01 4.477299e-01 1.000000e-02 3.109190e-02 7.256641e-02 1.200310e-01 5.122963e-02 1.224169e-02 7.340229e-02 1.000000e-02 8.637426e-02 1.145108e-01 3.067131e-01 1.958069e-01 1.009832e-01 1.000000e-02
<GCONST> 5.247259e+01
<STATE> 22
<MEAN> 39
 -3.041394e+00 -2.797436e+01 -1.554074e+01 -3.241677e+00 2.269504e+00 -3.756713e+00 7.381898e+00 -3.317197e+00 3.592107e+00 -1.385877e+01 -3.054196e+00 -1.895102e+00 9.257124e-01 3.326945e-02 1.735553e-01 6.174700e-01 -7.301552e-01 -2.246094e+00 -7.786150e-01 7.981149e-01 6.721643e-01 -3.759932e-01 9.007731e-01 -3.525084e-01 -4.794262e-01 -2.081229e-02 -7.449184e-02 1.110462e-01 1.269656e-01 -5.354217e-01 -9.732502e-02 -1.596978e-01 -8.461096e-02 1.818331e-01 -2.507577e-01 5.885729e-01 -1.415335e-01 4.680848e-03 -2.446465e-03
<VARIANCE> 39
 2.917910e+01 1.640434e+01 1.083230e+01 2.282997e+01 7.803896e+00 3.323082e+01 1.080612e+01 6.012396e+01 6.355495e+01 2.976170e+01 3.356766e+01 4.179975e+00 1.000000e-02 1.869808e-01 3.343727e-01 1.062113e+00 6.858790e-01 1.364208e+00 3.835991e-01 6.309481e-01 1.155102e+00 1.911936e+00 2.154826e+00 9.150539e-01 2.355779e+00 1.000000e-02 2.670652e-02 9.305073e-02 9.588558e-02 2.494364e-01 3.512179e-01 2.962526e-01 1.482428e-01 2.889822e-01 2.736371e-01 4.609223e-01 1.325728e-01 2.014623e-01 1.000000e-02
<GCONST> 7.136082e+01
<STATE> 23
<MEAN> 39
 -4.635517e+00 -2.738857e+01 -1.583312e+01 -5.998227e+00 -2.099585e+00 -4.780763e+00 5.831355e+00 -3.661781e+00 3.403733e+00 -1.040544e+01 -2.708500e+00 -3.301506e+00 9.001311e-01 -2.116018e-01 3.486261e-01 5.815810e-01 -1.721136e+00 -1.547652e+00 -1.160500e+00 7.602566e-01 8.164608e-01 -1.474506e+00 9.510419e-01 -6.592655e-01 -3.965941e-01 -1.989411e-02 -8.412645e-02 1.842624e-01 1.817487e-01 -2.930104e-01 2.302224e-01 3.867621e-04 2.201274e-01 1.180322e-01 -1.745972e-01 6.679525e-02 1.558577e-01 -4.953122e-02 -2.095950e-03
<VARIANCE> 39
 2.682346e+01 9.692421e+00 3.340102e+01 2.700154e+01 1.142576e+01 2.759596e+01 2.730236e+01 2.231704e+01 3.085445e+01 2.325764e+01 3.352079e+01 1.587195e+01 1.000000e-02 2.954765e-01 4.775902e-01 2.181816e+00 1.052532e+00 1.183536e+00 1.400200e+00 5.555780e-01 1.824449e+00 2.994781e+00 6.449526e+00 7.023838e-01 2.101990e+00 1.000000e-02 2.185856e-02 4.451601e-02 8.697920e-02 1.945176e-01 4.435607e-01 2.059086e-01 4.632378e-01 1.808737e-01 1.476754e-01 3.060743e-02 1.174851e-01 4.103493e-01 1.000000e-02
<GCONST> 7.366910e+01
<STATE> 24
<MEAN> 39
 -3.385505e+00 -2.672187e+01 -1.232449e+01 -9.420920e+00 -2.983750e+00 -7.210747e+00 9.542254e+00 2.831466e-02 -4.445225e-01 -7.652387e+00 -4.783490e+00 -3.753119e+00 8.573644e-01 -2.544840e-01 5.989463e-01 1.065796e+00 -1.704607e+00 -1.226166e+00 -9.458247e-01 9.264938e-01 7.637740e-01 -8.244507e-01 1.226812e+00 -1.256560e-02 -4.163390e-01 -2.642423e-02 2.968356e-02 -2.305207e-02 1.146834e-01 1.487457e-01 1.604065e-01 1.934592e-01 -2.424785e-01 -2.982896e-01 9.576758e-02 -1.900053e-01 5.571348e-02 -2.567460e-01 -3.251404e-03
<VARIANCE> 39
 2.688963e+01 1.227487e+01 5.709304e+01 4.176298e+01 5.846416e+00 3.982748e+01 1.216450e+01 1.518038e+01 1.615212e+01 8.552055e+01 2.056067e+01 2.283156e+01 1.043799e-02 2.877249e-01 5.792881e-01 4.262943e-01 2.393967e+00 2.810966e+00 2.530251e+00 2.740329e+00 1.352587e+00 8.248526e-01 2.675380e+00 1.081285e+00 3.792411e+00 1.000000e-02 2.290355e-02 5.388857e-02 3.680967e-01 2.634245e-01 2.506000e-01 1.437787e-01 2.732081e-01 2.426960e-01 3.484358e-01 7.580246e-01 2.006248e-01 9.276527e-01 1.000000e-02
<GCONST> 8.115475e+01
<STATE> 25
<MEAN> 39
 -4.880524e+00 -2.502622e+01 -1.239464e+01 -1.058453e+01 -4.379895e+00 -7.625183e+00 1.074742e+01 2.383923e-01 2.679415e-01 -7.807174e+00 -3.864381e+00 -2.814063e+00 8.227791e-01 -7.008146e-02 2.616903e-01 1.140410e+00 -1.123991e+00 -1.394582e+00 -4.329225e-01 3.297193e-01 -1.113832e-02 -7.821875e-01 5.427520e-01 -1.511002e-01 -1.351443e+00 -3.261760e-02 1.416216e-01 -7.163651e-02 3.580064e-01 1.516477e-01 7.399157e-02 2.728966e-01 -4.061137e-01 -2.780938e-01 2.053062e-01 2.236311e-01 -1.771622e-01 -2.616745e-01 -3.472522e-03
<VARIANCE> 39
 2.824494e+01 7.702754e+00 4.457134e+01 9.327022e+01 1.085274e+01 5.373964e+01 6.717071e+00 1.144774e+01 2.803744e+01 7.949159e+01 3.244721e+01 3.951453e+01 1.208020e-02 6.921365e-02 2.644683e-01 4.119859e-01 3.155894e-01 1.194030e+00 7.775310e-01 3.608506e+00 7.051647e-01 2.187804e-01 9.324549e-01 8.994011e-01 2.636869e+00 1.000000e-02 4.393941e-02 8.060898e-02 3.195115e-01 7.642427e-01 4.634777e-01 4.127896e-01 2.135067e-01 9.175783e-02 3.226482e-01 1.018001e+00 2.311044e-01 1.507036e+00 1.000000e-02
<GCONST> 7.662768e+01
<STATE> 26
<MEAN> 39
 -4.311650e+00 -2.633130e+01 -1.077376e+01 -1.273113e+01 -7.571805e+00 -7.731574e+00 1.056066e+01 -1.352028e+00 -2.105061e+00 -7.880364e+00 -3.518687e+00 -7.943885e+00 7.856963e-01 7.572675e-02 6.056755e-01 2.215007e+00 -1.286445e+00 -1.105758e+00 -2.056056e-01 -4.591186e-01 2.689773e-01 -4.316792e-01 1.999090e+00 -2.600507e-01 -1.038033e+00 -3.547145e-02 7.701262e-02 7.505898e-02 2.688800e-01 1.460845e-01 2.872778e-01 -8.631507e-02 -4.983076e-01 -1.640341e-01 5.170030e-01 5.107648e-01 -2.680034e-01 3.433596e-01 -2.037104e-03
<VARIANCE> 39
 2.873572e+01 1.137835e+01 3.140250e+01 5.163689e+01 1.460463e+01 2.912785e+01 2.233756e+01 1.161297e+01 1.723438e+01 6.539986e+01 4.333591e+01 1.768703e+01 1.000000e-02 5.563694e-02 1.615850e-01 1.186087e+00 1.549020e+00 2.753270e+00 2.329489e-01 1.555216e+00 1.416030e+00 9.045740e-01 2.406852e+00 1.264974e+00 7.370196e+00 1.000000e-02 4.084223e-02 5.580477e-02 9.600836e-02 3.036880e-01 4.250628e-01 3.092362e-01 4.462454e-01 7.437094e-02 2.019407e-01 6.453815e-01 9.404894e-02 8.331449e-01 1.000000e-02
<GCONST> 7.593789e+01
<STATE> 27
<MEAN> 39
 -4.625409e+00 -2.417017e+01 -6.613709e+00 -1.352069e+01 -8.392821e+00 -7.403246e+00 8.252381e+00 8.368987e-02 -4.356295e-01 -2.551512e+00 -4.399176e+00 -8.123068e+00 7.330466e-01 2.355914e-01 4.905089e-01 2.108348e+00 -1.175019e+00 -5.404696e-01 -7.591901e-01 -8.637334e-01 -1.522999e-01 5.856769e-01 2.327686e+00 -1.284329e+00 -5.188064e-01 -3.593933e-02 1.749228e-01 -3.431836e-02 -1.180209e-01 3.417978e-01 4.917853e-01 2.401945e-02 1.225606e-01 -9.708895e-02 1.762558e-01 -4.285573e-01 -1.107439e-01 8.349462e-01 6.770429e-04
<VARIANCE> 39
 2.540995e+01 6.883085e+00 2.280358e+01 2.963037e+01 2.147254e+01 2.726876e+01 1.270778e+01 1.753613e+01 2.087257e+01 2.637753e+01 4.172640e+01 1.701711e+01 1.058758e-02 2.355662e-01 8.307703e-01 9.321930e-01 2.166229e+00 3.818617e+00 2.278904e+00 1.187820e+00 8.856316e-01 1.700473e+00 4.045057e+00 1.599963e+00 5.634634e+00 1.000000e-02 1.000000e-02 2.326149e-02 1.591153e-01 3.617730e-01 2.159037e-01 1.857330e-01 1.861309e-01 3.209561e-01 2.672769e-01 1.966106e-01 2.231420e-01 1.293038e+00 1.000000e-02
<GCONST> 7.822311e+01
<STATE> 28
<MEAN> 39
 -3.238503e+00 -2.396702e+01 -2.915655e+00 -1.650866e+01 -5.283119e+00 -1.061812e+01 7.774919e+00 -1.175412e+00 -2.466459e+00 -4.845636e-01 -9.669259e+00 -5.474246e+00 6.319295e-01 6.216486e-01 1.970604e-01 9.855898e-01 9.268593e-01 3.321690e-01 1.694223e-01 -6.037952e-01 -5.357991e-01 2.030879e-01 -9.574400e-02 -5.909016e-01 7.697711e-01 -3.500587e-02 1.954249e-01 -1.067118e-01 -5.726672e-01 7.081853e-01 1.108527e-01 3.415858e-01 -2.582829e-01 -1.583761e-01 5.725936e-02 -7.799765e-01 4.404065e-01 2.800982e-01 -2.662708e-05
<VARIANCE> 39
 1.797705e+01 2.692887e+00 1.159193e+01 2.809440e+01 3.501912e+01 1.432149e+01 1.703098e+01 7.408004e+00 4.407001e+01 9.587863e+00 6.310875e+01 1.763482e+01 1.354048e-02 2.643530e-01 4.978309e-01 3.357496e+00 6.346968e+00 2.325575e+00 2.538034e+00 1.854634e+00 1.363910e+00 2.431796e+00 8.350181e+00 6.441655e-01 2.551951e+00 1.000000e-02 1.742021e-02 5.822435e-02 1.459748e-01 3.419316e-01 3.942926e-01 4.621626e-01 7.116119e-01 1.475210e-01 1.659421e-01 1.577367e-01 6.081926e-01 1.024277e+00 1.000000e-02
<GCONST> 8.122547e+01
<STATE> 29
<MEAN> 39
 -3.041442e+00 -2.350829e+01 -3.350216e+00 -1.300471e+01 -1.007609e+01 -1.015065e+01 7.383665e+00 -1.378537e+00 1.840638e+00 1.884538e-01 -5.608906e+00 -7.736034e+00 6.441622e-01 8.639141e-01 1.209288e-01 7.232678e-01 4.171070e-01 4.702773e-01 -8.470245e-02 -8.741468e-01 -9.150659e-01 3.935329e-01 -1.742786e-01 -1.820132e-01 1.772551e+00 -3.731032e-02 6.184978e-02 -1.628320e-01 -4.336573e-01 9.787446e-02 6.389530e-01 3.648838e-01 2.802387e-02 -8.403899e-02 -5.990534e-01 -5.105633e-01 -1.180364e-01 3.788938e-01 2.013494e-04
<VARIANCE> 39
 3.203880e+01 4.930392e+00 1.673531e+01 4.872016e+01 3.150312e+01 8.063297e+00 1.584293e+01 6.148248e+00 3.320732e+01 2.023415e+01 5.220369e+01 1.480041e+01 1.124677e-02 1.311916e-01 1.784642e-01 3.563674e+00 5.760851e+00 1.660479e+00 2.937141e+00 4.159290e+00 1.303377e+00 1.380548e+00 4.883590e+00 5.678519e+00 3.493122e+00 1.000000e-02 6.132510e-02 6.668185e-02 2.249247e-01 6.256716e-01 8.010067e-01 3.010800e-01 7.448924e-02 1.674642e-01 2.206423e-01 4.958894e-01 5.036126e-01 9.592202e-01 1.000000e-02
<GCONST> 8.425268e+01
<STATE> 30
<MEAN> 39
 -7.819588e-01 -2.359846e+01 -1.549142e+00 -1.119151e+01 -4.297967e+00 -5.505404e+00 4.901402e+00 -3.565833e+00 -6.936412e-02 -4.290943e+00 -6.275121e+00 -5.803325e-01 5.545406e-01 7.537180e-01 6.566306e-02 -6.845206e-01 1.177791e+00 6.748293e-01 1.170586e+00 -8.879015e-01 -9.350929e-01 -8.973244e-01 -1.514143e+00 -2.615256e-01 1.171794e+00 -3.570496e-02 -1.665763e-01 1.051937e-04 -3.262249e-01 -1.570018e-02 -9.452865e-02 -1.438748e-01 -5.775778e-02 -5.376422e-02 -2.940916e-01 1.167874e-01 -5.229132e-02 -3.973776e-01 2.334018e-03
<VARIANCE> 39
 1.410187e+01 6.454170e+00 1.305284e+01 4.998374e+01 4.459594e+01 3.915686e+01 3.785793e+01 1.666227e+01 2.153966e+01 2.341274e+01 6.508903e+00 3.057417e+01 1.000000e-02 3.568979e-01 1.167738e-01 4.171791e+00 4.925376e+00 2.257831e+00 2.292686e+00 1.013706e+00 6.789570e-01 8.346736e-01 3.900411e+00 4.495732e+00 2.819994e+00 1.000000e-02 3.610312e-02 5.378536e-02 2.022603e-01 8.645307e-01 7.329344e-01 8.810426e-01 5.379750e-01 4.231341e-01 2.247341e-01 7.119474e-01 4.301530e-01 1.202489e+00 1.000000e-02
<GCONST> 8.672079e+01
<STATE> 31
<MEAN> 39
 -5.177979e-01 -2.360019e+01 -3.924967e+00 -1.347532e+01 -5.969205e+00 -9.518768e+00 5.538945e+00 -3.230236e+00 -1.412233e+00 -1.977666e+00 -8.185004e+00 -2.291326e+00 5.360124e-01 1.253443e-01 3.550709e-01 -7.601202e-03 1.780795e-01 1.592865e+00 2.914556e-02 -1.250110e+00 -6.734680e-01 -1.300837e+00 7.871045e-02 -7.644647e-01 6.744821e-02 -3.010445e-02 -7.916664e-02 -3.025323e-02 -1.803918e-01 3.216454e-01 -1.289339e-01 2.918883e-02 8.400337e-02 1.436797e-01 1.400065e-01 2.734348e-01 2.008721e-01 -2.908523e-01 3.229104e-03
<VARIANCE> 39
 1.174240e+01 2.876637e+00 4.357670e+01 4.167601e+01 1.273939e+01 3.187303e+01 5.063005e+01 5.891043e+00 4.326420e+01 6.682859e+01 2.210853e+01 1.478192e+01 1.000000e-02 8.576762e-01 2.612733e-01 1.927654e+00 5.918011e+00 5.701736e+00 3.461343e+00 4.553158e-01 1.059248e+00 3.644864e-01 1.608056e+00 3.400634e+00 5.011314e+00 1.000000e-02 4.682596e-02 1.735766e-02 5.441498e-01 7.317181e-01 3.071985e-01 6.170370e-01 5.900336e-01 2.170122e-01 2.819414e-01 9.573315e-01 4.875518e-01 5.237592e-01 1.000000e-02
<GCONST> 8.541332e+01
<STATE> 32
<MEAN> 39
 1.103188e-01 -2.310510e+01 -3.596681e+00 -9.146279e+00 -3.110311e+00 -6.425299e+00 2.592569e+00 -5.963769e+00 -3.860529e+00 -3.688043e+00 -8.908743e+00 -1.615521e+00 4.736681e-01 5.153040e-01 -1.495558e-01 -7.520053e-01 1.742909e+00 3.722160e-01 5.760611e-01 -5.740914e-01 -3.183258e-01 9.326477e-02 2.394087e-01 6.750249e-01 5.923405e-01 -2.442584e-02 -3.269393e-02 -1.480186e-01 -2.410321e-01 3.052427e-01 -3.409813e-01 5.023914e-02 4.254372e-01 4.564914e-01 7.665360e-01 1.015696e-01 5.787449e-01 -8.764439e-02 2.396869e-03
<VARIANCE> 39
 6.036248e+00 1.445122e+00 3.783298e+01 5.414626e+01 9.528048e+00 2.264928e+01 2.029612e+01 7.768410e+00 2.304877e+01 6.287400e+01 2.627432e+01 1.503063e+01 1.000000e-02 5.053164e-01 2.944936e-01 6.362389e-01 2.204586e+00 6.643640e-01 3.541688e+00 1.514559e+00 1.735071e+00 1.524629e+00 1.986397e+00 1.959962e+00 2.751301e+00 1.000000e-02 1.090364e-01 1.480667e-02 5.766131e-01 9.094487e-01 6.423374e-01 9.336799e-01 2.304222e-01 3.209293e-01 4.836322e-02 1.130877e+00 6.709188e-01 9.328026e-01 1.000000e-02
<GCONST> 8.082848e+01
<STATE> 33
<MEAN> 39
 5.449810e-01 -2.470370e+01 -7.830331e+00 -4.972279e+00 -2.239362e+00 -6.679526e+00 9.814191e-01 -3.092908e+00 -1.596030e+00 -3.826453e+00 -4.569102e+00 7.848225e-01 4.086300e-01 1.720608e-01 -3.397151e-01 -1.023287e+00 1.057757e+00 -4.063363e-01 2.807965e-01 6.490293e-01 1.004983e+00 1.868296e+00 4.901545e-01 1.513522e+00 3.280284e-01 -1.587317e-02 -4.673534e-02 1.314626e-01 -5.011842e-02 -1.590380e-01 -3.554359e-02 2.416664e-01 2.892484e-01 1.569791e-01 3.196263e-02 -3.636858e-01 -1.096664e-01 -4.121059e-01 1.467316e-03
<VARIANCE> 39
 1.617336e+00 3.381395e+00 2.040490e+01 3.120379e+01 9.172958e+00 1.251004e+01 1.214162e+01 1.668196e+01 1.686579e+01 9.499494e+00 1.624729e+01 1.940594e+01 1.000000e-02 5.102398e-01 5.004005e-01 2.103834e+00 3.006871e+00 1.055449e+00 3.573902e+00 1.566538e+00 1.846352e+00 6.604027e-01 3.883879e+00 2.729958e+00 1.749707e+00 1.000000e-02 9.269959e-02 8.934956e-02 2.029803e-01 2.920997e-01 1.312446e-01 5.182384e-01 3.383002e-01 5.070542e-01 1.512583e-01 1.468173e-01 2.524043e-01 2.059405e-01 1.000000e-02
<GCONST> 7.344160e+01
<STATE> 34
<MEAN> 39
 1.534514e+00 -2.350662e+01 -6.904535e+00 -4.804934e+00 -5.858566e+00 -6.232436e+00 3.997614e+00 -3.161236e+00 2.484126e+00 -2.947174e+00 -4.765561e+00 -1.451032e+00 4.205472e-01 2.135746e-01 1.196271e-01 -1.023991e+00 1.368429e+00 2.164021e-02 1.416167e+00 5.743919e-01 4.852160e-01 7.862246e-01 -1.263539e+00 3.466741e-01 -7.757612e-01 -2.152464e-02 -2.288648e-01 1.956044e-01 9.547110e-02 -1.433522e-01 4.828081e-01 -7.891542e-02 -1.517349e-02 3.163428e-01 -5.120187e-01 -2.556826e-01 -1.439479e-01 -4.021319e-02 -6.286555e-04
<VARIANCE> 39
 2.968627e+00 9.206245e+00 1.936210e+01 1.072547e+01 8.828939e+00 9.606151e+00 5.809220e+00 2.076336e+01 1.267701e+01 1.698915e+01 2.194042e+01 1.606948e+01 1.000000e-02 5.400876e-02 7.884531e-01 1.133034e+00 4.197656e+00 7.148741e-01 4.023517e+00 2.789244e-01 8.311943e-01 3.956431e-01 4.332248e+00 1.244798e+00 6.380435e-01 1.000000e-02 1.800732e-01 2.589336e-01 3.720549e-01 1.221502e-01 1.536861e-01 4.697560e-01 6.419858e-01 9.151187e-01 1.406757e-01 3.105652e-01 5.287342e-01 3.382604e-01 1.000000e-02
<GCONST> 7.111376e+01
<STATE> 35
<MEAN> 39
 8.870665e-01 -2.407047e+01 -9.074182e+00 -2.481719e+00 -2.219947e+00 -2.267986e+00 4.318426e+00 -2.566537e+00 1.562007e+00 -5.014519e+00 -3.591713e+00 -1.644667e+00 3.776755e-01 -1.961043e-01 3.623652e-01 -8.368796e-01 1.227123e+00 1.132230e+00 5.553198e-01 2.528981e-01 1.391907e+00 -1.100663e-01 -8.177605e-01 7.335948e-01 -2.035339e-01 -2.160781e-02 -1.752070e-01 1.573502e-01 1.505910e-01 -3.666295e-01 2.538690e-01 -5.231342e-01 -2.343464e-01 -1.276602e-01 -3.641750e-01 1.744156e-01 -1.093009e-01 3.980671e-01 7.964018e-04
<VARIANCE> 39
 4.664812e+00 9.659724e+00 9.025563e+00 4.602559e+00 9.463568e+00 1.341438e+01 1.222235e+01 1.165130e+01 1.878637e+01 2.363198e+01 3.465661e+01 1.488918e+01 1.000000e-02 5.405773e-01 1.687974e+00 2.464794e+00 1.676630e+00 4.098030e-01 3.340416e+00 1.847656e+00 3.748370e+00 1.478484e+00 1.563792e+00 9.675059e-01 1.014473e+00 1.000000e-02 6.107955e-02 1.476339e-01 1.145193e-01 3.682940e-01 2.328197e-01 4.278317e-01 1.129241e-01 3.118604e-01 1.518926e-01 6.312758e-01 4.750453e-01 3.860438e-01 1.000000e-02
<GCONST> 7.436871e+01
<STATE> 36
<MEAN> 39
 4.076829e-01 -2.288629e+01 -9.196935e+00 -8.115550e-01 -1.313039e+00 -4.200489e+00 4.781694e+00 2.523233e+00 1.624277e+00 -4.761241e+00 -1.251083e+00 -2.089757e+00 3.463002e-01 -2.607746e-01 7.633422e-01 -4.770769e-01 3.126036e-01 7.726315e-01 -6.839130e-01 -2.657238e-01 3.851009e-01 -3.623229e-01 -5.105115e-01 2.571049e-01 6.621748e-01 -1.650243e-02 -1.372219e-01 -1.670214e-02 7.517420e-02 -4.631010e-01 -9.201275e-02 -2.456368e-01 -1.801634e-01 -7.582936e-01 -2.080123e-01 2.355592e-01 -1.851614e-01 3.629346e-01 -7.691971e-04
<VARIANCE> 39
 7.641244e+00 7.737970e+00 5.223573e+00 3.532984e+00 1.222394e+01 2.615355e+01 2.423087e+01 6.067084e+00 5.285198e+00 2.662785e+00 5.550279e+00 6.576520e+00 1.000000e-02 3.057677e-01 5.357020e-01 1.453773e+00 5.127907e-01 9.671624e-01 5.235438e-01 2.765843e-01 1.262191e+00 3.732134e-01 1.261716e+00 2.849097e+00 3.686497e+00 1.000000e-02 6.098687e-02 2.927029e-01 3.687259e-01 9.288674e-02 1.839226e-01 6.628268e-01 3.384884e-01 6.639312e-01 2.888306e-01 1.485064e-01 5.097307e-02 3.956733e-02 1.000000e-02
<GCONST> 5.926672e+01
<STATE> 37
<MEAN> 39
 8.221797e-01 -2.168104e+01 -1.058089e+01 -2.195515e+00 -1.030317e+00 -5.336569e+00 2.819520e+00 1.863128e-02 5.802407e-01 -6.533341e+00 -2.251740e+00 1.193421e-01 3.292361e-01 -5.552142e-01 1.270422e-01 -8.755530e-01 -1.883991e-01 6.053466e-01 -3.795393e-01 -2.283644e-01 -9.819029e-01 -5.701191e-01 -1.187383e-01 8.821120e-02 7.917796e-01 -1.909255e-02 -1.767745e-01 -2.302001e-01 5.329133e-03 2.376180e-02 1.465196e-01 2.725628e-01 6.446986e-02 -3.944229e-01 -1.376003e-02 2.682636e-01 1.423551e-01 1.107499e-01 -3.026827e-03
<VARIANCE> 39
 4.333230e+00 5.009989e+00 3.503468e+00 4.926495e+00 1.304788e+01 1.673897e+01 1.660695e+01 1.442288e+01 3.160023e+00 2.270863e+00 2.500288e+00 9.507621e+00 1.000000e-02 2.634936e-01 3.129444e-01 4.379660e-01 5.238410e-01 1.538878e+00 1.200666e+00 6.917520e-01 7.696371e-01 1.189536e+00 1.578571e+00 1.915387e+00 1.667180e+00 1.000000e-02 5.328642e-02 2.393996e-01 2.900426e-01 1.318757e-01 2.122646e-01 3.479974e-01 2.257851e-01 8.362483e-01 2.145762e-01 2.114904e-01 2.287423e-01 1.492009e-01 1.000000e-02
<GCONST> 5.923104e+01
<STATE> 38
<MEAN> 39
 -1.328404e+00 -2.301323e+01 -1.168981e+01 -1.240650e+00 9.593795e-01 -4.661736e+00 4.022602e+00 -3.957584e+00 4.236066e-01 -5.560280e+00 -2.514375e+00 1.335134e+00 3.053296e-01 -6.502941e-01 1.955584e-01 -2.903249e-01 3.475898e-01 1.130269e+00 2.360555e-01 -9.569959e-02 -9.911862e-01 -6.845258e-01 -3.261481e-02 4.460382e-01 6.261613e-01 -2.987505e-02 1.104398e-01 2.287103e-01 4.306249e-01 8.020997e-02 -1.671488e-01 1.780683e-01 -2.336711e-02 2.526572e-01 -1.118376e-01 -2.257885e-01 -4.184077e-02 -3.982800e-01 -4.453011e-03
<VARIANCE> 39
 4.239902e+00 3.834217e+00 1.542476e+00 1.060511e+01 1.967136e+01 1.076275e+01 1.445843e+01 1.808531e+00 1.292339e+01 2.492815e+01 5.629443e+00 1.369556e+01 1.000000e-02 1.285414e-01 5.795749e-01 2.842474e-01 5.833297e-01 7.146470e-01 1.426313e+00 1.007439e+00 2.459194e+00 9.093894e-01 1.204558e+00 2.686694e-01 4.906878e-01 1.000000e-02 6.607606e-02 1.772308e-02 3.527652e-02 2.078303e-01 3.574300e-01 1.664450e-01 5.101273e-02 2.810282e-01 2.870610e-01 3.349016e-01 4.185481e-01 6.052267e-01 1.000000e-02
<GCONST> 5.433410e+01
<STATE> 39
<MEAN> 39
 -1.476770e+00 -2.246960e+01 -1.241590e+01 2.884495e-01 3.676123e+00 -2.149273e+00 4.849848e+00 -2.111346e+00 -5.941183e-01 -5.834369e+00 -1.085981e+00 7.768706e-01 2.568293e-01 -5.026030e-01 4.329808e-01 7.886892e-02 6.152579e-01 9.647982e-01 5.970473e-01 -2.207495e-01 1.674799e-01 -3.601482e-01 -3.594949e-01 7.750146e-01 4.666093e-01 -3.138952e-02 4.563488e-02 4.174615e-01 5.454097e-01 -1.683730e-01 -3.823711e-01 -2.363076e-01 -2.250523e-01 1.140454e-01 -2.006936e-02 -3.441527e-03 1.609363e-01 -2.951487e-02 -4.985185e-03
<VARIANCE> 39
 4.138891e+00 5.197576e+00 2.778087e+00 1.159293e+01 1.346398e+01 3.096097e+00 4.872444e+00 1.848073e+01 9.056890e+00 3.845237e+00 1.225432e+01 1.540241e+01 1.000000e-02 3.489200e-01 5.310353e-01 5.501367e-01 1.300530e+00 2.995392e+00 2.118049e+00 9.138645e-01 2.812824e+00 2.487875e+00 2.193122e+00 5.048493e-01 1.066821e+00 1.000000e-02 6.807085e-02 4.954959e-02 3.243513e-02 1.858943e-01 1.174148e-01 9.401821e-02 4.336428e-02 3.602537e-01 4.336542e-01 1.092506e-01 1.488708e-01 1.692161e-01 1.000000e-02
<GCONST> 5.707335e+01
<STATE> 40
<MEAN> 39
 -2.239141e+00 -2.088232e+01 -1.128323e+01 -1.084387e+00 1.979747e+00 -4.151404e+00 2.623755e+00 -5.035317e-01 -1.575860e+00 -7.251449e+00 -1.139250e-01 2.689463e+00 2.044964e-01 -5.926296e-01 1.247692e+00 1.260584e+00 8.339380e-02 -2.093021e-01 -6.025138e-01 -8.578552e-01 -1.725340e-01 -5.445327e-01 -3.843029e-02 6.456472e-01 1.448822e-01 -4.511601e-02 -7.052824e-02 1.272811e-01 3.089043e-01 -1.471372e-02 -1.706647e-01 -3.837456e-02 9.308859e-02 -1.877181e-01 2.958990e-01 2.991809e-01 -6.991117e-02 -1.202789e-01 -7.339852e-04
<VARIANCE> 39
 2.722905e+00 6.023718e+00 2.760033e+00 7.487378e+00 1.795283e+01 5.186283e+00 4.056439e+00 9.634955e+00 1.107502e+01 1.798785e+01 2.128379e+00 3.406155e+00 1.000000e-02 1.312622e+00 1.023041e+00 2.260315e-01 1.322793e+00 7.795269e-01 8.838517e-01 2.926977e-01 1.312698e+00 1.956331e+00 1.362261e+00 1.656141e+00 1.761057e+00 1.000000e-02 4.153476e-02 7.534865e-02 2.384482e-02 2.192634e-01 3.732843e-01 2.621129e-01 3.280186e-02 4.033250e-01 5.460980e-01 2.787093e-01 1.112896e-01 8.760964e-02 1.000000e-02
<GCONST> 5.478818e+01
<STATE> 41
<MEAN> 39
 -3.542457e+00 -1.679316e+01 -7.640799e+00 -6.489037e-01 2.636401e+00 -4.096587e+00 1.202154e+00 -4.930134e+00 -3.681453e+00 -5.974423e+00 1.896928e+00 2.721827e+00 1.222030e-01 -4.803245e-01 1.054396e+00 8.092039e-01 1.305382e-01 1.196378e-01 2.063181e-01 5.605504e-02 -1.647528e-01 2.173353e-01 3.519452e-01 4.268523e-01 -8.423864e-02 -3.028301e-02 -4.455192e-02 -2.424922e-01 -2.671564e-01 -4.205619e-02 9.578400e-03 4.372969e-02 1.958922e-01 4.254489e-01 5.005636e-01 1.891087e-01 -2.405687e-01 -2.148929e-01 3.724156e-03
<VARIANCE> 39
 6.805933e+00 1.130532e+01 5.714092e+00 7.151018e+00 8.311877e+00 1.229785e+01 7.741568e+00 1.100559e+01 6.901599e+00 1.262442e+01 1.860792e+01 1.240641e+01 1.000000e-02 4.638573e-01 1.261003e+00 6.226681e-01 1.354082e+00 5.925915e-01 4.576665e-01 7.646433e-01 1.478457e+00 2.446607e+00 1.065830e+00 1.089815e+00 6.231310e-01 1.000000e-02 9.544437e-02 2.077395e-01 7.443012e-02 2.629207e-01 2.011744e-01 2.082339e-01 6.261094e-02 3.182400e-01 1.992476e-01 3.330815e-01 2.991158e-01 3.994236e-01 1.000000e-02
<GCONST> 6.379846e+01
<STATE> 42
<MEAN> 39
 -4.333363e+00 -1.825032e+01 -7.505265e+00 1.477507e+00 4.431801e+00 -3.036271e+00 2.471944e+00 -2.472405e+00 1.045279e+00 -5.619279e+00 9.069101e-01 7.990959e-01 8.211082e-02 -8.026673e-01 4.197417e-01 4.650150e-01 1.238966e-02 2.770130e-01 2.811315e-01 3.011697e-01 1.056304e+00 1.276679e+00 1.077738e+00 2.729962e-01 -1.577643e-01 -3.309432e-02 1.556641e-01 2.460820e-01 -1.743509e-02 -3.049612e-01 -9.699497e-02 5.416634e-02 1.361516e-01 -2.270307e-02 -2.722951e-01 -5.308150e-02 1.121358e-02 2.248265e-02 4.527251e-03
<VARIANCE> 39
 3.733458e+00 1.380623e+01 4.493005e+00 7.617881e+00 3.503206e+00 1.044680e+01 2.139836e+00 2.215389e+00 1.058171e+01 1.122648e+01 1.984326e+01 7.022560e+00 1.000000e-02 5.530877e-02 9.706752e-01 8.513913e-01 1.000426e+00 4.732657e-01 4.960648e-01 4.242622e-01 1.662402e+00 3.318067e-01 1.811246e+00 1.428109e+00 2.686066e+00 1.000000e-02 1.270833e-01 2.248583e-01 4.084319e-02 2.436408e-01 7.974846e-02 2.302435e-01 2.959895e-01 1.447889e-01 4.896316e-01 2.560741e-01 2.376093e-01 8.233304e-02 1.000000e-02
<GCONST> 5.483641e+01
<STATE> 43
<MEAN> 39
 -5.880055e+00 -1.693364e+01 -8.330908e+00 -6.540502e-01 3.256798e+00 -3.676419e+00 3.054552e+00 -1.804339e-01 5.983244e-01 -3.761026e+00 1.535603e+00 1.147025e+00 3.576395e-02 -1.351815e-01 1.491066e+00 7.924545e-01 -8.198853e-01 -2.661709e-01 -3.670182e-01 -1.291725e-01 -7.950034e-03 1.289411e-01 2.592854e-01 6.452382e-02 -3.602483e-01 -1.798235e-02 2.284952e-01 2.324265e-01 2.043347e-01 -3.407622e-01 -9.293135e-02 5.199077e-02 -2.151752e-01 -6.853282e-01 -4.176757e-01 -6.352744e-02 1.017164e-01 1.564522e-01 6.616569e-03
<VARIANCE> 39
 2.897440e+00 4.978298e+00 8.896725e+00 9.438918e-01 5.753953e+00 4.728536e+00 1.074935e+01 6.611908e+00 5.183186e+00 1.871598e+01 6.906306e+00 1.599360e+01 1.000000e-02 2.713013e-01 1.350772e+00 4.758456e-01 7.337651e-01 3.978692e-01 9.104524e-01 1.953229e+00 1.088416e+00 1.149647e+00 1.847210e+00 2.038326e+00 1.779212e+00 1.000000e-02 5.276678e-02 1.444134e-01 6.553555e-02 6.330553e-02 4.258915e-02 5.054886e-02 2.599651e-01 1.867713e-01 2.239136e-01 5.314516e-01 4.932756e-01 4.604972e-01 1.000000e-02
<GCONST> 5.609060e+01
<STATE> 44
<MEAN> 39
 -4.686708e+00 -1.325878e+01 -5.125353e+00 -1.210219e+00 2.382214e+00 -3.501048e+00 3.011206e+00 -1.698115e+00 3.854249e-01 -4.780587e+00 4.558198e-01 3.993819e-01 3.176182e-02 -6.442884e-02 1.541625e+00 9.162585e-01 -9.775167e-01 -7.173067e-02 4.663081e-01 -5.370533e-01 -1.288530e+00 -8.773855e-01 -3.904690e-01 -1.376623e-01 -2.766629e-01 -1.345555e-02 -2.662931e-02 -2.785610e-01 -1.496188e-01 8.241638e-02 3.470429e-03 8.618824e-02 2.244340e-02 -1.272665e-01 -1.384426e-01 -1.901494e-01 -7.957330e-02 -1.485696e-01 2.153910e-03
<VARIANCE> 39
 2.099746e+00 4.737128e+00 4.400394e+00 4.689612e+00 5.056316e+00 3.371662e+00 1.958716e+01 1.656561e+01 1.437984e+01 1.989566e+01 8.619480e+00 7.188167e+00 1.000000e-02 6.593715e-01 1.459091e-01 2.858753e-01 1.210356e+00 8.094510e-01 4.907332e-01 1.505183e+00 8.338971e-01 4.528346e-01 2.818861e+00 2.417206e+00 7.432577e-01 1.000000e-02 2.197005e-02 1.589580e-01 4.931560e-02 4.009378e-02 6.999040e-02 2.118534e-01 2.453196e-01 1.020806e-01 2.262736e-01 4.494284e-01 1.480921e-01 2.334815e-01 1.000000e-02
<GCONST> 5.288647e+01
<STATE> 45
<MEAN> 39
 -4.619473e+00 -1.167747e+01 -4.493013e+00 -4.525138e+00 3.264165e+00 -2.803244e+00 8.451359e-01 -5.985121e+00 -1.879861e+00 -3.426801e+00 2.204772e+00 1.156651e+00 3.549502e-02 -1.945010e-01 2.162105e-01 3.859866e-01 -4.802341e-01 1.170329e-01 6.101643e-01 6.408557e-01 -2.957112e-01 -5.774310e-02 4.656247e-01 7.796124e-02 -5.206106e-01 -1.026742e-02 -1.824795e-01 -5.314436e-01 -3.068408e-01 5.167322e-01 1.066755e-01 1.852160e-01 3.565946e-01 6.955898e-01 3.024346e-01 -9.813306e-02 -2.919083e-01 9.242380e-03 -2.466523e-03
<VARIANCE> 39
 2.498032e+00 5.524216e+00 2.760947e+00 1.806104e+01 9.242904e+00 5.914572e+00 7.803076e+00 3.271580e+00 6.607631e+00 1.950077e+01 2.466272e+01 5.648450e+00 1.000000e-02 5.417088e-01 4.166281e-01 2.068212e-01 7.160571e-01 3.497609e-01 5.158408e-01 1.886429e-01 7.465168e-01 1.024746e+00 1.574176e+00 6.815047e-01 1.189119e+00 1.000000e-02 6.602111e-02 6.881870e-02 7.011105e-02 3.808205e-01 1.464163e-01 2.159640e-01 2.951546e-01 1.108612e-01 1.597865e-01 3.336565e-01 6.439868e-01 7.319769e-02 1.000000e-02
<GCONST> 5.275177e+01
<STATE> 46
<MEAN> 39
 -5.845366e+00 -1.227915e+01 -4.803684e+00 -4.351427e+00 2.409070e+00 -2.455091e+00 3.237979e+00 -3.620720e+00 -5.835425e-01 -5.124232e+00 1.910189e+00 2.950548e-01 -1.262678e-02 -6.896063e-01 -4.258608e-01 -2.525246e-01 3.796146e-01 -9.132322e-02 8.249792e-01 5.428305e-01 1.088153e+00 4.820830e-01 -2.655105e-01 -8.126843e-01 -1.436883e-01 -2.062713e-02 5.807479e-02 -1.049468e-01 -7.644216e-02 2.945119e-01 2.936602e-03 -3.349667e-01 -2.369619e-01 4.307330e-01 2.260446e-01 -2.869164e-02 2.074248e-02 2.849518e-01 2.285117e-03
<VARIANCE> 39
 2.421637e+00 3.101194e+00 5.892404e+00 1.493547e+01 1.265361e+01 1.034321e+01 4.712980e+00 1.426429e+01 1.510209e+00 3.741368e+00 2.039485e+00 1.066521e+00 1.000000e-02 2.384123e-01 1.508259e-01 1.881800e-01 1.173592e+00 5.929049e-01 1.205198e+00 9.686787e-01 5.663019e-01 1.195938e+00 1.146518e+00 2.355496e+00 1.964634e-01 1.000000e-02 1.489821e-01 6.978706e-02 5.950659e-02 1.531111e-01 1.016294e-01 8.552088e-02 2.633456e-02 1.069155e-01 3.078413e-02 3.288986e-01 9.136720e-02 5.627347e-02 1.000000e-02
<GCONST> 3.997375e+01
<TRANSP> 47
 0.000000e+00 1.000000e+00 0.000000e+00 0.000000e+00 0.000000e+00 0.000000e+00 0.000000e+00 0.000000e+00 0.000000e+00 0.000000e+00 0.000000e+00 0.000000e+00 0.000000e+00 0.000000e+00 0.000000e+00 0.000000e+00 0.000000e+00 0.000000e+00 0.000000e+00 0.000000e+00 0.000000e+00 0.000000e+00 0.000000e+00 0.000000e+00 0.000000e+00 0.000000e+00 0.000000e+00 0.000000e+00 0.000000e+00 0.000000e+00 0.000000e+00 0.000000e+00 0.000000e+00 0.000000e+00 0.000000e+00 0.000000e+00 0.000000e+00 0.000000e+00 0.000000e+00 0.000000e+00 0.000000e+00 0.000000e+00 0.000000e+00 0.000000e+00 0.000000e+00 0.000000e+00 0.000000e+00
 0.000000e+00 5.000000e-01 5.000000e-01 0.000000e+00 0.000000e+00 0.000000e+00 0.000000e+00 0.000000e+00 0.000000e+00 0.000000e+00 0.000000e+00 0.000000e+00 0.000000e+00 0.000000e+00 0.000000e+00 0.000000e+00 0.000000e+00 0.000000e+00 0.000000e+00 0.000000e+00 0.000000e+00 0.000000e+00 0.000000e+00 0.000000e+00 0.000000e+00 0.000000e+00 0.000000e+00 0.000000e+00 0.000000e+00 0.000000e+00 0.000000e+00 0.000000e+00 0.000000e+00 0.000000e+00 0.000000e+00 0.000000e+00 0.000000e+00 0.000000e+00 0.000000e+00 0.000000e+00 0.000000e+00 0.000000e+00 0.000000e+00 0.000000e+00 0.000000e+00 0.000000e+00 0.000000e+00
 0.000000e+00 0.000000e+00 4.444444e-01 5.555556e-01 0.000000e+00 0.000000e+00 0.000000e+00 0.000000e+00 0.000000e+00 0.000000e+00 0.000000e+00 0.000000e+00 0.000000e+00 0.000000e+00 0.000000e+00 0.000000e+00 0.000000e+00 0.000000e+00 0.000000e+00 0.000000e+00 0.000000e+00 0.000000e+00 0.000000e+00 0.000000e+00 0.000000e+00 0.000000e+00 0.000000e+00 0.000000e+00 0.000000e+00 0.000000e+00 0.000000e+00 0.000000e+00 0.000000e+00 0.000000e+00 0.000000e+00 0.000000e+00 0.000000e+00 0.000000e+00 0.000000e+00 0.000000e+00 0.000000e+00 0.000000e+00 0.000000e+00 0.000000e+00 0.000000e+00 0.000000e+00 0.000000e+00
 0.000000e+00 0.000000e+00 0.000000e+00 2.857143e-01 7.142857e-01 0.000000e+00 0.000000e+00 0.000000e+00 0.000000e+00 0.000000e+00 0.000000e+00 0.000000e+00 0.000000e+00 0.000000e+00 0.000000e+00 0.000000e+00 0.000000e+00 0.000000e+00 0.000000e+00 0.000000e+00 0.000000e+00 0.000000e+00 0.000000e+00 0.000000e+00 0.000000e+00 0.000000e+00 0.000000e+00 0.000000e+00 0.000000e+00 0.000000e+00 0.000000e+00 0.000000e+00 0.000000e+00 0.000000e+00 0.000000e+00 0.000000e+00 0.000000e+00 0.000000e+00 0.000000e+00 0.000000e+00 0.000000e+00 0.000000e+00 0.000000e+00 0.000000e+00 0.000000e+00 0.000000e+00 0.000000e+00
 0.000000e+00 0.000000e+00 0.000000e+00 0.000000e+00 2.857143e-01 7.142857e-01 0.000000e+00 0.000000e+00 0.000000e+00 0.000000e+00 0.000000e+00 0.000000e+00 0.000000e+00 0.000000e+00 0.000000e+00 0.000000e+00 0.000000e+00 0.000000e+00 0.000000e+00 0.000000e+00 0.000000e+00 0.000000e+00 0.000000e+00 0.000000e+00 0.000000e+00 0.000000e+00 0.000000e+00 0.000000e+00 0.000000e+00 0.000000e+00 0.000000e+00 0.000000e+00 0.000000e+00 0.000000e+00 0.000000e+00 0.000000e+00 0.000000e+00 0.000000e+00 0.000000e+00 0.000000e+00 0.000000e+00 0.000000e+00 0.000000e+00 0.000000e+00 0.000000e+00 0.000000e+00 0.000000e+00
 0.000000e+00 0.000000e+00 0.000000e+00 0.000000e+00 0.000000e+00 1.666667e-01 8.333333e-01 0.000000e+00 0.000000e+00 0.000000e+00 0.000000e+00 0.000000e+00 0.000000e+00 0.000000e+00 0.000000e+00 0.000000e+00 0.000000e+00 0.000000e+00 0.000000e+00 0.000000e+00 0.000000e+00 0.000000e+00 0.000000e+00 0.000000e+00 0.000000e+00 0.000000e+00 0.000000e+00 0.000000e+00 0.000000e+00 0.000000e+00 0.000000e+00 0.000000e+00 0.000000e+00 0.000000e+00 0.000000e+00 0.000000e+00 0.000000e+00 0.000000e+00 0.000000e+00 0.000000e+00 0.000000e+00 0.000000e+00 0.000000e+00 0.000000e+00 0.000000e+00 0.000000e+00 0.000000e+00
 0.000000e+00 0.000000e+00 0.000000e+00 0.000000e+00 0.000000e+00 0.000000e+00 5.000000e-01 5.000000e-01 0.000000e+00 0.000000e+00 0.000000e+00 0.000000e+00 0.000000e+00 0.000000e+00 0.000000e+00 0.000000e+00 0.000000e+00 0.000000e+00 0.000000e+00 0.000000e+00 0.000000e+00 0.000000e+00 0.000000e+00 0.000000e+00 0.000000e+00 0.000000e+00 0.000000e+00 0.000000e+00 0.000000e+00 0.000000e+00 0.000000e+00 0.000000e+00 0.000000e+00 0.000000e+00 0.000000e+00 0.000000e+00 0.000000e+00 0.000000e+00 0.000000e+00 0.000000e+00 0.000000e+00 0.000000e+00 0.000000e+00 0.000000e+00 0.000000e+00 0.000000e+00 0.000000e+00
 0.000000e+00 0.000000e+00 0.000000e+00 0.000000e+00 0.000000e+00 0.000000e+00 0.000000e+00 2.857143e-01 7.142857e-01 0.000000e+00 0.000000e+00 0.000000e+00 0.000000e+00 0.000000e+00 0.000000e+00 0.000000e+00 0.000000e+00 0.000000e+00 0.000000e+00 0.000000e+00 0.000000e+00 0.000000e+00 0.000000e+00 0.000000e+00 0.000000e+00 0.000000e+00 0.000000e+00 0.000000e+00 0.000000e+00 0.000000e+00 0.000000e+00 0.000000e+00 0.000000e+00 0.000000e+00 0.000000e+00 0.000000e+00 0.000000e+00 0.000000e+00 0.000000e+00 0.000000e+00 0.000000e+00 0.000000e+00 0.000000e+00 0.000000e+00 0.000000e+00 0.000000e+00 0.000000e+00
 0.000000e+00 0.000000e+00 0.000000e+00 0.000000e+00 0.000000e+00 0.000000e+00 0.000000e+00 0.000000e+00 1.666667e-01 8.333333e-01 0.000000e+00 0.000000e+00 0.000000e+00 0.000000e+00 0.000000e+00 0.000000e+00 0.000000e+00 0.000000e+00 0.000000e+00 0.000000e+00 0.000000e+00 0.000000e+00 0.000000e+00 0.000000e+00 0.000000e+00 0.000000e+00 0.000000e+00 0.000000e+00 0.000000e+00 0.000000e+00 0.000000e+00 0.000000e+00 0.000000e+00 0.000000e+00 0.000000e+00 0.000000e+00 0.000000e+00 0.000000e+00 0.000000e+00 0.000000e+00 0.000000e+00 0.000000e+00 0.000000e+00 0.000000e+00 0.000000e+00 0.000000e+00 0.000000e+00
 0.000000e+00 0.000000e+00 0.000000e+00 0.000000e+00 0.000000e+00 0.000000e+00 0.000000e+00 0.000000e+00 0.000000e+00 2.857143e-01 7.142857e-01 0.000000e+00 0.000000e+00 0.000000e+00 0.000000e+00 0.000000e+00 0.000000e+00 0.000000e+00 0.000000e+00 0.000000e+00 0.000000e+00 0.000000e+00 0.000000e+00 0.000000e+00 0.000000e+00 0.000000e+00 0.000000e+00 0.000000e+00 0.000000e+00 0.000000e+00 0.000000e+00 0.000000e+00 0.000000e+00 0.000000e+00 0.000000e+00 0.000000e+00 0.000000e+00 0.000000e+00 0.000000e+00 0.000000e+00 0.000000e+00 0.000000e+00 0.000000e+00 0.000000e+00 0.000000e+00 0.000000e+00 0.000000e+00
 0.000000e+00 0.000000e+00 0.000000e+00 0.000000e+00 0.000000e+00 0.000000e+00 0.000000e+00 0.000000e+00 0.000000e+00 0.000000e+00 3.750000e-01 6.250000e-01 0.000000e+00 0.000000e+00 0.000000e+00 0.000000e+00 0.000000e+00 0.000000e+00 0.000000e+00 0.000000e+00 0.000000e+00 0.000000e+00 0.000000e+00 0.000000e+00 0.000000e+00 0.000000e+00 0.000000e+00 0.000000e+00 0.000000e+00 0.000000e+00 0.000000e+00 0.000000e+00 0.000000e+00 0.000000e+00 0.000000e+00 0.000000e+00 0.000000e+00 0.000000e+00 0.000000e+00 0.000000e+00 0.000000e+00 0.000000e+00 0.000000e+00 0.000000e+00 0.000000e+00 0.000000e+00 0.000000e+00
 0.000000e+00 0.000000e+00 0.000000e+00 0.000000e+00 0.000000e+00 0.000000e+00 0.000000e+00 0.000000e+00 0.000000e+00 0.000000e+00 0.000000e+00 2.857143e-01 7.142857e-01 0.000000e+00 0.000000e+00 0.000000e+00 0.000000e+00 0.000000e+00 0.000000e+00 0.000000e+00 0.000000e+00 0.000000e+00 0.000000e+00 0.000000e+00 0.000000e+00 0.000000e+00 0.000000e+00 0.000000e+00 0.000000e+00 0.000000e+00 0.000000e+00 0.000000e+00 0.000000e+00 0.000000e+00 0.000000e+00 0.000000e+00 0.000000e+00 0.000000e+00 0.000000e+00 0.000000e+00 0.000000e+00 0.000000e+00 0.000000e+00 0.000000e+00 0.000000e+00 0.000000e+00 0.000000e+00
 0.000000e+00 0.000000e+00 0.000000e+00 0.000000e+00 0.000000e+00 0.000000e+00 0.000000e+00 0.000000e+00 0.000000e+00 0.000000e+00 0.000000e+00 0.000000e+00 2.857143e-01 7.142857e-01 0.000000e+00 0.000000e+00 0.000000e+00 0.000000e+00 0.000000e+00 0.000000e+00 0.000000e+00 0.000000e+00 0.000000e+00 0.000000e+00 0.000000e+00 0.000000e+00 0.000000e+00 0.000000e+00 0.000000e+00 0.000000e+00 0.000000e+00 0.000000e+00 0.000000e+00 0.000000e+00 0.000000e+00 0.000000e+00 0.000000e+00 0.000000e+00 0.000000e+00 0.000000e+00 0.000000e+00 0.000000e+00 0.000000e+00 0.000000e+00 0.000000e+00 0.000000e+00 0.000000e+00
 0.000000e+00 0.000000e+00 0.000000e+00 0.000000e+00 0.000000e+00 0.000000e+00 0.000000e+00 0.000000e+00 0.000000e+00 0.000000e+00 0.000000e+00 0.000000e+00 0.000000e+00 0.000000e+00 1.000000e+00 0.000000e+00 0.000000e+00 0.000000e+00 0.000000e+00 0.000000e+00 0.000000e+00 0.000000e+00 0.000000e+00 0.000000e+00 0.000000e+00 0.000000e+00 0.000000e+00 0.000000e+00 0.000000e+00 0.000000e+00 0.000000e+00 0.000000e+00 0.000000e+00 0.000000e+00 0.000000e+00 0.000000e+00 0.000000e+00 0.000000e+00 0.000000e+00 0.000000e+00 0.000000e+00 0.000000e+00 0.000000e+00 0.000000e+00 0.000000e+00 0.000000e+00 0.000000e+00
 0.000000e+00 0.000000e+00 0.000000e+00 0.000000e+00 0.000000e+00 0.000000e+00 0.000000e+00 0.000000e+00 0.000000e+00 0.000000e+00 0.000000e+00 0.000000e+00 0.000000e+00 0.000000e+00 3.750000e-01 6.250000e-01 0.000000e+00 0.000000e+00 0.000000e+00 0.000000e+00 0.000000e+00 0.000000e+00 0.000000e+00 0.000000e+00 0.000000e+00 0.000000e+00 0.000000e+00 0.000000e+00 0.000000e+00 0.000000e+00 0.000000e+00 0.000000e+00 0.000000e+00 0.000000e+00 0.000000e+00 0.000000e+00 0.000000e+00 0.000000e+00 0.000000e+00 0.000000e+00 0.000000e+00 0.000000e+00 0.000000e+00 0.000000e+00 0.000000e+00 0.000000e+00 0.000000e+00
 0.000000e+00 0.000000e+00 0.000000e+00 0.000000e+00 0.000000e+00 0.000000e+00 0.000000e+00 0.000000e+00 0.000000e+00 0.000000e+00 0.000000e+00 0.000000e+00 0.000000e+00 0.000000e+00 0.000000e+00 3.750000e-01 6.250000e-01 0.000000e+00 0.000000e+00 0.000000e+00 0.000000e+00 0.000000e+00 0.000000e+00 0.000000e+00 0.000000e+00 0.000000e+00 0.000000e+00 0.000000e+00 0.000000e+00 0.000000e+00 0.000000e+00 0.000000e+00 0.000000e+00 0.000000e+00 0.000000e+00 0.000000e+00 0.000000e+00 0.000000e+00 0.000000e+00 0.000000e+00 0.000000e+00 0.000000e+00 0.000000e+00 0.000000e+00 0.000000e+00 0.000000e+00 0.000000e+00
 0.000000e+00 0.000000e+00 0.000000e+00 0.000000e+00 0.000000e+00 0.000000e+00 0.000000e+00 0.000000e+00 0.000000e+00 0.000000e+00 0.000000e+00 0.000000e+00 0.000000e+00 0.000000e+00 0.000000e+00 0.000000e+00 4.444444e-01 5.555556e-01 0.000000e+00 0.000000e+00 0.000000e+00 0.000000e+00 0.000000e+00 0.000000e+00 0.000000e+00 0.000000e+00 0.000000e+00 0.000000e+00 0.000000e+00 0.000000e+00 0.000000e+00 0.000000e+00 0.000000e+00 0.000000e+00 0.000000e+00 0.000000e+00 0.000000e+00 0.000000e+00 0.000000e+00 0.000000e+00 0.000000e+00 0.000000e+00 0.000000e+00 0.000000e+00 0.000000e+00 0.000000e+00 0.000000e+00
 0.000000e+00 0.000000e+00 0.000000e+00 0.000000e+00 0.000000e+00 0.000000e+00 0.000000e+00 0.000000e+00 0.000000e+00 0.000000e+00 0.000000e+00 0.000000e+00 0.000000e+00 0.000000e+00 0.000000e+00 0.000000e+00 0.000000e+00 4.444444e-01 5.555556e-01 0.000000e+00 0.000000e+00 0.000000e+00 0.000000e+00 0.000000e+00 0.000000e+00 0.000000e+00 0.000000e+00 0.000000e+00 0.000000e+00 0.000000e+00 0.000000e+00 0.000000e+00 0.000000e+00 0.000000e+00 0.000000e+00 0.000000e+00 0.000000e+00 0.000000e+00 0.000000e+00 0.000000e+00 0.000000e+00 0.000000e+00 0.000000e+00 0.000000e+00 0.000000e+00 0.000000e+00 0.000000e+00
 0.000000e+00 0.000000e+00 0.000000e+00 0.000000e+00 0.000000e+00 0.000000e+00 0.000000e+00 0.000000e+00 0.000000e+00 0.000000e+00 0.000000e+00 0.000000e+00 0.000000e+00 0.000000e+00 0.000000e+00 0.000000e+00 0.000000e+00 0.000000e+00 0.000000e+00 1.000000e+00 0.000000e+00 0.000000e+00 0.000000e+00 0.000000e+00 0.000000e+00 0.000000e+00 0.000000e+00 0.000000e+00 0.000000e+00 0.000000e+00 0.000000e+00 0.000000e+00 0.000000e+00 0.000000e+00 0.000000e+00 0.000000e+00 0.000000e+00 0.000000e+00 0.000000e+00 0.000000e+00 0.000000e+00 0.000000e+00 0.000000e+00 0.000000e+00 0.000000e+00 0.000000e+00 0.000000e+00
 0.000000e+00 0.000000e+00 0.000000e+00 0.000000e+00 0.000000e+00 0.000000e+00 0.000000e+00 0.000000e+00 0.000000e+00 0.000000e+00 0.000000e+00 0.000000e+00 0.000000e+00 0.000000e+00 0.000000e+00 0.000000e+00 0.000000e+00 0.000000e+00 0.000000e+00 4.444444e-01 5.555556e-01 0.000000e+00 0.000000e+00 0.000000e+00 0.000000e+00 0.000000e+00 0.000000e+00 0.000000e+00 0.000000e+00 0.000000e+00 0.000000e+00 0.000000e+00 0.000000e+00 0.000000e+00 0.000000e+00 0.000000e+00 0.000000e+00 0.000000e+00 0.000000e+00 0.000000e+00 0.000000e+00 0.000000e+00 0.000000e+00 0.000000e+00 0.000000e+00 0.000000e+00 0.000000e+00
 0.000000e+00 0.000000e+00 0.000000e+00 0.000000e+00 0.000000e+00 0.000000e+00 0.000000e+00 0.000000e+00 0.000000e+00 0.000000e+00 0.000000e+00 0.000000e+00 0.000000e+00 0.000000e+00 0.000000e+00 0.000000e+00 0.000000e+00 0.000000e+00 0.000000e+00 0.000000e+00 1.666667e-01 8.333333e-01 0.000000e+00 0.000000e+00 0.000000e+00 0.000000e+00 0.000000e+00 0.000000e+00 0.000000e+00 0.000000e+00 0.000000e+00 0.000000e+00 0.000000e+00 0.000000e+00 0.000000e+00 0.000000e+00 0.000000e+00 0.000000e+00 0.000000e+00 0.000000e+00 0.000000e+00 0.000000e+00 0.000000e+00 0.000000e+00 0.000000e+00 0.000000e+00 0.000000e+00
 0.000000e+00 0.000000e+00 0.000000e+00 0.000000e+00 0.000000e+00 0.000000e+00 0.000000e+00 0.000000e+00 0.000000e+00 0.000000e+00 0.000000e+00 0.000000e+00 0.000000e+00 0.000000e+00 0.000000e+00 0.000000e+00 0.000000e+00 0.000000e+00 0.000000e+00 0.000000e+00 0.000000e+00 4.444444e-01 5.555556e-01 0.000000e+00 0.000000e+00 0.000000e+00 0.000000e+00 0.000000e+00 0.000000e+00 0.000000e+00 0.000000e+00 0.000000e+00 0.000000e+00 0.000000e+00 0.000000e+00 0.000000e+00 0.000000e+00 0.000000e+00 0.000000e+00 0.000000e+00 0.000000e+00 0.000000e+00 0.000000e+00 0.000000e+00 0.000000e+00 0.000000e+00 0.000000e+00
 0.000000e+00 0.000000e+00 0.000000e+00 0.000000e+00 0.000000e+00 0.000000e+00 0.000000e+00 0.000000e+00 0.000000e+00 0.000000e+00 0.000000e+00 0.000000e+00 0.000000e+00 0.000000e+00 0.000000e+00 0.000000e+00 0.000000e+00 0.000000e+00 0.000000e+00 0.000000e+00 0.000000e+00 0.000000e+00 1.666667e-01 8.333333e-01 0.000000e+00 0.000000e+00 0.000000e+00 0.000000e+00 0.000000e+00 0.000000e+00 0.000000e+00 0.000000e+00 0.000000e+00 0.000000e+00 0.000000e+00 0.000000e+00 0.000000e+00 0.000000e+00 0.000000e+00 0.000000e+00 0.000000e+00 0.000000e+00 0.000000e+00 0.000000e+00 0.000000e+00 0.000000e+00 0.000000e+00
 0.000000e+00 0.000000e+00 0.000000e+00 0.000000e+00 0.000000e+00 0.000000e+00 0.000000e+00 0.000000e+00 0.000000e+00 0.000000e+00 0.000000e+00 0.000000e+00 0.000000e+00 0.000000e+00 0.000000e+00 0.000000e+00 0.000000e+00 0.000000e+00 0.000000e+00 0.000000e+00 0.000000e+00 0.000000e+00 0.000000e+00 4.444444e-01 5.555556e-01 0.000000e+00 0.000000e+00 0.000000e+00 0.000000e+00 0.000000e+00 0.000000e+00 0.000000e+00 0.000000e+00 0.000000e+00 0.000000e+00 0.000000e+00 0.000000e+00 0.000000e+00 0.000000e+00 0.000000e+00 0.000000e+00 0.000000e+00 0.000000e+00 0.000000e+00 0.000000e+00 0.000000e+00 0.000000e+00
 0.000000e+00 0.000000e+00 0.000000e+00 0.000000e+00 0.000000e+00 0.000000e+00 0.000000e+00 0.000000e+00 0.000000e+00 0.000000e+00 0.000000e+00 0.000000e+00 0.000000e+00 0.000000e+00 0.000000e+00 0.000000e+00 0.000000e+00 0.000000e+00 0.000000e+00 0.000000e+00 0.000000e+00 0.000000e+00 0.000000e+00 0.000000e+00 0.000000e+00 1.000000e+00 0.000000e+00 0.000000e+00 0.000000e+00 0.000000e+00 0.000000e+00 0.000000e+00 0.000000e+00 0.000000e+00 0.000000e+00 0.000000e+00 0.000000e+00 0.000000e+00 0.000000e+00 0.000000e+00 0.000000e+00 0.000000e+00 0.000000e+00 0.000000e+00 0.000000e+00 0.000000e+00 0.000000e+00
 0.000000e+00 0.000000e+00 0.000000e+00 0.000000e+00 0.000000e+00 0.000000e+00 0.000000e+00 0.000000e+00 0.000000e+00 0.000000e+00 0.000000e+00 0.000000e+00 0.000000e+00 0.000000e+00 0.000000e+00 0.000000e+00 0.000000e+00 0.000000e+00 0.000000e+00 0.000000e+00 0.000000e+00 0.000000e+00 0.000000e+00 0.000000e+00 0.000000e+00 3.750000e-01 6.250000e-01 0.000000e+00 0.000000e+00 0.000000e+00 0.000000e+00 0.000000e+00 0.000000e+00 0.000000e+00 0.000000e+00 0.000000e+00 0.000000e+00 0.000000e+00 0.000000e+00 0.000000e+00 0.000000e+00 0.000000e+00 0.000000e+00 0.000000e+00 0.000000e+00 0.000000e+00 0.000000e+00
 0.000000e+00 0.000000e+00 0.000000e+00 0.000000e+00 0.000000e+00 0.000000e+00 0.000000e+00 0.000000e+00 0.000000e+00 0.000000e+00 0.000000e+00 0.000000e+00 0.000000e+00 0.000000e+00 0.000000e+00 0.000000e+00 0.000000e+00 0.000000e+00 0.000000e+00 0.000000e+00 0.000000e+00 0.000000e+00 0.000000e+00 0.000000e+00 0.000000e+00 0.000000e+00 1.666667e-01 8.333333e-01 0.000000e+00 0.000000e+00 0.000000e+00 0.000000e+00 0.000000e+00 0.000000e+00 0.000000e+00 0.000000e+00 0.000000e+00 0.000000e+00 0.000000e+00 0.000000e+00 0.000000e+00 0.000000e+00 0.000000e+00 0.000000e+00 0.000000e+00 0.000000e+00 0.000000e+00
 0.000000e+00 0.000000e+00 0.000000e+00 0.000000e+00 0.000000e+00 0.000000e+00 0.000000e+00 0.000000e+00 0.000000e+00 0.000000e+00 0.000000e+00 0.000000e+00 0.000000e+00 0.000000e+00 0.000000e+00 0.000000e+00 0.000000e+00 0.000000e+00 0.000000e+00 0.000000e+00 0.000000e+00 0.000000e+00 0.000000e+00 0.000000e+00 0.000000e+00 0.000000e+00 0.000000e+00 4.444444e-01 5.555556e-01 0.000000e+00 0.000000e+00 0.000000e+00 0.000000e+00 0.000000e+00 0.000000e+00 0.000000e+00 0.000000e+00 0.000000e+00 0.000000e+00 0.000000e+00 0.000000e+00 0.000000e+00 0.000000e+00 0.000000e+00 0.000000e+00 0.000000e+00 0.000000e+00
 0.000000e+00 0.000000e+00 0.000000e+00 0.000000e+00 0.000000e+00 0.000000e+00 0.000000e+00 0.000000e+00 0.000000e+00 0.000000e+00 0.000000e+00 0.000000e+00 0.000000e+00 0.000000e+00 0.000000e+00 0.000000e+00 0.000000e+00 0.000000e+00 0.000000e+00 0.000000e+00 0.000000e+00 0.000000e+00 0.000000e+00 0.000000e+00 0.000000e+00 0.000000e+00 0.000000e+00 0.000000e+00 2.857143e-01 7.142857e-01 0.000000e+00 0.000000e+00 0.000000e+00 0.000000e+00 0.000000e+00 0.000000e+00 0.000000e+00 0.000000e+00 0.000000e+00 0.000000e+00 0.000000e+00 0.000000e+00 0.000000e+00 0.000000e+00 0.000000e+00 0.000000e+00 0.000000e+00
 0.000000e+00 0.000000e+00 0.000000e+00 0.000000e+00 0.000000e+00 0.000000e+00 0.000000e+00 0.000000e+00 0.000000e+00 0.000000e+00 0.000000e+00 0.000000e+00 0.000000e+00 0.000000e+00 0.000000e+00 0.000000e+00 0.000000e+00 0.000000e+00 0.000000e+00 0.000000e+00 0.000000e+00 0.000000e+00 0.000000e+00 0.000000e+00 0.000000e+00 0.000000e+00 0.000000e+00 0.000000e+00 0.000000e+00 2.857143e-01 7.142857e-01 0.000000e+00 0.000000e+00 0.000000e+00 0.000000e+00 0.000000e+00 0.000000e+00 0.000000e+00 0.000000e+00 0.000000e+00 0.000000e+00 0.000000e+00 0.000000e+00 0.000000e+00 0.000000e+00 0.000000e+00 0.000000e+00
 0.000000e+00 0.000000e+00 0.000000e+00 0.000000e+00 0.000000e+00 0.000000e+00 0.000000e+00 0.000000e+00 0.000000e+00 0.000000e+00 0.000000e+00 0.000000e+00 0.000000e+00 0.000000e+00 0.000000e+00 0.000000e+00 0.000000e+00 0.000000e+00 0.000000e+00 0.000000e+00 0.000000e+00 0.000000e+00 0.000000e+00 0.000000e+00 0.000000e+00 0.000000e+00 0.000000e+00 0.000000e+00 0.000000e+00 0.000000e+00 1.666667e-01 8.333333e-01 0.000000e+00 0.000000e+00 0.000000e+00 0.000000e+00 0.000000e+00 0.000000e+00 0.000000e+00 0.000000e+00 0.000000e+00 0.000000e+00 0.000000e+00 0.000000e+00 0.000000e+00 0.000000e+00 0.000000e+00
 0.000000e+00 0.000000e+00 0.000000e+00 0.000000e+00 0.000000e+00 0.000000e+00 0.000000e+00 0.000000e+00 0.000000e+00 0.000000e+00 0.000000e+00 0.000000e+00 0.000000e+00 0.000000e+00 0.000000e+00 0.000000e+00 0.000000e+00 0.000000e+00 0.000000e+00 0.000000e+00 0.000000e+00 0.000000e+00 0.000000e+00 0.000000e+00 0.000000e+00 0.000000e+00 0.000000e+00 0.000000e+00 0.000000e+00 0.000000e+00 0.000000e+00 5.000000e-01 5.000000e-01 0.000000e+00 0.000000e+00 0.000000e+00 0.000000e+00 0.000000e+00 0.000000e+00 0.000000e+00 0.000000e+00 0.000000e+00 0.000000e+00 0.000000e+00 0.000000e+00 0.000000e+00 0.000000e+00
 0.000000e+00 0.000000e+00 0.000000e+00 0.000000e+00 0.000000e+00 0.000000e+00 0.000000e+00 0.000000e+00 0.000000e+00 0.000000e+00 0.000000e+00 0.000000e+00 0.000000e+00 0.000000e+00 0.000000e+00 0.000000e+00 0.000000e+00 0.000000e+00 0.000000e+00 0.000000e+00 0.000000e+00 0.000000e+00 0.000000e+00 0.000000e+00 0.000000e+00 0.000000e+00 0.000000e+00 0.000000e+00 0.000000e+00 0.000000e+00 0.000000e+00 0.000000e+00 4.444444e-01 5.555556e-01 0.000000e+00 0.000000e+00 0.000000e+00 0.000000e+00 0.000000e+00 0.000000e+00 0.000000e+00 0.000000e+00 0.000000e+00 0.000000e+00 0.000000e+00 0.000000e+00 0.000000e+00
 0.000000e+00 0.000000e+00 0.000000e+00 0.000000e+00 0.000000e+00 0.000000e+00 0.000000e+00 0.000000e+00 0.000000e+00 0.000000e+00 0.000000e+00 0.000000e+00 0.000000e+00 0.000000e+00 0.000000e+00 0.000000e+00 0.000000e+00 0.000000e+00 0.000000e+00 0.000000e+00 0.000000e+00 0.000000e+00 0.000000e+00 0.000000e+00 0.000000e+00 0.000000e+00 0.000000e+00 0.000000e+00 0.000000e+00 0.000000e+00 0.000000e+00 0.000000e+00 0.000000e+00 0.000000e+00 1.000000e+00 0.000000e+00 0.000000e+00 0.000000e+00 0.000000e+00 0.000000e+00 0.000000e+00 0.000000e+00 0.000000e+00 0.000000e+00 0.000000e+00 0.000000e+00 0.000000e+00
 0.000000e+00 0.000000e+00 0.000000e+00 0.000000e+00 0.000000e+00 0.000000e+00 0.000000e+00 0.000000e+00 0.000000e+00 0.000000e+00 0.000000e+00 0.000000e+00 0.000000e+00 0.000000e+00 0.000000e+00 0.000000e+00 0.000000e+00 0.000000e+00 0.000000e+00 0.000000e+00 0.000000e+00 0.000000e+00 0.000000e+00 0.000000e+00 0.000000e+00 0.000000e+00 0.000000e+00 0.000000e+00 0.000000e+00 0.000000e+00 0.000000e+00 0.000000e+00 0.000000e+00 0.000000e+00 5.000000e-01 5.000000e-01 0.000000e+00 0.000000e+00 0.000000e+00 0.000000e+00 0.000000e+00 0.000000e+00 0.000000e+00 0.000000e+00 0.000000e+00 0.000000e+00 0.000000e+00
 0.000000e+00 0.000000e+00 0.000000e+00 0.000000e+00 0.000000e+00 0.000000e+00 0.000000e+00 0.000000e+00 0.000000e+00 0.000000e+00 0.000000e+00 0.000000e+00 0.000000e+00 0.000000e+00 0.000000e+00 0.000000e+00 0.000000e+00 0.000000e+00 0.000000e+00 0.000000e+00 0.000000e+00 0.000000e+00 0.000000e+00 0.000000e+00 0.000000e+00 0.000000e+00 0.000000e+00 0.000000e+00 0.000000e+00 0.000000e+00 0.000000e+00 0.000000e+00 0.000000e+00 0.000000e+00 0.000000e+00 0.000000e+00 1.000000e+00 0.000000e+00 0.000000e+00 0.000000e+00 0.000000e+00 0.000000e+00 0.000000e+00 0.000000e+00 0.000000e+00 0.000000e+00 0.000000e+00
 0.000000e+00 0.000000e+00 0.000000e+00 0.000000e+00 0.000000e+00 0.000000e+00 0.000000e+00 0.000000e+00 0.000000e+00 0.000000e+00 0.000000e+00 0.000000e+00 0.000000e+00 0.000000e+00 0.000000e+00 0.000000e+00 0.000000e+00 0.000000e+00 0.000000e+00 0.000000e+00 0.000000e+00 0.000000e+00 0.000000e+00 0.000000e+00 0.000000e+00 0.000000e+00 0.000000e+00 0.000000e+00 0.000000e+00 0.000000e+00 0.000000e+00 0.000000e+00 0.000000e+00 0.000000e+00 0.000000e+00 0.000000e+00 2.857143e-01 7.142857e-01 0.000000e+00 0.000000e+00 0.000000e+00 0.000000e+00 0.000000e+00 0.000000e+00 0.000000e+00 0.000000e+00 0.000000e+00
 0.000000e+00 0.000000e+00 0.000000e+00 0.000000e+00 0.000000e+00 0.000000e+00 0.000000e+00 0.000000e+00 0.000000e+00 0.000000e+00 0.000000e+00 0.000000e+00 0.000000e+00 0.000000e+00 0.000000e+00 0.000000e+00 0.000000e+00 0.000000e+00 0.000000e+00 0.000000e+00 0.000000e+00 0.000000e+00 0.000000e+00 0.000000e+00 0.000000e+00 0.000000e+00 0.000000e+00 0.000000e+00 0.000000e+00 0.000000e+00 0.000000e+00 0.000000e+00 0.000000e+00 0.000000e+00 0.000000e+00 0.000000e+00 0.000000e+00 2.857143e-01 7.142857e-01 0.000000e+00 0.000000e+00 0.000000e+00 0.000000e+00 0.000000e+00 0.000000e+00 0.000000e+00 0.000000e+00
 0.000000e+00 0.000000e+00 0.000000e+00 0.000000e+00 0.000000e+00 0.000000e+00 0.000000e+00 0.000000e+00 0.000000e+00 0.000000e+00 0.000000e+00 0.000000e+00 0.000000e+00 0.000000e+00 0.000000e+00 0.000000e+00 0.000000e+00 0.000000e+00 0.000000e+00 0.000000e+00 0.000000e+00 0.000000e+00 0.000000e+00 0.000000e+00 0.000000e+00 0.000000e+00 0.000000e+00 0.000000e+00 0.000000e+00 0.000000e+00 0.000000e+00 0.000000e+00 0.000000e+00 0.000000e+00 0.000000e+00 0.000000e+00 0.000000e+00 0.000000e+00 2.857143e-01 7.142857e-01 0.000000e+00 0.000000e+00 0.000000e+00 0.000000e+00 0.000000e+00 0.000000e+00 0.000000e+00
 0.000000e+00 0.000000e+00 0.000000e+00 0.000000e+00 0.000000e+00 0.000000e+00 0.000000e+00 0.000000e+00 0.000000e+00 0.000000e+00 0.000000e+00 0.000000e+00 0.000000e+00 0.000000e+00 0.000000e+00 0.000000e+00 0.000000e+00 0.000000e+00 0.000000e+00 0.000000e+00 0.000000e+00 0.000000e+00 0.000000e+00 0.000000e+00 0.000000e+00 0.000000e+00 0.000000e+00 0.000000e+00 0.000000e+00 0.000000e+00 0.000000e+00 0.000000e+00 0.000000e+00 0.000000e+00 0.000000e+00 0.000000e+00 0.000000e+00 0.000000e+00 0.000000e+00 1.666667e-01 8.333333e-01 0.000000e+00 0.000000e+00 0.000000e+00 0.000000e+00 0.000000e+00 0.000000e+00
 0.000000e+00 0.000000e+00 0.000000e+00 0.000000e+00 0.000000e+00 0.000000e+00 0.000000e+00 0.000000e+00 0.000000e+00 0.000000e+00 0.000000e+00 0.000000e+00 0.000000e+00 0.000000e+00 0.000000e+00 0.000000e+00 0.000000e+00 0.000000e+00 0.000000e+00 0.000000e+00 0.000000e+00 0.000000e+00 0.000000e+00 0.000000e+00 0.000000e+00 0.000000e+00 0.000000e+00 0.000000e+00 0.000000e+00 0.000000e+00 0.000000e+00 0.000000e+00 0.000000e+00 0.000000e+00 0.000000e+00 0.000000e+00 0.000000e+00 0.000000e+00 0.000000e+00 0.000000e+00 5.454546e-01 4.545455e-01 0.000000e+00 0.000000e+00 0.000000e+00 0.000000e+00 0.000000e+00
 0.000000e+00 0.000000e+00 0.000000e+00 0.000000e+00 0.000000e+00 0.000000e+00 0.000000e+00 0.000000e+00 0.000000e+00 0.000000e+00 0.000000e+00 0.000000e+00 0.000000e+00 0.000000e+00 0.000000e+00 0.000000e+00 0.000000e+00 0.000000e+00 0.000000e+00 0.000000e+00 0.000000e+00 0.000000e+00 0.000000e+00 0.000000e+00 0.000000e+00 0.000000e+00 0.000000e+00 0.000000e+00 0.000000e+00 0.000000e+00 0.000000e+00 0.000000e+00 0.000000e+00 0.000000e+00 0.000000e+00 0.000000e+00 0.000000e+00 0.000000e+00 0.000000e+00 0.000000e+00 0.000000e+00 1.666667e-01 8.333333e-01 0.000000e+00 0.000000e+00 0.000000e+00 0.000000e+00
 0.000000e+00 0.000000e+00 0.000000e+00 0.000000e+00 0.000000e+00 0.000000e+00 0.000000e+00 0.000000e+00 0.000000e+00 0.000000e+00 0.000000e+00 0.000000e+00 0.000000e+00 0.000000e+00 0.000000e+00 0.000000e+00 0.000000e+00 0.000000e+00 0.000000e+00 0.000000e+00 0.000000e+00 0.000000e+00 0.000000e+00 0.000000e+00 0.000000e+00 0.000000e+00 0.000000e+00 0.000000e+00 0.000000e+00 0.000000e+00 0.000000e+00 0.000000e+00 0.000000e+00 0.000000e+00 0.000000e+00 0.000000e+00 0.000000e+00 0.000000e+00 0.000000e+00 0.000000e+00 0.000000e+00 0.000000e+00 3.750000e-01 6.250000e-01 0.000000e+00 0.000000e+00 0.000000e+00
 0.000000e+00 0.000000e+00 0.000000e+00 0.000000e+00 0.000000e+00 0.000000e+00 0.000000e+00 0.000000e+00 0.000000e+00 0.000000e+00 0.000000e+00 0.000000e+00 0.000000e+00 0.000000e+00 0.000000e+00 0.000000e+00 0.000000e+00 0.000000e+00 0.000000e+00 0.000000e+00 0.000000e+00 0.000000e+00 0.000000e+00 0.000000e+00 0.000000e+00 0.000000e+00 0.000000e+00 0.000000e+00 0.000000e+00 0.000000e+00 0.000000e+00 0.000000e+00 0.000000e+00 0.000000e+00 0.000000e+00 0.000000e+00 0.000000e+00 0.000000e+00 0.000000e+00 0.000000e+00 0.000000e+00 0.000000e+00 0.000000e+00 2.857143e-01 7.142857e-01 0.000000e+00 0.000000e+00
 0.000000e+00 0.000000e+00 0.000000e+00 0.000000e+00 0.000000e+00 0.000000e+00 0.000000e+00 0.000000e+00 0.000000e+00 0.000000e+00 0.000000e+00 0.000000e+00 0.000000e+00 0.000000e+00 0.000000e+00 0.000000e+00 0.000000e+00 0.000000e+00 0.000000e+00 0.000000e+00 0.000000e+00 0.000000e+00 0.000000e+00 0.000000e+00 0.000000e+00 0.000000e+00 0.000000e+00 0.000000e+00 0.000000e+00 0.000000e+00 0.000000e+00 0.000000e+00 0.000000e+00 0.000000e+00 0.000000e+00 0.000000e+00 0.000000e+00 0.000000e+00 0.000000e+00 0.000000e+00 0.000000e+00 0.000000e+00 0.000000e+00 0.000000e+00 3.750000e-01 6.250000e-01 0.000000e+00
 0.000000e+00 0.000000e+00 0.000000e+00 0.000000e+00 0.000000e+00 0.000000e+00 0.000000e+00 0.000000e+00 0.000000e+00 0.000000e+00 0.000000e+00 0.000000e+00 0.000000e+00 0.000000e+00 0.000000e+00 0.000000e+00 0.000000e+00 0.000000e+00 0.000000e+00 0.000000e+00 0.000000e+00 0.000000e+00 0.000000e+00 0.000000e+00 0.000000e+00 0.000000e+00 0.000000e+00 0.000000e+00 0.000000e+00 0.000000e+00 0.000000e+00 0.000000e+00 0.000000e+00 0.000000e+00 0.000000e+00 0.000000e+00 0.000000e+00 0.000000e+00 0.000000e+00 0.000000e+00 0.000000e+00 0.000000e+00 0.000000e+00 0.000000e+00 0.000000e+00 0.000000e+00 1.000000e+00
 0.000000e+00 0.000000e+00 0.000000e+00 0.000000e+00 0.000000e+00 0.000000e+00 0.000000e+00 0.000000e+00 0.000000e+00 0.000000e+00 0.000000e+00 0.000000e+00 0.000000e+00 0.000000e+00 0.000000e+00 0.000000e+00 0.000000e+00 0.000000e+00 0.000000e+00 0.000000e+00 0.000000e+00 0.000000e+00 0.000000e+00 0.000000e+00 0.000000e+00 0.000000e+00 0.000000e+00 0.000000e+00 0.000000e+00 0.000000e+00 0.000000e+00 0.000000e+00 0.000000e+00 0.000000e+00 0.000000e+00 0.000000e+00 0.000000e+00 0.000000e+00 0.000000e+00 0.000000e+00 0.000000e+00 0.000000e+00 0.000000e+00 0.000000e+00 0.000000e+00 0.000000e+00 0.000000e+00
<ENDHMM>
