~o
<STREAMINFO> 1 39
<VECSIZE> 39<NULLD><MFCC_E_D_A><DIAGC>
~h "Sau"
<BEGINHMM>
<NUMSTATES> 9
<STATE> 2
<NUMMIXES> 4
<MIXTURE> 1 4.705882e-01
<MEAN> 39
 -9.247233e+00 -5.334832e+00 -5.197184e+00 5.054621e-01 -1.563841e+00 -2.254075e+00 3.025097e+00 -1.204455e+00 4.724017e-01 -4.752275e+00 3.895441e+00 -3.514091e+00 -6.022302e-02 -1.358436e+00 1.654654e+00 -1.842070e+00 9.514779e-01 -8.366175e-01 6.026642e-01 4.224830e-01 4.656727e-01 6.049313e-01 -1.962972e-01 5.151125e-02 -2.325163e-01 3.129005e-02 -3.592685e-01 3.095497e-01 -5.219922e-01 7.343561e-02 1.510331e-02 -9.063552e-02 1.009635e-03 -2.032535e-02 7.302191e-02 2.743207e-02 -1.991881e-01 1.560467e-01 1.573487e-02
<VARIANCE> 39
 6.591796e+00 1.305492e+01 1.184195e+01 1.619272e+01 1.493718e+01 1.663991e+01 9.383826e+00 1.409975e+01 7.714258e+00 1.322743e+01 8.197657e+00 8.644298e+00 1.000000e-02 1.181635e+00 8.882703e-01 2.655985e+00 2.368248e+00 2.165049e+00 8.080104e-01 1.001450e+00 2.136356e+00 8.729451e-01 7.073374e-01 2.099513e+00 8.811858e-01 1.000000e-02 1.725487e-01 2.199661e-01 1.564551e-01 3.432374e-01 3.968769e-01 1.664263e-01 1.971384e-01 3.509829e-01 1.713810e-01 8.661196e-02 3.351596e-01 1.791006e-01 1.000000e-02
<GCONST> 7.159310e+01
<MIXTURE> 2 1.568628e-01
<MEAN> 39
 -1.661933e+01 3.153774e-01 -1.382455e+01 1.135974e+01 -9.162551e+00 -6.412552e+00 8.390740e+00 -4.010944e+00 6.248629e+00 -4.484052e+00 6.054077e+00 1.940979e+00 1.597623e-01 -4.398780e-01 -1.152311e+00 -1.544040e+00 4.942214e-01 -8.000219e-01 -6.752035e-01 -3.013521e-03 1.229934e+00 2.959552e-01 -8.544559e-01 -7.969983e-01 5.160170e-01 3.132908e-02 1.007142e+00 -8.748036e-01 4.546418e-01 -1.065170e+00 9.211714e-01 2.474251e-01 -5.173990e-01 2.327107e-01 -3.582236e-01 -1.112810e-02 -6.717118e-01 -4.183992e-01 6.162200e-03
<VARIANCE> 39
 1.514318e+01 8.398464e+00 9.628434e+00 2.129453e+01 2.296103e+01 5.143357e+00 4.263183e+01 3.227362e+01 1.266428e+01 1.134020e+01 4.628612e+00 1.229084e+01 1.000000e-02 8.987375e+00 4.116621e+00 3.160604e+00 9.118738e+00 4.121679e+00 4.035428e-01 4.950803e+00 4.729147e+00 2.209453e-01 8.541117e-01 1.644344e+00 2.700868e+00 1.000000e-02 9.608157e-01 2.802753e-01 7.734774e-01 9.464313e-01 4.866112e-01 2.808394e-01 5.220966e-01 8.541383e-01 4.531723e-02 3.013489e-01 5.566666e-01 4.340332e-01 1.000000e-02
<GCONST> 8.935882e+01
<MIXTURE> 3 2.549020e-01
<MEAN> 39
 -1.974504e+01 4.711048e+00 -2.319056e+01 7.319844e+00 -3.766154e+00 2.174541e-01 2.671854e+00 -2.409960e+00 2.115028e+00 -3.185757e+00 1.998067e-01 -3.363291e+00 2.685098e-01 -1.174334e+00 9.221677e-01 -1.372059e-01 6.363946e-01 1.267826e-01 1.949854e-01 -5.508170e-01 -3.859906e-01 -1.896416e-01 8.148481e-01 2.414703e-01 -2.585012e-03 3.916042e-02 5.969593e-01 -7.089722e-01 1.271934e+00 -3.489880e-01 -1.071581e-01 -1.457406e-01 -1.961708e-01 2.273659e-01 -1.151386e-01 -2.222684e-01 3.604012e-01 -3.518821e-02 -1.612815e-02
<VARIANCE> 39
 1.381105e+01 2.958067e+01 1.524597e+01 1.560209e+01 1.172843e+01 5.279397e+00 2.102293e+01 1.348876e+01 4.405396e+00 1.798664e+01 1.933306e+01 5.107154e+00 1.430843e-02 2.918872e+00 2.634629e+00 9.847870e+00 1.712000e+00 3.822525e+00 2.810910e+00 1.232707e+00 2.422180e+00 9.414230e-01 1.929442e+00 3.068945e+00 7.351474e-01 1.000000e-02 2.920401e-01 2.934534e-01 4.763584e-01 5.802639e-01 6.543757e-01 1.995159e-01 2.256283e-01 4.959053e-01 6.630190e-02 3.914216e-01 8.157696e-01 1.481716e-01 1.000000e-02
<GCONST> 8.445270e+01
<MIXTURE> 4 1.176471e-01
<MEAN> 39
 -2.688005e+01 2.510214e+00 -5.162307e+00 -1.625241e+01 8.458817e+00 -4.520208e+00 4.199508e+00 5.478551e+00 -4.968865e-01 -4.904662e+00 8.758549e+00 -4.344575e+00 3.782904e-01 -8.044851e-01 2.786996e-01 -1.338103e-01 1.331889e-01 5.243015e-01 -3.549039e-01 -3.963826e-01 -1.266384e+00 -8.940130e-01 8.262338e-01 3.121208e-01 8.531753e-01 7.999558e-02 1.755685e+00 -1.410359e+00 -1.987552e-01 8.233621e-01 -4.730804e-01 -4.575752e-01 4.454032e-01 -4.428148e-02 -2.967436e-01 1.417181e-01 -8.172768e-01 2.156730e-01 -7.557024e-03
<VARIANCE> 39
 1.975867e+01 8.682403e+00 6.495122e+00 1.354760e+01 7.357363e+00 8.726091e+00 1.257495e+01 4.777802e+01 8.758670e+00 1.730351e+01 8.370307e+00 7.455600e+00 1.935512e-02 1.719706e+01 9.220153e+00 1.727680e+00 7.440773e+00 8.520803e-01 1.840417e+00 2.038476e+00 5.806582e+00 1.394367e+00 2.713964e+00 1.587054e+00 1.350845e+00 1.000000e-02 1.197174e+00 5.830657e-01 8.273287e-01 8.883733e-01 1.962291e-01 5.459310e-01 5.603095e-01 3.162282e+00 1.172703e-01 7.907240e-01 2.195838e-01 2.855207e-01 1.000000e-02
<GCONST> 9.301690e+01
<STATE> 3
<NUMMIXES> 4
<MIXTURE> 1 1.521739e-01
<MEAN> 39
 -9.466594e+00 -1.019187e+01 -1.028626e+01 -5.768463e+00 -2.707799e+00 -4.496480e+00 1.550348e+00 3.392535e+00 2.661952e+00 -7.911500e+00 2.321083e-01 6.682796e-01 4.218062e-01 4.833174e+00 -5.621480e+00 -2.630462e+00 -3.404879e+00 4.483260e-01 -2.150591e+00 2.773718e+00 5.446082e-01 9.892013e-01 -2.102817e+00 -3.881605e+00 3.399614e-02 1.603360e-01 -6.294871e-01 -3.892166e-02 -1.295652e+00 1.401465e+00 3.163919e-01 -6.975915e-02 6.476994e-01 -1.297685e+00 5.722191e-03 -1.009268e-01 -1.199354e-01 -4.347417e-01 2.467439e-02
<VARIANCE> 39
 2.946856e+01 1.421877e+01 2.365570e+01 2.296171e+01 2.779993e+01 3.020568e+01 4.021801e+01 2.135163e+01 3.426247e+01 2.532134e+01 2.509133e+01 5.987164e+00 4.764875e-02 4.191510e+00 5.492124e-01 3.408523e+00 5.636894e+00 3.680616e+00 1.942366e+00 2.002731e+00 2.729017e+00 3.738321e+00 2.108270e+00 4.128716e+00 9.055766e-01 1.000000e-02 4.121771e-01 3.156879e-01 1.113308e-01 7.583965e-01 1.695445e-01 1.746102e-01 3.822513e-01 2.014878e+00 2.570656e-01 3.688788e-01 1.582704e+00 1.023055e-01 1.000000e-02
<GCONST> 9.539433e+01
<MIXTURE> 2 3.478261e-01
<MEAN> 39
 -4.330772e+00 -2.487675e+01 -2.459331e+01 1.975025e+00 4.000386e+00 -4.171298e+00 8.481005e+00 -1.523223e+01 8.494448e+00 -1.174599e+01 -2.506757e+00 -1.674114e+00 9.093711e-01 1.405565e-01 -1.457869e+00 4.870600e-01 1.208407e+00 1.232945e+00 1.313498e+00 -1.327640e+00 -1.891402e+00 5.237461e-01 1.655998e+00 1.831048e+00 -5.026599e-01 3.007680e-02 -4.957359e-02 6.074060e-01 8.743282e-01 -4.886298e-01 -3.018666e-01 4.133608e-01 -7.273333e-01 1.037830e+00 -1.054943e-01 4.425121e-01 4.896639e-02 -6.398473e-02 -2.204181e-02
<VARIANCE> 39
 1.058296e+01 4.954783e+00 2.250275e+01 1.346624e+01 1.218034e+01 1.579805e+01 2.599059e+01 3.663340e+01 1.271439e+01 3.466406e+01 2.030730e+01 1.090045e+01 1.000000e-02 5.291133e-01 1.377836e+00 2.256449e+00 2.641489e+00 1.864409e+00 1.838451e+00 2.691514e+00 9.258225e+00 2.715609e+00 1.781746e+00 1.431425e+00 2.761724e-01 1.000000e-02 1.253002e-01 2.040647e-01 4.665931e-01 5.527038e-01 3.312994e-01 3.368219e-01 8.480024e-01 1.356623e+00 4.031454e-01 8.464370e-01 8.457219e-01 1.115751e-01 1.000000e-02
<GCONST> 8.719669e+01
<MIXTURE> 3 1.956522e-01
<MEAN> 39
 -1.891558e+01 1.617418e+00 -1.444999e+01 7.427218e+00 -6.718621e+00 5.231953e-01 -2.144798e+00 -2.437756e+00 5.935576e-01 -4.125904e+00 2.980026e+00 -1.543837e+00 2.604862e-01 2.302795e+00 -3.655882e+00 1.313453e+00 -3.207232e+00 5.324846e-01 4.124078e-02 -5.572490e-01 4.089613e-01 7.215170e-01 -1.662663e+00 -4.992007e-01 9.110432e-01 3.147697e-02 8.391847e-01 -1.120271e+00 -1.104479e+00 -9.603810e-01 4.081761e-01 -4.004144e-01 1.003753e+00 2.515140e-02 6.548985e-01 -5.878314e-01 -6.024261e-01 1.736936e-01 3.997506e-02
<VARIANCE> 39
 2.609584e+01 3.339578e+01 3.385278e+01 2.144909e+01 2.373963e+01 3.680116e+01 3.060600e+01 1.478526e+01 2.150429e+01 1.272968e+01 1.492578e+01 6.678708e+00 2.437098e-02 2.512366e+00 2.699149e+00 4.897686e+00 4.405040e+00 2.149692e+00 1.685335e+00 3.413751e+00 1.836678e+00 1.405546e+00 6.325464e-01 4.073058e+00 2.545306e-01 1.000000e-02 3.816576e-01 1.732904e-01 1.430287e+00 7.629333e-01 6.656575e-01 7.647588e-01 7.656161e-01 1.851971e-01 2.940610e-01 4.143433e-01 6.955211e-01 5.475208e-02 1.000000e-02
<GCONST> 9.260896e+01
<MIXTURE> 4 3.043478e-01
<MEAN> 39
 -4.009884e+00 -2.244346e+01 -1.967255e+01 -6.555876e+00 3.279067e+00 -8.070016e+00 7.814923e+00 1.472789e+00 -1.143859e+00 -6.982508e+00 -7.877669e+00 -3.195590e+00 8.518620e-01 9.220111e-01 -2.907294e+00 -2.484983e+00 5.010543e-01 1.705196e+00 -2.913694e-01 1.123054e+00 -2.993622e+00 6.589329e-01 -8.703808e-01 -1.089131e+00 -1.008818e+00 9.434211e-02 -1.005316e+00 8.673966e-01 4.935591e-01 7.550684e-01 2.368073e-01 3.734430e-01 -3.772588e-01 -9.321592e-01 2.537076e-01 3.154652e-01 1.157295e+00 -9.348941e-02 -2.034425e-02
<VARIANCE> 39
 1.320413e+01 2.029139e+01 1.192199e+01 6.580922e+00 3.807221e+01 3.318181e+01 1.129170e+01 4.726696e+01 6.252264e+01 4.782374e+01 2.902169e+01 1.861548e+01 1.258779e-02 4.534682e+00 5.203351e+00 3.222940e+00 2.389918e+00 2.462391e+00 2.418201e+00 4.586560e+00 1.003690e+01 2.588755e+00 3.552803e+00 6.568787e+00 9.319257e-01 1.000000e-02 1.112572e+00 3.719392e-01 2.324256e-01 1.367983e+00 5.529932e-01 8.016095e-01 7.679130e-01 1.486839e+00 3.885521e-01 8.903642e-01 1.006685e+00 1.499242e-01 1.000000e-02
<GCONST> 1.049469e+02
<STATE> 4
<NUMMIXES> 4
<MIXTURE> 1 4.074074e-01
<MEAN> 39
 -5.731625e+00 -2.736372e+01 -1.966580e+01 -3.330803e+00 6.441362e+00 2.126011e+00 8.121609e-01 -1.348072e+01 1.241101e+01 -7.722056e+00 1.358269e+00 -4.439279e+00 9.795073e-01 1.337947e-01 -2.391572e-01 4.248949e-01 -1.224500e+00 -2.206067e-02 9.668464e-01 -5.771546e-01 6.797199e-01 -5.391906e-01 5.653260e-01 -3.591434e-01 -6.912226e-01 4.812531e-03 4.559203e-02 1.844003e-02 -6.374213e-03 -1.855343e-01 -1.191685e-01 2.567725e-02 1.781090e-01 2.284465e-01 -4.426793e-01 5.603793e-02 -3.134153e-01 4.183655e-02 -2.721540e-03
<VARIANCE> 39
 2.828549e+00 6.121033e+00 1.096334e+01 1.375620e+01 9.048259e+00 1.729901e+01 8.445409e+00 1.069530e+01 5.273638e+00 1.364749e+01 7.053400e+00 1.722454e+01 1.000000e-02 3.974823e-01 4.421961e-01 8.574526e-01 8.157176e-01 9.364923e-01 8.468935e-01 8.069500e-01 1.472875e+00 1.480062e+00 9.491991e-01 7.125334e-01 9.342660e-01 1.000000e-02 6.891584e-02 1.233326e-01 1.910873e-01 9.591305e-02 2.499153e-01 1.407076e-01 1.914172e-01 2.356314e-01 1.431494e-01 1.922116e-01 1.419649e-01 1.411968e-01 1.000000e-02
<GCONST> 5.942348e+01
<MIXTURE> 2 1.296296e-01
<MEAN> 39
 -2.801985e+00 -2.696203e+01 -2.020143e+01 -5.324849e+00 1.151348e+01 -3.991115e+00 7.476192e+00 -1.025958e+01 2.887090e+00 -8.392537e+00 1.931180e+00 -1.132611e+01 9.856510e-01 9.102280e-01 -2.575545e-01 2.711383e-01 -1.171356e-02 -6.331011e-01 1.974024e+00 -1.163833e-01 -5.975695e-02 4.522048e-02 -1.002231e+00 1.527392e-01 -3.087066e-01 -4.935119e-03 2.074300e-02 -4.341702e-02 1.454629e-02 -1.692621e-01 -1.557507e-01 1.644425e-01 -2.336621e-01 2.830487e-01 -5.179331e-01 4.567610e-01 -3.632047e-01 -3.813753e-02 -2.156376e-03
<VARIANCE> 39
 4.094743e+00 3.182354e+00 2.259237e+00 5.396143e+00 8.959082e+00 2.565121e+01 3.695082e+00 5.855877e+00 2.057988e+00 1.606397e+01 7.465389e+00 1.763442e+00 1.000000e-02 3.830221e-01 1.864379e-01 2.224526e-01 1.164787e+00 8.970079e-01 9.811741e-01 7.421110e-01 5.462930e-01 2.862194e+00 2.805193e+00 2.625672e+00 1.265385e-01 1.000000e-02 1.274837e-01 2.684282e-02 4.543217e-02 2.703593e-01 2.182499e-01 4.095053e-01 5.159231e-02 2.101441e-01 1.746463e-01 2.541426e-01 3.482991e-01 6.324521e-02 1.000000e-02
<GCONST> 4.953149e+01
<MIXTURE> 3 2.592593e-01
<MEAN> 39
 1.974159e+00 -2.823858e+01 -1.982347e+01 -8.476883e+00 8.865374e+00 5.464363e+00 4.377290e+00 -1.013435e+01 -6.428745e-01 -2.966185e-01 -5.213891e+00 -9.170814e+00 9.663097e-01 1.385629e-01 3.325847e-01 3.380933e-01 -1.565777e+00 3.334166e-01 5.277243e-01 5.394971e-02 3.697309e-01 -3.115459e-01 5.948932e-01 -5.628023e-01 -4.701078e-01 2.316506e-03 -2.329210e-02 2.977534e-01 -8.040518e-02 4.186216e-02 -1.957023e-01 -1.909369e-01 2.063629e-01 -1.488566e-01 2.154232e-01 -1.759371e-01 2.623424e-02 2.329441e-01 -1.420143e-03
<VARIANCE> 39
 3.486790e+00 2.445348e+00 3.233884e+00 4.050274e+01 9.478723e+00 5.540283e+00 5.502435e+00 7.706513e+00 1.862717e+01 1.899595e+01 2.610115e+00 1.599288e+01 1.000000e-02 7.380384e-01 5.610664e-01 7.019048e-01 1.166612e+00 1.011926e+00 7.557694e-01 9.464944e-01 8.790310e-01 3.260439e+00 2.308378e+00 6.135255e-01 1.428738e+00 1.000000e-02 8.468695e-02 1.296512e-01 1.160849e-01 1.835812e-01 1.292170e-01 1.325338e-01 2.168498e-01 2.483522e-01 6.415625e-01 4.375039e-01 1.603681e-01 4.648429e-01 1.000000e-02
<GCONST> 6.332597e+01
<MIXTURE> 4 2.037037e-01
<MEAN> 39
 -5.766837e+00 -2.843696e+01 -1.191419e+01 -1.034677e+01 1.014827e+01 5.999661e+00 -6.271525e-02 -1.111480e+01 3.576248e+00 -7.838470e+00 -5.572767e+00 -9.164172e+00 9.605101e-01 9.785355e-02 7.699079e-02 5.146249e-01 -1.651100e+00 9.087354e-01 5.445815e-01 9.197395e-02 1.585820e-01 -1.119073e+00 8.028926e-01 -8.888697e-01 -1.169846e-01 -6.117295e-03 9.984405e-02 1.571899e-01 -2.648256e-01 1.177813e-01 -1.978090e-02 -1.103976e-01 -2.474137e-03 1.039163e-01 3.275264e-01 -9.576231e-02 -1.690794e-03 1.984212e-01 6.071047e-04
<VARIANCE> 39
 6.034550e+00 7.222845e+00 1.509142e+01 2.847908e+01 6.805994e+00 3.446826e+00 8.339473e+00 5.848252e+00 6.827457e+00 1.536533e+01 5.105325e+00 2.754937e+00 1.000000e-02 1.145761e+00 1.210744e+00 1.274098e+00 8.983284e-01 5.879141e-01 1.474611e-01 1.898241e+00 1.036860e+00 2.019539e+00 1.485655e+00 2.418624e+00 5.352004e-01 1.000000e-02 1.779726e-01 1.947961e-01 9.191515e-02 2.639764e-01 2.022156e-01 3.654593e-02 1.710647e-01 3.171414e-01 1.404089e-01 3.009652e-01 3.413890e-01 5.841395e-02 1.000000e-02
<GCONST> 6.010847e+01
<STATE> 5
<NUMMIXES> 4
<MIXTURE> 1 1.428571e-01
<MEAN> 39
 -3.976128e+00 -2.582801e+01 -1.545354e+01 -1.518976e+01 1.164271e+01 8.537484e+00 2.388736e+00 -8.487960e+00 5.449418e+00 -2.288342e+00 -4.425567e+00 -7.754969e+00 9.680821e-01 7.323202e-01 7.558544e-01 1.274794e-01 -2.562243e+00 4.916809e-01 -2.686373e-01 4.046109e-01 8.924801e-01 4.877514e-02 -8.261485e-02 -1.224888e+00 1.044918e-01 -7.127254e-03 1.784886e-01 -4.317671e-02 4.817318e-02 -9.505179e-02 -4.333923e-01 -4.213688e-01 -1.307567e-01 3.927927e-01 -2.442288e-01 -2.148532e-01 -1.026989e-01 4.508616e-01 -5.155281e-03
<VARIANCE> 39
 3.796508e+00 2.567203e+00 5.146271e+00 1.913507e+01 1.910749e+01 6.164716e+00 6.301307e+00 5.464612e+00 2.639131e+00 1.826978e+01 9.638963e+00 3.284120e+00 1.000000e-02 2.291848e-01 4.659083e-01 6.054525e-01 4.974001e-01 2.920315e+00 7.958527e-01 3.020670e-01 2.370100e+00 6.654471e-01 8.714404e-01 6.323613e-01 9.976162e-01 1.000000e-02 1.538375e-02 2.019412e-02 3.184255e-02 2.170664e-01 2.455151e-01 1.318652e-01 6.540395e-02 3.944996e-01 3.556307e-01 1.504741e-01 1.913319e-01 9.739084e-02 1.000000e-02
<GCONST> 4.938385e+01
<MIXTURE> 2 3.877551e-01
<MEAN> 39
 6.623049e-01 -2.388670e+01 -1.516720e+01 -2.210791e+01 9.496902e+00 6.146636e+00 3.540049e+00 -2.397685e+00 -1.628940e+00 5.184471e-01 -9.118415e+00 -4.504663e+00 8.820538e-01 6.531616e-01 1.538212e-01 -3.230943e-01 -2.202753e-01 -6.117256e-01 -4.241923e-01 -2.915135e-01 8.996678e-01 -2.487926e-01 2.371349e-01 7.415897e-02 8.443536e-01 -2.111065e-02 -7.173820e-02 -2.109383e-01 -1.752187e-01 3.973716e-01 -8.445767e-02 2.143424e-04 -2.939875e-01 -2.842380e-01 3.640383e-01 -1.445800e-01 2.781743e-01 -1.952513e-01 -1.899950e-03
<VARIANCE> 39
 3.822965e+00 5.610819e+00 5.715584e+00 7.127882e+00 3.767725e+00 8.675804e+00 5.442031e+00 2.046732e+01 2.047133e+01 1.568173e+01 6.063167e+00 1.183405e+01 1.000000e-02 2.149122e-01 5.894831e-01 5.251613e-01 1.035858e+00 6.291286e-01 1.536227e+00 1.659687e+00 1.896453e+00 1.490261e+00 1.634581e+00 9.594464e-01 8.453084e-01 1.000000e-02 3.182055e-02 5.393415e-02 9.513377e-02 1.076086e-01 1.296261e-01 2.980721e-01 3.682369e-01 3.218277e-01 1.879120e-01 3.172433e-01 2.353689e-01 2.711717e-01 1.000000e-02
<GCONST> 6.009078e+01
<MIXTURE> 3 2.653061e-01
<MEAN> 39
 6.255026e+00 -2.351040e+01 -2.117350e+01 -1.378201e+01 5.694970e-01 6.454783e+00 6.561729e+00 -4.588717e+00 3.523120e-01 -7.743034e-01 -6.587355e+00 -6.845956e+00 8.587840e-01 5.864818e-02 1.797429e-01 8.532737e-02 -8.239547e-01 -8.225951e-01 -4.607519e-01 3.150228e-01 1.250370e+00 -7.899071e-02 4.737181e-01 -2.360285e-01 4.096668e-01 -2.302044e-02 -2.844757e-01 -1.180186e-01 1.530554e-01 -1.557688e-01 4.077131e-01 -3.242491e-01 -2.717801e-01 5.756006e-02 -1.613121e-01 1.530782e-01 1.749044e-01 -2.326336e-01 -6.700024e-03
<VARIANCE> 39
 2.122771e+00 2.712114e+00 6.352628e+00 1.149508e+01 5.788747e+00 8.934838e+00 5.540542e+00 2.284963e+01 1.121879e+01 1.670047e+01 8.750202e+00 9.083647e+00 1.000000e-02 8.069550e-01 4.851599e-01 3.676119e-01 1.325661e+00 1.798809e+00 1.556008e+00 1.116691e+00 5.790422e-01 1.535725e+00 2.353176e+00 4.441491e-01 2.299688e+00 1.000000e-02 5.136645e-02 3.066148e-02 5.728161e-02 1.989737e-01 1.519220e-01 7.702075e-02 3.255174e-01 1.733326e-01 3.228739e-01 4.193260e-01 8.365725e-02 2.175464e-01 1.000000e-02
<GCONST> 5.828420e+01
<MIXTURE> 4 2.040816e-01
<MEAN> 39
 2.156130e+00 -2.602566e+01 -1.703780e+01 -1.818785e+01 7.220315e+00 9.270187e+00 -6.715613e+00 -4.894094e+00 1.694824e+00 -1.792180e+00 -7.306736e+00 -3.059475e+00 8.511837e-01 5.216419e-01 4.759263e-01 -1.684539e-01 -3.514047e-01 -2.008855e-01 -5.720637e-01 -1.395629e-01 3.690009e-01 -4.702741e-01 -1.216783e-01 -9.926380e-02 4.875691e-01 -2.432005e-02 -2.187026e-01 1.503087e-01 -8.508404e-02 1.462830e-01 4.362946e-02 -2.087464e-01 3.427310e-01 -1.478275e-01 4.081461e-02 -1.114381e-01 3.038690e-02 -2.794073e-02 -2.810007e-03
<VARIANCE> 39
 8.915262e+00 5.160640e+00 3.447688e+00 1.199048e+01 1.163346e+01 9.240850e+00 7.415526e+00 1.135908e+01 7.173849e+00 9.418422e+00 1.301660e+01 3.261553e+00 1.000000e-02 6.823821e-01 2.616953e-01 3.765556e-01 1.509751e+00 1.777726e+00 1.275821e+00 1.691290e+00 2.582985e+00 1.543576e+00 6.718409e-01 1.593165e+00 1.229052e+00 1.000000e-02 3.403044e-02 1.315487e-01 1.282371e-01 5.259166e-01 4.223158e-01 1.047999e-01 1.507290e-01 4.008469e-01 3.583968e-01 4.189017e-01 5.064969e-01 1.877565e-01 1.000000e-02
<GCONST> 6.492060e+01
<STATE> 6
<NUMMIXES> 4
<MIXTURE> 1 5.813953e-01
<MEAN> 39
 4.158304e+00 -2.209337e+01 -1.895633e+01 -7.198182e+00 3.678249e+00 1.611216e-02 -1.394015e+00 -5.446301e+00 1.399887e+00 -4.018740e+00 -4.129592e+00 -4.155666e+00 4.758619e-01 1.312106e-01 5.866547e-01 -6.078152e-02 1.273068e+00 3.911082e-01 -8.076708e-01 -8.174719e-03 -5.355762e-01 -5.117691e-01 -2.013098e-01 7.698737e-01 4.021642e-02 -2.976169e-02 -1.974188e-01 -1.535803e-01 8.745012e-02 -6.466370e-01 3.678167e-02 -2.761722e-02 1.293804e-01 4.220845e-01 -8.844148e-03 3.335723e-01 -5.029805e-02 -3.872831e-02 5.585150e-03
<VARIANCE> 39
 1.839768e+00 8.059447e+00 8.799067e+00 1.229155e+01 8.705585e+00 8.586893e+00 5.150715e+00 5.114113e+00 1.002222e+01 8.797561e+00 8.068550e+00 6.569008e+00 1.000000e-02 4.273603e-01 8.883496e-01 5.907423e-01 3.452158e+00 9.471316e-01 1.421036e+00 1.226594e+00 1.535691e+00 1.529719e+00 1.779131e+00 8.449895e-01 6.252853e-01 1.000000e-02 4.744091e-02 1.563157e-01 6.610239e-02 4.500095e-01 2.907125e-01 2.699008e-01 2.569441e-01 5.817448e-02 3.875517e-01 1.955253e-01 1.437075e-01 1.591320e-01 1.000000e-02
<GCONST> 6.078885e+01
<MIXTURE> 2 6.976745e-02
<MEAN> 39
 1.668108e+00 -2.299675e+01 -1.329010e+01 -2.268187e+01 6.614399e+00 6.587551e+00 -3.298049e+00 2.387588e+00 -1.768214e+00 -3.153520e+00 -8.387595e+00 -5.707989e+00 7.360051e-01 -6.363026e-02 -2.043524e-01 4.369330e-02 1.090399e+00 -7.252989e-01 -9.687545e-01 -1.068201e+00 3.536001e-01 2.840849e-01 -7.250928e-01 -1.249729e-02 -7.151999e-01 -4.640017e-02 2.895812e-01 6.696857e-02 -3.541392e-01 1.233717e+00 -2.848340e-01 -3.240160e-01 4.195890e-01 -3.993064e-01 3.270542e-01 -2.694065e-01 2.343564e-01 4.451447e-01 -8.031990e-03
<VARIANCE> 39
 7.185838e-02 9.213356e-01 6.325003e-01 1.341323e-01 5.616796e+00 2.198970e+00 4.715245e+01 1.370471e+01 2.086001e+01 4.523445e+00 1.964385e+00 3.859893e+01 1.000000e-02 9.873458e-01 7.739887e-01 6.589759e-01 1.333716e+01 8.412820e-01 1.281974e+00 2.753198e+00 1.114545e+00 1.143542e+00 1.000000e-02 8.155743e-01 6.169680e-02 1.000000e-02 2.902473e-02 2.638420e-02 7.649817e-02 2.803582e-01 1.344736e-01 1.483396e-01 9.990635e-01 5.657526e-01 2.708104e-01 9.563868e-02 2.286263e-01 7.135810e-01 1.000000e-02
<GCONST> 4.521241e+01
<MIXTURE> 3 1.860465e-01
<MEAN> 39
 4.745939e-01 -2.597766e+01 -1.580798e+01 -2.490884e+01 6.874852e+00 1.647289e+00 -3.853157e+00 7.845272e-01 -1.305660e+00 -1.785363e+00 -7.074890e+00 -3.593701e+00 7.296830e-01 -1.577809e-02 -2.185483e-01 -3.109221e-01 1.660508e+00 -1.291342e+00 -2.676571e-01 -6.400480e-01 -7.345966e-02 7.188750e-01 -7.415373e-01 2.371282e-01 -1.349076e-01 -4.870280e-02 2.238003e-01 1.364840e-01 -1.599948e-01 1.336911e+00 -2.531357e-01 3.711894e-01 7.291421e-01 -5.608283e-01 3.473995e-01 -1.189181e-01 1.054552e-01 3.638864e-04 -7.025898e-03
<VARIANCE> 39
 7.948126e-01 4.152078e+00 6.926764e+00 8.000217e+00 9.459538e+00 2.124752e+00 9.519959e+00 1.754198e+01 5.007736e+00 6.513218e+00 4.183132e+00 1.139682e+01 1.000000e-02 1.005844e-01 2.942349e-01 3.669878e-01 3.685184e+00 3.591342e-01 1.222143e+00 4.893137e+00 1.574465e+00 1.842504e+00 9.020298e-01 4.175891e-01 1.169588e+00 1.000000e-02 7.741249e-02 5.747405e-02 1.292496e-01 7.412847e-01 5.164694e-02 1.169571e-01 2.469628e-01 4.230688e-01 1.586034e-01 1.812381e-01 1.538500e-01 2.793542e-01 1.000000e-02
<GCONST> 5.450509e+01
<MIXTURE> 4 1.627907e-01
<MEAN> 39
 3.252590e+00 -2.540957e+01 -2.146239e+01 -1.504788e+01 8.444934e-01 -3.670318e-01 2.636618e+00 6.675707e-01 5.023696e+00 1.318035e+00 -6.504535e+00 -6.644150e+00 5.840647e-01 1.513795e-01 -2.388972e-02 -3.410177e-01 3.711492e+00 -1.090265e-01 -4.760591e-02 -5.500844e-01 -1.473993e+00 1.804399e+00 -5.188564e-01 1.027543e+00 1.340999e-01 -6.667387e-02 3.268614e-01 5.084049e-01 1.726787e-01 3.012287e-01 4.272055e-01 2.814174e-01 -2.078592e-01 -7.156048e-01 -7.237594e-01 -6.004398e-01 -7.123060e-02 2.730949e-01 5.505549e-03
<VARIANCE> 39
 2.219659e+00 4.838134e+00 5.167927e+00 2.399499e+01 3.919056e+00 1.684742e+01 9.383313e+00 2.469559e+00 1.840684e+01 7.154044e+00 1.443521e+01 1.299593e+00 1.000000e-02 2.845444e-01 3.924847e-01 8.154143e-01 1.945443e+00 2.059209e+00 1.308842e+00 3.150574e+00 1.994922e+00 1.164017e+00 1.693414e+00 1.815594e-01 2.262690e+00 1.000000e-02 1.422614e-02 3.858222e-02 6.646188e-02 6.181986e-01 1.530594e-01 3.885265e-01 1.787263e-01 8.747267e-02 4.961779e-01 2.592118e-01 9.463414e-02 1.480668e-02 1.000000e-02
<GCONST> 5.478727e+01
<STATE> 7
<NUMMIXES> 4
<MIXTURE> 1 1.666667e-01
<MEAN> 39
 3.124997e+00 -1.631525e+01 -1.069914e+01 -3.070888e+00 6.784538e+00 -3.121216e-01 -1.816196e+00 -4.771119e+00 1.054231e-01 -3.505859e+00 9.976627e-01 -3.098052e+00 2.896442e-01 -1.785477e-01 5.156618e-01 1.293511e+00 8.014408e-02 1.000333e-01 2.372280e-01 -7.679502e-01 -7.744087e-01 -1.422673e-01 -3.937437e-01 1.912345e-01 -4.378358e-01 -1.174656e-02 -2.638845e-01 -4.266345e-01 -6.425790e-01 -3.752149e-01 -2.665429e-01 -1.887833e-01 1.159613e-01 1.107157e-01 8.409926e-02 1.556620e-01 -2.548767e-01 -1.364386e-02 -6.942344e-03
<VARIANCE> 39
 1.037595e+00 1.332527e+00 6.233690e+00 5.187337e+00 2.016601e+00 1.428953e+01 7.538862e+00 6.934572e+00 3.762712e+00 3.069576e+00 5.254730e+00 9.624931e+00 1.000000e-02 1.976558e-01 9.148386e-01 1.741947e+00 1.072575e+00 3.613450e-01 1.677116e+00 8.204965e-01 4.737705e-01 3.819660e-01 1.698835e-01 9.658523e-01 3.791279e-01 1.000000e-02 1.494979e-02 7.428171e-02 3.388700e-01 2.634743e-01 2.844693e-02 2.738860e-01 3.616903e-01 3.589056e-01 6.126492e-02 3.924072e-02 8.009023e-02 7.485220e-02 1.000000e-02
<GCONST> 4.181623e+01
<MIXTURE> 2 6.666667e-01
<MEAN> 39
 1.742034e+00 -2.103424e+01 -1.938021e+01 -6.682820e+00 4.720547e+00 -5.555310e-01 1.578776e+00 -2.883725e+00 2.985541e+00 -2.005121e+00 -2.052694e+00 -4.161950e+00 3.158624e-01 -3.274915e-01 2.742662e-01 3.198278e-01 3.143085e-01 2.831521e-01 2.912579e-01 2.750705e-01 2.569414e-01 -6.739224e-02 -1.477421e-01 6.881144e-02 1.267285e-01 -1.722219e-02 6.988189e-02 1.261828e-01 3.030974e-01 1.734279e-01 7.496013e-02 -2.518729e-02 -2.158996e-01 -1.255224e-01 -1.573577e-01 -1.684465e-01 -5.798157e-02 -3.235067e-02 2.076270e-03
<VARIANCE> 39
 2.567153e+00 5.169547e+00 4.338118e+00 8.418354e+00 4.779424e+00 9.777278e+00 8.732574e+00 1.309558e+01 7.349585e+00 6.327715e+00 6.312948e+00 4.955125e+00 1.000000e-02 1.423507e-01 6.390592e-01 1.204621e+00 3.992876e-01 4.780819e-01 6.381491e-01 8.317292e-01 1.306707e+00 1.062399e+00 8.284018e-01 6.677792e-01 4.882367e-01 1.000000e-02 1.608299e-02 8.581556e-02 1.223203e-01 7.884178e-02 8.209364e-02 1.662875e-01 1.828379e-01 2.744177e-01 1.868303e-01 1.218473e-01 1.845419e-01 8.848359e-02 1.000000e-02
<GCONST> 4.801942e+01
<MIXTURE> 3 1.111111e-01
<MEAN> 39
 2.525465e+00 -2.044089e+01 -1.238959e+01 -2.423374e+00 5.483423e+00 -5.399720e+00 -2.493754e+00 -4.453471e+00 -3.524042e+00 -2.780394e+00 -3.012522e+00 -4.330823e+00 3.504606e-01 -4.852740e-01 7.906111e-03 -1.023351e+00 -9.003413e-01 -3.402692e-01 -2.481195e-01 7.474107e-01 8.318474e-01 1.601544e+00 1.286053e+00 -6.492522e-01 8.686404e-02 -2.458103e-02 -2.948341e-02 1.221213e-01 -4.066290e-01 -8.379817e-02 1.566818e-01 6.898102e-01 2.635319e-01 8.466493e-02 8.146943e-01 4.903012e-02 2.460121e-01 3.644671e-02 -1.032069e-03
<VARIANCE> 39
 1.903359e+00 2.258198e+00 2.495380e+00 1.279689e+01 2.793429e+00 7.091146e+00 5.689112e+00 6.632500e+00 9.327615e+00 1.050420e+01 2.093938e+00 8.761073e+00 1.000000e-02 1.277406e-01 2.952261e-01 1.330438e+00 1.297607e+00 3.104314e-01 1.895875e+00 1.202727e+00 1.184579e+00 2.589824e+00 4.835626e-01 1.324508e-01 2.207953e-01 1.000000e-02 1.350886e-02 8.434024e-02 7.117070e-02 2.418506e-01 1.918350e-02 1.499453e-01 1.498408e-01 2.076300e-01 4.529298e-01 4.714747e-01 1.679475e-02 6.663629e-02 1.000000e-02
<GCONST> 4.217949e+01
<MIXTURE> 4 5.555556e-02
<MEAN> 39
 -4.484296e-03 -2.245378e+01 -1.610355e+01 -1.079838e+00 8.633011e+00 -4.460741e-01 9.047902e-01 -5.848015e+00 -3.817419e+00 -7.331183e+00 -5.646924e+00 -3.598290e+00 3.224045e-01 1.202986e-01 6.254264e-01 3.945940e-01 -8.888470e-02 1.846440e-01 -1.654566e-01 -1.028020e+00 -6.350963e-01 -1.273686e+00 2.796944e-01 4.243027e-01 -2.679137e-01 -1.439416e-02 -6.850611e-02 2.051107e-01 -2.214645e-01 -4.468631e-01 -5.457205e-01 3.815683e-02 -3.329973e-02 1.603491e-01 5.962176e-01 7.615451e-01 6.816875e-01 2.942763e-03 -6.365051e-03
<VARIANCE> 39
 7.100055e-01 2.168720e+00 1.961047e+00 7.857836e-01 3.022928e+00 4.254117e+00 2.179849e-01 1.100262e+00 1.040102e+01 8.262346e-02 2.973790e+00 2.276496e+00 1.000000e-02 1.000000e-02 1.178216e-01 5.263448e-01 1.284271e-02 5.275192e-01 4.652386e-02 5.867767e-01 1.548032e+00 3.253224e-01 4.479424e-01 9.831179e-01 3.690122e-02 1.000000e-02 3.011149e-02 4.711945e-02 1.000000e-02 1.000000e-02 1.000000e-02 8.529209e-02 1.586580e-01 1.560884e-01 8.391591e-02 1.000000e-02 1.000000e-02 1.000000e-02 1.000000e-02
<GCONST> -2.000477e+00
<STATE> 8
<NUMMIXES> 4
<MIXTURE> 1 2.400000e-01
<MEAN> 39
 -4.638510e+00 -1.052293e+01 -4.329978e+00 -3.032005e+00 4.996065e+00 -1.179806e+00 8.295984e-01 -4.455037e+00 2.336198e-01 -3.987721e+00 -1.251207e+00 -9.231612e-01 -1.370322e-02 -2.546356e-01 6.223988e-01 8.909979e-01 -2.770190e-01 -3.278382e-01 -4.816525e-01 1.465469e-01 4.269219e-01 3.090596e-01 9.243645e-02 3.455876e-01 3.391561e-01 -1.246605e-02 2.895101e-02 -3.830889e-01 -6.407987e-01 -1.772674e-01 -3.653061e-02 5.924608e-02 1.072289e-01 1.592569e-01 5.246313e-02 1.101051e-01 3.049666e-01 -5.732931e-02 5.467809e-03
<VARIANCE> 39
 2.193177e+00 3.707931e+00 3.586725e+00 3.962445e+00 6.887541e+00 4.735479e+00 4.868889e+00 1.138638e+01 6.595209e+00 8.194776e+00 8.866012e+00 1.548603e+00 1.000000e-02 3.076878e-01 9.889908e-01 1.494488e+00 8.110694e-01 3.726470e-01 1.096191e+00 4.506395e-01 2.769866e-01 2.245355e+00 7.390180e-01 6.209697e-01 1.298496e+00 1.000000e-02 6.781519e-02 1.005097e-01 1.161308e-01 1.379042e-01 1.049045e-01 1.356974e-01 1.240814e-01 3.105209e-01 3.362348e-01 1.149873e-01 1.215344e-01 9.141693e-02 1.000000e-02
<GCONST> 4.865495e+01
<MIXTURE> 2 5.200000e-01
<MEAN> 39
 -1.447821e+00 -1.728913e+01 -1.371041e+01 -4.570455e+00 5.289316e+00 -1.054910e+00 3.647161e-01 -4.162940e+00 1.530523e-01 -3.588632e+00 -1.936653e+00 -4.122608e+00 1.398301e-01 -8.637208e-01 6.693244e-01 8.108708e-01 2.408724e-01 -1.727057e-01 5.060793e-02 2.278861e-01 -3.509463e-02 -1.784217e-01 1.637602e-01 1.637720e-01 1.239686e-01 -3.771489e-02 -7.387813e-02 1.603773e-01 1.912326e-01 -2.880071e-02 1.301876e-02 1.135799e-01 1.750977e-01 9.815061e-02 4.901221e-02 1.204648e-02 9.246304e-02 1.771296e-01 -2.497003e-03
<VARIANCE> 39
 3.548545e+00 6.152636e+00 6.405215e+00 6.499321e+00 6.536132e+00 8.582567e+00 1.210468e+01 6.481524e+00 9.066082e+00 8.395724e+00 9.151068e+00 6.636942e+00 1.000000e-02 1.704050e-01 5.174990e-01 5.924875e-01 6.096522e-01 7.539260e-01 7.837042e-01 1.584393e+00 1.252334e+00 1.100727e+00 7.824790e-01 7.758273e-01 6.163641e-01 1.000000e-02 4.870365e-02 7.639629e-02 1.149726e-01 1.312355e-01 1.431668e-01 1.095099e-01 2.741860e-01 2.196339e-01 2.515849e-01 1.056499e-01 1.421215e-01 7.042290e-02 1.000000e-02
<GCONST> 5.234291e+01
<MIXTURE> 3 1.200000e-01
<MEAN> 39
 -5.607196e+00 -1.286974e+01 -8.933446e+00 -4.693240e+00 4.253568e+00 8.885141e-01 2.503401e+00 1.368493e-01 4.096325e+00 -3.701242e-02 4.738308e+00 1.433994e-01 -2.861381e-02 -4.345275e-01 9.868078e-01 1.304495e+00 7.254860e-02 1.045475e-01 -6.480758e-02 5.096640e-01 8.492037e-01 -3.319758e-01 1.574377e-02 7.925608e-01 3.787563e-01 -2.295233e-02 2.682053e-01 -9.320514e-02 3.341988e-02 9.135235e-02 -2.333105e-03 -2.288093e-01 -2.683989e-01 -3.833394e-01 -5.058726e-01 -1.584005e-01 -4.131618e-01 -2.722735e-01 5.044207e-03
<VARIANCE> 39
 6.434889e-01 1.001574e+00 7.274224e+00 3.966251e+00 1.413883e+01 1.965529e+00 5.870187e+00 1.127597e+01 1.961799e+01 1.228863e+01 1.669064e+00 2.748145e+01 1.000000e-02 2.925900e-01 1.739410e-01 1.141160e+00 3.739444e-01 6.952131e-01 2.312491e-01 7.451186e-01 3.012955e+00 3.299848e+00 1.551627e+00 3.049389e+00 2.011745e+00 1.000000e-02 2.557622e-02 5.612101e-02 9.321335e-02 3.541769e-02 1.603002e-01 1.779945e-01 1.482366e-01 1.842595e-01 4.340328e-01 4.522117e-01 2.670849e-01 4.017450e-01 1.000000e-02
<GCONST> 5.293396e+01
<MIXTURE> 4 1.200000e-01
<MEAN> 39
 -5.839065e+00 -1.550636e+01 -1.112007e+01 -4.350139e+00 5.307956e+00 1.401634e+00 7.471680e-01 -4.366536e+00 3.234472e+00 7.292446e-01 2.570843e+00 -1.126273e+00 -3.055076e-02 -2.706682e-01 1.012187e+00 1.362332e+00 4.196723e-01 1.769920e-01 -3.931808e-01 1.322371e-01 4.229132e-01 -1.564804e-01 -3.536818e-01 3.272957e-01 4.946440e-01 -2.213970e-02 2.469145e-01 1.548003e-01 2.776452e-01 -7.399322e-02 -1.182653e-01 -1.365728e-01 -4.664839e-02 -3.322953e-02 -3.430683e-01 -3.018285e-01 -3.098601e-01 -3.445920e-01 6.713793e-03
<VARIANCE> 39
 1.247637e+00 2.897596e+00 8.900258e+00 6.438996e+00 1.001975e+01 1.825611e+01 6.886766e+00 1.504532e+00 1.664900e+01 9.098358e+00 1.181353e+01 1.674116e+01 1.000000e-02 4.320340e-01 1.042660e+00 2.381318e+00 6.833723e-01 7.619855e-01 1.069543e+00 5.875694e-01 1.287860e+00 2.256340e+00 1.690691e+00 1.867976e+00 1.457160e+00 1.000000e-02 5.386099e-02 3.957595e-02 1.961067e-01 1.020779e-01 1.061241e-01 3.779660e-01 2.258974e-01 1.844300e-01 6.703297e-01 4.804695e-01 3.751717e-01 3.925688e-01 1.000000e-02
<GCONST> 6.309165e+01
<TRANSP> 9
 0.000000e+00 1.000000e+00 0.000000e+00 0.000000e+00 0.000000e+00 0.000000e+00 0.000000e+00 0.000000e+00 0.000000e+00
 0.000000e+00 9.019608e-01 9.803922e-02 0.000000e+00 0.000000e+00 0.000000e+00 0.000000e+00 0.000000e+00 0.000000e+00
 0.000000e+00 0.000000e+00 8.913044e-01 1.086957e-01 0.000000e+00 0.000000e+00 0.000000e+00 0.000000e+00 0.000000e+00
 0.000000e+00 0.000000e+00 0.000000e+00 9.074074e-01 9.259259e-02 0.000000e+00 0.000000e+00 0.000000e+00 0.000000e+00
 0.000000e+00 0.000000e+00 0.000000e+00 0.000000e+00 8.979592e-01 1.020408e-01 0.000000e+00 0.000000e+00 0.000000e+00
 0.000000e+00 0.000000e+00 0.000000e+00 0.000000e+00 0.000000e+00 8.837209e-01 1.162791e-01 0.000000e+00 0.000000e+00
 0.000000e+00 0.000000e+00 0.000000e+00 0.000000e+00 0.000000e+00 0.000000e+00 9.074074e-01 9.259259e-02 0.000000e+00
 0.000000e+00 0.000000e+00 0.000000e+00 0.000000e+00 0.000000e+00 0.000000e+00 0.000000e+00 9.000000e-01 9.999999e-02
 0.000000e+00 0.000000e+00 0.000000e+00 0.000000e+00 0.000000e+00 0.000000e+00 0.000000e+00 0.000000e+00 0.000000e+00
<ENDHMM>
