~o
<STREAMINFO> 1 39
<VECSIZE> 39<NULLD><MFCC_E_D_A><DIAGC>
~h "Sil"
<BEGINHMM>
<NUMSTATES> 40
<STATE> 2
<MEAN> 39
 -6.251273e+00 -1.046537e+01 -2.930456e+00 -2.266049e+00 1.209183e+00 -3.651912e+00 2.142508e+00 -1.415144e+00 1.010036e+00 -2.563565e+00 2.002800e+00 -1.537585e+00 -3.258359e-02 -7.234938e-02 1.387646e-01 9.201980e-02 4.493694e-02 2.982321e-02 -4.944168e-02 -3.999678e-02 3.554275e-02 5.411446e-03 -2.367953e-02 6.551029e-02 6.530283e-02 -3.408268e-03 1.524951e-01 6.739713e-02 8.331704e-02 4.144541e-02 1.819356e-02 -5.471157e-02 -5.642466e-02 -6.558149e-02 -3.570030e-02 -1.476151e-02 -1.617732e-02 -3.669525e-02 6.092129e-03
<VARIANCE> 39
 2.522935e+00 5.841872e+00 8.565653e+00 6.685342e+00 1.090499e+01 1.093615e+01 1.058626e+01 1.151787e+01 1.358859e+01 1.254041e+01 1.036894e+01 1.089753e+01 1.000000e-02 3.152836e-01 4.510660e-01 5.955074e-01 7.069643e-01 8.387821e-01 1.076914e+00 1.062153e+00 1.196770e+00 1.389108e+00 1.232317e+00 1.141208e+00 1.113545e+00 1.000000e-02 4.703590e-02 8.128668e-02 9.829993e-02 1.256497e-01 1.405179e-01 1.975923e-01 1.618786e-01 1.910117e-01 2.248570e-01 2.051924e-01 1.897457e-01 2.033684e-01 1.000000e-02
<GCONST> 5.879819e+01
<STATE> 3
<MEAN> 39
 -5.259053e+00 -9.053003e+00 -1.529880e+00 -2.022600e+00 1.365912e+00 -4.386051e+00 1.406035e+00 -2.058223e+00 5.448880e-01 -3.318990e+00 1.674918e+00 -1.468081e+00 -5.449144e-03 3.423061e-01 5.047886e-01 5.643345e-01 2.159411e-01 1.703646e-01 -8.624042e-03 -1.932023e-01 -3.229774e-01 -1.299507e-01 2.304332e-02 5.159264e-02 -1.748610e-01 1.265243e-02 -5.119048e-02 -1.307820e-01 -1.171056e-01 -4.499070e-02 -6.106644e-02 5.090883e-02 7.069460e-02 2.988874e-02 3.635257e-02 8.310898e-02 3.745455e-02 -2.238706e-02 -1.185456e-03
<VARIANCE> 39
 2.352355e+00 3.786848e+00 5.852378e+00 5.926219e+00 7.925465e+00 9.652014e+00 1.085200e+01 1.149037e+01 1.508780e+01 1.401887e+01 1.154975e+01 9.310842e+00 1.000000e-02 3.452752e-01 4.778771e-01 6.618432e-01 5.752421e-01 8.629769e-01 1.032840e+00 1.076081e+00 1.183200e+00 1.206775e+00 1.261356e+00 1.187038e+00 9.641950e-01 1.000000e-02 3.615033e-02 6.216894e-02 8.089223e-02 1.181709e-01 1.306234e-01 2.078619e-01 1.802878e-01 2.325980e-01 2.999704e-01 2.744381e-01 2.590771e-01 2.057968e-01 1.000000e-02
<GCONST> 5.774944e+01
<STATE> 4
<MEAN> 39
 -4.428391e+00 -7.954307e+00 -2.690484e-01 -1.535748e+00 1.510692e+00 -4.255876e+00 1.231257e+00 -2.630360e+00 7.699755e-01 -2.334478e+00 2.475123e+00 -2.195420e+00 4.696000e-02 -9.557949e-02 -1.109263e-01 -2.186760e-02 1.291203e-02 -1.624576e-02 2.848322e-02 -7.748219e-03 2.000401e-02 -4.689990e-02 8.409467e-02 -2.325423e-02 -8.041777e-02 -4.314627e-03 -1.850334e-01 -2.067377e-01 -2.189567e-01 -8.698621e-02 -7.423399e-02 1.542841e-02 6.022632e-02 1.023316e-01 6.683466e-03 -4.150615e-02 -5.616222e-02 5.290344e-02 -7.517776e-03
<VARIANCE> 39
 2.179069e+00 3.520216e+00 5.633929e+00 4.961769e+00 7.325188e+00 7.494997e+00 8.100051e+00 1.047352e+01 1.141939e+01 1.033102e+01 9.298725e+00 9.887023e+00 1.000000e-02 1.985487e-01 3.116967e-01 4.540015e-01 5.433038e-01 6.283696e-01 8.004601e-01 8.204435e-01 9.896328e-01 1.129016e+00 1.057667e+00 1.057319e+00 9.720977e-01 1.000000e-02 4.149394e-02 6.629258e-02 9.484843e-02 1.107142e-01 1.463049e-01 1.588171e-01 1.843981e-01 2.373258e-01 2.148160e-01 2.206284e-01 2.252492e-01 2.073591e-01 1.000000e-02
<GCONST> 5.263833e+01
<STATE> 5
<MEAN> 39
 -5.947120e+00 -9.702505e+00 -2.060731e+00 -2.003557e+00 1.215336e+00 -4.151125e+00 1.344600e+00 -2.055986e+00 2.140362e-01 -3.126792e+00 1.732022e+00 -1.935331e+00 -3.850086e-02 -4.587360e-01 -3.754534e-01 -4.190671e-01 -1.438188e-01 -1.793424e-01 7.119463e-02 2.259868e-01 3.233295e-01 1.715520e-01 1.236213e-02 -2.339263e-02 9.064976e-02 -1.796221e-02 7.931699e-03 6.598879e-02 3.787733e-02 1.336534e-02 8.209631e-03 -1.005949e-02 4.168101e-02 3.421539e-02 6.509028e-02 4.817937e-02 7.489102e-02 5.114143e-02 1.740449e-03
<VARIANCE> 39
 1.795761e+00 2.726779e+00 4.708882e+00 5.487345e+00 7.610322e+00 9.392170e+00 9.543875e+00 1.006870e+01 1.143192e+01 1.067676e+01 9.771095e+00 9.288563e+00 1.000000e-02 1.915397e-01 2.700656e-01 4.490561e-01 5.360531e-01 7.244413e-01 8.904219e-01 9.592853e-01 1.201140e+00 1.174780e+00 1.165338e+00 1.057700e+00 1.029251e+00 1.000000e-02 2.854163e-02 4.314654e-02 7.637025e-02 1.159739e-01 1.446096e-01 1.932863e-01 2.124132e-01 2.019419e-01 2.213632e-01 2.448894e-01 2.074573e-01 2.015779e-01 1.000000e-02
<GCONST> 5.232428e+01
<STATE> 6
<MEAN> 39
 -7.273282e+00 -1.067365e+01 -3.076806e+00 -2.185866e+00 9.503362e-01 -3.511820e+00 2.521586e+00 -7.402880e-01 1.558431e+00 -2.225519e+00 2.024017e+00 -1.301734e+00 -7.821854e-02 -1.460844e-01 6.745102e-02 2.414335e-02 3.110591e-02 -7.339706e-02 -1.295965e-01 -4.670119e-02 -1.221671e-02 -6.226376e-03 9.310201e-02 1.210094e-01 1.153385e-01 -3.756759e-03 2.470130e-01 2.441788e-01 2.514347e-01 5.875728e-02 7.345923e-02 -8.647739e-02 -1.531139e-01 -1.810451e-01 -1.052377e-01 -7.251283e-02 -5.591139e-03 -6.365483e-02 9.063249e-03
<VARIANCE> 39
 1.841599e+00 3.767052e+00 5.577013e+00 6.081142e+00 8.876088e+00 1.025099e+01 1.019922e+01 1.293859e+01 1.374610e+01 1.146609e+01 9.442096e+00 1.077465e+01 1.000000e-02 2.190375e-01 2.260139e-01 3.870755e-01 5.484433e-01 7.199438e-01 9.020822e-01 1.079217e+00 1.067893e+00 1.230927e+00 1.207345e+00 1.037943e+00 1.049871e+00 1.000000e-02 4.531140e-02 5.841220e-02 9.583448e-02 1.181601e-01 1.615919e-01 1.947331e-01 2.110139e-01 2.601572e-01 2.933110e-01 2.481349e-01 2.156467e-01 2.170296e-01 1.000000e-02
<GCONST> 5.557664e+01
<STATE> 7
<MEAN> 39
 -6.715208e+00 -9.654673e+00 -2.185123e+00 -2.097988e+00 5.188197e-01 -4.844828e+00 1.495808e+00 -1.671641e+00 8.273864e-01 -2.431054e+00 2.304980e+00 -1.249655e+00 -5.951577e-02 4.751481e-01 6.196585e-01 6.044176e-01 1.406665e-01 2.178397e-01 -1.116790e-01 -2.608090e-01 -3.283187e-01 -2.035233e-01 -2.495051e-01 1.680278e-02 -1.073243e-01 1.843671e-02 1.527117e-01 9.472552e-02 1.046059e-01 6.149482e-02 1.328789e-01 1.286922e-01 5.871911e-02 2.197384e-02 3.900746e-02 -4.097717e-02 -3.017236e-02 -7.495660e-02 6.606727e-03
<VARIANCE> 39
 2.202511e+00 2.963596e+00 4.307179e+00 5.163965e+00 7.716684e+00 8.833740e+00 8.149120e+00 1.019492e+01 1.189597e+01 1.169547e+01 1.190428e+01 1.014080e+01 1.000000e-02 2.717640e-01 2.465731e-01 4.934586e-01 5.392123e-01 8.020863e-01 9.459356e-01 1.059361e+00 1.180585e+00 1.210105e+00 1.204630e+00 1.102001e+00 1.083349e+00 1.000000e-02 3.472454e-02 3.499782e-02 7.217556e-02 9.758598e-02 1.451735e-01 1.622798e-01 1.806775e-01 2.097862e-01 2.193139e-01 2.353380e-01 2.390493e-01 2.144707e-01 1.000000e-02
<GCONST> 5.306099e+01
<STATE> 8
<MEAN> 39
 -5.019785e+00 -7.984226e+00 -4.199858e-01 -1.801724e+00 1.460776e+00 -4.676020e+00 6.263809e-01 -2.875198e+00 4.573356e-01 -2.791650e+00 2.358816e+00 -1.803194e+00 9.022944e-03 4.170445e-01 4.447794e-01 4.945010e-01 2.419062e-01 3.696748e-01 2.823033e-01 1.464909e-01 9.472325e-03 6.317138e-03 -1.796444e-01 -6.180986e-02 -1.394154e-01 1.963734e-02 -1.104469e-01 -1.695361e-01 -1.493118e-01 1.363478e-02 -8.651011e-03 9.163440e-02 1.272671e-01 1.512623e-01 5.156482e-02 1.244847e-02 -4.720393e-02 -2.176860e-03 -4.216376e-03
<VARIANCE> 39
 2.050734e+00 2.748823e+00 4.121267e+00 5.795687e+00 5.884969e+00 7.833044e+00 9.633093e+00 9.403538e+00 9.998460e+00 1.134978e+01 1.068881e+01 9.077826e+00 1.000000e-02 2.976815e-01 2.863699e-01 4.371524e-01 5.376189e-01 6.350220e-01 8.499123e-01 1.027363e+00 1.103304e+00 1.175372e+00 1.287670e+00 1.352206e+00 1.032367e+00 1.000000e-02 3.699610e-02 4.787493e-02 8.180749e-02 1.286823e-01 1.481223e-01 1.806211e-01 2.107890e-01 2.010632e-01 2.066776e-01 2.318866e-01 2.461241e-01 2.389110e-01 1.000000e-02
<GCONST> 5.321066e+01
<STATE> 9
<MEAN> 39
 -4.916456e+00 -7.730670e+00 -1.932137e-02 -9.466427e-01 2.566484e+00 -3.010087e+00 2.491069e+00 -1.635680e+00 7.128481e-01 -3.363097e+00 1.985360e+00 -2.053308e+00 2.820583e-02 7.325941e-02 -5.248344e-02 -4.562750e-02 5.624201e-02 7.677399e-02 1.280287e-01 1.297023e-01 2.173742e-01 1.026094e-01 5.898026e-02 1.079307e-02 -1.027674e-01 3.873520e-03 -1.676409e-01 -2.174357e-01 -2.399040e-01 -1.603262e-01 -2.462340e-01 -2.178424e-01 -1.824867e-01 -9.210372e-02 -3.962584e-02 7.717046e-02 1.611755e-02 5.474509e-02 -9.163051e-03
<VARIANCE> 39
 2.112099e+00 2.958534e+00 4.325282e+00 4.966062e+00 6.511964e+00 6.887318e+00 8.106767e+00 9.452426e+00 1.063900e+01 1.058288e+01 1.029343e+01 8.973920e+00 1.000000e-02 2.023320e-01 2.417989e-01 3.877625e-01 5.391006e-01 7.571448e-01 8.613671e-01 9.148186e-01 9.887363e-01 9.399651e-01 1.008052e+00 1.099477e+00 9.379898e-01 1.000000e-02 5.228397e-02 5.890670e-02 8.517681e-02 1.052854e-01 1.381995e-01 1.563044e-01 1.943746e-01 2.141386e-01 2.207373e-01 2.527366e-01 2.581673e-01 1.993493e-01 1.000000e-02
<GCONST> 5.165536e+01
<STATE> 10
<MEAN> 39
 -5.476197e+00 -8.760919e+00 -1.136737e+00 -1.595703e+00 1.766286e+00 -3.575801e+00 2.464599e+00 -6.061394e-01 1.780829e+00 -2.310696e+00 2.450640e+00 -1.860162e+00 3.356651e-03 -1.589228e-01 -2.771706e-01 -3.150752e-01 -2.625106e-01 -3.605717e-01 -3.516008e-01 -2.936960e-01 -2.147860e-01 -1.431179e-01 -1.466819e-02 -2.797969e-02 5.584208e-02 -1.028145e-02 -1.046372e-01 -5.794309e-02 -5.867644e-02 -3.373605e-02 -1.004402e-01 -9.626591e-02 -1.099399e-01 -1.583219e-01 -1.392932e-01 -4.788387e-02 -6.761425e-02 7.693351e-03 -5.934324e-03
<VARIANCE> 39
 2.880754e+00 3.621666e+00 5.043389e+00 4.563074e+00 5.278183e+00 8.287302e+00 8.429942e+00 1.027112e+01 1.182207e+01 1.200899e+01 1.185528e+01 1.023413e+01 1.000000e-02 2.086028e-01 2.676976e-01 4.288240e-01 5.872012e-01 7.272669e-01 8.134195e-01 9.057420e-01 9.954684e-01 9.908465e-01 1.173943e+00 1.027563e+00 1.048835e+00 1.000000e-02 6.141160e-02 6.324872e-02 8.993167e-02 9.797398e-02 1.104095e-01 1.530631e-01 1.762094e-01 2.202972e-01 2.248323e-01 2.466594e-01 2.430835e-01 1.946246e-01 1.000000e-02
<GCONST> 5.311445e+01
<STATE> 11
<MEAN> 39
 -5.335666e+00 -8.791348e+00 -1.302230e+00 -2.208977e+00 8.062956e-01 -5.083304e+00 4.481877e-01 -2.818125e+00 2.267520e-01 -2.747481e+00 2.200524e+00 -1.772891e+00 -5.801315e-03 -1.542674e-01 -8.860014e-02 -7.418043e-02 -2.030549e-02 -2.020520e-01 -2.240959e-01 -3.227332e-01 -4.101562e-01 -4.367880e-01 -1.811152e-01 -1.849919e-01 -8.839774e-02 -1.229542e-02 -1.003516e-01 -5.458414e-04 1.189557e-02 9.341840e-02 8.008410e-02 1.335579e-01 1.914287e-01 1.626309e-01 7.897043e-02 2.499436e-02 -1.026799e-03 -3.638427e-03 -2.436252e-03
<VARIANCE> 39
 2.432760e+00 3.205960e+00 5.362351e+00 5.545716e+00 6.481740e+00 7.736966e+00 7.930406e+00 7.684461e+00 9.895733e+00 1.008411e+01 8.323604e+00 7.658828e+00 1.000000e-02 2.603612e-01 3.485844e-01 4.438059e-01 5.313038e-01 6.113741e-01 7.631881e-01 8.569958e-01 9.479622e-01 1.071956e+00 1.035731e+00 1.019064e+00 9.401761e-01 1.000000e-02 4.477687e-02 5.347222e-02 9.093052e-02 1.208017e-01 1.473902e-01 1.505531e-01 1.574433e-01 1.709144e-01 1.884868e-01 2.344615e-01 1.931467e-01 1.817218e-01 1.000000e-02
<GCONST> 5.090036e+01
<STATE> 12
<MEAN> 39
 -5.597016e+00 -8.542646e+00 -9.205468e-01 -1.735931e+00 9.731491e-01 -4.745151e+00 5.292300e-01 -3.270573e+00 -5.035366e-01 -3.697629e+00 1.611118e+00 -2.308749e+00 -2.344360e-02 -3.781966e-01 -1.940101e-01 -1.860648e-01 9.903505e-02 -3.472671e-02 1.136262e-01 2.978694e-01 2.731209e-01 1.297613e-01 6.017534e-02 -1.176430e-01 -3.791542e-02 -1.567222e-02 -6.286114e-02 -2.296219e-02 -3.178278e-02 1.030872e-02 7.140561e-02 1.285529e-01 2.173102e-01 2.747924e-01 2.787984e-01 1.878529e-01 1.475088e-01 1.114000e-01 8.090461e-04
<VARIANCE> 39
 2.818185e+00 4.298357e+00 5.607275e+00 4.879595e+00 7.589239e+00 8.676688e+00 8.139537e+00 1.042424e+01 1.253238e+01 8.602494e+00 9.946256e+00 1.078876e+01 1.000000e-02 2.558750e-01 3.040448e-01 4.685814e-01 5.773241e-01 7.078056e-01 7.158750e-01 9.166393e-01 8.777830e-01 9.616649e-01 1.196364e+00 1.038613e+00 9.095940e-01 1.000000e-02 5.062448e-02 7.649377e-02 9.382468e-02 1.202296e-01 1.446204e-01 1.739701e-01 1.935792e-01 2.120226e-01 2.511136e-01 1.844025e-01 1.898362e-01 2.532618e-01 1.000000e-02
<GCONST> 5.395287e+01
<STATE> 13
<MEAN> 39
 -6.415290e+00 -9.276773e+00 -1.630223e+00 -1.501360e+00 1.225479e+00 -4.348001e+00 1.384614e+00 -2.006109e+00 3.042702e-02 -3.474505e+00 1.185754e+00 -2.339711e+00 -5.594485e-02 -4.645974e-01 -2.648022e-01 -2.905616e-01 2.202065e-02 2.226619e-02 3.119146e-01 5.485348e-01 6.845722e-01 6.022496e-01 4.799449e-01 3.135198e-01 2.495406e-01 -1.143928e-02 9.824289e-02 9.456331e-02 7.465238e-02 -4.489569e-02 1.501544e-02 -3.059282e-03 2.094317e-02 2.901843e-02 1.034309e-01 1.262353e-01 1.624770e-01 7.835907e-02 5.801064e-03
<VARIANCE> 39
 2.272668e+00 3.077709e+00 4.271622e+00 5.327794e+00 7.119262e+00 9.140595e+00 9.128931e+00 9.467885e+00 1.044867e+01 9.935982e+00 9.387319e+00 1.010886e+01 1.000000e-02 2.654877e-01 2.967270e-01 4.537708e-01 5.469765e-01 7.642204e-01 8.430828e-01 9.464472e-01 1.013549e+00 1.174270e+00 9.901360e-01 9.750134e-01 9.939335e-01 1.000000e-02 4.234548e-02 5.615236e-02 7.775448e-02 1.084547e-01 1.419287e-01 1.665674e-01 1.814383e-01 1.945585e-01 2.140095e-01 2.140586e-01 1.996340e-01 2.083995e-01 1.000000e-02
<GCONST> 5.229692e+01
<STATE> 14
<MEAN> 39
 -7.321720e+00 -9.732281e+00 -2.242680e+00 -1.690299e+00 9.885799e-01 -3.433645e+00 3.427940e+00 1.155169e-01 2.159909e+00 -1.462026e+00 2.592355e+00 -1.451176e+00 -7.364987e-02 -1.362580e-01 -3.621155e-02 -4.006000e-02 -4.797966e-02 -1.252818e-02 -8.830459e-04 1.738107e-01 2.269742e-01 2.690217e-01 2.883842e-01 2.518701e-01 1.960457e-01 -8.446513e-04 2.285641e-01 1.601383e-01 1.612733e-01 -7.045464e-03 2.119250e-02 -1.773019e-01 -3.184551e-01 -3.335925e-01 -2.612909e-01 -2.147390e-01 -7.785421e-02 -7.711572e-02 6.719731e-03
<VARIANCE> 39
 2.108519e+00 3.176562e+00 4.760344e+00 4.952060e+00 8.669551e+00 8.926257e+00 9.120953e+00 1.144726e+01 1.074867e+01 1.022106e+01 9.241115e+00 9.355477e+00 1.000000e-02 2.266387e-01 2.647819e-01 3.880268e-01 5.719099e-01 7.568762e-01 9.175482e-01 9.736968e-01 1.219303e+00 1.172086e+00 1.022538e+00 1.076033e+00 1.094607e+00 1.000000e-02 5.018071e-02 6.078766e-02 9.739120e-02 1.008657e-01 1.658907e-01 1.608797e-01 1.905587e-01 2.480076e-01 2.460884e-01 2.424882e-01 2.227878e-01 2.008021e-01 1.000000e-02
<GCONST> 5.389572e+01
<STATE> 15
<MEAN> 39
 -7.223353e+00 -9.794827e+00 -2.123566e+00 -1.975060e+00 8.531370e-01 -4.240416e+00 2.252136e+00 -1.023070e+00 1.645344e+00 -1.558348e+00 3.103716e+00 -9.148560e-01 -6.245562e-02 3.959281e-01 4.295436e-01 3.996505e-01 -3.220928e-02 5.429070e-03 -3.804715e-01 -6.377058e-01 -5.799740e-01 -3.556981e-01 -1.942994e-01 8.200479e-02 -4.144168e-02 1.232504e-02 2.201874e-01 1.660235e-01 1.604486e-01 4.730871e-02 6.204375e-02 -5.102857e-03 -1.211005e-01 -1.701825e-01 -1.699436e-01 -1.935245e-01 -1.466640e-01 -1.429511e-01 6.439840e-03
<VARIANCE> 39
 2.544927e+00 3.377243e+00 4.868475e+00 5.370687e+00 7.513593e+00 8.826493e+00 8.416713e+00 1.139139e+01 9.936721e+00 1.033205e+01 1.164999e+01 8.869660e+00 1.000000e-02 2.626665e-01 2.672546e-01 3.903627e-01 4.671239e-01 7.664614e-01 8.420393e-01 9.966425e-01 1.179568e+00 1.208038e+00 1.322161e+00 1.025353e+00 9.907936e-01 1.000000e-02 4.403347e-02 5.234465e-02 7.222033e-02 1.235600e-01 1.572068e-01 1.736563e-01 1.817279e-01 2.089147e-01 2.009497e-01 2.045267e-01 2.292012e-01 2.084489e-01 1.000000e-02
<GCONST> 5.325656e+01
<STATE> 16
<MEAN> 39
 -6.124106e+00 -8.536304e+00 -1.031370e+00 -1.881645e+00 9.746942e-01 -4.959877e+00 5.944827e-01 -2.628362e+00 4.304020e-01 -2.577796e+00 2.642197e+00 -1.564720e+00 -3.421737e-02 5.816724e-01 5.410293e-01 5.231797e-01 9.654433e-02 1.198695e-01 -2.101512e-01 -4.886955e-01 -6.129483e-01 -4.592101e-01 -4.300898e-01 -1.457516e-01 -1.738976e-01 1.908379e-02 1.091056e-02 -3.837744e-02 -2.209414e-02 4.529287e-02 5.136543e-02 1.521525e-01 1.973598e-01 1.806953e-01 4.699642e-02 -5.550549e-02 -1.031002e-01 -7.220497e-02 1.015560e-03
<VARIANCE> 39
 2.720856e+00 3.059024e+00 4.252347e+00 6.245784e+00 7.607266e+00 8.256384e+00 9.678120e+00 9.717299e+00 9.658725e+00 9.984913e+00 1.103751e+01 9.388579e+00 1.000000e-02 2.506209e-01 2.760965e-01 4.656257e-01 5.226065e-01 7.602321e-01 8.058269e-01 9.152834e-01 1.074270e+00 1.054568e+00 1.285795e+00 1.110780e+00 9.275828e-01 1.000000e-02 3.981924e-02 4.654180e-02 6.883522e-02 1.254404e-01 1.561905e-01 1.948959e-01 2.079857e-01 2.229603e-01 2.038033e-01 2.118222e-01 2.152407e-01 2.241151e-01 1.000000e-02
<GCONST> 5.311710e+01
<STATE> 17
<MEAN> 39
 -5.015402e+00 -7.537418e+00 -1.946469e-01 -1.730508e+00 1.251118e+00 -5.117451e+00 4.876132e-01 -2.913138e+00 2.172004e-01 -3.050971e+00 2.278712e+00 -1.950727e+00 5.167574e-03 3.619089e-01 2.330695e-01 2.370940e-01 1.657851e-01 2.084500e-01 1.398542e-01 1.236521e-01 8.875636e-03 -1.016318e-01 -2.638137e-01 -2.543139e-01 -3.117896e-01 1.429097e-02 -1.925722e-01 -2.241034e-01 -1.863885e-01 -1.498502e-02 5.935013e-03 1.629602e-01 2.281874e-01 2.507301e-01 1.326865e-01 9.651902e-02 -1.125686e-02 6.102827e-03 -6.210103e-03
<VARIANCE> 39
 2.099548e+00 2.479866e+00 4.149700e+00 4.434037e+00 7.300787e+00 6.380995e+00 8.251175e+00 9.709568e+00 1.127397e+01 1.228755e+01 9.460510e+00 8.796872e+00 1.000000e-02 2.216002e-01 2.462261e-01 3.879327e-01 5.504416e-01 7.858112e-01 8.375912e-01 1.013946e+00 9.610499e-01 9.202120e-01 1.063255e+00 1.060861e+00 1.051596e+00 1.000000e-02 4.269242e-02 5.368971e-02 8.543631e-02 1.059017e-01 1.489965e-01 1.519649e-01 1.774193e-01 2.174939e-01 2.422429e-01 2.941476e-01 2.295868e-01 2.037475e-01 1.000000e-02
<GCONST> 5.166233e+01
<STATE> 18
<MEAN> 39
 -4.995433e+00 -7.962676e+00 -1.123055e-01 -1.065773e+00 1.663863e+00 -4.299236e+00 1.222940e+00 -2.390882e+00 2.283599e-01 -3.151375e+00 1.993622e+00 -2.480340e+00 1.413425e-02 -1.727798e-01 -2.709010e-01 -2.230186e-01 -4.996598e-02 3.737387e-02 3.037369e-01 2.633670e-01 3.541913e-01 7.333794e-02 -5.397246e-02 -8.064736e-02 -8.115944e-03 -6.167708e-03 -1.624691e-01 -1.050729e-01 -1.340080e-01 -9.037114e-02 -8.626800e-02 -2.299849e-03 6.052807e-02 9.055784e-02 6.597407e-02 1.113713e-01 8.502501e-02 1.117884e-01 -5.889327e-03
<VARIANCE> 39
 2.213152e+00 2.899162e+00 4.576747e+00 5.039552e+00 6.097450e+00 7.330017e+00 8.693746e+00 8.880920e+00 8.463411e+00 9.171808e+00 8.374881e+00 9.038946e+00 1.000000e-02 2.219267e-01 2.685142e-01 4.132392e-01 5.398327e-01 6.863118e-01 8.199521e-01 9.828194e-01 9.355961e-01 1.067403e+00 1.092609e+00 1.028315e+00 1.001123e+00 1.000000e-02 4.233478e-02 5.619740e-02 8.750356e-02 1.064138e-01 1.288381e-01 1.594376e-01 2.042108e-01 1.889454e-01 1.909045e-01 2.302148e-01 1.999823e-01 2.059393e-01 1.000000e-02
<GCONST> 5.071524e+01
<STATE> 19
<MEAN> 39
 -6.477462e+00 -9.326541e+00 -1.910926e+00 -1.943174e+00 1.114328e+00 -3.766529e+00 2.524047e+00 -7.663721e-01 3.869913e-01 -3.285227e+00 1.712095e+00 -2.296838e+00 -4.840323e-02 -1.792470e-01 -8.189484e-02 -7.578361e-02 -4.410563e-02 -2.799649e-02 9.949544e-02 1.578518e-01 2.106999e-01 1.974614e-01 2.437863e-01 1.873401e-01 2.227290e-01 -4.738085e-03 6.635283e-02 1.046696e-01 1.146584e-01 3.040053e-02 -1.935600e-02 -1.044294e-01 -1.620249e-01 -1.821103e-01 1.694380e-02 9.117371e-02 9.705060e-02 3.205683e-02 2.278596e-03
<VARIANCE> 39
 2.046890e+00 2.597940e+00 3.840051e+00 5.580407e+00 7.859751e+00 9.486105e+00 8.960968e+00 9.846384e+00 1.056211e+01 9.489862e+00 8.443854e+00 8.788559e+00 1.000000e-02 2.361866e-01 2.766617e-01 4.429864e-01 5.462241e-01 6.420722e-01 9.321321e-01 8.641361e-01 1.115068e+00 1.032544e+00 1.138546e+00 1.056978e+00 1.021044e+00 1.000000e-02 5.239193e-02 5.921174e-02 8.216948e-02 1.087427e-01 1.550459e-01 2.005129e-01 1.884764e-01 1.931965e-01 2.168422e-01 2.060332e-01 1.980980e-01 2.044839e-01 1.000000e-02
<GCONST> 5.225227e+01
<STATE> 20
<MEAN> 39
 -6.291161e+00 -8.727671e+00 -9.436294e-01 -1.566305e+00 1.448886e+00 -3.670562e+00 2.200588e+00 -7.165900e-01 1.684726e+00 -1.659523e+00 3.316930e+00 -9.441891e-01 -3.022555e-02 1.513307e-01 2.271027e-01 1.897191e-01 -2.806154e-02 -8.746488e-02 -1.853993e-01 -2.950135e-01 -3.889330e-01 -3.086104e-02 9.079797e-02 4.007252e-02 -9.099305e-02 4.523181e-03 5.473407e-02 3.152162e-02 4.873823e-04 -1.662455e-02 -4.636671e-02 -1.349751e-01 -1.357884e-01 -1.959118e-01 -1.708635e-01 -1.774367e-01 -1.677016e-01 -1.530166e-01 -1.901870e-05
<VARIANCE> 39
 2.715414e+00 3.032587e+00 4.469041e+00 5.461610e+00 6.308797e+00 8.164104e+00 8.327926e+00 9.799725e+00 1.117114e+01 9.485542e+00 9.784739e+00 1.090887e+01 1.000000e-02 3.023911e-01 3.083703e-01 5.220756e-01 5.404835e-01 7.596267e-01 8.221664e-01 8.022484e-01 8.408791e-01 1.103087e+00 1.097874e+00 1.055976e+00 1.095265e+00 1.000000e-02 4.858017e-02 4.848930e-02 8.139333e-02 1.173304e-01 1.425580e-01 1.842509e-01 1.712994e-01 2.137652e-01 2.467246e-01 2.167111e-01 2.428347e-01 2.414339e-01 1.000000e-02
<GCONST> 5.326292e+01
<STATE> 21
<MEAN> 39
 -4.983567e+00 -7.641016e+00 5.364420e-02 -1.458607e+00 1.646208e+00 -4.087342e+00 1.142473e+00 -2.546316e+00 4.354507e-01 -2.579089e+00 2.457476e+00 -2.107600e+00 1.584438e-02 5.012526e-02 8.192658e-03 -1.713719e-02 -8.260672e-02 -1.656985e-01 -2.836294e-01 -2.511626e-01 -3.359072e-01 -2.556862e-01 -1.717130e-01 -1.372809e-01 -1.980979e-01 -2.277824e-03 -1.537851e-01 -1.538039e-01 -1.589442e-01 -2.909436e-02 -7.203265e-02 -4.917010e-03 6.634751e-02 1.229613e-01 2.501956e-02 -3.506467e-02 -4.607793e-02 3.012637e-02 -6.058385e-03
<VARIANCE> 39
 2.364492e+00 2.592600e+00 4.394158e+00 5.163609e+00 5.484031e+00 7.786028e+00 7.221026e+00 8.848068e+00 1.017528e+01 1.056937e+01 9.073085e+00 7.735580e+00 1.000000e-02 2.619640e-01 2.797545e-01 4.155902e-01 5.621313e-01 6.762930e-01 8.776214e-01 9.114959e-01 9.301053e-01 1.130305e+00 1.047618e+00 1.016891e+00 8.519287e-01 1.000000e-02 4.861375e-02 5.164814e-02 8.353888e-02 1.202644e-01 1.251750e-01 1.807564e-01 1.463490e-01 1.625317e-01 2.173028e-01 2.388490e-01 2.201603e-01 1.880065e-01 1.000000e-02
<GCONST> 5.065049e+01
<STATE> 22
<MEAN> 39
 -5.963858e+00 -8.732014e+00 -1.487870e+00 -2.508161e+00 5.516622e-02 -5.691866e+00 3.933534e-01 -3.160175e+00 -2.716376e-01 -3.248395e+00 1.661495e+00 -2.407035e+00 -3.661463e-02 -3.332784e-01 -2.914929e-01 -3.336575e-01 -8.310059e-02 -2.383346e-01 -1.472802e-01 -7.718047e-02 7.137606e-02 6.581920e-02 -7.396716e-02 -1.678925e-01 -3.865912e-03 -1.455759e-02 -6.216114e-02 -2.011006e-03 5.143851e-02 1.569792e-01 2.151558e-01 2.954781e-01 2.639985e-01 3.008159e-01 2.032093e-01 9.550557e-02 9.864263e-02 1.205500e-01 5.193779e-04
<VARIANCE> 39
 2.479592e+00 3.164869e+00 4.773537e+00 5.196671e+00 7.409909e+00 7.961035e+00 8.008473e+00 9.152873e+00 1.118543e+01 8.086622e+00 1.065580e+01 8.556811e+00 1.000000e-02 2.699509e-01 2.913258e-01 4.598935e-01 6.089891e-01 7.584627e-01 9.219813e-01 7.986833e-01 1.117422e+00 1.185140e+00 1.116197e+00 1.276975e+00 9.569804e-01 1.000000e-02 5.027969e-02 5.644716e-02 9.589454e-02 1.159308e-01 1.613318e-01 1.883823e-01 1.625143e-01 1.892665e-01 2.402839e-01 1.861026e-01 2.431162e-01 1.810691e-01 1.000000e-02
<GCONST> 5.314638e+01
<STATE> 23
<MEAN> 39
 -6.362176e+00 -8.856309e+00 -1.452157e+00 -2.054979e+00 4.841551e-01 -4.997657e+00 7.959158e-01 -2.419975e+00 6.821346e-01 -3.052887e+00 1.778784e+00 -2.175772e+00 -5.178557e-02 -3.835951e-01 -2.169996e-01 -1.338263e-01 2.336572e-01 2.425766e-01 5.002061e-01 5.521560e-01 6.202815e-01 4.255374e-01 1.606718e-01 1.206234e-01 2.668049e-01 -9.985146e-03 3.055350e-02 5.661795e-02 6.757200e-02 5.435053e-02 1.252607e-01 1.700271e-01 1.849730e-01 1.440073e-01 5.776986e-02 8.865932e-02 1.066169e-01 9.153181e-02 3.459514e-03
<VARIANCE> 39
 2.810478e+00 3.774056e+00 5.457217e+00 5.912103e+00 7.265731e+00 9.703739e+00 9.384764e+00 1.168907e+01 1.094385e+01 1.178366e+01 1.082843e+01 9.331635e+00 1.000000e-02 2.866164e-01 3.392555e-01 5.323783e-01 5.940170e-01 8.134558e-01 1.090863e+00 7.282766e-01 1.100802e+00 1.158866e+00 1.035497e+00 1.259597e+00 9.366691e-01 1.000000e-02 5.047972e-02 7.213527e-02 9.073471e-02 1.131304e-01 1.457939e-01 1.548877e-01 1.935459e-01 2.393238e-01 2.368623e-01 2.426928e-01 2.724358e-01 1.927781e-01 1.000000e-02
<GCONST> 5.579091e+01
<STATE> 24
<MEAN> 39
 -6.929276e+00 -9.103655e+00 -1.289988e+00 -1.077664e+00 1.801220e+00 -3.348154e+00 2.116330e+00 -1.176594e+00 1.108279e+00 -2.719726e+00 2.280488e+00 -1.382545e+00 -6.149134e-02 -2.112247e-01 -6.410454e-02 -6.397066e-02 1.212078e-01 2.427021e-01 4.165189e-01 5.382048e-01 5.092024e-01 2.808703e-01 2.603721e-01 2.969829e-01 2.782710e-01 -3.147616e-03 1.302061e-01 8.419008e-02 2.354960e-02 -1.072353e-01 -1.096220e-01 -1.793944e-01 -1.076448e-01 -1.291093e-01 -9.936580e-02 -1.759832e-02 -5.381139e-03 -6.356858e-02 4.595765e-03
<VARIANCE> 39
 1.938816e+00 3.157608e+00 4.495194e+00 4.966840e+00 6.762742e+00 9.402721e+00 7.634340e+00 1.010573e+01 1.164422e+01 9.890012e+00 1.165465e+01 9.104706e+00 1.000000e-02 2.417120e-01 2.817959e-01 4.533104e-01 5.856107e-01 8.076947e-01 8.699582e-01 8.977113e-01 1.059093e+00 1.254552e+00 1.104116e+00 1.215571e+00 9.288248e-01 1.000000e-02 4.523468e-02 5.917638e-02 9.743910e-02 1.077619e-01 1.443905e-01 1.921668e-01 1.493432e-01 2.017573e-01 2.193732e-01 2.287291e-01 2.642273e-01 1.919837e-01 1.000000e-02
<GCONST> 5.317957e+01
<STATE> 25
<MEAN> 39
 -7.302693e+00 -9.491661e+00 -1.964240e+00 -1.750325e+00 1.134895e+00 -3.037993e+00 3.801694e+00 2.735148e-01 1.878311e+00 -1.792504e+00 2.879030e+00 -1.103933e+00 -6.928390e-02 4.293330e-02 6.102020e-02 -1.274166e-02 -7.997344e-02 -1.157482e-01 -1.207987e-01 -1.385238e-02 -2.157154e-02 -1.229093e-01 -8.524438e-02 -7.267479e-02 -7.651830e-02 2.944081e-03 2.334730e-01 1.612941e-01 1.531690e-01 -1.941659e-02 -3.162621e-02 -2.383305e-01 -3.808550e-01 -3.925129e-01 -2.188894e-01 -1.326550e-01 -8.411096e-02 -1.288602e-01 6.415421e-03
<VARIANCE> 39
 2.184360e+00 3.275462e+00 4.659892e+00 6.316958e+00 8.262197e+00 1.002811e+01 1.008066e+01 1.173137e+01 1.207380e+01 1.196172e+01 1.327566e+01 1.044721e+01 1.000000e-02 2.344071e-01 3.260243e-01 4.445388e-01 5.380367e-01 7.144409e-01 9.606552e-01 9.947824e-01 1.051070e+00 9.512722e-01 1.243036e+00 1.353291e+00 9.953869e-01 1.000000e-02 5.667700e-02 6.266616e-02 9.024415e-02 1.308996e-01 1.738344e-01 1.950338e-01 2.040165e-01 2.178501e-01 2.432408e-01 2.612970e-01 3.244378e-01 2.087505e-01 1.000000e-02
<GCONST> 5.641367e+01
<STATE> 26
<MEAN> 39
 -7.035596e+00 -9.001522e+00 -1.666305e+00 -1.590013e+00 1.242884e+00 -4.006411e+00 2.320574e+00 -9.209036e-01 1.260199e+00 -2.517892e+00 2.361405e+00 -1.475489e+00 -5.665021e-02 4.870057e-01 3.895375e-01 2.953023e-01 -1.269671e-01 -1.400833e-01 -5.819512e-01 -6.765506e-01 -6.603746e-01 -4.440271e-01 -1.839053e-01 -8.631984e-02 -1.828484e-01 1.492253e-02 1.851754e-01 9.345563e-02 1.351454e-01 -8.909286e-03 4.105635e-03 -6.827723e-02 -1.746388e-01 -2.196351e-01 -9.415291e-02 -4.519585e-02 -9.163760e-03 -4.803050e-02 5.488678e-03
<VARIANCE> 39
 3.229100e+00 4.863974e+00 5.206065e+00 4.992380e+00 7.170203e+00 8.842093e+00 9.626554e+00 1.157213e+01 1.236179e+01 1.007582e+01 9.504693e+00 8.070531e+00 1.000000e-02 2.682239e-01 2.954883e-01 4.104711e-01 5.437261e-01 6.676100e-01 8.001874e-01 8.932462e-01 9.867243e-01 1.080898e+00 1.307002e+00 1.458935e+00 1.004740e+00 1.000000e-02 6.065117e-02 7.500917e-02 1.052924e-01 1.226309e-01 1.518601e-01 1.606624e-01 1.805409e-01 2.105112e-01 2.495683e-01 2.273077e-01 2.200287e-01 1.839715e-01 1.000000e-02
<GCONST> 5.503868e+01
<STATE> 27
<MEAN> 39
 -5.958193e+00 -8.420332e+00 -1.185238e+00 -2.126708e+00 6.810809e-01 -5.051221e+00 9.331903e-01 -2.365935e+00 1.623082e-01 -3.166215e+00 1.880909e+00 -2.100299e+00 -3.641155e-02 5.717165e-01 4.152439e-01 4.502966e-01 -8.866397e-03 4.333240e-02 -2.703171e-01 -5.673394e-01 -6.847053e-01 -2.972226e-01 -1.239124e-01 4.346704e-02 -8.318412e-02 1.946729e-02 -2.097980e-02 -3.988011e-02 1.412877e-02 6.982321e-02 7.883392e-02 1.768264e-01 1.343458e-01 9.663831e-02 1.088844e-01 7.810909e-02 7.246628e-02 4.388222e-02 5.201797e-04
<VARIANCE> 39
 2.532337e+00 3.279454e+00 4.508777e+00 5.392817e+00 6.595257e+00 9.221566e+00 8.572954e+00 9.979896e+00 1.107055e+01 1.135182e+01 1.102922e+01 9.408800e+00 1.000000e-02 3.146447e-01 3.267913e-01 5.057751e-01 5.937449e-01 7.118907e-01 8.140194e-01 9.162387e-01 1.043228e+00 1.141049e+00 1.168213e+00 1.128800e+00 9.423681e-01 1.000000e-02 4.578000e-02 5.441074e-02 8.195958e-02 1.121461e-01 1.316866e-01 1.755626e-01 1.746770e-01 2.048798e-01 2.029679e-01 2.540294e-01 2.506894e-01 2.042504e-01 1.000000e-02
<GCONST> 5.376451e+01
<STATE> 28
<MEAN> 39
 -4.954519e+00 -7.577132e+00 -1.034121e-01 -1.849719e+00 1.226418e+00 -5.181833e+00 1.820560e-01 -3.221369e+00 5.732474e-02 -2.845019e+00 2.536892e+00 -1.705392e+00 1.066758e-02 4.346364e-01 2.625172e-01 3.329000e-01 9.861153e-02 1.304026e-01 1.235346e-01 -6.931492e-02 -2.678520e-01 -4.604344e-02 5.240783e-02 1.274773e-01 -6.107656e-02 1.770859e-02 -2.227123e-01 -2.367070e-01 -2.139378e-01 1.471475e-02 8.842842e-03 1.725812e-01 2.833059e-01 2.954510e-01 1.449603e-01 3.074332e-02 -4.300905e-02 6.209595e-03 -7.872984e-03
<VARIANCE> 39
 2.187956e+00 2.350440e+00 4.167814e+00 5.521397e+00 5.465696e+00 6.651407e+00 8.325452e+00 1.031845e+01 1.137990e+01 1.298535e+01 1.236270e+01 8.466123e+00 1.000000e-02 3.177246e-01 3.028968e-01 5.247537e-01 5.984301e-01 6.479985e-01 8.302774e-01 9.912423e-01 1.135334e+00 1.084644e+00 1.157425e+00 1.016815e+00 9.261619e-01 1.000000e-02 3.895160e-02 4.768590e-02 7.615715e-02 1.198428e-01 1.300135e-01 1.473549e-01 1.887758e-01 1.977066e-01 2.356261e-01 2.657400e-01 2.855283e-01 1.967617e-01 1.000000e-02
<GCONST> 5.261655e+01
<STATE> 29
<MEAN> 39
 -4.435192e+00 -7.294957e+00 3.679688e-01 -1.348646e+00 1.427916e+00 -4.219800e+00 1.227016e+00 -2.888843e+00 3.536862e-01 -2.496835e+00 2.947131e+00 -2.087960e+00 5.050804e-02 -1.018916e-01 -2.442280e-01 -1.803590e-01 1.618012e-02 5.352277e-02 1.461720e-01 1.666283e-01 1.815305e-01 3.227158e-02 -6.776059e-02 -1.394803e-01 -8.748367e-02 -4.288174e-03 -2.489007e-01 -2.035314e-01 -2.156440e-01 -5.588502e-02 -5.642661e-02 -2.020034e-02 7.175221e-02 1.751130e-01 4.946747e-02 -1.951768e-02 -6.039257e-02 3.806787e-02 -9.807186e-03
<VARIANCE> 39
 2.103372e+00 2.582250e+00 4.783570e+00 4.846154e+00 6.263735e+00 6.429546e+00 9.048479e+00 9.896412e+00 9.285643e+00 1.013612e+01 7.623014e+00 8.487784e+00 1.000000e-02 2.084950e-01 2.581481e-01 4.030377e-01 6.008162e-01 6.862299e-01 7.643085e-01 9.438567e-01 1.074515e+00 1.042150e+00 1.198794e+00 1.223791e+00 9.509091e-01 1.000000e-02 4.271908e-02 5.413511e-02 9.673427e-02 1.228101e-01 1.385498e-01 1.504562e-01 1.963065e-01 2.315874e-01 1.810874e-01 2.274243e-01 2.065504e-01 1.932617e-01 1.000000e-02
<GCONST> 5.113042e+01
<STATE> 30
<MEAN> 39
 -5.639151e+00 -8.676570e+00 -1.033684e+00 -1.716052e+00 1.180802e+00 -4.386629e+00 1.311712e+00 -2.184577e+00 3.113473e-02 -3.390629e+00 1.882960e+00 -2.242549e+00 -1.843031e-02 -4.684489e-01 -4.598666e-01 -3.948436e-01 -7.769286e-02 -1.439299e-01 4.564171e-02 2.322928e-01 3.483566e-01 1.464191e-01 6.487034e-02 -4.313660e-02 7.883530e-02 -1.839106e-02 -5.862870e-02 3.915193e-02 8.366845e-03 -2.090351e-04 -2.656607e-02 -1.766689e-03 4.190659e-02 4.477568e-02 1.073459e-01 1.488274e-01 9.357341e-02 8.241181e-02 -1.419331e-03
<VARIANCE> 39
 1.999136e+00 2.645516e+00 4.140809e+00 4.681901e+00 6.580741e+00 8.344923e+00 8.754199e+00 8.957538e+00 1.059057e+01 9.546761e+00 1.029261e+01 9.851882e+00 1.000000e-02 2.211284e-01 2.486634e-01 5.017737e-01 5.657237e-01 7.436384e-01 7.712153e-01 8.966926e-01 9.494265e-01 1.018591e+00 1.103205e+00 1.019555e+00 9.593127e-01 1.000000e-02 3.610577e-02 3.778661e-02 6.925723e-02 1.111224e-01 1.244472e-01 1.716080e-01 1.816597e-01 2.086677e-01 2.264923e-01 2.429901e-01 2.362199e-01 1.915677e-01 1.000000e-02
<GCONST> 5.073407e+01
<STATE> 31
<MEAN> 39
 -6.854110e+00 -9.878612e+00 -2.059949e+00 -2.042526e+00 8.273622e-01 -3.992475e+00 2.289315e+00 -1.042628e+00 1.166057e+00 -2.591257e+00 2.100785e+00 -1.694156e+00 -5.748688e-02 -3.673465e-01 -1.878310e-01 -2.329128e-01 -2.428787e-03 -6.390393e-02 3.998102e-02 2.689870e-01 4.239464e-01 3.844545e-01 3.749129e-01 1.541089e-01 1.879562e-01 -1.165807e-02 1.717431e-01 2.217067e-01 1.915318e-01 3.481216e-02 4.162351e-02 -6.069712e-02 -1.481778e-01 -1.566419e-01 -9.062782e-02 9.309659e-03 3.588066e-02 -4.057307e-02 6.106324e-03
<VARIANCE> 39
 1.960113e+00 3.018717e+00 4.867882e+00 6.777809e+00 9.131249e+00 1.083252e+01 1.100752e+01 1.075215e+01 1.020227e+01 9.371134e+00 1.032208e+01 7.639569e+00 1.000000e-02 2.001011e-01 1.824890e-01 3.283629e-01 5.277990e-01 6.929089e-01 1.066731e+00 1.002693e+00 1.229742e+00 1.076180e+00 1.156501e+00 1.036525e+00 8.564242e-01 1.000000e-02 5.057383e-02 4.908573e-02 8.634280e-02 1.435929e-01 1.866404e-01 2.331650e-01 2.339577e-01 2.023879e-01 2.144687e-01 2.014831e-01 2.114330e-01 1.657853e-01 1.000000e-02
<GCONST> 5.330988e+01
<STATE> 32
<MEAN> 39
 -7.107800e+00 -9.412908e+00 -1.925171e+00 -1.873429e+00 7.398900e-01 -4.133730e+00 2.443564e+00 -6.934014e-01 1.823908e+00 -1.360967e+00 2.946643e+00 -1.397252e+00 -6.636291e-02 1.517364e-01 3.099162e-01 2.667819e-01 2.970609e-02 3.107374e-02 -1.718123e-01 -2.839121e-01 -2.809976e-01 -1.699110e-01 2.167548e-02 2.431196e-02 -1.394352e-02 4.546753e-03 1.960431e-01 1.432801e-01 1.582318e-01 2.726526e-02 6.496462e-02 -1.453103e-02 -1.143823e-01 -1.960686e-01 -1.800001e-01 -2.038592e-01 -9.886450e-02 -9.186626e-02 6.673744e-03
<VARIANCE> 39
 2.397842e+00 2.445352e+00 3.773935e+00 5.085196e+00 7.763082e+00 9.213895e+00 8.930195e+00 1.178754e+01 1.157207e+01 1.078404e+01 1.077117e+01 9.695151e+00 1.000000e-02 2.315259e-01 2.214061e-01 3.480164e-01 6.066623e-01 7.523411e-01 1.099625e+00 1.086825e+00 9.581951e-01 1.032068e+00 1.061320e+00 1.099586e+00 8.620389e-01 1.000000e-02 5.031132e-02 3.784576e-02 6.788135e-02 1.077251e-01 1.562375e-01 1.993104e-01 1.896293e-01 2.372482e-01 2.414978e-01 2.242756e-01 2.174610e-01 2.018846e-01 1.000000e-02
<GCONST> 5.255494e+01
<STATE> 33
<MEAN> 39
 -6.076664e+00 -8.344530e+00 -8.474085e-01 -1.716587e+00 1.005439e+00 -4.968236e+00 7.871163e-01 -2.257883e+00 3.848819e-01 -2.558008e+00 2.433835e+00 -1.735732e+00 -3.437767e-02 4.037707e-01 4.527441e-01 4.515762e-01 1.178940e-01 2.417598e-01 5.218194e-02 -1.389166e-01 -3.080051e-01 -2.033490e-01 -2.335338e-01 -8.635048e-02 -1.277273e-01 1.472125e-02 1.144673e-02 -7.150403e-02 -4.290092e-02 1.352880e-02 1.644445e-02 1.144789e-01 1.388458e-01 7.228244e-02 3.874243e-02 -2.668583e-02 -3.001651e-02 -9.949931e-03 1.125584e-03
<VARIANCE> 39
 2.245171e+00 2.035692e+00 3.784212e+00 5.761250e+00 5.746398e+00 8.314258e+00 1.000113e+01 1.202471e+01 1.206600e+01 9.689027e+00 8.729444e+00 8.544145e+00 1.000000e-02 3.462979e-01 2.554696e-01 4.212253e-01 5.778996e-01 8.561637e-01 9.441448e-01 1.070607e+00 1.158808e+00 1.257110e+00 1.281398e+00 1.204608e+00 9.313234e-01 1.000000e-02 3.554680e-02 3.806658e-02 6.373654e-02 1.306164e-01 1.299631e-01 2.103696e-01 2.022886e-01 2.622775e-01 2.369829e-01 2.355638e-01 2.018843e-01 1.907075e-01 1.000000e-02
<GCONST> 5.287719e+01
<STATE> 34
<MEAN> 39
 -4.801700e+00 -7.407163e+00 3.234796e-01 -1.235263e+00 1.646658e+00 -4.411593e+00 1.201093e+00 -2.613175e+00 2.408548e-01 -2.716834e+00 2.421350e+00 -2.195636e+00 3.276715e-02 -7.199350e-03 -1.254223e-01 -8.310309e-02 7.330878e-03 -9.793848e-03 8.334462e-02 5.610846e-02 1.722753e-02 -2.387928e-02 -5.388843e-02 -6.534673e-02 -8.565252e-02 -1.216374e-03 -1.830531e-01 -1.901023e-01 -1.979031e-01 -7.355304e-02 -9.671124e-02 1.653901e-02 7.328545e-02 1.135315e-01 5.391340e-02 3.507961e-02 2.779883e-03 3.477867e-02 -7.244943e-03
<VARIANCE> 39
 2.523469e+00 2.555944e+00 4.455624e+00 4.908766e+00 6.131699e+00 8.677107e+00 8.683917e+00 9.105519e+00 9.651060e+00 1.141776e+01 1.058315e+01 8.959330e+00 1.000000e-02 2.873900e-01 2.503030e-01 4.201983e-01 5.472016e-01 6.228812e-01 9.244888e-01 9.174621e-01 1.093487e+00 1.072873e+00 1.127585e+00 1.110630e+00 1.057371e+00 1.000000e-02 5.227249e-02 4.962421e-02 8.304349e-02 1.074489e-01 1.404132e-01 2.037041e-01 2.026184e-01 2.289268e-01 2.228523e-01 2.792825e-01 2.607735e-01 2.101361e-01 1.000000e-02
<GCONST> 5.313052e+01
<STATE> 35
<MEAN> 39
 -6.458640e+00 -9.115615e+00 -1.477271e+00 -1.407268e+00 1.412619e+00 -3.635986e+00 2.172406e+00 -1.633276e+00 6.909044e-01 -2.693731e+00 2.159280e+00 -1.917272e+00 -5.107043e-02 -3.859480e-01 -3.988522e-01 -4.094834e-01 -1.528181e-01 -1.792850e-01 1.707803e-01 3.836314e-01 3.554488e-01 2.031461e-01 5.791919e-02 -1.254650e-02 1.493597e-01 -1.334351e-02 5.720814e-02 6.786544e-02 5.686834e-02 -3.849063e-02 -3.936781e-02 -8.732983e-02 -4.685761e-02 1.341028e-03 1.633612e-02 1.277570e-02 1.866024e-02 2.901093e-02 2.581060e-03
<VARIANCE> 39
 2.045405e+00 2.440223e+00 3.615601e+00 5.386330e+00 6.221176e+00 8.260257e+00 9.066075e+00 1.050574e+01 1.195813e+01 1.011695e+01 1.120181e+01 9.276692e+00 1.000000e-02 2.423012e-01 2.125485e-01 3.953593e-01 5.189428e-01 6.818226e-01 9.740111e-01 9.617225e-01 1.293742e+00 1.259655e+00 1.406635e+00 1.235185e+00 9.619513e-01 1.000000e-02 4.793460e-02 4.089429e-02 6.876423e-02 1.066776e-01 1.312753e-01 1.923498e-01 2.072583e-01 2.198231e-01 2.276196e-01 2.287433e-01 2.409371e-01 2.295868e-01 1.000000e-02
<GCONST> 5.260992e+01
<STATE> 36
<MEAN> 39
 -7.144762e+00 -9.720228e+00 -2.136679e+00 -2.363099e+00 1.448199e-01 -4.211785e+00 2.536981e+00 -8.370695e-01 1.043270e+00 -2.608161e+00 2.214327e+00 -1.569366e+00 -7.005481e-02 9.079356e-02 1.052586e-01 1.942397e-02 -1.432556e-01 -1.243084e-01 -1.857600e-01 -1.622391e-01 -1.095202e-01 -8.429209e-02 -6.778744e-02 -8.614592e-02 -7.739758e-02 1.970739e-03 1.929819e-01 1.967254e-01 2.006493e-01 1.070348e-01 1.549720e-01 -6.667305e-03 -1.145531e-01 -1.397052e-01 -5.543091e-02 -1.115801e-03 -2.542125e-03 -7.862081e-02 7.261603e-03
<VARIANCE> 39
 1.959800e+00 3.113426e+00 5.123545e+00 5.386033e+00 7.530487e+00 9.695132e+00 8.293858e+00 1.295150e+01 1.211132e+01 1.209675e+01 1.185217e+01 1.034509e+01 1.000000e-02 2.300102e-01 2.282068e-01 3.652585e-01 5.026722e-01 6.540077e-01 9.142234e-01 9.079099e-01 1.207968e+00 1.063599e+00 1.143162e+00 1.132478e+00 1.208987e+00 1.000000e-02 5.419273e-02 5.563808e-02 8.988161e-02 1.038085e-01 1.399960e-01 2.059788e-01 1.847911e-01 2.831538e-01 2.625523e-01 2.738092e-01 2.515989e-01 2.580767e-01 1.000000e-02
<GCONST> 5.485485e+01
<STATE> 37
<MEAN> 39
 -6.264771e+00 -8.915682e+00 -1.488775e+00 -2.263549e+00 7.579759e-01 -4.525769e+00 1.501863e+00 -1.957895e+00 6.677603e-01 -2.751805e+00 1.726629e+00 -2.202125e+00 -4.369703e-02 4.382381e-01 4.592209e-01 4.571166e-01 1.674975e-01 3.121834e-01 2.328702e-03 -2.220050e-01 -2.521184e-01 -6.057056e-02 1.348927e-03 4.909126e-02 -7.978535e-02 1.692251e-02 5.092140e-02 7.690030e-02 8.979885e-02 1.148082e-01 9.897868e-02 7.506658e-02 3.443125e-02 4.610016e-03 2.331715e-02 1.279027e-02 7.510755e-02 3.761255e-02 3.546895e-03
<VARIANCE> 39
 2.496735e+00 2.036718e+00 3.895115e+00 5.521622e+00 7.458291e+00 8.915280e+00 1.110456e+01 1.098598e+01 1.201384e+01 1.103779e+01 1.125757e+01 9.897176e+00 1.000000e-02 3.663913e-01 3.377175e-01 4.906366e-01 4.609110e-01 6.662266e-01 9.901635e-01 1.018620e+00 1.089487e+00 1.204984e+00 1.311099e+00 1.258281e+00 1.312247e+00 1.000000e-02 4.701816e-02 4.179538e-02 7.218672e-02 1.233458e-01 1.559534e-01 1.985089e-01 2.317893e-01 2.620329e-01 2.385152e-01 2.632279e-01 2.473537e-01 2.322205e-01 1.000000e-02
<GCONST> 5.537407e+01
<STATE> 38
<MEAN> 39
 -4.855546e+00 -7.518631e+00 4.007749e-02 -1.435469e+00 1.701666e+00 -4.194786e+00 1.342001e+00 -2.308371e+00 4.585052e-01 -2.579566e+00 2.445729e+00 -2.251833e+00 2.640071e-02 1.174527e-01 7.478448e-02 1.267987e-01 1.578264e-01 1.657321e-01 7.712663e-02 -7.001350e-03 -4.426295e-02 -7.974678e-02 -6.586843e-02 1.904361e-02 -1.209080e-02 5.881802e-03 -1.613311e-01 -1.377382e-01 -1.608912e-01 -3.804917e-02 -8.563463e-02 1.537087e-03 5.828126e-02 4.970623e-02 -8.836694e-03 -1.191720e-02 -1.684588e-02 4.522647e-02 -5.145384e-03
<VARIANCE> 39
 2.215360e+00 2.260490e+00 4.176754e+00 4.344076e+00 5.653375e+00 8.122540e+00 9.195058e+00 1.037987e+01 1.042508e+01 1.070005e+01 9.866263e+00 9.690425e+00 1.000000e-02 3.313086e-01 3.335350e-01 5.135203e-01 5.838715e-01 7.708335e-01 9.109825e-01 1.047063e+00 1.197696e+00 1.173694e+00 1.236681e+00 1.170275e+00 1.076719e+00 1.000000e-02 5.588387e-02 6.158740e-02 9.266944e-02 1.020413e-01 1.304650e-01 1.870965e-01 2.103812e-01 2.265271e-01 2.537040e-01 2.772110e-01 2.489052e-01 2.485406e-01 1.000000e-02
<GCONST> 5.457378e+01
<STATE> 39
<MEAN> 39
 -6.204944e+00 -8.829681e+00 -1.164896e+00 -1.695665e+00 1.386540e+00 -4.032901e+00 2.002456e+00 -1.605440e+00 6.382746e-01 -2.728269e+00 2.345168e+00 -1.602017e+00 -2.396067e-02 -1.527116e-01 -7.333584e-02 -1.528706e-01 -3.160769e-02 -1.513499e-01 -9.243566e-02 2.237065e-02 3.883091e-02 -1.133578e-02 6.717723e-02 -9.179332e-03 9.307565e-02 -2.783551e-03 5.433856e-02 7.143620e-02 -7.004717e-02 -1.056996e-01 -8.660141e-02 -1.307301e-01 -7.774208e-02 -2.305206e-02 -1.820683e-02 -2.797439e-02 -1.095128e-01 -7.477314e-02 6.747504e-03
<VARIANCE> 39
 3.313709e+00 3.737518e+00 5.516284e+00 7.637365e+00 8.660673e+00 1.010232e+01 9.738420e+00 1.175993e+01 1.184536e+01 1.109432e+01 9.976950e+00 8.998569e+00 1.000000e-02 4.657411e-01 3.946059e-01 6.386324e-01 7.699472e-01 8.894621e-01 1.134611e+00 1.102944e+00 1.344381e+00 1.404606e+00 1.337776e+00 1.129292e+00 1.180465e+00 1.000000e-02 1.214945e-01 9.230554e-02 1.660370e-01 2.114190e-01 1.876101e-01 2.106756e-01 1.708986e-01 2.210333e-01 2.351020e-01 2.155856e-01 2.059855e-01 1.704622e-01 1.000000e-02
<GCONST> 6.094618e+01
<TRANSP> 40
 0.000000e+00 1.000000e+00 0.000000e+00 0.000000e+00 0.000000e+00 0.000000e+00 0.000000e+00 0.000000e+00 0.000000e+00 0.000000e+00 0.000000e+00 0.000000e+00 0.000000e+00 0.000000e+00 0.000000e+00 0.000000e+00 0.000000e+00 0.000000e+00 0.000000e+00 0.000000e+00 0.000000e+00 0.000000e+00 0.000000e+00 0.000000e+00 0.000000e+00 0.000000e+00 0.000000e+00 0.000000e+00 0.000000e+00 0.000000e+00 0.000000e+00 0.000000e+00 0.000000e+00 0.000000e+00 0.000000e+00 0.000000e+00 0.000000e+00 0.000000e+00 0.000000e+00 0.000000e+00
 0.000000e+00 6.200170e-01 3.799830e-01 0.000000e+00 0.000000e+00 0.000000e+00 0.000000e+00 0.000000e+00 0.000000e+00 0.000000e+00 0.000000e+00 0.000000e+00 0.000000e+00 0.000000e+00 0.000000e+00 0.000000e+00 0.000000e+00 0.000000e+00 0.000000e+00 0.000000e+00 0.000000e+00 0.000000e+00 0.000000e+00 0.000000e+00 0.000000e+00 0.000000e+00 0.000000e+00 0.000000e+00 0.000000e+00 0.000000e+00 0.000000e+00 0.000000e+00 0.000000e+00 0.000000e+00 0.000000e+00 0.000000e+00 0.000000e+00 0.000000e+00 0.000000e+00 0.000000e+00
 0.000000e+00 0.000000e+00 1.927928e-01 8.072072e-01 0.000000e+00 0.000000e+00 0.000000e+00 0.000000e+00 0.000000e+00 0.000000e+00 0.000000e+00 0.000000e+00 0.000000e+00 0.000000e+00 0.000000e+00 0.000000e+00 0.000000e+00 0.000000e+00 0.000000e+00 0.000000e+00 0.000000e+00 0.000000e+00 0.000000e+00 0.000000e+00 0.000000e+00 0.000000e+00 0.000000e+00 0.000000e+00 0.000000e+00 0.000000e+00 0.000000e+00 0.000000e+00 0.000000e+00 0.000000e+00 0.000000e+00 0.000000e+00 0.000000e+00 0.000000e+00 0.000000e+00 0.000000e+00
 0.000000e+00 0.000000e+00 0.000000e+00 5.590551e-01 4.409449e-01 0.000000e+00 0.000000e+00 0.000000e+00 0.000000e+00 0.000000e+00 0.000000e+00 0.000000e+00 0.000000e+00 0.000000e+00 0.000000e+00 0.000000e+00 0.000000e+00 0.000000e+00 0.000000e+00 0.000000e+00 0.000000e+00 0.000000e+00 0.000000e+00 0.000000e+00 0.000000e+00 0.000000e+00 0.000000e+00 0.000000e+00 0.000000e+00 0.000000e+00 0.000000e+00 0.000000e+00 0.000000e+00 0.000000e+00 0.000000e+00 0.000000e+00 0.000000e+00 0.000000e+00 0.000000e+00 0.000000e+00
 0.000000e+00 0.000000e+00 0.000000e+00 0.000000e+00 4.641148e-01 5.358852e-01 0.000000e+00 0.000000e+00 0.000000e+00 0.000000e+00 0.000000e+00 0.000000e+00 0.000000e+00 0.000000e+00 0.000000e+00 0.000000e+00 0.000000e+00 0.000000e+00 0.000000e+00 0.000000e+00 0.000000e+00 0.000000e+00 0.000000e+00 0.000000e+00 0.000000e+00 0.000000e+00 0.000000e+00 0.000000e+00 0.000000e+00 0.000000e+00 0.000000e+00 0.000000e+00 0.000000e+00 0.000000e+00 0.000000e+00 0.000000e+00 0.000000e+00 0.000000e+00 0.000000e+00 0.000000e+00
 0.000000e+00 0.000000e+00 0.000000e+00 0.000000e+00 0.000000e+00 4.920635e-01 5.079365e-01 0.000000e+00 0.000000e+00 0.000000e+00 0.000000e+00 0.000000e+00 0.000000e+00 0.000000e+00 0.000000e+00 0.000000e+00 0.000000e+00 0.000000e+00 0.000000e+00 0.000000e+00 0.000000e+00 0.000000e+00 0.000000e+00 0.000000e+00 0.000000e+00 0.000000e+00 0.000000e+00 0.000000e+00 0.000000e+00 0.000000e+00 0.000000e+00 0.000000e+00 0.000000e+00 0.000000e+00 0.000000e+00 0.000000e+00 0.000000e+00 0.000000e+00 0.000000e+00 0.000000e+00
 0.000000e+00 0.000000e+00 0.000000e+00 0.000000e+00 0.000000e+00 0.000000e+00 2.808989e-01 7.191011e-01 0.000000e+00 0.000000e+00 0.000000e+00 0.000000e+00 0.000000e+00 0.000000e+00 0.000000e+00 0.000000e+00 0.000000e+00 0.000000e+00 0.000000e+00 0.000000e+00 0.000000e+00 0.000000e+00 0.000000e+00 0.000000e+00 0.000000e+00 0.000000e+00 0.000000e+00 0.000000e+00 0.000000e+00 0.000000e+00 0.000000e+00 0.000000e+00 0.000000e+00 0.000000e+00 0.000000e+00 0.000000e+00 0.000000e+00 0.000000e+00 0.000000e+00 0.000000e+00
 0.000000e+00 0.000000e+00 0.000000e+00 0.000000e+00 0.000000e+00 0.000000e+00 0.000000e+00 3.544668e-01 6.455331e-01 0.000000e+00 0.000000e+00 0.000000e+00 0.000000e+00 0.000000e+00 0.000000e+00 0.000000e+00 0.000000e+00 0.000000e+00 0.000000e+00 0.000000e+00 0.000000e+00 0.000000e+00 0.000000e+00 0.000000e+00 0.000000e+00 0.000000e+00 0.000000e+00 0.000000e+00 0.000000e+00 0.000000e+00 0.000000e+00 0.000000e+00 0.000000e+00 0.000000e+00 0.000000e+00 0.000000e+00 0.000000e+00 0.000000e+00 0.000000e+00 0.000000e+00
 0.000000e+00 0.000000e+00 0.000000e+00 0.000000e+00 0.000000e+00 0.000000e+00 0.000000e+00 0.000000e+00 2.978056e-01 7.021943e-01 0.000000e+00 0.000000e+00 0.000000e+00 0.000000e+00 0.000000e+00 0.000000e+00 0.000000e+00 0.000000e+00 0.000000e+00 0.000000e+00 0.000000e+00 0.000000e+00 0.000000e+00 0.000000e+00 0.000000e+00 0.000000e+00 0.000000e+00 0.000000e+00 0.000000e+00 0.000000e+00 0.000000e+00 0.000000e+00 0.000000e+00 0.000000e+00 0.000000e+00 0.000000e+00 0.000000e+00 0.000000e+00 0.000000e+00 0.000000e+00
 0.000000e+00 0.000000e+00 0.000000e+00 0.000000e+00 0.000000e+00 0.000000e+00 0.000000e+00 0.000000e+00 0.000000e+00 1.913357e-01 8.086643e-01 0.000000e+00 0.000000e+00 0.000000e+00 0.000000e+00 0.000000e+00 0.000000e+00 0.000000e+00 0.000000e+00 0.000000e+00 0.000000e+00 0.000000e+00 0.000000e+00 0.000000e+00 0.000000e+00 0.000000e+00 0.000000e+00 0.000000e+00 0.000000e+00 0.000000e+00 0.000000e+00 0.000000e+00 0.000000e+00 0.000000e+00 0.000000e+00 0.000000e+00 0.000000e+00 0.000000e+00 0.000000e+00 0.000000e+00
 0.000000e+00 0.000000e+00 0.000000e+00 0.000000e+00 0.000000e+00 0.000000e+00 0.000000e+00 0.000000e+00 0.000000e+00 0.000000e+00 3.760446e-01 6.239554e-01 0.000000e+00 0.000000e+00 0.000000e+00 0.000000e+00 0.000000e+00 0.000000e+00 0.000000e+00 0.000000e+00 0.000000e+00 0.000000e+00 0.000000e+00 0.000000e+00 0.000000e+00 0.000000e+00 0.000000e+00 0.000000e+00 0.000000e+00 0.000000e+00 0.000000e+00 0.000000e+00 0.000000e+00 0.000000e+00 0.000000e+00 0.000000e+00 0.000000e+00 0.000000e+00 0.000000e+00 0.000000e+00
 0.000000e+00 0.000000e+00 0.000000e+00 0.000000e+00 0.000000e+00 0.000000e+00 0.000000e+00 0.000000e+00 0.000000e+00 0.000000e+00 0.000000e+00 1.267056e-01 8.732944e-01 0.000000e+00 0.000000e+00 0.000000e+00 0.000000e+00 0.000000e+00 0.000000e+00 0.000000e+00 0.000000e+00 0.000000e+00 0.000000e+00 0.000000e+00 0.000000e+00 0.000000e+00 0.000000e+00 0.000000e+00 0.000000e+00 0.000000e+00 0.000000e+00 0.000000e+00 0.000000e+00 0.000000e+00 0.000000e+00 0.000000e+00 0.000000e+00 0.000000e+00 0.000000e+00 0.000000e+00
 0.000000e+00 0.000000e+00 0.000000e+00 0.000000e+00 0.000000e+00 0.000000e+00 0.000000e+00 0.000000e+00 0.000000e+00 0.000000e+00 0.000000e+00 0.000000e+00 1.971326e-01 8.028674e-01 0.000000e+00 0.000000e+00 0.000000e+00 0.000000e+00 0.000000e+00 0.000000e+00 0.000000e+00 0.000000e+00 0.000000e+00 0.000000e+00 0.000000e+00 0.000000e+00 0.000000e+00 0.000000e+00 0.000000e+00 0.000000e+00 0.000000e+00 0.000000e+00 0.000000e+00 0.000000e+00 0.000000e+00 0.000000e+00 0.000000e+00 0.000000e+00 0.000000e+00 0.000000e+00
 0.000000e+00 0.000000e+00 0.000000e+00 0.000000e+00 0.000000e+00 0.000000e+00 0.000000e+00 0.000000e+00 0.000000e+00 0.000000e+00 0.000000e+00 0.000000e+00 0.000000e+00 4.211886e-01 5.788113e-01 0.000000e+00 0.000000e+00 0.000000e+00 0.000000e+00 0.000000e+00 0.000000e+00 0.000000e+00 0.000000e+00 0.000000e+00 0.000000e+00 0.000000e+00 0.000000e+00 0.000000e+00 0.000000e+00 0.000000e+00 0.000000e+00 0.000000e+00 0.000000e+00 0.000000e+00 0.000000e+00 0.000000e+00 0.000000e+00 0.000000e+00 0.000000e+00 0.000000e+00
 0.000000e+00 0.000000e+00 0.000000e+00 0.000000e+00 0.000000e+00 0.000000e+00 0.000000e+00 0.000000e+00 0.000000e+00 0.000000e+00 0.000000e+00 0.000000e+00 0.000000e+00 0.000000e+00 6.666666e-02 9.333333e-01 0.000000e+00 0.000000e+00 0.000000e+00 0.000000e+00 0.000000e+00 0.000000e+00 0.000000e+00 0.000000e+00 0.000000e+00 0.000000e+00 0.000000e+00 0.000000e+00 0.000000e+00 0.000000e+00 0.000000e+00 0.000000e+00 0.000000e+00 0.000000e+00 0.000000e+00 0.000000e+00 0.000000e+00 0.000000e+00 0.000000e+00 0.000000e+00
 0.000000e+00 0.000000e+00 0.000000e+00 0.000000e+00 0.000000e+00 0.000000e+00 0.000000e+00 0.000000e+00 0.000000e+00 0.000000e+00 0.000000e+00 0.000000e+00 0.000000e+00 0.000000e+00 0.000000e+00 1.215686e-01 8.784314e-01 0.000000e+00 0.000000e+00 0.000000e+00 0.000000e+00 0.000000e+00 0.000000e+00 0.000000e+00 0.000000e+00 0.000000e+00 0.000000e+00 0.000000e+00 0.000000e+00 0.000000e+00 0.000000e+00 0.000000e+00 0.000000e+00 0.000000e+00 0.000000e+00 0.000000e+00 0.000000e+00 0.000000e+00 0.000000e+00 0.000000e+00
 0.000000e+00 0.000000e+00 0.000000e+00 0.000000e+00 0.000000e+00 0.000000e+00 0.000000e+00 0.000000e+00 0.000000e+00 0.000000e+00 0.000000e+00 0.000000e+00 0.000000e+00 0.000000e+00 0.000000e+00 0.000000e+00 1.809872e-01 8.190128e-01 0.000000e+00 0.000000e+00 0.000000e+00 0.000000e+00 0.000000e+00 0.000000e+00 0.000000e+00 0.000000e+00 0.000000e+00 0.000000e+00 0.000000e+00 0.000000e+00 0.000000e+00 0.000000e+00 0.000000e+00 0.000000e+00 0.000000e+00 0.000000e+00 0.000000e+00 0.000000e+00 0.000000e+00 0.000000e+00
 0.000000e+00 0.000000e+00 0.000000e+00 0.000000e+00 0.000000e+00 0.000000e+00 0.000000e+00 0.000000e+00 0.000000e+00 0.000000e+00 0.000000e+00 0.000000e+00 0.000000e+00 0.000000e+00 0.000000e+00 0.000000e+00 0.000000e+00 4.292994e-01 5.707006e-01 0.000000e+00 0.000000e+00 0.000000e+00 0.000000e+00 0.000000e+00 0.000000e+00 0.000000e+00 0.000000e+00 0.000000e+00 0.000000e+00 0.000000e+00 0.000000e+00 0.000000e+00 0.000000e+00 0.000000e+00 0.000000e+00 0.000000e+00 0.000000e+00 0.000000e+00 0.000000e+00 0.000000e+00
 0.000000e+00 0.000000e+00 0.000000e+00 0.000000e+00 0.000000e+00 0.000000e+00 0.000000e+00 0.000000e+00 0.000000e+00 0.000000e+00 0.000000e+00 0.000000e+00 0.000000e+00 0.000000e+00 0.000000e+00 0.000000e+00 0.000000e+00 0.000000e+00 4.832757e-01 5.167243e-01 0.000000e+00 0.000000e+00 0.000000e+00 0.000000e+00 0.000000e+00 0.000000e+00 0.000000e+00 0.000000e+00 0.000000e+00 0.000000e+00 0.000000e+00 0.000000e+00 0.000000e+00 0.000000e+00 0.000000e+00 0.000000e+00 0.000000e+00 0.000000e+00 0.000000e+00 0.000000e+00
 0.000000e+00 0.000000e+00 0.000000e+00 0.000000e+00 0.000000e+00 0.000000e+00 0.000000e+00 0.000000e+00 0.000000e+00 0.000000e+00 0.000000e+00 0.000000e+00 0.000000e+00 0.000000e+00 0.000000e+00 0.000000e+00 0.000000e+00 0.000000e+00 0.000000e+00 2.558140e-01 7.441860e-01 0.000000e+00 0.000000e+00 0.000000e+00 0.000000e+00 0.000000e+00 0.000000e+00 0.000000e+00 0.000000e+00 0.000000e+00 0.000000e+00 0.000000e+00 0.000000e+00 0.000000e+00 0.000000e+00 0.000000e+00 0.000000e+00 0.000000e+00 0.000000e+00 0.000000e+00
 0.000000e+00 0.000000e+00 0.000000e+00 0.000000e+00 0.000000e+00 0.000000e+00 0.000000e+00 0.000000e+00 0.000000e+00 0.000000e+00 0.000000e+00 0.000000e+00 0.000000e+00 0.000000e+00 0.000000e+00 0.000000e+00 0.000000e+00 0.000000e+00 0.000000e+00 0.000000e+00 4.772462e-01 5.227538e-01 0.000000e+00 0.000000e+00 0.000000e+00 0.000000e+00 0.000000e+00 0.000000e+00 0.000000e+00 0.000000e+00 0.000000e+00 0.000000e+00 0.000000e+00 0.000000e+00 0.000000e+00 0.000000e+00 0.000000e+00 0.000000e+00 0.000000e+00 0.000000e+00
 0.000000e+00 0.000000e+00 0.000000e+00 0.000000e+00 0.000000e+00 0.000000e+00 0.000000e+00 0.000000e+00 0.000000e+00 0.000000e+00 0.000000e+00 0.000000e+00 0.000000e+00 0.000000e+00 0.000000e+00 0.000000e+00 0.000000e+00 0.000000e+00 0.000000e+00 0.000000e+00 0.000000e+00 2.619440e-01 7.380560e-01 0.000000e+00 0.000000e+00 0.000000e+00 0.000000e+00 0.000000e+00 0.000000e+00 0.000000e+00 0.000000e+00 0.000000e+00 0.000000e+00 0.000000e+00 0.000000e+00 0.000000e+00 0.000000e+00 0.000000e+00 0.000000e+00 0.000000e+00
 0.000000e+00 0.000000e+00 0.000000e+00 0.000000e+00 0.000000e+00 0.000000e+00 0.000000e+00 0.000000e+00 0.000000e+00 0.000000e+00 0.000000e+00 0.000000e+00 0.000000e+00 0.000000e+00 0.000000e+00 0.000000e+00 0.000000e+00 0.000000e+00 0.000000e+00 0.000000e+00 0.000000e+00 0.000000e+00 5.285412e-02 9.471459e-01 0.000000e+00 0.000000e+00 0.000000e+00 0.000000e+00 0.000000e+00 0.000000e+00 0.000000e+00 0.000000e+00 0.000000e+00 0.000000e+00 0.000000e+00 0.000000e+00 0.000000e+00 0.000000e+00 0.000000e+00 0.000000e+00
 0.000000e+00 0.000000e+00 0.000000e+00 0.000000e+00 0.000000e+00 0.000000e+00 0.000000e+00 0.000000e+00 0.000000e+00 0.000000e+00 0.000000e+00 0.000000e+00 0.000000e+00 0.000000e+00 0.000000e+00 0.000000e+00 0.000000e+00 0.000000e+00 0.000000e+00 0.000000e+00 0.000000e+00 0.000000e+00 0.000000e+00 3.879781e-01 6.120219e-01 0.000000e+00 0.000000e+00 0.000000e+00 0.000000e+00 0.000000e+00 0.000000e+00 0.000000e+00 0.000000e+00 0.000000e+00 0.000000e+00 0.000000e+00 0.000000e+00 0.000000e+00 0.000000e+00 0.000000e+00
 0.000000e+00 0.000000e+00 0.000000e+00 0.000000e+00 0.000000e+00 0.000000e+00 0.000000e+00 0.000000e+00 0.000000e+00 0.000000e+00 0.000000e+00 0.000000e+00 0.000000e+00 0.000000e+00 0.000000e+00 0.000000e+00 0.000000e+00 0.000000e+00 0.000000e+00 0.000000e+00 0.000000e+00 0.000000e+00 0.000000e+00 0.000000e+00 2.762520e-01 7.237480e-01 0.000000e+00 0.000000e+00 0.000000e+00 0.000000e+00 0.000000e+00 0.000000e+00 0.000000e+00 0.000000e+00 0.000000e+00 0.000000e+00 0.000000e+00 0.000000e+00 0.000000e+00 0.000000e+00
 0.000000e+00 0.000000e+00 0.000000e+00 0.000000e+00 0.000000e+00 0.000000e+00 0.000000e+00 0.000000e+00 0.000000e+00 0.000000e+00 0.000000e+00 0.000000e+00 0.000000e+00 0.000000e+00 0.000000e+00 0.000000e+00 0.000000e+00 0.000000e+00 0.000000e+00 0.000000e+00 0.000000e+00 0.000000e+00 0.000000e+00 0.000000e+00 0.000000e+00 1.321586e-02 9.867842e-01 0.000000e+00 0.000000e+00 0.000000e+00 0.000000e+00 0.000000e+00 0.000000e+00 0.000000e+00 0.000000e+00 0.000000e+00 0.000000e+00 0.000000e+00 0.000000e+00 0.000000e+00
 0.000000e+00 0.000000e+00 0.000000e+00 0.000000e+00 0.000000e+00 0.000000e+00 0.000000e+00 0.000000e+00 0.000000e+00 0.000000e+00 0.000000e+00 0.000000e+00 0.000000e+00 0.000000e+00 0.000000e+00 0.000000e+00 0.000000e+00 0.000000e+00 0.000000e+00 0.000000e+00 0.000000e+00 0.000000e+00 0.000000e+00 0.000000e+00 0.000000e+00 0.000000e+00 2.667758e-01 7.332242e-01 0.000000e+00 0.000000e+00 0.000000e+00 0.000000e+00 0.000000e+00 0.000000e+00 0.000000e+00 0.000000e+00 0.000000e+00 0.000000e+00 0.000000e+00 0.000000e+00
 0.000000e+00 0.000000e+00 0.000000e+00 0.000000e+00 0.000000e+00 0.000000e+00 0.000000e+00 0.000000e+00 0.000000e+00 0.000000e+00 0.000000e+00 0.000000e+00 0.000000e+00 0.000000e+00 0.000000e+00 0.000000e+00 0.000000e+00 0.000000e+00 0.000000e+00 0.000000e+00 0.000000e+00 0.000000e+00 0.000000e+00 0.000000e+00 0.000000e+00 0.000000e+00 0.000000e+00 2.183406e-02 9.781659e-01 0.000000e+00 0.000000e+00 0.000000e+00 0.000000e+00 0.000000e+00 0.000000e+00 0.000000e+00 0.000000e+00 0.000000e+00 0.000000e+00 0.000000e+00
 0.000000e+00 0.000000e+00 0.000000e+00 0.000000e+00 0.000000e+00 0.000000e+00 0.000000e+00 0.000000e+00 0.000000e+00 0.000000e+00 0.000000e+00 0.000000e+00 0.000000e+00 0.000000e+00 0.000000e+00 0.000000e+00 0.000000e+00 0.000000e+00 0.000000e+00 0.000000e+00 0.000000e+00 0.000000e+00 0.000000e+00 0.000000e+00 0.000000e+00 0.000000e+00 0.000000e+00 0.000000e+00 4.691943e-01 5.308057e-01 0.000000e+00 0.000000e+00 0.000000e+00 0.000000e+00 0.000000e+00 0.000000e+00 0.000000e+00 0.000000e+00 0.000000e+00 0.000000e+00
 0.000000e+00 0.000000e+00 0.000000e+00 0.000000e+00 0.000000e+00 0.000000e+00 0.000000e+00 0.000000e+00 0.000000e+00 0.000000e+00 0.000000e+00 0.000000e+00 0.000000e+00 0.000000e+00 0.000000e+00 0.000000e+00 0.000000e+00 0.000000e+00 0.000000e+00 0.000000e+00 0.000000e+00 0.000000e+00 0.000000e+00 0.000000e+00 0.000000e+00 0.000000e+00 0.000000e+00 0.000000e+00 0.000000e+00 3.846154e-01 6.153846e-01 0.000000e+00 0.000000e+00 0.000000e+00 0.000000e+00 0.000000e+00 0.000000e+00 0.000000e+00 0.000000e+00 0.000000e+00
 0.000000e+00 0.000000e+00 0.000000e+00 0.000000e+00 0.000000e+00 0.000000e+00 0.000000e+00 0.000000e+00 0.000000e+00 0.000000e+00 0.000000e+00 0.000000e+00 0.000000e+00 0.000000e+00 0.000000e+00 0.000000e+00 0.000000e+00 0.000000e+00 0.000000e+00 0.000000e+00 0.000000e+00 0.000000e+00 0.000000e+00 0.000000e+00 0.000000e+00 0.000000e+00 0.000000e+00 0.000000e+00 0.000000e+00 0.000000e+00 3.507246e-01 6.492754e-01 0.000000e+00 0.000000e+00 0.000000e+00 0.000000e+00 0.000000e+00 0.000000e+00 0.000000e+00 0.000000e+00
 0.000000e+00 0.000000e+00 0.000000e+00 0.000000e+00 0.000000e+00 0.000000e+00 0.000000e+00 0.000000e+00 0.000000e+00 0.000000e+00 0.000000e+00 0.000000e+00 0.000000e+00 0.000000e+00 0.000000e+00 0.000000e+00 0.000000e+00 0.000000e+00 0.000000e+00 0.000000e+00 0.000000e+00 0.000000e+00 0.000000e+00 0.000000e+00 0.000000e+00 0.000000e+00 0.000000e+00 0.000000e+00 0.000000e+00 0.000000e+00 0.000000e+00 3.469388e-01 6.530612e-01 0.000000e+00 0.000000e+00 0.000000e+00 0.000000e+00 0.000000e+00 0.000000e+00 0.000000e+00
 0.000000e+00 0.000000e+00 0.000000e+00 0.000000e+00 0.000000e+00 0.000000e+00 0.000000e+00 0.000000e+00 0.000000e+00 0.000000e+00 0.000000e+00 0.000000e+00 0.000000e+00 0.000000e+00 0.000000e+00 0.000000e+00 0.000000e+00 0.000000e+00 0.000000e+00 0.000000e+00 0.000000e+00 0.000000e+00 0.000000e+00 0.000000e+00 0.000000e+00 0.000000e+00 0.000000e+00 0.000000e+00 0.000000e+00 0.000000e+00 0.000000e+00 0.000000e+00 2.380952e-01 7.619048e-01 0.000000e+00 0.000000e+00 0.000000e+00 0.000000e+00 0.000000e+00 0.000000e+00
 0.000000e+00 0.000000e+00 0.000000e+00 0.000000e+00 0.000000e+00 0.000000e+00 0.000000e+00 0.000000e+00 0.000000e+00 0.000000e+00 0.000000e+00 0.000000e+00 0.000000e+00 0.000000e+00 0.000000e+00 0.000000e+00 0.000000e+00 0.000000e+00 0.000000e+00 0.000000e+00 0.000000e+00 0.000000e+00 0.000000e+00 0.000000e+00 0.000000e+00 0.000000e+00 0.000000e+00 0.000000e+00 0.000000e+00 0.000000e+00 0.000000e+00 0.000000e+00 0.000000e+00 5.564356e-01 4.435644e-01 0.000000e+00 0.000000e+00 0.000000e+00 0.000000e+00 0.000000e+00
 0.000000e+00 0.000000e+00 0.000000e+00 0.000000e+00 0.000000e+00 0.000000e+00 0.000000e+00 0.000000e+00 0.000000e+00 0.000000e+00 0.000000e+00 0.000000e+00 0.000000e+00 0.000000e+00 0.000000e+00 0.000000e+00 0.000000e+00 0.000000e+00 0.000000e+00 0.000000e+00 0.000000e+00 0.000000e+00 0.000000e+00 0.000000e+00 0.000000e+00 0.000000e+00 0.000000e+00 0.000000e+00 0.000000e+00 0.000000e+00 0.000000e+00 0.000000e+00 0.000000e+00 0.000000e+00 4.159061e-01 5.840939e-01 0.000000e+00 0.000000e+00 0.000000e+00 0.000000e+00
 0.000000e+00 0.000000e+00 0.000000e+00 0.000000e+00 0.000000e+00 0.000000e+00 0.000000e+00 0.000000e+00 0.000000e+00 0.000000e+00 0.000000e+00 0.000000e+00 0.000000e+00 0.000000e+00 0.000000e+00 0.000000e+00 0.000000e+00 0.000000e+00 0.000000e+00 0.000000e+00 0.000000e+00 0.000000e+00 0.000000e+00 0.000000e+00 0.000000e+00 0.000000e+00 0.000000e+00 0.000000e+00 0.000000e+00 0.000000e+00 0.000000e+00 0.000000e+00 0.000000e+00 0.000000e+00 0.000000e+00 4.509804e-01 5.490196e-01 0.000000e+00 0.000000e+00 0.000000e+00
 0.000000e+00 0.000000e+00 0.000000e+00 0.000000e+00 0.000000e+00 0.000000e+00 0.000000e+00 0.000000e+00 0.000000e+00 0.000000e+00 0.000000e+00 0.000000e+00 0.000000e+00 0.000000e+00 0.000000e+00 0.000000e+00 0.000000e+00 0.000000e+00 0.000000e+00 0.000000e+00 0.000000e+00 0.000000e+00 0.000000e+00 0.000000e+00 0.000000e+00 0.000000e+00 0.000000e+00 0.000000e+00 0.000000e+00 0.000000e+00 0.000000e+00 0.000000e+00 0.000000e+00 0.000000e+00 0.000000e+00 0.000000e+00 7.628866e-02 9.237114e-01 0.000000e+00 0.000000e+00
 0.000000e+00 0.000000e+00 0.000000e+00 0.000000e+00 0.000000e+00 0.000000e+00 0.000000e+00 0.000000e+00 0.000000e+00 0.000000e+00 0.000000e+00 0.000000e+00 0.000000e+00 0.000000e+00 0.000000e+00 0.000000e+00 0.000000e+00 0.000000e+00 0.000000e+00 0.000000e+00 0.000000e+00 0.000000e+00 0.000000e+00 0.000000e+00 0.000000e+00 0.000000e+00 0.000000e+00 0.000000e+00 0.000000e+00 0.000000e+00 0.000000e+00 0.000000e+00 0.000000e+00 0.000000e+00 0.000000e+00 0.000000e+00 0.000000e+00 5.960324e-01 4.039675e-01 0.000000e+00
 0.000000e+00 0.000000e+00 0.000000e+00 0.000000e+00 0.000000e+00 0.000000e+00 0.000000e+00 0.000000e+00 0.000000e+00 0.000000e+00 0.000000e+00 0.000000e+00 0.000000e+00 0.000000e+00 0.000000e+00 0.000000e+00 0.000000e+00 0.000000e+00 0.000000e+00 0.000000e+00 0.000000e+00 0.000000e+00 0.000000e+00 0.000000e+00 0.000000e+00 0.000000e+00 0.000000e+00 0.000000e+00 0.000000e+00 0.000000e+00 0.000000e+00 0.000000e+00 0.000000e+00 0.000000e+00 0.000000e+00 0.000000e+00 0.000000e+00 0.000000e+00 4.790698e-01 5.209302e-01
 0.000000e+00 0.000000e+00 0.000000e+00 0.000000e+00 0.000000e+00 0.000000e+00 0.000000e+00 0.000000e+00 0.000000e+00 0.000000e+00 0.000000e+00 0.000000e+00 0.000000e+00 0.000000e+00 0.000000e+00 0.000000e+00 0.000000e+00 0.000000e+00 0.000000e+00 0.000000e+00 0.000000e+00 0.000000e+00 0.000000e+00 0.000000e+00 0.000000e+00 0.000000e+00 0.000000e+00 0.000000e+00 0.000000e+00 0.000000e+00 0.000000e+00 0.000000e+00 0.000000e+00 0.000000e+00 0.000000e+00 0.000000e+00 0.000000e+00 0.000000e+00 0.000000e+00 0.000000e+00
<ENDHMM>
