~o
<STREAMINFO> 1 39
<VECSIZE> 39<NULLD><MFCC_E_D_A><DIAGC>
~h "Tai"
<BEGINHMM>
<NUMSTATES> 7
<STATE> 2
<MEAN> 39
 -9.093735e+00 -6.998132e+00 -8.039922e+00 -2.244056e+00 2.200303e+00 -5.741309e+00 3.224389e+00 -2.951767e-01 1.619646e+00 -5.364915e+00 9.223650e-01 -1.852926e+00 2.567521e-01 -4.464672e-01 -1.413799e+00 -1.793493e+00 -6.954691e-01 6.191631e-01 -4.866534e-01 7.371406e-01 -7.121259e-02 2.732130e-01 -8.085074e-01 -6.159282e-01 3.115602e-01 8.458089e-02 2.924186e-02 -3.119604e-01 -1.986750e-02 1.886703e-02 2.505893e-01 8.721724e-02 3.656752e-02 -2.025516e-01 -5.310800e-02 1.033638e-01 1.043188e-02 -5.893079e-02 7.865554e-03
<VARIANCE> 39
 2.777413e+01 7.509931e+01 6.644746e+01 3.890211e+01 2.378148e+01 2.766170e+01 2.837743e+01 1.893626e+01 1.795537e+01 2.669412e+01 2.372843e+01 9.542798e+00 1.290772e-01 3.300620e+00 1.196551e+01 5.998583e+00 4.044822e+00 3.466695e+00 2.916321e+00 2.362688e+00 3.204870e+00 1.733673e+00 1.827265e+00 2.836289e+00 9.983970e-01 1.000000e-02 6.780592e-01 1.940111e+00 1.552330e+00 9.109209e-01 5.799644e-01 5.192527e-01 4.780547e-01 6.827021e-01 3.654440e-01 5.213826e-01 6.856058e-01 2.184344e-01 1.000000e-02
<GCONST> 1.084315e+02
<STATE> 3
<MEAN> 39
 -1.099410e+01 -2.388448e+01 -1.874146e+01 -5.228320e+00 1.244811e+01 -4.302639e+00 6.645772e+00 -8.163061e+00 3.981632e+00 -6.418340e+00 -2.975580e+00 -2.473751e+00 9.191365e-01 -8.007279e-02 -2.411342e-01 1.654788e-01 1.995643e-01 -1.634056e-01 2.729125e-01 -1.611246e-01 -6.899954e-02 -1.747281e-01 2.598177e-01 5.679190e-02 3.232135e-02 4.194407e-03 8.178464e-02 1.677669e-01 1.025363e-01 -4.298876e-02 -3.013448e-01 -5.827360e-02 6.053601e-02 2.311582e-01 -8.413044e-02 -7.613673e-02 -5.735759e-02 4.017688e-02 -4.804762e-03
<VARIANCE> 39
 1.777571e+01 8.002993e+00 1.044242e+01 9.001692e+00 4.238871e+01 4.079624e+01 2.106015e+01 1.457809e+01 1.612920e+01 9.591225e+00 7.726315e+00 1.084170e+01 1.000000e-02 1.769554e+00 1.093327e+00 1.214607e+00 1.044616e+00 2.783939e+00 1.027857e+00 9.135456e-01 1.996418e+00 1.323092e+00 1.324995e+00 7.139365e-01 1.128434e+00 1.000000e-02 2.902577e-01 3.466632e-01 2.813367e-01 1.894785e-01 2.300256e-01 1.238344e-01 2.202935e-01 1.561001e-01 2.523221e-01 2.364011e-01 1.511722e-01 1.941090e-01 1.000000e-02
<GCONST> 7.440561e+01
<STATE> 4
<MEAN> 39
 -7.438879e+00 -2.239412e+01 -1.003166e+01 -1.049062e+01 -2.833902e+00 -6.091104e+00 1.119944e+01 -2.569998e-03 -2.018342e+00 -5.787181e+00 -6.962064e+00 3.396006e-02 8.497952e-01 6.383873e-01 7.347893e-01 1.286625e+00 -1.130966e+00 -8.213848e-01 -5.633267e-01 2.425843e-01 1.974533e-01 2.544031e-01 4.820959e-01 -6.333295e-01 1.698164e-01 -3.033660e-02 -1.090398e-02 -2.013193e-02 -1.030945e-03 1.784156e-02 3.263783e-01 -3.018598e-02 -1.655462e-01 -2.678981e-01 1.658112e-01 1.017768e-01 2.602352e-02 1.414458e-02 -3.627150e-03
<VARIANCE> 39
 2.460362e+01 3.681208e+01 2.645685e+01 3.593866e+01 3.712140e+01 3.992392e+01 3.308135e+01 6.554466e+00 3.141032e+01 1.842242e+01 1.859169e+01 1.240662e+01 1.098082e-02 6.775557e-01 1.040310e+00 7.041277e-01 1.612929e+00 2.958534e+00 2.073544e+00 3.946910e+00 1.367415e+00 4.164278e+00 1.482871e+00 1.107908e+00 1.644511e+00 1.000000e-02 1.549288e-01 2.251281e-01 1.473091e-01 3.467960e-01 2.241216e-01 4.209663e-01 6.680702e-01 1.804069e-01 7.095335e-01 2.212335e-01 2.088355e-01 3.776386e-01 1.000000e-02
<GCONST> 8.660250e+01
<STATE> 5
<MEAN> 39
 -3.235436e-01 -2.267821e+01 -3.939162e+00 -7.713451e+00 -3.415439e+00 -5.242600e+00 5.624442e+00 -2.506955e+00 4.455059e-01 -5.361373e+00 -6.183135e+00 1.476721e+00 4.682247e-01 6.266913e-01 -1.410088e-01 -2.455180e-01 1.527751e+00 6.792770e-02 3.868867e-01 -3.377645e-01 5.769462e-02 -3.349921e-01 -5.299709e-01 6.226273e-01 -2.597339e-01 -2.855638e-02 -7.199392e-02 1.483796e-01 -9.279702e-02 6.728554e-02 -5.895351e-04 -3.337087e-02 3.474858e-02 9.952825e-02 -2.154627e-02 -4.001107e-02 5.873894e-02 -7.742433e-02 1.831752e-03
<VARIANCE> 39
 8.220392e+00 1.035024e+01 2.316200e+01 5.509199e+01 8.902386e+00 2.494427e+01 1.810100e+01 1.622516e+01 1.356116e+01 1.700039e+01 2.926788e+01 1.084930e+01 1.091554e-02 3.018656e-01 1.890930e+00 1.296125e+00 2.489115e+00 1.520717e+00 2.397099e+00 1.924791e+00 2.011057e+00 1.218735e+00 1.268784e+00 1.934358e+00 9.131320e-01 1.000000e-02 3.859422e-02 2.259894e-01 2.156323e-01 5.027011e-01 3.041777e-01 4.951667e-01 3.534270e-01 3.216147e-01 2.658360e-01 3.481778e-01 3.639548e-01 1.656494e-01 1.000000e-02
<GCONST> 7.987339e+01
<STATE> 6
<MEAN> 39
 -1.971721e-01 -1.547045e+01 -4.823097e+00 6.468337e-01 8.862354e-01 -5.395567e+00 2.984818e+00 -1.584137e+00 -7.660470e-01 -6.653282e+00 4.777519e-02 3.041545e-02 2.037657e-01 -5.273442e-01 7.406657e-01 3.574189e-01 -1.587646e-01 3.685946e-01 1.344476e-01 -2.501017e-01 -1.180631e-01 1.255916e-01 1.863107e-01 3.787569e-01 8.991840e-02 -2.535771e-02 -5.791695e-02 -8.560734e-02 1.064134e-02 -6.084046e-02 -7.638665e-02 3.489248e-02 -3.074572e-02 -2.895608e-03 8.252882e-02 2.895580e-02 -2.265780e-02 3.991510e-02 -5.270239e-04
<VARIANCE> 39
 6.559385e+00 1.515346e+01 1.462291e+01 7.342583e+00 8.041148e+00 1.335834e+01 1.163014e+01 1.110335e+01 1.811354e+01 9.494971e+00 9.832040e+00 3.392843e+00 1.056703e-02 2.708872e-01 7.353057e-01 1.058121e+00 7.561328e-01 6.113710e-01 1.447531e+00 1.146503e+00 1.239565e+00 2.122493e+00 9.488181e-01 1.292925e+00 3.507671e-01 1.000000e-02 5.286042e-02 1.569491e-01 2.063583e-01 1.823860e-01 1.001678e-01 2.729824e-01 1.974814e-01 2.733493e-01 4.410745e-01 1.581111e-01 3.224798e-01 9.961402e-02 1.000000e-02
<GCONST> 6.299535e+01
<TRANSP> 7
 0.000000e+00 1.000000e+00 0.000000e+00 0.000000e+00 0.000000e+00 0.000000e+00 0.000000e+00
 0.000000e+00 9.056604e-01 9.433963e-02 0.000000e+00 0.000000e+00 0.000000e+00 0.000000e+00
 0.000000e+00 0.000000e+00 9.382716e-01 6.172839e-02 0.000000e+00 0.000000e+00 0.000000e+00
 0.000000e+00 0.000000e+00 0.000000e+00 9.019608e-01 9.803922e-02 0.000000e+00 0.000000e+00
 0.000000e+00 0.000000e+00 0.000000e+00 0.000000e+00 9.122807e-01 8.771931e-02 0.000000e+00
 0.000000e+00 0.000000e+00 0.000000e+00 0.000000e+00 0.000000e+00 9.206349e-01 7.936507e-02
 0.000000e+00 0.000000e+00 0.000000e+00 0.000000e+00 0.000000e+00 0.000000e+00 0.000000e+00
<ENDHMM>
