~o
<STREAMINFO> 1 26
<VECSIZE> 26<NULLD><MFCC_E_D><DIAGC>
~h "Tam"
<BEGINHMM>
<NUMSTATES> 32
<STATE> 2
<MEAN> 26
 -7.182980e+00 -7.605840e+00 7.351583e-01 -8.040829e-01 1.616133e+00 -3.853528e+00 3.004475e+00 5.310147e-01 1.559837e-01 -3.543576e+00 1.815708e+00 -1.738823e+00 -7.030158e-02 -1.311249e-01 1.165304e-01 -1.121153e+00 -7.823833e-01 -8.262137e-01 -1.640259e-01 -1.863454e-02 1.445579e-01 6.048554e-01 3.379118e-01 5.649952e-01 1.783337e-01 4.832605e-02
<VARIANCE> 26
 5.358244e+00 4.316994e+00 5.840205e+00 2.084076e+01 4.354214e+00 8.132344e+00 6.030738e+00 1.450923e+01 6.777945e+00 1.410247e+01 1.206862e+01 7.021974e+00 1.000000e-02 5.527118e-01 2.996822e-01 1.716797e+00 5.071065e-01 6.029574e-01 1.075566e+00 1.348821e+00 1.421692e+00 3.853335e-01 1.252316e+00 7.220784e-01 1.086158e+00 1.000000e-02
<GCONST> 6.086552e+01
<STATE> 3
<MEAN> 26
 -6.524056e+00 -7.418779e+00 -5.207019e+00 -2.768492e+00 -8.849910e-01 -4.700503e+00 3.540715e+00 1.419456e-01 1.556438e+00 -2.816409e+00 1.830770e+00 -2.854964e+00 8.382142e-02 -7.760448e-01 -1.763990e+00 -5.818721e+00 -2.180364e+00 -4.520039e-01 -2.396360e+00 2.135686e+00 9.167638e-01 5.695205e-01 -1.501987e+00 -2.328487e+00 2.434303e-01 2.256140e-01
<VARIANCE> 26
 1.174900e+01 3.756433e+00 1.320752e+01 9.733644e+00 1.112080e+01 1.196523e+01 1.663086e+01 1.525770e+01 1.024135e+01 6.215520e+00 4.871387e+00 6.192587e+00 5.407789e-02 2.278607e+00 2.033588e+00 7.831917e-01 1.508003e+00 2.987001e+00 1.093771e+00 2.266389e+00 9.839438e-01 2.408664e+00 4.034349e+00 7.732109e-01 3.405882e-01 1.000000e-02
<GCONST> 7.151862e+01
<STATE> 4
<MEAN> 26
 -1.052289e+01 -1.494146e+01 -2.093032e+01 -9.032397e+00 -3.012396e-01 -1.250590e+01 9.972260e+00 2.758531e+00 1.241536e+00 -1.025140e+01 -6.963919e+00 -8.057972e-01 7.458428e-01 -9.208804e-01 -3.889564e+00 -4.593779e+00 -6.877486e-02 6.126441e-01 2.171904e-01 1.718052e+00 -1.215934e+00 -2.353325e-01 -3.318942e+00 -1.167420e+00 5.628420e-01 2.037399e-01
<VARIANCE> 26
 3.892826e+01 2.238537e+01 1.611410e+01 1.725788e+01 3.792870e+01 3.923728e+01 3.029230e+01 1.671176e+01 2.113776e+01 2.533862e+01 3.534868e+00 8.998993e+00 1.000000e-02 1.484517e+00 8.554632e-01 2.783710e+00 2.207067e+00 2.121565e+00 1.863588e+00 2.903955e+00 1.993148e+00 1.116025e+00 1.140979e+00 1.319336e+00 1.848007e+00 1.000000e-02
<GCONST> 8.056583e+01
<STATE> 5
<MEAN> 26
 -9.297092e+00 -2.146007e+01 -2.342423e+01 -2.968665e+00 1.773206e+00 -5.113415e+00 1.080297e+01 -4.679484e+00 1.195699e+00 -1.584110e+01 -2.462669e+00 -6.303146e-01 8.985857e-01 4.861780e-01 -2.300969e+00 -1.599106e-02 2.357058e+00 1.170159e+00 2.251446e+00 -1.153419e+00 -2.685620e+00 7.025320e-01 -5.372629e-01 1.867444e+00 -3.365846e-01 5.306233e-02
<VARIANCE> 26
 1.880181e+01 4.288411e+00 2.862928e+01 8.810174e+00 3.633232e+01 1.960987e+01 2.098235e+01 2.127980e+01 1.266863e+01 4.307159e+00 3.330110e+00 1.700344e+01 1.000000e-02 1.725124e+00 2.329227e+00 6.497795e-01 1.089244e+00 1.470603e+00 1.085870e+00 1.706046e+00 1.504528e+00 3.660616e+00 2.648080e+00 3.561427e-01 1.316074e+00 1.000000e-02
<GCONST> 7.317027e+01
<STATE> 6
<MEAN> 26
 -9.010783e+00 -2.414668e+01 -2.082828e+01 -4.970616e-01 4.892117e+00 -4.415969e+00 6.090856e+00 -6.981651e+00 2.651298e+00 -1.107461e+01 -1.901078e-01 -1.370326e+00 9.540505e-01 7.800595e-02 -1.079692e+00 8.220056e-01 6.060506e-01 8.086298e-01 -1.598022e-02 -1.642959e+00 -9.341682e-01 3.694957e-02 1.376709e+00 2.455210e-01 -5.749737e-01 1.780143e-02
<VARIANCE> 26
 1.812806e+01 4.158401e+00 2.134931e+01 4.751994e+00 1.363817e+01 1.897317e+01 2.112496e+01 2.361420e+01 1.640902e+01 4.637848e+00 2.117628e+00 2.896683e+01 1.000000e-02 1.364561e-01 3.168205e-01 2.470593e-01 4.626971e-01 1.373074e+00 3.343168e-01 3.991147e-01 4.807860e-01 1.177495e+00 5.796719e-01 9.556873e-01 3.504691e-01 1.000000e-02
<GCONST> 5.851823e+01
<STATE> 7
<MEAN> 26
 -9.201483e+00 -2.574064e+01 -1.966448e+01 -7.067389e-01 4.664747e+00 -4.312982e+00 2.441337e+00 -8.223705e+00 2.101865e+00 -1.001962e+01 -1.035569e+00 -3.668682e+00 9.729895e-01 2.052279e-03 -5.545789e-01 7.107361e-01 7.903323e-02 -2.983003e-01 5.336424e-01 -8.906001e-01 1.741490e-01 4.923288e-01 2.317871e-01 2.215324e-01 -5.736883e-02 6.591313e-03
<VARIANCE> 26
 1.701329e+01 3.131314e+00 1.508444e+01 5.389634e+00 7.299728e+00 3.345632e+01 2.356621e+01 1.383491e+01 2.858811e+00 9.981904e+00 7.789940e+00 2.096041e+01 1.000000e-02 9.736742e-02 7.553454e-02 1.586393e-01 1.577963e-01 2.197006e-01 1.531311e-01 4.936433e-01 3.483011e-01 1.144857e+00 3.127855e-01 9.609303e-01 2.868644e-01 1.000000e-02
<GCONST> 5.061166e+01
<STATE> 8
<MEAN> 26
 -1.000015e+01 -2.655328e+01 -1.766095e+01 -3.557689e-01 2.853966e+00 -9.938906e-01 1.401642e+00 -6.028547e+00 4.457274e+00 -1.005391e+01 5.992159e-01 -1.332126e+00 9.861054e-01 -1.206497e-01 -4.047510e-01 2.815889e-01 -1.567239e-01 -3.394191e-02 6.939095e-01 8.203462e-02 7.114409e-01 5.627772e-01 -8.674418e-01 -2.173846e-01 -6.563291e-02 3.005141e-03
<VARIANCE> 26
 1.221285e+01 1.689394e+00 2.150902e+01 3.379451e+00 8.783549e+00 2.784829e+01 1.120265e+01 1.120576e+01 4.689179e+00 3.281831e+00 2.316662e+01 1.237709e+01 1.000000e-02 9.016115e-02 1.192916e-01 3.153653e-01 3.545133e-01 3.774811e-01 4.482920e-01 9.044296e-01 7.026811e-02 4.413396e-01 4.019342e-01 6.490351e-01 2.385020e-01 1.000000e-02
<GCONST> 4.976109e+01
<STATE> 9
<MEAN> 26
 -9.263808e+00 -2.789420e+01 -1.783741e+01 -1.276797e+00 4.797565e+00 -1.688130e+00 2.304675e+00 -4.777506e+00 4.477445e+00 -1.280422e+01 -7.113109e-01 -3.140492e+00 9.770843e-01 4.053060e-02 9.734076e-03 6.707276e-01 2.496817e-01 6.828740e-01 6.445707e-01 -5.158411e-02 1.050984e+00 6.526726e-02 -4.813607e-01 1.066917e-01 3.894292e-01 -2.122937e-03
<VARIANCE> 26
 2.313807e+01 2.960064e+00 2.037917e+01 5.734701e+00 9.972198e+00 2.837112e+01 8.974429e+00 1.889824e+01 1.079743e+01 2.967584e+00 2.361337e+01 1.423500e+01 1.000000e-02 1.141173e-01 1.810212e-01 1.905759e-01 4.606284e-01 5.908151e-01 9.410571e-02 4.930789e-01 3.403715e-01 7.457884e-01 4.795082e-01 3.497424e-01 2.117150e-01 1.000000e-02
<GCONST> 5.300709e+01
<STATE> 10
<MEAN> 26
 -8.162763e+00 -2.585849e+01 -1.613269e+01 1.068644e+00 8.050870e+00 -3.061048e-01 3.451729e+00 -2.589327e+00 4.235832e+00 -1.322506e+01 2.162995e-01 -1.916112e+00 9.842529e-01 -3.060564e-01 1.224794e-01 1.768953e-01 2.526127e-01 2.533016e-01 3.415803e-01 -1.684535e-01 8.604285e-01 -1.041524e+00 -1.001421e+00 -1.112007e-01 -3.961914e-01 -6.884577e-03
<VARIANCE> 26
 1.825883e+01 1.169885e+00 1.301678e+01 9.345994e+00 2.096876e+01 2.773434e+01 1.423875e+01 1.031909e+01 9.856391e+00 2.098167e+00 1.193618e+01 1.587048e+01 1.000000e-02 3.877266e-01 2.671232e-01 2.788334e-01 4.948224e-01 5.504174e-01 4.055424e-01 2.759725e-01 6.262386e-01 4.947195e-01 2.460188e-01 2.358077e+00 2.633680e-01 1.000000e-02
<GCONST> 5.598033e+01
<STATE> 11
<MEAN> 26
 -1.038770e+01 -2.767003e+01 -1.779439e+01 -6.629585e-01 4.570748e+00 -7.326911e-01 1.526144e+00 -2.621582e+00 1.010647e+00 -1.604239e+01 -1.735215e+00 -4.037288e+00 9.575271e-01 -5.805560e-01 -1.382599e-01 -2.184083e-01 -2.643917e-01 -7.688528e-01 -2.032132e-01 7.785024e-02 -2.525738e-01 -5.714423e-01 -9.985967e-01 -5.361224e-02 -8.405097e-01 -1.469729e-02
<VARIANCE> 26
 1.001706e+01 2.082973e+00 1.822904e+01 4.799050e+00 1.641703e+01 3.701687e+01 1.129857e+01 1.173633e+01 1.871217e+01 1.026703e+01 2.482882e+00 2.260053e+01 1.000000e-02 2.448906e-01 1.797822e-01 2.500905e-01 1.957181e-01 1.014676e+00 3.465141e-01 2.281821e-01 1.096683e+00 8.231376e-01 4.985588e-01 3.056025e-01 8.953059e-01 1.000000e-02
<GCONST> 5.590928e+01
<STATE> 12
<MEAN> 26
 -1.099233e+01 -2.641174e+01 -1.682208e+01 -4.335515e-01 3.741740e+00 -4.389474e-01 3.106371e+00 -2.484067e+00 3.267138e+00 -1.546797e+01 -5.393740e-02 -2.362330e+00 9.266120e-01 1.123919e-01 2.480174e-01 -1.874218e-02 -9.061743e-01 -4.564404e-01 -2.601303e-01 1.520840e-01 3.063363e-01 5.471400e-01 -2.930892e-01 3.618559e-01 1.321162e-01 -1.543681e-02
<VARIANCE> 26
 6.767667e+00 3.064975e+00 9.183756e+00 1.076057e+01 1.529786e+01 3.877167e+01 2.320023e+01 3.726080e+01 2.127411e+01 1.004902e+01 6.038051e+00 3.632791e+01 1.000000e-02 1.441539e-01 4.577970e-01 1.370129e+00 9.216542e-01 7.214703e-01 1.536017e-01 2.574082e-01 2.789805e-01 1.439175e+00 4.794069e-01 3.489998e-01 1.447468e-01 1.000000e-02
<GCONST> 5.942809e+01
<STATE> 13
<MEAN> 26
 -9.620051e+00 -2.704438e+01 -1.662183e+01 -4.396621e+00 4.636404e+00 -1.543044e+00 2.145093e+00 -9.975199e-01 1.292753e+00 -1.815065e+01 -3.369366e-01 -5.153235e+00 9.063386e-01 4.987622e-01 3.058162e-01 5.286913e-02 -2.897903e-02 -4.740811e-01 -1.023598e-01 -3.486377e-01 -9.222551e-02 3.986381e-01 -1.481698e+00 -1.961620e-01 -4.174116e-01 -1.174034e-02
<VARIANCE> 26
 8.708405e+00 2.446260e+00 2.044535e+00 1.168954e+01 2.039293e+01 2.656137e+01 1.486400e+01 1.894933e+01 3.437917e+01 6.522638e+00 5.622076e+00 2.498151e+01 1.000000e-02 5.575786e-01 4.275378e-01 2.167782e-01 1.102821e+00 2.691159e-01 9.048110e-01 5.597548e-01 1.935692e-01 3.408427e+00 9.752824e-01 1.321122e+00 9.088185e-01 1.000000e-02
<GCONST> 6.198431e+01
<STATE> 14
<MEAN> 26
 -8.590913e+00 -2.472863e+01 -1.682140e+01 -1.065873e+00 2.843917e+00 -2.129170e+00 2.566785e+00 -2.927761e+00 5.056053e+00 -2.185408e+01 -1.488920e-01 -4.183637e+00 8.706049e-01 1.469925e+00 8.687751e-01 4.043380e-01 -2.970386e-01 -5.526012e-01 -4.775471e-01 -3.415482e-01 -4.780173e-02 -4.726716e-01 -1.306114e+00 -3.228406e-01 -3.532235e-01 -2.330743e-02
<VARIANCE> 26
 8.416031e+00 3.370100e+00 1.378712e+01 4.879063e+00 1.435991e+01 7.603464e+01 1.944980e+01 1.718300e+01 4.127216e+01 6.885244e+00 3.848904e+00 3.089277e+01 1.000000e-02 7.491019e-01 3.140458e-01 6.617512e-01 1.650943e+00 1.527784e+00 1.734614e+00 2.090685e-01 1.275543e+00 2.345523e+00 4.710269e+00 1.795871e+00 6.928301e-01 1.000000e-02
<GCONST> 7.027853e+01
<STATE> 15
<MEAN> 26
 -4.557270e+00 -2.257483e+01 -1.593416e+01 -2.658891e+00 1.011472e+00 -2.314593e+00 1.920276e+00 -2.014906e+00 2.667600e+00 -2.279885e+01 -2.026235e+00 -4.309908e+00 8.072153e-01 3.137923e+00 -3.879585e-01 1.305733e+00 -1.224705e+00 -2.793620e+00 -4.928533e-01 -1.735878e+00 -3.831796e-01 -5.751272e-01 1.773005e+00 -1.216728e+00 8.158921e-01 -5.219213e-02
<VARIANCE> 26
 1.928176e+01 7.015808e+00 5.790863e+00 1.082532e+01 2.065697e+01 2.471519e+01 6.939682e+00 2.163936e+01 2.353855e+01 5.315997e+01 1.967537e+01 1.787389e+01 1.000000e-02 4.367946e-01 7.978892e-01 6.752874e-01 1.320657e-01 2.506917e+00 4.904152e+00 9.998018e-01 1.384038e+00 2.214720e+00 1.712196e+00 1.021175e+00 2.478050e+00 1.000000e-02
<GCONST> 7.348597e+01
<STATE> 16
<MEAN> 26
 2.315999e+00 -2.653820e+01 -1.084547e+01 -7.300913e+00 -6.565430e+00 -3.967467e+00 -4.933550e+00 -3.463837e+00 2.309359e+00 -1.585297e+01 -5.821090e+00 -2.056581e+00 6.881703e-01 1.936040e+00 -1.034639e+00 1.302555e+00 -8.782670e-01 -2.149381e+00 -1.081725e+00 -1.959533e+00 -7.829032e-01 1.844395e-01 1.530422e+00 -2.490561e+00 7.455145e-01 -4.692217e-02
<VARIANCE> 26
 8.804064e+00 4.637260e+00 2.044712e+01 8.538357e+00 1.266414e+01 6.653600e+00 1.185849e+01 9.100618e+00 8.752630e+00 1.667990e+01 1.379732e+01 6.371577e+00 1.000000e-02 1.790595e+00 5.145130e-01 6.211441e-01 9.052297e-01 4.675118e+00 1.784518e+00 1.723653e+00 3.972697e+00 1.838871e+00 2.368790e+00 2.622576e+00 1.497551e+00 1.000000e-02
<GCONST> 7.224848e+01
<STATE> 17
<MEAN> 26
 2.990412e+00 -2.853176e+01 -1.042132e+01 -7.526993e+00 -7.237741e+00 -6.098307e+00 -6.224594e+00 -3.449519e+00 1.840304e+00 -1.494724e+01 -8.458056e+00 -1.254963e+00 6.350723e-01 7.776843e-01 -5.369730e-01 4.517016e-01 8.401560e-01 -6.907182e-01 -6.895612e-01 2.387610e-01 -5.161511e-01 -2.921891e-01 1.413941e+00 -4.568348e-01 -3.403623e-01 -3.144820e-02
<VARIANCE> 26
 3.147206e+00 3.339264e+00 8.497203e+00 6.421921e+00 1.474676e+01 2.379111e+00 1.672674e+01 4.198255e+01 4.582514e-01 1.216437e+01 1.185550e+01 8.734369e+00 1.000000e-02 1.864489e+00 2.299541e-01 1.604974e+00 6.100425e-01 2.420077e+00 5.259946e-01 2.433501e-01 4.662871e+00 1.160601e+00 3.299075e+00 1.675026e+00 6.356381e-01 1.000000e-02
<GCONST> 6.230141e+01
<STATE> 18
<MEAN> 26
 4.474652e+00 -2.687121e+01 -1.037083e+01 -4.787973e+00 -8.992289e+00 -6.459193e+00 -3.311915e+00 -6.255722e+00 9.377409e-01 -1.244286e+01 -7.866232e+00 -3.964723e+00 5.953430e-01 -3.489938e-03 2.049593e-01 3.321479e-01 6.530818e-01 -2.298383e-01 -2.152502e-01 1.363129e+00 -3.051468e-01 -5.420148e-01 1.173643e+00 1.268671e+00 -2.869956e-02 -2.710913e-02
<VARIANCE> 26
 5.249442e+00 8.971236e+00 2.595542e+00 5.137495e+00 5.146666e+00 8.743028e+00 5.228443e+00 2.994093e+01 8.959056e+00 1.859660e+01 1.354241e+01 1.666870e+01 1.000000e-02 3.271317e-01 2.875472e-01 8.422320e-01 1.013107e+00 1.115062e+00 5.944936e-01 6.360873e-01 1.247668e+00 6.868411e-01 2.121707e+00 2.790080e+00 1.672048e+00 1.000000e-02
<GCONST> 6.316388e+01
<STATE> 19
<MEAN> 26
 2.800714e+00 -2.718949e+01 -9.124153e+00 -4.230437e+00 -9.281375e+00 -6.886004e+00 -5.152095e-01 -5.080128e+00 2.475501e+00 -9.555872e+00 -4.171003e+00 -1.442436e+00 5.468739e-01 -9.885858e-01 -3.234859e-01 7.617947e-02 1.603928e-02 8.166416e-01 3.673521e-01 1.990108e-01 1.318614e+00 6.652665e-01 8.645991e-01 1.599448e+00 1.628973e+00 -3.302906e-02
<VARIANCE> 26
 5.050034e+00 1.569797e+01 2.064318e+00 1.888397e+01 2.341204e+01 1.017606e+01 1.266323e+01 4.648963e+00 1.388635e+01 2.536282e+01 1.124821e+01 3.101810e+01 1.000000e-02 8.899159e-02 2.327521e-01 4.072922e-01 1.115181e+00 2.559763e+00 7.249563e-01 4.503822e-01 1.263076e+00 8.565081e-01 3.064164e+00 4.807065e-01 2.219288e+00 1.000000e-02
<GCONST> 6.429564e+01
<STATE> 20
<MEAN> 26
 1.066918e+00 -2.724867e+01 -9.502801e+00 -4.735201e+00 -5.895363e+00 -4.881337e+00 -3.297575e+00 -2.040932e+00 1.229514e+00 -1.139807e+01 -2.349793e+00 1.935415e+00 4.714126e-01 -7.357486e-01 -2.584041e-01 -9.566820e-01 8.662406e-01 2.139717e+00 3.474085e-01 -3.064692e-02 1.404739e+00 -3.603154e-01 -7.842620e-01 2.368309e-01 9.101706e-01 -3.014562e-02
<VARIANCE> 26
 5.739326e+00 1.301584e+01 1.264689e+00 1.093097e+01 4.028687e+01 1.293740e+01 4.486223e+00 8.640612e+00 3.787476e+00 2.574859e+01 1.607230e+01 9.687168e+00 1.000000e-02 1.171972e-01 3.013156e-01 6.568438e-01 2.693226e+00 2.683005e+00 1.476272e+00 2.098816e+00 5.108461e-01 7.348580e-01 1.413588e+00 1.354355e+00 5.171674e+00 1.000000e-02
<GCONST> 6.571367e+01
<STATE> 21
<MEAN> 26
 2.694218e-01 -2.836395e+01 -1.248069e+01 2.063149e-01 -1.792449e-01 -4.709757e+00 9.092116e-01 5.287107e-01 1.494240e+00 -1.233323e+01 -2.589457e+00 2.525772e+00 4.251797e-01 1.151308e-02 2.587956e-01 -4.588068e-01 1.746612e+00 1.513985e+00 2.125863e-01 1.187842e+00 -2.368636e-01 -1.170015e+00 -3.392899e-01 8.537054e-02 -5.656979e-01 -2.643205e-02
<VARIANCE> 26
 2.034152e+00 5.419715e+00 2.588624e+00 1.523720e+01 1.983438e+01 7.414593e+00 2.072959e+01 4.650142e+00 5.964314e+00 1.855068e+00 3.579986e+00 2.242366e+01 1.000000e-02 2.369115e-01 8.709102e-01 9.009487e-01 8.339080e-01 2.356520e+00 4.456636e-01 6.521367e-01 1.137429e+00 1.272408e+00 8.521241e-01 1.036085e+00 1.898669e+00 1.000000e-02
<GCONST> 5.964150e+01
<STATE> 22
<MEAN> 26
 6.421636e-01 -2.750878e+01 -1.148399e+01 1.863669e+00 9.659335e-01 -3.588859e+00 1.595020e+00 -2.396924e+00 -1.771302e+00 -1.042243e+01 -1.120364e+00 4.092042e-01 3.951945e-01 5.345436e-01 1.208927e+00 3.636207e-01 8.750928e-01 7.521388e-01 -2.532325e-01 5.945543e-02 -4.326516e-02 -4.339597e-01 5.203332e-01 8.973908e-02 4.755380e-01 -1.569329e-02
<VARIANCE> 26
 1.506202e+00 4.848201e+00 1.615413e+01 9.316741e+00 1.599593e+01 2.395068e+01 6.500467e+00 7.457311e+00 5.706083e+00 7.359157e+00 5.575735e+00 1.931421e+01 1.000000e-02 7.549524e-02 2.981318e-01 4.866382e-01 7.669296e-01 1.992622e+00 1.546613e+00 4.435587e-01 1.075633e+00 2.328603e+00 2.588047e-01 2.742800e-01 2.182646e+00 1.000000e-02
<GCONST> 5.840931e+01
<STATE> 23
<MEAN> 26
 2.565088e+00 -2.329691e+01 -9.800092e+00 2.831290e+00 9.267922e-01 -5.763692e+00 4.244498e-01 -1.956849e+00 -9.493293e-01 -1.079916e+01 -1.959206e+00 3.435127e+00 3.693188e-01 2.337663e-01 8.388373e-01 1.795980e-01 4.500638e-01 3.493737e-01 -5.642350e-01 1.690654e-01 -1.792793e-01 -2.788927e-01 7.177153e-01 6.355244e-02 1.030928e+00 -1.994701e-02
<VARIANCE> 26
 2.238601e+00 4.543699e+00 1.114321e+01 7.450327e+00 2.930255e+00 6.441679e+00 5.928739e+00 9.637760e+00 2.130040e+01 7.612675e+00 4.860098e+00 5.388312e+00 1.000000e-02 1.081862e-01 4.407085e-01 3.310507e-01 5.244206e-01 2.494870e+00 1.401569e+00 8.365675e-01 3.841680e-01 1.636500e+00 8.323059e-01 4.770700e-01 3.639306e+00 1.000000e-02
<GCONST> 5.683355e+01
<STATE> 24
<MEAN> 26
 1.612047e+00 -2.378693e+01 -1.166884e+01 2.398513e+00 7.729240e-01 -7.198541e+00 1.679496e+00 -1.420698e+00 -2.443834e+00 -8.839292e+00 -1.628235e+00 4.004946e+00 3.246867e-01 -7.614578e-01 -5.879812e-01 -6.755705e-01 -8.091176e-02 6.193398e-01 5.210990e-01 4.947036e-01 7.447525e-01 -3.879359e-01 4.224608e-01 5.689693e-01 -3.848248e-02 -1.803133e-02
<VARIANCE> 26
 1.108787e+00 5.090878e+00 1.288517e+01 4.006261e+00 7.434584e+00 1.489949e+00 2.522850e+00 7.428876e+00 1.780144e+01 4.637942e+00 1.050690e+01 1.818047e+01 1.000000e-02 7.089598e-02 1.608843e-01 4.413998e-01 4.588014e-01 8.319043e-01 1.915220e-01 9.325982e-01 1.038572e+00 1.284417e+00 1.425041e+00 8.977121e-01 9.370710e-01 1.000000e-02
<GCONST> 5.174303e+01
<STATE> 25
<MEAN> 26
 -5.539829e-01 -2.636356e+01 -1.391974e+01 1.987799e+00 3.555533e+00 -3.757973e+00 2.104651e+00 -2.140362e-01 -2.728911e+00 -9.476624e+00 1.035205e-01 3.819262e+00 2.851554e-01 -2.756287e-01 5.145701e-01 1.910878e-01 2.516925e-01 7.099481e-01 2.797114e-01 8.505178e-02 -3.466325e-01 4.456251e-02 -8.454810e-01 3.095042e-01 -1.643537e-01 -1.235644e-02
<VARIANCE> 26
 2.333701e+00 5.809491e+00 8.550917e+00 2.035472e+00 1.521514e+00 7.607378e+00 1.512907e+01 1.233406e+01 4.927822e+00 1.061329e+01 1.505430e+01 1.071319e+01 1.000000e-02 2.841617e-01 1.047543e+00 9.542143e-01 2.501571e-01 1.108699e+00 4.236366e-01 6.759036e-01 7.709073e-01 2.011117e+00 7.363414e-01 3.354803e-01 1.006615e+00 1.000000e-02
<GCONST> 5.601128e+01
<STATE> 26
<MEAN> 26
 2.993561e-01 -2.211609e+01 -1.082181e+01 3.982202e+00 3.601102e+00 -4.798756e+00 1.485054e+00 -1.651214e+00 -2.146305e+00 -1.131404e+01 -1.093222e+00 2.218693e+00 2.659187e-01 8.630503e-02 7.645121e-01 3.619823e-01 4.151353e-01 -1.147009e-01 -9.847271e-01 -4.032871e-01 8.485668e-01 1.080666e+00 1.078684e+00 5.067619e-02 -1.154564e+00 -1.500933e-02
<VARIANCE> 26
 2.063568e+00 7.785362e+00 8.899539e+00 3.736792e+00 6.757294e+00 5.974836e+00 1.008973e+01 1.269635e+01 1.529739e+01 2.224282e+01 4.586064e+00 4.549474e+00 1.000000e-02 2.013069e-01 1.416337e+00 1.855147e+00 2.085238e-01 7.088766e-01 4.616859e-01 1.058411e+00 1.054121e+00 5.751660e-01 2.073755e+00 1.176611e+00 8.405428e-01 1.000000e-02
<GCONST> 5.922727e+01
<STATE> 27
<MEAN> 26
 -2.054110e-01 -2.301605e+01 -1.185311e+01 3.852049e+00 3.562747e+00 -8.402572e+00 9.718698e-01 1.624865e+00 1.185809e+00 -6.428109e+00 9.401434e-01 8.486967e-01 2.445481e-01 -1.371057e-01 6.276592e-01 5.635745e-01 8.151515e-02 3.238107e-01 4.596752e-02 -2.361181e-01 -2.691481e-01 -2.360095e-01 3.299963e-01 -4.568304e-02 -2.150446e-02 -1.502682e-02
<VARIANCE> 26
 2.064173e+00 6.222204e+00 9.974403e+00 3.263156e+00 7.347373e+00 6.187534e+00 1.016106e+01 1.345113e+01 7.220784e+00 1.116245e+01 6.712465e+00 6.207535e+00 1.000000e-02 2.746865e-01 6.177287e-01 7.195629e-01 6.595666e-01 5.259796e-01 1.027950e+00 6.647730e-01 1.079165e+00 1.406170e+00 1.824601e+00 7.776183e-01 2.734511e-01 1.000000e-02
<GCONST> 5.739171e+01
<STATE> 28
<MEAN> 26
 -1.078501e+00 -1.981828e+01 -9.585221e+00 2.603413e+00 4.794244e+00 -2.511320e+00 2.472335e+00 -8.164531e-01 -2.325704e+00 -9.260855e+00 -1.441372e+00 1.029049e+00 1.648561e-01 -5.083659e-01 8.438148e-01 5.654835e-01 -3.139535e-01 -2.833105e-02 6.443036e-01 2.111567e-01 -1.170631e+00 -5.537004e-01 -6.531819e-01 -1.767534e-02 1.500934e-01 -2.410684e-02
<VARIANCE> 26
 3.028924e+00 6.230683e+00 6.657360e+00 1.305509e+01 4.724807e+00 2.648034e+00 4.901009e+00 5.195652e+00 1.245336e+01 9.571102e+00 9.684860e+00 6.025850e+00 1.000000e-02 1.078549e+00 1.287741e+00 1.997288e+00 1.818986e+00 5.203132e-01 1.554708e+00 8.152975e-01 1.187932e+00 5.981932e-01 3.110086e+00 9.020790e-01 3.293142e-01 1.000000e-02
<GCONST> 6.136990e+01
<STATE> 29
<MEAN> 26
 -6.756867e-01 -1.861620e+01 -6.957409e+00 4.052754e+00 2.811344e+00 -7.347635e+00 -8.042916e-01 -4.974395e+00 -1.728413e+00 -8.731029e+00 1.711031e+00 1.506057e+00 2.084475e-01 -1.113050e+00 1.279908e+00 8.255025e-01 -8.462926e-01 -4.371956e-01 -2.923354e-01 -4.494419e-02 -5.219846e-02 7.256293e-02 6.521420e-01 4.157583e-01 2.495016e-01 -4.325455e-02
<VARIANCE> 26
 8.546398e+00 7.872369e+00 1.165620e+01 6.730977e+00 7.547357e+00 1.437583e+01 2.240626e+00 5.359683e+00 6.314886e+00 1.863941e+01 7.847565e+00 2.333095e+00 1.005402e-02 1.008347e+00 4.056991e-01 8.083407e-01 1.509949e+00 1.499801e+00 9.268961e-01 8.750870e-01 2.078391e+00 7.272611e-01 8.303795e-01 1.479034e+00 4.848855e-01 1.000000e-02
<GCONST> 6.139554e+01
<STATE> 30
<MEAN> 26
 -4.794659e+00 -1.452402e+01 -6.268921e+00 3.268578e-02 3.044684e+00 -5.533117e+00 1.803392e+00 -4.021044e-01 -9.369743e-01 -7.270725e+00 1.166353e-02 2.618498e+00 4.781480e-03 -9.274455e-01 1.685583e+00 1.052233e+00 -8.113709e-01 -7.146143e-02 3.432861e-01 1.483254e-02 1.183940e+00 7.511733e-01 6.163459e-01 5.682963e-01 3.737949e-01 -5.676951e-02
<VARIANCE> 26
 3.475049e+00 4.218514e+00 4.859355e+00 8.040915e+00 7.881393e+00 7.865356e+00 1.205144e+01 1.051289e+01 1.125019e+01 5.848478e+00 5.555960e+00 6.723323e+00 1.124304e-02 8.879068e-01 2.955453e-01 6.165013e-01 6.685524e-01 8.562593e-01 9.721522e-01 1.266900e+00 3.823521e-01 1.768931e-01 2.433606e+00 8.369741e-01 1.228918e+00 1.000000e-02
<GCONST> 5.787087e+01
<STATE> 31
<MEAN> 26
 -5.672556e+00 -1.308532e+01 -4.998916e+00 -1.386133e-01 3.426701e+00 -3.821761e+00 1.279956e+00 1.054694e+00 -1.115044e-01 -5.558465e+00 3.830056e+00 2.157629e+00 -6.300940e-02 -4.566101e-01 1.392529e-01 2.160135e-02 -3.566984e-02 5.764318e-01 4.350417e-01 3.134208e-01 5.217381e-03 9.197705e-02 8.290190e-01 3.608542e-01 -4.463328e-01 -2.888053e-02
<VARIANCE> 26
 2.249587e+00 4.619646e+00 6.020771e+00 4.695118e+00 1.204907e+01 6.506586e+00 1.001974e+01 5.149224e+00 1.086543e+01 9.574843e+00 1.135858e+01 1.352769e+01 1.000000e-02 2.647820e-01 1.992577e-01 2.176005e-01 2.492661e-01 3.819496e-01 5.430568e-01 1.343251e+00 1.530665e+00 2.312902e+00 6.431453e-01 4.253959e-01 1.638409e-01 1.000000e-02
<GCONST> 5.326688e+01
<TRANSP> 32
 0.000000e+00 1.000000e+00 0.000000e+00 0.000000e+00 0.000000e+00 0.000000e+00 0.000000e+00 0.000000e+00 0.000000e+00 0.000000e+00 0.000000e+00 0.000000e+00 0.000000e+00 0.000000e+00 0.000000e+00 0.000000e+00 0.000000e+00 0.000000e+00 0.000000e+00 0.000000e+00 0.000000e+00 0.000000e+00 0.000000e+00 0.000000e+00 0.000000e+00 0.000000e+00 0.000000e+00 0.000000e+00 0.000000e+00 0.000000e+00 0.000000e+00 0.000000e+00
 0.000000e+00 5.454546e-01 4.545455e-01 0.000000e+00 0.000000e+00 0.000000e+00 0.000000e+00 0.000000e+00 0.000000e+00 0.000000e+00 0.000000e+00 0.000000e+00 0.000000e+00 0.000000e+00 0.000000e+00 0.000000e+00 0.000000e+00 0.000000e+00 0.000000e+00 0.000000e+00 0.000000e+00 0.000000e+00 0.000000e+00 0.000000e+00 0.000000e+00 0.000000e+00 0.000000e+00 0.000000e+00 0.000000e+00 0.000000e+00 0.000000e+00 0.000000e+00
 0.000000e+00 0.000000e+00 4.444444e-01 5.555556e-01 0.000000e+00 0.000000e+00 0.000000e+00 0.000000e+00 0.000000e+00 0.000000e+00 0.000000e+00 0.000000e+00 0.000000e+00 0.000000e+00 0.000000e+00 0.000000e+00 0.000000e+00 0.000000e+00 0.000000e+00 0.000000e+00 0.000000e+00 0.000000e+00 0.000000e+00 0.000000e+00 0.000000e+00 0.000000e+00 0.000000e+00 0.000000e+00 0.000000e+00 0.000000e+00 0.000000e+00 0.000000e+00
 0.000000e+00 0.000000e+00 0.000000e+00 5.000000e-01 5.000000e-01 0.000000e+00 0.000000e+00 0.000000e+00 0.000000e+00 0.000000e+00 0.000000e+00 0.000000e+00 0.000000e+00 0.000000e+00 0.000000e+00 0.000000e+00 0.000000e+00 0.000000e+00 0.000000e+00 0.000000e+00 0.000000e+00 0.000000e+00 0.000000e+00 0.000000e+00 0.000000e+00 0.000000e+00 0.000000e+00 0.000000e+00 0.000000e+00 0.000000e+00 0.000000e+00 0.000000e+00
 0.000000e+00 0.000000e+00 0.000000e+00 0.000000e+00 4.444444e-01 5.555556e-01 0.000000e+00 0.000000e+00 0.000000e+00 0.000000e+00 0.000000e+00 0.000000e+00 0.000000e+00 0.000000e+00 0.000000e+00 0.000000e+00 0.000000e+00 0.000000e+00 0.000000e+00 0.000000e+00 0.000000e+00 0.000000e+00 0.000000e+00 0.000000e+00 0.000000e+00 0.000000e+00 0.000000e+00 0.000000e+00 0.000000e+00 0.000000e+00 0.000000e+00 0.000000e+00
 0.000000e+00 0.000000e+00 0.000000e+00 0.000000e+00 0.000000e+00 5.833333e-01 4.166667e-01 0.000000e+00 0.000000e+00 0.000000e+00 0.000000e+00 0.000000e+00 0.000000e+00 0.000000e+00 0.000000e+00 0.000000e+00 0.000000e+00 0.000000e+00 0.000000e+00 0.000000e+00 0.000000e+00 0.000000e+00 0.000000e+00 0.000000e+00 0.000000e+00 0.000000e+00 0.000000e+00 0.000000e+00 0.000000e+00 0.000000e+00 0.000000e+00 0.000000e+00
 0.000000e+00 0.000000e+00 0.000000e+00 0.000000e+00 0.000000e+00 0.000000e+00 4.444444e-01 5.555556e-01 0.000000e+00 0.000000e+00 0.000000e+00 0.000000e+00 0.000000e+00 0.000000e+00 0.000000e+00 0.000000e+00 0.000000e+00 0.000000e+00 0.000000e+00 0.000000e+00 0.000000e+00 0.000000e+00 0.000000e+00 0.000000e+00 0.000000e+00 0.000000e+00 0.000000e+00 0.000000e+00 0.000000e+00 0.000000e+00 0.000000e+00 0.000000e+00
 0.000000e+00 0.000000e+00 0.000000e+00 0.000000e+00 0.000000e+00 0.000000e+00 0.000000e+00 5.000000e-01 5.000000e-01 0.000000e+00 0.000000e+00 0.000000e+00 0.000000e+00 0.000000e+00 0.000000e+00 0.000000e+00 0.000000e+00 0.000000e+00 0.000000e+00 0.000000e+00 0.000000e+00 0.000000e+00 0.000000e+00 0.000000e+00 0.000000e+00 0.000000e+00 0.000000e+00 0.000000e+00 0.000000e+00 0.000000e+00 0.000000e+00 0.000000e+00
 0.000000e+00 0.000000e+00 0.000000e+00 0.000000e+00 0.000000e+00 0.000000e+00 0.000000e+00 0.000000e+00 5.454546e-01 4.545455e-01 0.000000e+00 0.000000e+00 0.000000e+00 0.000000e+00 0.000000e+00 0.000000e+00 0.000000e+00 0.000000e+00 0.000000e+00 0.000000e+00 0.000000e+00 0.000000e+00 0.000000e+00 0.000000e+00 0.000000e+00 0.000000e+00 0.000000e+00 0.000000e+00 0.000000e+00 0.000000e+00 0.000000e+00 0.000000e+00
 0.000000e+00 0.000000e+00 0.000000e+00 0.000000e+00 0.000000e+00 0.000000e+00 0.000000e+00 0.000000e+00 0.000000e+00 3.750000e-01 6.250000e-01 0.000000e+00 0.000000e+00 0.000000e+00 0.000000e+00 0.000000e+00 0.000000e+00 0.000000e+00 0.000000e+00 0.000000e+00 0.000000e+00 0.000000e+00 0.000000e+00 0.000000e+00 0.000000e+00 0.000000e+00 0.000000e+00 0.000000e+00 0.000000e+00 0.000000e+00 0.000000e+00 0.000000e+00
 0.000000e+00 0.000000e+00 0.000000e+00 0.000000e+00 0.000000e+00 0.000000e+00 0.000000e+00 0.000000e+00 0.000000e+00 0.000000e+00 2.857143e-01 7.142857e-01 0.000000e+00 0.000000e+00 0.000000e+00 0.000000e+00 0.000000e+00 0.000000e+00 0.000000e+00 0.000000e+00 0.000000e+00 0.000000e+00 0.000000e+00 0.000000e+00 0.000000e+00 0.000000e+00 0.000000e+00 0.000000e+00 0.000000e+00 0.000000e+00 0.000000e+00 0.000000e+00
 0.000000e+00 0.000000e+00 0.000000e+00 0.000000e+00 0.000000e+00 0.000000e+00 0.000000e+00 0.000000e+00 0.000000e+00 0.000000e+00 0.000000e+00 5.833333e-01 4.166667e-01 0.000000e+00 0.000000e+00 0.000000e+00 0.000000e+00 0.000000e+00 0.000000e+00 0.000000e+00 0.000000e+00 0.000000e+00 0.000000e+00 0.000000e+00 0.000000e+00 0.000000e+00 0.000000e+00 0.000000e+00 0.000000e+00 0.000000e+00 0.000000e+00 0.000000e+00
 0.000000e+00 0.000000e+00 0.000000e+00 0.000000e+00 0.000000e+00 0.000000e+00 0.000000e+00 0.000000e+00 0.000000e+00 0.000000e+00 0.000000e+00 0.000000e+00 4.444444e-01 5.555556e-01 0.000000e+00 0.000000e+00 0.000000e+00 0.000000e+00 0.000000e+00 0.000000e+00 0.000000e+00 0.000000e+00 0.000000e+00 0.000000e+00 0.000000e+00 0.000000e+00 0.000000e+00 0.000000e+00 0.000000e+00 0.000000e+00 0.000000e+00 0.000000e+00
 0.000000e+00 0.000000e+00 0.000000e+00 0.000000e+00 0.000000e+00 0.000000e+00 0.000000e+00 0.000000e+00 0.000000e+00 0.000000e+00 0.000000e+00 0.000000e+00 0.000000e+00 5.454546e-01 4.545455e-01 0.000000e+00 0.000000e+00 0.000000e+00 0.000000e+00 0.000000e+00 0.000000e+00 0.000000e+00 0.000000e+00 0.000000e+00 0.000000e+00 0.000000e+00 0.000000e+00 0.000000e+00 0.000000e+00 0.000000e+00 0.000000e+00 0.000000e+00
 0.000000e+00 0.000000e+00 0.000000e+00 0.000000e+00 0.000000e+00 0.000000e+00 0.000000e+00 0.000000e+00 0.000000e+00 0.000000e+00 0.000000e+00 0.000000e+00 0.000000e+00 0.000000e+00 3.750000e-01 6.250000e-01 0.000000e+00 0.000000e+00 0.000000e+00 0.000000e+00 0.000000e+00 0.000000e+00 0.000000e+00 0.000000e+00 0.000000e+00 0.000000e+00 0.000000e+00 0.000000e+00 0.000000e+00 0.000000e+00 0.000000e+00 0.000000e+00
 0.000000e+00 0.000000e+00 0.000000e+00 0.000000e+00 0.000000e+00 0.000000e+00 0.000000e+00 0.000000e+00 0.000000e+00 0.000000e+00 0.000000e+00 0.000000e+00 0.000000e+00 0.000000e+00 0.000000e+00 5.000000e-01 5.000000e-01 0.000000e+00 0.000000e+00 0.000000e+00 0.000000e+00 0.000000e+00 0.000000e+00 0.000000e+00 0.000000e+00 0.000000e+00 0.000000e+00 0.000000e+00 0.000000e+00 0.000000e+00 0.000000e+00 0.000000e+00
 0.000000e+00 0.000000e+00 0.000000e+00 0.000000e+00 0.000000e+00 0.000000e+00 0.000000e+00 0.000000e+00 0.000000e+00 0.000000e+00 0.000000e+00 0.000000e+00 0.000000e+00 0.000000e+00 0.000000e+00 0.000000e+00 1.666667e-01 8.333333e-01 0.000000e+00 0.000000e+00 0.000000e+00 0.000000e+00 0.000000e+00 0.000000e+00 0.000000e+00 0.000000e+00 0.000000e+00 0.000000e+00 0.000000e+00 0.000000e+00 0.000000e+00 0.000000e+00
 0.000000e+00 0.000000e+00 0.000000e+00 0.000000e+00 0.000000e+00 0.000000e+00 0.000000e+00 0.000000e+00 0.000000e+00 0.000000e+00 0.000000e+00 0.000000e+00 0.000000e+00 0.000000e+00 0.000000e+00 0.000000e+00 0.000000e+00 5.833333e-01 4.166667e-01 0.000000e+00 0.000000e+00 0.000000e+00 0.000000e+00 0.000000e+00 0.000000e+00 0.000000e+00 0.000000e+00 0.000000e+00 0.000000e+00 0.000000e+00 0.000000e+00 0.000000e+00
 0.000000e+00 0.000000e+00 0.000000e+00 0.000000e+00 0.000000e+00 0.000000e+00 0.000000e+00 0.000000e+00 0.000000e+00 0.000000e+00 0.000000e+00 0.000000e+00 0.000000e+00 0.000000e+00 0.000000e+00 0.000000e+00 0.000000e+00 0.000000e+00 4.444444e-01 5.555556e-01 0.000000e+00 0.000000e+00 0.000000e+00 0.000000e+00 0.000000e+00 0.000000e+00 0.000000e+00 0.000000e+00 0.000000e+00 0.000000e+00 0.000000e+00 0.000000e+00
 0.000000e+00 0.000000e+00 0.000000e+00 0.000000e+00 0.000000e+00 0.000000e+00 0.000000e+00 0.000000e+00 0.000000e+00 0.000000e+00 0.000000e+00 0.000000e+00 0.000000e+00 0.000000e+00 0.000000e+00 0.000000e+00 0.000000e+00 0.000000e+00 0.000000e+00 3.750000e-01 6.250000e-01 0.000000e+00 0.000000e+00 0.000000e+00 0.000000e+00 0.000000e+00 0.000000e+00 0.000000e+00 0.000000e+00 0.000000e+00 0.000000e+00 0.000000e+00
 0.000000e+00 0.000000e+00 0.000000e+00 0.000000e+00 0.000000e+00 0.000000e+00 0.000000e+00 0.000000e+00 0.000000e+00 0.000000e+00 0.000000e+00 0.000000e+00 0.000000e+00 0.000000e+00 0.000000e+00 0.000000e+00 0.000000e+00 0.000000e+00 0.000000e+00 0.000000e+00 3.750000e-01 6.250000e-01 0.000000e+00 0.000000e+00 0.000000e+00 0.000000e+00 0.000000e+00 0.000000e+00 0.000000e+00 0.000000e+00 0.000000e+00 0.000000e+00
 0.000000e+00 0.000000e+00 0.000000e+00 0.000000e+00 0.000000e+00 0.000000e+00 0.000000e+00 0.000000e+00 0.000000e+00 0.000000e+00 0.000000e+00 0.000000e+00 0.000000e+00 0.000000e+00 0.000000e+00 0.000000e+00 0.000000e+00 0.000000e+00 0.000000e+00 0.000000e+00 0.000000e+00 4.444444e-01 5.555556e-01 0.000000e+00 0.000000e+00 0.000000e+00 0.000000e+00 0.000000e+00 0.000000e+00 0.000000e+00 0.000000e+00 0.000000e+00
 0.000000e+00 0.000000e+00 0.000000e+00 0.000000e+00 0.000000e+00 0.000000e+00 0.000000e+00 0.000000e+00 0.000000e+00 0.000000e+00 0.000000e+00 0.000000e+00 0.000000e+00 0.000000e+00 0.000000e+00 0.000000e+00 0.000000e+00 0.000000e+00 0.000000e+00 0.000000e+00 0.000000e+00 0.000000e+00 4.444444e-01 5.555556e-01 0.000000e+00 0.000000e+00 0.000000e+00 0.000000e+00 0.000000e+00 0.000000e+00 0.000000e+00 0.000000e+00
 0.000000e+00 0.000000e+00 0.000000e+00 0.000000e+00 0.000000e+00 0.000000e+00 0.000000e+00 0.000000e+00 0.000000e+00 0.000000e+00 0.000000e+00 0.000000e+00 0.000000e+00 0.000000e+00 0.000000e+00 0.000000e+00 0.000000e+00 0.000000e+00 0.000000e+00 0.000000e+00 0.000000e+00 0.000000e+00 0.000000e+00 5.000000e-01 5.000000e-01 0.000000e+00 0.000000e+00 0.000000e+00 0.000000e+00 0.000000e+00 0.000000e+00 0.000000e+00
 0.000000e+00 0.000000e+00 0.000000e+00 0.000000e+00 0.000000e+00 0.000000e+00 0.000000e+00 0.000000e+00 0.000000e+00 0.000000e+00 0.000000e+00 0.000000e+00 0.000000e+00 0.000000e+00 0.000000e+00 0.000000e+00 0.000000e+00 0.000000e+00 0.000000e+00 0.000000e+00 0.000000e+00 0.000000e+00 0.000000e+00 0.000000e+00 5.000000e-01 5.000000e-01 0.000000e+00 0.000000e+00 0.000000e+00 0.000000e+00 0.000000e+00 0.000000e+00
 0.000000e+00 0.000000e+00 0.000000e+00 0.000000e+00 0.000000e+00 0.000000e+00 0.000000e+00 0.000000e+00 0.000000e+00 0.000000e+00 0.000000e+00 0.000000e+00 0.000000e+00 0.000000e+00 0.000000e+00 0.000000e+00 0.000000e+00 0.000000e+00 0.000000e+00 0.000000e+00 0.000000e+00 0.000000e+00 0.000000e+00 0.000000e+00 0.000000e+00 4.444444e-01 5.555556e-01 0.000000e+00 0.000000e+00 0.000000e+00 0.000000e+00 0.000000e+00
 0.000000e+00 0.000000e+00 0.000000e+00 0.000000e+00 0.000000e+00 0.000000e+00 0.000000e+00 0.000000e+00 0.000000e+00 0.000000e+00 0.000000e+00 0.000000e+00 0.000000e+00 0.000000e+00 0.000000e+00 0.000000e+00 0.000000e+00 0.000000e+00 0.000000e+00 0.000000e+00 0.000000e+00 0.000000e+00 0.000000e+00 0.000000e+00 0.000000e+00 0.000000e+00 5.454546e-01 4.545455e-01 0.000000e+00 0.000000e+00 0.000000e+00 0.000000e+00
 0.000000e+00 0.000000e+00 0.000000e+00 0.000000e+00 0.000000e+00 0.000000e+00 0.000000e+00 0.000000e+00 0.000000e+00 0.000000e+00 0.000000e+00 0.000000e+00 0.000000e+00 0.000000e+00 0.000000e+00 0.000000e+00 0.000000e+00 0.000000e+00 0.000000e+00 0.000000e+00 0.000000e+00 0.000000e+00 0.000000e+00 0.000000e+00 0.000000e+00 0.000000e+00 0.000000e+00 4.444444e-01 5.555556e-01 0.000000e+00 0.000000e+00 0.000000e+00
 0.000000e+00 0.000000e+00 0.000000e+00 0.000000e+00 0.000000e+00 0.000000e+00 0.000000e+00 0.000000e+00 0.000000e+00 0.000000e+00 0.000000e+00 0.000000e+00 0.000000e+00 0.000000e+00 0.000000e+00 0.000000e+00 0.000000e+00 0.000000e+00 0.000000e+00 0.000000e+00 0.000000e+00 0.000000e+00 0.000000e+00 0.000000e+00 0.000000e+00 0.000000e+00 0.000000e+00 0.000000e+00 5.000000e-01 5.000000e-01 0.000000e+00 0.000000e+00
 0.000000e+00 0.000000e+00 0.000000e+00 0.000000e+00 0.000000e+00 0.000000e+00 0.000000e+00 0.000000e+00 0.000000e+00 0.000000e+00 0.000000e+00 0.000000e+00 0.000000e+00 0.000000e+00 0.000000e+00 0.000000e+00 0.000000e+00 0.000000e+00 0.000000e+00 0.000000e+00 0.000000e+00 0.000000e+00 0.000000e+00 0.000000e+00 0.000000e+00 0.000000e+00 0.000000e+00 0.000000e+00 0.000000e+00 5.000000e-01 5.000000e-01 0.000000e+00
 0.000000e+00 0.000000e+00 0.000000e+00 0.000000e+00 0.000000e+00 0.000000e+00 0.000000e+00 0.000000e+00 0.000000e+00 0.000000e+00 0.000000e+00 0.000000e+00 0.000000e+00 0.000000e+00 0.000000e+00 0.000000e+00 0.000000e+00 0.000000e+00 0.000000e+00 0.000000e+00 0.000000e+00 0.000000e+00 0.000000e+00 0.000000e+00 0.000000e+00 0.000000e+00 0.000000e+00 0.000000e+00 0.000000e+00 0.000000e+00 3.750000e-01 6.250000e-01
 0.000000e+00 0.000000e+00 0.000000e+00 0.000000e+00 0.000000e+00 0.000000e+00 0.000000e+00 0.000000e+00 0.000000e+00 0.000000e+00 0.000000e+00 0.000000e+00 0.000000e+00 0.000000e+00 0.000000e+00 0.000000e+00 0.000000e+00 0.000000e+00 0.000000e+00 0.000000e+00 0.000000e+00 0.000000e+00 0.000000e+00 0.000000e+00 0.000000e+00 0.000000e+00 0.000000e+00 0.000000e+00 0.000000e+00 0.000000e+00 0.000000e+00 0.000000e+00
<ENDHMM>
