~o
<STREAMINFO> 1 39
<VECSIZE> 39<NULLD><MFCC_E_D_A><DIAGC>
~h "Tawng"
<BEGINHMM>
<NUMSTATES> 38
<STATE> 2
<MEAN> 39
 -6.777137e+00 -9.108111e+00 -1.728636e+00 -2.141285e+00 -3.686987e-01 -3.853182e+00 1.727315e-02 -1.599774e+00 -4.164529e-02 -1.937722e+00 4.049262e+00 7.894141e-01 -8.993484e-02 -7.613167e-01 -3.640908e-01 -1.039032e+00 -2.222677e-01 -9.709547e-02 1.108587e+00 3.785981e-01 6.863104e-01 3.234361e-01 6.799078e-02 -9.037697e-02 5.243485e-02 -8.621776e-03 -1.011396e-01 2.342595e-01 -2.631215e-01 -1.098513e-01 2.364675e-01 1.343745e-01 3.799246e-01 2.392253e-01 4.462894e-01 -4.190506e-01 -5.003163e-01 -2.744451e-01 3.134207e-02
<VARIANCE> 39
 2.938031e+00 3.196193e+00 2.919468e+00 7.630433e+00 3.375494e+00 6.852078e+00 8.154760e+00 2.605182e+00 2.360852e+01 5.965915e+00 7.681172e+00 1.056544e+01 1.000000e-02 4.463184e-01 3.553081e-01 2.553614e-01 1.105214e+00 6.205763e-01 4.382974e-01 8.568178e-01 8.178560e-01 2.196895e+00 1.233244e+00 8.490423e-01 2.120728e+00 1.000000e-02 4.209859e-01 2.931046e-01 5.542411e-01 1.053651e-01 2.747971e-01 2.246323e-01 2.219807e-01 1.427431e-01 6.036003e-01 1.453774e-01 2.072646e-01 1.861301e-01 1.000000e-02
<GCONST> 5.870880e+01
<STATE> 3
<MEAN> 39
 -7.641366e+00 -8.904763e+00 -3.340547e+00 -1.259840e+00 1.071758e+00 -1.093105e+00 1.779170e+00 -4.209583e-02 2.501993e+00 -1.227514e+00 3.736695e+00 -1.405557e+00 -1.180305e-01 -5.711125e-01 1.040933e+00 -5.148931e-01 -5.895211e-01 1.124858e+00 3.339280e-01 6.324558e-01 4.370955e-01 5.140838e-01 -8.899828e-01 -7.554973e-01 -3.733879e-01 7.181411e-02 -3.041752e-01 -9.242256e-02 -5.561633e-01 -4.161755e-01 1.664264e-01 -5.188528e-01 3.420967e-01 -4.244240e-02 -1.604382e-01 -7.232299e-01 -4.287425e-01 -1.147606e-01 5.288325e-02
<VARIANCE> 39
 2.717036e+00 2.679936e+00 3.897022e+00 6.395182e+00 8.210937e+00 5.973781e+00 6.870219e-01 4.723865e+00 8.667091e+00 7.808744e+00 4.292750e+00 7.439733e+00 1.000000e-02 3.826538e+00 2.632963e+00 2.902553e+00 2.044269e+00 2.336263e+00 5.293030e-01 5.020919e-01 1.293090e+00 2.752493e+00 4.105705e-01 1.418242e+00 2.075339e+00 1.000000e-02 2.727273e-01 2.833801e-01 9.802420e-01 2.855531e-01 2.349554e-01 4.266719e-01 3.730084e-01 1.771841e-01 5.269341e-01 1.243261e-02 2.904585e-01 3.130487e-01 1.000000e-02
<GCONST> 6.460822e+01
<STATE> 4
<MEAN> 39
 -6.067190e+00 -8.958924e+00 -1.512793e+00 -1.673275e+00 2.397554e+00 -1.409495e+00 2.423540e+00 -6.788527e-01 1.169330e+00 -3.257849e+00 2.216928e+00 -2.936774e-01 2.631193e-02 -1.317442e+00 -2.963949e-01 -2.963681e+00 -1.455559e+00 1.220641e-01 -4.162163e-01 1.360174e+00 8.855197e-01 1.600567e-01 -2.425615e+00 -1.653497e+00 -7.167938e-02 1.768295e-01 -1.715803e-01 -1.136685e+00 -1.316292e+00 -1.248830e-01 -2.642038e-01 -5.576152e-01 2.902273e-01 -9.210633e-02 -2.298438e-01 -3.854373e-01 -3.056399e-01 7.793687e-02 4.891142e-02
<VARIANCE> 39
 1.176613e+01 3.291866e+00 1.103060e+01 3.243012e+01 3.094670e+00 2.108414e+01 5.470662e+00 1.383541e+01 2.513596e+00 2.571163e+00 5.017179e+00 1.345160e+01 5.559443e-02 3.762542e+00 4.718293e+00 9.706733e+00 5.533946e-01 2.353029e+00 6.934285e+00 2.409192e+00 9.042178e-01 2.741301e+00 7.075154e-01 2.173653e+00 1.377345e+00 1.123649e-02 2.417557e-01 2.198908e-01 3.027984e-01 7.188681e-01 5.969744e-01 5.002690e-01 1.739607e-01 3.063472e-01 2.154680e-01 3.323561e-02 1.207982e-01 3.402241e-01 1.000000e-02
<GCONST> 7.697003e+01
<STATE> 5
<MEAN> 39
 -1.503459e+01 -4.554834e+00 -1.100495e+01 -7.978186e+00 1.935912e+00 -3.389210e+00 5.092207e+00 2.106985e+00 3.968621e+00 -8.461285e+00 -5.608857e-02 -1.490758e+00 4.375975e-01 -7.150291e-01 -3.785504e+00 -5.228073e+00 -1.302176e+00 -3.826850e-01 -2.199115e+00 1.977508e+00 4.734588e-01 -1.656479e-01 -2.267579e+00 -2.148147e+00 -1.564017e-01 2.472644e-01 9.192996e-01 -1.773735e+00 4.097849e-03 8.139450e-01 1.608959e-01 5.715641e-02 -2.952512e-01 -4.126619e-01 -4.874091e-01 3.887978e-01 6.411389e-02 -2.921401e-02 -2.061927e-03
<VARIANCE> 39
 3.312765e+01 7.378139e+01 8.125793e+01 1.309585e+01 5.457035e+01 8.248880e+01 2.869840e+01 7.120558e+00 1.092835e+01 2.016088e+01 2.466817e+01 1.357627e+01 1.134735e-01 7.966638e-01 3.071410e+00 1.281269e+00 2.576000e+00 3.050963e+00 3.623763e+00 1.108900e+00 3.519945e-01 1.554013e+00 6.436012e-01 1.373678e+00 1.455997e+00 1.000000e-02 6.112272e-01 1.301115e+00 1.938909e+00 2.219268e-01 9.063962e-01 1.537536e+00 2.841578e-01 2.680683e-01 4.913573e-01 5.088015e-01 2.681495e-01 2.808684e-01 1.000000e-02
<GCONST> 9.695992e+01
<STATE> 6
<MEAN> 39
 -9.824209e+00 -2.047253e+01 -2.052866e+01 -6.543478e+00 3.537896e-01 -6.640922e+00 8.704827e+00 1.777561e+00 1.039966e+00 -1.212885e+01 -6.035241e+00 -1.073161e+00 8.239965e-01 7.231587e-01 -5.346116e+00 -3.337603e+00 1.685529e+00 4.794546e-01 1.320308e-01 7.516222e-01 -1.014079e+00 -9.376308e-01 -1.404676e+00 -8.755462e-01 5.265030e-02 1.466040e-01 3.351750e-01 4.116834e-01 1.646790e+00 6.245944e-01 6.022430e-01 8.534575e-01 -7.879866e-01 -4.510604e-01 -2.032331e-02 9.518046e-01 9.011878e-01 -2.562051e-01 -5.833454e-02
<VARIANCE> 39
 3.094448e+00 7.464981e+00 1.079314e+01 1.489753e+01 1.320316e+01 4.884680e+01 3.235106e+01 1.394808e+01 1.751600e+01 5.081554e+00 2.199314e+01 8.186937e+00 1.000000e-02 3.516822e+00 6.206600e+00 6.964550e+00 2.368397e+00 3.556809e+00 4.371376e+00 7.723141e-01 1.862205e+00 8.833794e-01 2.950251e+00 9.110634e-01 1.243078e+00 1.000000e-02 1.000729e-01 1.275895e-01 2.458856e-02 2.081258e-01 2.975397e-01 4.593078e-01 4.452523e-01 1.666808e-01 1.528639e-01 1.025983e-01 3.819677e-01 2.183002e-01 1.000000e-02
<GCONST> 7.755431e+01
<STATE> 7
<MEAN> 39
 -9.562481e+00 -2.435576e+01 -2.014142e+01 -3.814695e+00 4.879038e+00 -5.537082e+00 8.789103e+00 -8.254249e-01 -1.160519e+00 -1.216617e+01 -4.146110e+00 -1.919774e+00 9.236636e-01 5.922565e-01 -2.559444e+00 -2.401732e-01 8.941064e-01 1.859823e+00 1.148637e+00 -1.334175e+00 -9.685289e-01 -8.948593e-01 6.177174e-01 -2.108222e-02 -7.606679e-01 6.340786e-02 -8.615076e-02 1.396344e+00 1.207019e+00 6.663647e-03 1.789737e-01 2.939265e-01 -6.770644e-01 7.805426e-02 5.323162e-01 6.515741e-01 5.491173e-01 -1.229432e-01 -4.445731e-02
<VARIANCE> 39
 5.786994e+00 2.272612e+00 1.843734e+01 1.650632e+01 3.153370e+01 3.191676e+01 2.661001e+01 9.735296e+00 2.702929e+00 4.839717e+00 1.500363e+01 8.006147e+00 1.000000e-02 5.239547e-01 4.142630e+00 1.842339e+00 5.422313e-01 6.827225e-01 1.244709e+00 7.880509e-01 1.312279e+00 4.264293e-01 1.371942e+00 1.308814e+00 2.230797e-01 1.000000e-02 1.666614e-01 2.249028e-01 8.179144e-01 2.241627e-01 7.990900e-01 6.589051e-01 2.685090e-01 1.074954e-01 7.398995e-02 3.251686e-01 2.690967e-01 8.398517e-02 1.000000e-02
<GCONST> 6.818094e+01
<STATE> 8
<MEAN> 39
 -9.612488e+00 -2.540372e+01 -2.011911e+01 -2.685335e+00 5.011423e+00 -1.746064e+00 3.769181e+00 -1.810149e+00 6.498346e-02 -9.361875e+00 -3.677364e+00 -3.479507e+00 9.590139e-01 1.992570e-01 -7.528862e-01 7.585194e-01 8.262739e-01 1.135060e+00 7.166334e-01 -7.078101e-01 -1.347822e-01 9.463207e-01 5.186889e-01 8.075694e-01 -5.604782e-01 2.279822e-02 -2.967140e-02 4.603635e-01 5.418528e-01 -1.909713e-01 -2.135312e-01 -5.683327e-02 1.876105e-01 1.755325e-01 5.005975e-01 -3.002328e-01 3.539528e-02 1.932507e-01 -1.844645e-02
<VARIANCE> 39
 7.397694e+00 1.006711e+01 8.804116e+00 1.259295e+01 2.554401e+01 1.316363e+01 9.432856e+00 2.674263e+01 7.988661e+00 7.437551e+00 1.244715e+01 1.156758e+01 1.000000e-02 1.398819e-01 2.228651e-01 8.757367e-01 3.099988e-01 2.562391e+00 6.796499e-01 1.032623e+00 5.084739e-01 2.330322e-01 7.146613e-01 1.308210e+00 7.658286e-01 1.000000e-02 4.636391e-02 3.910192e-01 4.526018e-01 3.660525e-02 3.570041e-01 1.909899e-01 3.327472e-02 5.276501e-01 4.676687e-02 1.738376e-01 3.071712e-01 1.138005e-01 1.000000e-02
<GCONST> 5.762669e+01
<STATE> 9
<MEAN> 39
 -8.173293e+00 -2.623370e+01 -1.726737e+01 -9.679406e-01 9.616407e+00 -2.872770e+00 5.070004e+00 -5.737301e-01 1.944485e+00 -9.560067e+00 -1.374389e+00 -4.424538e+00 9.839517e-01 4.826185e-01 -5.692501e-01 1.255146e+00 4.816070e-01 8.611128e-01 -1.048207e-01 -2.904182e-01 -3.721470e-01 9.175477e-01 -4.234093e-01 2.785369e-01 -1.446296e-01 8.631485e-03 -7.218091e-02 1.076016e-01 -1.788805e-01 -2.886600e-01 -5.246415e-01 -1.872249e-01 2.933044e-01 -4.127874e-02 -9.559473e-02 -5.572727e-01 -1.182417e-01 6.509627e-02 -7.933531e-03
<VARIANCE> 39
 5.180974e+00 3.286910e+00 1.026073e+01 9.128388e+00 2.749922e+01 1.374114e+01 7.832949e+00 9.602509e+00 6.791433e+00 1.257236e+01 5.312170e+00 1.084951e+01 1.000000e-02 1.644666e-01 4.196252e-01 4.471189e-01 4.191102e-01 2.202317e+00 1.500315e+00 5.841332e-01 2.178961e+00 7.546387e-01 4.459347e-01 9.597597e-01 7.653283e-01 1.000000e-02 1.800903e-02 3.580017e-02 5.940609e-02 8.086651e-02 1.609701e-01 2.041384e-01 5.828884e-02 5.080706e-02 3.229155e-02 2.169356e-01 1.601772e-01 4.403545e-02 1.000000e-02
<GCONST> 4.784545e+01
<STATE> 10
<MEAN> 39
 -8.414811e+00 -2.760118e+01 -1.555791e+01 -1.896712e+00 8.026514e+00 -2.616913e+00 3.661852e+00 -1.877494e+00 2.939115e+00 -1.110062e+01 -1.815561e+00 -3.637153e+00 9.925840e-01 1.791744e-01 -6.872262e-01 3.952798e-01 -3.001139e-01 -2.875194e-01 4.695025e-01 -4.702023e-02 -1.953006e-01 7.951624e-01 -9.944552e-01 3.736715e-01 -2.523944e-01 2.588060e-05 -1.634609e-01 2.227063e-01 -2.947650e-01 -3.334063e-01 -3.214647e-01 1.927990e-01 -3.771682e-02 7.955213e-02 -1.935887e-01 -3.268083e-01 -4.606077e-02 -9.209501e-02 -7.482336e-03
<VARIANCE> 39
 6.653067e+00 5.997201e+00 1.944564e+01 2.316039e+01 3.708515e+01 4.080275e+01 1.169306e+01 1.889643e+01 1.361166e+01 9.944630e+00 7.031590e+00 6.150991e+00 1.000000e-02 1.454409e-01 3.116742e-01 1.459481e-01 3.639145e-01 7.983640e-01 9.745099e-01 3.365173e-01 1.081195e+00 8.828609e-01 9.017512e-01 9.788563e-01 2.511654e-01 1.000000e-02 2.195638e-02 4.368097e-02 5.932859e-02 1.487875e-01 3.656869e-01 1.428088e-01 1.462857e-01 4.058003e-01 3.171843e-02 2.580410e-01 1.474970e-01 1.304289e-01 1.000000e-02
<GCONST> 5.391872e+01
<STATE> 11
<MEAN> 39
 -8.709156e+00 -2.896089e+01 -1.575320e+01 -2.938608e+00 7.302366e+00 -1.701006e+00 3.899185e+00 -2.031159e+00 5.567492e+00 -1.100398e+01 -1.399417e+00 -3.751326e+00 9.776952e-01 -2.079429e-01 2.121230e-01 8.931107e-02 -2.058392e-01 -4.502282e-01 1.080019e+00 -6.072319e-01 4.612323e-01 4.788100e-01 -1.528914e+00 7.139552e-02 -1.810384e-01 -1.047723e-02 -3.437632e-02 3.027477e-01 4.565430e-02 -2.683073e-01 2.046527e-01 -1.179556e-01 -1.677862e-01 1.428123e-02 -1.607430e-01 -3.774069e-01 5.941484e-02 -3.659299e-02 -4.774843e-03
<VARIANCE> 39
 1.082849e+01 7.342305e+00 1.759588e+01 1.985888e+01 3.015764e+01 3.355139e+01 9.399224e+00 3.874826e+00 1.404036e+01 1.933729e+01 1.480751e+01 1.456064e+01 1.000000e-02 1.283903e-01 2.613835e-01 1.185522e-01 6.315594e-01 3.368596e-01 1.011819e-01 4.781543e-01 1.566707e+00 4.789425e-01 3.007625e+00 1.008715e+00 8.459190e-01 1.000000e-02 4.000884e-02 9.489949e-02 2.330241e-02 8.712727e-02 1.159882e-01 1.405680e-01 1.162550e-01 1.473704e-01 7.021276e-02 2.007619e-01 2.438428e-01 1.047433e-01 1.000000e-02
<GCONST> 5.225244e+01
<STATE> 12
<MEAN> 39
 -8.851892e+00 -2.788984e+01 -1.628639e+01 -3.569701e+00 6.286307e+00 8.803025e-01 2.859545e+00 -1.589264e+00 3.937207e+00 -1.640192e+01 -9.836141e-01 -5.733847e+00 9.546936e-01 -2.915454e-01 5.063255e-01 4.869310e-01 -1.241084e+00 6.869967e-01 -1.274297e-01 -8.254703e-01 -4.897974e-01 -4.281282e-03 -2.500212e+00 1.395316e-01 -5.977636e-01 -2.161584e-02 6.910150e-02 2.736177e-01 1.954717e-01 -6.111569e-02 2.184677e-01 -4.264928e-01 -3.751453e-01 -4.979267e-02 -6.299148e-02 -3.359038e-01 -7.522564e-02 5.421379e-02 -6.613102e-03
<VARIANCE> 39
 4.552514e+00 2.001370e+00 1.851849e+01 6.540787e+00 4.087573e+01 3.868814e+01 1.440694e+01 2.035438e+00 3.647739e+01 2.707088e+01 2.197392e+01 2.428896e+01 1.000000e-02 2.932689e-01 3.623163e-01 1.470035e-01 3.803581e-01 5.571144e-01 2.044485e-01 8.012888e-01 1.222813e+00 3.134378e-01 4.824469e-01 5.502282e-01 1.078112e+00 1.000000e-02 5.770748e-02 1.264595e-01 4.798428e-02 8.892555e-02 6.645568e-02 6.199427e-02 1.770945e-01 1.317538e-01 2.943000e-01 7.038529e-01 2.708766e-01 1.718811e-01 1.000000e-02
<GCONST> 5.478942e+01
<STATE> 13
<MEAN> 39
 -8.328943e+00 -2.638369e+01 -1.537377e+01 -6.000693e+00 1.041472e+01 -2.886489e+00 2.384893e+00 -3.898835e+00 2.918804e+00 -2.172144e+01 -4.858206e-01 -7.999349e+00 9.140382e-01 3.492726e-01 1.006925e+00 9.633032e-01 -1.133447e+00 1.312439e-01 -3.542463e-01 -1.171240e+00 -2.031284e-01 1.049562e+00 -1.671505e+00 4.692617e-01 3.423427e-01 -3.098746e-02 3.155180e-01 3.384708e-02 1.970479e-01 8.254606e-02 -3.410905e-01 -1.867619e-01 -2.989762e-01 9.877180e-02 7.730571e-02 5.332593e-01 -7.196545e-02 1.930681e-01 -6.404237e-03
<VARIANCE> 39
 6.855296e+00 4.239282e+00 1.160089e+01 8.481563e+00 1.884121e+01 3.642365e+01 1.173524e+01 5.352014e+00 3.163266e+01 2.488400e+01 3.255533e+00 3.061372e+01 1.000000e-02 3.329922e-01 5.790585e-01 2.618745e-01 3.537869e-01 3.175675e-01 3.011272e-01 1.002173e+00 7.039315e-01 1.833162e+00 3.057955e+00 1.717234e+00 1.091016e+00 1.000000e-02 1.000000e-02 6.090947e-02 5.298080e-02 8.874969e-02 1.109224e-01 9.350760e-02 1.221631e-01 1.822231e-01 3.126126e-01 2.033191e-01 7.389202e-02 2.972640e-01 1.000000e-02
<GCONST> 5.568121e+01
<STATE> 14
<MEAN> 39
 -8.323421e+00 -2.400197e+01 -1.328682e+01 -5.439514e+00 7.749333e+00 3.132669e-02 -2.929993e+00 -1.706217e+00 6.045472e+00 -2.441873e+01 -7.223118e-01 -4.550153e+00 8.474055e-01 7.081736e-01 4.615824e-01 1.088913e+00 -9.126121e-01 -5.152271e-01 -8.934643e-01 -2.296297e+00 2.974900e-02 -3.121787e-01 -1.548306e+00 -1.557700e-01 -1.778305e-01 -4.484216e-02 5.128422e-01 -4.610875e-01 4.853229e-01 -2.915335e-02 -3.096511e-01 1.742296e-02 -7.690878e-02 -6.406465e-03 -6.518318e-01 1.411507e+00 -2.367577e-01 7.847939e-02 -4.754744e-03
<VARIANCE> 39
 4.094393e+00 6.966805e+00 2.546414e+01 1.156885e+01 3.222427e+01 1.935411e+01 2.429876e+01 6.848187e+00 8.379230e+00 4.391177e+01 1.256970e-01 7.724931e+00 1.000000e-02 2.732623e-01 4.238386e-01 6.892365e-01 5.358118e-01 1.299936e+00 8.427520e-01 1.525834e+00 7.985039e-01 1.875424e+00 3.212829e+00 5.752043e-01 8.454363e-01 1.000000e-02 1.050514e-01 8.107459e-02 1.176779e-01 7.636999e-02 1.245939e-01 1.009106e-01 3.453050e-01 1.179335e-01 1.050491e-01 9.415175e-01 1.527621e-01 2.660264e-01 1.000000e-02
<GCONST> 5.996709e+01
<STATE> 15
<MEAN> 39
 -7.286128e+00 -2.565105e+01 -1.148635e+01 -8.613743e+00 7.292284e+00 -2.080453e+00 -2.461759e+00 -1.757839e+00 8.017440e+00 -2.251046e+01 -1.039620e+00 -6.079241e+00 8.083253e-01 1.314022e+00 -4.670543e-01 1.584764e+00 -7.186903e-01 -3.913319e-01 -3.104348e-01 -1.699164e+00 -4.131678e-01 -1.533059e+00 5.993879e-01 -8.113214e-01 -4.484080e-01 -4.518276e-02 3.802756e-01 -2.923018e-01 3.551110e-01 1.012621e-01 -7.467863e-02 8.664699e-02 8.850048e-02 8.973844e-02 -8.660055e-01 1.176629e+00 -3.422601e-01 1.659092e-01 -1.467828e-03
<VARIANCE> 39
 1.454373e+01 1.941817e+01 1.347912e+01 1.479521e+01 8.946961e+00 2.018653e+01 3.078009e+01 2.859060e+01 1.023115e+01 3.178493e+01 1.934165e+00 9.571892e+00 1.000000e-02 6.463515e-01 4.551082e-01 1.165791e+00 2.614330e-01 2.804023e+00 6.601084e-01 1.646622e+00 1.461718e+00 1.309817e+00 3.607854e+00 7.577638e-01 1.667528e+00 1.000000e-02 5.079013e-02 2.277590e-01 1.123231e-01 9.614410e-02 1.101903e-01 5.491016e-02 4.795579e-01 2.308994e-01 6.177298e-01 3.917223e-01 8.624002e-02 1.579519e-01 1.000000e-02
<GCONST> 6.833784e+01
<STATE> 16
<MEAN> 39
 -3.413390e+00 -2.592744e+01 -7.108401e+00 -9.063954e+00 6.207440e+00 -1.810204e+00 -9.778918e+00 -3.317516e+00 -7.317253e-03 -1.957529e+01 -2.667717e+00 -3.589539e+00 6.994280e-01 2.231028e+00 -6.090958e-01 2.756343e+00 -8.383100e-01 -4.933317e-01 -2.729417e-01 -5.342758e-01 5.401500e-01 -2.351405e+00 3.576801e+00 -9.100451e-01 4.917740e-01 -4.287085e-02 -2.214760e-04 1.382224e-02 -2.579440e-01 1.616177e-01 -3.103732e-01 1.853993e-01 8.064308e-01 1.340500e-01 1.301228e-01 3.653946e-01 8.607949e-02 -3.835627e-01 5.539605e-03
<VARIANCE> 39
 1.283552e+01 1.535917e+01 3.400416e+01 1.989099e+01 9.017825e+00 2.956403e+01 2.287599e+01 2.637342e+01 7.304667e+00 1.364641e+01 1.501214e+01 3.302631e+01 1.000000e-02 2.222410e-01 1.069539e+00 8.472325e-01 6.505720e-01 2.479927e+00 2.122096e-01 3.104570e+00 1.577042e+00 1.837099e+00 2.076313e+00 4.842291e-01 1.060747e+00 1.000000e-02 2.173981e-01 1.817348e-01 3.510430e-01 1.760873e-01 8.966243e-02 2.034232e-01 4.340999e-01 1.720681e-01 2.361179e-01 6.944752e-01 1.448962e-01 6.971602e-01 1.000000e-02
<GCONST> 7.533144e+01
<STATE> 17
<MEAN> 39
 -5.285536e-01 -2.738717e+01 -4.333322e+00 -1.022653e+01 6.189723e+00 -2.912275e+00 -7.027612e+00 -1.467263e+00 -1.833719e+00 -1.396979e+01 -4.796096e+00 -5.760880e+00 6.642897e-01 1.833483e+00 -2.922849e-02 1.462910e+00 -4.144582e-02 -1.494767e+00 7.968685e-02 -1.923012e-01 5.924472e-01 -1.701047e+00 2.754981e+00 -5.594855e-01 1.159290e-01 -3.569348e-02 -1.899859e-01 2.982448e-01 -7.585476e-01 2.826754e-01 -5.411494e-01 2.272450e-01 4.782829e-01 -3.802486e-01 6.692845e-01 -4.868181e-01 3.665108e-01 -8.131139e-02 6.218599e-03
<VARIANCE> 39
 1.442496e+01 3.176807e+00 7.047330e+00 1.544874e+00 4.038063e+01 2.994537e+01 9.941810e+00 2.459906e+01 8.313532e+00 4.151508e+00 1.586151e+01 1.108733e+01 1.000000e-02 5.414398e-01 1.104300e+00 9.407188e-01 1.564404e+00 9.277845e-01 4.420989e-01 3.101733e+00 6.237534e-01 1.672961e+00 3.210417e+00 1.114062e+00 2.715723e+00 1.000000e-02 1.289863e-01 1.366264e-01 1.714933e-01 6.174110e-02 6.556007e-01 2.440297e-01 2.895735e-01 1.771470e-01 2.395033e-01 3.638102e-01 1.338549e-01 4.808648e-01 1.000000e-02
<GCONST> 6.923843e+01
<STATE> 18
<MEAN> 39
 1.775901e+00 -2.615166e+01 -2.276961e+00 -9.853671e+00 2.615430e+00 -3.440141e+00 -5.956460e+00 -5.409173e-02 -2.287647e+00 -1.095451e+01 -4.214313e+00 -6.098740e+00 6.265894e-01 1.244426e+00 7.887146e-02 -5.093258e-02 -3.297520e-01 -2.313958e+00 7.759396e-01 4.245616e-01 -1.010448e+00 -3.846136e-01 1.623553e+00 2.442784e-01 -9.946820e-01 -2.036694e-02 -3.987653e-01 1.239525e-01 -7.485129e-01 1.753493e-01 -1.355028e-01 -3.056420e-02 3.984052e-02 -8.099168e-01 5.248381e-01 -1.070643e+00 6.474248e-02 9.528293e-02 5.631907e-03
<VARIANCE> 39
 4.716806e+00 3.671378e+00 1.498470e+01 9.243802e+00 2.289847e+01 1.802230e+01 2.394970e+00 3.622852e+01 7.076110e+00 2.067996e+01 6.041958e+00 1.054405e+01 1.000000e-02 1.013178e+00 3.333381e-01 1.498088e+00 1.190437e+00 1.099628e+00 2.084097e+00 6.710657e-01 6.244639e-01 5.864850e-01 3.154361e+00 1.502985e-01 2.889314e+00 1.000000e-02 6.529997e-02 1.055883e-01 7.370096e-02 8.372231e-02 2.405359e-01 1.187457e-01 5.921808e-01 1.996021e-01 3.216088e-02 1.221785e-01 2.719725e-01 3.353621e-01 1.000000e-02
<GCONST> 6.081422e+01
<STATE> 19
<MEAN> 39
 2.722875e+00 -2.618784e+01 -4.366161e+00 -1.127551e+01 -1.039775e+00 -9.068602e-01 -6.379250e+00 -4.504862e+00 -2.611898e+00 -1.041137e+01 -2.635551e+00 -7.138085e+00 5.930550e-01 7.000238e-01 2.998436e-01 -6.283988e-01 5.165063e-01 -2.025867e+00 -8.162560e-02 1.174021e-01 -2.126571e+00 4.465028e-01 -2.753374e-01 -4.630847e-01 4.745421e-01 -1.757498e-02 -2.338876e-01 1.482318e-01 -1.737694e-01 3.354008e-01 3.018996e-01 -4.545676e-01 5.677043e-02 2.394901e-01 1.081529e-01 -6.440553e-01 -1.874020e-01 2.077363e-01 3.196091e-03
<VARIANCE> 39
 3.248639e+00 1.375277e+00 3.802656e+00 1.262841e+01 7.575151e+00 1.355109e+00 1.172339e+01 2.078687e+01 1.092689e+01 1.237953e+01 9.195140e+00 1.795174e+01 1.000000e-02 3.977031e-01 1.143816e-01 1.441152e+00 6.258499e-01 1.377844e+00 5.757250e-01 1.089318e+00 1.061975e+00 3.736220e-01 3.921686e-01 1.929919e+00 9.697610e-01 1.000000e-02 9.377961e-02 4.117773e-02 1.556973e-01 1.003986e-01 8.838040e-02 1.423284e-01 1.137372e-01 2.401217e-01 8.204033e-02 1.451359e-01 1.613114e-01 7.480891e-01 1.000000e-02
<GCONST> 5.225875e+01
<STATE> 20
<MEAN> 39
 3.243149e+00 -2.532893e+01 -4.899750e+00 -8.443216e+00 -4.452340e+00 -2.072130e+00 -6.262887e+00 -8.635578e+00 -3.872750e-01 -1.225519e+01 -6.730565e+00 -4.580127e+00 5.693768e-01 5.427694e-01 6.021630e-01 -4.206758e-01 9.497088e-01 -1.368122e+00 -1.145471e+00 3.762851e-01 -3.967378e-01 1.302004e-01 -9.361541e-01 -5.434086e-01 2.533097e-01 -1.446931e-02 -9.422796e-02 9.141406e-03 -2.231992e-02 1.402396e-01 6.043752e-01 -3.326685e-01 1.398336e-01 8.971804e-01 -2.806694e-01 -4.025666e-02 9.728986e-02 -2.911257e-01 1.065854e-03
<VARIANCE> 39
 1.828492e+00 2.639574e+00 1.321583e+01 1.663703e+01 8.337712e+00 1.113298e+01 1.103187e+01 6.166398e+00 1.829938e+01 2.554527e+01 1.182261e+01 1.760701e+01 1.000000e-02 1.407176e-01 1.029970e-01 1.506013e+00 1.246956e+00 4.943105e-01 5.757746e-01 9.993646e-02 1.290676e+00 1.282846e+00 2.292076e-01 1.766716e+00 1.586628e+00 1.000000e-02 6.902258e-02 1.566819e-02 9.443778e-02 3.308550e-02 1.686127e-01 1.268214e-01 4.733638e-01 1.870184e-01 2.169772e-01 3.262509e-01 2.282790e-01 1.375010e-01 1.000000e-02
<GCONST> 5.298635e+01
<STATE> 21
<MEAN> 39
 4.285204e+00 -2.504250e+01 -4.642832e+00 -8.043883e+00 -4.170745e+00 -3.146856e+00 -5.784892e+00 -6.330584e+00 -2.622360e+00 -1.325187e+01 -3.904586e+00 -4.999444e+00 5.496217e-01 3.411942e-01 4.165377e-01 -6.937929e-01 7.305059e-01 -4.046088e-01 -1.073447e+00 3.526185e-01 9.646291e-01 -7.771509e-01 -9.005905e-01 -6.028330e-02 -6.145983e-01 -1.334764e-02 -1.362080e-01 -2.798210e-02 -8.840875e-02 1.470096e-01 5.608770e-01 1.379345e-01 8.152875e-02 5.146884e-01 -3.956190e-02 2.337322e-01 2.023958e-03 -6.297225e-02 2.223852e-04
<VARIANCE> 39
 2.884209e+00 1.389844e+00 1.955211e+01 5.033073e+01 5.009305e+00 4.387037e+00 1.054865e+01 9.243849e+00 2.757089e+01 2.022772e+01 2.477863e+01 1.193227e+01 1.000000e-02 2.000242e-01 1.643123e-01 9.145671e-01 7.784035e-01 1.527440e+00 1.057779e+00 2.077022e+00 1.065518e+00 4.330804e-01 1.854001e+00 1.843647e+00 1.092052e+00 1.000000e-02 7.119124e-02 1.584884e-02 3.541633e-01 3.627816e-01 2.167850e-01 5.188511e-02 2.400801e-01 2.445931e-01 6.429527e-01 1.280490e-01 6.168202e-01 9.638675e-02 1.000000e-02
<GCONST> 6.234307e+01
<STATE> 22
<MEAN> 39
 5.444288e+00 -2.379895e+01 -9.354348e+00 -5.180267e+00 -5.989518e+00 -7.354331e+00 -2.852541e+00 -5.243683e+00 -3.440350e+00 -1.261327e+01 -6.920627e+00 -8.245540e+00 5.288352e-01 1.389964e-01 4.229226e-01 -4.404171e-01 7.933766e-01 6.190730e-01 -3.095491e-01 9.647407e-01 9.981008e-01 6.618693e-01 4.104424e-01 -5.744582e-01 8.725613e-02 -1.434624e-02 -1.952406e-01 9.072980e-02 1.869983e-01 -4.561270e-02 5.635589e-01 5.327997e-01 -2.407006e-01 3.000369e-02 1.226190e-01 1.318871e-02 7.977751e-02 3.066668e-01 -3.680315e-03
<VARIANCE> 39
 4.712037e+00 1.344739e+00 1.200724e+01 3.143573e+01 3.562008e+00 9.083208e+00 1.747126e+01 4.806870e+00 9.776465e+00 2.511749e+01 1.545410e+01 5.544826e+00 1.000000e-02 2.160014e-01 2.467429e-01 1.436155e+00 7.883952e-01 1.271982e+00 4.961849e-01 1.108085e+00 4.511235e-01 3.044887e+00 1.232840e+00 1.325753e+00 5.831194e-01 1.000000e-02 4.892040e-02 9.701635e-02 1.307690e-01 3.337785e-01 4.098819e-02 8.025485e-02 2.358433e-01 1.248287e-01 3.935007e-01 3.320155e-01 1.724726e-01 1.448950e-01 1.000000e-02
<GCONST> 5.715827e+01
<STATE> 23
<MEAN> 39
 4.982888e+00 -2.332157e+01 -6.647470e+00 -5.816182e+00 -2.957552e+00 -4.576283e+00 -4.518845e+00 -2.960562e+00 -1.578638e+00 -1.216311e+01 -5.586896e+00 -5.076332e+00 5.231698e-01 1.756748e-02 9.078578e-01 -5.225583e-01 1.704080e+00 1.129130e+00 7.376773e-01 4.284447e-02 1.591908e-01 -1.563438e-01 6.408271e-02 -7.112029e-02 7.199336e-01 -2.445641e-02 -1.480652e-01 1.190766e-01 1.704277e-01 2.806827e-01 2.092784e-01 8.554551e-02 1.300185e-01 -3.992257e-01 -4.419971e-01 -1.149252e-01 2.268789e-01 1.604048e-01 -6.521524e-03
<VARIANCE> 39
 5.337952e+00 2.353991e+00 1.370982e+01 2.756191e+01 2.317016e+01 1.003609e+01 1.374040e+01 3.344326e+00 3.703927e+00 3.255524e+01 1.463033e+01 8.822089e+00 1.000000e-02 8.075504e-01 9.176109e-01 7.145379e-01 3.464327e+00 6.761306e-01 3.073167e-01 5.970855e-01 5.754154e-01 3.570701e+00 1.093579e+00 4.959246e-01 1.098857e+00 1.000000e-02 2.516770e-02 8.251452e-02 2.935297e-01 1.192812e-01 3.009963e-01 3.443678e-02 4.181717e-01 8.630272e-02 2.751436e-01 1.511851e-01 2.887822e-01 5.899478e-02 1.000000e-02
<GCONST> 5.930657e+01
<STATE> 24
<MEAN> 39
 4.421843e+00 -2.137937e+01 -9.490319e+00 -2.434453e+00 -1.242366e+00 -5.287667e+00 -2.456817e+00 -2.485707e+00 -1.648514e+00 -1.229766e+01 -5.978340e+00 -5.628004e+00 4.319559e-01 -5.894272e-01 6.842291e-01 1.621244e-01 1.307020e+00 1.064985e+00 2.106749e-01 1.623716e-02 -3.852958e-02 -1.075373e+00 -5.906899e-01 4.356890e-01 6.570575e-01 -3.669094e-02 -5.014734e-02 -6.177846e-02 1.820887e-01 1.999660e-02 -3.173968e-01 -1.653027e-01 2.184003e-01 -3.333852e-01 -6.743611e-02 7.584786e-02 9.407381e-02 -6.117996e-02 -8.213589e-04
<VARIANCE> 39
 1.326183e+01 1.610404e+01 1.011868e+01 4.397855e+00 4.217898e+00 1.113636e+01 1.162832e+01 1.110228e+01 7.744765e+00 1.891141e+01 9.636957e+00 1.372132e+01 1.000000e-02 1.935784e-01 7.014430e-01 5.817230e-01 1.130344e+00 9.771115e-01 2.369747e-01 1.108231e+00 6.998054e-01 5.484541e-01 2.291100e-01 1.187904e+00 1.494215e+00 1.000000e-02 8.091934e-02 2.655043e-01 1.664565e-01 9.792927e-02 1.232367e-01 3.978435e-02 1.577332e-01 1.259441e-01 4.629602e-01 1.804576e-01 2.381387e-01 6.088351e-01 1.000000e-02
<GCONST> 5.836201e+01
<STATE> 25
<MEAN> 39
 3.424427e+00 -2.153175e+01 -6.635145e+00 5.004357e-01 1.497744e+00 -3.070813e+00 -3.051074e+00 -4.689295e+00 -6.557337e+00 -1.660395e+01 -5.535097e+00 -2.208964e+00 4.018230e-01 -1.799550e-01 6.759981e-01 -2.393499e-05 9.742142e-01 4.251822e-01 -2.164602e-01 1.627512e+00 -3.429452e-01 9.559769e-02 3.662973e-01 9.529492e-02 9.488857e-02 -3.062302e-02 1.288665e-02 -3.306445e-02 -1.263939e-01 -5.779372e-01 -2.150821e-01 -7.108584e-02 6.745343e-02 2.872263e-01 7.834538e-01 5.881649e-01 2.120852e-01 -1.143765e-01 1.996264e-03
<VARIANCE> 39
 1.067017e+01 7.611705e+00 3.751725e+00 6.622121e+00 1.317979e+01 1.190218e+01 2.641192e+01 7.334874e+00 8.206180e+00 3.733477e+01 7.503526e+00 1.043804e+01 1.000000e-02 1.678437e-01 8.852544e-01 8.655715e-01 1.281189e+00 6.982966e-01 6.568428e-01 6.546435e-01 8.769072e-01 1.731029e+00 2.895179e+00 2.214652e+00 2.316188e+00 1.000000e-02 5.878635e-02 1.115122e-01 3.946737e-02 5.429303e-02 6.809416e-02 1.694592e-01 2.631228e-01 3.627154e-01 1.466114e-01 2.288740e-01 1.917346e-01 3.267968e-01 1.000000e-02
<GCONST> 6.183913e+01
<STATE> 26
<MEAN> 39
 2.877769e+00 -1.905646e+01 -6.967749e+00 6.542836e-01 -4.707645e-01 -5.296560e+00 -6.413677e-01 -3.688841e+00 -2.454246e+00 -1.239856e+01 -4.812603e+00 -4.077153e+00 3.445312e-01 -2.627586e-01 3.529651e-01 -3.103986e-01 1.248989e-02 1.176159e-01 -5.182209e-01 5.056002e-01 3.403192e-01 9.317116e-01 1.309053e+00 1.390886e+00 6.157300e-01 -1.872658e-02 -1.172935e-03 -2.947445e-01 -4.321547e-01 -3.662927e-01 6.667431e-02 7.628085e-02 -1.004006e-01 3.059787e-01 2.518381e-01 2.277113e-01 -4.234102e-02 5.650279e-02 5.328314e-03
<VARIANCE> 39
 4.547282e+00 1.640195e+00 2.345496e+00 3.895919e+00 1.078312e+01 1.467376e+01 9.258989e+00 3.634963e+01 2.997758e+01 1.501948e+01 2.106570e+01 2.920728e+01 1.000000e-02 1.543235e-01 5.189663e-01 4.445734e-01 1.054494e+00 1.887258e-01 8.715817e-01 1.003392e+00 2.563125e+00 1.019393e+00 3.324340e+00 2.204269e+00 4.042804e+00 1.000000e-02 2.144813e-02 1.237632e-01 9.675839e-02 1.915746e-01 1.295007e-01 1.046970e-01 2.246378e-01 3.200415e-01 6.035755e-01 1.842598e-01 4.878900e-01 4.682287e-01 1.000000e-02
<GCONST> 6.423789e+01
<STATE> 27
<MEAN> 39
 3.223250e+00 -1.938618e+01 -8.180768e+00 2.280653e-01 1.854449e+00 -3.624573e+00 2.411427e-01 -3.006229e+00 -3.024342e+00 -1.139371e+01 -1.330164e+00 -2.761460e+00 3.345854e-01 -5.062022e-01 -6.096077e-02 -1.140316e+00 -3.720283e-01 2.834140e-01 5.024187e-02 5.044093e-01 1.025358e+00 1.686221e+00 1.419615e+00 1.279377e-01 3.225854e-01 -2.142199e-02 -1.114442e-01 -1.891834e-01 -5.196729e-02 4.658940e-02 -7.882860e-03 1.267414e-01 -1.379247e-01 -1.564437e-02 6.060809e-02 -4.168029e-02 -3.803847e-01 -1.413085e-01 -8.895845e-04
<VARIANCE> 39
 5.668449e+00 1.530975e+00 2.028481e+00 4.144781e+00 1.045251e+01 2.557174e+01 2.652389e+00 1.948848e+01 8.222682e+00 9.779895e+00 1.724912e+01 3.039143e+01 1.000000e-02 1.797689e-01 4.461915e-01 2.843609e-01 2.769593e-01 2.061793e-01 1.108475e+00 1.005145e+00 1.805437e+00 3.241332e+00 8.236741e-01 1.116259e+00 7.666026e-01 1.000000e-02 3.080186e-02 5.815300e-02 8.494909e-02 2.137990e-01 1.328725e-01 3.010683e-01 1.060229e-01 9.065237e-01 4.240384e-01 2.745430e-01 5.287629e-01 9.141261e-01 1.000000e-02
<GCONST> 5.844417e+01
<STATE> 28
<MEAN> 39
 2.027072e+00 -2.068064e+01 -1.119701e+01 -1.027189e+00 4.767649e-01 -5.978808e+00 5.374349e-02 -2.384494e+00 -8.884520e-01 -9.492715e+00 -4.351747e+00 -1.500995e+00 3.123485e-01 -4.595730e-01 -1.789610e-01 -5.309402e-01 5.833227e-01 7.297056e-01 6.140221e-01 6.444155e-01 9.298297e-02 4.878392e-01 8.747410e-01 -2.934534e-01 -4.595917e-01 -2.308938e-02 -9.476057e-02 1.108829e-02 3.241571e-01 3.104976e-01 -3.289947e-02 3.701344e-02 -2.564132e-02 9.898516e-02 1.637314e-02 -9.355813e-02 1.720448e-01 -3.956514e-02 -2.761555e-03
<VARIANCE> 39
 2.082357e+00 1.099619e+00 2.612360e+00 2.479012e+00 1.307858e+01 3.667822e+01 5.622929e+00 1.123807e+00 1.084785e+01 8.154590e+00 2.536032e+01 2.204123e+01 1.000000e-02 6.248127e-01 7.413893e-01 3.462865e-01 2.966794e-01 1.031304e+00 1.194286e+00 5.371665e-01 3.627297e+00 4.120187e+00 9.495268e-01 1.686028e+00 3.374012e+00 1.000000e-02 3.085454e-02 7.093127e-02 5.305812e-02 8.807559e-02 1.270423e-01 3.146070e-01 1.951434e-01 3.557425e-01 6.360632e-01 3.495164e-01 4.267612e-01 3.678405e-01 1.000000e-02
<GCONST> 5.958355e+01
<STATE> 29
<MEAN> 39
 1.208546e+00 -1.934598e+01 -9.514417e+00 2.397626e+00 2.750818e+00 -3.909251e+00 3.107466e+00 -4.101676e-01 1.763691e+00 -8.660137e+00 -4.484488e+00 -4.171554e+00 2.523720e-01 -9.314634e-01 -2.178709e-01 2.241759e-01 6.587668e-01 5.931778e-03 -2.723609e-01 -2.592343e-02 3.806844e-01 5.912291e-01 5.985287e-01 6.531344e-01 3.556667e-01 -2.852267e-02 -1.856647e-01 -7.502921e-02 1.966046e-01 -8.402735e-02 -8.779966e-02 -9.612213e-02 -5.153262e-01 -3.572773e-01 -4.236518e-01 -7.390859e-02 4.275886e-01 3.621343e-01 3.997872e-04
<VARIANCE> 39
 1.997087e+00 3.720357e+00 4.033555e+00 1.913712e+00 1.032263e+01 2.951461e+01 4.817116e+00 9.585501e+00 2.606066e+01 6.942065e+00 8.840540e+00 8.279310e+00 1.000000e-02 1.710694e-01 1.037677e+00 6.007847e-01 5.364987e-01 9.323646e-01 1.766626e+00 9.108491e-01 1.024644e+00 1.923657e+00 1.320948e+00 1.918500e+00 1.127043e+00 1.000000e-02 1.117671e-01 2.728038e-01 1.546632e-01 5.202065e-02 1.082899e-01 2.583045e-01 1.234575e-01 4.390140e-01 7.332464e-01 3.750308e-01 1.847059e-01 2.690637e-01 1.000000e-02
<GCONST> 6.112909e+01
<STATE> 30
<MEAN> 39
 -8.872417e-01 -2.121815e+01 -1.065177e+01 1.446120e+00 1.055560e+00 -5.687288e+00 4.259563e-01 -2.029572e+00 4.254749e-01 -6.825103e+00 -6.325327e-02 -1.488878e+00 2.087364e-01 -9.524329e-01 -9.276186e-02 1.490927e-01 1.616794e-01 4.501321e-02 -2.819673e-01 -5.657861e-01 3.983902e-01 3.390609e-01 5.224370e-01 1.449331e+00 1.590177e+00 -2.185632e-02 2.408513e-01 2.469089e-01 1.451926e-01 -2.040621e-01 1.622287e-01 2.518390e-02 -6.127281e-02 -9.190050e-02 -2.310771e-01 -3.797171e-01 -2.998068e-01 6.811187e-02 6.077369e-03
<VARIANCE> 39
 2.930708e+00 5.164137e+00 1.119620e+01 5.589683e+00 4.649023e+00 1.225902e+01 2.895112e+00 1.520715e+01 1.569395e+01 1.455478e+01 2.152876e+01 1.296635e+01 1.000000e-02 6.049513e-01 1.378617e+00 1.322850e+00 1.128528e+00 5.219296e-01 1.382251e+00 1.307196e+00 2.034958e+00 2.427390e+00 1.284120e+00 7.453399e-01 4.682812e-01 1.000000e-02 3.838984e-02 2.460983e-02 6.082544e-02 6.168554e-02 1.005149e-01 1.688501e-01 5.522431e-02 3.020469e-01 3.694907e-01 1.490115e-01 2.046248e-01 1.272762e-01 1.000000e-02
<GCONST> 5.729404e+01
<STATE> 31
<MEAN> 39
 -2.325264e+00 -2.046434e+01 -9.593418e+00 1.737700e+00 2.648314e+00 -3.592652e+00 2.460444e-01 -5.345666e-01 1.624853e+00 -6.688916e+00 -5.121183e-01 1.117369e+00 1.743151e-01 -2.375567e-01 4.811752e-01 6.013961e-01 -8.263648e-03 7.186765e-01 3.741092e-01 -4.006616e-01 -4.194671e-01 -4.556782e-01 -1.190719e-01 3.375859e-01 5.146108e-01 -7.671068e-03 4.454030e-01 2.363947e-01 1.005872e-01 -3.151617e-02 -4.561774e-02 -3.830279e-02 1.471879e-01 -8.553439e-02 -1.037347e-01 -3.145708e-01 -3.821529e-01 -4.158294e-01 6.045777e-03
<VARIANCE> 39
 1.062872e+01 1.287396e+01 1.487715e+01 1.011542e+01 7.738469e+00 1.205210e+01 8.995080e+00 1.616275e+01 1.988581e+01 6.446100e+00 3.260653e+00 6.104078e+00 1.000000e-02 7.918502e-01 4.027287e-01 8.627383e-01 3.884341e-01 8.318893e-01 7.765801e-01 3.784506e-01 7.323847e-01 6.847902e-01 1.120391e+00 1.578547e+00 5.552456e-01 1.000000e-02 1.512413e-01 3.788030e-01 2.190015e-01 2.185795e-01 1.929420e-01 2.798629e-01 1.158039e-01 5.050232e-01 6.025289e-01 1.564782e-01 1.039008e-01 6.890677e-02 1.000000e-02
<GCONST> 6.184305e+01
<STATE> 32
<MEAN> 39
 -2.224888e+00 -1.930859e+01 -7.836266e+00 3.257272e+00 4.750138e+00 -4.907365e+00 -1.331048e+00 -3.351483e+00 -6.047643e-01 -7.813141e+00 2.636503e-01 -1.316788e+00 1.810681e-01 6.335002e-01 5.557362e-01 2.287407e-01 -2.052799e-01 -1.112210e-01 -3.970326e-01 -1.423773e-01 -6.129251e-01 -1.187679e+00 -5.789711e-01 -1.831247e-01 -1.590869e-01 9.989156e-04 6.666371e-02 2.468999e-01 -2.335247e-02 -3.309533e-01 -2.793048e-01 -2.581811e-02 2.822302e-01 2.395241e-01 2.718136e-01 7.533007e-02 -2.479238e-01 -1.066844e-01 -3.375883e-03
<VARIANCE> 39
 8.889924e+00 1.065863e+01 1.648198e+01 2.062648e+01 6.533024e+00 6.381025e+00 3.680331e+00 6.088001e+00 1.632166e+01 4.976580e+00 1.777664e+01 5.331586e+00 1.000000e-02 3.148654e-01 9.860377e-01 1.828094e+00 1.941785e+00 1.032577e+00 1.215044e+00 1.302491e-01 2.414177e+00 2.275771e+00 2.358506e-01 4.991387e-02 9.592713e-01 1.000000e-02 2.330275e-01 2.281271e-01 2.806838e-01 3.179779e-01 1.401785e-01 1.466032e-01 8.483553e-02 5.539160e-02 2.722984e-01 1.522450e-01 2.898420e-01 6.100209e-02 1.000000e-02
<GCONST> 5.772157e+01
<STATE> 33
<MEAN> 39
 8.233778e-02 -1.861792e+01 -7.624709e+00 1.757705e+00 2.006174e+00 -5.124173e+00 -3.960204e-02 -1.550712e+00 2.214616e-01 -8.075143e+00 -8.391150e-01 1.002068e-01 1.901665e-01 -3.094809e-01 7.220876e-01 3.943501e-01 -5.642714e-01 -5.250355e-01 -7.719317e-02 2.321950e-01 6.904795e-01 7.460398e-01 -1.111849e-01 -2.864915e-01 6.277442e-02 -2.290159e-02 -5.223160e-01 3.320895e-01 2.026148e-01 -1.641939e-01 9.595636e-02 1.537056e-01 3.322638e-02 -4.571477e-02 2.896006e-01 4.961775e-01 8.822202e-02 3.216256e-02 -1.647810e-02
<VARIANCE> 39
 3.924132e+00 8.844376e+00 2.947869e+01 7.045727e+00 5.267650e+00 1.291747e+01 4.006764e+00 1.017489e+01 9.981281e+00 4.981508e+00 5.065393e+00 8.911600e+00 1.000000e-02 1.639422e+00 1.460587e+00 8.019207e-01 1.020486e+00 5.818166e-01 9.339499e-01 3.377793e-01 4.405388e-01 7.768675e-01 6.881512e-01 6.447082e-01 6.901829e-01 1.000000e-02 1.241994e-01 1.430325e-01 2.905187e-01 2.158137e-01 2.667240e-01 5.141031e-01 1.863703e-02 2.374492e-01 1.102350e-01 1.009928e-01 6.408424e-02 2.400570e-01 1.000000e-02
<GCONST> 5.623113e+01
<STATE> 34
<MEAN> 39
 -1.893893e+00 -1.688659e+01 -7.410637e+00 1.075146e+00 2.766209e+00 -5.124121e+00 2.735738e-01 -1.248195e+00 1.314000e+00 -8.775235e+00 -1.514475e+00 8.220364e-01 1.399496e-01 -9.418330e-01 2.136865e+00 1.608194e+00 -3.001120e-01 5.595521e-01 3.354338e-02 -2.075927e-01 -5.040334e-01 5.326115e-01 9.664850e-01 6.150321e-02 1.242248e-01 -4.839946e-02 -3.804042e-01 8.705619e-02 1.192986e-01 5.787461e-02 2.272189e-01 1.248218e-01 5.352005e-02 -1.649216e-01 -1.030072e-01 2.565083e-01 1.891756e-01 -3.428188e-01 -1.371936e-02
<VARIANCE> 39
 3.264483e+00 8.622284e+00 6.229078e+00 5.954312e+00 4.875698e+00 8.432310e+00 2.675753e+00 2.853643e+00 1.864217e+01 8.645535e+00 1.113188e+00 1.071739e+01 1.000000e-02 9.851397e-01 9.655563e-01 1.222893e+00 7.135227e-01 9.729877e-01 2.332184e+00 2.259726e-01 4.183217e-01 8.093416e-01 9.168746e-01 6.057938e-01 1.438523e+00 1.000000e-02 1.114411e-01 2.027908e-01 2.025301e-01 2.382924e-01 1.729702e-01 1.795059e-01 6.012128e-02 7.569364e-02 2.197810e-01 4.656354e-02 1.465771e-01 2.100837e-01 1.000000e-02
<GCONST> 5.221342e+01
<STATE> 35
<MEAN> 39
 -4.310597e+00 -1.236077e+01 -3.750316e+00 -1.189888e+00 3.772867e+00 -3.045292e+00 -5.454752e-01 -3.014507e+00 2.827366e+00 -3.618609e+00 1.934265e-01 -6.222147e-01 -1.245196e-02 -1.393090e+00 1.450176e+00 1.194800e+00 -3.699997e-01 4.909520e-01 5.516714e-01 6.069168e-01 -5.437073e-01 1.674788e-01 1.186872e+00 2.294999e-01 -7.525711e-01 -6.482163e-02 1.820330e-01 -4.316818e-01 -1.908044e-01 1.979302e-01 -2.887181e-01 -1.827621e-01 1.534547e-01 1.444039e-01 -2.961945e-01 -4.124941e-01 -5.958009e-02 3.499712e-02 7.309684e-03
<VARIANCE> 39
 3.465179e+00 5.223126e+00 1.431331e+01 5.829991e+00 8.934484e+00 2.170200e+01 2.144062e+00 9.759461e+00 3.770741e+00 9.402875e+00 1.464466e+00 6.545858e+00 1.000000e-02 2.865979e-01 1.957707e-01 1.460533e-01 4.865266e-01 6.261593e-01 5.286919e-01 4.273964e-01 1.643658e-01 8.192004e-01 9.022483e-01 6.345457e-01 8.899288e-01 1.000000e-02 1.381203e-01 1.650538e-01 3.329906e-01 2.716390e-01 1.409047e-01 4.864034e-01 1.000000e-02 8.221100e-02 3.961543e-01 1.395503e-01 1.483001e-01 3.283701e-01 1.000000e-02
<GCONST> 4.727346e+01
<STATE> 36
<MEAN> 39
 -5.664737e+00 -1.170899e+01 -3.024555e+00 4.961829e-01 4.451662e+00 -4.820160e+00 1.004712e+00 -3.409165e+00 1.500976e-01 -5.494797e+00 -3.981573e-01 -2.245414e+00 -5.161175e-02 -8.457308e-01 1.470429e-01 2.416415e-02 -4.928666e-01 -4.509504e-01 3.106140e-01 3.478573e-01 1.751740e-01 -4.627133e-01 -1.360113e-01 1.438394e-01 -5.822145e-01 -4.413432e-02 2.039491e-01 -5.291088e-01 -4.978836e-01 3.200137e-02 -3.745139e-01 -1.384843e-01 -1.070803e-01 3.201692e-01 1.832076e-01 -2.340183e-01 1.649578e-03 4.964117e-01 1.170871e-02
<VARIANCE> 39
 1.410015e+00 1.326093e+00 3.059496e+00 2.324059e+00 3.504974e+00 8.105844e+00 8.654447e+00 5.177720e+00 1.626234e+01 2.008334e+01 6.017368e+00 3.797310e+00 1.000000e-02 2.446530e-01 2.761738e-01 9.116547e-01 1.734286e+00 4.575835e-01 1.844000e+00 2.396110e-01 7.698198e-02 1.552183e+00 8.276677e-01 4.933136e-01 1.150032e+00 1.000000e-02 4.279149e-02 4.812065e-02 5.289353e-02 5.011156e-02 8.632731e-02 1.544065e-01 4.330498e-02 1.788192e-02 1.768172e-01 2.199174e-01 6.544078e-02 1.474521e-01 1.000000e-02
<GCONST> 3.831267e+01
<STATE> 37
<MEAN> 39
 -6.797391e+00 -1.279650e+01 -3.596212e+00 -1.734508e+00 2.278341e+00 -2.427547e+00 1.870612e+00 -1.455835e+00 5.147491e-01 -4.808062e+00 6.577623e-01 -1.251656e+00 -1.021237e-01 -5.519371e-01 -1.541771e-01 -1.123015e-01 -1.023846e-01 -9.301313e-01 -4.409030e-01 4.239417e-02 6.019806e-01 6.447765e-01 8.401943e-03 3.611207e-01 9.760604e-01 -2.107781e-02 2.978013e-01 -7.747072e-02 -1.822132e-01 1.368456e-01 -6.814276e-02 -2.214908e-01 -2.061125e-01 7.738845e-02 2.457329e-01 -9.215544e-02 -9.909217e-02 4.000842e-01 1.446461e-02
<VARIANCE> 39
 1.255139e+00 1.346765e+00 4.252482e+00 5.148599e+00 2.309706e+00 3.896250e+00 4.544760e+00 3.615402e+00 1.283173e+01 7.248760e+00 1.099595e+01 3.452414e+00 1.000000e-02 1.497094e-01 1.282536e-01 5.684906e-01 3.294563e-01 1.879534e-01 5.823076e-01 3.464555e-01 4.611210e-01 2.400974e+00 1.193934e+00 3.236066e-01 3.134137e-01 1.000000e-02 3.097184e-02 1.341948e-02 1.113655e-01 2.344410e-01 6.064600e-02 2.666430e-01 8.440973e-02 4.267892e-02 1.469326e-01 1.446242e-01 2.789872e-01 3.077525e-01 1.000000e-02
<GCONST> 3.624059e+01
<TRANSP> 38
 0.000000e+00 1.000000e+00 0.000000e+00 0.000000e+00 0.000000e+00 0.000000e+00 0.000000e+00 0.000000e+00 0.000000e+00 0.000000e+00 0.000000e+00 0.000000e+00 0.000000e+00 0.000000e+00 0.000000e+00 0.000000e+00 0.000000e+00 0.000000e+00 0.000000e+00 0.000000e+00 0.000000e+00 0.000000e+00 0.000000e+00 0.000000e+00 0.000000e+00 0.000000e+00 0.000000e+00 0.000000e+00 0.000000e+00 0.000000e+00 0.000000e+00 0.000000e+00 0.000000e+00 0.000000e+00 0.000000e+00 0.000000e+00 0.000000e+00 0.000000e+00
 0.000000e+00 5.000000e-01 5.000000e-01 0.000000e+00 0.000000e+00 0.000000e+00 0.000000e+00 0.000000e+00 0.000000e+00 0.000000e+00 0.000000e+00 0.000000e+00 0.000000e+00 0.000000e+00 0.000000e+00 0.000000e+00 0.000000e+00 0.000000e+00 0.000000e+00 0.000000e+00 0.000000e+00 0.000000e+00 0.000000e+00 0.000000e+00 0.000000e+00 0.000000e+00 0.000000e+00 0.000000e+00 0.000000e+00 0.000000e+00 0.000000e+00 0.000000e+00 0.000000e+00 0.000000e+00 0.000000e+00 0.000000e+00 0.000000e+00 0.000000e+00
 0.000000e+00 0.000000e+00 2.857143e-01 7.142857e-01 0.000000e+00 0.000000e+00 0.000000e+00 0.000000e+00 0.000000e+00 0.000000e+00 0.000000e+00 0.000000e+00 0.000000e+00 0.000000e+00 0.000000e+00 0.000000e+00 0.000000e+00 0.000000e+00 0.000000e+00 0.000000e+00 0.000000e+00 0.000000e+00 0.000000e+00 0.000000e+00 0.000000e+00 0.000000e+00 0.000000e+00 0.000000e+00 0.000000e+00 0.000000e+00 0.000000e+00 0.000000e+00 0.000000e+00 0.000000e+00 0.000000e+00 0.000000e+00 0.000000e+00 0.000000e+00
 0.000000e+00 0.000000e+00 0.000000e+00 2.857143e-01 7.142857e-01 0.000000e+00 0.000000e+00 0.000000e+00 0.000000e+00 0.000000e+00 0.000000e+00 0.000000e+00 0.000000e+00 0.000000e+00 0.000000e+00 0.000000e+00 0.000000e+00 0.000000e+00 0.000000e+00 0.000000e+00 0.000000e+00 0.000000e+00 0.000000e+00 0.000000e+00 0.000000e+00 0.000000e+00 0.000000e+00 0.000000e+00 0.000000e+00 0.000000e+00 0.000000e+00 0.000000e+00 0.000000e+00 0.000000e+00 0.000000e+00 0.000000e+00 0.000000e+00 0.000000e+00
 0.000000e+00 0.000000e+00 0.000000e+00 0.000000e+00 3.750000e-01 6.250000e-01 0.000000e+00 0.000000e+00 0.000000e+00 0.000000e+00 0.000000e+00 0.000000e+00 0.000000e+00 0.000000e+00 0.000000e+00 0.000000e+00 0.000000e+00 0.000000e+00 0.000000e+00 0.000000e+00 0.000000e+00 0.000000e+00 0.000000e+00 0.000000e+00 0.000000e+00 0.000000e+00 0.000000e+00 0.000000e+00 0.000000e+00 0.000000e+00 0.000000e+00 0.000000e+00 0.000000e+00 0.000000e+00 0.000000e+00 0.000000e+00 0.000000e+00 0.000000e+00
 0.000000e+00 0.000000e+00 0.000000e+00 0.000000e+00 0.000000e+00 1.666667e-01 8.333333e-01 0.000000e+00 0.000000e+00 0.000000e+00 0.000000e+00 0.000000e+00 0.000000e+00 0.000000e+00 0.000000e+00 0.000000e+00 0.000000e+00 0.000000e+00 0.000000e+00 0.000000e+00 0.000000e+00 0.000000e+00 0.000000e+00 0.000000e+00 0.000000e+00 0.000000e+00 0.000000e+00 0.000000e+00 0.000000e+00 0.000000e+00 0.000000e+00 0.000000e+00 0.000000e+00 0.000000e+00 0.000000e+00 0.000000e+00 0.000000e+00 0.000000e+00
 0.000000e+00 0.000000e+00 0.000000e+00 0.000000e+00 0.000000e+00 0.000000e+00 3.750000e-01 6.250000e-01 0.000000e+00 0.000000e+00 0.000000e+00 0.000000e+00 0.000000e+00 0.000000e+00 0.000000e+00 0.000000e+00 0.000000e+00 0.000000e+00 0.000000e+00 0.000000e+00 0.000000e+00 0.000000e+00 0.000000e+00 0.000000e+00 0.000000e+00 0.000000e+00 0.000000e+00 0.000000e+00 0.000000e+00 0.000000e+00 0.000000e+00 0.000000e+00 0.000000e+00 0.000000e+00 0.000000e+00 0.000000e+00 0.000000e+00 0.000000e+00
 0.000000e+00 0.000000e+00 0.000000e+00 0.000000e+00 0.000000e+00 0.000000e+00 0.000000e+00 5.000000e-01 5.000000e-01 0.000000e+00 0.000000e+00 0.000000e+00 0.000000e+00 0.000000e+00 0.000000e+00 0.000000e+00 0.000000e+00 0.000000e+00 0.000000e+00 0.000000e+00 0.000000e+00 0.000000e+00 0.000000e+00 0.000000e+00 0.000000e+00 0.000000e+00 0.000000e+00 0.000000e+00 0.000000e+00 0.000000e+00 0.000000e+00 0.000000e+00 0.000000e+00 0.000000e+00 0.000000e+00 0.000000e+00 0.000000e+00 0.000000e+00
 0.000000e+00 0.000000e+00 0.000000e+00 0.000000e+00 0.000000e+00 0.000000e+00 0.000000e+00 0.000000e+00 1.666667e-01 8.333333e-01 0.000000e+00 0.000000e+00 0.000000e+00 0.000000e+00 0.000000e+00 0.000000e+00 0.000000e+00 0.000000e+00 0.000000e+00 0.000000e+00 0.000000e+00 0.000000e+00 0.000000e+00 0.000000e+00 0.000000e+00 0.000000e+00 0.000000e+00 0.000000e+00 0.000000e+00 0.000000e+00 0.000000e+00 0.000000e+00 0.000000e+00 0.000000e+00 0.000000e+00 0.000000e+00 0.000000e+00 0.000000e+00
 0.000000e+00 0.000000e+00 0.000000e+00 0.000000e+00 0.000000e+00 0.000000e+00 0.000000e+00 0.000000e+00 0.000000e+00 4.444444e-01 5.555556e-01 0.000000e+00 0.000000e+00 0.000000e+00 0.000000e+00 0.000000e+00 0.000000e+00 0.000000e+00 0.000000e+00 0.000000e+00 0.000000e+00 0.000000e+00 0.000000e+00 0.000000e+00 0.000000e+00 0.000000e+00 0.000000e+00 0.000000e+00 0.000000e+00 0.000000e+00 0.000000e+00 0.000000e+00 0.000000e+00 0.000000e+00 0.000000e+00 0.000000e+00 0.000000e+00 0.000000e+00
 0.000000e+00 0.000000e+00 0.000000e+00 0.000000e+00 0.000000e+00 0.000000e+00 0.000000e+00 0.000000e+00 0.000000e+00 0.000000e+00 3.750000e-01 6.250000e-01 0.000000e+00 0.000000e+00 0.000000e+00 0.000000e+00 0.000000e+00 0.000000e+00 0.000000e+00 0.000000e+00 0.000000e+00 0.000000e+00 0.000000e+00 0.000000e+00 0.000000e+00 0.000000e+00 0.000000e+00 0.000000e+00 0.000000e+00 0.000000e+00 0.000000e+00 0.000000e+00 0.000000e+00 0.000000e+00 0.000000e+00 0.000000e+00 0.000000e+00 0.000000e+00
 0.000000e+00 0.000000e+00 0.000000e+00 0.000000e+00 0.000000e+00 0.000000e+00 0.000000e+00 0.000000e+00 0.000000e+00 0.000000e+00 0.000000e+00 3.750000e-01 6.250000e-01 0.000000e+00 0.000000e+00 0.000000e+00 0.000000e+00 0.000000e+00 0.000000e+00 0.000000e+00 0.000000e+00 0.000000e+00 0.000000e+00 0.000000e+00 0.000000e+00 0.000000e+00 0.000000e+00 0.000000e+00 0.000000e+00 0.000000e+00 0.000000e+00 0.000000e+00 0.000000e+00 0.000000e+00 0.000000e+00 0.000000e+00 0.000000e+00 0.000000e+00
 0.000000e+00 0.000000e+00 0.000000e+00 0.000000e+00 0.000000e+00 0.000000e+00 0.000000e+00 0.000000e+00 0.000000e+00 0.000000e+00 0.000000e+00 0.000000e+00 3.750000e-01 6.250000e-01 0.000000e+00 0.000000e+00 0.000000e+00 0.000000e+00 0.000000e+00 0.000000e+00 0.000000e+00 0.000000e+00 0.000000e+00 0.000000e+00 0.000000e+00 0.000000e+00 0.000000e+00 0.000000e+00 0.000000e+00 0.000000e+00 0.000000e+00 0.000000e+00 0.000000e+00 0.000000e+00 0.000000e+00 0.000000e+00 0.000000e+00 0.000000e+00
 0.000000e+00 0.000000e+00 0.000000e+00 0.000000e+00 0.000000e+00 0.000000e+00 0.000000e+00 0.000000e+00 0.000000e+00 0.000000e+00 0.000000e+00 0.000000e+00 0.000000e+00 2.857143e-01 7.142857e-01 0.000000e+00 0.000000e+00 0.000000e+00 0.000000e+00 0.000000e+00 0.000000e+00 0.000000e+00 0.000000e+00 0.000000e+00 0.000000e+00 0.000000e+00 0.000000e+00 0.000000e+00 0.000000e+00 0.000000e+00 0.000000e+00 0.000000e+00 0.000000e+00 0.000000e+00 0.000000e+00 0.000000e+00 0.000000e+00 0.000000e+00
 0.000000e+00 0.000000e+00 0.000000e+00 0.000000e+00 0.000000e+00 0.000000e+00 0.000000e+00 0.000000e+00 0.000000e+00 0.000000e+00 0.000000e+00 0.000000e+00 0.000000e+00 0.000000e+00 3.750000e-01 6.250000e-01 0.000000e+00 0.000000e+00 0.000000e+00 0.000000e+00 0.000000e+00 0.000000e+00 0.000000e+00 0.000000e+00 0.000000e+00 0.000000e+00 0.000000e+00 0.000000e+00 0.000000e+00 0.000000e+00 0.000000e+00 0.000000e+00 0.000000e+00 0.000000e+00 0.000000e+00 0.000000e+00 0.000000e+00 0.000000e+00
 0.000000e+00 0.000000e+00 0.000000e+00 0.000000e+00 0.000000e+00 0.000000e+00 0.000000e+00 0.000000e+00 0.000000e+00 0.000000e+00 0.000000e+00 0.000000e+00 0.000000e+00 0.000000e+00 0.000000e+00 2.857143e-01 7.142857e-01 0.000000e+00 0.000000e+00 0.000000e+00 0.000000e+00 0.000000e+00 0.000000e+00 0.000000e+00 0.000000e+00 0.000000e+00 0.000000e+00 0.000000e+00 0.000000e+00 0.000000e+00 0.000000e+00 0.000000e+00 0.000000e+00 0.000000e+00 0.000000e+00 0.000000e+00 0.000000e+00 0.000000e+00
 0.000000e+00 0.000000e+00 0.000000e+00 0.000000e+00 0.000000e+00 0.000000e+00 0.000000e+00 0.000000e+00 0.000000e+00 0.000000e+00 0.000000e+00 0.000000e+00 0.000000e+00 0.000000e+00 0.000000e+00 0.000000e+00 2.857143e-01 7.142857e-01 0.000000e+00 0.000000e+00 0.000000e+00 0.000000e+00 0.000000e+00 0.000000e+00 0.000000e+00 0.000000e+00 0.000000e+00 0.000000e+00 0.000000e+00 0.000000e+00 0.000000e+00 0.000000e+00 0.000000e+00 0.000000e+00 0.000000e+00 0.000000e+00 0.000000e+00 0.000000e+00
 0.000000e+00 0.000000e+00 0.000000e+00 0.000000e+00 0.000000e+00 0.000000e+00 0.000000e+00 0.000000e+00 0.000000e+00 0.000000e+00 0.000000e+00 0.000000e+00 0.000000e+00 0.000000e+00 0.000000e+00 0.000000e+00 0.000000e+00 2.857143e-01 7.142857e-01 0.000000e+00 0.000000e+00 0.000000e+00 0.000000e+00 0.000000e+00 0.000000e+00 0.000000e+00 0.000000e+00 0.000000e+00 0.000000e+00 0.000000e+00 0.000000e+00 0.000000e+00 0.000000e+00 0.000000e+00 0.000000e+00 0.000000e+00 0.000000e+00 0.000000e+00
 0.000000e+00 0.000000e+00 0.000000e+00 0.000000e+00 0.000000e+00 0.000000e+00 0.000000e+00 0.000000e+00 0.000000e+00 0.000000e+00 0.000000e+00 0.000000e+00 0.000000e+00 0.000000e+00 0.000000e+00 0.000000e+00 0.000000e+00 0.000000e+00 4.444444e-01 5.555556e-01 0.000000e+00 0.000000e+00 0.000000e+00 0.000000e+00 0.000000e+00 0.000000e+00 0.000000e+00 0.000000e+00 0.000000e+00 0.000000e+00 0.000000e+00 0.000000e+00 0.000000e+00 0.000000e+00 0.000000e+00 0.000000e+00 0.000000e+00 0.000000e+00
 0.000000e+00 0.000000e+00 0.000000e+00 0.000000e+00 0.000000e+00 0.000000e+00 0.000000e+00 0.000000e+00 0.000000e+00 0.000000e+00 0.000000e+00 0.000000e+00 0.000000e+00 0.000000e+00 0.000000e+00 0.000000e+00 0.000000e+00 0.000000e+00 0.000000e+00 0.000000e+00 1.000000e+00 0.000000e+00 0.000000e+00 0.000000e+00 0.000000e+00 0.000000e+00 0.000000e+00 0.000000e+00 0.000000e+00 0.000000e+00 0.000000e+00 0.000000e+00 0.000000e+00 0.000000e+00 0.000000e+00 0.000000e+00 0.000000e+00 0.000000e+00
 0.000000e+00 0.000000e+00 0.000000e+00 0.000000e+00 0.000000e+00 0.000000e+00 0.000000e+00 0.000000e+00 0.000000e+00 0.000000e+00 0.000000e+00 0.000000e+00 0.000000e+00 0.000000e+00 0.000000e+00 0.000000e+00 0.000000e+00 0.000000e+00 0.000000e+00 0.000000e+00 3.750000e-01 6.250000e-01 0.000000e+00 0.000000e+00 0.000000e+00 0.000000e+00 0.000000e+00 0.000000e+00 0.000000e+00 0.000000e+00 0.000000e+00 0.000000e+00 0.000000e+00 0.000000e+00 0.000000e+00 0.000000e+00 0.000000e+00 0.000000e+00
 0.000000e+00 0.000000e+00 0.000000e+00 0.000000e+00 0.000000e+00 0.000000e+00 0.000000e+00 0.000000e+00 0.000000e+00 0.000000e+00 0.000000e+00 0.000000e+00 0.000000e+00 0.000000e+00 0.000000e+00 0.000000e+00 0.000000e+00 0.000000e+00 0.000000e+00 0.000000e+00 0.000000e+00 4.444444e-01 5.555556e-01 0.000000e+00 0.000000e+00 0.000000e+00 0.000000e+00 0.000000e+00 0.000000e+00 0.000000e+00 0.000000e+00 0.000000e+00 0.000000e+00 0.000000e+00 0.000000e+00 0.000000e+00 0.000000e+00 0.000000e+00
 0.000000e+00 0.000000e+00 0.000000e+00 0.000000e+00 0.000000e+00 0.000000e+00 0.000000e+00 0.000000e+00 0.000000e+00 0.000000e+00 0.000000e+00 0.000000e+00 0.000000e+00 0.000000e+00 0.000000e+00 0.000000e+00 0.000000e+00 0.000000e+00 0.000000e+00 0.000000e+00 0.000000e+00 0.000000e+00 1.666667e-01 8.333333e-01 0.000000e+00 0.000000e+00 0.000000e+00 0.000000e+00 0.000000e+00 0.000000e+00 0.000000e+00 0.000000e+00 0.000000e+00 0.000000e+00 0.000000e+00 0.000000e+00 0.000000e+00 0.000000e+00
 0.000000e+00 0.000000e+00 0.000000e+00 0.000000e+00 0.000000e+00 0.000000e+00 0.000000e+00 0.000000e+00 0.000000e+00 0.000000e+00 0.000000e+00 0.000000e+00 0.000000e+00 0.000000e+00 0.000000e+00 0.000000e+00 0.000000e+00 0.000000e+00 0.000000e+00 0.000000e+00 0.000000e+00 0.000000e+00 0.000000e+00 5.000000e-01 5.000000e-01 0.000000e+00 0.000000e+00 0.000000e+00 0.000000e+00 0.000000e+00 0.000000e+00 0.000000e+00 0.000000e+00 0.000000e+00 0.000000e+00 0.000000e+00 0.000000e+00 0.000000e+00
 0.000000e+00 0.000000e+00 0.000000e+00 0.000000e+00 0.000000e+00 0.000000e+00 0.000000e+00 0.000000e+00 0.000000e+00 0.000000e+00 0.000000e+00 0.000000e+00 0.000000e+00 0.000000e+00 0.000000e+00 0.000000e+00 0.000000e+00 0.000000e+00 0.000000e+00 0.000000e+00 0.000000e+00 0.000000e+00 0.000000e+00 0.000000e+00 3.750000e-01 6.250000e-01 0.000000e+00 0.000000e+00 0.000000e+00 0.000000e+00 0.000000e+00 0.000000e+00 0.000000e+00 0.000000e+00 0.000000e+00 0.000000e+00 0.000000e+00 0.000000e+00
 0.000000e+00 0.000000e+00 0.000000e+00 0.000000e+00 0.000000e+00 0.000000e+00 0.000000e+00 0.000000e+00 0.000000e+00 0.000000e+00 0.000000e+00 0.000000e+00 0.000000e+00 0.000000e+00 0.000000e+00 0.000000e+00 0.000000e+00 0.000000e+00 0.000000e+00 0.000000e+00 0.000000e+00 0.000000e+00 0.000000e+00 0.000000e+00 0.000000e+00 1.666667e-01 8.333333e-01 0.000000e+00 0.000000e+00 0.000000e+00 0.000000e+00 0.000000e+00 0.000000e+00 0.000000e+00 0.000000e+00 0.000000e+00 0.000000e+00 0.000000e+00
 0.000000e+00 0.000000e+00 0.000000e+00 0.000000e+00 0.000000e+00 0.000000e+00 0.000000e+00 0.000000e+00 0.000000e+00 0.000000e+00 0.000000e+00 0.000000e+00 0.000000e+00 0.000000e+00 0.000000e+00 0.000000e+00 0.000000e+00 0.000000e+00 0.000000e+00 0.000000e+00 0.000000e+00 0.000000e+00 0.000000e+00 0.000000e+00 0.000000e+00 0.000000e+00 2.857143e-01 7.142857e-01 0.000000e+00 0.000000e+00 0.000000e+00 0.000000e+00 0.000000e+00 0.000000e+00 0.000000e+00 0.000000e+00 0.000000e+00 0.000000e+00
 0.000000e+00 0.000000e+00 0.000000e+00 0.000000e+00 0.000000e+00 0.000000e+00 0.000000e+00 0.000000e+00 0.000000e+00 0.000000e+00 0.000000e+00 0.000000e+00 0.000000e+00 0.000000e+00 0.000000e+00 0.000000e+00 0.000000e+00 0.000000e+00 0.000000e+00 0.000000e+00 0.000000e+00 0.000000e+00 0.000000e+00 0.000000e+00 0.000000e+00 0.000000e+00 0.000000e+00 2.857143e-01 7.142857e-01 0.000000e+00 0.000000e+00 0.000000e+00 0.000000e+00 0.000000e+00 0.000000e+00 0.000000e+00 0.000000e+00 0.000000e+00
 0.000000e+00 0.000000e+00 0.000000e+00 0.000000e+00 0.000000e+00 0.000000e+00 0.000000e+00 0.000000e+00 0.000000e+00 0.000000e+00 0.000000e+00 0.000000e+00 0.000000e+00 0.000000e+00 0.000000e+00 0.000000e+00 0.000000e+00 0.000000e+00 0.000000e+00 0.000000e+00 0.000000e+00 0.000000e+00 0.000000e+00 0.000000e+00 0.000000e+00 0.000000e+00 0.000000e+00 0.000000e+00 5.000000e-01 5.000000e-01 0.000000e+00 0.000000e+00 0.000000e+00 0.000000e+00 0.000000e+00 0.000000e+00 0.000000e+00 0.000000e+00
 0.000000e+00 0.000000e+00 0.000000e+00 0.000000e+00 0.000000e+00 0.000000e+00 0.000000e+00 0.000000e+00 0.000000e+00 0.000000e+00 0.000000e+00 0.000000e+00 0.000000e+00 0.000000e+00 0.000000e+00 0.000000e+00 0.000000e+00 0.000000e+00 0.000000e+00 0.000000e+00 0.000000e+00 0.000000e+00 0.000000e+00 0.000000e+00 0.000000e+00 0.000000e+00 0.000000e+00 0.000000e+00 0.000000e+00 1.666667e-01 8.333333e-01 0.000000e+00 0.000000e+00 0.000000e+00 0.000000e+00 0.000000e+00 0.000000e+00 0.000000e+00
 0.000000e+00 0.000000e+00 0.000000e+00 0.000000e+00 0.000000e+00 0.000000e+00 0.000000e+00 0.000000e+00 0.000000e+00 0.000000e+00 0.000000e+00 0.000000e+00 0.000000e+00 0.000000e+00 0.000000e+00 0.000000e+00 0.000000e+00 0.000000e+00 0.000000e+00 0.000000e+00 0.000000e+00 0.000000e+00 0.000000e+00 0.000000e+00 0.000000e+00 0.000000e+00 0.000000e+00 0.000000e+00 0.000000e+00 0.000000e+00 4.444444e-01 5.555556e-01 0.000000e+00 0.000000e+00 0.000000e+00 0.000000e+00 0.000000e+00 0.000000e+00
 0.000000e+00 0.000000e+00 0.000000e+00 0.000000e+00 0.000000e+00 0.000000e+00 0.000000e+00 0.000000e+00 0.000000e+00 0.000000e+00 0.000000e+00 0.000000e+00 0.000000e+00 0.000000e+00 0.000000e+00 0.000000e+00 0.000000e+00 0.000000e+00 0.000000e+00 0.000000e+00 0.000000e+00 0.000000e+00 0.000000e+00 0.000000e+00 0.000000e+00 0.000000e+00 0.000000e+00 0.000000e+00 0.000000e+00 0.000000e+00 0.000000e+00 1.666667e-01 8.333333e-01 0.000000e+00 0.000000e+00 0.000000e+00 0.000000e+00 0.000000e+00
 0.000000e+00 0.000000e+00 0.000000e+00 0.000000e+00 0.000000e+00 0.000000e+00 0.000000e+00 0.000000e+00 0.000000e+00 0.000000e+00 0.000000e+00 0.000000e+00 0.000000e+00 0.000000e+00 0.000000e+00 0.000000e+00 0.000000e+00 0.000000e+00 0.000000e+00 0.000000e+00 0.000000e+00 0.000000e+00 0.000000e+00 0.000000e+00 0.000000e+00 0.000000e+00 0.000000e+00 0.000000e+00 0.000000e+00 0.000000e+00 0.000000e+00 0.000000e+00 3.750000e-01 6.250000e-01 0.000000e+00 0.000000e+00 0.000000e+00 0.000000e+00
 0.000000e+00 0.000000e+00 0.000000e+00 0.000000e+00 0.000000e+00 0.000000e+00 0.000000e+00 0.000000e+00 0.000000e+00 0.000000e+00 0.000000e+00 0.000000e+00 0.000000e+00 0.000000e+00 0.000000e+00 0.000000e+00 0.000000e+00 0.000000e+00 0.000000e+00 0.000000e+00 0.000000e+00 0.000000e+00 0.000000e+00 0.000000e+00 0.000000e+00 0.000000e+00 0.000000e+00 0.000000e+00 0.000000e+00 0.000000e+00 0.000000e+00 0.000000e+00 0.000000e+00 3.750000e-01 6.250000e-01 0.000000e+00 0.000000e+00 0.000000e+00
 0.000000e+00 0.000000e+00 0.000000e+00 0.000000e+00 0.000000e+00 0.000000e+00 0.000000e+00 0.000000e+00 0.000000e+00 0.000000e+00 0.000000e+00 0.000000e+00 0.000000e+00 0.000000e+00 0.000000e+00 0.000000e+00 0.000000e+00 0.000000e+00 0.000000e+00 0.000000e+00 0.000000e+00 0.000000e+00 0.000000e+00 0.000000e+00 0.000000e+00 0.000000e+00 0.000000e+00 0.000000e+00 0.000000e+00 0.000000e+00 0.000000e+00 0.000000e+00 0.000000e+00 0.000000e+00 2.857143e-01 7.142857e-01 0.000000e+00 0.000000e+00
 0.000000e+00 0.000000e+00 0.000000e+00 0.000000e+00 0.000000e+00 0.000000e+00 0.000000e+00 0.000000e+00 0.000000e+00 0.000000e+00 0.000000e+00 0.000000e+00 0.000000e+00 0.000000e+00 0.000000e+00 0.000000e+00 0.000000e+00 0.000000e+00 0.000000e+00 0.000000e+00 0.000000e+00 0.000000e+00 0.000000e+00 0.000000e+00 0.000000e+00 0.000000e+00 0.000000e+00 0.000000e+00 0.000000e+00 0.000000e+00 0.000000e+00 0.000000e+00 0.000000e+00 0.000000e+00 0.000000e+00 3.750000e-01 6.250000e-01 0.000000e+00
 0.000000e+00 0.000000e+00 0.000000e+00 0.000000e+00 0.000000e+00 0.000000e+00 0.000000e+00 0.000000e+00 0.000000e+00 0.000000e+00 0.000000e+00 0.000000e+00 0.000000e+00 0.000000e+00 0.000000e+00 0.000000e+00 0.000000e+00 0.000000e+00 0.000000e+00 0.000000e+00 0.000000e+00 0.000000e+00 0.000000e+00 0.000000e+00 0.000000e+00 0.000000e+00 0.000000e+00 0.000000e+00 0.000000e+00 0.000000e+00 0.000000e+00 0.000000e+00 0.000000e+00 0.000000e+00 0.000000e+00 0.000000e+00 0.000000e+00 1.000000e+00
 0.000000e+00 0.000000e+00 0.000000e+00 0.000000e+00 0.000000e+00 0.000000e+00 0.000000e+00 0.000000e+00 0.000000e+00 0.000000e+00 0.000000e+00 0.000000e+00 0.000000e+00 0.000000e+00 0.000000e+00 0.000000e+00 0.000000e+00 0.000000e+00 0.000000e+00 0.000000e+00 0.000000e+00 0.000000e+00 0.000000e+00 0.000000e+00 0.000000e+00 0.000000e+00 0.000000e+00 0.000000e+00 0.000000e+00 0.000000e+00 0.000000e+00 0.000000e+00 0.000000e+00 0.000000e+00 0.000000e+00 0.000000e+00 0.000000e+00 0.000000e+00
<ENDHMM>
