~o
<STREAMINFO> 1 39
<VECSIZE> 39<NULLD><MFCC_E_D_A><DIAGC>
~h "Tie^p"
<BEGINHMM>
<NUMSTATES> 10
<STATE> 2
<MEAN> 39
 -6.854509e+00 -6.916051e+00 -3.655054e+00 -1.662646e+00 -8.678364e-01 -5.607370e+00 1.589011e+00 -2.594152e+00 1.375259e+00 -4.166882e+00 2.410069e+00 -1.480429e+00 1.581101e-01 -3.148009e-01 -5.512139e-01 -1.334788e+00 -1.121693e+00 -1.710213e+00 -1.398257e+00 6.300189e-01 7.629342e-02 2.457152e-01 4.902783e-01 2.262918e-01 4.015024e-01 9.556428e-02 -7.931007e-02 -3.119945e-01 1.021973e-01 -4.556268e-01 -5.116475e-01 -2.022738e-01 1.475174e-01 2.222339e-01 2.556711e-01 5.801190e-01 -7.449747e-02 7.906488e-02 1.882574e-02
<VARIANCE> 39
 8.239456e+00 1.194329e+01 4.039386e+01 1.862087e+01 3.774312e+01 4.053902e+01 2.069340e+01 1.565235e+01 6.549699e+00 1.172153e+01 2.058770e+01 1.417194e+01 7.708086e-02 1.078433e+00 2.318204e+00 3.660068e+00 4.055728e+00 7.613036e+00 5.046381e+00 2.392075e+00 2.815914e+00 1.446102e+00 4.362493e+00 1.904345e+00 1.985483e+00 1.243156e-02 2.509982e-01 4.122546e-01 1.111833e+00 6.058466e-01 8.335047e-01 6.561250e-01 3.485073e-01 6.547880e-01 1.646725e-01 9.126629e-01 4.342620e-01 3.477722e-01 1.000000e-02
<GCONST> 9.827570e+01
<STATE> 3
<MEAN> 39
 -8.514426e+00 -1.521791e+01 -5.556901e+00 -1.623178e+01 -1.616521e+01 -1.765668e+01 8.338084e+00 2.735693e+00 5.998436e+00 1.067094e+01 2.014243e+00 -1.681275e+00 9.194167e-01 -2.865055e-01 -8.406774e-01 1.691852e+00 -1.908043e+00 -9.465548e-01 7.425746e-01 3.798542e-01 6.741155e-01 6.219130e-01 1.795383e+00 -1.270889e+00 -4.650254e-01 3.746864e-02 4.695778e-02 5.188339e-01 1.128406e-01 6.175128e-01 8.522342e-01 7.235011e-01 -2.305679e-01 -5.117623e-01 -3.657135e-01 -1.074746e+00 -5.857736e-02 -1.782710e-01 -3.404861e-02
<VARIANCE> 39
 3.843640e+00 3.162612e+00 2.182560e+01 2.255775e+01 2.928507e+01 6.050064e+01 4.217725e+01 1.709232e+01 8.433112e+00 2.288060e+01 2.485437e+01 1.355013e+01 5.527367e-02 6.004251e-01 1.907675e+00 9.211439e-01 2.275156e+00 3.559474e+00 2.154737e+00 1.005310e+00 2.736084e+00 5.487307e-01 9.156058e+00 1.471993e+00 1.396732e+00 1.000000e-02 9.487168e-02 2.082015e-01 7.455950e-01 1.885265e-01 7.530586e-01 6.856668e-01 1.329328e-01 2.639983e-01 7.392454e-02 8.060572e-01 3.351512e-01 3.405484e-01 1.000000e-02
<GCONST> 8.478237e+01
<STATE> 4
<MEAN> 39
 -8.690645e+00 -1.266153e+01 -2.452293e-02 -1.384254e+01 -1.057947e+01 -6.487312e+00 4.752294e+00 -2.102544e+00 3.956625e+00 2.669305e+00 -3.485110e+00 -2.466607e+00 6.193112e-01 1.634783e-01 -5.491155e-02 1.913650e-01 9.337436e-02 4.937171e-01 2.736894e-01 1.522395e-01 -2.411015e-01 -4.962037e-01 -6.355918e-01 -5.413904e-01 -5.008545e-01 -5.631636e-03 1.378850e-01 -1.266482e-01 -3.649808e-02 8.953644e-02 9.043489e-02 -2.102531e-01 -2.032700e-02 9.962515e-02 -2.214828e-02 -1.802745e-02 4.749577e-02 3.594584e-02 -2.087176e-03
<VARIANCE> 39
 6.774927e+00 1.591491e+01 1.715045e+01 6.982410e+01 8.290697e+01 4.623895e+01 3.366084e+01 2.378634e+01 1.622577e+01 4.972603e+01 1.768967e+01 3.092001e+01 1.920519e-01 3.832809e-01 5.315502e-01 2.924262e-01 5.607495e-01 1.040123e+00 1.200093e+00 7.124649e-01 9.148081e-01 9.060897e-01 9.207370e-01 9.880580e-01 6.684260e-01 1.000000e-02 6.594202e-02 7.589129e-02 5.774434e-02 6.305253e-02 1.867290e-01 2.214481e-01 1.159768e-01 1.553739e-01 1.482941e-01 1.647493e-01 1.799269e-01 1.729771e-01 1.000000e-02
<GCONST> 7.102193e+01
<STATE> 5
<MEAN> 39
 -5.366236e+00 -1.593906e+01 7.993803e-01 -1.168517e+01 -9.098916e+00 -8.813844e+00 3.586933e+00 -2.785791e+00 2.424288e+00 -7.939458e-01 -4.091571e+00 -3.806293e+00 5.593856e-01 9.070173e-01 -5.002336e-01 7.385638e-01 3.415391e-01 -1.176433e+00 -6.320179e-02 -1.006253e+00 -4.787669e-01 2.910689e-01 1.462479e-02 7.790951e-01 4.643677e-01 -1.336707e-02 -9.797949e-02 2.038537e-01 1.579414e-01 3.662831e-02 -3.428676e-01 4.271987e-01 9.724901e-02 -1.151090e-01 2.548841e-01 3.663845e-01 1.822667e-01 6.616251e-02 -3.240365e-03
<VARIANCE> 39
 2.288734e+01 3.096319e+01 2.329800e+01 8.654372e+01 5.179073e+01 4.984946e+01 2.776054e+01 2.441034e+01 3.648298e+01 1.102402e+01 3.958169e+01 3.179444e+01 1.301870e-01 1.723936e+00 1.464659e+00 2.807410e+00 5.081905e+00 3.816380e+00 5.714638e+00 2.908896e+00 2.239604e+00 2.553671e+00 3.387707e+00 2.585680e+00 2.234890e+00 1.000000e-02 2.691520e-01 2.147596e-01 3.332605e-01 6.641733e-01 8.235816e-01 6.766636e-01 8.027951e-01 5.235215e-01 4.802630e-01 3.860779e-01 5.230678e-01 4.032529e-01 1.000000e-02
<GCONST> 1.055107e+02
<STATE> 6
<MEAN> 39
 -2.998762e+00 -1.657810e+01 5.663234e+00 -1.155361e+01 -1.743495e+01 -5.542598e+00 5.988264e+00 -4.645995e+00 4.440913e+00 3.291860e+00 -2.628531e-01 -4.505714e+00 5.611344e-01 1.477068e-03 4.194034e-01 -2.112138e-01 2.673538e-01 7.120492e-02 5.707899e-01 5.833308e-01 2.592126e-02 7.096387e-02 1.329947e-03 3.951343e-02 -4.021226e-01 -2.167245e-02 -8.255425e-02 -1.336406e-02 -2.364170e-01 -1.297461e-01 1.601131e-01 -2.105016e-01 2.222742e-02 1.650432e-01 -1.616600e-01 -1.187492e-01 -1.542386e-01 -1.056477e-01 1.955533e-03
<VARIANCE> 39
 2.514816e+01 6.711436e+00 2.068506e+01 2.688875e+01 1.727304e+01 3.669754e+01 1.732585e+01 1.134511e+01 1.497791e+01 1.596984e+01 1.007601e+01 1.136438e+01 5.999761e-02 1.713155e-01 5.085962e-01 7.359152e-01 9.093383e-01 2.314141e+00 1.709463e+00 3.558910e+00 2.328595e+00 1.472408e+00 1.669064e+00 1.495903e+00 1.190030e+00 1.000000e-02 5.647660e-02 1.216497e-01 1.674252e-01 2.768186e-01 5.875183e-01 3.876165e-01 8.639330e-01 4.673062e-01 2.224171e-01 3.969732e-01 2.864830e-01 2.954579e-01 1.000000e-02
<GCONST> 7.984249e+01
<STATE> 7
<MEAN> 39
 -1.417055e+00 -1.661646e+01 2.685366e+00 -1.004540e+01 -1.643610e+01 -6.297266e+00 6.234972e+00 -2.585849e+00 3.680573e+00 3.355004e+00 -2.791544e+00 -5.962454e+00 4.361338e-01 -4.571742e-02 3.722902e-01 -1.709616e-01 3.714239e-01 1.662927e-01 -3.157493e-01 -1.433230e-01 8.719715e-02 8.892547e-02 2.949683e-01 4.088117e-01 4.825837e-01 -3.983251e-02 -5.342961e-02 1.227452e-01 5.974210e-02 1.300729e-01 3.501998e-01 -4.494626e-02 -2.005467e-01 -2.536929e-01 1.047689e-02 -4.920836e-02 1.977166e-01 1.327317e-01 -2.466612e-03
<VARIANCE> 39
 1.062846e+01 2.479815e+01 9.255029e+00 2.656757e+01 1.642828e+01 2.563336e+01 1.130862e+01 6.929669e+00 1.669953e+01 7.804102e+00 1.526799e+01 1.618414e+01 4.474081e-02 1.204110e+00 1.602851e+00 8.457972e-01 2.306059e+00 2.548702e+00 3.530832e+00 1.097977e+00 1.120378e+00 1.471810e+00 4.009347e-01 9.272498e-01 1.469635e+00 1.000000e-02 1.053389e-01 2.557448e-01 1.369214e-01 3.055622e-01 6.531585e-01 7.650670e-01 3.407409e-01 2.571217e-01 3.375071e-01 6.197431e-02 1.195976e-01 3.928820e-01 1.000000e-02
<GCONST> 7.789340e+01
<STATE> 8
<MEAN> 39
 -3.300450e+00 -1.076615e+01 4.165245e-01 -6.047570e+00 -8.626976e+00 -6.697951e+00 3.737329e+00 -3.933313e+00 3.062559e+00 2.434900e+00 3.050436e+00 -2.398377e+00 1.368838e-01 -3.972686e-01 5.771217e-01 2.491654e-02 7.532001e-01 1.532723e+00 -3.073650e-02 -3.382410e-01 2.442198e-02 -3.348207e-01 -4.274434e-01 -2.601957e-02 -4.811677e-02 -2.297590e-02 1.795634e-02 -1.033110e-01 7.849928e-02 5.868154e-02 -1.785390e-01 1.372824e-01 1.774557e-01 1.835553e-01 1.327676e-01 1.415828e-01 -1.518624e-01 -1.842603e-01 2.762307e-03
<VARIANCE> 39
 3.637606e+00 6.842232e+00 4.344207e+00 8.965052e+00 1.954164e+01 1.226862e+01 1.675355e+01 2.192270e+01 1.600940e+01 2.082115e+01 1.209310e+01 6.689844e+00 1.000000e-02 4.167874e-01 4.507866e-01 3.923841e-01 7.467370e-01 2.462563e+00 1.169828e+00 1.760746e+00 2.220143e+00 2.422409e+00 1.727672e+00 1.593225e+00 1.409974e+00 1.000000e-02 8.184542e-02 5.587811e-02 6.633092e-02 1.624586e-01 4.033573e-01 2.841556e-01 2.954613e-01 3.901219e-01 4.809660e-01 3.653778e-01 3.010702e-01 2.408300e-01 1.000000e-02
<GCONST> 6.948169e+01
<STATE> 9
<MEAN> 39
 -6.102888e+00 -9.416620e+00 1.538469e+00 -2.343472e+00 -4.241129e+00 -4.495348e+00 3.648166e+00 -2.758300e+00 3.666694e+00 2.896353e+00 1.813112e+00 -4.696159e+00 1.452800e-03 -2.831881e-01 -5.346574e-02 -3.279752e-01 1.366970e-02 2.966408e-01 3.189998e-01 -1.415893e-02 1.207721e-01 1.013826e-01 4.895679e-02 3.090846e-01 5.494781e-02 -1.580307e-02 8.016513e-02 -4.673976e-02 -5.808679e-02 -1.760530e-01 -1.251340e-01 -1.016944e-01 -1.071783e-01 -1.092980e-01 -2.484176e-01 -2.983438e-01 1.004837e-02 1.424040e-01 3.527671e-03
<VARIANCE> 39
 1.898351e+00 4.354190e+00 6.480411e+00 3.850020e+00 6.390378e+00 9.986644e+00 6.935351e+00 7.547201e+00 8.007598e+00 1.115145e+01 1.142387e+01 1.503718e+01 1.000000e-02 1.049585e-01 2.349139e-01 1.739300e-01 4.937254e-01 9.608122e-01 1.101596e+00 7.388995e-01 8.609694e-01 1.253201e+00 1.486683e+00 1.413001e+00 9.855363e-01 1.000000e-02 2.075515e-02 6.663873e-02 7.035119e-02 1.057361e-01 2.839306e-01 2.753051e-01 1.467953e-01 1.604628e-01 1.938417e-01 2.063571e-01 2.718986e-01 2.210732e-01 1.000000e-02
<GCONST> 5.153073e+01
<TRANSP> 10
 0.000000e+00 1.000000e+00 0.000000e+00 0.000000e+00 0.000000e+00 0.000000e+00 0.000000e+00 0.000000e+00 0.000000e+00 0.000000e+00
 0.000000e+00 8.484849e-01 1.515152e-01 0.000000e+00 0.000000e+00 0.000000e+00 0.000000e+00 0.000000e+00 0.000000e+00 0.000000e+00
 0.000000e+00 0.000000e+00 7.500000e-01 2.500000e-01 0.000000e+00 0.000000e+00 0.000000e+00 0.000000e+00 0.000000e+00 0.000000e+00
 0.000000e+00 0.000000e+00 0.000000e+00 8.979592e-01 1.020408e-01 0.000000e+00 0.000000e+00 0.000000e+00 0.000000e+00 0.000000e+00
 0.000000e+00 0.000000e+00 0.000000e+00 0.000000e+00 8.437500e-01 1.562500e-01 0.000000e+00 0.000000e+00 0.000000e+00 0.000000e+00
 0.000000e+00 0.000000e+00 0.000000e+00 0.000000e+00 0.000000e+00 8.780488e-01 1.219512e-01 0.000000e+00 0.000000e+00 0.000000e+00
 0.000000e+00 0.000000e+00 0.000000e+00 0.000000e+00 0.000000e+00 0.000000e+00 8.333333e-01 1.666667e-01 0.000000e+00 0.000000e+00
 0.000000e+00 0.000000e+00 0.000000e+00 0.000000e+00 0.000000e+00 0.000000e+00 0.000000e+00 8.484849e-01 1.515152e-01 0.000000e+00
 0.000000e+00 0.000000e+00 0.000000e+00 0.000000e+00 0.000000e+00 0.000000e+00 0.000000e+00 0.000000e+00 8.387097e-01 1.612903e-01
 0.000000e+00 0.000000e+00 0.000000e+00 0.000000e+00 0.000000e+00 0.000000e+00 0.000000e+00 0.000000e+00 0.000000e+00 0.000000e+00
<ENDHMM>
