~o
<STREAMINFO> 1 39
<VECSIZE> 39<NULLD><MFCC_E_D_A><DIAGC>
~h "To"
<BEGINHMM>
<NUMSTATES> 19
<STATE> 2
<MEAN> 39
 -7.076339e+00 -7.714734e+00 -2.663213e+00 -1.521521e+00 2.137438e+00 -4.087421e+00 1.306389e+00 -3.008828e+00 2.897141e+00 -3.662261e+00 1.327945e+00 -1.572773e+00 -7.598202e-02 -3.032829e-01 2.331484e-01 -8.197359e-01 -6.528525e-01 1.959967e-01 -3.885919e-01 1.778453e-01 2.443616e-01 3.264431e-01 8.723460e-02 -9.566482e-02 -4.227917e-01 4.285477e-02 -7.270959e-02 -2.339714e-01 -6.576999e-01 -3.215542e-01 -5.504359e-02 -2.917975e-01 1.832297e-01 2.059815e-01 1.181455e-02 -1.620408e-01 -2.031859e-01 -3.324302e-02 3.000757e-02
<VARIANCE> 39
 7.104003e+00 1.066460e+01 1.600204e+01 9.403106e+00 1.050874e+01 2.316036e+01 1.822404e+01 1.396608e+01 1.749114e+01 1.102836e+01 1.025847e+01 1.355176e+01 1.000000e-02 1.229857e+00 1.815629e+00 3.892737e+00 1.467003e+00 1.846130e+00 2.331771e+00 1.247951e+00 1.683767e+00 1.666795e+00 1.714115e+00 1.466186e+00 1.133553e+00 1.000000e-02 2.133111e-01 6.167548e-01 1.040217e+00 1.513696e-01 3.810989e-01 5.109876e-01 3.208368e-01 3.653553e-01 3.860688e-01 3.969181e-01 2.293013e-01 1.957194e-01 1.000000e-02
<GCONST> 8.210334e+01
<STATE> 3
<MEAN> 39
 -8.967547e+00 -1.323500e+01 -1.856763e+01 -1.004834e+01 2.449620e+00 -1.105805e+01 6.220989e+00 3.975538e-01 4.231475e+00 -6.620266e+00 -3.722692e+00 -4.036687e+00 6.347466e-01 3.338161e-01 -3.739659e+00 -4.412519e+00 -9.555492e-01 1.590500e+00 -5.412753e-01 1.608605e+00 -4.500911e-01 1.969804e-01 -1.053905e+00 -9.453511e-01 -7.134937e-01 1.931614e-01 5.431844e-01 -3.923184e-01 1.033924e+00 5.656942e-01 4.892574e-01 1.254802e+00 -2.688550e-01 -7.632006e-01 -1.480708e-01 4.637653e-01 6.603118e-01 -1.817977e-01 -2.983116e-02
<VARIANCE> 39
 2.071458e+01 5.902876e+01 7.143369e+01 1.366145e+01 2.987643e+01 2.681822e+01 2.498570e+01 3.652950e+01 2.472552e+01 1.741630e+01 2.705634e+01 1.304718e+01 7.993001e-02 1.532687e+00 3.011476e+00 7.842585e+00 2.305576e+00 3.479546e+00 6.870103e+00 1.375707e+00 5.923807e+00 2.299463e+00 2.094119e+00 3.553441e+00 2.134823e+00 1.000000e-02 2.977041e-01 1.400110e+00 1.387530e+00 1.910853e-01 5.286781e-01 5.174519e-01 3.376693e-01 8.493730e-01 4.539920e-01 5.091619e-01 7.207490e-01 3.682486e-01 1.000000e-02
<GCONST> 1.051224e+02
<STATE> 4
<MEAN> 39
 -5.567428e+00 -2.290581e+01 -2.239286e+01 -8.941231e+00 9.158649e+00 -2.340877e+00 6.294681e+00 -7.427110e+00 3.637848e+00 -6.496613e+00 -6.808216e-01 -7.367834e+00 9.463833e-01 1.124213e+00 -6.709664e-01 2.064998e-01 -4.054278e-01 1.142115e+00 2.585047e+00 -2.331778e-01 -2.175554e+00 -8.278251e-01 1.656217e+00 1.559297e+00 -1.397201e+00 2.788522e-02 -2.483676e-01 9.991906e-01 5.767170e-01 -5.039847e-01 -3.249086e-01 -2.506648e-01 4.678413e-02 4.022669e-01 -1.261927e-01 5.142246e-01 1.037648e-02 1.038132e-01 -2.809298e-02
<VARIANCE> 39
 3.364604e+00 7.141602e+00 1.622786e+01 4.441740e+00 1.584700e+01 3.812374e+01 2.455530e+01 1.344054e+01 1.153124e+01 6.824144e+00 5.011989e+00 1.444140e+01 1.000000e-02 9.160863e-01 1.125979e+00 7.013651e-01 1.156855e+00 5.957308e-01 1.481419e+00 8.268616e-01 1.512016e+00 1.253140e+00 7.121536e-01 6.405522e-01 7.274791e-01 1.000000e-02 2.260793e-01 2.610140e-01 5.245708e-01 1.612585e-01 1.242701e-01 4.492867e-01 3.006819e-01 2.680055e-01 2.434423e-01 3.214006e-01 2.326422e-01 3.751525e-01 1.000000e-02
<GCONST> 6.952169e+01
<STATE> 5
<MEAN> 39
 -3.083718e+00 -2.175171e+01 -2.253773e+01 -1.075342e+01 1.313383e+01 -3.362978e-01 1.046106e+01 -1.016213e+01 1.150108e+00 -1.561026e+00 -2.104933e-01 -1.021342e+01 9.666283e-01 2.707410e-01 6.699950e-03 4.575490e-01 -1.852992e+00 8.521277e-01 1.018991e+00 5.989765e-01 -7.003292e-01 -6.123612e-01 1.718928e+00 5.775461e-01 2.204390e-01 2.536870e-03 -1.807828e-01 -2.748445e-02 7.997502e-02 -2.268950e-01 -2.952606e-01 -3.600940e-01 -2.048183e-01 3.713240e-01 1.084450e-01 -3.430389e-01 -8.978640e-02 4.624563e-01 -5.397805e-03
<VARIANCE> 39
 6.196196e+00 5.500655e+00 3.093251e+01 1.281433e+01 1.235466e+01 1.052052e+01 2.916928e+01 2.787970e+01 1.758503e+01 1.675534e+01 9.554780e+00 4.277864e+00 1.000000e-02 1.351436e+00 5.269650e-01 6.099001e-01 7.178857e-01 5.171859e-01 2.199783e+00 1.025798e+00 4.519097e-01 2.511756e-01 1.717044e+00 5.521799e-01 1.009149e+00 1.000000e-02 4.376156e-02 6.512592e-02 2.400730e-01 6.719620e-02 1.333826e-01 1.359140e-01 2.478764e-01 9.469291e-02 2.112918e-01 2.101367e-01 2.776657e-01 6.916398e-02 1.000000e-02
<GCONST> 6.028987e+01
<STATE> 6
<MEAN> 39
 -4.240214e+00 -2.360642e+01 -2.087267e+01 -1.754278e+01 1.371710e+01 8.977543e-01 8.830103e+00 -1.050093e+01 3.299556e-01 -5.155718e-01 2.469536e+00 -8.967102e+00 9.628686e-01 -9.468339e-02 -7.688294e-02 2.910769e-01 -1.188129e+00 1.290569e-01 4.807301e-01 -5.328792e-01 -5.131285e-01 -2.686133e-02 4.720299e-02 5.411074e-01 -4.830987e-01 -1.617032e-03 -3.683826e-02 1.853158e-01 -1.365273e-01 5.363042e-01 -2.008357e-01 -1.082996e-01 -1.064121e-01 -7.949977e-02 1.669948e-01 -4.152721e-01 -3.305025e-01 -1.132629e-01 -9.734406e-04
<VARIANCE> 39
 1.176042e+01 8.498702e+00 1.440261e+01 1.779104e+01 1.561520e+01 4.798004e+00 9.954270e+00 2.163958e+01 1.237966e+01 1.538636e+01 6.933065e+00 9.428161e+00 1.000000e-02 4.633047e-01 3.791540e-01 6.320287e-01 9.575132e-01 1.564613e-01 9.285003e-01 1.199632e+00 7.084678e-01 8.460689e-01 2.483531e+00 9.206023e-01 9.558495e-01 1.000000e-02 8.419839e-02 4.937564e-02 9.772007e-02 9.662516e-02 9.029102e-02 1.713612e-01 8.548172e-02 9.927731e-02 7.739023e-02 2.368572e-01 1.362421e-01 3.179180e-01 1.000000e-02
<GCONST> 5.719051e+01
<STATE> 7
<MEAN> 39
 -3.478495e+00 -1.986023e+01 -2.168289e+01 -1.685571e+01 1.367795e+01 3.168461e+00 8.325513e+00 -1.326004e+01 3.753410e-01 -1.885345e+00 4.383791e+00 -1.071523e+01 9.603738e-01 3.738490e-01 2.950414e-01 4.730559e-02 -7.659588e-02 1.948810e-01 2.805524e-01 -2.511417e-03 -8.998697e-02 -1.205737e-01 -1.345554e-01 -1.286288e-01 3.529697e-02 -2.632609e-03 7.072506e-02 -6.964985e-02 -3.493089e-02 -1.065906e-02 -1.204562e-02 -3.052914e-02 -1.802507e-02 2.011610e-01 -6.801341e-02 1.090199e-01 -2.552724e-02 1.331657e-01 -9.409923e-04
<VARIANCE> 39
 9.586083e+00 5.879340e+00 2.000990e+01 9.921729e+00 4.017983e+01 1.836204e+01 7.117567e+00 1.980296e+01 2.368069e+01 1.573955e+01 1.968329e+01 7.589975e+00 1.000000e-02 1.485275e-01 3.692589e-01 4.189209e-01 7.309922e-01 2.507113e-01 9.702861e-01 4.193511e-01 4.090432e-01 7.564932e-01 8.433153e-01 7.277670e-01 5.908467e-01 1.000000e-02 2.653736e-02 5.677481e-02 3.485456e-02 1.651761e-01 4.173451e-02 7.533861e-02 1.012751e-01 6.127920e-02 1.402779e-01 2.643707e-01 7.311081e-02 1.190449e-01 1.000000e-02
<GCONST> 5.056900e+01
<STATE> 8
<MEAN> 39
 -7.912398e-01 -2.342030e+01 -1.812000e+01 -1.792138e+01 9.676679e+00 9.320673e+00 1.501035e+00 -6.963267e+00 -9.842817e-01 2.211293e+00 6.034468e-01 -6.863830e+00 9.605724e-01 3.250777e-01 4.684642e-02 -1.222176e-01 -2.454169e-01 7.043010e-02 9.568724e-02 -1.159631e-01 2.006338e-01 -1.185630e-01 1.066985e-02 1.161124e-01 7.908871e-02 -5.332791e-03 -3.594368e-02 1.381456e-02 -4.645345e-02 -7.216957e-02 2.327018e-02 -2.533822e-01 3.679521e-02 -1.362699e-01 1.075333e-01 -2.396060e-01 6.223397e-02 -3.528259e-02 -2.229800e-03
<VARIANCE> 39
 3.520102e+00 1.989720e+01 2.932078e+01 2.108230e+01 2.024529e+01 1.205471e+01 1.489667e+01 2.703165e+01 6.325412e+00 5.737644e+00 4.098291e+00 8.811740e+00 1.000000e-02 1.250044e-01 3.057248e-01 2.535858e-01 6.342880e-01 7.363175e-01 1.106448e+00 6.644159e-01 1.089036e+00 8.962992e-01 1.029798e+00 1.806552e-01 4.385184e-01 1.000000e-02 1.215839e-02 2.500898e-02 5.953330e-02 1.046777e-01 1.261322e-01 1.330762e-01 1.377991e-01 8.689343e-02 9.009325e-02 1.464880e-01 7.002930e-02 6.573949e-02 1.000000e-02
<GCONST> 4.757813e+01
<STATE> 9
<MEAN> 39
 4.606191e-01 -1.998831e+01 -2.224601e+01 -1.943563e+01 1.464843e+01 2.090657e+00 6.842933e+00 -1.200058e+01 -2.091998e-01 -2.330677e+00 1.342405e+00 -9.847250e+00 8.768029e-01 6.434133e-01 -1.171449e-01 -1.353163e-01 2.783686e-01 -6.670141e-01 -4.451690e-03 -3.796263e-01 -1.543140e-01 2.914589e-01 -5.113524e-01 -8.113343e-01 5.117229e-01 -1.950324e-02 8.624191e-02 -1.130146e-02 6.969189e-03 3.606628e-01 -3.681206e-01 2.606449e-01 -1.150146e-01 -2.023122e-02 7.074481e-02 -4.562295e-03 -1.794745e-01 9.481990e-02 -2.759676e-03
<VARIANCE> 39
 2.190453e+00 1.578833e+01 2.717950e+01 1.653490e+01 3.580695e+01 2.800231e+01 2.733697e+01 4.090976e+01 1.255891e+01 5.414747e+00 3.416060e+01 8.163001e+00 1.000000e-02 2.284774e-01 3.327086e-01 4.172979e-01 1.314396e+00 1.566689e+00 2.125520e+00 1.339216e+00 1.173408e+00 5.740067e-01 8.275427e-01 2.321115e+00 5.950332e-01 1.000000e-02 2.832791e-02 5.082260e-02 6.908547e-02 1.299288e-01 1.936956e-01 1.311483e-01 2.723876e-01 2.572151e-01 8.123791e-02 7.830596e-02 3.810356e-01 1.106228e-01 1.000000e-02
<GCONST> 6.353762e+01
<STATE> 10
<MEAN> 39
 4.332441e+00 -2.004699e+01 -2.378755e+01 -1.423409e+01 8.531236e+00 3.372859e+00 5.303633e+00 -1.226818e+01 1.369430e+00 -4.232122e+00 -2.254423e+00 -7.273201e+00 7.692812e-01 6.870275e-01 -1.110659e-01 2.556359e-01 6.342080e-01 -1.098359e+00 8.262202e-01 -1.266111e+00 1.009178e+00 -2.203729e-01 1.052015e-01 -6.081410e-01 3.711111e-01 -3.096049e-02 -2.378907e-01 4.542914e-02 3.688158e-01 -2.806321e-01 6.439493e-01 -4.046160e-02 -1.624566e-01 4.418979e-01 -2.843724e-01 2.142525e-01 4.037299e-01 -2.914786e-01 -2.539393e-03
<VARIANCE> 39
 7.667130e-01 9.850720e+00 1.576064e+01 9.946250e+00 1.429825e+01 2.369658e+01 1.332434e+01 1.980588e+01 2.473705e+01 1.802490e+01 1.735626e+01 7.347839e+00 1.000000e-02 1.204753e-01 4.958973e-01 1.326850e+00 7.165249e-01 1.070403e+00 1.936967e+00 7.093134e-01 2.397840e+00 1.014458e+00 6.139375e-01 2.677965e+00 5.523763e-01 1.000000e-02 3.683498e-02 8.530131e-02 3.101548e-01 3.160434e-01 2.352582e-01 6.994830e-01 8.007655e-02 3.108964e-01 1.238168e-01 2.485804e-01 8.165691e-01 1.118972e-01 1.000000e-02
<GCONST> 6.614104e+01
<STATE> 11
<MEAN> 39
 4.000221e+00 -2.155757e+01 -1.900241e+01 -1.608537e+01 8.655734e+00 5.763250e+00 2.950769e-01 -7.210349e+00 -2.108154e-01 -2.222834e+00 -1.006618e+00 -7.227957e+00 6.698782e-01 -5.653593e-03 2.067231e-01 6.157359e-01 1.128536e+00 -2.657701e-02 -5.032526e-01 -6.978928e-01 6.078668e-01 1.952249e-02 -1.178252e-01 3.200833e-01 9.949024e-02 -4.444671e-02 4.539377e-02 1.633670e-01 -1.629262e-01 5.298023e-01 -5.536935e-02 -1.828091e-01 2.467249e-01 -2.472290e-01 8.703308e-03 -2.035930e-01 -1.484762e-01 2.022729e-01 -1.584672e-03
<VARIANCE> 39
 5.685809e+00 4.417260e+00 2.500220e+01 2.159421e+01 2.461308e+01 1.900660e+01 2.115365e+01 2.283772e+01 2.107434e+01 7.547774e+00 2.173606e+01 6.657805e+00 1.000000e-02 3.437146e-01 4.305316e-01 1.785034e+00 2.742748e+00 1.648595e+00 2.064744e+00 1.799608e+00 3.116004e+00 1.673918e+00 2.142626e+00 2.291732e+00 8.929318e-01 1.000000e-02 1.098696e-01 1.121674e-01 2.748425e-01 3.416409e-01 3.621455e-01 5.052070e-01 2.630914e-01 6.065927e-01 1.960164e-01 2.739294e-01 4.960102e-01 2.148696e-01 1.000000e-02
<GCONST> 7.891022e+01
<STATE> 12
<MEAN> 39
 5.013769e+00 -1.972210e+01 -1.854217e+01 -8.119811e+00 7.960271e+00 4.106503e+00 3.340648e-01 -7.371410e+00 3.308812e-01 -6.233912e+00 -2.000708e+00 -4.262826e+00 5.328978e-01 2.974133e-01 7.806445e-01 -5.822044e-02 1.334737e+00 2.514017e-01 -5.219206e-02 5.504056e-01 -3.910348e-01 -7.385360e-01 -4.852064e-01 3.316437e-02 8.284659e-01 -3.117033e-02 -1.575613e-01 -5.731373e-02 9.463134e-02 -5.658612e-01 -8.262198e-02 9.271283e-02 1.019531e-01 2.075378e-02 -6.835155e-02 4.836603e-01 2.651597e-01 -7.451811e-02 4.327663e-03
<VARIANCE> 39
 5.245800e+00 9.282581e+00 1.145772e+01 6.763393e+00 8.511778e+00 1.061011e+01 1.061694e+01 9.995957e+00 1.530770e+01 1.912502e+01 1.430020e+01 1.427341e+01 1.000000e-02 6.804822e-01 4.750461e-01 2.130064e+00 3.088801e+00 1.560460e+00 1.024715e+00 1.084856e+00 1.274796e+00 7.579321e-01 2.146309e+00 2.318301e+00 1.773214e+00 1.000000e-02 1.288433e-01 1.360132e-01 3.175963e-01 1.748837e-01 2.847394e-01 1.394783e-01 3.596714e-01 3.124136e-01 4.053443e-01 3.953459e-01 4.136292e-01 3.435824e-01 1.000000e-02
<GCONST> 7.358291e+01
<STATE> 13
<MEAN> 39
 5.141834e+00 -1.770958e+01 -1.902817e+01 -7.408334e+00 7.923488e+00 3.333242e+00 2.038378e+00 -7.461118e+00 -2.996938e+00 -3.095246e+00 -3.901336e-01 -4.265370e+00 4.405956e-01 -5.030216e-01 -2.262595e-01 -4.237538e-01 -4.683008e-01 -6.529467e-01 -3.528690e-01 3.376597e-01 5.656692e-01 3.633038e-01 6.590401e-01 2.203457e-01 1.029546e-01 -2.195358e-02 -1.721343e-01 -2.825803e-01 -1.280181e-01 -1.150211e-01 -5.178683e-03 -1.362194e-02 -9.245183e-02 1.993619e-01 2.898555e-01 -1.415805e-01 -4.120079e-02 -6.638566e-03 -4.388971e-04
<VARIANCE> 39
 3.248782e+00 2.699536e+00 1.049468e+01 8.058582e+00 4.871903e+00 9.011340e+00 6.637429e+00 1.205810e+01 1.716635e+01 1.234144e+01 9.967744e+00 8.804565e+00 1.000000e-02 3.445273e-01 7.511328e-01 1.250297e+00 5.514778e-01 3.960379e-01 5.120477e-01 9.661011e-01 1.184119e+00 1.632553e+00 1.712743e+00 1.440655e+00 1.258388e+00 1.000000e-02 3.150881e-02 6.487399e-02 4.604892e-01 3.670916e-01 9.251586e-02 7.200227e-02 9.207076e-02 2.296511e-01 4.481023e-01 2.043437e-01 2.497130e-01 2.878433e-01 1.000000e-02
<GCONST> 5.904250e+01
<STATE> 14
<MEAN> 39
 1.954898e+00 -2.001127e+01 -1.873133e+01 -8.730015e+00 5.314620e+00 3.531960e+00 1.483120e+00 -5.187805e+00 1.915991e+00 -1.187288e+00 1.387552e+00 -1.741592e+00 3.373917e-01 -3.902994e-01 -3.394647e-02 5.346611e-01 5.320501e-01 6.689498e-02 -8.457887e-02 -1.529223e-01 -3.106933e-02 2.069243e-01 -1.445487e-02 -4.992708e-02 -2.715581e-01 -2.049835e-02 1.868463e-01 3.015060e-01 1.682705e-01 1.748516e-01 2.641952e-01 2.467128e-03 -8.983619e-02 -2.899980e-01 -3.356926e-01 -1.507214e-01 -1.660549e-01 -2.561559e-01 3.497339e-03
<VARIANCE> 39
 1.545647e+00 2.435875e+00 1.724286e+01 5.913788e+00 1.183246e+01 6.643533e+00 1.298403e+01 1.309273e+01 1.667363e+01 1.648500e+01 7.307509e+00 7.623532e+00 1.000000e-02 1.370873e-01 4.093588e-01 2.070606e+00 8.650112e-01 1.318506e+00 1.351093e+00 9.818631e-01 1.244303e+00 2.812158e+00 1.151006e+00 9.701723e-01 1.008857e+00 1.000000e-02 1.000000e-02 3.129978e-02 5.169004e-01 2.221869e-01 2.024150e-01 1.505351e-01 2.572189e-01 2.010873e-01 2.957036e-01 2.000733e-01 1.879579e-01 1.821872e-01 1.000000e-02
<GCONST> 5.969414e+01
<STATE> 15
<MEAN> 39
 2.169374e+00 -1.680681e+01 -1.569974e+01 -6.383596e+00 7.412961e+00 2.396762e+00 8.227174e-01 -6.533440e+00 -1.394836e+00 -3.205288e+00 -3.871772e-01 -5.347145e+00 2.884543e-01 -1.043806e-02 8.266931e-01 1.011349e+00 6.089390e-01 3.287678e-01 9.514827e-02 -3.998415e-01 -9.386031e-02 -5.265757e-01 2.990093e-01 2.255299e-01 -4.746246e-01 -1.335127e-02 3.165788e-02 -1.323615e-02 1.416945e-01 1.986297e-02 -2.263267e-01 -2.185156e-02 2.834794e-02 5.253663e-02 1.703072e-01 6.047963e-02 7.215255e-02 2.078912e-01 1.495116e-03
<VARIANCE> 39
 2.210459e+00 4.995592e+00 1.565657e+01 8.464774e+00 1.254249e+01 1.563117e+01 1.091340e+01 1.084207e+01 1.120600e+01 1.155391e+01 7.450121e+00 1.137309e+01 1.000000e-02 2.019847e-01 2.931184e-01 1.187404e+00 9.994103e-01 5.298319e-01 9.903086e-01 8.171781e-01 1.334147e+00 4.399841e-01 1.264626e+00 6.966684e-01 1.081742e-01 1.000000e-02 4.283743e-02 7.842486e-02 3.234225e-01 2.238707e-01 1.504117e-01 2.900575e-01 8.910573e-02 2.652647e-01 2.687142e-01 3.388633e-01 1.937860e-01 1.065492e-01 1.000000e-02
<GCONST> 5.664435e+01
<STATE> 16
<MEAN> 39
 2.046618e+00 -1.545839e+01 -1.207156e+01 -3.706529e+00 6.872778e+00 2.155504e+00 -3.304714e-01 -7.071961e+00 -1.397609e+00 -2.647495e+00 1.004959e+00 -3.447521e+00 2.542419e-01 -1.267137e-01 2.422133e-01 6.364349e-01 -2.682096e-02 -6.096119e-01 -3.505233e-01 -1.745658e-01 -1.356146e-01 3.803803e-01 -3.658140e-01 4.494838e-01 1.191712e+00 -1.475446e-02 -2.373689e-01 -7.153648e-02 -2.885799e-01 -3.185071e-01 6.085288e-02 -3.663751e-02 2.320937e-02 4.428128e-02 1.208446e-01 1.915272e-02 4.491255e-02 4.201697e-02 -6.162587e-03
<VARIANCE> 39
 2.014218e+00 4.054858e+00 1.834024e+01 4.110820e+00 1.043409e+01 8.024346e+00 9.109247e+00 1.830319e+01 7.134172e+00 1.596483e+01 1.599568e+01 2.127195e+01 1.000000e-02 3.942617e-01 8.064249e-01 1.569100e+00 1.034192e+00 1.211718e+00 7.712960e-01 9.109547e-01 7.796040e-01 9.988948e-01 1.504134e+00 1.569517e+00 8.442329e-01 1.000000e-02 3.603989e-02 1.565286e-01 2.756601e-01 1.221160e-01 2.753707e-01 1.200485e-01 1.113833e-01 1.664787e-01 2.543178e-01 3.783910e-01 2.964541e-01 3.457254e-01 1.000000e-02
<GCONST> 6.342525e+01
<STATE> 17
<MEAN> 39
 -5.406710e-01 -1.347717e+01 -1.150131e+01 -6.006002e+00 6.093507e+00 3.666785e-01 -1.017847e+00 -7.116021e+00 8.580080e-02 -2.374625e+00 2.705262e+00 -1.897658e+00 1.344633e-01 -1.319543e+00 4.573269e-01 5.103021e-01 -6.254207e-02 3.013292e-01 6.014495e-02 2.987746e-01 -8.851180e-02 9.826477e-02 1.388202e-01 -2.207689e-01 3.265516e-02 -5.076139e-02 -1.420202e-01 -7.556422e-04 2.767852e-01 2.664464e-01 1.063943e-01 3.207746e-01 2.962098e-01 2.009290e-01 -1.680230e-01 1.119919e-02 -1.445019e-01 -7.842278e-02 -4.918172e-03
<VARIANCE> 39
 5.887424e+00 5.509070e+00 6.733649e+00 8.948823e+00 9.280354e+00 5.858797e+00 1.570655e+01 1.138080e+01 1.853742e+01 9.297668e+00 1.455161e+01 2.056112e+01 1.000000e-02 2.734581e-01 7.114831e-01 1.686651e+00 1.110891e+00 6.455178e-01 1.354240e+00 8.938863e-01 5.161425e-01 1.234086e+00 1.069017e+00 9.234594e-01 8.834038e-01 1.000000e-02 1.074606e-01 1.654417e-01 2.915619e-01 1.602243e-01 1.623904e-01 1.648865e-01 1.646926e-01 1.285418e-01 1.911596e-01 1.695991e-01 2.032572e-01 2.067617e-01 1.000000e-02
<GCONST> 6.246113e+01
<STATE> 18
<MEAN> 39
 -4.967228e+00 -1.207811e+01 -6.862892e+00 -4.158403e+00 7.442208e+00 3.343211e+00 1.660072e+00 -5.668684e+00 -1.037492e+00 -2.823842e+00 1.189347e+00 -1.334812e+00 -3.252269e-02 -5.321307e-01 8.061501e-01 1.291657e+00 4.925840e-01 -3.342046e-01 -5.276527e-02 3.709091e-01 6.005266e-01 8.820602e-02 4.126381e-01 4.257138e-01 2.111607e-01 -2.506652e-02 3.196007e-01 4.540930e-02 -1.051582e-01 -3.139444e-02 -2.758659e-01 -4.112794e-01 -2.427051e-01 -1.245684e-01 2.434435e-01 1.574439e-01 2.538697e-01 2.377244e-02 1.140739e-02
<VARIANCE> 39
 5.936511e-01 8.459807e+00 2.756189e+01 7.424878e+00 6.832427e+00 1.867385e+01 8.502617e+00 7.669793e+00 8.160244e+00 1.292885e+01 1.636666e+01 7.225509e+00 1.000000e-02 2.897863e-01 8.202012e-01 1.421830e+00 6.028029e-01 7.488528e-01 2.226361e+00 1.078102e+00 9.879683e-01 4.950049e-01 1.220731e+00 6.387695e-01 5.737767e-01 1.000000e-02 5.319011e-02 1.843218e-01 4.504741e-01 1.987744e-01 9.454612e-02 3.233261e-01 1.261720e-01 1.218639e-01 8.058622e-02 2.778631e-01 1.444231e-01 1.701012e-01 1.000000e-02
<GCONST> 5.852453e+01
<TRANSP> 19
 0.000000e+00 1.000000e+00 0.000000e+00 0.000000e+00 0.000000e+00 0.000000e+00 0.000000e+00 0.000000e+00 0.000000e+00 0.000000e+00 0.000000e+00 0.000000e+00 0.000000e+00 0.000000e+00 0.000000e+00 0.000000e+00 0.000000e+00 0.000000e+00 0.000000e+00
 0.000000e+00 8.437500e-01 1.562500e-01 0.000000e+00 0.000000e+00 0.000000e+00 0.000000e+00 0.000000e+00 0.000000e+00 0.000000e+00 0.000000e+00 0.000000e+00 0.000000e+00 0.000000e+00 0.000000e+00 0.000000e+00 0.000000e+00 0.000000e+00 0.000000e+00
 0.000000e+00 0.000000e+00 7.222222e-01 2.777778e-01 0.000000e+00 0.000000e+00 0.000000e+00 0.000000e+00 0.000000e+00 0.000000e+00 0.000000e+00 0.000000e+00 0.000000e+00 0.000000e+00 0.000000e+00 0.000000e+00 0.000000e+00 0.000000e+00 0.000000e+00
 0.000000e+00 0.000000e+00 0.000000e+00 6.153846e-01 3.846154e-01 0.000000e+00 0.000000e+00 0.000000e+00 0.000000e+00 0.000000e+00 0.000000e+00 0.000000e+00 0.000000e+00 0.000000e+00 0.000000e+00 0.000000e+00 0.000000e+00 0.000000e+00 0.000000e+00
 0.000000e+00 0.000000e+00 0.000000e+00 0.000000e+00 4.444444e-01 5.555556e-01 0.000000e+00 0.000000e+00 0.000000e+00 0.000000e+00 0.000000e+00 0.000000e+00 0.000000e+00 0.000000e+00 0.000000e+00 0.000000e+00 0.000000e+00 0.000000e+00 0.000000e+00
 0.000000e+00 0.000000e+00 0.000000e+00 0.000000e+00 0.000000e+00 6.428571e-01 3.571429e-01 0.000000e+00 0.000000e+00 0.000000e+00 0.000000e+00 0.000000e+00 0.000000e+00 0.000000e+00 0.000000e+00 0.000000e+00 0.000000e+00 0.000000e+00 0.000000e+00
 0.000000e+00 0.000000e+00 0.000000e+00 0.000000e+00 0.000000e+00 0.000000e+00 8.333333e-01 1.666667e-01 0.000000e+00 0.000000e+00 0.000000e+00 0.000000e+00 0.000000e+00 0.000000e+00 0.000000e+00 0.000000e+00 0.000000e+00 0.000000e+00 0.000000e+00
 0.000000e+00 0.000000e+00 0.000000e+00 0.000000e+00 0.000000e+00 0.000000e+00 0.000000e+00 8.148148e-01 1.851852e-01 0.000000e+00 0.000000e+00 0.000000e+00 0.000000e+00 0.000000e+00 0.000000e+00 0.000000e+00 0.000000e+00 0.000000e+00 0.000000e+00
 0.000000e+00 0.000000e+00 0.000000e+00 0.000000e+00 0.000000e+00 0.000000e+00 0.000000e+00 0.000000e+00 7.727273e-01 2.272727e-01 0.000000e+00 0.000000e+00 0.000000e+00 0.000000e+00 0.000000e+00 0.000000e+00 0.000000e+00 0.000000e+00 0.000000e+00
 0.000000e+00 0.000000e+00 0.000000e+00 0.000000e+00 0.000000e+00 0.000000e+00 0.000000e+00 0.000000e+00 0.000000e+00 5.833333e-01 4.166667e-01 0.000000e+00 0.000000e+00 0.000000e+00 0.000000e+00 0.000000e+00 0.000000e+00 0.000000e+00 0.000000e+00
 0.000000e+00 0.000000e+00 0.000000e+00 0.000000e+00 0.000000e+00 0.000000e+00 0.000000e+00 0.000000e+00 0.000000e+00 0.000000e+00 7.368421e-01 2.631579e-01 0.000000e+00 0.000000e+00 0.000000e+00 0.000000e+00 0.000000e+00 0.000000e+00 0.000000e+00
 0.000000e+00 0.000000e+00 0.000000e+00 0.000000e+00 0.000000e+00 0.000000e+00 0.000000e+00 0.000000e+00 0.000000e+00 0.000000e+00 0.000000e+00 7.058824e-01 2.941177e-01 0.000000e+00 0.000000e+00 0.000000e+00 0.000000e+00 0.000000e+00 0.000000e+00
 0.000000e+00 0.000000e+00 0.000000e+00 0.000000e+00 0.000000e+00 0.000000e+00 0.000000e+00 0.000000e+00 0.000000e+00 0.000000e+00 0.000000e+00 0.000000e+00 7.058824e-01 2.941177e-01 0.000000e+00 0.000000e+00 0.000000e+00 0.000000e+00 0.000000e+00
 0.000000e+00 0.000000e+00 0.000000e+00 0.000000e+00 0.000000e+00 0.000000e+00 0.000000e+00 0.000000e+00 0.000000e+00 0.000000e+00 0.000000e+00 0.000000e+00 0.000000e+00 7.500000e-01 2.500000e-01 0.000000e+00 0.000000e+00 0.000000e+00 0.000000e+00
 0.000000e+00 0.000000e+00 0.000000e+00 0.000000e+00 0.000000e+00 0.000000e+00 0.000000e+00 0.000000e+00 0.000000e+00 0.000000e+00 0.000000e+00 0.000000e+00 0.000000e+00 0.000000e+00 7.500000e-01 2.500000e-01 0.000000e+00 0.000000e+00 0.000000e+00
 0.000000e+00 0.000000e+00 0.000000e+00 0.000000e+00 0.000000e+00 0.000000e+00 0.000000e+00 0.000000e+00 0.000000e+00 0.000000e+00 0.000000e+00 0.000000e+00 0.000000e+00 0.000000e+00 0.000000e+00 7.222222e-01 2.777778e-01 0.000000e+00 0.000000e+00
 0.000000e+00 0.000000e+00 0.000000e+00 0.000000e+00 0.000000e+00 0.000000e+00 0.000000e+00 0.000000e+00 0.000000e+00 0.000000e+00 0.000000e+00 0.000000e+00 0.000000e+00 0.000000e+00 0.000000e+00 0.000000e+00 7.222222e-01 2.777778e-01 0.000000e+00
 0.000000e+00 0.000000e+00 0.000000e+00 0.000000e+00 0.000000e+00 0.000000e+00 0.000000e+00 0.000000e+00 0.000000e+00 0.000000e+00 0.000000e+00 0.000000e+00 0.000000e+00 0.000000e+00 0.000000e+00 0.000000e+00 0.000000e+00 7.058824e-01 2.941177e-01
 0.000000e+00 0.000000e+00 0.000000e+00 0.000000e+00 0.000000e+00 0.000000e+00 0.000000e+00 0.000000e+00 0.000000e+00 0.000000e+00 0.000000e+00 0.000000e+00 0.000000e+00 0.000000e+00 0.000000e+00 0.000000e+00 0.000000e+00 0.000000e+00 0.000000e+00
<ENDHMM>
