~o
<STREAMINFO> 1 39
<VECSIZE> 39<NULLD><MFCC_E_D_A><DIAGC>
~h "Tru*o*c"
<BEGINHMM>
<NUMSTATES> 39
<STATE> 2
<MEAN> 39
 -6.487398e+00 -8.232742e+00 1.211259e+00 -1.956022e+00 1.476923e+00 -2.211946e+00 4.863997e-01 -1.299278e+00 3.049675e+00 -3.096340e+00 2.472056e+00 6.187345e-01 -2.804173e-02 -3.253276e-02 2.479440e-01 3.856187e-01 2.553469e-01 2.256540e-01 -3.596774e-02 -5.269856e-01 -2.337680e-01 -4.222643e-01 1.705903e-01 5.292736e-01 -1.890553e-01 2.409219e-03 -3.062051e-01 -2.150196e-01 -8.499225e-02 -5.764052e-01 -1.592697e-01 -5.154168e-02 -4.116341e-01 -6.890961e-02 -8.224198e-02 -3.190851e-01 2.153332e-01 -3.019072e-01 2.293333e-02
<VARIANCE> 39
 3.587895e+00 3.432495e+00 4.739419e+00 5.592605e+00 9.711236e+00 1.487582e+01 2.067216e+01 3.843586e+00 1.766621e+01 1.033174e+01 1.186923e+01 1.399984e+01 1.000000e-02 7.174169e-02 1.070313e-01 1.661018e-01 2.028979e-01 3.914708e-01 8.154042e-01 3.849398e-01 8.999214e-01 8.570575e-01 1.146713e+00 5.265980e-01 8.564642e-01 1.000000e-02 1.081693e-01 1.882846e-02 6.414819e-02 2.270763e-01 2.125814e-01 4.898083e-01 3.968538e-01 9.976344e-02 1.904640e-01 2.866268e-01 1.124429e-01 2.985202e-01 1.000000e-02
<GCONST> 4.982394e+01
<STATE> 3
<MEAN> 39
 -5.627343e+00 -7.986029e+00 5.969445e-01 -2.414577e+00 1.396095e+00 -3.576891e+00 -1.188289e+00 -2.341324e+00 3.107107e+00 -2.537063e+00 3.197677e+00 -8.927225e-01 -2.784769e-02 -6.001409e-01 -8.625188e-01 4.446934e-01 -1.114591e+00 3.093240e-01 2.863739e-01 -1.572743e+00 -5.107962e-01 -9.412218e-01 -5.617466e-01 7.486115e-01 -8.015215e-02 7.519049e-02 -6.011367e-01 4.012811e-02 -1.555029e-01 -7.768959e-01 -2.290288e-01 5.422156e-02 -1.495220e-01 -2.209696e-01 -3.930344e-02 -3.646893e-01 -1.391475e-02 -1.935519e-01 4.088915e-02
<VARIANCE> 39
 3.440722e+00 4.846351e-01 2.260473e+00 4.071464e+00 4.143779e+00 4.509026e+00 5.121285e+00 1.210101e+01 3.805252e+01 1.809806e+01 3.653160e+00 1.254353e+01 1.000000e-02 9.805817e-01 1.195034e-01 3.859166e-01 2.368973e+00 1.451115e+00 1.846635e+00 1.809357e+00 1.422817e+00 6.940493e-01 1.447502e+00 8.334058e-01 1.560681e+00 1.000000e-02 5.331275e-01 4.011852e-02 2.278072e-01 5.839695e-01 3.064504e-01 3.380308e-01 8.995048e-02 4.508528e-01 3.150772e-01 4.834416e-01 1.075561e-01 1.480052e-01 1.000000e-02
<GCONST> 6.061516e+01
<STATE> 4
<MEAN> 39
 -5.431495e+00 -8.126309e+00 3.688374e+00 -1.647905e+00 1.680951e+00 -1.754022e+00 -3.664332e+00 -2.720218e+00 3.281041e+00 -5.335466e+00 3.908174e+00 6.166850e-02 4.787125e-02 -9.249776e-01 -6.648023e-02 1.786026e-01 -1.160090e+00 -2.891032e-01 3.214716e-01 -9.887666e-01 -5.293775e-01 1.812058e-02 -4.875843e-01 1.383968e-01 -7.163804e-01 6.051047e-02 -2.438661e-01 1.959883e-03 -2.822110e-01 -4.490108e-01 -4.975485e-01 -2.659619e-01 1.445548e-01 3.059638e-01 3.347287e-01 -6.389784e-02 -9.605207e-02 3.858031e-02 1.001639e-02
<VARIANCE> 39
 4.768194e+00 3.963407e+00 4.031229e+00 5.987888e+00 6.371689e+00 5.445865e+00 1.738004e+01 9.438764e+00 1.958134e+01 9.113498e+00 9.011792e+00 9.208740e+00 1.000000e-02 3.292625e+00 4.358116e-01 6.218206e-01 3.542169e+00 8.191280e-01 2.320311e+00 2.129659e+00 1.810305e+00 2.156155e+00 2.672130e+00 6.003177e-01 1.333564e+00 1.000000e-02 1.821478e-01 8.473995e-02 1.457773e-01 2.340706e-01 2.915003e-01 3.825358e-01 2.543238e-01 3.717405e-01 1.488657e-01 1.219462e-01 1.645826e-01 1.664943e-01 1.000000e-02
<GCONST> 6.719836e+01
<STATE> 5
<MEAN> 39
 -1.100344e+01 -1.139186e+01 3.355563e+00 -1.008269e+01 7.006418e-01 -2.296425e+00 -5.676143e+00 -4.758023e+00 -2.787779e-01 -6.739329e+00 4.247789e+00 -3.505828e+00 4.187300e-01 -2.352452e+00 4.709928e-02 -1.224885e+00 -3.599884e+00 -2.291516e+00 -1.257164e+00 -3.019162e-01 7.431101e-01 3.783329e-01 -9.744589e-01 6.927429e-01 -2.734441e-01 1.646936e-01 8.800960e-01 -3.503333e-01 -2.206473e-01 2.374789e-01 -8.439540e-01 -1.152368e+00 9.180079e-01 1.180974e+00 6.664416e-01 1.043019e+00 -2.167075e-01 4.287302e-01 -3.950768e-03
<VARIANCE> 39
 2.290207e+01 7.083072e+00 1.446923e+01 3.171338e+01 1.389697e+01 3.624938e+01 2.008908e+01 8.676299e+00 3.027413e+01 5.060955e+01 2.966681e+00 1.256421e+01 3.422588e-02 6.008255e+00 1.516166e+00 1.386309e+00 1.405532e+00 3.303051e+00 6.952856e+00 1.304086e+00 2.166328e+00 8.027814e-01 2.760604e+00 9.153561e-02 4.473324e-01 1.000000e-02 5.742966e-01 1.637073e-01 4.499703e-01 4.932716e-01 5.794616e-01 1.300491e+00 3.845306e-01 4.715048e-01 6.470402e-01 2.156911e+00 8.163527e-02 1.500382e-01 1.000000e-02
<GCONST> 8.736555e+01
<STATE> 6
<MEAN> 39
 -1.653965e+01 -5.742494e+00 -1.718724e+00 -1.342019e+01 -2.519961e+00 -4.087166e+00 -4.352023e+00 -3.416202e+00 8.852849e-01 -6.603169e+00 6.503194e+00 -2.884150e+00 5.537176e-01 4.564388e-01 -1.054929e+00 -1.207506e+00 -1.927251e+00 -3.407093e+00 -3.920697e+00 1.616792e+00 2.472860e+00 1.557360e+00 6.842124e-01 -4.122027e-01 2.436258e-01 1.108034e-01 1.727008e+00 -1.061094e+00 3.162703e-01 6.293540e-01 1.852071e-01 -1.208278e+00 9.123797e-01 9.686927e-01 4.738281e-01 9.423977e-01 -5.312566e-01 3.257765e-01 -2.406263e-02
<VARIANCE> 39
 3.235996e+01 1.259755e+01 1.930830e+01 1.075478e+01 2.375078e+01 8.672319e+01 2.009437e+01 1.670398e+01 1.237892e+01 1.289667e+01 7.683855e+00 8.531460e+00 4.610891e-02 4.894662e+00 1.932876e+00 2.276084e+00 2.263616e+00 2.564751e+00 6.363610e+00 1.292278e+00 3.973844e+00 2.298138e+00 6.847695e+00 1.136592e+00 1.133967e+00 1.000000e-02 8.094512e-01 3.178228e-01 1.991494e-01 1.332715e-01 6.241343e-01 1.693772e+00 4.805212e-01 4.346814e-01 2.315434e-01 4.592689e-01 2.814099e-01 1.136061e-01 1.000000e-02
<GCONST> 9.258237e+01
<STATE> 7
<MEAN> 39
 -7.482460e+00 -1.442845e+01 -2.792855e+00 -1.322909e+01 -1.238937e+01 -1.369532e+01 -4.262787e-01 4.249114e+00 6.196916e+00 -4.328798e+00 3.254886e+00 -1.183733e+00 6.827583e-01 3.187869e+00 -3.912393e+00 3.767110e-01 -1.515205e+00 -1.356730e+00 -4.425812e+00 1.994876e+00 3.521405e+00 1.861498e+00 2.694076e+00 -1.656187e+00 1.128227e+00 7.073902e-02 1.878137e-01 -1.581725e-01 3.827012e-01 1.440609e-01 1.689990e+00 8.523642e-01 -2.316847e-01 -3.609702e-01 -1.451481e-01 4.582278e-01 -3.717995e-01 7.495821e-02 -2.599122e-02
<VARIANCE> 39
 4.898269e+00 2.812024e+01 1.963632e+01 1.120327e+01 2.255267e+01 7.377682e+01 1.289137e+01 1.723804e+01 8.365463e+00 1.222688e+01 3.013053e+01 1.402604e+01 1.059404e-01 4.122404e+00 2.586424e+00 1.762706e+00 3.312467e-01 2.863259e+00 1.043798e+01 2.151534e+00 4.799737e+00 2.759486e+00 5.411661e+00 4.451186e+00 1.048613e+00 1.000000e-02 3.794890e-01 4.485467e-01 9.183779e-02 2.913896e-01 4.724750e-01 5.847844e-01 1.311570e-01 3.076145e-01 2.193560e-01 4.534936e-01 7.568669e-02 5.712847e-02 1.000000e-02
<GCONST> 8.820130e+01
<STATE> 8
<MEAN> 39
 -4.621449e+00 -1.994447e+01 1.433685e+00 -1.735186e+01 -8.641977e+00 -2.024447e+01 1.103472e+00 9.855135e+00 7.107916e+00 3.767951e+00 1.391510e+00 -1.599882e+00 7.792526e-01 1.450216e+00 -2.112650e+00 2.787954e-01 -1.258946e+00 1.807916e+00 -1.521917e+00 6.078718e-01 2.242104e+00 1.707738e+00 2.225103e+00 -1.265465e+00 7.100932e-01 3.816620e-02 -8.829896e-01 8.417108e-01 -5.351180e-01 1.775306e-01 1.381245e+00 1.588475e+00 -6.346236e-01 -1.202539e+00 -2.882577e-01 -6.692588e-01 -2.352854e-01 -1.363583e-01 -1.963621e-02
<VARIANCE> 39
 1.298577e+01 2.602278e+01 2.626008e+01 2.200591e+01 1.451552e+01 7.516257e+01 2.571091e+01 3.413551e+01 9.751603e+00 2.959777e+01 3.106005e+01 1.994218e+01 1.270103e-01 1.894135e+00 3.553458e+00 8.332604e-01 1.371626e+00 2.039864e+00 3.397236e+00 7.708936e-01 2.495070e+00 2.416044e+00 2.066601e+00 2.315101e+00 5.416721e-01 1.000000e-02 2.280481e-01 3.123047e-01 4.635259e-01 1.586179e-02 7.276968e-01 7.857269e-01 1.487879e-01 2.898071e-01 2.522256e-01 6.996410e-01 1.509218e-01 2.186544e-01 1.000000e-02
<GCONST> 8.851283e+01
<STATE> 9
<MEAN> 39
 -5.401721e+00 -1.685650e+01 7.422231e-01 -1.477796e+01 -3.495516e+00 -1.400968e+01 1.327710e+00 7.031449e+00 8.665167e+00 1.080179e+00 2.513153e+00 1.886924e+00 6.056357e-01 -9.260834e-02 -4.900396e-01 -9.008006e-01 -8.535555e-01 2.165960e+00 4.429879e-01 1.769900e-01 -6.058815e-01 5.101966e-01 3.121141e-01 -1.431576e+00 -9.562664e-02 7.750377e-03 -4.624122e-01 5.716759e-01 -5.054142e-01 3.190946e-01 1.746620e-01 9.274337e-01 -7.703709e-01 -6.588854e-01 -6.451584e-01 -5.798083e-01 -5.359466e-01 -3.439067e-01 -1.004006e-02
<VARIANCE> 39
 1.068420e+01 3.386271e+01 2.267656e+01 4.098616e+01 5.169403e+00 1.842452e+02 2.637204e+01 2.607658e+01 1.451147e+01 3.308918e+01 5.828468e+01 2.431213e+01 2.373472e-01 5.874793e-01 1.339931e+00 1.715236e+00 4.800138e-01 2.377836e+00 7.700563e-01 5.795376e-01 1.203284e+00 2.822146e+00 2.603266e+00 1.279871e+00 4.174065e-01 1.000000e-02 2.984146e-01 3.273938e-01 1.395095e-01 1.107619e-01 4.416061e-01 8.973102e-01 1.968243e-01 2.963510e-01 2.250601e-01 1.696632e-01 4.096324e-01 2.388655e-01 1.000000e-02
<GCONST> 8.590231e+01
<STATE> 10
<MEAN> 39
 -6.129005e+00 -1.790014e+01 -3.029341e+00 -1.747955e+01 -3.487322e-01 -1.477971e+01 2.053091e+00 5.816434e+00 1.035887e+01 2.609198e-01 -1.316430e-01 -1.242678e+00 6.477979e-01 -1.725612e-02 -3.731316e-01 -1.628174e+00 -4.811065e-01 2.095006e+00 1.207523e+00 -1.028488e+00 -2.334469e-01 -2.086898e-01 -6.088050e-02 -2.756550e+00 -2.212313e-01 4.946419e-03 -7.641786e-02 4.616473e-01 -2.917540e-01 4.800931e-01 -5.199884e-01 6.746203e-01 -6.898787e-01 -2.532534e-02 -7.013505e-01 -1.205169e-01 -1.818472e-01 1.570664e-01 -3.721278e-03
<VARIANCE> 39
 9.646002e+00 3.094096e+01 4.863744e+01 4.790268e+01 8.934363e+00 1.593182e+02 2.588132e+01 4.797341e+01 2.837242e+01 5.812406e+01 5.457634e+01 2.166304e+01 2.365314e-01 2.939891e-01 3.659922e-01 6.807688e-01 1.156259e+00 2.176682e+00 9.552656e-01 4.018079e-01 4.032619e-02 2.187642e+00 1.624807e+00 3.714705e-01 7.718573e-01 1.000000e-02 1.643266e-01 1.441677e-01 4.344219e-02 1.264831e-01 2.816718e-01 3.616037e-01 1.268514e-01 2.560525e-01 4.607300e-01 2.455832e-01 3.479968e-01 1.142773e-01 1.000000e-02
<GCONST> 7.744359e+01
<STATE> 11
<MEAN> 39
 -5.543692e+00 -1.623190e+01 -4.207583e+00 -1.459037e+01 1.524915e+00 -1.040889e+01 -2.399263e+00 5.127856e+00 7.647339e+00 -1.546035e+00 -4.810592e+00 -5.386455e-01 5.828177e-01 4.147964e-01 2.821155e-01 -1.178120e+00 2.227632e-01 5.951993e-01 1.068818e+00 -1.484781e+00 2.227159e-01 -9.149310e-01 8.405455e-01 -1.939913e+00 5.087738e-01 1.473463e-02 4.577255e-02 1.435622e-01 2.209672e-01 1.022535e-01 -5.986513e-01 4.660249e-03 2.525046e-02 1.763147e-01 3.183076e-02 3.761887e-01 7.850180e-01 7.024857e-02 -1.110069e-03
<VARIANCE> 39
 4.788677e+00 5.115314e+01 4.273918e+01 1.032616e+02 1.880743e+01 1.593447e+02 2.062866e+01 4.273328e+01 3.009405e+01 9.156557e+01 2.486300e+01 9.598605e+00 2.302990e-01 4.818824e-01 8.527817e-01 1.086494e+00 1.305617e+00 3.664529e-01 3.406996e+00 1.819800e+00 4.319352e-01 1.477875e+00 8.579964e-01 2.682128e+00 9.191580e-01 1.000000e-02 4.648553e-02 1.965891e-01 4.785453e-02 5.161303e-01 2.402727e-01 2.837173e-01 9.533906e-02 5.067198e-02 4.131014e-01 2.606208e-01 1.189256e-01 1.609097e-01 1.000000e-02
<GCONST> 8.105698e+01
<STATE> 12
<MEAN> 39
 -4.335933e+00 -1.823523e+01 -7.099765e+00 -1.676464e+01 2.124268e-02 -1.092203e+01 -4.567180e+00 8.081475e+00 5.960910e+00 3.395259e+00 -8.928811e+00 9.289163e-01 7.310687e-01 -9.870172e-03 6.231221e-01 -1.273987e+00 3.644431e-01 -8.485238e-02 1.821587e+00 -1.114342e+00 5.741101e-01 -2.990849e-01 8.306005e-01 9.545620e-02 8.394125e-02 -3.842280e-04 -1.250648e-01 1.676481e-01 3.072657e-01 3.307297e-01 -2.678081e-01 1.663756e-01 3.148592e-01 -3.881795e-01 3.019751e-01 -4.108822e-01 8.683416e-01 -5.475420e-01 -5.711778e-03
<VARIANCE> 39
 9.966146e-01 5.000683e+01 5.762522e+01 5.958416e+01 1.257969e+01 5.771122e+01 7.939069e+00 4.736852e+01 8.365598e+00 6.951639e+01 5.330632e+01 1.091835e+01 1.496272e-01 3.936106e-01 1.265112e+00 9.257523e-01 1.903539e+00 4.590454e-01 4.173908e+00 1.768793e+00 1.074593e+00 1.649217e+00 2.241911e+00 2.304068e+00 2.000741e+00 1.000000e-02 1.296400e-01 2.169218e-01 3.524000e-02 9.663886e-02 1.083184e-01 3.481501e-01 2.253142e-01 1.901622e-01 3.308457e-01 1.655037e-01 3.001232e-01 2.393102e-01 1.000000e-02
<GCONST> 8.064459e+01
<STATE> 13
<MEAN> 39
 -5.920229e+00 -1.578203e+01 -6.390996e+00 -1.367970e+01 3.285043e-01 -4.207232e+00 -4.996225e+00 6.251646e+00 4.996872e+00 1.684977e+00 -4.387755e+00 1.669654e+00 5.771437e-01 -3.519340e-01 3.720184e-01 -1.562583e-01 8.971478e-01 -1.496542e-01 1.837684e+00 -5.995674e-01 -6.484419e-01 2.352472e-02 -1.622792e-01 8.329610e-01 -9.205531e-01 -1.415526e-02 6.229410e-02 4.534153e-02 1.787005e-01 7.449845e-02 -5.710666e-02 -2.641917e-01 1.857580e-01 -2.910049e-01 5.270582e-01 -3.877200e-01 -5.194615e-02 -6.728982e-01 2.681543e-03
<VARIANCE> 39
 5.168197e+00 3.177773e+01 7.096538e+01 5.053414e+01 2.431539e+01 7.604339e+01 1.091163e+01 6.180763e+01 8.972822e+00 8.969519e+01 5.890802e+01 1.203165e+01 2.350360e-01 5.623176e-01 1.367101e+00 7.748799e-01 2.785905e-01 4.310576e-01 4.366007e-01 1.114126e+00 1.112296e+00 1.807865e+00 1.795159e+00 2.060164e+00 2.226460e+00 1.000000e-02 8.719118e-02 1.999111e-01 1.473637e-01 2.607809e-01 1.651723e-01 2.751786e-01 5.556006e-02 3.742259e-01 2.293936e-01 2.279896e-01 5.521911e-01 2.807700e-01 1.000000e-02
<GCONST> 8.195641e+01
<STATE> 14
<MEAN> 39
 -5.264616e+00 -1.562574e+01 -6.852870e+00 -1.367044e+01 -4.549215e-02 -6.020460e+00 -4.706402e+00 6.124258e+00 7.817723e+00 1.986679e+00 -4.132528e+00 -1.999389e+00 6.486039e-01 6.882267e-02 2.831194e-01 -5.436042e-01 4.262615e-01 -8.835834e-02 7.833171e-01 -2.586349e-01 -9.185857e-01 1.615070e+00 -4.998478e-01 -1.661536e-01 -2.191767e+00 6.423213e-03 1.677622e-01 -7.718799e-02 -1.676383e-01 -3.144244e-01 -1.172609e-01 -2.582051e-01 1.708546e-01 -9.951326e-02 1.767410e-01 -1.739009e-01 1.067699e-01 -4.804391e-01 7.806444e-03
<VARIANCE> 39
 8.016219e+00 2.186703e+01 8.047642e+01 5.068975e+01 1.205102e+01 7.488627e+01 1.332733e+01 1.646442e+01 6.306335e+00 8.293734e+01 2.794840e+01 2.381164e+01 2.269710e-01 1.131306e-01 5.167316e-01 4.699423e-01 6.749941e-01 4.598525e-01 6.709779e-01 1.171962e+00 4.876433e+00 1.183146e+00 2.491900e+00 2.494382e+00 1.086238e+00 1.000000e-02 1.277738e-01 3.808168e-01 1.142922e-01 1.460599e-01 1.170555e-01 1.185647e-01 2.796706e-02 3.902785e-01 4.339810e-01 4.451756e-01 2.844459e-01 4.618420e-01 1.000000e-02
<GCONST> 7.849346e+01
<STATE> 15
<MEAN> 39
 -5.608807e+00 -1.606654e+01 -7.521573e+00 -1.422139e+01 4.790285e-01 -5.470167e+00 -5.531367e+00 4.420306e+00 1.151926e+01 1.853088e+00 -4.689172e+00 -5.759101e+00 6.836016e-01 4.200246e-01 7.263630e-01 -1.263478e+00 3.557716e-01 -2.438946e-01 7.663268e-01 -2.486313e-01 -1.363744e+00 1.195003e+00 -6.617181e-01 6.781968e-01 -2.372607e+00 2.027138e-02 9.070510e-02 7.090007e-02 4.067861e-02 -3.139388e-01 -7.411361e-02 -5.043982e-02 3.254171e-01 7.857778e-02 -4.618130e-01 -9.797298e-02 -2.050711e-02 1.046805e-01 -7.842904e-04
<VARIANCE> 39
 4.121081e+00 3.242546e+01 6.755496e+01 4.288575e+01 1.570023e+01 8.751986e+01 1.781400e+01 9.965480e+00 2.440559e+01 6.587782e+01 2.542575e+01 1.839649e+01 2.059560e-01 5.728926e-01 1.376392e+00 1.635653e+00 1.177183e+00 6.927587e-01 1.330722e+00 8.739672e-01 1.045483e+00 3.811199e+00 1.706788e+00 1.122153e+00 2.039191e+00 1.000000e-02 8.858817e-02 9.270108e-02 6.412428e-02 1.320906e-01 6.240213e-02 2.085880e-01 1.260221e-01 5.367544e-01 3.283956e-01 3.525483e-01 3.977560e-01 2.934429e-01 1.000000e-02
<GCONST> 8.172237e+01
<STATE> 16
<MEAN> 39
 -3.846694e+00 -1.396187e+01 -7.923450e+00 -1.251683e+01 -6.040041e-01 -3.021940e+00 -6.223803e+00 2.715366e+00 9.088566e+00 3.925884e-01 -4.439011e+00 -6.647931e+00 6.406689e-01 3.310129e-01 4.008835e-01 -5.027618e-01 -7.079761e-01 -7.359420e-01 6.113195e-01 -5.987783e-03 -6.432563e-02 6.759234e-03 -4.172829e-01 2.263182e-01 -1.207834e+00 6.114620e-03 -1.636515e-01 -1.057682e-01 1.782016e-01 -2.209643e-01 1.085446e-01 -1.537911e-02 3.240195e-01 4.090899e-01 -4.510950e-01 -1.200049e-01 -1.866841e-01 6.019542e-01 -1.110362e-02
<VARIANCE> 39
 3.868937e-01 3.099766e+01 8.369460e+01 3.823514e+01 1.690989e+01 5.460534e+01 4.851642e+01 3.198930e+01 3.071193e+01 6.643295e+01 3.881669e+01 4.572276e+01 1.979395e-01 5.441338e-01 5.345459e-01 7.019454e-01 8.331358e-01 1.374110e-01 2.556473e+00 1.136056e+00 6.485063e-01 3.878496e-01 4.665490e-01 1.209863e+00 2.680281e+00 1.000000e-02 1.120456e-01 6.828831e-02 8.764222e-02 1.307071e-01 1.226164e-01 2.041816e-01 6.089510e-01 2.561482e-01 5.320795e-01 2.431830e-01 1.431611e-01 1.480640e-01 1.000000e-02
<GCONST> 7.623740e+01
<STATE> 17
<MEAN> 39
 -3.657027e+00 -1.386481e+01 -1.041341e+01 -1.454742e+01 -1.547555e+00 -2.686962e+00 -4.617044e+00 3.988042e+00 1.077599e+01 -4.231562e-01 -1.541937e+00 -1.001858e+01 6.997492e-01 3.336939e-01 1.609971e-01 -5.009166e-02 -3.650248e-01 1.464516e-01 1.134706e+00 1.149171e+00 3.824262e-01 -9.366826e-01 -6.198902e-01 1.041971e-02 4.960459e-02 -1.536271e-02 7.592624e-02 -2.456107e-01 3.192665e-01 2.660458e-02 4.568003e-01 -3.608958e-01 1.377649e-01 1.183040e-01 -5.820414e-01 2.409534e-01 -2.979330e-01 6.783960e-01 -9.502754e-03
<VARIANCE> 39
 3.822702e+00 2.013988e+01 6.990266e+01 4.305624e+01 1.664642e+01 2.574696e+01 4.418734e+01 1.933485e+01 3.981561e+01 4.221214e+01 5.702823e+01 8.610316e+01 1.845882e-01 7.057050e-01 4.715861e-01 4.891169e-01 1.051741e+00 2.228785e-01 2.702791e+00 2.712626e+00 7.197937e-01 4.056308e-01 7.528868e-01 1.309381e+00 2.508472e+00 1.000000e-02 6.808536e-02 7.054227e-02 8.313514e-02 1.075347e-01 7.048237e-02 1.681570e-01 5.945435e-01 2.293056e-01 3.720533e-01 6.739740e-02 4.061370e-01 4.577524e-01 1.000000e-02
<GCONST> 7.841580e+01
<STATE> 18
<MEAN> 39
 -4.081869e+00 -1.435202e+01 -1.058335e+01 -1.612851e+01 -3.705939e-01 -2.498640e+00 -2.462167e+00 5.152478e+00 8.102259e+00 1.077073e+00 -5.728222e+00 -8.742431e+00 7.115064e-01 8.585170e-02 -2.226860e-01 2.450219e-01 -2.244617e-01 9.088451e-01 -9.356101e-02 7.284681e-01 -3.623905e-02 -1.564101e+00 -2.262270e-01 -5.952402e-01 -1.028012e-01 -3.099716e-02 1.328669e-01 -2.353755e-01 3.426463e-01 5.768212e-02 4.000832e-01 -7.456607e-01 -4.536740e-01 -3.695628e-01 -1.175485e-01 3.486148e-01 -7.369877e-02 3.669528e-01 -4.741668e-03
<VARIANCE> 39
 5.702255e+00 1.370269e+01 5.860634e+01 6.717928e+01 1.134609e+01 1.960280e+01 1.365786e+01 1.369012e+01 1.865214e+01 5.397965e+01 5.229770e+01 7.100562e+01 1.739126e-01 9.379654e-01 3.902834e-01 3.048477e-01 9.839376e-01 7.050570e-01 1.176080e+00 2.758698e+00 2.309857e+00 1.790762e+00 1.618825e+00 1.153495e+00 1.519115e+00 1.000000e-02 5.666596e-02 1.017552e-01 2.213329e-01 2.755489e-01 2.423721e-01 2.358518e-01 2.934706e-01 1.241460e-01 1.480658e-01 8.995292e-02 1.537521e-01 6.646332e-01 1.000000e-02
<GCONST> 7.947857e+01
<STATE> 19
<MEAN> 39
 -4.850471e+00 -1.401805e+01 -7.648956e+00 -1.508130e+01 1.913886e+00 -3.432046e+00 -2.030615e+00 4.088336e+00 3.913906e+00 -7.663369e-02 -4.311037e+00 -6.094538e+00 5.408497e-01 -3.195508e-01 -4.404883e-01 4.996476e-01 -8.635861e-01 9.247803e-01 -6.757036e-01 -8.088832e-01 -1.157325e+00 -8.368508e-01 5.773896e-01 -5.673173e-01 7.460247e-02 1.664118e-02 -9.116851e-02 3.815515e-02 1.038244e-01 1.517578e-01 -4.784389e-01 -2.566796e-01 -6.480479e-01 -1.186749e-01 2.526769e-01 3.090323e-02 1.599729e-01 1.331417e-01 1.503403e-02
<VARIANCE> 39
 1.475813e+01 3.045915e+01 5.563834e+01 6.886877e+01 9.467114e+00 4.760603e+00 8.240040e+00 1.473599e+01 2.148278e+01 2.492653e+01 6.815089e+01 5.015738e+01 2.198175e-01 4.579227e+00 4.192146e-01 1.529581e+00 2.268420e+00 2.666063e+00 1.640589e+00 1.047375e+00 4.071677e-01 2.041607e+00 6.885647e-01 1.178779e+00 2.670390e+00 1.000000e-02 3.930898e-01 2.704360e-02 1.952235e-01 8.755699e-01 2.652671e-01 3.638435e-01 3.005268e-01 2.461752e-01 6.913996e-02 1.450984e-01 1.222795e-01 2.374776e-01 1.000000e-02
<GCONST> 8.295211e+01
<STATE> 20
<MEAN> 39
 -5.816646e+00 -1.655782e+01 -1.016413e+01 -1.848552e+01 6.255779e-01 -3.007310e+00 -5.715171e+00 2.403720e+00 5.787197e+00 1.011779e+00 -5.259729e+00 -8.690192e+00 7.712482e-01 1.894531e-01 1.175299e-02 6.465884e-01 7.619964e-02 -6.881127e-01 -1.807411e+00 -1.219072e+00 -1.544410e-01 -8.346677e-01 3.058155e-01 3.549840e-01 9.263803e-01 1.075549e-02 6.284249e-01 7.582467e-02 1.483546e-01 8.622806e-01 -8.308644e-01 -8.548641e-01 3.866069e-01 3.574386e-01 3.028324e-01 -7.995124e-02 4.839762e-01 1.050065e-01 -1.832026e-02
<VARIANCE> 39
 1.586962e+02 2.855436e+01 4.782489e+01 1.843362e+01 2.769133e+01 2.467967e+01 1.807470e+01 8.607996e+00 9.665145e+00 1.658611e+01 5.698014e+01 3.491380e+01 1.000000e-02 6.070870e+00 4.451964e-01 1.258561e+00 6.579181e+00 6.376980e+00 1.442212e+00 4.050851e-01 4.356355e-01 5.632331e-01 6.079564e-01 5.632119e-01 3.320753e+00 1.341633e-02 1.594754e+00 1.276684e-01 2.789952e-01 2.492630e-01 2.197413e-01 5.358163e-01 1.129653e-01 1.536595e-01 2.482603e-01 2.058746e-01 9.619977e-02 4.053390e-01 1.000000e-02
<GCONST> 8.408141e+01
<STATE> 21
<MEAN> 39
 -4.384453e+00 -1.475751e+01 -6.101220e+00 -1.651089e+01 -4.488530e+00 -9.999247e+00 -5.509799e+00 1.837222e+00 2.532436e+00 1.535665e+00 -3.406253e+00 -6.495358e+00 7.501332e-01 2.647574e+00 -8.940045e-01 1.050683e-01 1.733771e+00 -1.765056e+00 -3.310233e+00 2.824157e-01 -5.874602e-02 5.574864e-01 2.024049e-01 2.429203e-01 2.964904e-01 -2.482309e-02 1.018818e-01 -3.229268e-01 -3.612346e-01 5.331209e-01 -4.106119e-02 2.128662e-01 5.473738e-01 3.658004e-01 6.119020e-01 -1.417290e-01 -4.040804e-02 3.203312e-02 -1.154332e-02
<VARIANCE> 39
 1.082206e+02 3.091416e+01 4.377904e+01 3.118551e+01 1.067327e+02 2.713765e+01 1.900048e+01 5.833186e+00 1.490715e+01 2.788031e+01 7.939334e+01 1.305415e+01 1.000000e-02 3.662140e+00 1.920830e+00 2.503649e+00 3.331351e+00 3.450935e+00 2.297728e+00 4.499346e-01 2.615828e+00 4.232944e+00 6.970657e-01 1.346997e+00 2.473821e+00 1.000000e-02 1.294378e+00 2.894989e-01 3.722187e-01 7.052515e-01 1.691182e+00 4.316624e-01 2.818641e-01 9.469368e-02 2.889591e-01 1.367689e-01 4.157249e-01 3.580032e-01 1.000000e-02
<GCONST> 9.604680e+01
<STATE> 22
<MEAN> 39
 7.342523e-01 -1.760966e+01 -8.010517e+00 -1.431088e+01 -2.085411e+00 -1.480506e+01 -4.216289e+00 3.397593e+00 5.697536e+00 2.632845e+00 -4.818040e+00 -6.393613e+00 7.257355e-01 9.949477e-01 -9.720660e-01 2.991333e-01 2.106049e+00 -1.218389e+00 -1.354557e+00 4.143032e-01 5.894845e-01 7.889489e-01 -8.977005e-01 4.928087e-01 9.107111e-01 -4.913681e-02 -6.355345e-01 1.096532e-01 -2.146229e-01 1.290533e-01 -1.352665e-01 8.069904e-01 3.262903e-01 -1.987345e-02 1.830316e-01 -2.438146e-01 7.606113e-02 -9.842394e-02 -1.677082e-03
<VARIANCE> 39
 2.694271e+01 5.109217e+00 2.102473e+01 4.105923e+01 1.160029e+02 9.586229e+00 1.362348e+01 1.062465e+01 1.509399e+01 1.033898e+01 3.227908e+01 8.107771e+00 1.624046e-02 1.083978e+00 1.330087e+00 3.770467e+00 5.680156e+00 3.385309e+00 9.441694e-01 8.339215e-01 6.267666e-01 1.275254e+00 1.299146e+00 5.207098e+00 2.694825e+00 1.000000e-02 2.740074e-01 2.016342e-01 2.908121e-01 9.877266e-01 1.277421e+00 1.605729e-01 2.819224e-01 2.926643e-01 6.660010e-01 9.825103e-02 1.041641e-01 3.522123e-01 1.000000e-02
<GCONST> 8.547359e+01
<STATE> 23
<MEAN> 39
 1.475378e+00 -1.978001e+01 -8.425308e+00 -1.177005e+01 -6.967397e+00 -1.500066e+01 -4.108908e+00 3.872903e+00 8.620952e+00 -1.540908e-01 -4.740011e+00 -5.940289e+00 6.364842e-01 -8.609997e-02 -3.604121e-01 -1.989125e-01 1.471440e+00 -5.699189e-01 -3.492478e-01 1.188261e+00 4.238567e-01 9.569570e-01 -3.020808e-01 -2.810178e-02 3.868423e-01 -4.014311e-02 -1.913705e-01 2.495516e-01 -1.453233e-01 -1.088108e-01 2.411485e-01 7.382677e-01 9.489326e-02 -2.062403e-01 -3.344639e-02 3.374489e-01 3.410934e-02 -3.406480e-02 8.714386e-03
<VARIANCE> 39
 2.674835e+01 4.696564e+00 2.012590e+01 4.320169e+01 3.421243e+01 2.048838e+01 1.408279e+01 3.387224e+00 6.865544e+00 1.222912e+01 2.797487e+00 3.598013e+00 3.438244e-02 8.386502e-01 6.646222e-01 1.278951e+00 4.974349e+00 6.928273e+00 1.473911e+00 1.510369e+00 4.738910e-01 1.243209e+00 1.001742e+00 3.036009e+00 4.961338e-01 1.000000e-02 1.153244e-01 8.645839e-02 5.739435e-01 4.222863e-01 1.396966e-01 2.316902e-01 1.692006e-01 1.418695e-01 3.102368e-01 4.636929e-01 9.105609e-02 3.737430e-01 1.000000e-02
<GCONST> 7.323373e+01
<STATE> 24
<MEAN> 39
 2.000898e-01 -2.051810e+01 -9.915511e+00 -1.112261e+01 -4.865741e+00 -1.323265e+01 -8.804893e-01 4.137895e+00 6.819007e+00 1.036403e+00 -6.154665e+00 -4.702436e+00 6.467704e-01 2.402409e-01 -6.894046e-02 2.234167e-02 1.511052e+00 -3.045780e-01 1.318126e+00 5.270146e-01 -5.263844e-02 5.607777e-01 1.004310e+00 3.818648e-02 9.850909e-01 -1.877751e-02 -4.727008e-02 3.161376e-01 1.956792e-01 -2.437643e-01 1.295112e-01 3.743697e-01 -5.664528e-01 -3.161961e-01 7.343259e-02 6.118556e-02 -8.202526e-02 -2.271049e-01 8.553611e-03
<VARIANCE> 39
 2.227116e+01 3.489610e+00 9.332151e+00 5.128423e+01 5.892893e+00 1.172529e+01 1.215126e+01 1.814643e+00 6.958005e+00 6.843601e+00 1.408674e+01 1.250727e+01 4.707088e-02 4.402978e-01 3.744931e-01 1.775804e+00 2.677927e+00 1.375783e+00 1.169334e+00 3.841799e+00 4.080057e-01 1.515388e+00 4.756325e+00 3.319319e+00 1.252791e+00 1.000000e-02 8.976941e-02 1.464802e-01 4.354881e-01 4.127409e-01 4.135979e-01 1.685452e-01 2.469136e-01 2.673666e-01 2.763196e-01 2.903733e-01 1.309529e-01 3.857732e-01 1.000000e-02
<GCONST> 7.344320e+01
<STATE> 25
<MEAN> 39
 2.249736e+00 -1.926435e+01 -8.540972e+00 -7.470065e+00 -5.567141e+00 -1.185330e+01 -3.343629e+00 4.440628e+00 1.087602e+01 4.253738e+00 -6.589265e+00 -3.270528e+00 6.131550e-01 3.608152e-02 4.973030e-01 -1.989527e-01 8.838178e-01 -2.838333e-01 7.763429e-01 -2.022438e-01 -1.049836e+00 8.990498e-01 1.168196e-01 2.584801e-01 -1.331819e-01 -1.710472e-02 -2.571897e-01 1.579372e-01 -1.211149e-01 -6.839513e-01 6.216421e-01 1.102625e-01 -2.899090e-01 -2.129825e-01 -2.138849e-01 -3.345509e-01 1.085222e-01 -4.508072e-01 7.645081e-04
<VARIANCE> 39
 1.307890e+01 1.540431e+00 2.708452e+00 4.177476e+01 3.544284e+00 1.829084e+01 1.004868e+01 5.038503e+00 1.482020e+01 3.368047e+01 3.801046e+01 1.399813e+01 5.216546e-02 2.917330e-01 1.367720e+00 1.897890e+00 7.605125e-01 7.858664e-01 6.776171e-01 2.410306e+00 1.174832e+00 9.764287e-01 7.135753e-01 7.957455e-01 2.504236e+00 1.000000e-02 1.136048e-01 1.467655e-01 6.583114e-02 3.645856e-01 1.291175e-01 2.363122e-01 6.039726e-01 1.571344e-01 6.024375e-01 9.387882e-01 5.060273e-01 5.126167e-01 1.000000e-02
<GCONST> 7.243091e+01
<STATE> 26
<MEAN> 39
 1.838224e+00 -1.812522e+01 -9.613894e+00 -7.278639e+00 -6.016285e+00 -1.120318e+01 -3.811624e+00 1.133370e+00 1.102558e+01 3.067095e+00 -4.835495e+00 -5.071870e+00 5.581077e-01 -2.602225e-01 7.201748e-01 -4.782743e-02 2.646182e-01 7.692524e-01 1.369764e+00 -5.783279e-01 -8.328148e-01 -3.201278e-01 -1.304272e+00 3.761919e-01 -7.049936e-01 -2.455178e-02 7.780571e-03 1.124921e-02 -5.634925e-02 -3.481709e-01 3.104854e-01 -1.015010e-01 -1.142710e-01 4.692341e-01 -3.526421e-01 -1.324311e-01 -1.525941e-01 -8.385885e-02 -2.454277e-03
<VARIANCE> 39
 1.110933e+01 4.119634e+00 1.106489e+01 3.712691e+01 9.120516e+00 1.099885e+01 1.232917e+01 8.258265e+00 1.791163e+01 1.226075e+01 3.475347e+01 1.097722e+01 6.471837e-02 2.397772e-01 7.708691e-01 9.483758e-01 2.757594e-01 1.316477e+00 5.676883e-01 9.040525e-01 3.085662e-01 2.787436e+00 1.989126e+00 1.200887e+00 2.140457e+00 1.000000e-02 2.038313e-02 1.251443e-01 2.339250e-01 3.014170e-02 8.950643e-02 1.358718e-01 3.059075e-01 2.460068e-01 5.049495e-01 2.670678e-01 2.587999e-01 3.290026e-01 1.000000e-02
<GCONST> 6.580853e+01
<STATE> 27
<MEAN> 39
 4.083345e-01 -1.703855e+01 -1.002671e+01 -8.598475e+00 -2.581690e+00 -4.790232e+00 -4.397995e+00 1.211473e+00 8.243374e+00 -1.567725e+00 -4.812044e+00 -6.541479e+00 5.690286e-01 1.562017e-01 6.692674e-02 -5.665043e-02 -5.520648e-01 1.746669e+00 1.198533e-01 -8.488252e-01 8.098584e-01 -1.015274e+00 -4.533949e-02 -7.016852e-02 -1.564898e-01 -3.440842e-02 8.899883e-02 -1.751366e-01 -8.963855e-02 -1.370772e-01 1.839452e-02 -7.654168e-01 -2.891219e-01 3.190257e-01 -2.836062e-01 7.002279e-01 -2.512318e-01 9.575240e-02 -1.553540e-03
<VARIANCE> 39
 1.024015e+01 1.094983e+01 8.495133e+00 5.473386e+01 1.774172e+01 1.377287e+01 2.025171e+01 1.266761e+01 2.551004e+01 1.500808e+01 1.556794e+01 2.026959e+01 7.579716e-02 6.528504e-01 3.611007e-01 8.082827e-01 7.716100e-01 2.143247e+00 2.342251e+00 5.486873e-01 2.742602e-01 4.105931e+00 1.905235e+00 1.513451e+00 1.827651e+00 1.000000e-02 7.358245e-02 2.293022e-01 3.217715e-01 2.254662e-01 4.837822e-01 5.602399e-02 2.090797e-01 2.283674e-01 1.074636e+00 2.136749e-01 1.862073e-01 4.225087e-01 1.000000e-02
<GCONST> 7.700431e+01
<STATE> 28
<MEAN> 39
 2.382425e+00 -1.763893e+01 -9.491182e+00 -1.007210e+01 1.384693e+00 -1.026911e+01 -7.124481e+00 3.782445e+00 6.751343e+00 2.734656e+00 -7.080847e+00 -5.977025e+00 4.823321e-01 -1.378819e-01 2.945664e-01 -4.460487e-01 5.981993e-01 1.746848e-01 -8.931246e-01 -1.324770e+00 7.317792e-01 -7.987902e-01 1.220187e+00 -4.275221e-02 -2.863055e-01 -3.352512e-02 -1.275862e-01 1.223179e-01 -1.796693e-01 4.188113e-01 -1.130302e+00 -7.624363e-03 4.642217e-01 2.209982e-02 6.947500e-01 -5.789077e-02 2.636476e-01 -9.057684e-02 2.661103e-03
<VARIANCE> 39
 2.558228e+00 2.056890e+00 1.688804e+00 8.758048e+01 1.997739e+01 1.228439e+01 2.835821e+01 2.453816e+00 2.447761e+01 1.830358e+01 3.193568e+01 1.192966e+01 3.977873e-02 2.529311e-01 6.023623e-01 3.399700e-01 1.521343e+00 1.867281e+00 1.151202e+00 3.405150e+00 2.074040e+00 8.737964e+00 7.670646e-01 7.585487e-01 8.933699e-01 1.000000e-02 5.443928e-02 3.328126e-02 9.034547e-02 8.754785e-01 8.569774e-01 2.897401e-01 4.784879e-01 1.564127e-01 1.097761e+00 4.057879e-01 3.587590e-01 1.577786e-01 1.000000e-02
<GCONST> 7.286891e+01
<STATE> 29
<MEAN> 39
 1.548456e+00 -1.652303e+01 -1.066397e+01 -6.047486e+00 -3.358158e+00 -9.970929e+00 -7.616935e+00 5.449801e+00 7.353358e+00 4.150362e+00 -4.551907e+00 -7.919367e+00 4.124535e-01 -1.789763e-01 2.425863e-01 -4.898447e-01 4.656908e-01 -1.737050e+00 -2.897186e-01 6.520627e-01 3.072450e-01 1.200573e+00 -3.816259e-02 2.819976e-01 -3.640499e-01 -2.518678e-02 -3.011741e-02 -7.700587e-02 3.078915e-01 -7.903292e-02 2.720980e-02 1.386844e-01 7.616848e-01 -4.870800e-01 1.612224e-01 -5.694759e-01 1.839367e-01 3.447432e-01 -1.715737e-03
<VARIANCE> 39
 4.393885e+00 1.203824e+00 2.647399e+00 1.376882e+01 1.474670e+01 2.780957e+01 7.908214e+01 3.869649e+00 6.189761e+01 5.982168e+00 2.113282e+01 1.022839e+01 1.494488e-02 3.326263e-01 3.988138e-01 1.543444e-01 5.096370e+00 2.931169e+00 7.298076e-01 3.740309e+00 2.755511e+00 4.175820e+00 1.409628e+00 1.343632e+00 4.473172e-01 1.000000e-02 8.090025e-02 1.590375e-01 3.815521e-02 1.247783e-01 3.992037e-01 3.255142e-01 1.192855e+00 2.214471e-01 2.338469e+00 2.245486e-01 2.510113e-01 1.918835e-01 1.000000e-02
<GCONST> 7.190257e+01
<STATE> 30
<MEAN> 39
 2.579217e+00 -1.806276e+01 -1.057387e+01 -5.875925e+00 -4.900603e+00 -1.147636e+01 -3.633768e+00 5.216251e+00 1.106225e+01 1.576663e+00 -5.526858e+00 -6.936942e+00 4.047430e-01 -1.130183e-01 -1.608939e-01 3.442661e-01 4.383317e-02 4.087323e-01 -5.819364e-01 1.484629e+00 -9.301406e-01 6.460778e-01 -1.435301e+00 8.582572e-01 4.593987e-01 -3.897150e-02 -9.998015e-02 2.722697e-01 3.578318e-01 -7.620223e-02 6.450878e-01 4.322161e-01 -2.804523e-01 -4.754387e-01 -9.376074e-01 -1.742666e-01 1.590081e-01 3.055977e-01 -2.039180e-03
<VARIANCE> 39
 1.881431e+00 5.671607e+00 1.581305e+00 4.665481e+00 1.504385e+01 5.244714e+00 5.457918e+00 5.362534e+01 1.664668e+01 2.303342e+01 2.118250e+01 4.646808e+00 1.921315e-02 8.405675e-01 1.665521e+00 2.421043e-01 3.671162e-01 9.489926e-01 2.867336e+00 6.880039e+00 1.164258e+00 7.810900e+00 5.591187e-01 9.341460e-01 3.305397e-01 1.000000e-02 8.979763e-02 1.460616e-01 8.518223e-02 3.190064e-01 4.890078e-01 3.116880e-01 1.273673e+00 5.658664e-01 6.881279e-01 3.113765e-01 2.075476e-01 2.881269e-02 1.000000e-02
<GCONST> 6.795525e+01
<STATE> 31
<MEAN> 39
 8.323764e-01 -1.693533e+01 -1.104648e+01 -6.221808e+00 -3.995616e+00 -1.055120e+01 -3.745339e+00 1.615805e+00 8.849131e+00 -6.411994e-01 -1.001652e+00 -5.348509e+00 2.957272e-01 -2.430901e-01 1.121168e+00 1.167145e+00 6.362309e-01 4.656807e-01 1.053967e+00 8.110649e-01 -6.881994e-01 -1.124516e+00 -6.542705e-01 5.436767e-01 8.087513e-01 -2.736530e-02 1.349262e-01 2.875297e-01 4.039470e-01 2.869823e-01 1.843763e-01 4.769420e-01 2.305781e-01 2.168715e-01 -9.518181e-02 3.140247e-01 -1.947475e-01 1.030917e-02 5.295601e-03
<VARIANCE> 39
 1.058156e+00 1.524178e+01 3.512623e+00 1.409828e+00 8.935394e+00 2.164660e+00 2.917180e+00 8.970830e+00 8.154439e+00 5.072997e+00 3.318141e+00 3.217938e+00 1.000000e-02 4.923407e-01 2.099720e-01 3.393154e-01 3.455753e-01 1.235141e+00 3.985360e-01 1.635060e+00 1.761048e+00 6.587232e-01 8.294549e-01 1.650244e+00 5.813871e-01 1.000000e-02 1.718234e-02 2.135576e-01 6.349239e-02 4.698971e-02 1.362687e-01 2.087556e-01 4.979582e-01 9.324038e-02 8.963051e-02 1.966172e-01 1.191059e-01 3.509207e-02 1.000000e-02
<GCONST> 4.228182e+01
<STATE> 32
<MEAN> 39
 1.711291e+00 -1.351543e+01 -5.716478e+00 -2.535539e+00 -1.057869e+00 -8.608532e+00 -6.799048e-01 1.220333e+00 6.748674e+00 -8.661500e-01 -2.062022e+00 -3.705362e+00 2.725043e-01 5.008987e-02 1.238414e+00 1.391009e+00 4.482484e-01 7.371191e-01 8.797451e-01 9.101546e-01 -3.955154e-01 -6.267766e-01 2.955718e-01 4.755465e-01 3.709747e-01 -1.520545e-02 -5.910039e-02 -3.545953e-01 -3.060457e-01 -2.402363e-01 -5.316443e-02 -1.909207e-01 -3.073683e-02 2.234085e-01 2.963591e-01 2.474120e-01 -9.070212e-02 -2.359138e-01 2.129583e-03
<VARIANCE> 39
 5.126808e+00 8.888494e+00 7.256560e+00 1.917590e+00 4.836517e+00 2.899272e+00 4.886440e+00 6.416603e+00 7.882787e+00 5.526898e+00 7.292665e+00 1.778743e+00 1.000000e-02 2.933166e-01 5.909237e-01 5.725231e-01 2.420850e-01 4.617030e-01 1.869094e+00 1.668025e+00 2.078060e+00 2.421759e-01 3.933803e-01 4.661238e-01 3.961127e-01 1.000000e-02 4.657010e-02 1.170639e-01 7.183866e-02 4.127396e-02 9.472716e-02 6.459536e-02 2.174609e-01 4.427891e-01 1.244934e-01 1.500034e-01 2.186466e-01 4.674605e-02 1.000000e-02
<GCONST> 4.303016e+01
<STATE> 33
<MEAN> 39
 1.335636e+00 -1.398980e+01 -5.891079e+00 -4.608298e+00 -1.700979e+00 -7.967155e+00 2.962474e-01 1.276671e+00 8.428168e+00 -2.506046e-01 -1.220712e-01 -3.940014e+00 2.564669e-01 -6.054872e-01 7.705331e-03 -8.648767e-02 5.086392e-03 4.087642e-01 3.226331e-01 2.997013e-01 9.560883e-02 -9.749454e-02 8.198598e-02 1.634177e-02 -8.208410e-02 -2.664339e-02 -2.364950e-01 -8.558214e-02 -3.214509e-01 -4.109320e-02 -1.458808e-02 -2.316127e-01 -5.932471e-01 -1.292655e-02 -8.486065e-02 -1.355589e-01 -2.826846e-01 -1.427992e-01 -3.956899e-03
<VARIANCE> 39
 6.243565e+00 6.366146e+00 4.228030e+00 3.672293e+00 5.937258e+00 1.294176e+01 1.604370e+01 1.004027e+01 1.383784e+01 4.926606e+00 3.212548e+00 3.251753e+00 1.000000e-02 2.186908e-01 7.339211e-01 7.317472e-01 7.583033e-01 9.206518e-01 1.461904e+00 1.322279e+00 2.900466e+00 1.050503e+00 6.561298e-01 1.112988e+00 2.650894e-01 1.000000e-02 5.241466e-02 1.723543e-01 1.248040e-01 1.108687e-02 9.864761e-02 2.365371e-01 3.604375e-01 4.518408e-01 1.278363e-01 4.404952e-02 2.176143e-01 6.165595e-02 1.000000e-02
<GCONST> 5.155568e+01
<STATE> 34
<MEAN> 39
 -2.239819e-01 -1.299003e+01 -6.726043e+00 -3.188103e+00 2.465540e-01 -6.175482e+00 -1.298876e+00 4.401011e-01 6.188593e+00 -4.704601e-01 -3.017776e+00 -5.515919e+00 1.854041e-01 -8.715647e-01 8.385054e-01 2.542126e-01 5.629212e-02 7.896895e-01 5.091698e-01 -5.811363e-01 -3.781475e-01 -7.626299e-01 -2.303981e-01 -1.739030e-01 3.698785e-01 -3.073611e-02 -7.064377e-02 1.173654e-01 1.665474e-01 -1.566706e-01 -2.206578e-01 -1.757836e-01 8.418635e-02 1.731834e-01 3.186008e-01 -2.509683e-03 2.053432e-01 -3.727246e-02 1.385713e-03
<VARIANCE> 39
 3.886393e+00 8.559002e+00 9.502598e+00 2.833539e+00 4.892560e+00 1.561314e+01 2.315249e+01 1.260500e+01 2.121843e+01 1.450073e+01 7.453416e+00 5.182278e+00 1.000000e-02 8.291051e-02 4.258024e-01 6.612797e-01 6.048583e-01 3.358403e-01 3.137430e-01 1.818952e+00 1.176306e+00 3.793638e-01 6.586394e-01 1.290356e+00 5.668572e-01 1.000000e-02 1.382712e-01 8.327769e-02 6.703756e-02 9.590293e-02 8.112004e-02 2.848002e-01 3.228230e-01 5.392327e-01 2.296236e-01 2.062716e-01 1.291133e-01 1.172854e-01 1.000000e-02
<GCONST> 5.433776e+01
<STATE> 35
<MEAN> 39
 -1.143636e+00 -1.248631e+01 -7.346604e+00 -5.519590e+00 -2.360965e-01 -7.918466e+00 -2.153924e+00 5.931194e-01 6.028863e+00 -1.708139e+00 -1.976484e+00 -2.860587e+00 1.506552e-01 -6.739525e-01 5.984505e-01 5.824652e-01 -5.396160e-02 -2.741210e-02 8.806682e-02 5.577797e-01 4.545490e-01 5.476002e-01 8.887328e-02 2.619989e-01 -3.728750e-01 -2.057723e-02 -2.909559e-02 -4.570680e-02 1.884144e-01 2.141702e-01 -8.639441e-02 -3.571029e-02 3.730910e-01 2.718156e-01 5.311630e-01 4.473139e-01 2.644938e-01 -2.235056e-01 -4.518817e-04
<VARIANCE> 39
 5.590383e+00 2.523823e+00 7.526223e+00 1.245667e+01 2.111535e+01 7.673339e+00 1.786110e+01 2.143717e+01 3.013195e+01 8.467691e+00 1.863101e+01 1.155981e+01 1.000000e-02 8.595309e-01 4.398796e-01 9.830658e-01 6.966591e-01 3.336503e-02 2.101510e+00 1.511004e+00 1.164785e+00 1.635129e+00 6.905439e-01 5.168983e-01 6.282644e-01 1.000000e-02 7.390516e-02 2.052728e-01 1.269660e-01 2.279751e-01 1.904329e-01 1.328620e-01 2.981173e-01 6.394812e-01 2.049077e-01 1.918139e-01 3.246444e-01 9.961468e-02 1.000000e-02
<GCONST> 6.281927e+01
<STATE> 36
<MEAN> 39
 -2.339786e+00 -1.141184e+01 -5.488590e+00 -4.161226e+00 2.387941e-01 -8.149996e+00 -1.206260e+00 1.898935e+00 7.621183e+00 9.062054e-01 -4.989362e-01 -6.100730e+00 1.513428e-01 -1.072334e+00 4.444331e-01 6.385145e-01 2.514667e-01 -6.234106e-03 5.138324e-01 7.021604e-01 3.373369e-01 4.563480e-01 8.414677e-01 8.314026e-01 -4.131393e-01 -3.754115e-02 -1.047517e-01 -6.520092e-03 6.785318e-02 1.367119e-01 -1.779519e-02 2.198645e-01 -1.231036e-01 -1.705847e-01 -3.175400e-01 -2.636597e-01 4.912380e-02 2.261547e-01 -8.443614e-03
<VARIANCE> 39
 5.203374e+00 4.155049e+00 2.950727e+01 1.552239e+01 7.132803e+00 1.795022e+01 7.620082e+00 1.171434e+01 2.625966e+01 1.209140e+01 4.185725e+00 9.167612e+00 1.158127e-02 5.001208e-01 9.403788e-01 1.864152e+00 9.467824e-01 5.571694e-01 1.199342e+00 8.305821e-01 6.024479e+00 5.662470e+00 2.473703e+00 7.912801e-01 6.040102e-01 1.000000e-02 1.782033e-01 6.761277e-02 3.473262e-01 9.885727e-02 1.091529e-01 2.475545e-01 1.616894e-01 3.899314e-01 5.051163e-01 3.533520e-01 1.016281e-01 1.123869e-01 1.000000e-02
<GCONST> 6.852213e+01
<STATE> 37
<MEAN> 39
 -5.157997e+00 -1.010270e+01 -3.526212e+00 -4.338081e+00 -1.998724e+00 -6.113472e+00 1.858801e+00 1.696350e+00 6.569491e+00 5.958384e-01 1.065425e+00 -5.093485e+00 6.740842e-03 -8.587064e-01 5.113536e-01 9.594437e-01 4.267468e-01 -9.829514e-02 4.730043e-01 1.869258e-01 9.795503e-02 -1.287790e-02 -3.760943e-01 5.073621e-01 3.764941e-02 -4.243308e-02 5.229086e-01 -5.460019e-02 -8.685443e-02 1.760654e-01 2.115687e-01 -1.754948e-01 -4.061004e-01 -2.482014e-01 -1.005209e-01 -1.510843e-01 -3.542459e-01 8.125684e-02 1.538374e-02
<VARIANCE> 39
 3.410361e+00 2.721343e+00 7.472031e+00 2.382910e+00 1.333099e+00 1.079260e+01 1.192653e+01 2.916798e+01 2.170520e+01 8.106319e+00 3.490895e+00 2.621502e+00 1.000000e-02 4.709758e-01 3.611124e-01 1.558034e+00 7.030310e-01 1.151661e+00 3.274474e-01 6.888580e-01 7.938475e-01 1.307548e+00 1.609866e+00 1.451299e+00 1.132347e+00 1.000000e-02 6.648530e-02 1.034250e-01 1.507366e-01 8.042181e-02 5.101807e-02 1.127856e-01 1.403898e-01 9.055112e-01 7.634577e-01 1.856874e-01 1.028965e-01 1.422725e-01 1.000000e-02
<GCONST> 5.406281e+01
<STATE> 38
<MEAN> 39
 -4.827984e+00 -9.737943e+00 -3.593499e+00 -2.602608e+00 8.880335e-01 -4.683932e+00 1.314342e+00 2.208115e+00 9.284901e+00 -5.879336e-02 4.610981e-01 -5.258151e+00 1.171301e-02 2.163039e-01 4.846197e-01 8.236918e-01 1.052908e+00 6.779062e-01 2.313635e-01 -7.751721e-01 -7.780646e-01 3.719823e-02 6.415100e-02 -7.333946e-03 5.640235e-01 1.914337e-03 3.408148e-01 -1.972315e-01 -2.069432e-01 -8.594826e-02 1.009016e-02 -3.359178e-01 -1.657602e-01 -3.642147e-01 -3.609118e-01 -2.787740e-02 -2.567971e-01 1.757789e-01 1.128539e-02
<VARIANCE> 39
 2.290335e+00 4.344740e+00 7.388378e+00 9.344317e+00 1.078876e+01 9.730234e+00 6.228134e+00 1.512702e+01 1.576628e+01 2.037195e+00 6.361317e+00 6.545729e+00 1.000000e-02 3.432920e-01 3.733221e-01 1.135172e+00 1.121790e+00 8.130184e-01 8.353220e-01 7.676265e-01 1.246042e+00 7.128232e-01 4.668461e-01 2.731362e-01 3.896081e-01 1.000000e-02 5.659774e-02 9.366253e-02 2.231327e-01 1.718744e-01 1.289481e-01 8.868834e-02 9.215406e-02 3.384720e-01 1.828356e-01 2.506612e-01 1.563463e-01 8.832469e-02 1.000000e-02
<GCONST> 5.140230e+01
<TRANSP> 39
 0.000000e+00 1.000000e+00 0.000000e+00 0.000000e+00 0.000000e+00 0.000000e+00 0.000000e+00 0.000000e+00 0.000000e+00 0.000000e+00 0.000000e+00 0.000000e+00 0.000000e+00 0.000000e+00 0.000000e+00 0.000000e+00 0.000000e+00 0.000000e+00 0.000000e+00 0.000000e+00 0.000000e+00 0.000000e+00 0.000000e+00 0.000000e+00 0.000000e+00 0.000000e+00 0.000000e+00 0.000000e+00 0.000000e+00 0.000000e+00 0.000000e+00 0.000000e+00 0.000000e+00 0.000000e+00 0.000000e+00 0.000000e+00 0.000000e+00 0.000000e+00 0.000000e+00
 0.000000e+00 5.454546e-01 4.545455e-01 0.000000e+00 0.000000e+00 0.000000e+00 0.000000e+00 0.000000e+00 0.000000e+00 0.000000e+00 0.000000e+00 0.000000e+00 0.000000e+00 0.000000e+00 0.000000e+00 0.000000e+00 0.000000e+00 0.000000e+00 0.000000e+00 0.000000e+00 0.000000e+00 0.000000e+00 0.000000e+00 0.000000e+00 0.000000e+00 0.000000e+00 0.000000e+00 0.000000e+00 0.000000e+00 0.000000e+00 0.000000e+00 0.000000e+00 0.000000e+00 0.000000e+00 0.000000e+00 0.000000e+00 0.000000e+00 0.000000e+00 0.000000e+00
 0.000000e+00 0.000000e+00 1.666667e-01 8.333333e-01 0.000000e+00 0.000000e+00 0.000000e+00 0.000000e+00 0.000000e+00 0.000000e+00 0.000000e+00 0.000000e+00 0.000000e+00 0.000000e+00 0.000000e+00 0.000000e+00 0.000000e+00 0.000000e+00 0.000000e+00 0.000000e+00 0.000000e+00 0.000000e+00 0.000000e+00 0.000000e+00 0.000000e+00 0.000000e+00 0.000000e+00 0.000000e+00 0.000000e+00 0.000000e+00 0.000000e+00 0.000000e+00 0.000000e+00 0.000000e+00 0.000000e+00 0.000000e+00 0.000000e+00 0.000000e+00 0.000000e+00
 0.000000e+00 0.000000e+00 0.000000e+00 5.833333e-01 4.166667e-01 0.000000e+00 0.000000e+00 0.000000e+00 0.000000e+00 0.000000e+00 0.000000e+00 0.000000e+00 0.000000e+00 0.000000e+00 0.000000e+00 0.000000e+00 0.000000e+00 0.000000e+00 0.000000e+00 0.000000e+00 0.000000e+00 0.000000e+00 0.000000e+00 0.000000e+00 0.000000e+00 0.000000e+00 0.000000e+00 0.000000e+00 0.000000e+00 0.000000e+00 0.000000e+00 0.000000e+00 0.000000e+00 0.000000e+00 0.000000e+00 0.000000e+00 0.000000e+00 0.000000e+00 0.000000e+00
 0.000000e+00 0.000000e+00 0.000000e+00 0.000000e+00 1.666667e-01 8.333333e-01 0.000000e+00 0.000000e+00 0.000000e+00 0.000000e+00 0.000000e+00 0.000000e+00 0.000000e+00 0.000000e+00 0.000000e+00 0.000000e+00 0.000000e+00 0.000000e+00 0.000000e+00 0.000000e+00 0.000000e+00 0.000000e+00 0.000000e+00 0.000000e+00 0.000000e+00 0.000000e+00 0.000000e+00 0.000000e+00 0.000000e+00 0.000000e+00 0.000000e+00 0.000000e+00 0.000000e+00 0.000000e+00 0.000000e+00 0.000000e+00 0.000000e+00 0.000000e+00 0.000000e+00
 0.000000e+00 0.000000e+00 0.000000e+00 0.000000e+00 0.000000e+00 3.750000e-01 6.250000e-01 0.000000e+00 0.000000e+00 0.000000e+00 0.000000e+00 0.000000e+00 0.000000e+00 0.000000e+00 0.000000e+00 0.000000e+00 0.000000e+00 0.000000e+00 0.000000e+00 0.000000e+00 0.000000e+00 0.000000e+00 0.000000e+00 0.000000e+00 0.000000e+00 0.000000e+00 0.000000e+00 0.000000e+00 0.000000e+00 0.000000e+00 0.000000e+00 0.000000e+00 0.000000e+00 0.000000e+00 0.000000e+00 0.000000e+00 0.000000e+00 0.000000e+00 0.000000e+00
 0.000000e+00 0.000000e+00 0.000000e+00 0.000000e+00 0.000000e+00 0.000000e+00 1.666667e-01 8.333333e-01 0.000000e+00 0.000000e+00 0.000000e+00 0.000000e+00 0.000000e+00 0.000000e+00 0.000000e+00 0.000000e+00 0.000000e+00 0.000000e+00 0.000000e+00 0.000000e+00 0.000000e+00 0.000000e+00 0.000000e+00 0.000000e+00 0.000000e+00 0.000000e+00 0.000000e+00 0.000000e+00 0.000000e+00 0.000000e+00 0.000000e+00 0.000000e+00 0.000000e+00 0.000000e+00 0.000000e+00 0.000000e+00 0.000000e+00 0.000000e+00 0.000000e+00
 0.000000e+00 0.000000e+00 0.000000e+00 0.000000e+00 0.000000e+00 0.000000e+00 0.000000e+00 2.857143e-01 7.142857e-01 0.000000e+00 0.000000e+00 0.000000e+00 0.000000e+00 0.000000e+00 0.000000e+00 0.000000e+00 0.000000e+00 0.000000e+00 0.000000e+00 0.000000e+00 0.000000e+00 0.000000e+00 0.000000e+00 0.000000e+00 0.000000e+00 0.000000e+00 0.000000e+00 0.000000e+00 0.000000e+00 0.000000e+00 0.000000e+00 0.000000e+00 0.000000e+00 0.000000e+00 0.000000e+00 0.000000e+00 0.000000e+00 0.000000e+00 0.000000e+00
 0.000000e+00 0.000000e+00 0.000000e+00 0.000000e+00 0.000000e+00 0.000000e+00 0.000000e+00 0.000000e+00 1.666667e-01 8.333333e-01 0.000000e+00 0.000000e+00 0.000000e+00 0.000000e+00 0.000000e+00 0.000000e+00 0.000000e+00 0.000000e+00 0.000000e+00 0.000000e+00 0.000000e+00 0.000000e+00 0.000000e+00 0.000000e+00 0.000000e+00 0.000000e+00 0.000000e+00 0.000000e+00 0.000000e+00 0.000000e+00 0.000000e+00 0.000000e+00 0.000000e+00 0.000000e+00 0.000000e+00 0.000000e+00 0.000000e+00 0.000000e+00 0.000000e+00
 0.000000e+00 0.000000e+00 0.000000e+00 0.000000e+00 0.000000e+00 0.000000e+00 0.000000e+00 0.000000e+00 0.000000e+00 2.857143e-01 7.142857e-01 0.000000e+00 0.000000e+00 0.000000e+00 0.000000e+00 0.000000e+00 0.000000e+00 0.000000e+00 0.000000e+00 0.000000e+00 0.000000e+00 0.000000e+00 0.000000e+00 0.000000e+00 0.000000e+00 0.000000e+00 0.000000e+00 0.000000e+00 0.000000e+00 0.000000e+00 0.000000e+00 0.000000e+00 0.000000e+00 0.000000e+00 0.000000e+00 0.000000e+00 0.000000e+00 0.000000e+00 0.000000e+00
 0.000000e+00 0.000000e+00 0.000000e+00 0.000000e+00 0.000000e+00 0.000000e+00 0.000000e+00 0.000000e+00 0.000000e+00 0.000000e+00 3.750000e-01 6.250000e-01 0.000000e+00 0.000000e+00 0.000000e+00 0.000000e+00 0.000000e+00 0.000000e+00 0.000000e+00 0.000000e+00 0.000000e+00 0.000000e+00 0.000000e+00 0.000000e+00 0.000000e+00 0.000000e+00 0.000000e+00 0.000000e+00 0.000000e+00 0.000000e+00 0.000000e+00 0.000000e+00 0.000000e+00 0.000000e+00 0.000000e+00 0.000000e+00 0.000000e+00 0.000000e+00 0.000000e+00
 0.000000e+00 0.000000e+00 0.000000e+00 0.000000e+00 0.000000e+00 0.000000e+00 0.000000e+00 0.000000e+00 0.000000e+00 0.000000e+00 0.000000e+00 3.750000e-01 6.250000e-01 0.000000e+00 0.000000e+00 0.000000e+00 0.000000e+00 0.000000e+00 0.000000e+00 0.000000e+00 0.000000e+00 0.000000e+00 0.000000e+00 0.000000e+00 0.000000e+00 0.000000e+00 0.000000e+00 0.000000e+00 0.000000e+00 0.000000e+00 0.000000e+00 0.000000e+00 0.000000e+00 0.000000e+00 0.000000e+00 0.000000e+00 0.000000e+00 0.000000e+00 0.000000e+00
 0.000000e+00 0.000000e+00 0.000000e+00 0.000000e+00 0.000000e+00 0.000000e+00 0.000000e+00 0.000000e+00 0.000000e+00 0.000000e+00 0.000000e+00 0.000000e+00 3.750000e-01 6.250000e-01 0.000000e+00 0.000000e+00 0.000000e+00 0.000000e+00 0.000000e+00 0.000000e+00 0.000000e+00 0.000000e+00 0.000000e+00 0.000000e+00 0.000000e+00 0.000000e+00 0.000000e+00 0.000000e+00 0.000000e+00 0.000000e+00 0.000000e+00 0.000000e+00 0.000000e+00 0.000000e+00 0.000000e+00 0.000000e+00 0.000000e+00 0.000000e+00 0.000000e+00
 0.000000e+00 0.000000e+00 0.000000e+00 0.000000e+00 0.000000e+00 0.000000e+00 0.000000e+00 0.000000e+00 0.000000e+00 0.000000e+00 0.000000e+00 0.000000e+00 0.000000e+00 2.857143e-01 7.142857e-01 0.000000e+00 0.000000e+00 0.000000e+00 0.000000e+00 0.000000e+00 0.000000e+00 0.000000e+00 0.000000e+00 0.000000e+00 0.000000e+00 0.000000e+00 0.000000e+00 0.000000e+00 0.000000e+00 0.000000e+00 0.000000e+00 0.000000e+00 0.000000e+00 0.000000e+00 0.000000e+00 0.000000e+00 0.000000e+00 0.000000e+00 0.000000e+00
 0.000000e+00 0.000000e+00 0.000000e+00 0.000000e+00 0.000000e+00 0.000000e+00 0.000000e+00 0.000000e+00 0.000000e+00 0.000000e+00 0.000000e+00 0.000000e+00 0.000000e+00 0.000000e+00 2.857143e-01 7.142857e-01 0.000000e+00 0.000000e+00 0.000000e+00 0.000000e+00 0.000000e+00 0.000000e+00 0.000000e+00 0.000000e+00 0.000000e+00 0.000000e+00 0.000000e+00 0.000000e+00 0.000000e+00 0.000000e+00 0.000000e+00 0.000000e+00 0.000000e+00 0.000000e+00 0.000000e+00 0.000000e+00 0.000000e+00 0.000000e+00 0.000000e+00
 0.000000e+00 0.000000e+00 0.000000e+00 0.000000e+00 0.000000e+00 0.000000e+00 0.000000e+00 0.000000e+00 0.000000e+00 0.000000e+00 0.000000e+00 0.000000e+00 0.000000e+00 0.000000e+00 0.000000e+00 3.750000e-01 6.250000e-01 0.000000e+00 0.000000e+00 0.000000e+00 0.000000e+00 0.000000e+00 0.000000e+00 0.000000e+00 0.000000e+00 0.000000e+00 0.000000e+00 0.000000e+00 0.000000e+00 0.000000e+00 0.000000e+00 0.000000e+00 0.000000e+00 0.000000e+00 0.000000e+00 0.000000e+00 0.000000e+00 0.000000e+00 0.000000e+00
 0.000000e+00 0.000000e+00 0.000000e+00 0.000000e+00 0.000000e+00 0.000000e+00 0.000000e+00 0.000000e+00 0.000000e+00 0.000000e+00 0.000000e+00 0.000000e+00 0.000000e+00 0.000000e+00 0.000000e+00 0.000000e+00 2.857143e-01 7.142857e-01 0.000000e+00 0.000000e+00 0.000000e+00 0.000000e+00 0.000000e+00 0.000000e+00 0.000000e+00 0.000000e+00 0.000000e+00 0.000000e+00 0.000000e+00 0.000000e+00 0.000000e+00 0.000000e+00 0.000000e+00 0.000000e+00 0.000000e+00 0.000000e+00 0.000000e+00 0.000000e+00 0.000000e+00
 0.000000e+00 0.000000e+00 0.000000e+00 0.000000e+00 0.000000e+00 0.000000e+00 0.000000e+00 0.000000e+00 0.000000e+00 0.000000e+00 0.000000e+00 0.000000e+00 0.000000e+00 0.000000e+00 0.000000e+00 0.000000e+00 0.000000e+00 3.750000e-01 6.250000e-01 0.000000e+00 0.000000e+00 0.000000e+00 0.000000e+00 0.000000e+00 0.000000e+00 0.000000e+00 0.000000e+00 0.000000e+00 0.000000e+00 0.000000e+00 0.000000e+00 0.000000e+00 0.000000e+00 0.000000e+00 0.000000e+00 0.000000e+00 0.000000e+00 0.000000e+00 0.000000e+00
 0.000000e+00 0.000000e+00 0.000000e+00 0.000000e+00 0.000000e+00 0.000000e+00 0.000000e+00 0.000000e+00 0.000000e+00 0.000000e+00 0.000000e+00 0.000000e+00 0.000000e+00 0.000000e+00 0.000000e+00 0.000000e+00 0.000000e+00 0.000000e+00 3.750000e-01 6.250000e-01 0.000000e+00 0.000000e+00 0.000000e+00 0.000000e+00 0.000000e+00 0.000000e+00 0.000000e+00 0.000000e+00 0.000000e+00 0.000000e+00 0.000000e+00 0.000000e+00 0.000000e+00 0.000000e+00 0.000000e+00 0.000000e+00 0.000000e+00 0.000000e+00 0.000000e+00
 0.000000e+00 0.000000e+00 0.000000e+00 0.000000e+00 0.000000e+00 0.000000e+00 0.000000e+00 0.000000e+00 0.000000e+00 0.000000e+00 0.000000e+00 0.000000e+00 0.000000e+00 0.000000e+00 0.000000e+00 0.000000e+00 0.000000e+00 0.000000e+00 0.000000e+00 2.857143e-01 7.142857e-01 0.000000e+00 0.000000e+00 0.000000e+00 0.000000e+00 0.000000e+00 0.000000e+00 0.000000e+00 0.000000e+00 0.000000e+00 0.000000e+00 0.000000e+00 0.000000e+00 0.000000e+00 0.000000e+00 0.000000e+00 0.000000e+00 0.000000e+00 0.000000e+00
 0.000000e+00 0.000000e+00 0.000000e+00 0.000000e+00 0.000000e+00 0.000000e+00 0.000000e+00 0.000000e+00 0.000000e+00 0.000000e+00 0.000000e+00 0.000000e+00 0.000000e+00 0.000000e+00 0.000000e+00 0.000000e+00 0.000000e+00 0.000000e+00 0.000000e+00 0.000000e+00 3.750000e-01 6.250000e-01 0.000000e+00 0.000000e+00 0.000000e+00 0.000000e+00 0.000000e+00 0.000000e+00 0.000000e+00 0.000000e+00 0.000000e+00 0.000000e+00 0.000000e+00 0.000000e+00 0.000000e+00 0.000000e+00 0.000000e+00 0.000000e+00 0.000000e+00
 0.000000e+00 0.000000e+00 0.000000e+00 0.000000e+00 0.000000e+00 0.000000e+00 0.000000e+00 0.000000e+00 0.000000e+00 0.000000e+00 0.000000e+00 0.000000e+00 0.000000e+00 0.000000e+00 0.000000e+00 0.000000e+00 0.000000e+00 0.000000e+00 0.000000e+00 0.000000e+00 0.000000e+00 2.857143e-01 7.142857e-01 0.000000e+00 0.000000e+00 0.000000e+00 0.000000e+00 0.000000e+00 0.000000e+00 0.000000e+00 0.000000e+00 0.000000e+00 0.000000e+00 0.000000e+00 0.000000e+00 0.000000e+00 0.000000e+00 0.000000e+00 0.000000e+00
 0.000000e+00 0.000000e+00 0.000000e+00 0.000000e+00 0.000000e+00 0.000000e+00 0.000000e+00 0.000000e+00 0.000000e+00 0.000000e+00 0.000000e+00 0.000000e+00 0.000000e+00 0.000000e+00 0.000000e+00 0.000000e+00 0.000000e+00 0.000000e+00 0.000000e+00 0.000000e+00 0.000000e+00 0.000000e+00 2.857143e-01 7.142857e-01 0.000000e+00 0.000000e+00 0.000000e+00 0.000000e+00 0.000000e+00 0.000000e+00 0.000000e+00 0.000000e+00 0.000000e+00 0.000000e+00 0.000000e+00 0.000000e+00 0.000000e+00 0.000000e+00 0.000000e+00
 0.000000e+00 0.000000e+00 0.000000e+00 0.000000e+00 0.000000e+00 0.000000e+00 0.000000e+00 0.000000e+00 0.000000e+00 0.000000e+00 0.000000e+00 0.000000e+00 0.000000e+00 0.000000e+00 0.000000e+00 0.000000e+00 0.000000e+00 0.000000e+00 0.000000e+00 0.000000e+00 0.000000e+00 0.000000e+00 0.000000e+00 3.750000e-01 6.250000e-01 0.000000e+00 0.000000e+00 0.000000e+00 0.000000e+00 0.000000e+00 0.000000e+00 0.000000e+00 0.000000e+00 0.000000e+00 0.000000e+00 0.000000e+00 0.000000e+00 0.000000e+00 0.000000e+00
 0.000000e+00 0.000000e+00 0.000000e+00 0.000000e+00 0.000000e+00 0.000000e+00 0.000000e+00 0.000000e+00 0.000000e+00 0.000000e+00 0.000000e+00 0.000000e+00 0.000000e+00 0.000000e+00 0.000000e+00 0.000000e+00 0.000000e+00 0.000000e+00 0.000000e+00 0.000000e+00 0.000000e+00 0.000000e+00 0.000000e+00 0.000000e+00 2.857143e-01 7.142857e-01 0.000000e+00 0.000000e+00 0.000000e+00 0.000000e+00 0.000000e+00 0.000000e+00 0.000000e+00 0.000000e+00 0.000000e+00 0.000000e+00 0.000000e+00 0.000000e+00 0.000000e+00
 0.000000e+00 0.000000e+00 0.000000e+00 0.000000e+00 0.000000e+00 0.000000e+00 0.000000e+00 0.000000e+00 0.000000e+00 0.000000e+00 0.000000e+00 0.000000e+00 0.000000e+00 0.000000e+00 0.000000e+00 0.000000e+00 0.000000e+00 0.000000e+00 0.000000e+00 0.000000e+00 0.000000e+00 0.000000e+00 0.000000e+00 0.000000e+00 0.000000e+00 3.750000e-01 6.250000e-01 0.000000e+00 0.000000e+00 0.000000e+00 0.000000e+00 0.000000e+00 0.000000e+00 0.000000e+00 0.000000e+00 0.000000e+00 0.000000e+00 0.000000e+00 0.000000e+00
 0.000000e+00 0.000000e+00 0.000000e+00 0.000000e+00 0.000000e+00 0.000000e+00 0.000000e+00 0.000000e+00 0.000000e+00 0.000000e+00 0.000000e+00 0.000000e+00 0.000000e+00 0.000000e+00 0.000000e+00 0.000000e+00 0.000000e+00 0.000000e+00 0.000000e+00 0.000000e+00 0.000000e+00 0.000000e+00 0.000000e+00 0.000000e+00 0.000000e+00 0.000000e+00 3.750000e-01 6.250000e-01 0.000000e+00 0.000000e+00 0.000000e+00 0.000000e+00 0.000000e+00 0.000000e+00 0.000000e+00 0.000000e+00 0.000000e+00 0.000000e+00 0.000000e+00
 0.000000e+00 0.000000e+00 0.000000e+00 0.000000e+00 0.000000e+00 0.000000e+00 0.000000e+00 0.000000e+00 0.000000e+00 0.000000e+00 0.000000e+00 0.000000e+00 0.000000e+00 0.000000e+00 0.000000e+00 0.000000e+00 0.000000e+00 0.000000e+00 0.000000e+00 0.000000e+00 0.000000e+00 0.000000e+00 0.000000e+00 0.000000e+00 0.000000e+00 0.000000e+00 0.000000e+00 1.666667e-01 8.333333e-01 0.000000e+00 0.000000e+00 0.000000e+00 0.000000e+00 0.000000e+00 0.000000e+00 0.000000e+00 0.000000e+00 0.000000e+00 0.000000e+00
 0.000000e+00 0.000000e+00 0.000000e+00 0.000000e+00 0.000000e+00 0.000000e+00 0.000000e+00 0.000000e+00 0.000000e+00 0.000000e+00 0.000000e+00 0.000000e+00 0.000000e+00 0.000000e+00 0.000000e+00 0.000000e+00 0.000000e+00 0.000000e+00 0.000000e+00 0.000000e+00 0.000000e+00 0.000000e+00 0.000000e+00 0.000000e+00 0.000000e+00 0.000000e+00 0.000000e+00 0.000000e+00 3.750000e-01 6.250000e-01 0.000000e+00 0.000000e+00 0.000000e+00 0.000000e+00 0.000000e+00 0.000000e+00 0.000000e+00 0.000000e+00 0.000000e+00
 0.000000e+00 0.000000e+00 0.000000e+00 0.000000e+00 0.000000e+00 0.000000e+00 0.000000e+00 0.000000e+00 0.000000e+00 0.000000e+00 0.000000e+00 0.000000e+00 0.000000e+00 0.000000e+00 0.000000e+00 0.000000e+00 0.000000e+00 0.000000e+00 0.000000e+00 0.000000e+00 0.000000e+00 0.000000e+00 0.000000e+00 0.000000e+00 0.000000e+00 0.000000e+00 0.000000e+00 0.000000e+00 0.000000e+00 2.857143e-01 7.142857e-01 0.000000e+00 0.000000e+00 0.000000e+00 0.000000e+00 0.000000e+00 0.000000e+00 0.000000e+00 0.000000e+00
 0.000000e+00 0.000000e+00 0.000000e+00 0.000000e+00 0.000000e+00 0.000000e+00 0.000000e+00 0.000000e+00 0.000000e+00 0.000000e+00 0.000000e+00 0.000000e+00 0.000000e+00 0.000000e+00 0.000000e+00 0.000000e+00 0.000000e+00 0.000000e+00 0.000000e+00 0.000000e+00 0.000000e+00 0.000000e+00 0.000000e+00 0.000000e+00 0.000000e+00 0.000000e+00 0.000000e+00 0.000000e+00 0.000000e+00 0.000000e+00 3.750000e-01 6.250000e-01 0.000000e+00 0.000000e+00 0.000000e+00 0.000000e+00 0.000000e+00 0.000000e+00 0.000000e+00
 0.000000e+00 0.000000e+00 0.000000e+00 0.000000e+00 0.000000e+00 0.000000e+00 0.000000e+00 0.000000e+00 0.000000e+00 0.000000e+00 0.000000e+00 0.000000e+00 0.000000e+00 0.000000e+00 0.000000e+00 0.000000e+00 0.000000e+00 0.000000e+00 0.000000e+00 0.000000e+00 0.000000e+00 0.000000e+00 0.000000e+00 0.000000e+00 0.000000e+00 0.000000e+00 0.000000e+00 0.000000e+00 0.000000e+00 0.000000e+00 0.000000e+00 2.857143e-01 7.142857e-01 0.000000e+00 0.000000e+00 0.000000e+00 0.000000e+00 0.000000e+00 0.000000e+00
 0.000000e+00 0.000000e+00 0.000000e+00 0.000000e+00 0.000000e+00 0.000000e+00 0.000000e+00 0.000000e+00 0.000000e+00 0.000000e+00 0.000000e+00 0.000000e+00 0.000000e+00 0.000000e+00 0.000000e+00 0.000000e+00 0.000000e+00 0.000000e+00 0.000000e+00 0.000000e+00 0.000000e+00 0.000000e+00 0.000000e+00 0.000000e+00 0.000000e+00 0.000000e+00 0.000000e+00 0.000000e+00 0.000000e+00 0.000000e+00 0.000000e+00 0.000000e+00 3.750000e-01 6.250000e-01 0.000000e+00 0.000000e+00 0.000000e+00 0.000000e+00 0.000000e+00
 0.000000e+00 0.000000e+00 0.000000e+00 0.000000e+00 0.000000e+00 0.000000e+00 0.000000e+00 0.000000e+00 0.000000e+00 0.000000e+00 0.000000e+00 0.000000e+00 0.000000e+00 0.000000e+00 0.000000e+00 0.000000e+00 0.000000e+00 0.000000e+00 0.000000e+00 0.000000e+00 0.000000e+00 0.000000e+00 0.000000e+00 0.000000e+00 0.000000e+00 0.000000e+00 0.000000e+00 0.000000e+00 0.000000e+00 0.000000e+00 0.000000e+00 0.000000e+00 0.000000e+00 3.750000e-01 6.250000e-01 0.000000e+00 0.000000e+00 0.000000e+00 0.000000e+00
 0.000000e+00 0.000000e+00 0.000000e+00 0.000000e+00 0.000000e+00 0.000000e+00 0.000000e+00 0.000000e+00 0.000000e+00 0.000000e+00 0.000000e+00 0.000000e+00 0.000000e+00 0.000000e+00 0.000000e+00 0.000000e+00 0.000000e+00 0.000000e+00 0.000000e+00 0.000000e+00 0.000000e+00 0.000000e+00 0.000000e+00 0.000000e+00 0.000000e+00 0.000000e+00 0.000000e+00 0.000000e+00 0.000000e+00 0.000000e+00 0.000000e+00 0.000000e+00 0.000000e+00 0.000000e+00 2.857143e-01 7.142857e-01 0.000000e+00 0.000000e+00 0.000000e+00
 0.000000e+00 0.000000e+00 0.000000e+00 0.000000e+00 0.000000e+00 0.000000e+00 0.000000e+00 0.000000e+00 0.000000e+00 0.000000e+00 0.000000e+00 0.000000e+00 0.000000e+00 0.000000e+00 0.000000e+00 0.000000e+00 0.000000e+00 0.000000e+00 0.000000e+00 0.000000e+00 0.000000e+00 0.000000e+00 0.000000e+00 0.000000e+00 0.000000e+00 0.000000e+00 0.000000e+00 0.000000e+00 0.000000e+00 0.000000e+00 0.000000e+00 0.000000e+00 0.000000e+00 0.000000e+00 0.000000e+00 3.750000e-01 6.250000e-01 0.000000e+00 0.000000e+00
 0.000000e+00 0.000000e+00 0.000000e+00 0.000000e+00 0.000000e+00 0.000000e+00 0.000000e+00 0.000000e+00 0.000000e+00 0.000000e+00 0.000000e+00 0.000000e+00 0.000000e+00 0.000000e+00 0.000000e+00 0.000000e+00 0.000000e+00 0.000000e+00 0.000000e+00 0.000000e+00 0.000000e+00 0.000000e+00 0.000000e+00 0.000000e+00 0.000000e+00 0.000000e+00 0.000000e+00 0.000000e+00 0.000000e+00 0.000000e+00 0.000000e+00 0.000000e+00 0.000000e+00 0.000000e+00 0.000000e+00 0.000000e+00 1.666667e-01 8.333333e-01 0.000000e+00
 0.000000e+00 0.000000e+00 0.000000e+00 0.000000e+00 0.000000e+00 0.000000e+00 0.000000e+00 0.000000e+00 0.000000e+00 0.000000e+00 0.000000e+00 0.000000e+00 0.000000e+00 0.000000e+00 0.000000e+00 0.000000e+00 0.000000e+00 0.000000e+00 0.000000e+00 0.000000e+00 0.000000e+00 0.000000e+00 0.000000e+00 0.000000e+00 0.000000e+00 0.000000e+00 0.000000e+00 0.000000e+00 0.000000e+00 0.000000e+00 0.000000e+00 0.000000e+00 0.000000e+00 0.000000e+00 0.000000e+00 0.000000e+00 0.000000e+00 1.666667e-01 8.333333e-01
 0.000000e+00 0.000000e+00 0.000000e+00 0.000000e+00 0.000000e+00 0.000000e+00 0.000000e+00 0.000000e+00 0.000000e+00 0.000000e+00 0.000000e+00 0.000000e+00 0.000000e+00 0.000000e+00 0.000000e+00 0.000000e+00 0.000000e+00 0.000000e+00 0.000000e+00 0.000000e+00 0.000000e+00 0.000000e+00 0.000000e+00 0.000000e+00 0.000000e+00 0.000000e+00 0.000000e+00 0.000000e+00 0.000000e+00 0.000000e+00 0.000000e+00 0.000000e+00 0.000000e+00 0.000000e+00 0.000000e+00 0.000000e+00 0.000000e+00 0.000000e+00 0.000000e+00
<ENDHMM>
