~o
<STREAMINFO> 1 39
<VECSIZE> 39<NULLD><MFCC_E_D_A><DIAGC>
~h "Vao"
<BEGINHMM>
<NUMSTATES> 11
<STATE> 2
<MEAN> 39
 -1.113308e+00 -7.497559e+00 -3.892351e+00 -3.615347e+00 -1.359509e+00 -7.464795e+00 -2.376834e-01 -1.580744e+00 -1.713141e+00 -3.975615e+00 -1.585933e-01 -5.632686e+00 1.914551e-01 7.317348e-01 -7.502795e-01 -1.406368e+00 -5.268206e-01 -3.254998e-01 -5.854763e-01 -1.224723e-01 1.056052e-01 -1.335834e-01 -8.750159e-02 -1.045365e+00 -7.492969e-01 5.929333e-02 -1.685410e-02 -3.717898e-01 -4.075769e-01 -8.364562e-02 1.039011e-01 7.849615e-02 2.291805e-01 -2.334757e-02 2.116798e-01 9.410853e-02 -2.302639e-01 2.187730e-01 1.566427e-02
<VARIANCE> 39
 1.662972e+01 1.305053e+01 1.485897e+01 1.472216e+01 1.422454e+01 2.168956e+01 1.004790e+01 1.074738e+01 1.515885e+01 1.420240e+01 1.269783e+01 1.299677e+01 3.784586e-02 1.025763e+00 2.631449e+00 2.207623e+00 2.561946e+00 2.460130e+00 2.404651e+00 1.176631e+00 1.736353e+00 2.352433e+00 1.375373e+00 1.518839e+00 9.413890e-01 1.000000e-02 2.143748e-01 2.935594e-01 4.757173e-01 5.299247e-01 4.867193e-01 5.189852e-01 4.669411e-01 3.726732e-01 4.457630e-01 3.392597e-01 3.577109e-01 2.468256e-01 1.000000e-02
<GCONST> 8.601773e+01
<STATE> 3
<MEAN> 39
 7.794652e-01 -1.841153e+01 -1.895347e+01 -7.752491e+00 -3.773478e-01 -7.838135e+00 6.934329e+00 -7.255570e-01 2.066944e+00 -2.532044e+00 -9.370111e+00 -4.364384e+00 7.898751e-01 -1.139153e+00 -2.370810e+00 -3.105773e+00 4.252577e-01 9.629788e-01 1.060550e+00 3.228287e+00 -3.218292e-01 9.374021e-02 -3.835125e-01 -1.165929e+00 2.109668e+00 1.093812e-01 -4.208120e-01 3.521939e-01 7.123984e-01 7.734431e-01 2.539583e-01 2.509585e-01 -2.820335e-01 -4.864869e-01 -5.439140e-01 -3.482804e-01 7.622788e-01 2.237881e-01 -2.384618e-02
<VARIANCE> 39
 1.860394e+01 1.452736e+01 3.508668e+01 2.101276e+01 2.108932e+01 1.377763e+01 5.348335e+01 2.785022e+01 2.341510e+01 2.540960e+01 1.659728e+01 1.755081e+01 1.836735e-02 1.341609e+00 1.084593e+00 3.597104e+00 3.132114e+00 1.882721e+00 1.546325e+00 1.803345e+00 2.485135e+00 2.551160e+00 3.555382e+00 2.879022e+00 9.467060e-01 1.000000e-02 2.094364e-01 2.880279e-01 6.773322e-01 3.921143e-01 4.357296e-01 3.391384e-01 1.122675e+00 2.531261e-01 3.179393e-01 5.076104e-01 3.286437e-01 3.825543e-01 1.000000e-02
<GCONST> 9.308444e+01
<STATE> 4
<MEAN> 39
 -2.290412e+00 -2.415936e+01 -2.353761e+01 1.093536e+00 5.994427e+00 -3.043844e+00 1.086957e+01 -8.374811e+00 -2.052405e-02 -4.086857e+00 -7.660845e+00 2.632692e+00 9.818705e-01 -1.814932e-01 -3.423408e-01 -1.224894e-01 6.241367e-01 3.001193e-01 7.683348e-01 -4.453915e-01 -1.104455e+00 4.198852e-01 -1.564830e-02 2.865297e-01 4.684187e-01 8.066556e-03 1.734433e-01 1.086123e-01 9.945725e-02 -2.498990e-01 -2.529163e-01 -3.091253e-02 -2.956920e-01 2.051258e-01 1.488941e-01 3.587386e-03 -1.338843e-01 -2.607362e-01 -6.508027e-03
<VARIANCE> 39
 1.122243e+01 2.935275e+00 4.257096e+00 2.225803e+01 8.879516e+00 8.745827e+00 9.176526e+00 5.130418e+01 3.552819e+01 1.201371e+01 1.988640e+01 6.236087e+00 1.000000e-02 4.910201e-01 3.806439e-01 6.281673e-01 1.165675e+00 1.045866e+00 4.959063e-01 6.250899e-01 1.454984e+00 1.083176e+00 1.008243e+00 1.238642e+00 6.698671e-01 1.000000e-02 1.026707e-01 1.144080e-01 1.546344e-01 1.121717e-01 1.297868e-01 9.109274e-02 2.208406e-01 2.565156e-01 2.185558e-01 2.273912e-01 1.714442e-01 1.558918e-01 1.000000e-02
<GCONST> 6.202131e+01
<STATE> 5
<MEAN> 39
 -5.662872e+00 -2.586019e+01 -2.225972e+01 -2.363256e+00 4.298315e+00 1.192472e+00 6.171620e+00 -9.915136e+00 5.396250e+00 -5.557858e+00 -9.444586e+00 4.056872e+00 9.564911e-01 6.002565e-02 -2.068540e-01 -7.130316e-02 -3.433628e-01 -1.581863e-01 1.603398e-01 -3.220958e-01 5.257397e-02 1.776753e-02 3.448651e-01 -5.052842e-01 -1.257217e-01 -7.286407e-03 6.653671e-02 7.153779e-02 1.905563e-02 -4.797737e-02 3.435029e-02 -8.195313e-02 1.287691e-01 -1.305583e-02 -1.050230e-01 1.919542e-01 1.320019e-02 -1.090084e-02 -8.025589e-04
<VARIANCE> 39
 2.253785e+01 4.705453e+00 7.234345e+00 1.881782e+01 7.695153e+00 9.181606e+00 2.151490e+01 5.696381e+01 5.366711e+01 2.321642e+01 1.594686e+01 9.591430e+00 1.000000e-02 1.957790e-01 3.863769e-01 5.791201e-01 4.532508e-01 4.496639e-01 6.251993e-01 6.359547e-01 6.215590e-01 1.255358e+00 1.295785e+00 5.384034e-01 5.992216e-01 1.000000e-02 3.155860e-02 4.523479e-02 1.038103e-01 1.077879e-01 7.056300e-02 1.315951e-01 1.182426e-01 9.664891e-02 1.974578e-01 1.550864e-01 1.102721e-01 7.510418e-02 1.000000e-02
<GCONST> 5.572969e+01
<STATE> 6
<MEAN> 39
 -8.026359e-01 -2.556664e+01 -2.360949e+01 -4.486971e+00 3.299268e+00 3.874974e+00 5.530829e+00 -9.379287e+00 2.121438e+00 1.685846e+00 -1.216704e+01 -1.922139e-01 8.872221e-01 7.441589e-01 5.093973e-01 1.269285e-01 -9.207864e-01 -1.820912e-02 5.547276e-01 -3.898218e-01 5.150540e-01 -2.601673e-01 9.333694e-01 -1.225490e-01 -1.151366e+00 -1.331749e-02 8.986653e-02 7.835762e-02 8.545996e-02 -1.799750e-01 -5.145828e-02 -3.510914e-02 -2.069162e-01 2.448413e-01 4.970679e-02 -1.424238e-01 1.402016e-01 -8.795651e-02 -1.772506e-03
<VARIANCE> 39
 2.892536e+01 1.186977e+01 5.116411e+00 1.174357e+01 1.282343e+01 1.516090e+01 1.423873e+01 3.017812e+01 2.885650e+01 1.039160e+01 1.419261e+01 2.566265e+01 1.000000e-02 1.227004e-01 3.217509e-01 6.047328e-01 9.735278e-01 1.238374e+00 9.337598e-01 1.949251e+00 1.341336e+00 1.250799e+00 8.238542e-01 5.096120e-01 9.389883e-01 1.000000e-02 2.891187e-02 7.867412e-02 9.889311e-02 7.433970e-02 2.930138e-01 2.613420e-01 2.421356e-01 1.204748e-01 2.151120e-01 1.116017e-01 1.170712e-01 2.553340e-01 1.000000e-02
<GCONST> 6.302550e+01
<STATE> 7
<MEAN> 39
 4.767222e+00 -2.251828e+01 -2.092800e+01 -1.241860e+01 1.730754e+00 3.215202e+00 1.395647e+00 -3.978587e+00 3.044983e+00 2.777391e+00 -7.690687e+00 -3.585720e+00 7.473407e-01 1.130436e+00 3.326671e-01 1.675595e-01 -4.274740e-01 -6.249569e-01 -1.307488e+00 -7.628563e-02 8.639830e-01 3.375838e-01 -8.804111e-01 1.826290e+00 7.760100e-01 -3.121145e-02 -1.779615e-01 -5.688913e-02 -9.296900e-02 4.219567e-01 -3.600038e-02 -3.219627e-01 2.814918e-01 -1.258637e-01 -2.975824e-02 -2.424254e-01 -2.793546e-02 2.593608e-01 -2.701144e-03
<VARIANCE> 39
 1.446867e+01 4.380727e+00 2.257718e+01 1.824398e+01 1.946436e+01 1.309411e+01 1.335499e+01 1.753440e+01 1.527147e+01 1.416662e+01 2.403274e+01 1.947336e+01 1.000000e-02 4.653100e-01 7.090653e-01 1.383558e+00 1.703707e+00 1.322343e+00 1.764274e+00 1.349503e+00 1.517130e+00 2.593605e+00 1.388820e+00 8.520730e-01 1.669546e+00 1.000000e-02 9.011692e-02 1.008235e-01 2.683088e-01 1.281234e-01 3.056017e-01 2.284447e-01 2.012060e-01 2.259827e-01 5.469412e-01 3.684608e-01 5.094098e-01 3.983392e-01 1.000000e-02
<GCONST> 7.647924e+01
<STATE> 8
<MEAN> 39
 6.068897e+00 -2.123727e+01 -2.036721e+01 -7.421712e+00 -4.917070e-01 -5.095461e+00 3.168233e+00 -1.302917e-02 2.619251e+00 -3.915521e+00 -4.204851e+00 -1.573715e+00 5.242214e-01 -6.085191e-01 2.334399e-01 7.838807e-01 1.087492e+00 5.286509e-01 -3.647904e-01 -3.326354e-01 -4.992706e-02 -3.747751e-01 -8.751312e-01 -4.012889e-01 -4.523745e-01 -3.668840e-02 -1.186864e-01 -1.038856e-03 1.836177e-01 8.642486e-02 3.064955e-01 4.228967e-01 -1.120022e-01 -2.329704e-01 1.095400e-02 4.620982e-02 -5.717643e-03 -1.548789e-01 5.906438e-04
<VARIANCE> 39
 5.133643e+00 6.056202e+00 1.046681e+01 1.287626e+01 2.476047e+01 1.094925e+01 6.820776e+00 9.466493e+00 7.864031e+00 1.102761e+01 9.291830e+00 8.192763e+00 1.000000e-02 1.622698e-01 8.960674e-01 1.505740e+00 6.617049e-01 1.964692e+00 1.880620e+00 1.089084e+00 1.543425e+00 1.027293e+00 8.929211e-01 1.065631e+00 1.222596e+00 1.000000e-02 5.421354e-02 2.270267e-01 3.250421e-01 9.346986e-02 2.955153e-01 2.485658e-01 1.952077e-01 2.906965e-01 1.697748e-01 1.968648e-01 3.474939e-01 2.843983e-01 1.000000e-02
<GCONST> 6.575555e+01
<STATE> 9
<MEAN> 39
 2.056679e+00 -1.870501e+01 -1.271875e+01 -1.656196e+00 5.851843e+00 -2.301827e+00 3.480429e-01 -3.456557e+00 5.374423e-01 -6.181255e+00 -1.777701e+00 -2.577063e+00 3.256606e-01 -5.290186e-01 5.254501e-01 1.058974e+00 4.058543e-01 4.619515e-01 1.398899e-01 -9.900583e-02 -7.358693e-02 -1.174460e-01 2.520531e-01 5.863488e-01 7.064097e-02 -2.496556e-02 5.449111e-03 1.308018e-01 -1.464577e-02 -1.988658e-01 -1.501759e-01 -1.144323e-01 6.637497e-02 1.664277e-01 9.869059e-02 1.620163e-01 -1.573655e-02 7.330982e-02 -4.323662e-04
<VARIANCE> 39
 3.470482e+00 4.537749e+00 1.137450e+01 1.076620e+01 1.327925e+01 9.508646e+00 8.653981e+00 8.405690e+00 1.134629e+01 1.031979e+01 8.574549e+00 9.853511e+00 1.000000e-02 3.165438e-01 5.114832e-01 7.490944e-01 7.873751e-01 1.216462e+00 1.645167e+00 4.368508e-01 1.094543e+00 1.943626e+00 1.272532e+00 6.686376e-01 7.929381e-01 1.000000e-02 5.750871e-02 8.941151e-02 1.406019e-01 1.621837e-01 3.059687e-01 3.145304e-01 1.191131e-01 2.278346e-01 3.951437e-01 2.604391e-01 1.488506e-01 2.102618e-01 1.000000e-02
<GCONST> 6.089240e+01
<STATE> 10
<MEAN> 39
 -1.928337e+00 -1.223921e+01 -6.323163e+00 -1.465731e+00 5.705033e+00 -2.689889e+00 8.023363e-01 -2.715735e+00 1.003704e+00 -3.702044e+00 6.327241e-01 -2.142312e+00 1.191343e-01 -5.763394e-01 9.947138e-01 8.287598e-01 -1.383252e-01 -4.474134e-01 2.398935e-01 2.756486e-01 -4.121957e-02 -1.596684e-01 -2.137621e-02 3.476557e-01 2.129829e-01 -3.338521e-02 4.669929e-02 -1.471954e-01 -1.169932e-01 -4.549113e-02 -1.175326e-01 -1.484320e-02 8.790804e-03 -5.720940e-02 -1.025073e-01 -5.173681e-02 -1.825533e-02 -4.887779e-02 2.954266e-03
<VARIANCE> 39
 2.810728e+00 6.627979e+00 1.016212e+01 1.476983e+01 1.621801e+01 1.168054e+01 1.141302e+01 1.358820e+01 9.902149e+00 9.926039e+00 1.002235e+01 4.481419e+00 1.000000e-02 1.233915e-01 6.788937e-01 5.812584e-01 1.401197e+00 2.122029e+00 1.582755e+00 1.560048e+00 1.523442e+00 1.460829e+00 8.752277e-01 9.104714e-01 5.744424e-01 1.000000e-02 3.224826e-02 1.101526e-01 1.493679e-01 2.714523e-01 3.829020e-01 3.586096e-01 2.949956e-01 3.687618e-01 3.766803e-01 1.740454e-01 1.582845e-01 1.015064e-01 1.000000e-02
<GCONST> 6.356309e+01
<TRANSP> 11
 0.000000e+00 1.000000e+00 0.000000e+00 0.000000e+00 0.000000e+00 0.000000e+00 0.000000e+00 0.000000e+00 0.000000e+00 0.000000e+00 0.000000e+00
 0.000000e+00 8.717949e-01 1.282051e-01 0.000000e+00 0.000000e+00 0.000000e+00 0.000000e+00 0.000000e+00 0.000000e+00 0.000000e+00 0.000000e+00
 0.000000e+00 0.000000e+00 7.368421e-01 2.631579e-01 0.000000e+00 0.000000e+00 0.000000e+00 0.000000e+00 0.000000e+00 0.000000e+00 0.000000e+00
 0.000000e+00 0.000000e+00 0.000000e+00 8.648649e-01 1.351351e-01 0.000000e+00 0.000000e+00 0.000000e+00 0.000000e+00 0.000000e+00 0.000000e+00
 0.000000e+00 0.000000e+00 0.000000e+00 0.000000e+00 8.958333e-01 1.041667e-01 0.000000e+00 0.000000e+00 0.000000e+00 0.000000e+00 0.000000e+00
 0.000000e+00 0.000000e+00 0.000000e+00 0.000000e+00 0.000000e+00 8.387097e-01 1.612903e-01 0.000000e+00 0.000000e+00 0.000000e+00 0.000000e+00
 0.000000e+00 0.000000e+00 0.000000e+00 0.000000e+00 0.000000e+00 0.000000e+00 8.275862e-01 1.724138e-01 0.000000e+00 0.000000e+00 0.000000e+00
 0.000000e+00 0.000000e+00 0.000000e+00 0.000000e+00 0.000000e+00 0.000000e+00 0.000000e+00 8.484849e-01 1.515152e-01 0.000000e+00 0.000000e+00
 0.000000e+00 0.000000e+00 0.000000e+00 0.000000e+00 0.000000e+00 0.000000e+00 0.000000e+00 0.000000e+00 8.717949e-01 1.282051e-01 0.000000e+00
 0.000000e+00 0.000000e+00 0.000000e+00 0.000000e+00 0.000000e+00 0.000000e+00 0.000000e+00 0.000000e+00 0.000000e+00 8.275862e-01 1.724138e-01
 0.000000e+00 0.000000e+00 0.000000e+00 0.000000e+00 0.000000e+00 0.000000e+00 0.000000e+00 0.000000e+00 0.000000e+00 0.000000e+00 0.000000e+00
<ENDHMM>
