~o
<STREAMINFO> 1 39
<VECSIZE> 39<NULLD><MFCC_E_D_A><DIAGC>
~h "Ve^"
<BEGINHMM>
<NUMSTATES> 38
<STATE> 2
<MEAN> 39
 -4.511626e+00 -7.815019e+00 -6.594430e-01 -3.338629e+00 -6.959388e-02 -4.653866e+00 2.283908e+00 -1.179613e+00 9.508926e-01 -1.721744e+00 2.663513e+00 -1.056052e+00 8.642226e-02 4.355180e-01 8.121812e-01 -2.594195e-01 -4.816434e-01 -5.636491e-01 -4.963923e-01 -4.507039e-01 -4.513937e-01 -5.702167e-01 6.280996e-02 -5.324252e-01 6.910828e-02 3.144870e-02 1.811690e-01 2.671981e-01 -1.383337e-01 -7.232536e-02 -1.039102e-01 5.608304e-02 -3.165523e-01 6.257166e-02 -3.959363e-01 -3.426126e-01 -5.016129e-01 -4.895504e-01 1.262046e-02
<VARIANCE> 39
 2.279901e+00 3.181633e+00 4.605168e+00 4.723581e+00 4.486018e+00 1.148483e+01 2.724311e+01 3.111095e+01 4.644233e+00 5.073454e+00 1.049466e+01 8.176577e+00 1.000000e-02 5.933505e-01 6.731751e-01 5.553819e-01 6.269150e-01 2.829207e-01 2.587394e-01 7.369648e-01 1.414768e+00 5.165445e-01 1.195347e+00 1.785261e+00 6.125566e-01 1.000000e-02 2.974120e-01 5.239140e-02 5.983866e-02 5.330119e-02 1.026860e-01 2.501860e-01 4.844111e-01 1.099386e+00 8.293346e-02 2.711996e-01 1.143685e-01 3.448698e-01 1.000000e-02
<GCONST> 5.505210e+01
<STATE> 3
<MEAN> 39
 -3.516725e+00 -4.428093e+00 -2.269746e+00 -3.058846e+00 4.281088e-01 -4.301460e+00 -1.089519e+00 -2.077752e+00 9.315977e-01 -2.193498e+00 -3.292219e-01 -9.754710e-01 1.735990e-01 1.005526e+00 1.062080e+00 -4.242405e-01 -1.038319e+00 -7.605422e-01 -5.087248e-01 -1.280414e+00 2.678619e-01 -1.736278e+00 -1.118607e+00 -1.619799e+00 -1.486916e+00 6.815250e-02 1.955807e-01 -2.646542e-01 3.497860e-02 -4.636711e-02 2.003231e-02 1.194100e-01 -8.201599e-04 1.855542e-01 -2.051354e-01 -3.510521e-01 -6.980356e-02 -4.440924e-01 3.137963e-03
<VARIANCE> 39
 9.039602e+00 1.499641e+01 8.598481e+00 1.063207e+01 5.016704e+00 6.642609e+00 1.818553e+01 1.378235e+01 6.011484e+00 1.390531e+01 1.662204e+01 6.270648e+00 1.000000e-02 4.246586e+00 8.014045e-01 6.997653e-01 4.286225e-01 1.126415e+00 1.576134e+00 3.536482e+00 4.740886e+00 8.389834e-01 1.979974e+00 7.514260e-01 1.793291e+00 1.000000e-02 1.860835e-01 3.776141e-01 2.106952e-01 2.411388e-01 2.033618e-01 1.149840e-01 2.605208e-01 5.003302e-01 2.456278e-01 6.682734e-02 1.841051e-01 2.098536e-01 1.000000e-02
<GCONST> 7.081748e+01
<STATE> 4
<MEAN> 39
 -3.092540e+00 -5.215375e+00 -2.196335e+00 -5.985439e+00 -1.683072e+00 -4.981827e+00 -3.577621e+00 -2.830172e-01 -3.201115e+00 -4.352949e+00 -1.908405e+00 -4.085887e+00 2.447051e-01 7.532676e-01 8.134477e-02 -2.985339e-01 2.967571e-01 -4.448052e-01 9.468577e-02 -1.838936e-01 1.102172e+00 -4.731058e-01 -4.854566e-01 -8.019168e-01 -1.228673e+00 3.633930e-02 7.379682e-02 -3.698801e-01 8.884508e-03 4.817431e-01 2.709740e-01 9.475156e-02 5.087132e-01 -1.620931e-01 5.661654e-01 1.213936e-01 4.802377e-01 7.180308e-02 2.209199e-03
<VARIANCE> 39
 3.291749e+01 6.670238e+00 9.425493e+00 1.551137e+01 2.288066e+01 8.814507e+00 2.339284e+01 2.322385e+01 1.655313e+01 3.340035e+01 1.030637e+01 1.403197e+01 2.813760e-02 2.388265e+00 2.704247e+00 1.395672e+00 4.628692e+00 2.145695e+00 6.282729e-01 1.452303e+00 3.336936e+00 2.920213e+00 2.580098e+00 1.834624e+00 1.210997e+00 1.000000e-02 4.464346e-01 2.399501e-01 1.116650e-01 4.792314e-01 1.839190e-01 2.639205e-01 5.222737e-01 6.766227e-01 3.346637e-01 4.430520e-01 1.347922e-01 1.151334e-01 1.000000e-02
<GCONST> 8.529054e+01
<STATE> 5
<MEAN> 39
 1.516977e+00 -3.705379e+00 -2.432497e+00 -4.864455e+00 -2.093268e+00 -5.967408e+00 -1.677380e+00 -8.121120e-01 -3.770036e+00 -6.410356e+00 -4.463123e+00 -6.980275e+00 3.522215e-01 9.563195e-01 5.575143e-03 -3.378092e-01 6.447619e-01 -3.848444e-02 2.778181e-01 1.558696e-01 -9.391590e-01 -2.368623e-01 -1.002990e+00 3.981906e-01 -1.126922e+00 4.471148e-02 -6.993011e-01 -3.816330e-01 -9.147759e-02 2.525794e-01 1.638002e-01 -3.896214e-01 -1.849107e-03 -3.181993e-02 3.759663e-01 1.009006e-01 5.347014e-01 4.728912e-01 -8.098213e-03
<VARIANCE> 39
 4.923999e+01 1.142461e+01 3.891227e+00 2.499187e+01 3.160475e+01 8.477077e+00 4.470020e+00 2.285431e+01 2.171259e+01 1.223237e+01 2.635244e+01 1.832135e+01 6.903755e-02 1.067511e+00 1.175913e+00 4.442683e-01 1.127064e+00 1.220641e+00 5.446813e-01 2.342649e+00 2.961263e+00 1.883553e+00 1.634030e+00 1.431912e+00 7.068164e-01 1.000000e-02 6.952353e-01 6.183031e-01 1.822231e-01 1.183537e+00 6.612017e-01 3.912670e-01 4.488375e-01 9.805305e-01 4.514441e-01 1.192837e-01 3.208656e-01 9.430695e-02 1.000000e-02
<GCONST> 8.391238e+01
<STATE> 6
<MEAN> 39
 -1.520696e+00 -5.466794e+00 -2.577765e+00 -2.948728e+00 -2.136560e+00 -3.739195e+00 -4.117913e-01 -2.504666e+00 -1.925735e+00 -3.688491e+00 1.085939e+00 -5.816837e+00 2.795918e-01 -4.997088e-01 -6.236665e-01 1.431511e-01 2.122244e-01 1.862243e-01 -7.109296e-01 -2.226933e-01 5.032036e-02 2.993965e-01 -6.756266e-01 -8.260840e-02 1.250371e-01 2.913199e-02 -3.498295e-01 -4.864636e-01 -2.060091e-01 -2.907313e-01 2.057816e-01 -5.090924e-01 -2.801539e-02 3.945942e-01 2.659273e-01 3.594273e-02 -2.353653e-01 6.110560e-01 7.882635e-04
<VARIANCE> 39
 2.335190e+01 6.317439e+00 9.624924e+00 1.383274e+01 1.090060e+01 4.287936e+00 1.351558e+01 1.820965e+01 1.573290e+01 2.040702e+01 2.317795e+01 1.525589e+01 4.474789e-02 2.001469e+00 1.717742e+00 9.038301e-01 1.629259e+00 2.775700e+00 1.049989e+00 1.368393e+00 1.365665e+00 2.269339e+00 5.862089e-01 2.020142e+00 1.727736e+00 1.000000e-02 1.430331e-01 1.651498e-01 2.111779e-01 6.023090e-01 4.093162e-01 4.237394e-01 4.364768e-01 6.640486e-01 3.097303e-01 1.821374e-01 1.846918e-01 2.175311e-01 1.000000e-02
<GCONST> 8.020056e+01
<STATE> 7
<MEAN> 39
 -4.496597e-01 -6.330100e+00 -2.047781e+00 -2.164291e+00 -2.468507e-01 -9.034816e+00 -2.528780e+00 -9.810624e-01 -4.102670e+00 -1.057667e+01 -1.247841e+00 -8.953822e+00 4.810576e-01 -9.096882e-01 -2.170463e+00 -2.078738e+00 -4.188202e-02 -7.069537e-02 -2.976250e+00 6.578867e-01 1.681249e+00 1.278769e+00 -2.111515e-01 -2.322590e-01 1.439521e+00 5.032035e-02 1.455895e-01 -2.735499e-01 -8.607838e-01 -8.474959e-01 -8.377870e-01 -2.497937e-01 8.353987e-01 4.096678e-01 8.702413e-02 9.132926e-01 -5.611469e-01 6.003667e-01 1.708586e-02
<VARIANCE> 39
 1.794323e+01 1.942405e+01 1.527856e+01 4.643228e+00 9.080941e+00 1.537861e+01 4.555919e+00 1.964644e+01 3.230828e+01 4.018346e+01 1.150127e+01 7.272606e+01 2.913775e-02 1.379292e+00 1.820408e+00 2.322284e+00 5.496936e+00 1.666654e+00 2.552271e+00 4.505565e+00 4.843338e+00 8.798806e-01 1.332746e+00 5.284656e-01 1.736476e+00 1.000000e-02 1.813430e-01 3.748454e-01 4.242251e-01 1.084227e-01 4.209524e-01 2.269803e-01 2.899587e-01 3.980645e-01 4.746833e-01 4.058390e-01 4.956090e-01 8.113480e-01 1.000000e-02
<GCONST> 8.761655e+01
<STATE> 8
<MEAN> 39
 -1.936840e+00 -1.121618e+01 -8.709148e+00 -5.199961e+00 -2.128520e+00 -1.372091e+01 -1.150698e-01 1.616247e+00 2.171921e-01 -7.149118e+00 -5.127149e+00 -1.414473e+00 5.929883e-01 -1.705747e-01 -1.964393e+00 -2.628900e+00 -2.101786e+00 -1.721486e+00 -1.659497e+00 2.172452e+00 1.223016e+00 6.553439e-01 1.549970e+00 -1.708367e+00 1.602700e+00 8.368818e-02 -5.184492e-02 3.721111e-01 8.340682e-02 -1.160551e-01 -7.510666e-01 1.096132e+00 5.476332e-01 1.294660e-01 -4.594479e-01 5.828524e-01 4.837971e-02 -6.097075e-01 2.156880e-03
<VARIANCE> 39
 2.995121e+01 1.154792e+01 2.213089e+01 3.613558e+01 1.200572e+01 3.409414e+01 4.813820e+01 2.687387e+01 1.581730e+01 1.769109e+01 1.346333e+00 4.155967e+01 5.505754e-02 4.093792e-01 1.874830e+00 2.219211e+00 1.513427e+00 1.239159e+00 1.894181e+00 5.574732e+00 2.842840e+00 3.812508e-01 1.549730e+00 1.832071e+00 3.905185e+00 1.000000e-02 2.947027e-01 7.048529e-02 3.172081e-01 1.276132e+00 8.839118e-01 5.025175e-01 3.981696e-01 4.046830e-01 2.609294e-01 4.614937e-01 2.021062e-01 5.633555e-01 1.000000e-02
<GCONST> 8.923582e+01
<STATE> 9
<MEAN> 39
 -1.199227e+00 -1.303864e+01 -1.203792e+01 -8.414233e+00 -6.748112e+00 -1.408382e+01 2.898660e+00 5.383659e+00 -3.885770e-01 -4.296530e+00 -6.116532e+00 -2.208915e+00 7.340817e-01 -8.864096e-01 -1.197311e+00 -2.051704e+00 -1.866933e+00 -2.237760e+00 1.863008e-01 2.458930e+00 1.872259e+00 -5.190202e-01 2.383415e+00 -6.646542e-01 3.816785e-01 8.122206e-02 -1.941349e-01 4.677860e-01 7.836031e-01 2.569124e-01 1.560733e-01 9.926311e-01 2.595646e-02 -3.828961e-01 -5.831120e-01 -1.170840e-01 2.664233e-01 -7.932490e-01 -1.236300e-02
<VARIANCE> 39
 9.011997e+00 1.400616e+01 4.397809e+01 2.261102e+01 3.011324e+01 2.633600e+01 5.652293e+01 1.449490e+01 2.189734e+01 2.101935e+01 2.538140e+01 1.043458e+01 7.190786e-02 1.160770e+00 7.357882e-01 2.421856e+00 2.566793e+00 6.346937e+00 1.859364e+00 1.815745e+00 2.672654e+00 1.133295e+00 2.119602e+00 7.010769e-01 3.679472e+00 1.000000e-02 6.334629e-02 2.106645e-01 3.243519e-01 4.576967e-01 4.607837e-01 2.159625e-01 1.217499e+00 4.783170e-01 8.992112e-02 3.937162e-01 4.413855e-01 1.564881e-01 1.000000e-02
<GCONST> 8.912538e+01
<STATE> 10
<MEAN> 39
 -4.744631e+00 -1.397336e+01 -1.379763e+01 -1.009570e+01 -9.894608e+00 -1.100181e+01 7.929100e+00 5.910766e+00 -1.322395e+00 -1.484203e+00 -4.657570e+00 -3.239396e+00 8.064054e-01 -1.152341e+00 -3.847564e-01 -6.726962e-02 -2.557691e-01 -1.093009e+00 1.786399e+00 1.431172e+00 7.445670e-01 -1.242733e+00 6.762629e-01 -7.319257e-02 -1.151150e+00 3.491135e-02 1.012658e-01 2.456616e-01 8.409593e-01 3.109302e-01 7.091992e-01 1.940042e-01 -5.371816e-01 -6.014382e-01 -1.411972e-01 -6.384245e-01 2.845183e-01 -9.647649e-02 -1.925904e-02
<VARIANCE> 39
 3.709193e+00 1.126427e+01 3.445267e+01 1.147194e+01 2.762679e+01 3.664420e+01 4.850241e+01 4.312097e+01 1.954521e+01 5.138611e+00 1.309083e+01 9.782179e+00 1.075150e-01 8.370300e-01 5.899172e-01 4.443000e-01 2.311634e+00 1.511524e+00 1.572581e+00 1.601801e+00 1.156001e+00 3.472047e-01 2.671989e+00 1.403405e+00 1.495803e+00 1.000000e-02 3.646336e-02 2.907515e-02 2.890482e-01 2.047396e-01 5.441942e-01 1.658956e-01 3.433558e-01 4.375723e-01 1.889083e-01 1.375180e-01 2.556343e-01 2.427189e-01 1.000000e-02
<GCONST> 7.503866e+01
<STATE> 11
<MEAN> 39
 -5.480216e+00 -1.523499e+01 -1.298581e+01 -9.463344e+00 -9.853282e+00 -8.617452e+00 8.520238e+00 7.301141e+00 -3.784382e+00 -1.245442e+00 -6.226272e+00 -3.762761e+00 8.702757e-01 -5.084400e-01 -6.286999e-01 9.041547e-01 -6.948935e-01 2.639146e-01 9.477586e-01 8.180324e-01 -9.974977e-01 -5.864208e-01 -3.763890e-01 2.352634e-01 -3.049617e-01 9.737398e-03 2.829714e-01 1.905811e-01 3.221137e-01 1.587831e-01 4.409417e-01 -2.776601e-01 -3.464469e-01 -5.036810e-01 3.541654e-01 -2.925849e-01 2.255272e-01 1.954062e-01 -1.264476e-02
<VARIANCE> 39
 4.628397e+00 1.405119e+01 3.270055e+01 1.591654e+01 3.700137e+01 3.822295e+01 1.424767e+01 5.801072e+01 2.763354e+01 1.107191e+01 1.312819e+01 1.502064e+01 6.728926e-02 3.581936e-01 3.967353e-01 4.471370e-01 1.877020e-01 6.961284e-01 1.433747e-01 2.210349e+00 7.133001e-01 9.992538e-01 8.830983e-01 2.269147e+00 5.717123e-01 1.000000e-02 4.679599e-02 2.995110e-02 2.009939e-01 3.892570e-01 2.981648e-01 1.096017e-01 1.305957e-01 5.939278e-01 3.334105e-01 3.254840e-01 1.694225e-01 7.494130e-02 1.000000e-02
<GCONST> 6.735104e+01
<STATE> 12
<MEAN> 39
 -4.712416e+00 -1.265997e+01 -6.839112e+00 -9.653973e+00 -7.205277e+00 -7.015027e+00 7.059857e+00 1.714567e+00 -2.983938e+00 -3.431097e+00 -4.176090e+00 -5.706244e+00 6.727403e-01 -3.274209e-01 1.092026e-01 3.295400e-01 3.495571e-01 -9.409934e-03 2.132268e-01 1.590222e-02 -1.325945e-01 -1.031433e-01 3.601820e-01 3.357674e-01 3.713198e-01 8.267053e-03 -7.826835e-02 -2.034715e-01 -3.315590e-01 1.760371e-01 -9.571388e-02 -1.430524e-01 -2.210214e-01 2.212643e-01 2.299063e-01 3.559431e-01 1.330479e-01 3.645578e-01 3.127139e-03
<VARIANCE> 39
 8.493068e+00 4.744630e+01 5.188540e+01 1.934441e+01 4.268859e+01 2.873732e+01 4.126551e+01 1.821663e+01 6.368063e+00 6.907797e+00 1.424251e+01 1.748732e+01 1.385029e-01 3.574840e-01 6.722555e-01 1.110199e+00 1.133419e+00 8.799877e-01 8.928767e-02 8.645500e-01 2.690246e+00 1.715963e+00 4.888230e-01 1.139653e+00 9.014633e-01 1.000000e-02 1.069356e-01 4.461993e-01 3.326553e-02 2.321038e-01 4.447825e-02 1.134656e-02 2.029497e-01 1.853420e-01 2.828421e-02 2.345097e-01 2.976934e-01 2.253640e-01 1.000000e-02
<GCONST> 6.689626e+01
<STATE> 13
<MEAN> 39
 -5.869123e+00 -1.423623e+01 -9.064341e+00 -8.534739e+00 -5.872712e+00 -8.193986e+00 8.622584e+00 3.540390e+00 -3.469531e+00 -1.618227e+00 -4.029857e+00 -3.590439e+00 7.779438e-01 -3.234757e-01 -6.856662e-01 -1.752122e-01 -1.416317e-01 -3.243454e-01 4.339072e-01 1.605666e-01 4.962617e-02 5.311698e-01 4.841716e-01 4.919949e-01 2.180564e-01 2.492022e-02 2.433270e-01 -8.217020e-02 -3.528755e-01 -2.550029e-01 -5.227149e-01 -3.023844e-01 -2.138063e-03 2.309600e-01 8.306803e-02 5.123188e-02 -3.592621e-01 -2.146458e-01 9.451958e-03
<VARIANCE> 39
 2.929154e+00 2.266920e+01 2.795556e+01 3.597304e+01 3.815793e+01 3.522483e+01 5.823596e+01 1.139401e+01 2.626149e+00 6.105858e+00 6.049060e+00 1.182021e+01 7.984957e-02 1.901971e-01 2.711635e+00 4.537592e-01 1.061705e+00 7.524297e-01 1.208458e-01 2.724445e-01 8.924460e-01 9.348338e-01 1.811055e+00 3.490949e-01 6.734104e-01 1.000000e-02 1.107302e-01 1.896575e-01 1.120693e-01 6.912197e-01 1.377012e-01 1.833973e-01 2.295143e-01 1.577443e-01 2.837466e-01 8.216019e-02 1.461701e-01 3.394435e-02 1.000000e-02
<GCONST> 6.318514e+01
<STATE> 14
<MEAN> 39
 -7.001766e+00 -1.646581e+01 -1.009540e+01 -1.094431e+01 -1.042802e+01 -5.510159e+00 8.099604e+00 5.228816e+00 -2.209790e+00 -4.146242e-02 -3.780931e+00 -1.798810e+00 8.574897e-01 4.658376e-01 -7.140627e-01 -6.205165e-01 -9.799690e-01 -1.165224e+00 -6.271796e-01 3.300588e-01 6.791346e-02 3.789789e-01 3.805492e-01 -5.960661e-01 -3.226110e-02 3.529564e-02 1.635385e-01 1.519368e-01 -4.277311e-02 -6.891090e-02 -1.442552e-01 -2.905447e-01 2.365253e-01 -2.505535e-01 2.525310e-01 -1.997740e-01 -2.074890e-01 -2.725994e-01 2.001740e-03
<VARIANCE> 39
 4.494987e+00 1.762865e+00 2.926432e+01 7.539369e+00 1.477352e+01 2.854726e+01 4.727671e+01 1.620539e+01 7.001457e+00 3.776411e+01 8.060473e+00 2.332106e+01 3.094566e-02 7.548380e-01 1.763543e+00 1.798205e+00 3.918239e+00 1.066436e+00 3.543084e+00 9.549276e-01 3.029279e-01 9.491204e-01 1.728681e+00 1.214290e+00 1.184527e+00 1.000000e-02 6.611165e-02 1.504714e-01 1.556948e-01 1.570836e-01 1.209987e-01 1.832156e-01 6.449307e-01 3.191767e-01 9.325873e-02 1.900571e-01 1.255324e-01 6.274842e-02 1.000000e-02
<GCONST> 7.055588e+01
<STATE> 15
<MEAN> 39
 -4.383762e+00 -1.710321e+01 -1.267476e+01 -1.207930e+01 -1.130952e+01 -1.163631e+01 9.561673e+00 3.140886e+00 -1.807501e+00 -9.026639e-01 -6.156617e+00 -4.421700e+00 9.359239e-01 2.307006e-01 -4.358188e-01 -2.378483e-01 -6.201121e-01 -8.170502e-01 -7.741684e-01 1.403284e+00 -9.154742e-01 1.061039e+00 1.703976e-01 -3.925532e-01 -4.221798e-01 3.484594e-02 -1.736305e-01 4.060783e-02 4.630291e-01 1.442635e-01 2.794474e-01 3.008812e-01 1.244843e-01 -1.217289e-01 1.068251e-01 -8.894075e-02 2.526970e-01 -1.133995e-01 -7.031985e-03
<VARIANCE> 39
 1.432458e+01 4.079854e+00 6.490814e+00 5.853399e+00 1.525183e+01 4.822933e+01 2.684779e+01 2.688348e+01 1.270443e+01 3.441786e+01 1.269004e+01 3.662867e+01 1.000000e-02 2.440936e-01 3.510242e-01 2.064531e+00 3.695046e-01 3.390454e-01 1.706748e+00 6.387157e+00 1.761177e+00 1.330707e+00 4.887322e-01 5.512549e-01 8.661374e-01 1.000000e-02 1.170972e-01 1.248397e-01 1.800397e-01 3.567545e-01 1.022881e-01 6.357128e-01 1.811181e-01 6.489929e-02 1.208059e-01 1.035757e-01 3.277211e-01 1.540496e-01 1.000000e-02
<GCONST> 6.743327e+01
<STATE> 16
<MEAN> 39
 -6.489468e+00 -1.722839e+01 -1.133472e+01 -1.303046e+01 -1.329515e+01 -7.269666e+00 1.203670e+01 2.466568e+00 -3.370802e-02 7.632794e-01 -5.037704e+00 -3.868473e+00 9.694498e-01 -9.756701e-02 -2.337800e-02 6.152875e-01 -1.256644e-01 -3.921179e-01 2.391379e-01 4.997848e-01 -4.522415e-01 1.179439e+00 7.612186e-03 1.412901e-01 -5.813223e-01 8.389123e-03 6.996993e-03 2.401158e-03 2.147742e-01 1.038723e-01 2.045517e-01 1.762383e-02 -1.322195e-01 1.667676e-01 -4.081059e-02 1.340437e-01 2.165107e-01 2.076826e-02 -5.615450e-03
<VARIANCE> 39
 1.350153e+01 2.792330e+00 2.439528e+00 2.926625e+00 1.553915e+01 5.410828e+01 1.955455e+01 4.471607e+01 3.537018e+01 2.981337e+01 9.475449e+00 2.281087e+01 1.000000e-02 1.993435e-01 5.090785e-01 1.714035e-01 2.395333e-01 2.105334e-01 7.701744e-01 2.580113e+00 4.552632e-01 4.992651e-01 4.744107e-01 1.053113e+00 5.907162e-01 1.000000e-02 8.475599e-02 2.975310e-02 1.740023e-01 2.046759e-02 8.150304e-02 3.651092e-01 5.143389e-01 2.030087e-01 4.132431e-01 5.553668e-02 3.173685e-02 7.301839e-02 1.000000e-02
<GCONST> 5.301154e+01
<STATE> 17
<MEAN> 39
 -5.021149e+00 -1.793519e+01 -9.640279e+00 -1.281311e+01 -1.156958e+01 -1.001793e+01 1.337948e+01 2.230712e+00 1.906172e+00 -4.738631e-01 -4.845113e+00 -6.209802e+00 9.853728e-01 -8.135977e-02 -2.500046e-01 6.316435e-01 -1.661358e-01 -2.470935e-01 1.735217e-01 2.590251e-01 -2.701910e-01 1.471313e-01 3.782196e-01 4.175113e-01 -7.500765e-01 3.237019e-03 6.841051e-02 7.845797e-02 -1.695894e-01 6.888001e-02 8.909333e-02 -1.523677e-01 -3.488146e-01 1.573756e-01 -4.740163e-01 2.329688e-01 -2.308699e-02 6.094073e-02 -6.363237e-03
<VARIANCE> 39
 6.926594e+00 4.510206e+00 2.772090e+00 1.486885e+00 1.277239e+01 4.003295e+01 1.344716e+01 3.070324e+01 2.492055e+01 5.157783e+01 7.609794e+00 2.010451e+01 1.000000e-02 1.984671e-01 9.353665e-02 3.098929e-01 2.069842e-01 3.503712e-01 1.021828e+00 2.804342e-01 1.814585e-01 1.722327e+00 3.882215e-02 1.892990e-01 2.272126e-02 1.000000e-02 1.568988e-02 7.055058e-02 7.555727e-02 4.722293e-02 2.646871e-02 1.438097e-01 4.013420e-01 9.246515e-02 2.186410e-01 9.991995e-02 1.254544e-01 5.597714e-02 1.000000e-02
<GCONST> 3.818736e+01
<STATE> 18
<MEAN> 39
 -5.712321e+00 -1.835603e+01 -9.073953e+00 -1.381871e+01 -1.345684e+01 -8.341045e+00 1.211058e+01 6.105170e-01 1.976345e+00 3.586812e-01 -4.136477e+00 -5.260871e+00 9.705693e-01 2.767035e-01 -1.723245e-01 1.613239e-01 -1.591261e-01 1.642641e-01 -7.758775e-01 4.765942e-02 7.604662e-02 -3.081856e-01 1.018902e+00 1.968825e-01 -2.520279e-01 -2.288390e-03 8.567642e-02 6.284500e-02 -2.035609e-01 6.998374e-02 -7.075366e-02 -5.384446e-02 -8.707820e-02 1.901048e-01 -1.307066e-01 1.641587e-01 -1.176049e-01 3.441541e-01 -1.150744e-03
<VARIANCE> 39
 4.325093e+00 4.989244e+00 3.855821e+00 2.671424e+00 1.675640e+01 3.631757e+01 1.937162e+01 3.577444e+01 3.090564e+00 3.413870e+01 1.059056e+01 3.031826e+01 1.000000e-02 2.414410e-01 9.981751e-02 3.516625e-01 2.255231e-01 4.324192e-01 4.459940e-01 2.622401e-01 8.631533e-01 9.282193e-01 3.820027e-01 6.351396e-01 2.094985e-01 1.000000e-02 1.504123e-02 3.918507e-02 6.215938e-02 1.216761e-01 1.773762e-01 1.052166e-01 2.170980e-02 6.670770e-02 1.938851e-01 5.434709e-02 3.651007e-02 3.770949e-02 1.000000e-02
<GCONST> 4.022268e+01
<STATE> 19
<MEAN> 39
 -4.815669e+00 -1.836806e+01 -1.020226e+01 -1.300896e+01 -1.186723e+01 -1.194088e+01 1.387371e+01 1.848343e+00 2.329352e-01 2.772746e+00 -3.953958e+00 -7.369038e+00 9.798073e-01 1.915092e-01 9.555635e-02 -8.180076e-02 2.034090e-01 -4.583025e-01 -7.907540e-02 -1.227511e-01 2.085685e-01 -1.355598e-01 8.257735e-01 -9.100175e-02 3.093534e-01 -2.718779e-03 1.826002e-02 5.169606e-02 1.228312e-01 -3.135153e-02 -1.969602e-01 1.789917e-01 -7.543249e-02 9.938936e-03 2.114154e-01 -9.216321e-02 3.685548e-02 1.892983e-01 -2.056913e-03
<VARIANCE> 39
 1.794039e+00 2.913101e+00 4.170937e+00 6.712758e+00 7.152116e+00 1.743425e+01 1.413326e+01 4.648323e+01 1.007049e+01 5.015173e+01 3.573707e+00 2.004056e+01 1.000000e-02 3.173348e-01 1.739782e-01 5.681442e-01 1.210470e+00 1.344276e+00 1.577727e+00 5.749314e-01 2.091160e-01 2.429657e-01 2.608274e-01 3.166379e-01 6.153533e-01 1.000000e-02 1.365437e-02 1.000000e-02 5.774811e-02 8.342522e-02 8.002970e-02 5.004295e-02 6.099708e-02 1.221361e-01 1.596073e-01 7.830585e-02 1.000000e-02 1.920335e-02 1.000000e-02
<GCONST> 3.803110e+01
<STATE> 20
<MEAN> 39
 -4.659294e+00 -1.784057e+01 -1.009111e+01 -1.220094e+01 -1.427186e+01 -1.068245e+01 1.286574e+01 2.205071e+00 3.705323e-01 3.826851e+00 -5.122840e+00 -6.211106e+00 9.717938e-01 2.397235e-01 6.233517e-02 4.609038e-01 -1.564992e-01 -7.152907e-01 1.956948e-01 -2.190835e-01 1.034984e-01 4.442779e-01 5.835792e-01 3.789466e-01 4.859596e-01 -8.491119e-03 -1.419505e-02 4.396737e-02 -4.981318e-02 6.332281e-02 -1.698080e-01 1.278687e-01 6.262346e-02 -2.506256e-01 2.210831e-01 -5.919436e-02 1.757065e-01 8.268929e-02 -3.491626e-03
<VARIANCE> 39
 1.090969e+00 1.468885e+00 6.106202e+00 9.248254e+00 1.454040e+01 4.481393e+01 2.609523e+01 2.970069e+01 1.053861e+01 4.287000e+01 6.017562e+00 3.108116e+01 1.000000e-02 2.096724e-01 8.209081e-02 2.305409e-01 4.777242e-01 2.735810e-01 4.695084e-01 4.188358e-01 5.389217e-01 3.221540e-01 9.832044e-01 2.654773e-01 4.908569e-01 1.000000e-02 2.238324e-02 2.825748e-02 1.082077e-01 3.148854e-01 2.831676e-01 3.231335e-01 7.380851e-02 6.754895e-02 1.627073e-01 3.201028e-02 5.401264e-02 1.950939e-01 1.000000e-02
<GCONST> 4.559951e+01
<STATE> 21
<MEAN> 39
 -4.161141e+00 -1.833960e+01 -7.817159e+00 -1.443736e+01 -1.479019e+01 -8.913042e+00 1.129952e+01 2.252912e+00 2.939173e+00 3.854364e+00 -2.707161e+00 -3.558655e+00 9.491851e-01 2.219230e-01 1.775562e-01 6.328754e-02 1.727078e-01 -9.676960e-01 1.735421e-01 8.009373e-02 -5.967465e-01 7.010936e-01 7.395130e-01 5.540465e-01 8.170126e-02 -1.146324e-02 -1.613351e-02 1.263133e-01 -1.834393e-01 3.300535e-01 -2.813236e-01 3.427910e-01 -2.360765e-02 -2.909826e-01 3.925991e-02 4.238901e-02 4.346294e-02 -4.123276e-02 -3.254442e-03
<VARIANCE> 39
 2.905717e+00 3.176476e+00 3.186807e+00 3.760636e+00 7.197178e+00 2.574408e+01 3.252038e+01 4.366980e+01 6.241848e+00 4.960062e+01 5.110768e+00 2.142491e+01 1.000000e-02 7.572468e-02 1.551459e-01 3.817175e-01 8.391792e-01 9.951858e-01 9.353016e-01 5.105569e-01 9.612362e-01 1.573077e+00 4.790570e-01 3.958905e-01 1.035678e+00 1.000000e-02 2.432047e-02 7.572576e-02 9.762124e-02 1.759066e-02 2.285792e-01 5.016208e-02 1.330770e-01 5.497735e-02 6.601857e-02 2.241332e-01 1.646042e-01 2.248364e-01 1.000000e-02
<GCONST> 4.837885e+01
<STATE> 22
<MEAN> 39
 -4.529720e+00 -1.688705e+01 -1.086190e+01 -1.117007e+01 -1.766268e+01 -1.011214e+01 1.298509e+01 -2.699769e-01 2.225461e+00 6.071107e+00 -3.544113e+00 -5.077916e+00 9.264951e-01 1.874875e-01 5.623163e-01 -5.537938e-01 9.191487e-01 -1.464182e+00 9.709714e-01 -3.947649e-01 -6.395801e-01 5.152255e-01 7.718085e-01 2.021547e-01 7.839714e-01 -1.838195e-02 1.256562e-01 3.148042e-02 3.779130e-02 2.296731e-02 -1.696722e-01 1.886281e-01 -3.482454e-01 1.373740e-01 -1.633462e-01 -2.167376e-01 5.375602e-03 -1.252159e-01 -1.454309e-03
<VARIANCE> 39
 1.341579e+00 2.333962e+00 4.441266e+00 1.346474e+01 4.617034e+00 1.968113e+01 1.897431e+01 4.748975e+01 1.579267e+01 3.838009e+01 9.885033e+00 1.128926e+01 1.000000e-02 1.995298e-01 8.598322e-01 4.567102e-01 5.412659e-01 9.254696e-01 4.402732e-01 9.051872e-01 5.743408e-01 4.196264e-01 8.580758e-01 8.047137e-01 1.761038e+00 1.000000e-02 4.906819e-02 2.766900e-02 3.630932e-02 1.570270e-01 1.787698e-02 1.519113e-01 3.152369e-02 7.157066e-02 9.858760e-02 1.064956e-01 4.031105e-02 1.629037e-01 1.000000e-02
<GCONST> 4.678996e+01
<STATE> 23
<MEAN> 39
 -2.999464e+00 -1.738611e+01 -8.232779e+00 -1.186005e+01 -1.949483e+01 -5.776121e+00 1.075972e+01 7.384413e-01 4.761917e+00 7.700669e+00 -1.232614e+00 -3.197931e+00 8.883793e-01 5.850943e-01 2.816441e-01 2.088836e-01 4.870508e-01 -1.666721e+00 1.098063e+00 -9.427406e-01 -3.490349e-01 6.569804e-02 1.763198e-01 7.158256e-01 4.353411e-01 -2.181035e-02 1.082569e-01 4.632290e-02 1.240604e-01 -1.660153e-01 -8.662812e-04 9.564216e-02 -2.488013e-01 1.246891e-01 -1.436513e-01 -4.106535e-01 2.805109e-02 -1.210236e-01 -3.174216e-03
<VARIANCE> 39
 1.680202e+00 9.833085e+00 1.413993e+01 1.129860e+01 1.455466e+01 4.408643e+01 3.753387e+01 5.703824e+01 1.281094e+01 1.682296e+01 8.329350e+00 6.998212e+00 1.000000e-02 1.978725e-01 4.594052e-01 3.652531e-01 3.852511e-01 1.076877e+00 3.422145e-01 2.240154e-01 4.367963e-01 4.155982e-01 6.595521e-01 6.409599e-01 3.478823e-01 1.000000e-02 3.195494e-02 1.204970e-01 1.460694e-01 2.229356e-01 3.772517e-01 2.765631e-01 4.793774e-01 3.466806e-01 2.277818e-01 2.231188e-02 8.779479e-02 3.590651e-01 1.000000e-02
<GCONST> 5.705722e+01
<STATE> 24
<MEAN> 39
 -3.033036e+00 -1.519800e+01 -1.069339e+01 -9.881729e+00 -2.207936e+01 -7.091093e+00 9.865837e+00 3.706677e-01 1.787678e+00 6.823843e+00 -1.795620e+00 -4.041268e+00 8.719802e-01 8.468829e-01 3.837668e-01 1.730783e-01 2.827396e-01 -1.508245e+00 1.219149e+00 -1.566816e+00 -1.171259e-01 5.883459e-02 -5.890528e-01 3.977050e-01 -6.150607e-01 -2.153620e-02 2.947561e-02 -4.773328e-02 1.429542e-01 -1.715776e-01 2.541819e-01 -3.565338e-02 1.961391e-01 -4.575441e-02 2.272388e-01 -3.251699e-01 1.275291e-01 -2.492897e-01 -3.237498e-03
<VARIANCE> 39
 4.549722e+00 8.569772e+00 1.068312e+01 7.643061e+00 1.207035e+01 2.289507e+01 1.165681e+01 3.737811e+01 7.812168e+00 2.203961e+01 1.752974e+01 9.098571e+00 1.000000e-02 2.822466e-01 2.811205e-01 6.293910e-01 1.990448e+00 1.698025e+00 3.293143e+00 2.016130e+00 7.907428e-01 8.940433e-01 7.748929e-01 6.946362e-01 7.673052e-01 1.000000e-02 5.222036e-02 1.141474e-01 7.663286e-02 6.258108e-02 2.101343e-01 1.024346e-01 1.645507e-01 1.081660e-01 1.573743e-02 1.961232e-01 6.465346e-02 9.405128e-02 1.000000e-02
<GCONST> 5.751640e+01
<STATE> 25
<MEAN> 39
 -4.745384e-01 -1.641915e+01 -7.141727e+00 -1.156802e+01 -2.182571e+01 -4.741704e+00 8.460677e+00 -2.469214e+00 4.650770e+00 6.289202e+00 -1.978603e+00 -3.126392e+00 8.309858e-01 5.910307e-01 4.040166e-01 2.744277e-01 1.442043e-01 -5.721057e-01 6.609993e-01 -4.342502e-02 -1.567483e-01 8.496600e-01 -9.425040e-01 9.343416e-01 -1.698786e-01 -3.127751e-02 -2.252073e-01 -6.917238e-03 -1.037262e-02 -1.090175e-01 2.136122e-01 -1.411279e-01 3.194434e-01 4.480097e-02 6.276522e-02 -2.086583e-01 -2.658632e-02 -6.752911e-02 -2.938981e-03
<VARIANCE> 39
 4.932393e+00 5.133032e+00 2.064697e+01 1.969307e+01 2.096640e+01 2.568527e+01 2.021873e+01 3.449743e+01 2.651599e+00 1.116882e+01 1.977592e+01 8.047594e+00 1.000000e-02 1.606455e-01 1.810103e-01 4.475169e-01 4.009064e-01 1.265407e+00 6.851683e-01 1.401658e+00 9.685463e-01 3.430495e-01 1.516106e+00 5.552282e-01 8.775580e-02 1.000000e-02 1.457452e-02 3.001998e-02 1.281881e-01 1.778697e-01 2.376903e-01 3.679453e-01 8.332440e-01 2.085043e-01 7.329091e-02 1.016595e-01 6.382994e-02 1.015467e-01 1.000000e-02
<GCONST> 5.398701e+01
<STATE> 26
<MEAN> 39
 -1.515010e+00 -1.444837e+01 -1.010485e+01 -1.040501e+01 -2.574687e+01 -3.022016e+00 7.149393e+00 -5.250549e-01 5.842454e+00 3.624802e+00 1.425337e+00 -5.412066e+00 7.778415e-01 1.075169e-01 2.017630e-01 5.882386e-01 -3.660611e-01 -6.050656e-01 4.605668e-01 2.804810e-01 1.463318e-02 1.403790e-01 -7.947924e-01 4.747970e-01 -4.560191e-01 -3.435811e-02 2.743765e-02 -9.788068e-02 3.326583e-01 7.772943e-02 4.403371e-01 -3.130302e-01 3.356780e-01 3.615404e-02 -3.281776e-01 1.936978e-01 -3.872810e-01 6.209657e-02 -3.289520e-03
<VARIANCE> 39
 5.071028e+00 7.175739e+00 1.417170e+01 2.053413e+01 1.573497e+01 3.609333e+01 1.510970e+01 2.108844e+01 8.869597e+00 1.055347e+01 1.373323e+01 8.837192e+00 1.000000e-02 1.833828e-01 1.875293e-01 1.193154e+00 5.269398e-01 1.030594e+00 9.219291e-01 5.526319e+00 2.194909e+00 6.026981e-01 7.266998e-01 2.624647e-01 4.966240e-01 1.000000e-02 7.580017e-02 4.256561e-02 5.545028e-02 1.649573e-01 5.084280e-01 4.527553e-01 7.555249e-01 1.939492e-01 9.474868e-02 2.836206e-01 1.594464e-01 8.703291e-02 1.000000e-02
<GCONST> 6.260630e+01
<STATE> 27
<MEAN> 39
 -1.084431e-01 -1.580292e+01 -5.980584e+00 -1.183013e+01 -2.414017e+01 -2.051610e+00 7.901380e+00 -1.231813e+00 4.102108e+00 3.125717e+00 9.986976e-01 -5.101221e+00 7.245424e-01 4.393854e-01 -2.410940e-03 1.274723e+00 4.588815e-01 -8.673393e-02 5.865033e-01 -1.886329e-01 -5.466014e-01 8.482388e-03 -4.466661e-01 -5.259401e-01 -8.919029e-02 -3.732215e-02 4.862382e-02 1.549397e-01 1.590339e-02 6.298762e-02 6.787747e-01 -1.372524e-01 5.808794e-02 -2.595692e-01 -1.208028e-01 3.193066e-01 -1.338107e-01 1.639137e-01 -5.483573e-03
<VARIANCE> 39
 6.725371e+00 7.882003e+00 1.827545e+01 1.868145e+01 1.557351e+01 1.113295e+01 3.657949e+01 7.525659e+00 8.926352e+00 5.716111e+00 1.563820e+01 2.256929e+01 1.000000e-02 7.427724e-01 3.247913e-01 7.348123e-01 1.010606e+00 3.299482e+00 2.924355e+00 2.938499e+00 1.787669e+00 4.702342e-01 1.393762e+00 1.826661e+00 1.153460e+00 1.000000e-02 1.124356e-01 1.399473e-01 2.237559e-01 1.847927e-01 2.514184e-01 1.406395e-01 6.251844e-01 1.571210e-01 1.337626e-01 1.287939e-01 1.238457e-01 9.298702e-02 1.000000e-02
<GCONST> 6.924052e+01
<STATE> 28
<MEAN> 39
 6.566784e-01 -1.452946e+01 -5.882430e+00 -8.497896e+00 -2.592582e+01 -2.859546e+00 8.612313e+00 -8.584181e-01 5.571873e+00 2.933164e+00 -1.537647e-01 -5.210268e+00 6.602933e-01 5.654914e-01 5.042909e-01 9.184653e-01 1.192293e-01 1.989790e+00 5.138788e-03 5.446605e-01 -7.031452e-01 -1.463681e-01 1.109642e-01 -6.937663e-02 -6.565630e-03 -5.373223e-02 -2.176361e-01 1.545739e-01 7.327179e-03 -2.778362e-02 1.037402e+00 -9.513519e-02 -1.570564e-01 -6.086966e-02 -3.355467e-01 -2.233978e-01 5.301546e-02 2.293970e-02 -9.267281e-03
<VARIANCE> 39
 5.480586e+00 1.204461e+01 3.789509e+01 1.581562e+01 2.197981e+01 1.738761e+01 2.441615e+01 1.951293e+01 1.650288e+01 8.344774e+00 4.084740e+00 3.183833e+01 1.000000e-02 6.583825e-01 9.503576e-01 1.244093e+00 1.108015e+00 4.336331e+00 1.148063e+00 1.556048e+00 9.996752e-01 1.230278e+00 8.290051e-01 1.141119e+00 5.597048e-01 1.000000e-02 2.040680e-01 1.551294e-01 5.435950e-01 1.869400e-01 4.575335e-01 3.521037e-01 3.144885e-01 1.111420e-01 2.887632e-01 2.904178e-01 2.499863e-01 4.355225e-01 1.000000e-02
<GCONST> 7.620808e+01
<STATE> 29
<MEAN> 39
 7.403615e-01 -1.291964e+01 -2.833040e+00 -1.128831e+01 -1.915571e+01 -5.410258e-01 9.835669e+00 -2.023597e+00 4.029606e+00 2.773314e+00 6.060810e-01 -5.007293e+00 5.558421e-01 -2.176972e-01 8.493662e-01 6.165522e-01 1.295504e-01 3.153572e+00 -5.322856e-01 -1.189874e-01 -7.291025e-01 -1.532143e+00 -8.787147e-01 4.185507e-01 -1.502672e-01 -6.378637e-02 -1.692366e-01 -1.831320e-01 -2.153886e-02 2.714261e-01 2.178818e-01 -4.162729e-01 -9.494223e-02 2.392243e-01 -3.196601e-01 -3.385304e-01 -2.342851e-01 8.964315e-02 -2.397636e-03
<VARIANCE> 39
 1.530829e+00 4.375707e+00 1.133786e+01 8.103468e+00 4.026620e+01 1.141536e+01 2.590430e+01 7.061232e+00 2.335935e+00 1.653775e+01 1.019886e+01 1.306345e+01 1.520185e-02 7.128094e-01 1.683043e+00 4.388740e+00 8.305764e-01 3.141024e+00 2.032583e+00 6.887602e-01 1.172061e-01 3.160590e+00 7.663811e-01 1.148819e+00 1.700885e+00 1.000000e-02 1.481548e-01 1.204077e-01 1.598377e-01 2.422008e-01 2.691402e-01 3.945759e-01 1.580689e-01 1.810092e-01 2.825535e-01 2.127993e-01 2.910290e-01 4.886870e-02 1.000000e-02
<GCONST> 6.681709e+01
<STATE> 30
<MEAN> 39
 1.988514e-01 -1.231623e+01 -2.819062e+00 -9.044190e+00 -1.331432e+01 -3.961225e+00 8.105432e+00 -3.851650e+00 1.804631e+00 1.055090e+00 1.186782e+00 -6.243147e+00 4.183312e-01 -5.296208e-01 3.189796e-01 9.899785e-01 8.684445e-01 3.059554e+00 -6.595855e-01 3.533494e-02 7.045785e-02 -1.556602e+00 -1.652206e+00 -1.057692e+00 4.233289e-01 -7.283936e-02 -9.406727e-02 -8.070292e-02 -2.874858e-01 7.819480e-02 -5.381446e-01 2.062739e-02 -3.635161e-02 5.017381e-01 1.853597e-01 1.430798e-01 -2.282065e-01 1.129600e-01 1.011499e-02
<VARIANCE> 39
 9.146339e+00 3.214559e+00 6.427262e+00 7.774899e+00 2.668525e+01 6.947163e+00 4.146254e+01 2.491824e+01 2.503974e+01 1.203919e+01 5.884563e+00 3.635366e+00 1.288214e-02 8.305613e-01 6.027609e-01 1.090726e+00 1.053390e+00 2.655173e+00 2.148729e+00 1.474028e+00 5.048419e-01 1.581175e+00 6.821830e-01 6.146905e-01 1.167884e+00 1.000000e-02 1.365184e-01 2.729804e-01 6.037451e-01 2.760350e-01 2.010853e-01 1.198577e-01 2.264582e-01 2.578923e-01 6.543419e-01 2.309649e-01 1.787833e-01 1.940899e-01 1.000000e-02
<GCONST> 7.008109e+01
<STATE> 31
<MEAN> 39
 -3.933035e-01 -1.254812e+01 -3.358959e-01 -7.915398e+00 -1.228540e+01 -4.352669e+00 9.682247e+00 -2.460940e+00 -1.048595e+00 -2.746145e+00 -2.925391e+00 -4.109982e+00 3.629596e-01 -9.773905e-02 -9.405613e-02 5.114945e-01 7.808439e-01 1.813030e+00 -5.619614e-01 2.894253e-01 1.296110e+00 -3.899164e-01 -3.009866e-01 -1.028548e+00 2.931842e-02 -3.750201e-02 1.451739e-01 2.081044e-02 -3.972720e-01 -2.255890e-01 -3.502764e-01 3.508465e-01 -6.421827e-02 2.020120e-01 6.286621e-01 5.655389e-01 3.847308e-01 -4.602573e-02 1.301625e-02
<VARIANCE> 39
 6.703837e+00 1.569366e+01 5.628465e+00 9.763015e+00 5.217910e+01 1.584243e+01 1.291689e+01 1.377719e+01 2.671520e+01 7.425803e+00 9.755921e+00 1.148971e+00 3.276130e-02 7.592195e-01 9.917870e-01 1.009046e+00 2.077419e+00 4.977162e-01 1.070330e+00 1.150322e+00 3.109342e+00 2.602057e+00 8.787668e-01 9.096895e-01 3.338664e-01 1.000000e-02 9.178869e-02 1.879749e-01 1.723286e-01 3.967602e-01 6.826454e-01 4.773359e-01 1.974254e-01 1.870247e-01 5.957895e-01 2.641343e-01 2.556905e-01 1.237060e-01 1.000000e-02
<GCONST> 7.158761e+01
<STATE> 32
<MEAN> 39
 -7.585632e-01 -1.366002e+01 -1.592948e+00 -6.721747e+00 -8.343951e+00 -4.654640e+00 7.976161e+00 -2.100911e+00 -9.644719e-01 -2.210681e-01 -1.764787e+00 -5.356532e+00 3.081497e-01 -9.918167e-02 5.302425e-01 -7.137870e-01 9.241430e-02 1.590559e+00 -8.866407e-02 -5.080515e-01 4.226752e-01 3.468664e-01 5.582000e-01 5.253488e-01 4.143848e-01 -2.580748e-02 1.871196e-02 2.946869e-01 -2.170517e-01 -3.519745e-01 -3.760535e-01 2.101179e-01 1.506111e-02 -2.265749e-01 3.824990e-01 2.826234e-01 4.007506e-01 -3.390056e-02 9.478095e-03
<VARIANCE> 39
 7.114391e+00 1.699228e+01 2.043689e+00 1.155619e+01 4.152969e+01 5.141249e+00 1.997513e+01 9.585040e+00 7.765069e+00 7.202073e+00 6.774562e+00 1.083241e+01 2.504713e-02 3.950177e-01 3.556455e-01 2.405960e-01 1.990208e+00 2.964731e+00 6.053613e-01 6.790345e-01 1.312516e+00 8.858485e-01 1.163999e+00 8.123496e-01 4.445702e-01 1.000000e-02 1.487440e-01 1.346702e-01 7.748883e-02 2.346200e-01 3.613014e-01 2.620859e-01 3.086776e-01 5.090781e-01 5.439704e-01 9.810770e-02 1.974808e-01 1.570222e-01 1.000000e-02
<GCONST> 6.392806e+01
<STATE> 33
<MEAN> 39
 8.857604e-02 -1.058646e+01 -3.409111e+00 -8.862292e+00 -6.830529e+00 -3.602875e+00 8.947438e+00 -6.525484e-02 1.536797e+00 2.811522e-01 -8.645293e-01 -3.423336e+00 3.191877e-01 -2.268648e-01 8.415582e-01 -4.275527e-01 -2.652989e-01 1.027118e+00 4.920554e-01 2.217482e-01 2.129359e-01 8.952363e-01 4.186034e-01 3.489595e-01 -1.111143e-01 -1.540440e-02 -1.938992e-01 -1.058576e-01 2.175610e-01 2.290431e-01 -3.733676e-01 -1.273626e-01 -1.759546e-01 -3.615458e-01 -1.542515e-03 -3.951238e-02 1.311179e-01 -2.503088e-01 -3.131139e-03
<VARIANCE> 39
 7.884181e+00 8.951184e+00 2.723318e+00 8.763091e+00 7.930870e+00 2.309534e+00 4.830260e+00 1.653986e+01 3.438556e+00 1.031945e+01 3.551439e+00 5.384407e+00 1.000000e-02 2.062815e-01 4.259578e-01 2.903406e-01 7.197940e-01 2.402334e+00 4.529087e-01 2.110352e+00 1.812257e+00 1.437600e+00 1.214185e+00 1.050878e+00 6.489929e-01 1.000000e-02 6.544607e-02 4.294927e-02 3.993658e-02 2.010169e-01 1.112883e-01 1.021349e-01 1.862570e-01 3.914036e-01 1.772536e-01 2.600706e-01 3.044209e-01 1.357721e-01 1.000000e-02
<GCONST> 5.264396e+01
<STATE> 34
<MEAN> 39
 -1.024776e+00 -9.467966e+00 -2.790668e+00 -7.354260e+00 -5.332627e+00 -4.709632e+00 9.092260e+00 -6.579241e-01 1.637996e+00 8.317941e-01 -2.297021e-01 -5.571041e+00 2.430314e-01 -5.836782e-01 3.540361e-01 3.011628e-01 5.599799e-01 4.204371e-01 -5.683299e-01 -1.041968e+00 -7.355871e-01 7.139073e-02 2.757120e-01 7.617620e-01 -3.990625e-01 -2.696919e-02 -1.189091e-01 -2.196805e-01 3.033641e-01 2.304091e-01 -1.654915e-01 -7.925376e-02 -1.796926e-01 -2.173319e-02 -2.582448e-01 -2.238529e-01 4.947960e-02 2.870507e-01 -4.633904e-03
<VARIANCE> 39
 3.238947e+00 2.847033e+00 4.092134e+00 4.291838e+00 4.749996e+00 7.419717e+00 9.283490e+00 6.005938e+00 4.283171e+00 1.465217e+01 1.137522e+01 6.014454e+00 1.000000e-02 5.183321e-01 4.906492e-01 4.366292e-01 8.914640e-01 7.514978e-01 6.922991e-01 8.806118e-01 6.803431e-01 3.642077e-01 1.276055e+00 1.339375e+00 7.140929e-01 1.000000e-02 7.463490e-02 3.665882e-02 3.264907e-02 8.077317e-02 3.255604e-01 1.577587e-01 2.542413e-01 2.919470e-01 2.661796e-01 6.291541e-01 1.815389e-01 7.375987e-02 1.000000e-02
<GCONST> 5.109888e+01
<STATE> 35
<MEAN> 39
 -2.416218e+00 -9.694497e+00 -1.747546e+00 -5.460642e+00 -5.000151e+00 -4.891519e+00 6.044193e+00 -2.722199e+00 1.750131e+00 6.528434e-01 3.109891e-01 -5.213370e+00 1.963396e-01 -7.206504e-01 1.269674e-01 4.899652e-01 6.622132e-01 5.616300e-02 -1.712738e-01 -6.722313e-01 2.252512e-02 6.576365e-02 -7.644899e-01 6.981444e-01 6.893365e-01 -3.550295e-02 -3.293998e-02 -1.224030e-01 -4.774313e-03 -5.872333e-02 1.097416e-01 7.044117e-02 1.482851e-01 3.337835e-01 -1.325181e-01 -3.225139e-01 -1.383384e-01 4.351299e-01 1.048265e-03
<VARIANCE> 39
 3.397627e+00 2.276583e+00 7.799607e+00 9.673321e+00 4.513677e+00 1.265638e+01 4.957491e+00 1.416265e+01 6.364225e+00 1.310428e+01 1.230072e+01 7.657499e+00 1.000000e-02 7.253000e-01 5.968115e-01 2.118321e-01 2.965524e-01 7.307023e-01 9.072290e-01 2.703424e-01 1.021505e+00 8.040544e-01 3.057546e+00 3.667656e-01 8.381182e-01 1.000000e-02 2.895857e-02 1.548540e-02 8.909638e-02 1.043609e-01 8.411957e-02 1.784947e-01 2.103397e-01 3.745047e-01 8.418255e-02 1.219176e-01 2.099875e-01 1.904687e-01 1.000000e-02
<GCONST> 4.898811e+01
<STATE> 36
<MEAN> 39
 -3.618302e+00 -9.062456e+00 -1.420573e+00 -6.374721e+00 -4.697917e+00 -5.190662e+00 7.212443e+00 -4.944443e-01 1.790740e+00 -5.544892e-02 2.181872e+00 -2.973495e+00 1.362855e-01 -7.886597e-01 -1.101357e-01 6.988363e-01 6.580648e-01 7.400144e-01 1.402168e-01 -2.407056e-01 7.440949e-01 -3.771002e-01 -8.893498e-01 -1.381376e-01 9.631214e-01 -3.367259e-02 1.491320e-01 2.701098e-02 -1.475859e-03 9.179368e-02 1.391243e-01 -2.986668e-02 -5.682950e-02 -3.698176e-02 -6.803377e-04 1.812550e-02 -2.397884e-01 -2.322351e-01 6.018924e-03
<VARIANCE> 39
 3.428652e+00 3.854441e+00 4.699265e+00 3.467761e+00 6.372118e+00 9.087539e+00 1.912250e+00 2.489564e+00 4.136542e+00 1.220322e+01 2.794810e+00 5.388889e+00 1.000000e-02 2.400043e-01 1.101269e-01 2.890740e-01 1.793368e-01 5.300742e-01 6.094354e-01 3.997925e-01 2.075442e+00 1.019468e+00 9.382572e-01 4.110433e-01 7.694325e-01 1.000000e-02 1.131639e-01 6.275529e-02 4.735752e-02 2.156768e-02 7.471840e-02 1.661659e-01 6.748353e-02 1.027894e-01 3.468683e-02 3.374581e-01 1.077868e-01 2.419733e-01 1.000000e-02
<GCONST> 3.709391e+01
<STATE> 37
<MEAN> 39
 -4.542890e+00 -9.749907e+00 9.135402e-01 -3.594108e+00 -3.056086e+00 -4.708504e+00 3.799485e+00 7.567116e-01 -1.022830e-01 -3.482514e+00 6.823922e-01 -7.312698e-01 9.051034e-02 -3.136933e-01 -9.520006e-02 2.529105e-01 5.224465e-01 5.371090e-01 -2.285081e-01 -6.940323e-01 -8.805393e-02 -3.119807e-01 -4.819500e-01 -2.075867e-01 1.497580e-01 -1.325819e-02 2.971462e-01 2.388771e-01 -1.071356e-01 -6.132251e-02 -4.228448e-02 -6.598353e-02 3.801084e-02 -3.154367e-01 2.582674e-01 5.593777e-01 2.563046e-01 -4.063513e-01 1.171961e-02
<VARIANCE> 39
 1.945979e+00 2.204110e+00 2.418993e+00 2.947490e+00 1.151726e+01 3.831237e+00 4.999652e+00 5.605161e+00 9.602708e+00 2.199339e+01 1.562528e+01 6.658576e+00 1.000000e-02 7.833068e-02 1.013295e-01 4.963477e-01 2.739605e-01 2.362238e-01 4.125248e-01 3.758785e-01 5.231182e-02 5.603228e-01 4.649192e-01 9.682730e-01 1.169731e+00 1.000000e-02 3.659087e-02 5.672278e-02 5.446017e-02 4.608622e-02 2.398170e-01 1.204272e-02 1.177955e-01 2.264042e-01 9.420217e-02 1.877147e-01 8.883812e-02 1.368301e-01 1.000000e-02
<GCONST> 3.400869e+01
<TRANSP> 38
 0.000000e+00 1.000000e+00 0.000000e+00 0.000000e+00 0.000000e+00 0.000000e+00 0.000000e+00 0.000000e+00 0.000000e+00 0.000000e+00 0.000000e+00 0.000000e+00 0.000000e+00 0.000000e+00 0.000000e+00 0.000000e+00 0.000000e+00 0.000000e+00 0.000000e+00 0.000000e+00 0.000000e+00 0.000000e+00 0.000000e+00 0.000000e+00 0.000000e+00 0.000000e+00 0.000000e+00 0.000000e+00 0.000000e+00 0.000000e+00 0.000000e+00 0.000000e+00 0.000000e+00 0.000000e+00 0.000000e+00 0.000000e+00 0.000000e+00 0.000000e+00
 0.000000e+00 5.000000e-01 5.000000e-01 0.000000e+00 0.000000e+00 0.000000e+00 0.000000e+00 0.000000e+00 0.000000e+00 0.000000e+00 0.000000e+00 0.000000e+00 0.000000e+00 0.000000e+00 0.000000e+00 0.000000e+00 0.000000e+00 0.000000e+00 0.000000e+00 0.000000e+00 0.000000e+00 0.000000e+00 0.000000e+00 0.000000e+00 0.000000e+00 0.000000e+00 0.000000e+00 0.000000e+00 0.000000e+00 0.000000e+00 0.000000e+00 0.000000e+00 0.000000e+00 0.000000e+00 0.000000e+00 0.000000e+00 0.000000e+00 0.000000e+00
 0.000000e+00 0.000000e+00 3.750000e-01 6.250000e-01 0.000000e+00 0.000000e+00 0.000000e+00 0.000000e+00 0.000000e+00 0.000000e+00 0.000000e+00 0.000000e+00 0.000000e+00 0.000000e+00 0.000000e+00 0.000000e+00 0.000000e+00 0.000000e+00 0.000000e+00 0.000000e+00 0.000000e+00 0.000000e+00 0.000000e+00 0.000000e+00 0.000000e+00 0.000000e+00 0.000000e+00 0.000000e+00 0.000000e+00 0.000000e+00 0.000000e+00 0.000000e+00 0.000000e+00 0.000000e+00 0.000000e+00 0.000000e+00 0.000000e+00 0.000000e+00
 0.000000e+00 0.000000e+00 0.000000e+00 3.750000e-01 6.250000e-01 0.000000e+00 0.000000e+00 0.000000e+00 0.000000e+00 0.000000e+00 0.000000e+00 0.000000e+00 0.000000e+00 0.000000e+00 0.000000e+00 0.000000e+00 0.000000e+00 0.000000e+00 0.000000e+00 0.000000e+00 0.000000e+00 0.000000e+00 0.000000e+00 0.000000e+00 0.000000e+00 0.000000e+00 0.000000e+00 0.000000e+00 0.000000e+00 0.000000e+00 0.000000e+00 0.000000e+00 0.000000e+00 0.000000e+00 0.000000e+00 0.000000e+00 0.000000e+00 0.000000e+00
 0.000000e+00 0.000000e+00 0.000000e+00 0.000000e+00 3.750000e-01 6.250000e-01 0.000000e+00 0.000000e+00 0.000000e+00 0.000000e+00 0.000000e+00 0.000000e+00 0.000000e+00 0.000000e+00 0.000000e+00 0.000000e+00 0.000000e+00 0.000000e+00 0.000000e+00 0.000000e+00 0.000000e+00 0.000000e+00 0.000000e+00 0.000000e+00 0.000000e+00 0.000000e+00 0.000000e+00 0.000000e+00 0.000000e+00 0.000000e+00 0.000000e+00 0.000000e+00 0.000000e+00 0.000000e+00 0.000000e+00 0.000000e+00 0.000000e+00 0.000000e+00
 0.000000e+00 0.000000e+00 0.000000e+00 0.000000e+00 0.000000e+00 5.000000e-01 5.000000e-01 0.000000e+00 0.000000e+00 0.000000e+00 0.000000e+00 0.000000e+00 0.000000e+00 0.000000e+00 0.000000e+00 0.000000e+00 0.000000e+00 0.000000e+00 0.000000e+00 0.000000e+00 0.000000e+00 0.000000e+00 0.000000e+00 0.000000e+00 0.000000e+00 0.000000e+00 0.000000e+00 0.000000e+00 0.000000e+00 0.000000e+00 0.000000e+00 0.000000e+00 0.000000e+00 0.000000e+00 0.000000e+00 0.000000e+00 0.000000e+00 0.000000e+00
 0.000000e+00 0.000000e+00 0.000000e+00 0.000000e+00 0.000000e+00 0.000000e+00 2.857143e-01 7.142857e-01 0.000000e+00 0.000000e+00 0.000000e+00 0.000000e+00 0.000000e+00 0.000000e+00 0.000000e+00 0.000000e+00 0.000000e+00 0.000000e+00 0.000000e+00 0.000000e+00 0.000000e+00 0.000000e+00 0.000000e+00 0.000000e+00 0.000000e+00 0.000000e+00 0.000000e+00 0.000000e+00 0.000000e+00 0.000000e+00 0.000000e+00 0.000000e+00 0.000000e+00 0.000000e+00 0.000000e+00 0.000000e+00 0.000000e+00 0.000000e+00
 0.000000e+00 0.000000e+00 0.000000e+00 0.000000e+00 0.000000e+00 0.000000e+00 0.000000e+00 1.666667e-01 8.333333e-01 0.000000e+00 0.000000e+00 0.000000e+00 0.000000e+00 0.000000e+00 0.000000e+00 0.000000e+00 0.000000e+00 0.000000e+00 0.000000e+00 0.000000e+00 0.000000e+00 0.000000e+00 0.000000e+00 0.000000e+00 0.000000e+00 0.000000e+00 0.000000e+00 0.000000e+00 0.000000e+00 0.000000e+00 0.000000e+00 0.000000e+00 0.000000e+00 0.000000e+00 0.000000e+00 0.000000e+00 0.000000e+00 0.000000e+00
 0.000000e+00 0.000000e+00 0.000000e+00 0.000000e+00 0.000000e+00 0.000000e+00 0.000000e+00 0.000000e+00 3.750000e-01 6.250000e-01 0.000000e+00 0.000000e+00 0.000000e+00 0.000000e+00 0.000000e+00 0.000000e+00 0.000000e+00 0.000000e+00 0.000000e+00 0.000000e+00 0.000000e+00 0.000000e+00 0.000000e+00 0.000000e+00 0.000000e+00 0.000000e+00 0.000000e+00 0.000000e+00 0.000000e+00 0.000000e+00 0.000000e+00 0.000000e+00 0.000000e+00 0.000000e+00 0.000000e+00 0.000000e+00 0.000000e+00 0.000000e+00
 0.000000e+00 0.000000e+00 0.000000e+00 0.000000e+00 0.000000e+00 0.000000e+00 0.000000e+00 0.000000e+00 0.000000e+00 1.666667e-01 8.333333e-01 0.000000e+00 0.000000e+00 0.000000e+00 0.000000e+00 0.000000e+00 0.000000e+00 0.000000e+00 0.000000e+00 0.000000e+00 0.000000e+00 0.000000e+00 0.000000e+00 0.000000e+00 0.000000e+00 0.000000e+00 0.000000e+00 0.000000e+00 0.000000e+00 0.000000e+00 0.000000e+00 0.000000e+00 0.000000e+00 0.000000e+00 0.000000e+00 0.000000e+00 0.000000e+00 0.000000e+00
 0.000000e+00 0.000000e+00 0.000000e+00 0.000000e+00 0.000000e+00 0.000000e+00 0.000000e+00 0.000000e+00 0.000000e+00 0.000000e+00 4.444444e-01 5.555556e-01 0.000000e+00 0.000000e+00 0.000000e+00 0.000000e+00 0.000000e+00 0.000000e+00 0.000000e+00 0.000000e+00 0.000000e+00 0.000000e+00 0.000000e+00 0.000000e+00 0.000000e+00 0.000000e+00 0.000000e+00 0.000000e+00 0.000000e+00 0.000000e+00 0.000000e+00 0.000000e+00 0.000000e+00 0.000000e+00 0.000000e+00 0.000000e+00 0.000000e+00 0.000000e+00
 0.000000e+00 0.000000e+00 0.000000e+00 0.000000e+00 0.000000e+00 0.000000e+00 0.000000e+00 0.000000e+00 0.000000e+00 0.000000e+00 0.000000e+00 3.750000e-01 6.250000e-01 0.000000e+00 0.000000e+00 0.000000e+00 0.000000e+00 0.000000e+00 0.000000e+00 0.000000e+00 0.000000e+00 0.000000e+00 0.000000e+00 0.000000e+00 0.000000e+00 0.000000e+00 0.000000e+00 0.000000e+00 0.000000e+00 0.000000e+00 0.000000e+00 0.000000e+00 0.000000e+00 0.000000e+00 0.000000e+00 0.000000e+00 0.000000e+00 0.000000e+00
 0.000000e+00 0.000000e+00 0.000000e+00 0.000000e+00 0.000000e+00 0.000000e+00 0.000000e+00 0.000000e+00 0.000000e+00 0.000000e+00 0.000000e+00 0.000000e+00 3.750000e-01 6.250000e-01 0.000000e+00 0.000000e+00 0.000000e+00 0.000000e+00 0.000000e+00 0.000000e+00 0.000000e+00 0.000000e+00 0.000000e+00 0.000000e+00 0.000000e+00 0.000000e+00 0.000000e+00 0.000000e+00 0.000000e+00 0.000000e+00 0.000000e+00 0.000000e+00 0.000000e+00 0.000000e+00 0.000000e+00 0.000000e+00 0.000000e+00 0.000000e+00
 0.000000e+00 0.000000e+00 0.000000e+00 0.000000e+00 0.000000e+00 0.000000e+00 0.000000e+00 0.000000e+00 0.000000e+00 0.000000e+00 0.000000e+00 0.000000e+00 0.000000e+00 3.750000e-01 6.250000e-01 0.000000e+00 0.000000e+00 0.000000e+00 0.000000e+00 0.000000e+00 0.000000e+00 0.000000e+00 0.000000e+00 0.000000e+00 0.000000e+00 0.000000e+00 0.000000e+00 0.000000e+00 0.000000e+00 0.000000e+00 0.000000e+00 0.000000e+00 0.000000e+00 0.000000e+00 0.000000e+00 0.000000e+00 0.000000e+00 0.000000e+00
 0.000000e+00 0.000000e+00 0.000000e+00 0.000000e+00 0.000000e+00 0.000000e+00 0.000000e+00 0.000000e+00 0.000000e+00 0.000000e+00 0.000000e+00 0.000000e+00 0.000000e+00 0.000000e+00 3.750000e-01 6.250000e-01 0.000000e+00 0.000000e+00 0.000000e+00 0.000000e+00 0.000000e+00 0.000000e+00 0.000000e+00 0.000000e+00 0.000000e+00 0.000000e+00 0.000000e+00 0.000000e+00 0.000000e+00 0.000000e+00 0.000000e+00 0.000000e+00 0.000000e+00 0.000000e+00 0.000000e+00 0.000000e+00 0.000000e+00 0.000000e+00
 0.000000e+00 0.000000e+00 0.000000e+00 0.000000e+00 0.000000e+00 0.000000e+00 0.000000e+00 0.000000e+00 0.000000e+00 0.000000e+00 0.000000e+00 0.000000e+00 0.000000e+00 0.000000e+00 0.000000e+00 2.857143e-01 7.142857e-01 0.000000e+00 0.000000e+00 0.000000e+00 0.000000e+00 0.000000e+00 0.000000e+00 0.000000e+00 0.000000e+00 0.000000e+00 0.000000e+00 0.000000e+00 0.000000e+00 0.000000e+00 0.000000e+00 0.000000e+00 0.000000e+00 0.000000e+00 0.000000e+00 0.000000e+00 0.000000e+00 0.000000e+00
 0.000000e+00 0.000000e+00 0.000000e+00 0.000000e+00 0.000000e+00 0.000000e+00 0.000000e+00 0.000000e+00 0.000000e+00 0.000000e+00 0.000000e+00 0.000000e+00 0.000000e+00 0.000000e+00 0.000000e+00 0.000000e+00 3.750000e-01 6.250000e-01 0.000000e+00 0.000000e+00 0.000000e+00 0.000000e+00 0.000000e+00 0.000000e+00 0.000000e+00 0.000000e+00 0.000000e+00 0.000000e+00 0.000000e+00 0.000000e+00 0.000000e+00 0.000000e+00 0.000000e+00 0.000000e+00 0.000000e+00 0.000000e+00 0.000000e+00 0.000000e+00
 0.000000e+00 0.000000e+00 0.000000e+00 0.000000e+00 0.000000e+00 0.000000e+00 0.000000e+00 0.000000e+00 0.000000e+00 0.000000e+00 0.000000e+00 0.000000e+00 0.000000e+00 0.000000e+00 0.000000e+00 0.000000e+00 0.000000e+00 3.750000e-01 6.250000e-01 0.000000e+00 0.000000e+00 0.000000e+00 0.000000e+00 0.000000e+00 0.000000e+00 0.000000e+00 0.000000e+00 0.000000e+00 0.000000e+00 0.000000e+00 0.000000e+00 0.000000e+00 0.000000e+00 0.000000e+00 0.000000e+00 0.000000e+00 0.000000e+00 0.000000e+00
 0.000000e+00 0.000000e+00 0.000000e+00 0.000000e+00 0.000000e+00 0.000000e+00 0.000000e+00 0.000000e+00 0.000000e+00 0.000000e+00 0.000000e+00 0.000000e+00 0.000000e+00 0.000000e+00 0.000000e+00 0.000000e+00 0.000000e+00 0.000000e+00 3.750000e-01 6.250000e-01 0.000000e+00 0.000000e+00 0.000000e+00 0.000000e+00 0.000000e+00 0.000000e+00 0.000000e+00 0.000000e+00 0.000000e+00 0.000000e+00 0.000000e+00 0.000000e+00 0.000000e+00 0.000000e+00 0.000000e+00 0.000000e+00 0.000000e+00 0.000000e+00
 0.000000e+00 0.000000e+00 0.000000e+00 0.000000e+00 0.000000e+00 0.000000e+00 0.000000e+00 0.000000e+00 0.000000e+00 0.000000e+00 0.000000e+00 0.000000e+00 0.000000e+00 0.000000e+00 0.000000e+00 0.000000e+00 0.000000e+00 0.000000e+00 0.000000e+00 3.750000e-01 6.250000e-01 0.000000e+00 0.000000e+00 0.000000e+00 0.000000e+00 0.000000e+00 0.000000e+00 0.000000e+00 0.000000e+00 0.000000e+00 0.000000e+00 0.000000e+00 0.000000e+00 0.000000e+00 0.000000e+00 0.000000e+00 0.000000e+00 0.000000e+00
 0.000000e+00 0.000000e+00 0.000000e+00 0.000000e+00 0.000000e+00 0.000000e+00 0.000000e+00 0.000000e+00 0.000000e+00 0.000000e+00 0.000000e+00 0.000000e+00 0.000000e+00 0.000000e+00 0.000000e+00 0.000000e+00 0.000000e+00 0.000000e+00 0.000000e+00 0.000000e+00 3.750000e-01 6.250000e-01 0.000000e+00 0.000000e+00 0.000000e+00 0.000000e+00 0.000000e+00 0.000000e+00 0.000000e+00 0.000000e+00 0.000000e+00 0.000000e+00 0.000000e+00 0.000000e+00 0.000000e+00 0.000000e+00 0.000000e+00 0.000000e+00
 0.000000e+00 0.000000e+00 0.000000e+00 0.000000e+00 0.000000e+00 0.000000e+00 0.000000e+00 0.000000e+00 0.000000e+00 0.000000e+00 0.000000e+00 0.000000e+00 0.000000e+00 0.000000e+00 0.000000e+00 0.000000e+00 0.000000e+00 0.000000e+00 0.000000e+00 0.000000e+00 0.000000e+00 3.750000e-01 6.250000e-01 0.000000e+00 0.000000e+00 0.000000e+00 0.000000e+00 0.000000e+00 0.000000e+00 0.000000e+00 0.000000e+00 0.000000e+00 0.000000e+00 0.000000e+00 0.000000e+00 0.000000e+00 0.000000e+00 0.000000e+00
 0.000000e+00 0.000000e+00 0.000000e+00 0.000000e+00 0.000000e+00 0.000000e+00 0.000000e+00 0.000000e+00 0.000000e+00 0.000000e+00 0.000000e+00 0.000000e+00 0.000000e+00 0.000000e+00 0.000000e+00 0.000000e+00 0.000000e+00 0.000000e+00 0.000000e+00 0.000000e+00 0.000000e+00 0.000000e+00 2.857143e-01 7.142857e-01 0.000000e+00 0.000000e+00 0.000000e+00 0.000000e+00 0.000000e+00 0.000000e+00 0.000000e+00 0.000000e+00 0.000000e+00 0.000000e+00 0.000000e+00 0.000000e+00 0.000000e+00 0.000000e+00
 0.000000e+00 0.000000e+00 0.000000e+00 0.000000e+00 0.000000e+00 0.000000e+00 0.000000e+00 0.000000e+00 0.000000e+00 0.000000e+00 0.000000e+00 0.000000e+00 0.000000e+00 0.000000e+00 0.000000e+00 0.000000e+00 0.000000e+00 0.000000e+00 0.000000e+00 0.000000e+00 0.000000e+00 0.000000e+00 0.000000e+00 3.750000e-01 6.250000e-01 0.000000e+00 0.000000e+00 0.000000e+00 0.000000e+00 0.000000e+00 0.000000e+00 0.000000e+00 0.000000e+00 0.000000e+00 0.000000e+00 0.000000e+00 0.000000e+00 0.000000e+00
 0.000000e+00 0.000000e+00 0.000000e+00 0.000000e+00 0.000000e+00 0.000000e+00 0.000000e+00 0.000000e+00 0.000000e+00 0.000000e+00 0.000000e+00 0.000000e+00 0.000000e+00 0.000000e+00 0.000000e+00 0.000000e+00 0.000000e+00 0.000000e+00 0.000000e+00 0.000000e+00 0.000000e+00 0.000000e+00 0.000000e+00 0.000000e+00 2.857143e-01 7.142857e-01 0.000000e+00 0.000000e+00 0.000000e+00 0.000000e+00 0.000000e+00 0.000000e+00 0.000000e+00 0.000000e+00 0.000000e+00 0.000000e+00 0.000000e+00 0.000000e+00
 0.000000e+00 0.000000e+00 0.000000e+00 0.000000e+00 0.000000e+00 0.000000e+00 0.000000e+00 0.000000e+00 0.000000e+00 0.000000e+00 0.000000e+00 0.000000e+00 0.000000e+00 0.000000e+00 0.000000e+00 0.000000e+00 0.000000e+00 0.000000e+00 0.000000e+00 0.000000e+00 0.000000e+00 0.000000e+00 0.000000e+00 0.000000e+00 0.000000e+00 4.444444e-01 5.555556e-01 0.000000e+00 0.000000e+00 0.000000e+00 0.000000e+00 0.000000e+00 0.000000e+00 0.000000e+00 0.000000e+00 0.000000e+00 0.000000e+00 0.000000e+00
 0.000000e+00 0.000000e+00 0.000000e+00 0.000000e+00 0.000000e+00 0.000000e+00 0.000000e+00 0.000000e+00 0.000000e+00 0.000000e+00 0.000000e+00 0.000000e+00 0.000000e+00 0.000000e+00 0.000000e+00 0.000000e+00 0.000000e+00 0.000000e+00 0.000000e+00 0.000000e+00 0.000000e+00 0.000000e+00 0.000000e+00 0.000000e+00 0.000000e+00 0.000000e+00 2.857143e-01 7.142857e-01 0.000000e+00 0.000000e+00 0.000000e+00 0.000000e+00 0.000000e+00 0.000000e+00 0.000000e+00 0.000000e+00 0.000000e+00 0.000000e+00
 0.000000e+00 0.000000e+00 0.000000e+00 0.000000e+00 0.000000e+00 0.000000e+00 0.000000e+00 0.000000e+00 0.000000e+00 0.000000e+00 0.000000e+00 0.000000e+00 0.000000e+00 0.000000e+00 0.000000e+00 0.000000e+00 0.000000e+00 0.000000e+00 0.000000e+00 0.000000e+00 0.000000e+00 0.000000e+00 0.000000e+00 0.000000e+00 0.000000e+00 0.000000e+00 0.000000e+00 4.444444e-01 5.555556e-01 0.000000e+00 0.000000e+00 0.000000e+00 0.000000e+00 0.000000e+00 0.000000e+00 0.000000e+00 0.000000e+00 0.000000e+00
 0.000000e+00 0.000000e+00 0.000000e+00 0.000000e+00 0.000000e+00 0.000000e+00 0.000000e+00 0.000000e+00 0.000000e+00 0.000000e+00 0.000000e+00 0.000000e+00 0.000000e+00 0.000000e+00 0.000000e+00 0.000000e+00 0.000000e+00 0.000000e+00 0.000000e+00 0.000000e+00 0.000000e+00 0.000000e+00 0.000000e+00 0.000000e+00 0.000000e+00 0.000000e+00 0.000000e+00 0.000000e+00 2.857143e-01 7.142857e-01 0.000000e+00 0.000000e+00 0.000000e+00 0.000000e+00 0.000000e+00 0.000000e+00 0.000000e+00 0.000000e+00
 0.000000e+00 0.000000e+00 0.000000e+00 0.000000e+00 0.000000e+00 0.000000e+00 0.000000e+00 0.000000e+00 0.000000e+00 0.000000e+00 0.000000e+00 0.000000e+00 0.000000e+00 0.000000e+00 0.000000e+00 0.000000e+00 0.000000e+00 0.000000e+00 0.000000e+00 0.000000e+00 0.000000e+00 0.000000e+00 0.000000e+00 0.000000e+00 0.000000e+00 0.000000e+00 0.000000e+00 0.000000e+00 0.000000e+00 3.750000e-01 6.250000e-01 0.000000e+00 0.000000e+00 0.000000e+00 0.000000e+00 0.000000e+00 0.000000e+00 0.000000e+00
 0.000000e+00 0.000000e+00 0.000000e+00 0.000000e+00 0.000000e+00 0.000000e+00 0.000000e+00 0.000000e+00 0.000000e+00 0.000000e+00 0.000000e+00 0.000000e+00 0.000000e+00 0.000000e+00 0.000000e+00 0.000000e+00 0.000000e+00 0.000000e+00 0.000000e+00 0.000000e+00 0.000000e+00 0.000000e+00 0.000000e+00 0.000000e+00 0.000000e+00 0.000000e+00 0.000000e+00 0.000000e+00 0.000000e+00 0.000000e+00 2.857143e-01 7.142857e-01 0.000000e+00 0.000000e+00 0.000000e+00 0.000000e+00 0.000000e+00 0.000000e+00
 0.000000e+00 0.000000e+00 0.000000e+00 0.000000e+00 0.000000e+00 0.000000e+00 0.000000e+00 0.000000e+00 0.000000e+00 0.000000e+00 0.000000e+00 0.000000e+00 0.000000e+00 0.000000e+00 0.000000e+00 0.000000e+00 0.000000e+00 0.000000e+00 0.000000e+00 0.000000e+00 0.000000e+00 0.000000e+00 0.000000e+00 0.000000e+00 0.000000e+00 0.000000e+00 0.000000e+00 0.000000e+00 0.000000e+00 0.000000e+00 0.000000e+00 2.857143e-01 7.142857e-01 0.000000e+00 0.000000e+00 0.000000e+00 0.000000e+00 0.000000e+00
 0.000000e+00 0.000000e+00 0.000000e+00 0.000000e+00 0.000000e+00 0.000000e+00 0.000000e+00 0.000000e+00 0.000000e+00 0.000000e+00 0.000000e+00 0.000000e+00 0.000000e+00 0.000000e+00 0.000000e+00 0.000000e+00 0.000000e+00 0.000000e+00 0.000000e+00 0.000000e+00 0.000000e+00 0.000000e+00 0.000000e+00 0.000000e+00 0.000000e+00 0.000000e+00 0.000000e+00 0.000000e+00 0.000000e+00 0.000000e+00 0.000000e+00 0.000000e+00 4.444444e-01 5.555556e-01 0.000000e+00 0.000000e+00 0.000000e+00 0.000000e+00
 0.000000e+00 0.000000e+00 0.000000e+00 0.000000e+00 0.000000e+00 0.000000e+00 0.000000e+00 0.000000e+00 0.000000e+00 0.000000e+00 0.000000e+00 0.000000e+00 0.000000e+00 0.000000e+00 0.000000e+00 0.000000e+00 0.000000e+00 0.000000e+00 0.000000e+00 0.000000e+00 0.000000e+00 0.000000e+00 0.000000e+00 0.000000e+00 0.000000e+00 0.000000e+00 0.000000e+00 0.000000e+00 0.000000e+00 0.000000e+00 0.000000e+00 0.000000e+00 0.000000e+00 3.750000e-01 6.250000e-01 0.000000e+00 0.000000e+00 0.000000e+00
 0.000000e+00 0.000000e+00 0.000000e+00 0.000000e+00 0.000000e+00 0.000000e+00 0.000000e+00 0.000000e+00 0.000000e+00 0.000000e+00 0.000000e+00 0.000000e+00 0.000000e+00 0.000000e+00 0.000000e+00 0.000000e+00 0.000000e+00 0.000000e+00 0.000000e+00 0.000000e+00 0.000000e+00 0.000000e+00 0.000000e+00 0.000000e+00 0.000000e+00 0.000000e+00 0.000000e+00 0.000000e+00 0.000000e+00 0.000000e+00 0.000000e+00 0.000000e+00 0.000000e+00 0.000000e+00 3.750000e-01 6.250000e-01 0.000000e+00 0.000000e+00
 0.000000e+00 0.000000e+00 0.000000e+00 0.000000e+00 0.000000e+00 0.000000e+00 0.000000e+00 0.000000e+00 0.000000e+00 0.000000e+00 0.000000e+00 0.000000e+00 0.000000e+00 0.000000e+00 0.000000e+00 0.000000e+00 0.000000e+00 0.000000e+00 0.000000e+00 0.000000e+00 0.000000e+00 0.000000e+00 0.000000e+00 0.000000e+00 0.000000e+00 0.000000e+00 0.000000e+00 0.000000e+00 0.000000e+00 0.000000e+00 0.000000e+00 0.000000e+00 0.000000e+00 0.000000e+00 0.000000e+00 3.750000e-01 6.250000e-01 0.000000e+00
 0.000000e+00 0.000000e+00 0.000000e+00 0.000000e+00 0.000000e+00 0.000000e+00 0.000000e+00 0.000000e+00 0.000000e+00 0.000000e+00 0.000000e+00 0.000000e+00 0.000000e+00 0.000000e+00 0.000000e+00 0.000000e+00 0.000000e+00 0.000000e+00 0.000000e+00 0.000000e+00 0.000000e+00 0.000000e+00 0.000000e+00 0.000000e+00 0.000000e+00 0.000000e+00 0.000000e+00 0.000000e+00 0.000000e+00 0.000000e+00 0.000000e+00 0.000000e+00 0.000000e+00 0.000000e+00 0.000000e+00 0.000000e+00 0.000000e+00 1.000000e+00
 0.000000e+00 0.000000e+00 0.000000e+00 0.000000e+00 0.000000e+00 0.000000e+00 0.000000e+00 0.000000e+00 0.000000e+00 0.000000e+00 0.000000e+00 0.000000e+00 0.000000e+00 0.000000e+00 0.000000e+00 0.000000e+00 0.000000e+00 0.000000e+00 0.000000e+00 0.000000e+00 0.000000e+00 0.000000e+00 0.000000e+00 0.000000e+00 0.000000e+00 0.000000e+00 0.000000e+00 0.000000e+00 0.000000e+00 0.000000e+00 0.000000e+00 0.000000e+00 0.000000e+00 0.000000e+00 0.000000e+00 0.000000e+00 0.000000e+00 0.000000e+00
<ENDHMM>
