~o
<STREAMINFO> 1 39
<VECSIZE> 39<NULLD><MFCC_E_D_A><DIAGC>
~h "Xoa"
<BEGINHMM>
<NUMSTATES> 33
<STATE> 2
<MEAN> 39
 -7.837972e+00 -8.348418e+00 -3.561877e+00 -4.945919e-01 6.831500e-01 -4.149380e+00 3.619590e+00 -7.064521e-01 2.488372e+00 -3.920281e+00 1.567632e+00 -2.563655e+00 -7.787769e-02 -1.266604e+00 1.722400e+00 -1.517091e+00 7.627335e-01 -6.294545e-03 -4.669183e-01 9.536272e-01 -5.466777e-01 4.057762e-01 -3.719965e-01 3.316145e-01 -3.947166e-01 2.313500e-02 -4.864694e-01 8.377121e-01 -5.112169e-01 2.164177e-01 -6.957626e-03 -1.695213e-01 2.082119e-01 -2.428347e-01 4.842819e-02 6.806250e-02 1.354024e-01 1.203450e-01 1.244760e-02
<VARIANCE> 39
 5.358322e+00 4.914229e+00 4.934299e+00 2.556435e+00 8.738136e+00 5.875384e+00 9.242030e+00 3.256269e+01 6.956996e+00 1.213572e+01 5.404829e+00 4.231853e+00 1.000000e-02 9.221192e-01 1.752221e+00 1.510332e+00 5.030437e-01 1.004169e+00 4.378409e-01 7.452820e-01 1.160959e+00 5.134396e-01 1.030788e+00 4.585614e-01 9.830833e-01 1.000000e-02 9.252105e-02 1.016231e-01 1.806660e-01 9.261422e-02 3.023763e-01 1.126501e-01 1.649386e-01 4.648130e-01 1.451510e-01 2.996268e-01 7.394163e-02 1.687142e-01 1.000000e-02
<GCONST> 5.645980e+01
<STATE> 3
<MEAN> 39
 -1.276145e+01 -1.727711e+00 -8.976351e+00 2.679193e+00 1.781238e+00 -6.505336e+00 6.785377e+00 -3.254624e+00 3.647555e+00 -4.533331e+00 3.672432e+00 -2.450488e+00 4.025913e-03 -2.490865e+00 3.154038e+00 -2.695702e+00 9.940210e-01 5.713025e-02 -6.768169e-01 9.525164e-01 -1.852480e-01 6.709688e-01 1.025551e-01 1.891313e-01 7.095982e-03 5.304916e-02 -5.843850e-02 9.442170e-03 -1.829890e-01 -2.144417e-01 -5.631953e-02 4.222598e-01 -4.015862e-01 1.854621e-01 -2.222484e-01 1.098906e-02 -1.057692e-01 -2.073365e-01 1.574881e-02
<VARIANCE> 39
 4.513936e+00 7.151384e+00 8.877287e+00 4.522586e+00 1.175417e+01 1.459789e+01 1.822640e+01 1.521736e+01 4.901618e+00 9.771786e+00 8.860744e+00 6.151644e+00 1.000000e-02 6.734048e-01 1.493222e+00 6.138039e-01 7.804139e-01 2.799822e+00 2.104393e+00 1.330311e+00 4.971012e+00 1.164327e+00 2.191384e+00 8.048258e-01 1.348835e+00 1.000000e-02 5.075378e-01 1.141517e-01 1.253343e-01 1.431246e-01 4.050762e-01 1.016930e-01 2.470835e-01 3.535404e-01 1.548174e-01 1.972730e-01 3.238973e-01 3.020124e-01 1.000000e-02
<GCONST> 6.930772e+01
<STATE> 4
<MEAN> 39
 -1.893845e+01 6.627387e+00 -1.574591e+01 3.520346e+00 2.971482e-01 -6.079275e+00 6.419272e+00 -2.909595e+00 5.581596e+00 -4.657143e+00 3.205290e+00 -3.430961e+00 2.084705e-01 -1.441310e+00 2.002100e+00 -2.471035e+00 1.463157e-01 -4.658289e-02 2.777456e-01 -3.579073e-01 -2.689742e-01 -2.170136e-01 -1.860173e-01 -1.333183e-01 -5.587493e-01 8.018949e-02 6.016270e-01 -9.773554e-01 5.539671e-01 -1.011900e-01 -1.765710e-02 -2.374884e-02 -3.513444e-01 1.044549e-01 -2.024501e-01 -1.393726e-01 6.158755e-02 1.561511e-01 -6.243225e-03
<VARIANCE> 39
 2.138236e+01 2.698442e+01 2.116211e+01 9.962849e+00 1.012908e+01 5.171175e+01 2.827098e+01 3.176092e+01 1.551781e+01 2.131624e+01 1.693868e+01 8.749595e+00 3.378474e-02 3.159406e+00 3.001095e+00 1.386606e+00 9.823323e-01 1.632748e+00 2.188206e+00 1.572994e+00 3.205463e+00 8.188503e-01 1.122515e+00 2.235782e+00 1.301236e+00 1.000000e-02 3.786473e-01 3.219180e-01 3.336153e-01 1.463251e-01 2.905674e-01 5.244094e-01 5.551223e-01 6.875030e-01 2.700019e-01 4.285879e-01 4.726515e-01 2.062253e-01 1.000000e-02
<GCONST> 8.862872e+01
<STATE> 5
<MEAN> 39
 -2.005651e+01 6.355991e+00 -1.882109e+01 3.855627e+00 2.255719e+00 -5.156017e+00 6.452334e+00 -3.904861e+00 3.165568e+00 -3.983996e+00 3.329337e+00 -4.182227e+00 3.280282e-01 -7.189244e-01 4.192144e-01 -6.533854e-01 6.495581e-01 -5.149769e-01 -9.519740e-01 -1.358258e+00 7.468763e-02 2.054571e-01 -3.760391e-01 7.001962e-01 2.978316e-02 6.208857e-02 6.205038e-01 -7.641518e-01 6.211313e-01 -2.315487e-01 -3.942321e-01 -5.818221e-01 -2.186626e-01 1.134848e-01 4.443949e-01 -3.309366e-02 -2.406764e-01 1.407524e-01 -3.642093e-03
<VARIANCE> 39
 4.559970e+01 2.636484e+01 2.328554e+01 2.061226e+01 2.045666e+01 1.964747e+01 1.077083e+01 3.183317e+01 1.607679e+01 1.055120e+01 1.301751e+01 1.191461e+01 2.871072e-02 4.680063e+00 2.098293e+00 1.817285e+00 7.802288e-01 2.772587e+00 2.592762e+00 3.026030e+00 4.238420e+00 1.783863e+00 2.712226e+00 2.082921e+00 5.576916e-01 1.000000e-02 9.739137e-01 4.240608e-01 6.265088e-01 4.614893e-01 3.372446e-01 3.321263e-01 4.754115e-01 4.258223e-01 2.357800e-01 3.833872e-01 4.249118e-01 3.143177e-01 1.000000e-02
<GCONST> 9.274878e+01
<STATE> 6
<MEAN> 39
 -2.169694e+01 9.553314e+00 -1.938742e+01 6.471460e+00 -1.601482e+00 -1.044344e+01 2.219500e+00 -5.388839e+00 5.531142e+00 -6.519881e+00 4.813827e+00 -3.236154e+00 4.420291e-01 1.192545e+00 -1.784762e+00 3.470266e-01 -1.156286e+00 -1.345566e+00 -1.111687e+00 -4.206819e-01 -2.327746e-01 1.174167e+00 -5.495839e-01 -9.976687e-01 4.971612e-01 2.921821e-02 1.485100e+00 -1.919684e+00 1.576567e-01 -1.741144e+00 1.329209e-01 2.444218e-01 2.705394e-01 4.548042e-01 9.599198e-02 3.078035e-01 -1.120059e+00 -1.949619e-01 8.763618e-03
<VARIANCE> 39
 4.497527e+01 1.771210e+01 6.786932e+00 2.462692e+01 4.055242e+01 1.852499e+01 5.668701e+00 1.934942e+01 1.066972e+01 4.046879e+01 7.260848e+00 1.086926e+01 1.480058e-02 4.940771e+00 4.320294e+00 4.980103e+00 6.235007e+00 1.765577e+00 3.204851e+00 1.501861e+00 2.787081e+00 6.007828e-01 2.591931e+00 1.800409e+00 2.136550e+00 1.000000e-02 4.094295e-01 4.090261e-01 2.022232e-01 2.164986e-01 1.056126e+00 4.621695e-01 3.977351e-01 8.437052e-01 1.824398e-01 8.031164e-01 3.226998e-01 3.032815e-01 1.000000e-02
<GCONST> 9.229073e+01
<STATE> 7
<MEAN> 39
 -1.271904e+01 -3.088930e+00 -1.601102e+01 -2.650671e+00 -3.444979e+00 -1.049931e+01 3.263035e+00 -2.331503e+00 7.927317e+00 -6.051539e+00 -1.733077e+00 -2.128110e+00 5.163671e-01 5.283670e+00 -7.187779e+00 -2.017082e-01 -5.618754e+00 5.263157e-01 -3.489661e-01 -3.833791e-01 1.813359e+00 6.979344e-01 8.118997e-01 -3.948763e+00 -9.930622e-01 1.039498e-01 2.805607e-01 -8.613293e-01 -3.227254e-01 -4.193508e-01 1.139284e+00 8.086796e-01 2.360256e-01 -1.379280e-01 -3.939569e-01 3.358011e-01 1.248204e-01 -5.873497e-01 1.736651e-02
<VARIANCE> 39
 9.336390e+01 6.410876e+01 3.910442e+01 5.829983e+01 8.535320e+00 4.689980e+01 1.674841e+01 3.801400e+01 6.404255e+00 1.173706e+01 4.259851e+01 1.803285e+01 2.205274e-02 1.918966e+00 2.154219e+00 2.006468e+00 8.669069e-01 6.017714e+00 3.384872e+00 1.705806e+00 2.453464e+00 1.818917e+00 2.729074e+00 1.185751e+00 2.870483e+00 1.000000e-02 1.801972e+00 1.147923e+00 1.081229e+00 1.365743e+00 2.459936e-01 6.905084e-01 2.093326e-01 5.545723e-01 3.661358e-01 2.647889e-01 1.092249e+00 3.324814e-01 1.000000e-02
<GCONST> 1.015830e+02
<STATE> 8
<MEAN> 39
 -1.202668e+00 -2.109331e+01 -1.995871e+01 -1.536092e+01 7.809888e-01 -8.774843e+00 3.109732e-01 1.262151e+00 9.560045e+00 -3.974885e+00 -9.199239e+00 -6.472395e+00 8.269634e-01 2.512948e+00 -5.208842e+00 -4.449295e-01 -2.598828e+00 2.831573e+00 1.896062e+00 5.460514e-01 -1.120548e+00 -1.155701e+00 1.465949e+00 -8.819544e-02 -1.699136e+00 9.737317e-02 -1.384462e+00 1.806715e+00 1.889699e-01 1.493845e+00 3.300911e-01 6.650041e-01 3.884650e-01 -1.116770e+00 -9.891831e-01 4.477377e-01 1.665210e+00 6.349777e-03 -2.255691e-02
<VARIANCE> 39
 1.666401e+01 2.643802e+01 1.380183e+01 1.620251e+01 4.347607e+01 3.012177e+01 1.308055e+01 2.000437e+01 3.478885e+01 1.062678e+01 1.636940e+01 2.422347e+01 1.000000e-02 6.271359e+00 5.031675e+00 3.872880e+00 4.754995e+00 2.653729e+00 2.234855e+00 8.525514e-01 2.774933e+00 5.053042e+00 1.323177e+00 4.870878e+00 9.782304e-01 1.000000e-02 3.215639e-01 4.353739e-01 2.568335e-01 1.270978e-01 9.743251e-01 3.516629e-01 2.505992e-01 2.226752e-01 8.024449e-01 1.587507e-01 2.855181e-01 4.804699e-01 1.000000e-02
<GCONST> 9.307491e+01
<STATE> 9
<MEAN> 39
 -3.497569e-01 -2.474042e+01 -2.019773e+01 -1.472182e+01 6.594212e+00 -4.372518e+00 5.191999e+00 -6.402367e+00 3.082150e+00 -1.228111e-01 -3.341603e+00 -1.035933e+01 9.272356e-01 2.422040e-01 -5.501018e-01 4.574646e-02 -3.835754e-01 2.035590e+00 2.358366e+00 1.297292e+00 -2.084769e+00 -2.567933e+00 2.205007e+00 2.326542e+00 -1.433503e+00 3.185640e-02 -5.651116e-01 1.398943e+00 1.111711e-01 3.345366e-01 -7.269056e-01 -1.326954e-02 -2.751722e-02 1.025795e-01 5.308761e-01 -2.122376e-01 8.577761e-02 6.727804e-01 -2.188876e-02
<VARIANCE> 39
 7.435851e+00 1.090775e+01 9.236458e+00 1.457682e+01 1.192356e+01 2.342070e+01 4.016494e+01 2.070863e+01 3.897632e+01 2.223211e+01 1.092540e+01 1.237879e+01 1.000000e-02 6.473556e-01 7.470124e-01 1.115389e+00 2.045480e+00 2.555717e+00 1.115472e+00 1.134979e+00 5.488974e-01 6.142173e+00 1.407050e+00 1.096959e+00 1.175919e+00 1.000000e-02 2.416028e-01 3.700471e-01 4.145226e-01 3.545883e-01 2.725155e-01 2.167700e-01 1.799757e-01 2.033545e-01 6.160972e-01 2.739352e-01 3.024824e-01 2.298931e-01 1.000000e-02
<GCONST> 7.935744e+01
<STATE> 10
<MEAN> 39
 1.002660e-01 -2.430886e+01 -1.947943e+01 -1.732310e+01 9.087728e+00 5.267870e-01 6.510134e+00 -7.580084e+00 7.085497e-02 4.265630e+00 -6.153127e-01 -1.075500e+01 9.641908e-01 -3.006325e-03 4.414999e-01 7.637671e-02 -3.703563e-01 1.921303e-01 1.992289e+00 4.915150e-01 -1.017561e+00 4.261107e-01 2.803887e-01 8.387975e-01 9.521627e-01 8.179941e-03 -1.497713e-02 7.090695e-02 -2.159270e-02 2.304296e-01 -4.692340e-01 -2.799142e-01 -2.828983e-01 3.436400e-01 5.506914e-01 -6.334016e-01 -4.815863e-01 3.320449e-01 -5.303411e-03
<VARIANCE> 39
 5.431176e+00 7.380025e+00 7.611514e+00 5.019145e+00 5.945320e+00 8.750542e+00 2.641858e+01 3.198494e+01 6.728334e+01 2.088426e+01 1.180054e+01 4.159921e+00 1.000000e-02 4.446158e-01 2.720529e-01 5.704769e-01 4.829977e-01 7.668203e-01 3.178563e-01 1.039839e+00 2.085198e-01 2.173214e+00 1.568537e+00 4.483193e-01 5.599274e-01 1.000000e-02 8.598042e-02 1.409723e-01 1.030106e-01 1.719569e-01 2.537955e-01 9.169699e-02 1.558987e-01 7.554512e-02 8.141637e-01 2.574980e-01 5.148107e-02 3.256383e-01 1.000000e-02
<GCONST> 5.823149e+01
<STATE> 11
<MEAN> 39
 -5.733886e-01 -2.481178e+01 -1.901329e+01 -1.724203e+01 8.598043e+00 5.111029e+00 4.892791e+00 -7.221383e+00 1.730595e+00 3.332023e+00 -1.403928e+00 -8.287040e+00 9.786841e-01 -2.293673e-01 -4.334219e-01 -1.253497e-01 2.595559e-01 -2.959846e-01 1.056648e+00 -6.244925e-01 -1.008928e-01 -2.477231e-01 -7.462274e-01 -3.132465e-01 2.224537e-01 2.779850e-03 -4.233751e-02 -2.058764e-01 3.103661e-02 1.148064e-01 8.654473e-02 -3.096231e-01 -1.645138e-01 1.610130e-01 -2.312642e-01 -1.403939e-01 -7.766566e-02 -1.258509e-01 -6.880975e-04
<VARIANCE> 39
 1.055691e+01 6.689329e+00 6.233370e+00 3.068697e+00 8.204350e+00 1.470824e+01 2.001959e+01 3.013992e+01 7.407404e+01 1.849316e+01 2.358639e+01 1.120961e+01 1.000000e-02 1.184235e-01 2.661675e-01 3.467722e-01 2.723574e-01 3.070651e-01 8.094420e-01 2.973056e-01 4.162085e-01 1.108399e+00 2.666325e-01 4.081295e-01 8.394026e-01 1.000000e-02 5.784036e-02 6.026434e-02 9.652519e-02 5.106672e-02 1.364732e-01 7.210318e-02 1.734075e-01 1.834861e-02 1.593659e-01 8.226762e-02 1.526902e-01 2.438787e-01 1.000000e-02
<GCONST> 4.850896e+01
<STATE> 12
<MEAN> 39
 -1.192228e-02 -2.499139e+01 -1.938741e+01 -1.563064e+01 8.587173e+00 6.666977e+00 5.058362e+00 -9.837492e+00 1.075606e+00 8.261347e-01 -8.247597e-01 -7.317367e+00 9.807563e-01 -9.116133e-02 -3.827374e-01 3.115773e-01 5.241822e-01 4.953124e-01 2.510174e-01 1.818104e-01 -1.280965e-01 8.337373e-02 -6.145356e-01 2.096697e-01 1.937419e-01 1.601168e-03 -1.026805e-01 -6.492773e-02 1.560000e-01 -2.277921e-02 1.735263e-01 -2.715029e-01 1.774637e-01 8.961596e-02 5.684558e-02 4.647050e-02 -1.179680e-01 -1.937777e-01 -2.006733e-03
<VARIANCE> 39
 1.486639e+01 1.250038e+01 1.155700e+01 8.335889e+00 1.142183e+01 5.064482e+00 2.437420e+01 4.183897e+01 5.597874e+01 1.783652e+01 1.341581e+01 8.480855e+00 1.000000e-02 2.003963e-01 1.279462e-01 5.399901e-01 3.899697e-01 3.398118e-01 8.989760e-01 4.385984e-01 4.908458e-01 6.709513e-01 2.505002e-01 4.859895e-01 8.022243e-01 1.000000e-02 1.919593e-02 5.657380e-02 4.406618e-02 7.686047e-02 5.718353e-02 1.222278e-01 1.084014e-01 1.188484e-01 1.434414e-02 4.311955e-02 6.301703e-02 5.581697e-02 1.000000e-02
<GCONST> 4.474508e+01
<STATE> 13
<MEAN> 39
 -2.294798e+00 -2.614677e+01 -1.837377e+01 -1.560639e+01 9.794431e+00 6.158917e+00 6.284213e+00 -1.036135e+01 2.857542e+00 -7.640931e-01 3.112155e-02 -7.955050e+00 9.810466e-01 -6.058054e-01 -6.584597e-01 3.789494e-01 1.666464e-01 3.189723e-01 -1.098352e-01 -3.010809e-01 -1.215937e-02 -2.593366e-01 -4.041181e-01 -6.771607e-01 -2.764357e-01 -3.446582e-03 2.180160e-02 1.529656e-02 -1.526929e-01 3.228007e-01 -1.835781e-01 -2.196492e-02 -2.732453e-01 1.288697e-02 -6.084004e-02 -1.766245e-01 -2.997647e-01 -4.640821e-02 -8.551455e-04
<VARIANCE> 39
 1.806403e+01 8.686577e+00 1.369323e+01 4.108188e+00 4.155290e+00 1.097935e+01 1.117154e+01 2.836810e+01 7.469963e+01 2.318145e+01 1.171796e+01 4.206228e+00 1.000000e-02 2.371700e-01 2.684308e-01 4.935615e-01 3.166830e-01 5.782002e-01 4.135649e-01 1.029768e+00 4.137136e-01 5.691753e-01 2.327134e-01 2.054577e-01 2.791952e-01 1.000000e-02 5.387532e-02 6.285726e-02 2.988162e-02 1.155560e-01 1.666117e-01 1.240018e-01 4.382185e-02 1.079969e-01 1.636839e-01 1.235281e-01 5.143642e-02 1.000618e-01 1.000000e-02
<GCONST> 4.634704e+01
<STATE> 14
<MEAN> 39
 -1.953716e+00 -2.760270e+01 -1.768560e+01 -1.309948e+01 1.026457e+01 6.106905e+00 3.981416e+00 -8.442870e+00 3.347788e-01 -1.140155e+00 -3.160697e+00 -8.288933e+00 9.695136e-01 -8.502597e-02 -5.048803e-01 -3.209193e-01 1.647891e+00 -2.082671e-01 7.039224e-02 -6.868525e-01 3.975918e-02 2.394090e-02 -1.275652e+00 -8.555579e-01 -1.973528e-01 -1.248807e-03 3.345253e-02 5.690195e-02 -2.279998e-01 2.287180e-01 -1.756395e-01 -1.246831e-01 -8.584184e-02 2.752318e-02 7.435528e-02 -2.700556e-01 1.807353e-01 -2.116819e-02 3.346929e-04
<VARIANCE> 39
 2.659844e+01 5.491507e+00 1.991989e+01 8.481488e+00 1.741471e+01 1.199721e+01 1.221313e+01 3.911460e+01 5.590728e+01 2.407704e+01 9.857109e+00 3.663243e+00 1.000000e-02 3.750218e-01 5.401556e-01 6.235960e-01 6.386247e-01 1.946874e+00 5.293692e-01 2.602132e-01 1.194603e+00 9.292851e-01 7.116854e-01 3.132605e-01 2.344773e-01 1.000000e-02 3.660915e-02 7.953858e-02 1.115154e-01 5.585141e-02 1.866113e-01 2.036554e-02 8.881959e-02 4.577373e-02 1.438262e-01 6.416924e-02 2.544370e-02 6.687436e-02 1.000000e-02
<GCONST> 5.054055e+01
<STATE> 15
<MEAN> 39
 -2.900640e+00 -2.893061e+01 -1.877630e+01 -9.684103e+00 9.952571e+00 6.810164e+00 2.789816e+00 -9.017197e+00 1.810808e+00 -5.316885e+00 -4.236564e+00 -8.657619e+00 9.735252e-01 -2.828516e-01 -1.136222e-01 -2.798025e-01 1.266157e+00 -2.718562e-01 -5.269251e-01 -7.102529e-01 2.429422e-01 9.183242e-02 -1.419142e+00 -1.202785e-01 -9.415872e-02 -3.550448e-03 7.808452e-02 2.280879e-01 2.894557e-01 -1.911627e-01 3.775387e-02 -2.856873e-01 -4.180510e-02 3.040353e-01 -1.008865e-01 4.486046e-02 1.204881e-01 2.563582e-01 -3.406761e-03
<VARIANCE> 39
 2.454396e+01 1.619836e+01 2.587515e+01 2.112370e+01 1.331371e+01 2.614537e+01 1.110294e+01 2.745932e+01 4.046630e+01 1.912764e+01 8.466861e+00 4.622112e+00 1.000000e-02 5.325948e-02 5.533444e-01 5.320511e-01 3.285776e-01 1.008729e+00 2.492943e-01 6.366362e-01 4.281628e-01 3.107862e-01 7.606241e-01 1.326322e-01 9.859213e-01 1.000000e-02 4.022044e-02 1.373321e-01 1.435474e-01 6.828452e-02 4.255986e-01 1.754133e-01 1.235499e-01 2.509575e-01 1.705160e-01 1.015648e-01 3.520665e-02 1.950423e-01 1.000000e-02
<GCONST> 5.568716e+01
<STATE> 16
<MEAN> 39
 -4.545157e+00 -2.766247e+01 -1.959770e+01 -6.620625e+00 7.426321e+00 4.230690e+00 5.528163e-01 -1.158854e+01 3.422700e+00 -1.014421e+01 -3.317679e+00 -1.062557e+01 9.458350e-01 2.782506e-01 1.419067e-01 8.767077e-01 1.041848e+00 1.680978e-01 -7.082590e-01 -1.118897e+00 1.335440e+00 -4.539651e-01 -5.726122e-01 -4.120944e-01 7.905296e-01 -1.274221e-02 2.322650e-01 -2.817715e-02 4.202125e-01 -2.978433e-01 1.531461e-01 1.257789e-01 2.940240e-02 6.505718e-01 -3.052390e-01 3.898500e-01 -3.476683e-02 6.094853e-01 -1.599831e-03
<VARIANCE> 39
 3.792464e+01 2.580730e+00 1.106001e+01 1.718628e+01 8.734343e+00 4.387323e+00 2.541956e+01 3.458687e+01 3.473188e+01 2.998179e+01 4.146227e+00 8.797848e+00 1.000000e-02 3.206180e-01 8.040726e-01 5.382998e-01 2.026342e-01 1.615705e+00 1.815687e+00 1.284762e+00 1.369443e+00 9.970274e-01 1.491964e+00 2.628569e-01 2.328829e+00 1.000000e-02 7.767989e-02 3.818785e-02 1.160918e-01 7.055894e-02 1.480271e-01 1.645968e-01 1.773499e-01 1.151902e-01 8.212310e-02 2.122483e-01 5.136000e-02 1.162709e-01 1.000000e-02
<GCONST> 5.923828e+01
<STATE> 17
<MEAN> 39
 -1.237414e+00 -2.796148e+01 -1.637302e+01 -6.351562e+00 1.041204e+01 1.373965e+00 7.122378e-02 -1.974252e+00 -1.305069e+00 -7.711358e+00 -4.600521e+00 -4.318662e+00 9.213027e-01 -1.645667e-01 -2.036021e-01 1.053031e+00 -3.806364e-01 1.543507e-01 -6.203316e-01 -6.590203e-01 1.812070e+00 -8.010990e-01 -5.888690e-01 1.378465e-01 1.421960e+00 -1.614394e-02 -2.291655e-01 -7.862835e-02 -8.227510e-02 -3.344760e-01 -3.600344e-02 4.305715e-02 4.816750e-02 -2.679781e-01 -2.054138e-02 4.454169e-02 7.558921e-02 -9.081307e-02 -4.338486e-03
<VARIANCE> 39
 1.297926e+01 3.906406e+00 1.519475e+01 1.364639e+01 9.952978e+00 2.522825e+01 1.899657e+01 3.721127e+01 3.784166e+01 7.534707e+00 1.373993e+01 1.419090e+01 1.000000e-02 1.037384e+00 3.373365e-01 5.498034e-01 8.236420e-01 1.693294e+00 1.597109e+00 2.289200e+00 1.754309e+00 1.156524e+00 1.160415e+00 6.397420e-01 9.128910e-01 1.000000e-02 9.263115e-02 7.054088e-02 7.644391e-02 9.451043e-02 2.668077e-01 2.701724e-01 3.173396e-01 3.236353e-01 1.398575e-01 1.747179e-01 1.354677e-01 1.873884e-01 1.000000e-02
<GCONST> 6.818188e+01
<STATE> 18
<MEAN> 39
 -4.816461e+00 -2.911149e+01 -1.335047e+01 -8.099373e+00 8.789652e+00 2.102507e+00 -4.630836e+00 -7.108156e-01 -3.617870e+00 -1.122082e+01 -4.809330e+00 -1.937971e+00 8.520100e-01 -8.400124e-01 3.860737e-01 3.571029e-01 -3.709439e-01 -1.014323e-01 -5.595806e-01 -4.923019e-01 5.470318e-01 -6.109938e-01 -3.175874e-02 -2.681184e-01 8.235049e-01 -3.736807e-02 1.011956e-01 7.005535e-02 -2.086651e-01 1.644655e-01 -2.795312e-01 1.129300e-01 3.246805e-01 -2.421464e-01 4.911864e-01 2.598693e-01 -5.896277e-02 -2.651974e-01 -7.881126e-03
<VARIANCE> 39
 8.308466e+00 8.823697e+00 4.517882e+00 1.741053e+01 3.812727e+01 5.716607e+01 3.456329e+01 5.918125e+00 5.658246e+00 1.945517e+01 7.509067e+00 1.223861e+01 1.000000e-02 7.397012e-01 1.071622e+00 2.631379e-01 8.233895e-01 1.103475e+00 1.259026e+00 2.181302e+00 2.881878e+00 1.423682e+00 2.217245e+00 6.056113e-01 4.631329e-01 1.000000e-02 5.589452e-01 2.381142e-01 1.915400e-01 4.092963e-01 7.867453e-01 7.125221e-01 2.162828e-01 1.598308e-01 1.938695e-01 2.838186e-01 1.075350e-01 1.202128e-01 1.000000e-02
<GCONST> 7.328014e+01
<STATE> 19
<MEAN> 39
 -6.907592e+00 -2.758328e+01 -1.226726e+01 -9.645759e+00 9.243159e+00 1.724351e+00 -4.103010e+00 1.335219e+00 -1.501647e+00 -1.041540e+01 -4.842824e+00 8.648488e-02 7.727377e-01 2.974388e-01 -4.425480e-01 2.547703e-01 -3.110664e-01 -7.848185e-01 -2.352715e-01 4.694445e-01 4.922532e-01 6.958436e-01 -1.332392e-01 -2.910693e-01 1.945664e-01 -4.959390e-02 6.350166e-01 -1.861661e-01 -2.341012e-01 4.997446e-01 -4.647279e-01 1.633292e-01 6.646525e-02 -7.076519e-01 1.870605e-01 -9.783978e-02 -2.079206e-01 -4.397265e-01 -3.574117e-03
<VARIANCE> 39
 1.848859e+01 7.750487e+00 5.247628e+00 2.544195e+01 2.577895e+01 3.974812e+01 2.714586e+01 6.499571e+00 1.254681e+01 3.651172e+00 6.177473e+00 1.848250e+01 1.000000e-02 2.042449e+00 1.110539e+00 1.007680e+00 2.521818e+00 2.468832e+00 1.299576e+00 3.026640e-01 1.504682e+00 6.362126e-01 6.893767e-01 1.434562e+00 5.145925e-01 1.000000e-02 4.870654e-01 2.744033e-01 1.051680e-01 2.951358e-01 1.495686e-01 3.865884e-01 2.421318e-01 4.624951e-01 1.496361e-01 2.995986e-01 2.375792e-01 1.155288e-01 1.000000e-02
<GCONST> 7.216607e+01
<STATE> 20
<MEAN> 39
 -2.316853e+00 -2.987241e+01 -1.315823e+01 -8.171103e+00 5.557646e+00 1.139781e+00 -2.213748e+00 3.753751e-01 -7.808852e-01 -9.923618e+00 -6.048985e+00 -1.078408e+00 6.652486e-01 1.168655e+00 -1.580429e-01 -6.317357e-01 1.353841e+00 -1.642597e+00 2.317712e-01 -1.597305e-01 -1.585494e+00 4.503947e-01 6.548036e-02 -4.920848e-01 -4.698104e-01 -4.630678e-02 4.671370e-02 3.715202e-01 -8.987517e-02 3.550795e-01 1.197367e-01 -2.964035e-02 -1.249929e-01 -4.000435e-01 1.991451e-02 1.727488e-01 1.666442e-01 1.122934e-01 2.039543e-03
<VARIANCE> 39
 1.352584e+01 3.675687e+00 1.493829e+01 8.724514e+00 1.059710e+01 1.906776e+01 3.343492e+01 1.661345e+01 1.636224e+01 5.359856e+00 2.352191e+01 5.456507e+00 1.516045e-02 3.929475e+00 9.227124e-01 6.536985e-01 2.413864e+00 1.230266e+00 3.944424e+00 1.657325e+00 1.917041e+00 1.167001e+00 1.347122e+00 9.587061e-01 6.426218e-01 1.000000e-02 2.578795e-01 1.303042e-01 2.089612e-01 3.475891e-01 2.372313e-01 2.333844e-01 1.712261e-01 6.478351e-01 1.520929e-01 1.053022e-01 2.814715e-01 1.005203e-01 1.000000e-02
<GCONST> 7.365153e+01
<STATE> 21
<MEAN> 39
 -6.249223e-01 -2.766198e+01 -1.509125e+01 -3.133444e+00 3.952999e+00 7.642456e-01 -1.765333e+00 -4.270685e+00 -1.035972e+00 -1.036895e+01 -6.901187e+00 -1.994082e+00 5.589558e-01 4.961016e-01 9.658031e-01 2.147362e-02 8.776311e-01 -4.289317e-01 -3.893268e-01 8.148451e-02 -1.063935e+00 3.562954e-01 3.483821e-01 2.173357e-01 6.198250e-01 -3.616907e-02 -5.770610e-02 1.381094e-01 7.116954e-02 -9.941424e-02 6.072319e-01 -4.341047e-02 2.127768e-01 3.124188e-01 3.623749e-03 3.073384e-01 2.930419e-01 1.583848e-01 1.021751e-03
<VARIANCE> 39
 2.187011e+01 3.364133e+00 3.963740e+00 1.480953e+01 9.521148e+00 3.162620e+01 2.088905e+01 2.752125e+01 1.321044e+01 1.828067e+01 4.917637e+00 4.384484e+00 1.108414e-02 6.274790e-01 4.617398e-01 5.308747e-01 6.366121e-01 6.725710e-01 3.948476e-01 7.374203e-01 3.036854e+00 6.535209e-01 1.082237e+00 1.069662e+00 4.357978e-01 1.000000e-02 6.941500e-01 1.509078e-01 1.014213e-01 3.791614e-01 1.468189e-01 6.047578e-01 2.455411e-01 5.293759e-01 3.574362e-01 3.631412e-01 4.184476e-02 1.306179e-01 1.000000e-02
<GCONST> 6.577468e+01
<STATE> 22
<MEAN> 39
 6.754320e-01 -2.652143e+01 -1.356180e+01 -3.061492e+00 3.386477e+00 1.795033e-01 -2.357316e+00 -5.696389e+00 1.343680e+00 -6.823002e+00 -4.715218e+00 1.136516e+00 4.979941e-01 1.144829e+00 6.441079e-01 -3.696157e-01 1.790611e+00 8.652883e-01 2.277455e-01 9.042524e-01 -2.052460e-01 4.841532e-01 9.521170e-01 7.461761e-01 -3.894144e-02 -4.310838e-02 -2.776845e-02 -1.391538e-01 -3.069073e-01 -8.948889e-02 2.519214e-01 -1.829052e-01 1.376250e-01 4.001155e-01 -1.985888e-01 -1.990233e-01 -2.149357e-05 -3.101083e-01 7.542764e-03
<VARIANCE> 39
 7.386659e+00 7.412748e+00 9.318812e+00 1.667329e+01 1.828587e+01 2.302385e+01 1.022437e+01 2.595368e+01 1.231312e+01 1.416401e+01 6.584709e+00 6.158418e+00 1.000000e-02 2.583184e+00 7.534828e-01 2.844546e-01 1.843784e+00 1.057651e+00 2.462225e+00 1.087914e+00 2.656994e+00 2.728835e+00 1.627468e+00 3.108531e-01 7.470880e-01 1.000000e-02 2.777137e-01 1.147116e-01 6.319790e-02 3.136983e-01 1.750861e-01 3.576893e-01 1.274805e-01 5.647737e-01 1.407438e-01 1.977379e-01 5.974079e-02 4.934312e-02 1.000000e-02
<GCONST> 6.729084e+01
<STATE> 23
<MEAN> 39
 2.422288e+00 -2.473441e+01 -1.622963e+01 8.941586e-01 7.650326e+00 -9.722086e-01 5.090418e-02 -4.216034e+00 8.215876e-01 -7.314335e+00 -3.678068e+00 -1.038114e+00 4.343701e-01 1.815352e-01 1.461664e-01 -8.373777e-01 2.281330e-02 3.004940e-01 -9.740902e-01 5.721978e-01 4.513625e-01 4.503440e-02 2.275494e-01 1.448798e-01 -1.471750e-01 -1.428880e-02 -3.140738e-01 -1.296698e-01 1.154727e-01 -4.740898e-01 -3.424823e-01 3.739088e-02 -1.969791e-01 1.028701e-01 9.544053e-02 -2.096386e-02 -2.418036e-01 1.032140e-01 3.785246e-03
<VARIANCE> 39
 4.938748e+00 4.326113e+00 7.649436e+00 4.308399e+00 4.520161e+00 1.697753e+01 3.617517e+00 1.034428e+01 1.428393e+01 1.174403e+01 4.249745e+00 1.255150e+01 1.000000e-02 5.122657e-01 2.279585e-01 9.099752e-01 3.768863e-01 1.102327e+00 1.362034e+00 1.709813e+00 1.411995e+00 1.460292e+00 1.230669e+00 3.552684e-01 5.760711e-01 1.000000e-02 2.400203e-01 7.870144e-02 1.069624e-01 1.939860e-01 7.174400e-02 2.823182e-01 2.454587e-01 4.540260e-01 6.642375e-01 3.326741e-01 7.891168e-02 2.136055e-01 1.000000e-02
<GCONST> 5.901971e+01
<STATE> 24
<MEAN> 39
 1.894158e+00 -2.558161e+01 -1.753028e+01 -1.035618e+00 5.753578e+00 -9.691078e-01 1.241834e+00 -3.951279e+00 1.059516e+00 -6.066607e+00 -3.802204e+00 3.232771e-01 4.026056e-01 -3.333096e-01 2.117870e-01 -1.815899e-01 -2.739920e-01 -7.674027e-02 3.244115e-01 5.717561e-02 2.456748e-01 3.632111e-01 6.187880e-01 1.216910e-03 -2.237896e-02 -1.805181e-02 -1.398404e-01 7.101391e-02 2.045111e-01 9.199469e-02 5.331395e-02 2.160290e-01 6.876979e-03 7.708982e-02 4.910672e-02 -3.207238e-02 9.590945e-02 -1.343653e-01 -3.510357e-04
<VARIANCE> 39
 4.150662e+00 4.955867e+00 7.502816e+00 4.425667e+00 3.472876e+00 1.426156e+01 2.069745e+01 4.372372e+00 2.084104e+01 2.070553e+00 1.013039e+01 4.081686e+00 1.000000e-02 2.517752e-01 2.250392e-01 5.745064e-01 2.854064e-01 2.199724e-01 9.034967e-01 6.980390e-01 1.829990e+00 1.841831e+00 8.463745e-01 6.016719e-01 1.762723e+00 1.000000e-02 1.425512e-01 1.262929e-01 3.289241e-01 4.958403e-02 8.710381e-02 2.442705e-01 4.401291e-01 3.354375e-01 8.077207e-02 1.393306e-01 1.116671e-01 1.995473e-01 1.000000e-02
<GCONST> 5.254866e+01
<STATE> 25
<MEAN> 39
 1.008101e+00 -2.428596e+01 -1.816375e+01 -7.655330e-01 6.665331e+00 -1.598772e+00 1.149684e+00 -2.179872e+00 2.577538e+00 -5.245602e+00 -4.044710e+00 -1.607362e+00 3.539490e-01 -3.479970e-01 4.592152e-01 2.930759e-01 2.613552e-01 2.327586e-01 -3.583521e-01 2.190294e-01 4.784450e-01 1.804930e-01 -1.296306e-01 4.193560e-01 -7.754873e-02 -1.539171e-02 9.107676e-02 8.466905e-02 1.979074e-01 1.734649e-01 -1.950329e-03 -1.880323e-01 -1.023577e-01 -2.347076e-01 -4.347644e-01 -3.029352e-01 1.522384e-01 1.862499e-01 1.970745e-03
<VARIANCE> 39
 2.473449e+00 2.025630e+00 6.765567e+00 1.903211e+00 3.434389e+00 1.700936e+01 8.260811e+00 1.964850e+01 1.484786e+01 8.043998e+00 4.825339e+00 1.035386e+01 1.000000e-02 6.423874e-01 8.186862e-01 1.840475e+00 9.512725e-01 5.820737e-01 8.588966e-01 1.459439e+00 1.170681e+00 6.192082e-01 4.736567e-01 8.633476e-01 1.027053e+00 1.000000e-02 9.385967e-02 2.411382e-02 1.969450e-01 2.114377e-01 1.079207e-01 2.647999e-01 2.489990e-01 4.445890e-01 3.334542e-01 2.845301e-01 1.354307e-01 1.461989e-01 1.000000e-02
<GCONST> 5.698982e+01
<STATE> 26
<MEAN> 39
 8.980142e-01 -2.255474e+01 -1.523293e+01 6.119788e-01 6.795093e+00 -2.681638e+00 1.447761e+00 -2.374168e+00 8.440888e-01 -6.465706e+00 -1.807460e+00 3.713749e-03 3.398096e-01 -6.003120e-02 3.848290e-01 3.606845e-01 3.429763e-01 1.390603e-01 -2.683513e-01 -4.656025e-01 -6.406001e-01 -1.502043e+00 -7.714139e-01 6.247550e-01 4.333015e-01 -1.045342e-02 9.827222e-02 4.051871e-02 -8.439068e-02 -2.492328e-01 -3.557510e-02 5.308337e-02 -2.211984e-01 -7.681227e-02 -4.437952e-02 3.548958e-02 -5.304571e-02 -6.807262e-02 -1.162717e-04
<VARIANCE> 39
 3.532878e+00 1.277953e+01 1.643405e+01 1.426794e+01 6.739726e+00 8.983997e+00 3.712333e+00 6.893639e+00 2.172755e+01 8.537011e+00 3.660998e+00 1.147625e+01 1.000000e-02 6.750711e-01 4.595262e-01 1.620901e+00 1.130815e+00 5.696679e-01 2.039313e+00 1.443557e+00 1.823930e+00 2.171602e+00 1.788636e+00 4.895863e-01 4.228062e-01 1.000000e-02 1.917849e-01 2.765610e-01 4.778330e-01 3.086816e-01 7.901638e-02 1.980635e-01 2.692101e-01 2.646603e-01 3.736334e-01 2.602601e-01 1.279816e-01 2.526418e-01 1.000000e-02
<GCONST> 6.635937e+01
<STATE> 27
<MEAN> 39
 1.007476e+00 -2.179024e+01 -1.627687e+01 1.035097e-01 7.090000e+00 -3.180648e+00 -9.379240e-01 -4.586073e+00 -1.729985e+00 -6.808297e+00 -4.025835e-01 -3.108156e-01 3.079740e-01 1.719712e-01 7.280139e-01 3.325076e-01 -4.958518e-01 -1.573179e-01 -1.946851e-01 -4.079588e-02 4.156770e-01 1.931510e-01 -7.172411e-03 6.191533e-02 -3.916570e-01 -1.481684e-02 -4.187199e-02 2.065777e-02 1.170414e-01 -9.321518e-02 -9.659622e-02 1.964437e-01 2.794043e-01 2.943985e-01 5.599747e-01 2.065528e-01 -2.971784e-01 -2.552641e-01 -2.816978e-03
<VARIANCE> 39
 2.989606e+00 6.203564e+00 1.252837e+01 7.622179e+00 1.705143e+00 5.463873e+00 1.044893e+01 1.698313e+01 4.021215e+00 7.282656e+00 4.175776e+00 6.380780e+00 1.000000e-02 6.743179e-01 1.185095e+00 1.414554e+00 1.531896e+00 3.129744e-01 8.193565e-01 1.577417e+00 1.528338e+00 1.115089e+00 3.584595e-01 4.696651e-01 9.114047e-01 1.000000e-02 1.630220e-01 2.136304e-01 4.167787e-01 3.702813e-01 7.838668e-02 2.802179e-01 3.231376e-01 4.492387e-01 4.955610e-01 3.699395e-01 5.420780e-02 1.111082e-01 1.000000e-02
<GCONST> 5.993098e+01
<STATE> 28
<MEAN> 39
 5.990615e-01 -2.073482e+01 -1.505155e+01 -1.357189e+00 6.304623e+00 -2.405317e+00 1.473823e+00 -1.484673e+00 4.416435e-01 -7.589252e+00 -2.564901e+00 -1.381008e+00 2.608984e-01 -3.134854e-01 8.967869e-01 8.819481e-01 -1.505516e-01 -2.397681e-01 2.863089e-01 -1.714949e-01 1.528867e-02 6.529740e-01 3.278398e-01 -3.744891e-01 -5.962882e-01 -2.964862e-02 -1.711676e-01 2.036216e-01 2.530394e-01 1.731126e-01 2.225701e-02 1.540363e-02 -1.210644e-02 -1.829656e-01 1.120366e-01 1.929380e-01 1.985074e-01 2.194386e-01 -6.157132e-03
<VARIANCE> 39
 3.229721e+00 6.574736e+00 4.898842e+00 6.402191e+00 1.106826e+01 4.661314e+00 7.434734e+00 7.753204e+00 8.974286e+00 2.752364e+00 6.602692e+00 9.886669e+00 1.000000e-02 6.898387e-01 9.215659e-01 1.915449e+00 1.241607e+00 3.387412e-01 5.594067e-01 1.115141e+00 1.610133e+00 1.675873e+00 1.427433e+00 2.179812e-01 4.995864e-01 1.000000e-02 1.058925e-01 1.304229e-01 3.647962e-01 3.151922e-01 5.307671e-02 7.951746e-02 1.857764e-01 1.299672e-01 9.440509e-02 9.066262e-02 5.255122e-02 1.785233e-01 1.000000e-02
<GCONST> 5.266972e+01
<STATE> 29
<MEAN> 39
 5.467418e-01 -1.789771e+01 -1.164592e+01 1.304249e-01 7.106775e+00 -2.760593e+00 -3.057627e+00 -4.308288e+00 4.138543e-01 -5.235535e+00 -1.143448e+00 -2.517023e+00 2.050787e-01 -5.519919e-01 9.232939e-01 7.225975e-01 -1.100564e-01 8.302540e-03 4.463906e-01 5.901307e-01 1.640893e-01 8.793955e-01 7.318285e-01 6.306402e-01 7.774369e-01 -2.859788e-02 -1.613533e-01 -2.079183e-01 -3.230699e-01 -1.618705e-01 -5.250647e-02 -2.417386e-02 3.563907e-01 1.925611e-01 -5.281375e-02 -7.339116e-02 1.773571e-01 4.228531e-01 1.933864e-03
<VARIANCE> 39
 4.883711e+00 2.026192e+00 2.505286e+00 6.516074e+00 2.473920e+00 8.747146e+00 6.256180e+00 1.296589e+01 1.604876e+01 1.906591e+01 3.038678e+00 3.989161e+00 1.000000e-02 4.904051e-01 4.350260e-01 8.265260e-01 1.017393e+00 5.233704e-01 2.721818e-01 1.238796e+00 9.584983e-01 4.882172e-01 4.699358e-01 3.188228e-01 5.696241e-01 1.000000e-02 1.912145e-01 9.858160e-02 1.514820e-01 2.036117e-01 1.184271e-01 1.046526e-01 8.476750e-02 2.317695e-01 4.438278e-01 7.859941e-01 6.786267e-02 9.086628e-02 1.000000e-02
<GCONST> 5.004995e+01
<STATE> 30
<MEAN> 39
 -1.775951e+00 -1.696310e+01 -1.258544e+01 -2.557567e+00 5.653093e+00 -6.256965e-01 3.934808e+00 -1.208667e+00 4.040021e+00 -4.350240e+00 6.600110e-01 7.172736e-01 1.282827e-01 -5.955389e-01 4.613565e-01 4.526947e-01 1.150286e-01 -1.297853e-01 -5.169615e-01 -1.632513e-01 -3.819187e-01 -1.781687e-01 -2.196156e-01 2.442783e-01 7.950709e-01 -2.187100e-02 1.193609e-02 1.926917e-03 1.938959e-01 1.683231e-01 2.655116e-02 -2.448615e-01 -4.899214e-01 -2.577197e-01 -5.463216e-01 -4.697342e-01 -3.590009e-01 -3.193831e-01 9.726026e-04
<VARIANCE> 39
 3.492227e+00 7.904570e+00 5.528310e+00 7.865229e+00 9.203080e+00 5.428041e+00 5.699169e+00 1.784852e+00 1.167466e+01 9.763218e+00 8.702926e+00 7.152304e+00 1.000000e-02 6.850409e-01 7.979105e-01 1.565310e+00 1.406551e+00 1.012815e+00 4.328830e-01 1.720397e+00 8.006254e-01 3.134657e+00 4.296374e+00 1.494573e+00 1.021082e+00 1.000000e-02 7.373988e-02 1.772710e-01 3.216803e-01 1.607480e-01 8.187152e-02 9.662230e-02 1.971914e-01 1.538073e-01 1.849774e-01 2.776414e-01 2.268914e-01 1.645396e-01 1.000000e-02
<GCONST> 6.086235e+01
<STATE> 31
<MEAN> 39
 -2.244825e+00 -1.465079e+01 -9.141368e+00 -1.962507e-01 4.727074e+00 -4.358831e+00 -5.556941e-01 -3.618341e+00 9.738767e-01 -7.354642e+00 -1.790309e+00 -9.244808e-02 1.021751e-01 -8.457568e-01 8.822592e-01 1.092731e+00 -1.359152e-01 -1.916853e-02 -8.087719e-02 -2.348627e-01 -5.256414e-02 -8.853099e-01 -2.925054e-01 -6.926699e-02 -5.660447e-01 -3.601068e-02 -1.059321e-01 4.010017e-02 2.178210e-02 -1.775186e-01 1.633364e-01 3.282002e-01 6.612418e-02 1.137783e-01 4.512355e-02 4.187921e-01 2.353423e-01 -2.707621e-01 -6.962226e-03
<VARIANCE> 39
 3.135422e+00 1.076169e+01 1.341094e+01 7.684779e+00 8.704569e+00 6.623560e+00 1.392889e+01 1.345009e+01 1.378074e+01 1.895541e+01 1.161572e+01 1.057725e+01 1.000000e-02 6.304424e-01 9.408777e-01 1.963532e+00 5.330068e-01 4.386952e-01 7.897599e-01 1.075336e+00 9.896712e-01 1.403808e+00 2.235600e+00 2.308693e+00 5.792884e-01 1.000000e-02 1.130405e-01 1.870146e-01 2.940484e-01 2.526376e-01 1.149571e-01 3.556469e-02 2.082512e-01 1.348946e-01 4.633653e-01 7.283186e-01 3.169295e-01 2.786250e-01 1.000000e-02
<GCONST> 6.659808e+01
<STATE> 32
<MEAN> 39
 -6.009447e+00 -1.332676e+01 -6.773767e+00 -2.154046e+00 6.769394e+00 -1.820477e+00 -1.016361e-02 -3.137104e+00 1.285483e-01 -4.975296e+00 6.577571e-01 -8.877183e-01 -3.602171e-02 -7.899462e-01 8.956735e-01 9.198304e-01 -5.461053e-01 2.760069e-01 6.927147e-01 -2.894982e-01 8.030766e-02 3.008795e-02 8.088414e-01 5.182392e-01 -6.038303e-01 -4.205381e-02 3.175529e-01 -2.342272e-01 -3.935848e-01 8.297046e-02 -7.772741e-02 -6.349019e-02 1.771156e-01 3.401164e-02 1.077121e-01 2.058801e-02 4.536517e-02 3.433767e-01 1.014471e-02
<VARIANCE> 39
 1.916381e+00 7.212481e+00 1.406518e+01 1.404500e+01 1.257277e+01 1.379773e+00 3.802297e+00 8.988676e+00 2.423791e+01 9.473262e+00 1.122276e+01 6.462653e+00 1.000000e-02 2.275204e-01 6.717952e-01 6.931872e-01 5.107841e-01 4.179243e-01 7.701129e-01 7.690844e-01 1.232038e+00 1.031804e+00 2.096233e+00 1.165631e+00 9.685929e-01 1.000000e-02 6.383284e-02 1.817667e-01 3.199422e-01 1.223451e-01 5.848089e-02 6.627755e-02 1.037889e-01 2.036289e-01 3.768497e-01 3.383851e-01 3.513576e-01 1.304650e-01 1.000000e-02
<GCONST> 5.641904e+01
<TRANSP> 33
 0.000000e+00 1.000000e+00 0.000000e+00 0.000000e+00 0.000000e+00 0.000000e+00 0.000000e+00 0.000000e+00 0.000000e+00 0.000000e+00 0.000000e+00 0.000000e+00 0.000000e+00 0.000000e+00 0.000000e+00 0.000000e+00 0.000000e+00 0.000000e+00 0.000000e+00 0.000000e+00 0.000000e+00 0.000000e+00 0.000000e+00 0.000000e+00 0.000000e+00 0.000000e+00 0.000000e+00 0.000000e+00 0.000000e+00 0.000000e+00 0.000000e+00 0.000000e+00 0.000000e+00
 0.000000e+00 6.875000e-01 3.125000e-01 0.000000e+00 0.000000e+00 0.000000e+00 0.000000e+00 0.000000e+00 0.000000e+00 0.000000e+00 0.000000e+00 0.000000e+00 0.000000e+00 0.000000e+00 0.000000e+00 0.000000e+00 0.000000e+00 0.000000e+00 0.000000e+00 0.000000e+00 0.000000e+00 0.000000e+00 0.000000e+00 0.000000e+00 0.000000e+00 0.000000e+00 0.000000e+00 0.000000e+00 0.000000e+00 0.000000e+00 0.000000e+00 0.000000e+00 0.000000e+00
 0.000000e+00 0.000000e+00 4.444444e-01 5.555556e-01 0.000000e+00 0.000000e+00 0.000000e+00 0.000000e+00 0.000000e+00 0.000000e+00 0.000000e+00 0.000000e+00 0.000000e+00 0.000000e+00 0.000000e+00 0.000000e+00 0.000000e+00 0.000000e+00 0.000000e+00 0.000000e+00 0.000000e+00 0.000000e+00 0.000000e+00 0.000000e+00 0.000000e+00 0.000000e+00 0.000000e+00 0.000000e+00 0.000000e+00 0.000000e+00 0.000000e+00 0.000000e+00 0.000000e+00
 0.000000e+00 0.000000e+00 0.000000e+00 5.454546e-01 4.545455e-01 0.000000e+00 0.000000e+00 0.000000e+00 0.000000e+00 0.000000e+00 0.000000e+00 0.000000e+00 0.000000e+00 0.000000e+00 0.000000e+00 0.000000e+00 0.000000e+00 0.000000e+00 0.000000e+00 0.000000e+00 0.000000e+00 0.000000e+00 0.000000e+00 0.000000e+00 0.000000e+00 0.000000e+00 0.000000e+00 0.000000e+00 0.000000e+00 0.000000e+00 0.000000e+00 0.000000e+00 0.000000e+00
 0.000000e+00 0.000000e+00 0.000000e+00 0.000000e+00 5.454546e-01 4.545455e-01 0.000000e+00 0.000000e+00 0.000000e+00 0.000000e+00 0.000000e+00 0.000000e+00 0.000000e+00 0.000000e+00 0.000000e+00 0.000000e+00 0.000000e+00 0.000000e+00 0.000000e+00 0.000000e+00 0.000000e+00 0.000000e+00 0.000000e+00 0.000000e+00 0.000000e+00 0.000000e+00 0.000000e+00 0.000000e+00 0.000000e+00 0.000000e+00 0.000000e+00 0.000000e+00 0.000000e+00
 0.000000e+00 0.000000e+00 0.000000e+00 0.000000e+00 0.000000e+00 5.000000e-01 5.000000e-01 0.000000e+00 0.000000e+00 0.000000e+00 0.000000e+00 0.000000e+00 0.000000e+00 0.000000e+00 0.000000e+00 0.000000e+00 0.000000e+00 0.000000e+00 0.000000e+00 0.000000e+00 0.000000e+00 0.000000e+00 0.000000e+00 0.000000e+00 0.000000e+00 0.000000e+00 0.000000e+00 0.000000e+00 0.000000e+00 0.000000e+00 0.000000e+00 0.000000e+00 0.000000e+00
 0.000000e+00 0.000000e+00 0.000000e+00 0.000000e+00 0.000000e+00 0.000000e+00 5.454546e-01 4.545455e-01 0.000000e+00 0.000000e+00 0.000000e+00 0.000000e+00 0.000000e+00 0.000000e+00 0.000000e+00 0.000000e+00 0.000000e+00 0.000000e+00 0.000000e+00 0.000000e+00 0.000000e+00 0.000000e+00 0.000000e+00 0.000000e+00 0.000000e+00 0.000000e+00 0.000000e+00 0.000000e+00 0.000000e+00 0.000000e+00 0.000000e+00 0.000000e+00 0.000000e+00
 0.000000e+00 0.000000e+00 0.000000e+00 0.000000e+00 0.000000e+00 0.000000e+00 0.000000e+00 5.454546e-01 4.545455e-01 0.000000e+00 0.000000e+00 0.000000e+00 0.000000e+00 0.000000e+00 0.000000e+00 0.000000e+00 0.000000e+00 0.000000e+00 0.000000e+00 0.000000e+00 0.000000e+00 0.000000e+00 0.000000e+00 0.000000e+00 0.000000e+00 0.000000e+00 0.000000e+00 0.000000e+00 0.000000e+00 0.000000e+00 0.000000e+00 0.000000e+00 0.000000e+00
 0.000000e+00 0.000000e+00 0.000000e+00 0.000000e+00 0.000000e+00 0.000000e+00 0.000000e+00 0.000000e+00 4.444444e-01 5.555556e-01 0.000000e+00 0.000000e+00 0.000000e+00 0.000000e+00 0.000000e+00 0.000000e+00 0.000000e+00 0.000000e+00 0.000000e+00 0.000000e+00 0.000000e+00 0.000000e+00 0.000000e+00 0.000000e+00 0.000000e+00 0.000000e+00 0.000000e+00 0.000000e+00 0.000000e+00 0.000000e+00 0.000000e+00 0.000000e+00 0.000000e+00
 0.000000e+00 0.000000e+00 0.000000e+00 0.000000e+00 0.000000e+00 0.000000e+00 0.000000e+00 0.000000e+00 0.000000e+00 6.428571e-01 3.571429e-01 0.000000e+00 0.000000e+00 0.000000e+00 0.000000e+00 0.000000e+00 0.000000e+00 0.000000e+00 0.000000e+00 0.000000e+00 0.000000e+00 0.000000e+00 0.000000e+00 0.000000e+00 0.000000e+00 0.000000e+00 0.000000e+00 0.000000e+00 0.000000e+00 0.000000e+00 0.000000e+00 0.000000e+00 0.000000e+00
 0.000000e+00 0.000000e+00 0.000000e+00 0.000000e+00 0.000000e+00 0.000000e+00 0.000000e+00 0.000000e+00 0.000000e+00 0.000000e+00 5.833333e-01 4.166667e-01 0.000000e+00 0.000000e+00 0.000000e+00 0.000000e+00 0.000000e+00 0.000000e+00 0.000000e+00 0.000000e+00 0.000000e+00 0.000000e+00 0.000000e+00 0.000000e+00 0.000000e+00 0.000000e+00 0.000000e+00 0.000000e+00 0.000000e+00 0.000000e+00 0.000000e+00 0.000000e+00 0.000000e+00
 0.000000e+00 0.000000e+00 0.000000e+00 0.000000e+00 0.000000e+00 0.000000e+00 0.000000e+00 0.000000e+00 0.000000e+00 0.000000e+00 0.000000e+00 5.833333e-01 4.166667e-01 0.000000e+00 0.000000e+00 0.000000e+00 0.000000e+00 0.000000e+00 0.000000e+00 0.000000e+00 0.000000e+00 0.000000e+00 0.000000e+00 0.000000e+00 0.000000e+00 0.000000e+00 0.000000e+00 0.000000e+00 0.000000e+00 0.000000e+00 0.000000e+00 0.000000e+00 0.000000e+00
 0.000000e+00 0.000000e+00 0.000000e+00 0.000000e+00 0.000000e+00 0.000000e+00 0.000000e+00 0.000000e+00 0.000000e+00 0.000000e+00 0.000000e+00 0.000000e+00 5.454546e-01 4.545455e-01 0.000000e+00 0.000000e+00 0.000000e+00 0.000000e+00 0.000000e+00 0.000000e+00 0.000000e+00 0.000000e+00 0.000000e+00 0.000000e+00 0.000000e+00 0.000000e+00 0.000000e+00 0.000000e+00 0.000000e+00 0.000000e+00 0.000000e+00 0.000000e+00 0.000000e+00
 0.000000e+00 0.000000e+00 0.000000e+00 0.000000e+00 0.000000e+00 0.000000e+00 0.000000e+00 0.000000e+00 0.000000e+00 0.000000e+00 0.000000e+00 0.000000e+00 0.000000e+00 5.454546e-01 4.545455e-01 0.000000e+00 0.000000e+00 0.000000e+00 0.000000e+00 0.000000e+00 0.000000e+00 0.000000e+00 0.000000e+00 0.000000e+00 0.000000e+00 0.000000e+00 0.000000e+00 0.000000e+00 0.000000e+00 0.000000e+00 0.000000e+00 0.000000e+00 0.000000e+00
 0.000000e+00 0.000000e+00 0.000000e+00 0.000000e+00 0.000000e+00 0.000000e+00 0.000000e+00 0.000000e+00 0.000000e+00 0.000000e+00 0.000000e+00 0.000000e+00 0.000000e+00 0.000000e+00 5.454546e-01 4.545455e-01 0.000000e+00 0.000000e+00 0.000000e+00 0.000000e+00 0.000000e+00 0.000000e+00 0.000000e+00 0.000000e+00 0.000000e+00 0.000000e+00 0.000000e+00 0.000000e+00 0.000000e+00 0.000000e+00 0.000000e+00 0.000000e+00 0.000000e+00
 0.000000e+00 0.000000e+00 0.000000e+00 0.000000e+00 0.000000e+00 0.000000e+00 0.000000e+00 0.000000e+00 0.000000e+00 0.000000e+00 0.000000e+00 0.000000e+00 0.000000e+00 0.000000e+00 0.000000e+00 4.444444e-01 5.555556e-01 0.000000e+00 0.000000e+00 0.000000e+00 0.000000e+00 0.000000e+00 0.000000e+00 0.000000e+00 0.000000e+00 0.000000e+00 0.000000e+00 0.000000e+00 0.000000e+00 0.000000e+00 0.000000e+00 0.000000e+00 0.000000e+00
 0.000000e+00 0.000000e+00 0.000000e+00 0.000000e+00 0.000000e+00 0.000000e+00 0.000000e+00 0.000000e+00 0.000000e+00 0.000000e+00 0.000000e+00 0.000000e+00 0.000000e+00 0.000000e+00 0.000000e+00 0.000000e+00 7.058824e-01 2.941177e-01 0.000000e+00 0.000000e+00 0.000000e+00 0.000000e+00 0.000000e+00 0.000000e+00 0.000000e+00 0.000000e+00 0.000000e+00 0.000000e+00 0.000000e+00 0.000000e+00 0.000000e+00 0.000000e+00 0.000000e+00
 0.000000e+00 0.000000e+00 0.000000e+00 0.000000e+00 0.000000e+00 0.000000e+00 0.000000e+00 0.000000e+00 0.000000e+00 0.000000e+00 0.000000e+00 0.000000e+00 0.000000e+00 0.000000e+00 0.000000e+00 0.000000e+00 0.000000e+00 5.000000e-01 5.000000e-01 0.000000e+00 0.000000e+00 0.000000e+00 0.000000e+00 0.000000e+00 0.000000e+00 0.000000e+00 0.000000e+00 0.000000e+00 0.000000e+00 0.000000e+00 0.000000e+00 0.000000e+00 0.000000e+00
 0.000000e+00 0.000000e+00 0.000000e+00 0.000000e+00 0.000000e+00 0.000000e+00 0.000000e+00 0.000000e+00 0.000000e+00 0.000000e+00 0.000000e+00 0.000000e+00 0.000000e+00 0.000000e+00 0.000000e+00 0.000000e+00 0.000000e+00 0.000000e+00 3.750000e-01 6.250000e-01 0.000000e+00 0.000000e+00 0.000000e+00 0.000000e+00 0.000000e+00 0.000000e+00 0.000000e+00 0.000000e+00 0.000000e+00 0.000000e+00 0.000000e+00 0.000000e+00 0.000000e+00
 0.000000e+00 0.000000e+00 0.000000e+00 0.000000e+00 0.000000e+00 0.000000e+00 0.000000e+00 0.000000e+00 0.000000e+00 0.000000e+00 0.000000e+00 0.000000e+00 0.000000e+00 0.000000e+00 0.000000e+00 0.000000e+00 0.000000e+00 0.000000e+00 0.000000e+00 5.454546e-01 4.545455e-01 0.000000e+00 0.000000e+00 0.000000e+00 0.000000e+00 0.000000e+00 0.000000e+00 0.000000e+00 0.000000e+00 0.000000e+00 0.000000e+00 0.000000e+00 0.000000e+00
 0.000000e+00 0.000000e+00 0.000000e+00 0.000000e+00 0.000000e+00 0.000000e+00 0.000000e+00 0.000000e+00 0.000000e+00 0.000000e+00 0.000000e+00 0.000000e+00 0.000000e+00 0.000000e+00 0.000000e+00 0.000000e+00 0.000000e+00 0.000000e+00 0.000000e+00 0.000000e+00 5.454546e-01 4.545455e-01 0.000000e+00 0.000000e+00 0.000000e+00 0.000000e+00 0.000000e+00 0.000000e+00 0.000000e+00 0.000000e+00 0.000000e+00 0.000000e+00 0.000000e+00
 0.000000e+00 0.000000e+00 0.000000e+00 0.000000e+00 0.000000e+00 0.000000e+00 0.000000e+00 0.000000e+00 0.000000e+00 0.000000e+00 0.000000e+00 0.000000e+00 0.000000e+00 0.000000e+00 0.000000e+00 0.000000e+00 0.000000e+00 0.000000e+00 0.000000e+00 0.000000e+00 0.000000e+00 5.454546e-01 4.545455e-01 0.000000e+00 0.000000e+00 0.000000e+00 0.000000e+00 0.000000e+00 0.000000e+00 0.000000e+00 0.000000e+00 0.000000e+00 0.000000e+00
 0.000000e+00 0.000000e+00 0.000000e+00 0.000000e+00 0.000000e+00 0.000000e+00 0.000000e+00 0.000000e+00 0.000000e+00 0.000000e+00 0.000000e+00 0.000000e+00 0.000000e+00 0.000000e+00 0.000000e+00 0.000000e+00 0.000000e+00 0.000000e+00 0.000000e+00 0.000000e+00 0.000000e+00 0.000000e+00 5.833333e-01 4.166667e-01 0.000000e+00 0.000000e+00 0.000000e+00 0.000000e+00 0.000000e+00 0.000000e+00 0.000000e+00 0.000000e+00 0.000000e+00
 0.000000e+00 0.000000e+00 0.000000e+00 0.000000e+00 0.000000e+00 0.000000e+00 0.000000e+00 0.000000e+00 0.000000e+00 0.000000e+00 0.000000e+00 0.000000e+00 0.000000e+00 0.000000e+00 0.000000e+00 0.000000e+00 0.000000e+00 0.000000e+00 0.000000e+00 0.000000e+00 0.000000e+00 0.000000e+00 0.000000e+00 5.454546e-01 4.545455e-01 0.000000e+00 0.000000e+00 0.000000e+00 0.000000e+00 0.000000e+00 0.000000e+00 0.000000e+00 0.000000e+00
 0.000000e+00 0.000000e+00 0.000000e+00 0.000000e+00 0.000000e+00 0.000000e+00 0.000000e+00 0.000000e+00 0.000000e+00 0.000000e+00 0.000000e+00 0.000000e+00 0.000000e+00 0.000000e+00 0.000000e+00 0.000000e+00 0.000000e+00 0.000000e+00 0.000000e+00 0.000000e+00 0.000000e+00 0.000000e+00 0.000000e+00 0.000000e+00 5.833333e-01 4.166667e-01 0.000000e+00 0.000000e+00 0.000000e+00 0.000000e+00 0.000000e+00 0.000000e+00 0.000000e+00
 0.000000e+00 0.000000e+00 0.000000e+00 0.000000e+00 0.000000e+00 0.000000e+00 0.000000e+00 0.000000e+00 0.000000e+00 0.000000e+00 0.000000e+00 0.000000e+00 0.000000e+00 0.000000e+00 0.000000e+00 0.000000e+00 0.000000e+00 0.000000e+00 0.000000e+00 0.000000e+00 0.000000e+00 0.000000e+00 0.000000e+00 0.000000e+00 0.000000e+00 5.454546e-01 4.545455e-01 0.000000e+00 0.000000e+00 0.000000e+00 0.000000e+00 0.000000e+00 0.000000e+00
 0.000000e+00 0.000000e+00 0.000000e+00 0.000000e+00 0.000000e+00 0.000000e+00 0.000000e+00 0.000000e+00 0.000000e+00 0.000000e+00 0.000000e+00 0.000000e+00 0.000000e+00 0.000000e+00 0.000000e+00 0.000000e+00 0.000000e+00 0.000000e+00 0.000000e+00 0.000000e+00 0.000000e+00 0.000000e+00 0.000000e+00 0.000000e+00 0.000000e+00 0.000000e+00 5.454546e-01 4.545455e-01 0.000000e+00 0.000000e+00 0.000000e+00 0.000000e+00 0.000000e+00
 0.000000e+00 0.000000e+00 0.000000e+00 0.000000e+00 0.000000e+00 0.000000e+00 0.000000e+00 0.000000e+00 0.000000e+00 0.000000e+00 0.000000e+00 0.000000e+00 0.000000e+00 0.000000e+00 0.000000e+00 0.000000e+00 0.000000e+00 0.000000e+00 0.000000e+00 0.000000e+00 0.000000e+00 0.000000e+00 0.000000e+00 0.000000e+00 0.000000e+00 0.000000e+00 0.000000e+00 5.833333e-01 4.166667e-01 0.000000e+00 0.000000e+00 0.000000e+00 0.000000e+00
 0.000000e+00 0.000000e+00 0.000000e+00 0.000000e+00 0.000000e+00 0.000000e+00 0.000000e+00 0.000000e+00 0.000000e+00 0.000000e+00 0.000000e+00 0.000000e+00 0.000000e+00 0.000000e+00 0.000000e+00 0.000000e+00 0.000000e+00 0.000000e+00 0.000000e+00 0.000000e+00 0.000000e+00 0.000000e+00 0.000000e+00 0.000000e+00 0.000000e+00 0.000000e+00 0.000000e+00 0.000000e+00 4.444444e-01 5.555556e-01 0.000000e+00 0.000000e+00 0.000000e+00
 0.000000e+00 0.000000e+00 0.000000e+00 0.000000e+00 0.000000e+00 0.000000e+00 0.000000e+00 0.000000e+00 0.000000e+00 0.000000e+00 0.000000e+00 0.000000e+00 0.000000e+00 0.000000e+00 0.000000e+00 0.000000e+00 0.000000e+00 0.000000e+00 0.000000e+00 0.000000e+00 0.000000e+00 0.000000e+00 0.000000e+00 0.000000e+00 0.000000e+00 0.000000e+00 0.000000e+00 0.000000e+00 0.000000e+00 5.454546e-01 4.545455e-01 0.000000e+00 0.000000e+00
 0.000000e+00 0.000000e+00 0.000000e+00 0.000000e+00 0.000000e+00 0.000000e+00 0.000000e+00 0.000000e+00 0.000000e+00 0.000000e+00 0.000000e+00 0.000000e+00 0.000000e+00 0.000000e+00 0.000000e+00 0.000000e+00 0.000000e+00 0.000000e+00 0.000000e+00 0.000000e+00 0.000000e+00 0.000000e+00 0.000000e+00 0.000000e+00 0.000000e+00 0.000000e+00 0.000000e+00 0.000000e+00 0.000000e+00 0.000000e+00 5.833333e-01 4.166667e-01 0.000000e+00
 0.000000e+00 0.000000e+00 0.000000e+00 0.000000e+00 0.000000e+00 0.000000e+00 0.000000e+00 0.000000e+00 0.000000e+00 0.000000e+00 0.000000e+00 0.000000e+00 0.000000e+00 0.000000e+00 0.000000e+00 0.000000e+00 0.000000e+00 0.000000e+00 0.000000e+00 0.000000e+00 0.000000e+00 0.000000e+00 0.000000e+00 0.000000e+00 0.000000e+00 0.000000e+00 0.000000e+00 0.000000e+00 0.000000e+00 0.000000e+00 0.000000e+00 4.444444e-01 5.555556e-01
 0.000000e+00 0.000000e+00 0.000000e+00 0.000000e+00 0.000000e+00 0.000000e+00 0.000000e+00 0.000000e+00 0.000000e+00 0.000000e+00 0.000000e+00 0.000000e+00 0.000000e+00 0.000000e+00 0.000000e+00 0.000000e+00 0.000000e+00 0.000000e+00 0.000000e+00 0.000000e+00 0.000000e+00 0.000000e+00 0.000000e+00 0.000000e+00 0.000000e+00 0.000000e+00 0.000000e+00 0.000000e+00 0.000000e+00 0.000000e+00 0.000000e+00 0.000000e+00 0.000000e+00
<ENDHMM>
