~o
<STREAMINFO> 1 39
<VECSIZE> 39<NULLD><MFCC_E_D_A><DIAGC>
~h "Xong"
<BEGINHMM>
<NUMSTATES> 13
<STATE> 2
<MEAN> 39
 -9.524635e+00 -5.541893e+00 -5.930474e+00 -1.457738e-01 5.559990e-01 -4.686262e+00 6.454238e+00 -8.077617e-01 1.567702e+00 -3.353554e+00 3.000774e+00 -2.777861e+00 -6.285399e-02 -2.251196e+00 1.943899e+00 -2.450999e+00 8.844804e-01 -2.153718e-01 -9.759385e-02 1.304361e+00 -3.201473e-01 7.626743e-01 -3.394698e-01 9.365017e-02 1.598710e-01 2.714495e-02 -4.597685e-01 6.132317e-01 -4.437489e-01 2.204746e-01 -1.169626e-01 -1.587534e-01 -2.179153e-01 -2.064770e-01 -1.468923e-02 -8.410666e-02 -2.500094e-02 7.620779e-02 2.230609e-02
<VARIANCE> 39
 1.473828e+01 1.374480e+01 1.780242e+01 8.640968e+00 4.213446e+00 1.097425e+01 2.228433e+01 1.101105e+01 1.332919e+01 8.933274e+00 7.301413e+00 1.150581e+01 1.000000e-02 1.674910e+00 3.703367e+00 2.113677e+00 1.201987e+00 8.488324e-01 1.965314e+00 1.383797e+00 1.566941e+00 9.898785e-01 1.500759e+00 1.086077e+00 7.728989e-01 1.000000e-02 2.549573e-01 4.126449e-01 3.171743e-01 1.700397e-01 1.461228e-01 3.070756e-01 3.677443e-01 2.809312e-01 2.432248e-01 2.794849e-01 2.227085e-01 1.719035e-01 1.000000e-02
<GCONST> 7.452267e+01
<STATE> 3
<MEAN> 39
 -2.290808e+01 8.114416e+00 -1.971333e+01 6.012298e+00 -1.192601e+00 -6.315051e+00 5.981019e+00 -4.410261e+00 3.903576e+00 -4.049987e+00 3.100630e+00 -1.916377e+00 3.791220e-01 3.179377e-01 -4.076104e-01 -6.846988e-01 1.332659e-01 -3.831333e-01 -2.469665e-01 -9.860742e-01 3.674611e-01 1.463995e-01 -3.969608e-01 -6.220562e-01 -9.199710e-02 5.850807e-02 1.074265e+00 -1.294312e+00 5.572576e-01 -5.865191e-01 1.318520e-01 1.602462e-01 -9.584703e-02 3.763617e-01 4.370138e-04 -2.710025e-01 -3.298540e-01 -8.121197e-02 -4.951116e-03
<VARIANCE> 39
 1.853154e+01 2.656455e+01 1.480148e+01 4.062941e+01 2.507551e+01 4.015203e+01 1.987412e+01 1.443118e+01 1.751576e+01 1.561094e+01 7.882837e+00 1.193006e+01 1.896197e-02 7.757251e+00 9.373052e+00 3.899410e+00 4.013568e+00 1.523677e+00 2.521039e+00 1.433638e+00 2.861815e+00 1.834489e+00 2.505254e+00 1.697845e+00 2.020126e+00 1.000000e-02 4.684817e-01 4.169964e-01 5.422757e-01 7.950792e-01 3.346618e-01 6.566021e-01 2.746589e-01 2.842701e-01 3.906238e-01 4.939392e-01 2.215419e-01 3.686611e-01 1.000000e-02
<GCONST> 9.569014e+01
<STATE> 4
<MEAN> 39
 -8.227611e+00 -1.244817e+01 -1.951187e+01 -2.390240e+00 -1.388056e+00 -6.131266e+00 2.923332e+00 1.909136e+00 6.478461e+00 -1.047839e+01 -4.669737e+00 -1.244208e+00 6.931052e-01 2.646354e+00 -5.337981e+00 -1.191154e+00 -1.580081e+00 1.961202e+00 7.343448e-01 1.030989e+00 -9.921482e-01 -7.071035e-02 -1.099026e+00 -1.284346e+00 -1.308958e-01 1.072647e-01 -7.198530e-01 4.304918e-01 -1.539883e-01 7.791154e-01 5.680263e-01 4.593465e-01 7.717103e-02 -9.566314e-01 -3.365718e-01 6.292358e-01 6.808184e-01 -3.579288e-01 -2.917713e-03
<VARIANCE> 39
 5.177341e+01 7.858585e+01 3.953170e+01 4.242748e+01 2.531786e+01 2.439133e+01 5.815313e+01 3.190524e+01 4.275058e+01 1.555462e+01 3.931462e+01 2.358191e+01 4.858889e-02 5.497561e+00 4.177016e+00 5.247459e+00 9.610511e+00 2.368544e+00 2.987193e+00 6.399736e+00 5.732956e+00 5.543693e+00 1.915447e+00 4.931162e+00 3.692019e+00 1.000000e-02 7.861335e-01 1.112603e+00 1.212856e+00 1.289733e+00 3.176972e-01 4.931082e-01 1.910336e+00 3.425790e-01 8.682560e-01 5.617766e-01 8.341025e-01 8.698906e-01 1.000000e-02
<GCONST> 1.173369e+02
<STATE> 5
<MEAN> 39
 -2.808115e+00 -2.478354e+01 -2.326549e+01 -2.423942e+00 9.729931e+00 7.939312e-01 4.316566e+00 -1.009530e+01 3.916161e+00 -7.583150e+00 -3.603928e+00 -7.103578e+00 9.815598e-01 4.674406e-01 -4.476854e-01 7.430342e-01 -7.036530e-01 1.142957e+00 1.545699e+00 -1.196957e+00 -1.041146e+00 -4.684993e-02 8.923306e-01 9.032479e-01 -7.909557e-01 1.060714e-02 -7.815662e-02 5.250684e-01 3.042431e-01 -4.324105e-01 -2.949068e-01 -1.327164e-01 -1.407365e-01 4.282363e-01 8.046246e-02 -1.525344e-01 -7.361709e-02 2.326938e-01 -1.134279e-02
<VARIANCE> 39
 2.349034e+01 5.912665e+00 8.331937e+00 6.972539e+00 1.747475e+01 1.377387e+01 1.117572e+01 3.613603e+01 1.035212e+02 1.690098e+01 2.860309e+01 1.974050e+01 1.000000e-02 6.684273e-01 1.449123e+00 6.140307e-01 1.055860e+00 1.948013e+00 1.211398e+00 8.899440e-01 1.875426e+00 2.725234e+00 3.339815e+00 1.691002e+00 1.767143e+00 1.000000e-02 1.939006e-01 5.248862e-01 9.230185e-02 1.279421e-01 3.150598e-01 1.333444e-01 2.817749e-01 2.265574e-01 5.743032e-01 6.587133e-01 2.831667e-01 2.109202e-01 1.000000e-02
<GCONST> 7.991898e+01
<STATE> 6
<MEAN> 39
 -2.729385e+00 -2.536799e+01 -1.711913e+01 -1.102216e+01 1.352223e+01 9.394649e+00 -2.099634e+00 -8.372814e+00 9.546715e-01 -8.626260e+00 -5.278104e-02 -7.878850e+00 9.604979e-01 3.552040e-01 -5.151124e-02 7.759863e-01 -1.605264e+00 6.526755e-02 1.343409e+00 -4.518718e-01 6.344107e-01 -1.354344e+00 -3.999432e-01 2.611813e-01 -5.037708e-02 -1.332639e-02 1.223030e-01 5.342773e-03 -4.071306e-02 8.571550e-02 -5.678437e-01 -2.315702e-01 2.274512e-01 1.833620e-01 9.218422e-02 3.637685e-02 -2.223234e-01 -1.065194e-02 -4.911916e-03
<VARIANCE> 39
 1.349267e+01 1.009478e+01 6.408116e+00 1.583255e+01 8.305986e+00 1.755029e+01 9.738659e+00 1.963624e+01 9.470326e+01 1.590279e+01 3.108381e+01 1.530076e+01 1.000000e-02 7.194093e-01 4.731390e-01 6.615353e-01 1.186707e+00 2.385382e+00 1.325209e+00 1.238184e+00 1.764248e+00 1.593099e+00 7.484514e-01 1.245787e+00 9.455627e-01 1.000000e-02 1.090556e-01 1.022814e-01 1.369868e-01 2.574570e-01 3.841474e-01 4.188923e-01 1.763005e-01 2.063023e-01 3.475753e-01 2.016615e-01 3.152942e-01 2.612619e-01 1.000000e-02
<GCONST> 7.392922e+01
<STATE> 7
<MEAN> 39
 2.386245e+00 -2.540628e+01 -1.239603e+01 -1.707024e+01 3.939719e+00 9.840013e+00 -3.036042e+00 -3.591227e+00 -5.317311e-01 -8.693702e+00 -2.790238e+00 -1.013180e+01 8.147451e-01 9.218968e-01 6.081505e-01 1.259183e+00 3.823918e-01 -3.256503e+00 -2.059250e+00 -9.329373e-01 2.981496e-02 1.458628e+00 5.365297e-01 -1.164056e+00 -5.240635e-01 -4.585222e-02 -8.434092e-02 3.245783e-01 2.836921e-03 5.582920e-01 2.857641e-01 -5.188280e-01 -4.218576e-01 -6.525840e-01 5.985686e-02 1.221718e-01 3.185438e-01 2.952803e-01 -3.286288e-03
<VARIANCE> 39
 5.874775e+00 3.572442e+00 1.152315e+01 1.976455e+01 3.824223e+01 2.172429e+01 2.636531e+01 2.788722e+01 4.583189e+01 1.984431e+01 1.460501e+01 2.370008e+01 1.000000e-02 3.360173e-01 8.251958e-01 3.634927e-01 1.433768e+00 1.558738e+00 2.953839e+00 2.013789e+00 3.489396e+00 1.396237e+00 1.507473e+00 2.225927e+00 1.759058e+00 1.000000e-02 8.223179e-02 7.290331e-02 7.533528e-02 2.467323e-01 8.594639e-01 5.399597e-01 2.259161e-01 5.624052e-01 9.005284e-01 2.827354e-01 5.209870e-01 3.582447e-01 1.000000e-02
<GCONST> 8.098815e+01
<STATE> 8
<MEAN> 39
 6.112570e+00 -2.005595e+01 -9.670882e+00 -9.738383e+00 -2.564503e+00 -1.385246e+00 -7.577272e+00 -1.058787e+01 -1.124518e+00 -5.919604e+00 -3.082498e+00 -9.287293e+00 6.023577e-01 3.203147e-01 6.704045e-01 -3.328821e-01 9.859774e-01 4.087463e-01 -8.965187e-01 -5.848210e-02 -4.784973e-01 -5.620753e-01 -1.167785e-01 9.959222e-02 1.267577e-01 -2.241263e-02 -9.235074e-02 -1.008493e-01 -2.356684e-01 -2.491586e-02 3.109398e-01 3.228230e-01 3.615403e-01 2.901773e-01 -1.219451e-01 -1.112423e-01 1.265558e-04 -6.551332e-02 2.960735e-03
<VARIANCE> 39
 9.444687e+00 2.300282e+00 2.210612e+01 2.137743e+01 3.412013e+01 2.910752e+01 4.872110e+01 2.110974e+01 4.075023e+01 1.855870e+01 1.516924e+01 2.960365e+01 1.000000e-02 2.433261e-01 4.513700e-01 1.889689e+00 9.448385e-01 1.583405e+00 3.212871e+00 1.984356e+00 2.731566e+00 1.220074e+00 9.453868e-01 1.403900e+00 2.162377e+00 1.000000e-02 4.022924e-02 9.587128e-02 2.860288e-01 2.006153e-01 4.479013e-01 7.967959e-01 2.784455e-01 4.145955e-01 3.015643e-01 1.770729e-01 2.920907e-01 4.006201e-01 1.000000e-02
<GCONST> 7.993098e+01
<STATE> 9
<MEAN> 39
 6.023360e+00 -1.692157e+01 -1.308617e+01 -4.054413e+00 2.812480e+00 -3.025189e+00 -3.205533e+00 -8.302461e+00 -3.378636e+00 -8.963490e+00 -4.100036e+00 -8.007444e+00 4.671264e-01 -5.329164e-01 -2.289975e-02 -4.064594e-01 8.006391e-01 8.862851e-01 1.147358e-01 8.510805e-01 3.885199e-01 -5.079872e-02 2.094055e-01 -5.820172e-02 2.731519e-01 -2.763273e-02 -2.013711e-01 -2.138062e-01 -2.520338e-02 -2.104887e-01 -2.305282e-04 8.884005e-02 -9.887193e-02 1.061200e-01 2.994402e-01 2.741123e-01 6.016408e-02 4.699778e-02 -1.007739e-03
<VARIANCE> 39
 3.017969e+00 5.210357e+00 1.331740e+01 1.035890e+01 6.246508e+00 9.645531e+00 1.088094e+01 1.453670e+01 2.781256e+01 1.289161e+01 1.350402e+01 1.491654e+01 1.000000e-02 3.197238e-01 6.254647e-01 9.381548e-01 1.235551e+00 1.199504e+00 1.983126e+00 1.242312e+00 1.051057e+00 2.943682e+00 3.216704e+00 1.391662e+00 1.609990e+00 1.000000e-02 3.024811e-02 1.063645e-01 1.833422e-01 2.042312e-01 1.332886e-01 2.857969e-01 2.589680e-01 1.847949e-01 4.914699e-01 6.178517e-01 3.590545e-01 3.616119e-01 1.000000e-02
<GCONST> 7.005508e+01
<STATE> 10
<MEAN> 39
 8.449720e-01 -2.002078e+01 -1.625543e+01 -2.263300e+00 6.638341e+00 -1.080435e+00 1.054163e-01 -5.147550e+00 -1.576990e+00 -3.821356e+00 -1.797789e-02 -5.351828e+00 2.844592e-01 -6.894840e-01 -9.443706e-02 -1.874136e-01 -8.682223e-02 2.302637e-01 1.857188e-01 2.461572e-01 6.431161e-01 3.708548e-01 4.658026e-01 5.299363e-01 4.278130e-01 -2.307327e-02 9.099067e-02 2.444402e-01 3.459628e-01 -1.849731e-02 -2.482888e-01 -1.052577e-01 -5.432943e-02 -3.839298e-02 -8.273874e-02 -1.931023e-01 -1.166975e-01 -3.193232e-02 -1.024728e-03
<VARIANCE> 39
 3.101686e+00 3.097176e+00 3.351053e+00 3.820032e+00 6.269953e+00 4.564758e+00 1.662329e+01 6.885708e+00 1.198043e+01 1.169198e+01 1.130288e+01 1.528222e+01 1.000000e-02 2.603243e-01 5.306971e-01 9.246628e-01 5.951549e-01 5.326574e-01 7.430174e-01 1.092836e+00 9.293782e-01 6.812522e-01 1.357608e+00 8.906201e-01 1.122066e+00 1.000000e-02 3.982290e-02 9.996337e-02 1.711865e-01 8.343799e-02 1.283188e-01 1.594595e-01 2.057770e-01 1.270367e-01 6.842293e-02 3.071002e-01 2.062649e-01 2.608739e-01 1.000000e-02
<GCONST> 5.320190e+01
<STATE> 11
<MEAN> 39
 8.591992e-02 -1.737527e+01 -1.285818e+01 -2.570177e+00 5.859911e+00 -2.105884e+00 -1.462348e+00 -4.455980e+00 1.143495e+00 -3.983743e+00 1.257462e-01 -4.834130e+00 2.536930e-01 -4.443609e-01 7.997854e-01 1.002484e+00 -6.738903e-02 -2.874303e-01 -2.757843e-02 -1.707693e-01 3.234746e-02 3.127625e-01 4.876370e-01 5.712788e-01 2.970302e-01 -2.801612e-02 -8.311179e-02 1.435988e-01 2.055104e-01 1.476476e-02 -2.232428e-02 5.444613e-02 -6.486177e-02 -9.003042e-02 -8.532397e-02 -8.427636e-02 -3.382251e-02 -9.586182e-03 -4.817870e-03
<VARIANCE> 39
 3.868058e+00 6.994650e+00 1.610799e+01 7.571057e+00 6.127702e+00 1.043419e+01 9.167133e+00 2.192852e+01 8.091343e+00 1.684080e+01 1.549987e+01 1.144987e+01 1.000000e-02 5.481119e-01 1.438335e+00 3.176227e+00 7.841896e-01 4.201890e-01 1.176311e+00 7.856361e-01 1.831637e+00 5.452483e-01 1.322610e+00 1.748457e+00 1.280690e+00 1.000000e-02 7.064913e-02 2.734834e-01 7.088554e-01 2.134010e-01 5.569044e-02 2.020946e-01 1.465830e-01 4.585322e-01 1.195744e-01 3.648747e-01 3.427920e-01 2.305644e-01 1.000000e-02
<GCONST> 6.763931e+01
<STATE> 12
<MEAN> 39
 -4.373269e+00 -1.180247e+01 -5.811789e+00 -2.768793e+00 4.621020e+00 -1.607683e+00 -7.925816e-01 -3.697599e+00 7.595149e-01 -2.295099e+00 2.085307e+00 -3.222127e+00 -9.042424e-03 -4.723431e-01 6.254261e-01 1.088275e+00 3.549348e-01 -4.940683e-02 5.768761e-03 1.858857e-01 -5.199916e-02 -2.454791e-01 -1.741387e-01 1.186902e-01 1.148189e-01 -2.517137e-02 1.162405e-01 -1.887027e-01 -2.497304e-01 3.796492e-02 5.665644e-02 2.257070e-02 1.634591e-01 -7.975744e-02 -6.931286e-02 1.748529e-02 5.727265e-02 -9.926946e-03 8.456717e-03
<VARIANCE> 39
 2.680284e+00 2.986799e+00 9.983712e+00 5.388593e+00 5.456769e+00 9.115522e+00 1.090557e+01 5.914693e+00 1.025498e+01 1.272167e+01 6.825294e+00 9.984293e+00 1.000000e-02 5.078314e-01 7.168743e-01 1.544607e+00 3.933991e-01 8.505243e-01 1.110447e+00 1.747436e+00 1.155170e+00 1.157275e+00 1.852234e+00 7.769342e-01 1.830501e+00 1.000000e-02 1.256094e-01 7.809302e-02 1.844769e-01 9.667999e-02 1.532948e-01 2.759538e-01 3.343201e-01 1.633224e-01 2.248101e-01 3.166975e-01 1.072091e-01 3.936456e-01 1.000000e-02
<GCONST> 6.081541e+01
<TRANSP> 13
 0.000000e+00 1.000000e+00 0.000000e+00 0.000000e+00 0.000000e+00 0.000000e+00 0.000000e+00 0.000000e+00 0.000000e+00 0.000000e+00 0.000000e+00 0.000000e+00 0.000000e+00
 0.000000e+00 8.148148e-01 1.851852e-01 0.000000e+00 0.000000e+00 0.000000e+00 0.000000e+00 0.000000e+00 0.000000e+00 0.000000e+00 0.000000e+00 0.000000e+00 0.000000e+00
 0.000000e+00 0.000000e+00 8.437500e-01 1.562500e-01 0.000000e+00 0.000000e+00 0.000000e+00 0.000000e+00 0.000000e+00 0.000000e+00 0.000000e+00 0.000000e+00 0.000000e+00
 0.000000e+00 0.000000e+00 0.000000e+00 7.619048e-01 2.380952e-01 0.000000e+00 0.000000e+00 0.000000e+00 0.000000e+00 0.000000e+00 0.000000e+00 0.000000e+00 0.000000e+00
 0.000000e+00 0.000000e+00 0.000000e+00 0.000000e+00 8.214286e-01 1.785714e-01 0.000000e+00 0.000000e+00 0.000000e+00 0.000000e+00 0.000000e+00 0.000000e+00 0.000000e+00
 0.000000e+00 0.000000e+00 0.000000e+00 0.000000e+00 0.000000e+00 8.387097e-01 1.612903e-01 0.000000e+00 0.000000e+00 0.000000e+00 0.000000e+00 0.000000e+00 0.000000e+00
 0.000000e+00 0.000000e+00 0.000000e+00 0.000000e+00 0.000000e+00 0.000000e+00 7.727273e-01 2.272727e-01 0.000000e+00 0.000000e+00 0.000000e+00 0.000000e+00 0.000000e+00
 0.000000e+00 0.000000e+00 0.000000e+00 0.000000e+00 0.000000e+00 0.000000e+00 0.000000e+00 8.648649e-01 1.351351e-01 0.000000e+00 0.000000e+00 0.000000e+00 0.000000e+00
 0.000000e+00 0.000000e+00 0.000000e+00 0.000000e+00 0.000000e+00 0.000000e+00 0.000000e+00 0.000000e+00 8.214286e-01 1.785714e-01 0.000000e+00 0.000000e+00 0.000000e+00
 0.000000e+00 0.000000e+00 0.000000e+00 0.000000e+00 0.000000e+00 0.000000e+00 0.000000e+00 0.000000e+00 0.000000e+00 8.387097e-01 1.612903e-01 0.000000e+00 0.000000e+00
 0.000000e+00 0.000000e+00 0.000000e+00 0.000000e+00 0.000000e+00 0.000000e+00 0.000000e+00 0.000000e+00 0.000000e+00 0.000000e+00 7.727273e-01 2.272727e-01 0.000000e+00
 0.000000e+00 0.000000e+00 0.000000e+00 0.000000e+00 0.000000e+00 0.000000e+00 0.000000e+00 0.000000e+00 0.000000e+00 0.000000e+00 0.000000e+00 8.387097e-01 1.612903e-01
 0.000000e+00 0.000000e+00 0.000000e+00 0.000000e+00 0.000000e+00 0.000000e+00 0.000000e+00 0.000000e+00 0.000000e+00 0.000000e+00 0.000000e+00 0.000000e+00 0.000000e+00
<ENDHMM>
