~o
<STREAMINFO> 1 26
<VECSIZE> 26<NULLD><MFCC_E_D><DIAGC>
~h "Ba"
<BEGINHMM>
<NUMSTATES> 39
<STATE> 2
<MEAN> 26
 -6.406895e+00 -8.653035e+00 -2.107922e+00 -1.819255e+00 6.482759e-02 -5.238916e+00 1.883230e+00 -7.298514e-01 3.470288e-02 -1.559998e+00 8.869442e-01 -4.130057e+00 -1.207188e-01 6.106740e-01 4.359821e-01 -2.277247e-01 -5.499155e-01 -9.044267e-02 1.528913e-01 2.672058e-01 6.446268e-02 4.500660e-01 2.901985e-01 3.223998e-01 -2.123875e-01 3.896557e-02
<VARIANCE> 26
 2.628924e+00 2.984826e+00 2.363746e+00 1.791347e+00 5.737147e+00 4.533232e+00 7.194735e+00 5.748071e+00 8.985675e+00 1.004136e+01 5.866290e+00 6.591560e+00 5.000000e-02 1.272837e+00 2.964472e-01 3.663088e-01 4.486824e-01 9.874550e-01 6.322048e-01 8.675312e-01 1.188480e+00 7.497814e-01 1.871811e+00 5.700516e-01 5.549196e-01 5.000000e-02
<GCONST> 5.640167e+01
<STATE> 3
<MEAN> 26
 -4.103383e+00 -6.946942e+00 -2.238537e+00 -4.840104e+00 -1.426206e+00 -4.785735e+00 2.362143e+00 -4.679368e-01 6.668293e-01 -2.910044e+00 8.511575e-02 -2.260085e+00 8.715658e-03 2.908841e+00 4.464899e-02 -1.292137e+00 -1.359398e+00 -1.283928e+00 -1.720547e+00 -1.759748e+00 -1.046750e+00 -4.211484e-01 -2.107199e+00 -1.505961e+00 -7.950361e-01 1.348622e-01
<VARIANCE> 26
 5.004043e+00 7.380060e+00 4.036585e+00 5.997409e+00 7.313235e+00 1.510281e+01 1.738373e+01 1.758698e+01 3.510964e+00 2.815754e+01 2.733873e+00 9.393547e+00 5.000000e-02 1.456592e+00 4.936998e-01 6.191111e-01 1.291502e-01 6.284651e-01 1.295339e+00 1.998535e-01 1.777681e-01 4.467400e-01 4.740649e-01 6.460586e-01 8.748424e-01 5.000000e-02
<GCONST> 5.833391e+01
<STATE> 4
<MEAN> 26
 3.633626e+00 -7.972366e+00 -7.158977e+00 -7.228505e+00 -2.896664e+00 -1.082106e+01 -2.631042e+00 -3.766384e+00 -4.169378e-01 -7.038687e+00 -4.388443e+00 -5.640508e+00 3.153587e-01 3.088450e+00 -1.296093e+00 -2.540910e+00 -8.097944e-01 -1.099651e+00 -1.763783e+00 -1.867039e+00 -1.147966e+00 -4.836297e-01 -1.269825e+00 -2.122092e+00 -1.801084e+00 1.709946e-01
<VARIANCE> 26
 1.392544e+01 1.477270e+00 4.566535e+00 2.783149e+00 1.333128e+01 4.945276e+00 7.482689e-01 2.581743e+00 1.341948e+01 2.380901e+01 1.671791e+00 4.399213e+00 5.000000e-02 1.395184e+00 8.894907e-01 8.136953e-01 9.112327e-01 1.774197e+00 2.551897e+00 3.777915e-01 1.161825e+00 6.061944e-01 8.024915e-01 3.672510e-01 1.848466e+00 5.000000e-02
<GCONST> 5.946432e+01
<STATE> 5
<MEAN> 26
 8.680507e+00 -1.157821e+01 -1.149678e+01 -7.159441e+00 -6.968915e+00 -1.321837e+01 -4.487340e+00 -5.772091e+00 -3.524841e+00 -8.316510e+00 -7.622681e+00 -9.178333e+00 5.610237e-01 -2.730151e-01 -2.917792e+00 -3.850493e+00 3.720475e-01 2.947676e-01 -8.825435e-02 2.739511e+00 -9.735746e-01 2.271327e+00 -5.811058e-01 -1.000746e+00 -1.388261e+00 1.270920e-01
<VARIANCE> 26
 6.256227e+00 2.026327e+00 2.632208e+00 2.548448e+00 9.682605e+00 1.503429e+01 2.496314e+00 3.843299e+00 6.074937e+00 7.780610e+00 1.120496e+01 5.814725e+00 5.000000e-02 2.540477e+00 5.561640e-01 5.155479e-01 8.775270e-01 1.533326e+00 1.315989e+00 4.543504e+00 1.769253e+00 2.188837e+00 2.291081e+00 6.180213e-01 4.157893e-01 5.000000e-02
<GCONST> 6.410317e+01
<STATE> 6
<MEAN> 26
 9.714089e-01 -1.761208e+01 -1.851873e+01 -6.597141e+00 -3.052308e+00 -1.008661e+01 2.566802e+00 -6.519061e+00 6.588405e+00 -8.163784e+00 -7.225989e+00 -1.054902e+01 7.647780e-01 -3.483574e+00 -2.619370e+00 -3.765895e+00 1.674134e+00 1.916330e+00 8.854279e-01 5.483431e+00 -8.306722e-01 1.951424e+00 -1.558538e+00 1.000927e+00 2.493052e+00 9.933290e-02
<VARIANCE> 26
 3.789877e+01 9.960404e+00 1.868618e+01 6.087716e+00 8.084270e+00 2.197535e+01 7.451275e+01 3.064815e+01 1.228006e+01 1.784898e+01 6.510970e+00 9.962729e+00 5.000000e-02 5.177541e-01 3.738419e-01 1.305233e+00 5.669042e-01 3.855778e+00 6.454082e-01 3.967704e+00 1.738029e+00 3.593505e+00 7.329181e-01 6.436103e-01 1.501279e+00 5.000000e-02
<GCONST> 7.676991e+01
<STATE> 7
<MEAN> 26
 -3.857558e+00 -2.031915e+01 -2.394843e+01 -5.940944e-01 1.925031e+00 -9.499737e+00 1.700159e+01 -8.187178e+00 5.758504e+00 -1.352289e+01 -2.905772e+00 -2.360166e-01 8.654406e-01 -2.054084e+00 -1.271093e+00 -2.432280e+00 1.684135e+00 1.726743e+00 5.250527e-01 3.410830e+00 -1.609557e+00 -1.196598e-01 -1.847748e+00 1.386233e+00 3.026702e+00 5.159819e-02
<VARIANCE> 26
 1.978187e+01 1.951362e-01 2.174205e+01 4.824235e+00 1.328034e+01 3.022898e+01 5.154781e+01 2.911249e+01 2.048522e+01 1.883990e+01 3.681600e+00 9.336655e+00 5.000000e-02 1.746901e+00 5.775093e-01 1.670764e+00 3.910852e-01 2.430079e+00 1.372614e+00 5.269855e+00 1.023530e+00 1.772131e+00 3.304380e+00 4.613464e-01 8.048304e-01 5.000000e-02
<GCONST> 7.384855e+01
<STATE> 8
<MEAN> 26
 -5.248055e+00 -2.049491e+01 -2.694755e+01 -3.769951e-01 2.786554e+00 -9.874681e+00 1.490289e+01 -1.290488e+01 4.635623e+00 -1.401750e+01 -4.009537e+00 -9.992012e-01 9.155362e-01 -1.299418e+00 -5.920373e-01 -5.102124e-01 3.314471e-01 9.685767e-01 2.312533e-01 -9.101557e-01 -9.153271e-01 -6.679199e-01 3.479061e-01 4.764228e-01 1.026387e+00 3.025240e-02
<VARIANCE> 26
 1.475349e+01 3.316737e+00 1.366840e+01 7.010056e+00 3.666191e+01 3.535172e+01 4.428323e+01 1.581366e+01 8.304193e+00 1.775212e+01 4.860157e+00 4.153183e+00 5.000000e-02 7.809048e-01 1.078142e-01 7.200330e-01 9.905766e-02 1.019489e+00 6.929980e-01 1.790922e+00 1.149282e+00 1.446654e+00 1.250006e-01 4.625328e-01 8.072751e-01 5.000000e-02
<GCONST> 6.452698e+01
<STATE> 9
<MEAN> 26
 -7.557331e+00 -2.297751e+01 -2.239594e+01 -1.364572e+00 1.771902e+00 -4.884218e+00 1.023524e+01 -9.310814e+00 5.997591e+00 -9.993412e+00 -1.777477e+00 2.205192e+00 9.617941e-01 -2.220767e-01 -6.595181e-01 7.612617e-01 -7.196732e-02 6.400869e-01 7.245494e-01 -8.220138e-01 4.288863e-01 2.790763e-01 2.147515e-01 -6.620331e-02 1.049741e-01 1.455183e-02
<VARIANCE> 26
 6.738488e+00 4.022264e+00 1.595812e+01 6.817849e+00 1.361311e+01 2.718982e+01 1.769367e+01 9.107081e+00 7.767944e+00 1.020540e+01 5.101235e+00 7.245652e+00 5.000000e-02 1.414488e-01 2.844818e-01 7.639667e-01 2.676466e-01 4.882956e-01 1.895210e-01 4.136053e-01 4.629041e-01 7.589533e-01 9.994398e-01 4.064403e-01 3.840984e-01 5.000000e-02
<GCONST> 5.779453e+01
<STATE> 10
<MEAN> 26
 -5.576351e+00 -2.214737e+01 -2.515968e+01 -3.623147e-01 6.662971e+00 -8.606437e+00 1.172889e+01 -9.483991e+00 5.151649e+00 -1.302296e+01 -3.454277e+00 2.617625e-01 9.698097e-01 -1.962580e-02 5.347916e-02 1.524740e-01 3.640083e-01 3.179451e-01 8.159626e-01 -4.898413e-01 1.080774e+00 -1.057736e-01 -4.117593e-01 3.088711e-01 9.811465e-02 9.241937e-03
<VARIANCE> 26
 1.163208e+01 3.684219e+00 3.955293e+01 7.678321e+00 2.442173e+01 5.375444e+01 4.203935e+01 1.790163e+01 2.759220e+00 1.139691e+01 9.265848e+00 1.139596e+01 5.000000e-02 6.043582e-02 5.000000e-02 3.917926e-01 4.636331e-01 1.053873e+00 2.104699e-01 1.061123e+00 8.380738e-01 1.211917e+00 8.432974e-01 1.279836e+00 3.910915e-01 5.000000e-02
<GCONST> 6.337733e+01
<STATE> 11
<MEAN> 26
 -6.380831e+00 -2.330147e+01 -2.373311e+01 7.553799e-02 4.701066e+00 -4.995709e+00 1.128262e+01 -7.812921e+00 4.052369e+00 -1.461315e+01 -1.278968e+00 -6.136013e-01 9.852408e-01 -2.104399e-01 -2.297004e-01 3.307116e-01 1.506134e-01 -2.346797e-01 1.215286e+00 2.872913e-02 5.578840e-01 -6.619195e-01 -7.727541e-01 5.805802e-01 -1.571565e-01 3.636207e-03
<VARIANCE> 26
 1.225498e+01 5.446930e+00 2.941575e+01 5.970717e+00 3.548647e+01 4.703875e+01 2.979915e+01 4.623027e+00 1.993743e+01 9.247108e+00 7.181658e+00 1.494663e+01 5.000000e-02 5.000000e-02 1.265629e-01 4.982235e-01 3.206107e-01 2.551678e-01 2.159013e-01 1.270563e+00 4.360833e-01 1.228842e+00 7.259741e-01 8.721817e-02 5.305554e-01 5.000000e-02
<GCONST> 5.982773e+01
<STATE> 12
<MEAN> 26
 -6.907922e+00 -2.322519e+01 -2.165990e+01 3.743847e-01 5.257191e+00 -1.976846e+00 1.080206e+01 -5.821761e+00 3.520568e+00 -1.390291e+01 -6.838928e-01 6.619977e-01 9.914780e-01 -2.735170e-01 -3.511653e-02 6.810420e-01 -3.542180e-01 7.978818e-02 6.122649e-01 -7.091716e-02 1.854402e-01 1.045767e-01 -3.279938e-01 3.986074e-01 -8.011922e-02 7.457278e-04
<VARIANCE> 26
 7.944300e+00 8.954117e-01 2.082345e+01 1.995048e+00 2.721657e+01 5.269961e+01 1.829342e+01 1.014411e+01 1.938158e+01 7.675437e+00 1.456187e+01 6.121300e+00 5.000000e-02 5.000000e-02 9.438342e-02 4.083326e-01 2.224013e-01 6.221167e-01 9.027705e-02 3.569240e-01 2.579533e-01 5.188860e-01 1.762179e-01 1.112532e-01 7.005436e-01 5.000000e-02
<GCONST> 5.150274e+01
<STATE> 13
<MEAN> 26
 -7.680815e+00 -2.380148e+01 -2.152647e+01 -1.709085e+00 4.249949e+00 -2.456486e+00 1.081387e+01 -6.473417e+00 3.508188e+00 -1.567490e+01 -1.752895e-01 -8.289707e-01 9.894193e-01 -4.877386e-01 1.986220e-02 -1.972280e-01 -3.523116e-01 -2.824216e-01 -2.135328e-02 4.024920e-02 -3.741511e-01 -1.394978e-01 -7.588044e-01 6.587733e-02 -4.852978e-01 -4.321280e-03
<VARIANCE> 26
 1.199482e+01 8.756962e+00 7.280821e+00 8.205289e+00 4.429570e+01 3.326798e+01 3.311111e+01 3.887098e-01 1.602063e+01 9.353986e+00 1.331989e+01 5.739058e+00 5.000000e-02 1.590814e-01 2.662991e-01 2.865498e-01 3.752464e-01 4.065710e-01 2.637039e-01 4.206853e-01 5.603607e-01 2.574530e-01 3.398806e-01 2.457285e-01 6.919532e-01 5.000000e-02
<GCONST> 5.645704e+01
<STATE> 14
<MEAN> 26
 -6.569135e+00 -2.300902e+01 -2.481978e+01 4.977329e-01 6.518050e+00 -4.959347e+00 1.136299e+01 -8.728699e+00 6.171047e+00 -1.679043e+01 -2.025074e+00 -6.693066e-01 9.802940e-01 2.708995e-02 1.694373e-01 -1.905309e-01 6.373219e-01 -8.363200e-01 6.109554e-01 -1.041203e-01 -2.871872e-01 3.301237e-01 -7.172368e-01 4.918546e-01 -1.411376e-02 -7.012599e-03
<VARIANCE> 26
 1.248455e+01 1.851805e+00 3.108735e+01 1.354934e+01 4.554319e+01 3.788657e+01 9.589668e+00 4.569157e+00 2.693083e+01 2.324054e+01 1.441107e+01 1.394053e+01 5.000000e-02 2.145990e-01 5.241945e-01 2.070107e-01 1.037653e+00 6.856923e-01 8.443515e-01 5.523176e-01 3.014337e-01 6.393507e-01 2.320985e-01 7.986023e-01 2.742287e-01 5.000000e-02
<GCONST> 6.446354e+01
<STATE> 15
<MEAN> 26
 -9.219238e+00 -2.314765e+01 -2.057167e+01 -1.908566e+00 8.526583e-01 4.948772e-01 8.888684e+00 -6.927394e+00 4.036592e+00 -1.742924e+01 1.432258e-02 5.679836e-01 9.478126e-01 -3.000969e-01 3.780595e-03 -3.257124e-01 -5.378719e-01 -6.117287e-01 -2.872419e-01 -2.576784e-01 -8.388810e-02 -2.151699e-01 -2.703326e-01 2.120463e-01 -1.121114e-02 -1.163278e-02
<VARIANCE> 26
 7.409054e+00 1.956200e+00 2.237840e+01 1.182925e+01 1.289578e+01 2.540989e+01 8.338669e+00 5.766589e+00 1.537905e+01 5.582333e+00 6.789667e+00 9.418430e+00 5.000000e-02 5.000000e-02 8.452041e-02 1.168556e-01 1.562638e-01 2.546923e-01 2.372094e-01 1.663279e-01 5.000000e-02 2.457936e-01 3.117729e-01 8.803217e-01 5.744516e-01 5.000000e-02
<GCONST> 4.800531e+01
<STATE> 16
<MEAN> 26
 -7.958189e+00 -2.230732e+01 -2.393334e+01 -1.387728e+00 3.001027e+00 -4.067906e+00 1.045821e+01 -8.349218e+00 1.976201e+00 -1.848058e+01 -8.041839e-01 -2.495203e+00 9.380199e-01 1.970073e-01 3.397886e-01 -4.093559e-02 4.565296e-01 -5.807015e-02 1.435857e-01 5.602205e-01 2.796895e-02 1.142573e-01 -3.295582e-01 1.418841e-01 1.983788e-02 -9.795322e-03
<VARIANCE> 26
 1.077678e+01 1.921078e+00 3.260443e+01 2.033325e+01 3.293232e+01 2.828901e+01 1.886532e+01 3.538764e+00 3.130407e+01 5.967431e+00 8.690789e+00 1.514947e+01 5.000000e-02 5.133797e-02 9.082196e-02 1.391217e-01 2.028619e-01 5.778937e-02 4.261325e-01 3.447619e-01 7.924200e-01 2.821539e-01 2.406881e-01 3.280342e-01 5.617596e-01 5.000000e-02
<GCONST> 5.415044e+01
<STATE> 17
<MEAN> 26
 -7.204764e+00 -2.217223e+01 -2.345249e+01 1.136520e+00 2.526376e+00 -2.591789e+00 1.125359e+01 -7.846061e+00 6.996942e+00 -1.704786e+01 1.347285e+00 1.118300e+00 9.331633e-01 2.260062e-01 3.172098e-01 3.319444e-01 3.166044e-01 3.156389e-01 1.043674e-01 3.678792e-01 3.366933e-01 7.184142e-01 -8.872272e-02 8.507019e-01 7.536601e-01 -1.268711e-02
<VARIANCE> 26
 1.358618e+01 4.998558e-01 2.215463e+01 2.208683e+01 2.358531e+01 2.269897e+01 1.782938e+01 1.063714e+01 3.396113e+01 1.291844e+01 1.548359e+01 1.642369e+01 5.000000e-02 6.482768e-02 1.474704e-01 2.118148e-01 4.688230e-01 2.148829e-01 3.954246e-01 3.928360e-01 2.370918e-01 4.838944e-01 8.104707e-02 1.655864e-01 2.166855e-01 5.000000e-02
<GCONST> 5.468747e+01
<STATE> 18
<MEAN> 26
 -8.851364e+00 -2.162509e+01 -2.191776e+01 -1.306364e+00 3.168293e+00 -1.456832e+00 1.170471e+01 -6.371900e+00 6.259780e+00 -1.793776e+01 2.721059e+00 1.276631e+00 8.934271e-01 3.356150e-02 1.844603e-01 2.436761e-01 -2.902358e-01 5.569259e-01 -9.412229e-01 -3.287574e-01 -4.432521e-01 3.615545e-01 -2.756786e-01 -3.863831e-01 -3.372035e-01 -2.496177e-02
<VARIANCE> 26
 1.586088e+01 1.088437e+00 9.245621e+00 1.808919e+01 2.739084e+01 1.595918e+01 2.966589e+00 1.965550e+00 1.559492e+01 3.703025e+00 1.410819e+01 9.398902e+00 5.000000e-02 2.301246e-01 3.348912e-01 5.000000e-02 9.916410e-01 2.721628e-01 7.564881e-01 1.000188e+00 5.316369e-01 2.608710e+00 8.171279e-01 1.062935e+00 1.395856e+00 5.000000e-02
<GCONST> 5.992048e+01
<STATE> 19
<MEAN> 26
 -6.744657e+00 -2.105966e+01 -2.269290e+01 5.266288e-01 3.587237e+00 -5.272717e+00 1.172781e+01 -8.501491e+00 5.083294e+00 -2.002012e+01 5.100241e-01 6.492464e-02 8.643788e-01 3.198249e-01 4.263837e-02 -8.427597e-03 -2.930799e-01 -4.162078e-01 -9.451695e-01 8.970733e-02 -4.896196e-01 2.166248e-01 -7.083509e-01 5.160388e-01 -3.171213e-01 -1.802793e-02
<VARIANCE> 26
 1.397162e+01 4.572734e+00 4.267538e+01 2.435807e+01 3.711503e+01 2.560493e+01 2.216861e+01 3.978994e+00 8.964335e+00 1.997034e+01 7.617703e+00 2.834518e+01 5.000000e-02 9.009071e-02 5.966886e-01 2.493374e-01 3.151689e-01 1.569646e-01 4.065671e-01 1.721793e+00 5.074356e-01 9.164172e-01 5.979298e-01 4.998420e-01 1.918297e+00 5.000000e-02
<GCONST> 6.579865e+01
<STATE> 20
<MEAN> 26
 -7.418720e+00 -2.055335e+01 -2.103918e+01 -2.495668e+00 1.351238e+00 -5.162948e+00 8.873209e+00 -8.885036e+00 9.346506e+00 -1.744810e+01 3.248414e+00 2.115402e+00 8.006246e-01 5.121431e-01 2.499412e-01 1.187366e-01 1.159532e-01 -2.866339e-01 -2.342088e-01 -4.821393e-02 -5.922225e-01 4.590121e-01 -8.314958e-01 -1.817403e-01 -5.661309e-01 -2.918859e-02
<VARIANCE> 26
 9.642407e+00 5.052080e+00 5.718989e+00 1.937743e+01 2.425379e+01 6.834630e+00 3.396328e+01 4.300472e+00 1.243728e+01 1.695261e+01 9.271343e+00 3.016316e+01 5.000000e-02 1.760193e-01 4.653406e-01 2.919553e-01 1.207222e-01 6.378620e-01 1.013999e+00 1.583901e+00 5.493166e-01 2.662199e-01 1.056175e+00 9.522229e-01 4.740276e-01 5.000000e-02
<GCONST> 6.297975e+01
<STATE> 21
<MEAN> 26
 -4.244869e+00 -2.199535e+01 -2.352908e+01 1.321960e+00 2.809096e+00 -9.185813e+00 1.255209e+01 -1.191750e+01 7.133543e+00 -2.193655e+01 3.044814e+00 -1.972999e+00 7.850165e-01 3.877768e-01 -4.125115e-02 5.845793e-01 6.572193e-02 -3.787320e-01 -7.691298e-01 -3.115028e-01 -3.727128e-01 1.625750e-01 -3.394789e-01 4.787121e-01 8.060685e-01 -3.146090e-02
<VARIANCE> 26
 1.891606e+01 7.568164e+00 1.583151e+01 1.990222e+01 1.263676e+01 2.684486e+01 2.276489e+01 9.262205e+00 1.062609e+01 3.048327e+00 1.124642e+01 2.411353e+01 5.000000e-02 9.815331e-02 1.123734e-01 1.655146e-01 2.747653e-01 2.561520e+00 1.632805e+00 1.427548e+00 7.275455e-01 5.885670e-01 1.543716e+00 8.540686e-01 1.677610e+00 5.000000e-02
<GCONST> 6.690353e+01
<STATE> 22
<MEAN> 26
 -5.506270e+00 -2.072265e+01 -1.928636e+01 -5.505572e-01 3.244831e+00 -4.931503e+00 1.055394e+01 -8.664467e+00 6.867781e+00 -2.071658e+01 2.209632e+00 7.029763e-01 7.069372e-01 -1.011800e-01 -1.142441e-01 5.398463e-01 -1.229089e-01 5.327003e-01 3.998531e-01 7.882361e-01 6.660341e-01 1.630302e-01 -1.262362e+00 1.600513e-01 1.819041e-01 -3.286987e-02
<VARIANCE> 26
 1.460308e+01 1.153779e+01 2.617786e+00 1.456717e+01 2.923728e+01 3.938234e+01 8.090628e+00 4.708172e+00 2.641875e+01 3.326722e+00 1.943427e+01 1.298304e+01 5.000000e-02 1.579484e+00 9.063503e-01 9.529728e-01 8.256103e-01 1.423140e+00 1.256528e+00 2.554000e+00 5.858073e-01 1.927216e+00 7.962494e-01 1.647004e+00 1.784954e+00 5.000000e-02
<GCONST> 7.386647e+01
<STATE> 23
<MEAN> 26
 -6.978060e+00 -2.164327e+01 -1.983005e+01 -1.453668e+00 1.217002e+00 -4.881264e+00 1.077560e+01 -8.856296e+00 8.390354e+00 -2.447059e+01 2.312579e+00 -1.396710e-01 6.472030e-01 1.401090e-03 -3.693796e-01 5.996529e-01 1.642759e-01 -1.735270e-01 7.336710e-01 -4.016693e-01 2.864329e-01 -2.156495e-01 -1.227600e+00 -8.999357e-01 -2.665894e-01 -4.323496e-02
<VARIANCE> 26
 1.320119e+01 1.000682e+01 1.493083e+01 9.077946e+00 2.611021e+01 4.411374e+01 3.300598e+01 1.584375e+01 1.874889e+01 5.070747e+00 2.480908e+00 1.038290e+01 5.000000e-02 1.360523e+00 2.745857e+00 1.586420e+00 7.040928e-01 1.457346e+00 6.011120e-01 1.042013e+00 1.296957e+00 3.569446e+00 5.555151e-01 6.412982e-01 6.926244e-01 5.000000e-02
<GCONST> 7.416859e+01
<STATE> 24
<MEAN> 26
 -5.063876e+00 -2.241365e+01 -1.949825e+01 -3.689935e-01 3.721357e+00 -5.558236e+00 1.098920e+01 -9.304849e+00 8.058128e+00 -2.623521e+01 1.036104e-01 -2.438846e-01 5.950373e-01 1.011203e+00 -4.990417e-01 2.315404e+00 -2.540933e-01 -5.217029e-01 9.394000e-01 -1.124685e+00 1.533477e+00 -1.919746e+00 9.627805e-01 -1.031444e+00 8.322905e-01 -5.103358e-02
<VARIANCE> 26
 1.749022e+01 7.281035e+00 3.666422e+01 7.491750e+00 2.069459e+01 8.830727e+01 3.949607e+01 1.337648e+01 1.146189e+01 1.112087e+01 6.194084e+00 1.274708e+01 5.000000e-02 5.987151e-01 4.949480e-01 3.563315e-01 6.713451e-01 2.254557e+00 7.508166e-01 1.574853e+00 1.194521e+00 5.982696e+00 1.388092e+00 6.413158e-01 1.374264e+00 5.000000e-02
<GCONST> 7.575510e+01
<STATE> 25
<MEAN> 26
 -3.119136e+00 -2.267923e+01 -1.187356e+01 -2.195921e-01 1.968841e-01 -2.391521e+00 7.547004e+00 -4.917599e+00 4.980050e+00 -2.347563e+01 -1.107903e+00 4.055741e+00 4.899943e-01 1.784002e+00 -1.061485e+00 1.511972e+00 -3.555995e-02 -6.615570e-01 9.208646e-01 -1.076157e+00 2.244949e+00 -1.410319e+00 2.392232e+00 -6.910565e-02 1.733773e+00 -3.924789e-02
<VARIANCE> 26
 1.022678e+01 9.347384e+00 2.390332e+01 6.807357e+00 9.637132e+00 2.621788e+01 1.172030e+01 2.134918e+01 4.248599e+01 9.944974e+00 1.300935e+01 2.867314e+00 5.000000e-02 1.182401e+00 3.775710e-01 1.781037e+00 2.208316e-01 3.310387e+00 2.234263e+00 4.338840e+00 2.897748e+00 3.156297e+00 1.169446e+00 2.123982e+00 3.203094e+00 5.000000e-02
<GCONST> 7.818140e+01
<STATE> 26
<MEAN> 26
 3.914313e-02 -2.615689e+01 -1.405076e+01 -1.743009e+00 -4.372070e-01 3.869258e-03 7.468927e+00 -5.162176e-01 -1.815808e-01 -1.706717e+01 1.313050e+00 6.268741e+00 4.621745e-01 7.975832e-01 -6.074315e-01 -3.577002e-01 -2.410242e-02 -1.064642e-01 -3.553569e-01 -8.250856e-01 1.042821e+00 -2.427354e+00 2.140810e+00 5.375757e-01 4.726811e-01 -2.142616e-02
<VARIANCE> 26
 3.589919e+00 3.943169e+00 3.092954e+00 7.926916e+00 5.461410e+00 2.570564e+01 1.385222e+01 1.092572e+01 2.644944e+01 4.485225e+00 1.261141e+01 1.060891e+01 5.000000e-02 3.198444e-01 4.853938e-01 3.234492e+00 1.106453e+00 1.035036e+00 2.301109e+00 1.878344e+00 1.531200e+00 1.595657e+00 1.454362e+00 2.373503e+00 1.819299e+00 5.000000e-02
<GCONST> 7.092039e+01
<STATE> 27
<MEAN> 26
 2.530738e-01 -2.537267e+01 -1.415748e+01 7.842942e-02 3.250678e-01 -5.111857e+00 4.813833e+00 -1.347370e+00 -3.286631e+00 -1.600622e+01 2.027775e-01 5.061138e+00 4.270560e-01 2.168344e-01 4.434360e-01 6.966296e-01 5.679154e-01 2.687592e-01 -7.494203e-01 -1.533192e+00 3.796977e-01 -1.610176e-01 1.189721e+00 1.072673e-03 -1.242242e-01 -2.810718e-02
<VARIANCE> 26
 2.596548e+00 3.042932e+00 4.167500e+00 5.636799e+00 1.282567e+00 5.180400e+01 7.829828e+00 7.905125e+00 7.590414e+00 5.873584e+00 8.683926e+00 2.190793e+01 5.000000e-02 4.331866e-01 1.535960e+00 1.125033e+00 1.487664e+00 1.000607e+00 3.073814e+00 7.597458e-01 2.224284e+00 9.675719e-01 1.030164e+00 5.027514e-01 6.148188e-01 5.000000e-02
<GCONST> 6.496287e+01
<STATE> 28
<MEAN> 26
 -8.183632e-01 -2.493441e+01 -1.220306e+01 -1.164084e+00 4.364202e-01 -3.810456e+00 2.895611e+00 4.480985e-01 7.680104e-01 -1.316794e+01 1.305019e+00 4.073483e+00 3.645287e-01 -2.721325e-01 -1.613024e-01 8.400934e-02 4.609661e-01 9.511381e-01 7.970412e-01 3.157827e-01 2.839614e-01 6.928985e-01 1.312595e+00 4.092193e-01 2.864354e-02 -2.454625e-02
<VARIANCE> 26
 4.247197e+00 4.090440e+00 7.386336e+00 2.128590e+01 9.965497e+00 1.930342e+01 2.835279e+01 1.521659e+01 8.718856e+00 1.023268e+01 9.798379e+00 1.806695e+01 5.000000e-02 5.275232e-01 1.235757e+00 4.026278e-01 5.955791e-01 7.247897e-01 1.764851e+00 7.615753e-01 3.779231e-01 7.643147e-01 1.188633e+00 4.457455e-01 1.628114e+00 5.000000e-02
<GCONST> 6.742818e+01
<STATE> 29
<MEAN> 26
 3.160150e-01 -2.493790e+01 -1.334292e+01 1.170398e+00 2.443137e+00 -1.632187e+00 4.947393e+00 -2.497846e+00 1.386122e-01 -1.179133e+01 9.216642e-01 6.794064e+00 3.515695e-01 1.052576e-01 1.536907e-01 -4.078134e-01 2.154855e-01 3.877079e-01 9.479062e-02 5.041147e-01 5.754509e-02 -1.457238e-02 3.484286e-01 -3.249334e-01 -3.252718e-01 -1.625548e-02
<VARIANCE> 26
 7.964476e+00 1.325359e+01 3.700477e+00 4.483321e+00 7.590451e+00 6.384898e+00 1.081680e+01 9.065232e+00 1.932272e+01 1.596615e+01 1.162847e+01 1.227697e+01 5.000000e-02 6.327128e-02 3.315910e-01 2.372583e-01 9.569265e-01 4.271306e-01 1.551722e+00 1.134144e+00 1.067708e+00 1.596477e+00 2.699776e-01 1.467531e+00 1.373874e+00 5.000000e-02
<GCONST> 6.271360e+01
<STATE> 30
<MEAN> 26
 -1.340465e-01 -2.450304e+01 -1.318219e+01 8.106721e-01 3.191787e+00 -3.204562e+00 4.845825e+00 1.072268e+00 -1.540853e-01 -1.173144e+01 -3.561389e-01 3.402580e+00 3.250805e-01 -3.017227e-01 -3.066128e-02 -1.947430e-01 -1.069887e-01 2.017060e-01 -3.020176e-01 3.174825e-01 7.751835e-01 -3.787898e-01 7.298361e-01 -2.169582e-01 -4.888369e-01 -2.122775e-02
<VARIANCE> 26
 3.243097e+00 1.562429e+00 8.695346e+00 2.436483e+00 1.469842e+01 1.442369e+01 7.269963e+00 3.628054e+00 3.877325e+00 9.209164e+00 5.791926e+00 1.609365e+00 5.000000e-02 5.050478e-01 3.555008e-01 1.719403e-01 3.608409e-01 8.466067e-01 8.880491e-01 1.270949e+00 6.033747e-01 1.462028e+00 1.788951e+00 3.726805e-01 7.215617e-01 5.000000e-02
<GCONST> 5.550629e+01
<STATE> 31
<MEAN> 26
 -8.585952e-01 -2.513375e+01 -1.455165e+01 9.523883e-01 3.348834e+00 -3.483636e+00 6.898851e+00 8.504832e-01 -3.270314e+00 -1.108104e+01 1.857498e+00 5.769058e+00 2.787769e-01 -3.500755e-01 3.157874e-01 1.238995e-01 3.483315e-01 3.953333e-01 -5.637276e-01 -5.135195e-01 3.116358e-01 3.097458e-01 1.009729e-01 4.080620e-01 5.560820e-01 -2.671626e-02
<VARIANCE> 26
 1.240471e+00 1.831174e+00 2.659753e+00 3.128926e+00 9.677826e+00 4.736404e+00 1.198768e+01 8.546439e+00 1.407708e+01 1.794258e+01 1.728175e+01 1.637771e+01 5.000000e-02 1.694646e-01 1.370144e-01 4.185558e-01 5.680373e-02 9.769398e-01 6.497973e-01 2.708491e-01 3.564303e-01 1.945930e+00 7.321579e-01 4.396125e-01 7.356171e-01 5.000000e-02
<GCONST> 5.329548e+01
<STATE> 32
<MEAN> 26
 -1.551760e+00 -2.369974e+01 -1.380152e+01 1.170034e+00 2.973694e+00 -5.770441e+00 2.734434e+00 8.810367e-01 -9.602038e-01 -1.101108e+01 5.471941e-01 2.663698e+00 2.406417e-01 -1.476107e-01 9.059318e-01 2.584895e-02 -2.958438e-01 -3.402781e-01 -7.165139e-01 -4.644501e-01 -5.705389e-01 -3.198421e-01 8.326905e-01 4.646346e-01 -5.068659e-01 -2.243810e-02
<VARIANCE> 26
 1.295767e+00 4.149046e-01 1.322516e+00 3.422603e+00 4.246053e+00 1.904450e+00 4.616971e+00 3.642222e+00 5.801280e+00 9.472910e+00 3.016989e+00 9.570825e+00 5.000000e-02 2.635807e-01 6.142490e-01 1.297423e+00 2.513653e-01 7.469819e-01 8.916278e-01 2.580950e+00 4.894347e-01 9.727695e-01 4.115251e-01 1.063603e+00 1.247409e-01 5.000000e-02
<GCONST> 4.891535e+01
<STATE> 33
<MEAN> 26
 -1.304647e+00 -2.210648e+01 -1.346986e+01 7.731479e-01 2.433030e+00 -3.444353e+00 6.125959e+00 1.081054e+00 -2.522048e-01 -9.321225e+00 2.877893e+00 4.818563e+00 2.106061e-01 5.306358e-01 1.592295e+00 1.296802e+00 -3.768832e-01 -4.260723e-01 -5.603756e-01 -9.923069e-01 -1.719652e+00 -1.196723e+00 3.735904e-01 -6.754065e-01 -9.918609e-01 -6.217694e-03
<VARIANCE> 26
 1.220924e+00 7.319567e+00 9.976658e+00 1.254432e+01 5.897832e+00 2.369246e+00 3.072072e+00 3.862234e+00 1.004131e+01 9.883863e+00 7.496686e+00 2.037775e+00 5.000000e-02 4.008043e-01 9.843872e-01 5.858004e-01 4.142784e-01 4.054714e-01 7.881613e-01 8.858392e-01 7.646501e-01 4.226136e-01 8.370661e-01 3.554713e-01 1.213500e+00 5.000000e-02
<GCONST> 5.549142e+01
<STATE> 34
<MEAN> 26
 -8.284174e-01 -2.043137e+01 -1.025920e+01 7.544509e-01 2.646744e+00 -7.494892e+00 1.187894e+00 -2.985462e+00 -4.320955e+00 -9.315065e+00 -1.120184e+00 1.047296e+00 2.201395e-01 2.666915e-01 1.038414e+00 1.398828e+00 4.543965e-01 7.756873e-01 1.513886e-01 -3.019944e-01 -7.565410e-01 -8.241404e-01 -2.098087e-01 -4.920187e-01 -1.097866e-01 -2.472044e-03
<VARIANCE> 26
 4.234851e+00 1.086142e+01 8.341557e+00 7.967285e+00 5.044297e+00 1.014540e+01 8.432343e+00 8.346820e+00 1.895389e+01 8.643048e+00 1.362650e+01 5.127809e+00 5.000000e-02 3.437704e-01 6.911528e-01 5.530201e-01 3.166984e-01 1.196719e-01 5.756882e-01 5.150229e-01 6.206856e-01 3.732294e-01 1.103045e+00 8.029149e-01 1.683953e-01 5.000000e-02
<GCONST> 5.746976e+01
<STATE> 35
<MEAN> 26
 9.379813e-02 -1.818616e+01 -8.417500e+00 1.813675e+00 5.433189e+00 -3.764812e+00 3.214027e+00 -2.394696e+00 -3.930117e+00 -1.071867e+01 -3.430000e-01 2.981839e+00 2.001871e-01 -4.992595e-01 1.481185e-01 3.963088e-01 1.726061e-01 -1.197519e-01 1.277034e-03 4.497937e-01 4.156787e-01 6.020304e-02 -5.255222e-01 -9.093977e-02 1.189988e-01 -2.643478e-02
<VARIANCE> 26
 5.307046e+00 6.205070e+00 3.021581e+00 1.688992e+00 4.440727e+00 9.485974e+00 7.886946e+00 5.682973e+00 6.820584e+00 8.179793e+00 2.012735e+00 3.087727e+00 5.000000e-02 6.012811e-01 8.655486e-01 4.867871e-01 5.208831e-01 4.627201e-01 1.179470e+00 8.086532e-01 8.460424e-01 5.339242e-01 3.828457e-01 7.555491e-01 4.184235e-01 5.000000e-02
<GCONST> 5.455994e+01
<STATE> 36
<MEAN> 26
 -1.827313e+00 -1.964693e+01 -9.216748e+00 2.280225e+00 3.088346e+00 -7.448687e+00 2.640353e+00 -2.023565e+00 -3.435600e+00 -9.615935e+00 3.683468e-01 2.449065e+00 1.424502e-01 -1.384573e+00 1.032317e+00 -1.354188e-02 -1.108003e+00 -3.876202e-01 2.645514e-01 4.150439e-02 4.317114e-01 5.032879e-01 -1.624896e-01 -1.269030e-01 1.977587e-02 -6.217194e-02
<VARIANCE> 26
 3.309203e+00 1.316914e+00 2.204054e+00 1.764992e+00 6.153726e+00 6.580565e+00 2.320845e+00 4.102955e+00 1.479094e+01 1.552479e+01 8.287459e+00 1.694628e+00 5.000000e-02 2.048185e-01 1.148377e+00 4.197461e-01 5.706799e-02 1.434088e+00 2.113228e+00 3.551264e-01 4.724005e-01 2.931364e-01 3.498299e-01 3.870443e-01 4.335289e-01 5.000000e-02
<GCONST> 4.873948e+01
<STATE> 37
<MEAN> 26
 -4.723371e+00 -1.618768e+01 -8.463835e+00 -1.668766e+00 2.505712e+00 -4.672936e+00 2.973966e+00 -8.622033e-01 -2.574044e+00 -1.109981e+01 -1.167557e+00 2.956388e+00 1.165779e-02 -1.365778e+00 1.606595e+00 6.258642e-01 -7.675717e-01 -1.892473e-01 4.314788e-01 -2.016423e-01 7.692932e-01 1.070357e+00 1.206397e+00 1.788479e-01 -2.276971e-01 -6.489249e-02
<VARIANCE> 26
 6.223376e+00 1.991877e+00 2.693772e+00 2.184717e+00 1.511628e+01 1.691248e+01 9.305988e+00 1.619263e+01 1.128328e+01 5.839429e+00 5.394922e+00 6.096681e+00 5.000000e-02 3.492795e-01 1.686830e-01 9.315947e-02 3.337266e-01 6.307875e-01 5.396466e-01 8.206099e-01 5.959666e-01 5.567860e-01 1.540912e+00 1.569216e+00 4.410721e-01 5.000000e-02
<GCONST> 5.570679e+01
<STATE> 38
<MEAN> 26
 -5.805542e+00 -1.270936e+01 -5.455831e+00 5.548270e-01 4.263904e+00 -3.095597e+00 4.001110e+00 8.174644e-02 -1.667286e+00 -6.060948e+00 7.749739e-01 1.202489e+00 -7.295719e-02 -7.040697e-01 9.161758e-01 2.962660e-01 -1.769244e-01 3.403270e-01 7.341379e-01 -2.545025e-01 -1.701538e-01 3.233327e-01 1.415591e+00 7.853299e-01 1.224221e-01 -3.854867e-02
<VARIANCE> 26
 4.375735e-01 9.051420e-01 2.717253e+00 2.170192e+00 1.651954e+00 2.998800e+00 5.235226e+00 3.937023e+00 4.251690e+00 1.772195e+01 1.742234e+01 9.291450e+00 5.000000e-02 2.890857e-01 3.282377e-01 5.259788e-01 1.940237e-01 4.416220e-01 4.716697e-01 1.409320e+00 1.242845e+00 4.064267e-01 9.443778e-01 9.782817e-01 5.748259e-01 5.000000e-02
<GCONST> 4.949778e+01
<TRANSP> 39
 0.000000e+00 1.000000e+00 0.000000e+00 0.000000e+00 0.000000e+00 0.000000e+00 0.000000e+00 0.000000e+00 0.000000e+00 0.000000e+00 0.000000e+00 0.000000e+00 0.000000e+00 0.000000e+00 0.000000e+00 0.000000e+00 0.000000e+00 0.000000e+00 0.000000e+00 0.000000e+00 0.000000e+00 0.000000e+00 0.000000e+00 0.000000e+00 0.000000e+00 0.000000e+00 0.000000e+00 0.000000e+00 0.000000e+00 0.000000e+00 0.000000e+00 0.000000e+00 0.000000e+00 0.000000e+00 0.000000e+00 0.000000e+00 0.000000e+00 0.000000e+00 0.000000e+00
 0.000000e+00 5.005668e-01 4.994332e-01 0.000000e+00 0.000000e+00 0.000000e+00 0.000000e+00 0.000000e+00 0.000000e+00 0.000000e+00 0.000000e+00 0.000000e+00 0.000000e+00 0.000000e+00 0.000000e+00 0.000000e+00 0.000000e+00 0.000000e+00 0.000000e+00 0.000000e+00 0.000000e+00 0.000000e+00 0.000000e+00 0.000000e+00 0.000000e+00 0.000000e+00 0.000000e+00 0.000000e+00 0.000000e+00 0.000000e+00 0.000000e+00 0.000000e+00 0.000000e+00 0.000000e+00 0.000000e+00 0.000000e+00 0.000000e+00 0.000000e+00 0.000000e+00
 0.000000e+00 0.000000e+00 2.845747e-01 7.154254e-01 0.000000e+00 0.000000e+00 0.000000e+00 0.000000e+00 0.000000e+00 0.000000e+00 0.000000e+00 0.000000e+00 0.000000e+00 0.000000e+00 0.000000e+00 0.000000e+00 0.000000e+00 0.000000e+00 0.000000e+00 0.000000e+00 0.000000e+00 0.000000e+00 0.000000e+00 0.000000e+00 0.000000e+00 0.000000e+00 0.000000e+00 0.000000e+00 0.000000e+00 0.000000e+00 0.000000e+00 0.000000e+00 0.000000e+00 0.000000e+00 0.000000e+00 0.000000e+00 0.000000e+00 0.000000e+00 0.000000e+00
 0.000000e+00 0.000000e+00 0.000000e+00 4.444293e-01 5.555707e-01 0.000000e+00 0.000000e+00 0.000000e+00 0.000000e+00 0.000000e+00 0.000000e+00 0.000000e+00 0.000000e+00 0.000000e+00 0.000000e+00 0.000000e+00 0.000000e+00 0.000000e+00 0.000000e+00 0.000000e+00 0.000000e+00 0.000000e+00 0.000000e+00 0.000000e+00 0.000000e+00 0.000000e+00 0.000000e+00 0.000000e+00 0.000000e+00 0.000000e+00 0.000000e+00 0.000000e+00 0.000000e+00 0.000000e+00 0.000000e+00 0.000000e+00 0.000000e+00 0.000000e+00 0.000000e+00
 0.000000e+00 0.000000e+00 0.000000e+00 0.000000e+00 2.857188e-01 7.142813e-01 0.000000e+00 0.000000e+00 0.000000e+00 0.000000e+00 0.000000e+00 0.000000e+00 0.000000e+00 0.000000e+00 0.000000e+00 0.000000e+00 0.000000e+00 0.000000e+00 0.000000e+00 0.000000e+00 0.000000e+00 0.000000e+00 0.000000e+00 0.000000e+00 0.000000e+00 0.000000e+00 0.000000e+00 0.000000e+00 0.000000e+00 0.000000e+00 0.000000e+00 0.000000e+00 0.000000e+00 0.000000e+00 0.000000e+00 0.000000e+00 0.000000e+00 0.000000e+00 0.000000e+00
 0.000000e+00 0.000000e+00 0.000000e+00 0.000000e+00 0.000000e+00 4.441952e-01 5.558048e-01 0.000000e+00 0.000000e+00 0.000000e+00 0.000000e+00 0.000000e+00 0.000000e+00 0.000000e+00 0.000000e+00 0.000000e+00 0.000000e+00 0.000000e+00 0.000000e+00 0.000000e+00 0.000000e+00 0.000000e+00 0.000000e+00 0.000000e+00 0.000000e+00 0.000000e+00 0.000000e+00 0.000000e+00 0.000000e+00 0.000000e+00 0.000000e+00 0.000000e+00 0.000000e+00 0.000000e+00 0.000000e+00 0.000000e+00 0.000000e+00 0.000000e+00 0.000000e+00
 0.000000e+00 0.000000e+00 0.000000e+00 0.000000e+00 0.000000e+00 0.000000e+00 2.861286e-01 7.138715e-01 0.000000e+00 0.000000e+00 0.000000e+00 0.000000e+00 0.000000e+00 0.000000e+00 0.000000e+00 0.000000e+00 0.000000e+00 0.000000e+00 0.000000e+00 0.000000e+00 0.000000e+00 0.000000e+00 0.000000e+00 0.000000e+00 0.000000e+00 0.000000e+00 0.000000e+00 0.000000e+00 0.000000e+00 0.000000e+00 0.000000e+00 0.000000e+00 0.000000e+00 0.000000e+00 0.000000e+00 0.000000e+00 0.000000e+00 0.000000e+00 0.000000e+00
 0.000000e+00 0.000000e+00 0.000000e+00 0.000000e+00 0.000000e+00 0.000000e+00 0.000000e+00 1.666830e-01 8.333170e-01 0.000000e+00 0.000000e+00 0.000000e+00 0.000000e+00 0.000000e+00 0.000000e+00 0.000000e+00 0.000000e+00 0.000000e+00 0.000000e+00 0.000000e+00 0.000000e+00 0.000000e+00 0.000000e+00 0.000000e+00 0.000000e+00 0.000000e+00 0.000000e+00 0.000000e+00 0.000000e+00 0.000000e+00 0.000000e+00 0.000000e+00 0.000000e+00 0.000000e+00 0.000000e+00 0.000000e+00 0.000000e+00 0.000000e+00 0.000000e+00
 0.000000e+00 0.000000e+00 0.000000e+00 0.000000e+00 0.000000e+00 0.000000e+00 0.000000e+00 0.000000e+00 5.829532e-01 4.170469e-01 0.000000e+00 0.000000e+00 0.000000e+00 0.000000e+00 0.000000e+00 0.000000e+00 0.000000e+00 0.000000e+00 0.000000e+00 0.000000e+00 0.000000e+00 0.000000e+00 0.000000e+00 0.000000e+00 0.000000e+00 0.000000e+00 0.000000e+00 0.000000e+00 0.000000e+00 0.000000e+00 0.000000e+00 0.000000e+00 0.000000e+00 0.000000e+00 0.000000e+00 0.000000e+00 0.000000e+00 0.000000e+00 0.000000e+00
 0.000000e+00 0.000000e+00 0.000000e+00 0.000000e+00 0.000000e+00 0.000000e+00 0.000000e+00 0.000000e+00 0.000000e+00 4.447602e-01 5.552398e-01 0.000000e+00 0.000000e+00 0.000000e+00 0.000000e+00 0.000000e+00 0.000000e+00 0.000000e+00 0.000000e+00 0.000000e+00 0.000000e+00 0.000000e+00 0.000000e+00 0.000000e+00 0.000000e+00 0.000000e+00 0.000000e+00 0.000000e+00 0.000000e+00 0.000000e+00 0.000000e+00 0.000000e+00 0.000000e+00 0.000000e+00 0.000000e+00 0.000000e+00 0.000000e+00 0.000000e+00 0.000000e+00
 0.000000e+00 0.000000e+00 0.000000e+00 0.000000e+00 0.000000e+00 0.000000e+00 0.000000e+00 0.000000e+00 0.000000e+00 0.000000e+00 2.881045e-01 7.118955e-01 0.000000e+00 0.000000e+00 0.000000e+00 0.000000e+00 0.000000e+00 0.000000e+00 0.000000e+00 0.000000e+00 0.000000e+00 0.000000e+00 0.000000e+00 0.000000e+00 0.000000e+00 0.000000e+00 0.000000e+00 0.000000e+00 0.000000e+00 0.000000e+00 0.000000e+00 0.000000e+00 0.000000e+00 0.000000e+00 0.000000e+00 0.000000e+00 0.000000e+00 0.000000e+00 0.000000e+00
 0.000000e+00 0.000000e+00 0.000000e+00 0.000000e+00 0.000000e+00 0.000000e+00 0.000000e+00 0.000000e+00 0.000000e+00 0.000000e+00 0.000000e+00 2.853247e-01 7.146753e-01 0.000000e+00 0.000000e+00 0.000000e+00 0.000000e+00 0.000000e+00 0.000000e+00 0.000000e+00 0.000000e+00 0.000000e+00 0.000000e+00 0.000000e+00 0.000000e+00 0.000000e+00 0.000000e+00 0.000000e+00 0.000000e+00 0.000000e+00 0.000000e+00 0.000000e+00 0.000000e+00 0.000000e+00 0.000000e+00 0.000000e+00 0.000000e+00 0.000000e+00 0.000000e+00
 0.000000e+00 0.000000e+00 0.000000e+00 0.000000e+00 0.000000e+00 0.000000e+00 0.000000e+00 0.000000e+00 0.000000e+00 0.000000e+00 0.000000e+00 0.000000e+00 2.824032e-01 7.175968e-01 0.000000e+00 0.000000e+00 0.000000e+00 0.000000e+00 0.000000e+00 0.000000e+00 0.000000e+00 0.000000e+00 0.000000e+00 0.000000e+00 0.000000e+00 0.000000e+00 0.000000e+00 0.000000e+00 0.000000e+00 0.000000e+00 0.000000e+00 0.000000e+00 0.000000e+00 0.000000e+00 0.000000e+00 0.000000e+00 0.000000e+00 0.000000e+00 0.000000e+00
 0.000000e+00 0.000000e+00 0.000000e+00 0.000000e+00 0.000000e+00 0.000000e+00 0.000000e+00 0.000000e+00 0.000000e+00 0.000000e+00 0.000000e+00 0.000000e+00 0.000000e+00 2.875995e-01 7.124005e-01 0.000000e+00 0.000000e+00 0.000000e+00 0.000000e+00 0.000000e+00 0.000000e+00 0.000000e+00 0.000000e+00 0.000000e+00 0.000000e+00 0.000000e+00 0.000000e+00 0.000000e+00 0.000000e+00 0.000000e+00 0.000000e+00 0.000000e+00 0.000000e+00 0.000000e+00 0.000000e+00 0.000000e+00 0.000000e+00 0.000000e+00 0.000000e+00
 0.000000e+00 0.000000e+00 0.000000e+00 0.000000e+00 0.000000e+00 0.000000e+00 0.000000e+00 0.000000e+00 0.000000e+00 0.000000e+00 0.000000e+00 0.000000e+00 0.000000e+00 0.000000e+00 5.000039e-01 4.999961e-01 0.000000e+00 0.000000e+00 0.000000e+00 0.000000e+00 0.000000e+00 0.000000e+00 0.000000e+00 0.000000e+00 0.000000e+00 0.000000e+00 0.000000e+00 0.000000e+00 0.000000e+00 0.000000e+00 0.000000e+00 0.000000e+00 0.000000e+00 0.000000e+00 0.000000e+00 0.000000e+00 0.000000e+00 0.000000e+00 0.000000e+00
 0.000000e+00 0.000000e+00 0.000000e+00 0.000000e+00 0.000000e+00 0.000000e+00 0.000000e+00 0.000000e+00 0.000000e+00 0.000000e+00 0.000000e+00 0.000000e+00 0.000000e+00 0.000000e+00 0.000000e+00 3.760844e-01 6.239157e-01 0.000000e+00 0.000000e+00 0.000000e+00 0.000000e+00 0.000000e+00 0.000000e+00 0.000000e+00 0.000000e+00 0.000000e+00 0.000000e+00 0.000000e+00 0.000000e+00 0.000000e+00 0.000000e+00 0.000000e+00 0.000000e+00 0.000000e+00 0.000000e+00 0.000000e+00 0.000000e+00 0.000000e+00 0.000000e+00
 0.000000e+00 0.000000e+00 0.000000e+00 0.000000e+00 0.000000e+00 0.000000e+00 0.000000e+00 0.000000e+00 0.000000e+00 0.000000e+00 0.000000e+00 0.000000e+00 0.000000e+00 0.000000e+00 0.000000e+00 0.000000e+00 4.434717e-01 5.565283e-01 0.000000e+00 0.000000e+00 0.000000e+00 0.000000e+00 0.000000e+00 0.000000e+00 0.000000e+00 0.000000e+00 0.000000e+00 0.000000e+00 0.000000e+00 0.000000e+00 0.000000e+00 0.000000e+00 0.000000e+00 0.000000e+00 0.000000e+00 0.000000e+00 0.000000e+00 0.000000e+00 0.000000e+00
 0.000000e+00 0.000000e+00 0.000000e+00 0.000000e+00 0.000000e+00 0.000000e+00 0.000000e+00 0.000000e+00 0.000000e+00 0.000000e+00 0.000000e+00 0.000000e+00 0.000000e+00 0.000000e+00 0.000000e+00 0.000000e+00 0.000000e+00 3.751919e-01 6.248081e-01 0.000000e+00 0.000000e+00 0.000000e+00 0.000000e+00 0.000000e+00 0.000000e+00 0.000000e+00 0.000000e+00 0.000000e+00 0.000000e+00 0.000000e+00 0.000000e+00 0.000000e+00 0.000000e+00 0.000000e+00 0.000000e+00 0.000000e+00 0.000000e+00 0.000000e+00 0.000000e+00
 0.000000e+00 0.000000e+00 0.000000e+00 0.000000e+00 0.000000e+00 0.000000e+00 0.000000e+00 0.000000e+00 0.000000e+00 0.000000e+00 0.000000e+00 0.000000e+00 0.000000e+00 0.000000e+00 0.000000e+00 0.000000e+00 0.000000e+00 0.000000e+00 2.856131e-01 7.143869e-01 0.000000e+00 0.000000e+00 0.000000e+00 0.000000e+00 0.000000e+00 0.000000e+00 0.000000e+00 0.000000e+00 0.000000e+00 0.000000e+00 0.000000e+00 0.000000e+00 0.000000e+00 0.000000e+00 0.000000e+00 0.000000e+00 0.000000e+00 0.000000e+00 0.000000e+00
 0.000000e+00 0.000000e+00 0.000000e+00 0.000000e+00 0.000000e+00 0.000000e+00 0.000000e+00 0.000000e+00 0.000000e+00 0.000000e+00 0.000000e+00 0.000000e+00 0.000000e+00 0.000000e+00 0.000000e+00 0.000000e+00 0.000000e+00 0.000000e+00 0.000000e+00 3.752865e-01 6.247134e-01 0.000000e+00 0.000000e+00 0.000000e+00 0.000000e+00 0.000000e+00 0.000000e+00 0.000000e+00 0.000000e+00 0.000000e+00 0.000000e+00 0.000000e+00 0.000000e+00 0.000000e+00 0.000000e+00 0.000000e+00 0.000000e+00 0.000000e+00 0.000000e+00
 0.000000e+00 0.000000e+00 0.000000e+00 0.000000e+00 0.000000e+00 0.000000e+00 0.000000e+00 0.000000e+00 0.000000e+00 0.000000e+00 0.000000e+00 0.000000e+00 0.000000e+00 0.000000e+00 0.000000e+00 0.000000e+00 0.000000e+00 0.000000e+00 0.000000e+00 0.000000e+00 4.995358e-01 5.004642e-01 0.000000e+00 0.000000e+00 0.000000e+00 0.000000e+00 0.000000e+00 0.000000e+00 0.000000e+00 0.000000e+00 0.000000e+00 0.000000e+00 0.000000e+00 0.000000e+00 0.000000e+00 0.000000e+00 0.000000e+00 0.000000e+00 0.000000e+00
 0.000000e+00 0.000000e+00 0.000000e+00 0.000000e+00 0.000000e+00 0.000000e+00 0.000000e+00 0.000000e+00 0.000000e+00 0.000000e+00 0.000000e+00 0.000000e+00 0.000000e+00 0.000000e+00 0.000000e+00 0.000000e+00 0.000000e+00 0.000000e+00 0.000000e+00 0.000000e+00 0.000000e+00 2.958367e-01 7.041633e-01 0.000000e+00 0.000000e+00 0.000000e+00 0.000000e+00 0.000000e+00 0.000000e+00 0.000000e+00 0.000000e+00 0.000000e+00 0.000000e+00 0.000000e+00 0.000000e+00 0.000000e+00 0.000000e+00 0.000000e+00 0.000000e+00
 0.000000e+00 0.000000e+00 0.000000e+00 0.000000e+00 0.000000e+00 0.000000e+00 0.000000e+00 0.000000e+00 0.000000e+00 0.000000e+00 0.000000e+00 0.000000e+00 0.000000e+00 0.000000e+00 0.000000e+00 0.000000e+00 0.000000e+00 0.000000e+00 0.000000e+00 0.000000e+00 0.000000e+00 0.000000e+00 4.499677e-01 5.500323e-01 0.000000e+00 0.000000e+00 0.000000e+00 0.000000e+00 0.000000e+00 0.000000e+00 0.000000e+00 0.000000e+00 0.000000e+00 0.000000e+00 0.000000e+00 0.000000e+00 0.000000e+00 0.000000e+00 0.000000e+00
 0.000000e+00 0.000000e+00 0.000000e+00 0.000000e+00 0.000000e+00 0.000000e+00 0.000000e+00 0.000000e+00 0.000000e+00 0.000000e+00 0.000000e+00 0.000000e+00 0.000000e+00 0.000000e+00 0.000000e+00 0.000000e+00 0.000000e+00 0.000000e+00 0.000000e+00 0.000000e+00 0.000000e+00 0.000000e+00 0.000000e+00 2.817237e-01 7.182763e-01 0.000000e+00 0.000000e+00 0.000000e+00 0.000000e+00 0.000000e+00 0.000000e+00 0.000000e+00 0.000000e+00 0.000000e+00 0.000000e+00 0.000000e+00 0.000000e+00 0.000000e+00 0.000000e+00
 0.000000e+00 0.000000e+00 0.000000e+00 0.000000e+00 0.000000e+00 0.000000e+00 0.000000e+00 0.000000e+00 0.000000e+00 0.000000e+00 0.000000e+00 0.000000e+00 0.000000e+00 0.000000e+00 0.000000e+00 0.000000e+00 0.000000e+00 0.000000e+00 0.000000e+00 0.000000e+00 0.000000e+00 0.000000e+00 0.000000e+00 0.000000e+00 3.633648e-01 6.366352e-01 0.000000e+00 0.000000e+00 0.000000e+00 0.000000e+00 0.000000e+00 0.000000e+00 0.000000e+00 0.000000e+00 0.000000e+00 0.000000e+00 0.000000e+00 0.000000e+00 0.000000e+00
 0.000000e+00 0.000000e+00 0.000000e+00 0.000000e+00 0.000000e+00 0.000000e+00 0.000000e+00 0.000000e+00 0.000000e+00 0.000000e+00 0.000000e+00 0.000000e+00 0.000000e+00 0.000000e+00 0.000000e+00 0.000000e+00 0.000000e+00 0.000000e+00 0.000000e+00 0.000000e+00 0.000000e+00 0.000000e+00 0.000000e+00 0.000000e+00 0.000000e+00 3.838592e-01 6.161408e-01 0.000000e+00 0.000000e+00 0.000000e+00 0.000000e+00 0.000000e+00 0.000000e+00 0.000000e+00 0.000000e+00 0.000000e+00 0.000000e+00 0.000000e+00 0.000000e+00
 0.000000e+00 0.000000e+00 0.000000e+00 0.000000e+00 0.000000e+00 0.000000e+00 0.000000e+00 0.000000e+00 0.000000e+00 0.000000e+00 0.000000e+00 0.000000e+00 0.000000e+00 0.000000e+00 0.000000e+00 0.000000e+00 0.000000e+00 0.000000e+00 0.000000e+00 0.000000e+00 0.000000e+00 0.000000e+00 0.000000e+00 0.000000e+00 0.000000e+00 0.000000e+00 3.648009e-01 6.351991e-01 0.000000e+00 0.000000e+00 0.000000e+00 0.000000e+00 0.000000e+00 0.000000e+00 0.000000e+00 0.000000e+00 0.000000e+00 0.000000e+00 0.000000e+00
 0.000000e+00 0.000000e+00 0.000000e+00 0.000000e+00 0.000000e+00 0.000000e+00 0.000000e+00 0.000000e+00 0.000000e+00 0.000000e+00 0.000000e+00 0.000000e+00 0.000000e+00 0.000000e+00 0.000000e+00 0.000000e+00 0.000000e+00 0.000000e+00 0.000000e+00 0.000000e+00 0.000000e+00 0.000000e+00 0.000000e+00 0.000000e+00 0.000000e+00 0.000000e+00 0.000000e+00 2.876777e-01 7.123223e-01 0.000000e+00 0.000000e+00 0.000000e+00 0.000000e+00 0.000000e+00 0.000000e+00 0.000000e+00 0.000000e+00 0.000000e+00 0.000000e+00
 0.000000e+00 0.000000e+00 0.000000e+00 0.000000e+00 0.000000e+00 0.000000e+00 0.000000e+00 0.000000e+00 0.000000e+00 0.000000e+00 0.000000e+00 0.000000e+00 0.000000e+00 0.000000e+00 0.000000e+00 0.000000e+00 0.000000e+00 0.000000e+00 0.000000e+00 0.000000e+00 0.000000e+00 0.000000e+00 0.000000e+00 0.000000e+00 0.000000e+00 0.000000e+00 0.000000e+00 0.000000e+00 3.762634e-01 6.237366e-01 0.000000e+00 0.000000e+00 0.000000e+00 0.000000e+00 0.000000e+00 0.000000e+00 0.000000e+00 0.000000e+00 0.000000e+00
 0.000000e+00 0.000000e+00 0.000000e+00 0.000000e+00 0.000000e+00 0.000000e+00 0.000000e+00 0.000000e+00 0.000000e+00 0.000000e+00 0.000000e+00 0.000000e+00 0.000000e+00 0.000000e+00 0.000000e+00 0.000000e+00 0.000000e+00 0.000000e+00 0.000000e+00 0.000000e+00 0.000000e+00 0.000000e+00 0.000000e+00 0.000000e+00 0.000000e+00 0.000000e+00 0.000000e+00 0.000000e+00 0.000000e+00 4.975113e-01 5.024887e-01 0.000000e+00 0.000000e+00 0.000000e+00 0.000000e+00 0.000000e+00 0.000000e+00 0.000000e+00 0.000000e+00
 0.000000e+00 0.000000e+00 0.000000e+00 0.000000e+00 0.000000e+00 0.000000e+00 0.000000e+00 0.000000e+00 0.000000e+00 0.000000e+00 0.000000e+00 0.000000e+00 0.000000e+00 0.000000e+00 0.000000e+00 0.000000e+00 0.000000e+00 0.000000e+00 0.000000e+00 0.000000e+00 0.000000e+00 0.000000e+00 0.000000e+00 0.000000e+00 0.000000e+00 0.000000e+00 0.000000e+00 0.000000e+00 0.000000e+00 0.000000e+00 3.768455e-01 6.231545e-01 0.000000e+00 0.000000e+00 0.000000e+00 0.000000e+00 0.000000e+00 0.000000e+00 0.000000e+00
 0.000000e+00 0.000000e+00 0.000000e+00 0.000000e+00 0.000000e+00 0.000000e+00 0.000000e+00 0.000000e+00 0.000000e+00 0.000000e+00 0.000000e+00 0.000000e+00 0.000000e+00 0.000000e+00 0.000000e+00 0.000000e+00 0.000000e+00 0.000000e+00 0.000000e+00 0.000000e+00 0.000000e+00 0.000000e+00 0.000000e+00 0.000000e+00 0.000000e+00 0.000000e+00 0.000000e+00 0.000000e+00 0.000000e+00 0.000000e+00 0.000000e+00 1.672598e-01 8.327402e-01 0.000000e+00 0.000000e+00 0.000000e+00 0.000000e+00 0.000000e+00 0.000000e+00
 0.000000e+00 0.000000e+00 0.000000e+00 0.000000e+00 0.000000e+00 0.000000e+00 0.000000e+00 0.000000e+00 0.000000e+00 0.000000e+00 0.000000e+00 0.000000e+00 0.000000e+00 0.000000e+00 0.000000e+00 0.000000e+00 0.000000e+00 0.000000e+00 0.000000e+00 0.000000e+00 0.000000e+00 0.000000e+00 0.000000e+00 0.000000e+00 0.000000e+00 0.000000e+00 0.000000e+00 0.000000e+00 0.000000e+00 0.000000e+00 0.000000e+00 0.000000e+00 2.113689e-01 7.886311e-01 0.000000e+00 0.000000e+00 0.000000e+00 0.000000e+00 0.000000e+00
 0.000000e+00 0.000000e+00 0.000000e+00 0.000000e+00 0.000000e+00 0.000000e+00 0.000000e+00 0.000000e+00 0.000000e+00 0.000000e+00 0.000000e+00 0.000000e+00 0.000000e+00 0.000000e+00 0.000000e+00 0.000000e+00 0.000000e+00 0.000000e+00 0.000000e+00 0.000000e+00 0.000000e+00 0.000000e+00 0.000000e+00 0.000000e+00 0.000000e+00 0.000000e+00 0.000000e+00 0.000000e+00 0.000000e+00 0.000000e+00 0.000000e+00 0.000000e+00 0.000000e+00 4.818438e-01 5.181562e-01 0.000000e+00 0.000000e+00 0.000000e+00 0.000000e+00
 0.000000e+00 0.000000e+00 0.000000e+00 0.000000e+00 0.000000e+00 0.000000e+00 0.000000e+00 0.000000e+00 0.000000e+00 0.000000e+00 0.000000e+00 0.000000e+00 0.000000e+00 0.000000e+00 0.000000e+00 0.000000e+00 0.000000e+00 0.000000e+00 0.000000e+00 0.000000e+00 0.000000e+00 0.000000e+00 0.000000e+00 0.000000e+00 0.000000e+00 0.000000e+00 0.000000e+00 0.000000e+00 0.000000e+00 0.000000e+00 0.000000e+00 0.000000e+00 0.000000e+00 0.000000e+00 5.007592e-01 4.992408e-01 0.000000e+00 0.000000e+00 0.000000e+00
 0.000000e+00 0.000000e+00 0.000000e+00 0.000000e+00 0.000000e+00 0.000000e+00 0.000000e+00 0.000000e+00 0.000000e+00 0.000000e+00 0.000000e+00 0.000000e+00 0.000000e+00 0.000000e+00 0.000000e+00 0.000000e+00 0.000000e+00 0.000000e+00 0.000000e+00 0.000000e+00 0.000000e+00 0.000000e+00 0.000000e+00 0.000000e+00 0.000000e+00 0.000000e+00 0.000000e+00 0.000000e+00 0.000000e+00 0.000000e+00 0.000000e+00 0.000000e+00 0.000000e+00 0.000000e+00 0.000000e+00 1.658560e-01 8.341441e-01 0.000000e+00 0.000000e+00
 0.000000e+00 0.000000e+00 0.000000e+00 0.000000e+00 0.000000e+00 0.000000e+00 0.000000e+00 0.000000e+00 0.000000e+00 0.000000e+00 0.000000e+00 0.000000e+00 0.000000e+00 0.000000e+00 0.000000e+00 0.000000e+00 0.000000e+00 0.000000e+00 0.000000e+00 0.000000e+00 0.000000e+00 0.000000e+00 0.000000e+00 0.000000e+00 0.000000e+00 0.000000e+00 0.000000e+00 0.000000e+00 0.000000e+00 0.000000e+00 0.000000e+00 0.000000e+00 0.000000e+00 0.000000e+00 0.000000e+00 0.000000e+00 4.444982e-01 5.555018e-01 0.000000e+00
 0.000000e+00 0.000000e+00 0.000000e+00 0.000000e+00 0.000000e+00 0.000000e+00 0.000000e+00 0.000000e+00 0.000000e+00 0.000000e+00 0.000000e+00 0.000000e+00 0.000000e+00 0.000000e+00 0.000000e+00 0.000000e+00 0.000000e+00 0.000000e+00 0.000000e+00 0.000000e+00 0.000000e+00 0.000000e+00 0.000000e+00 0.000000e+00 0.000000e+00 0.000000e+00 0.000000e+00 0.000000e+00 0.000000e+00 0.000000e+00 0.000000e+00 0.000000e+00 0.000000e+00 0.000000e+00 0.000000e+00 0.000000e+00 0.000000e+00 0.000000e+00 1.000000e+00
 0.000000e+00 0.000000e+00 0.000000e+00 0.000000e+00 0.000000e+00 0.000000e+00 0.000000e+00 0.000000e+00 0.000000e+00 0.000000e+00 0.000000e+00 0.000000e+00 0.000000e+00 0.000000e+00 0.000000e+00 0.000000e+00 0.000000e+00 0.000000e+00 0.000000e+00 0.000000e+00 0.000000e+00 0.000000e+00 0.000000e+00 0.000000e+00 0.000000e+00 0.000000e+00 0.000000e+00 0.000000e+00 0.000000e+00 0.000000e+00 0.000000e+00 0.000000e+00 0.000000e+00 0.000000e+00 0.000000e+00 0.000000e+00 0.000000e+00 0.000000e+00 0.000000e+00
<ENDHMM>
