~o
<STREAMINFO> 1 39
<VECSIZE> 39<NULLD><MFCC_E_D_A><DIAGC>
~h "Bai"
<BEGINHMM>
<NUMSTATES> 47
<STATE> 2
<MEAN> 39
 -4.580983e+00 -7.823542e+00 -2.023286e-01 -1.433894e+00 2.567423e+00 -4.855688e+00 3.903548e-01 -2.712538e+00 -1.232222e+00 -3.444437e+00 2.965317e+00 -1.311380e+00 1.447355e-02 1.270585e+00 1.041217e-01 -5.900912e-01 -1.213701e+00 -1.370475e+00 -1.588226e+00 -8.855468e-01 -5.238456e-02 -6.211805e-01 -5.561935e-01 -1.518292e+00 -7.583923e-01 6.108152e-02 5.698766e-01 -2.107171e-01 -9.535856e-01 -5.603648e-01 -6.989989e-01 -6.090884e-01 -2.318831e-01 1.052396e-01 1.058034e-01 -1.140909e-01 -6.526846e-01 -4.489303e-01 3.401442e-02
<VARIANCE> 39
 6.327061e-01 1.642242e+00 4.423979e+00 2.179633e+00 6.097743e+00 1.352904e+01 6.426453e+00 1.171561e+01 1.632194e+01 1.143130e+01 1.547926e+01 3.637970e+00 5.000000e-02 1.093638e+00 4.124782e-01 5.798804e-01 5.320314e-01 8.914686e-01 9.767358e-01 4.519405e-01 9.791992e-01 6.013034e-01 1.498382e+00 2.620302e+00 2.749793e-01 5.000000e-02 1.306241e-01 1.621974e-01 1.342095e-01 1.672167e-01 1.308928e-01 2.332982e-01 9.608747e-02 3.136604e-01 2.643450e-01 2.752673e-01 4.280066e-01 6.486639e-02 5.000000e-02
<GCONST> 5.878416e+01
<STATE> 3
<MEAN> 39
 -2.162832e+00 -6.868144e+00 -2.216069e+00 -4.754417e+00 -2.516144e+00 -1.017165e+01 -2.533561e-02 -9.224384e-01 -3.554380e-01 -5.079895e+00 -2.737689e+00 -3.418356e+00 9.629646e-02 2.724827e+00 -3.250337e-01 -2.570325e+00 -1.996335e+00 -2.046798e+00 -2.147903e+00 -1.260923e+00 2.500084e-01 -4.463707e-01 -5.980637e-01 -2.621263e+00 -1.770229e+00 1.356583e-01 1.962585e-01 -4.597106e-01 -1.124976e+00 9.027095e-03 2.437155e-01 2.810870e-01 9.827289e-02 -2.230527e-01 4.214478e-01 -6.236895e-02 -3.184707e-02 -2.478989e-01 3.376512e-02
<VARIANCE> 39
 9.409929e+00 6.405284e+00 4.743675e+00 5.904258e+00 6.851147e+00 1.184541e+01 2.485809e+00 8.875132e+00 3.202626e+00 6.965920e+00 1.144424e+01 8.400273e+00 5.000000e-02 1.505879e+00 7.656816e-01 3.027910e-01 4.745463e-01 1.981088e-01 2.802160e-01 1.002004e+00 1.008446e+00 1.995920e+00 2.676020e+00 1.604666e+00 4.388843e-01 5.000000e-02 7.939433e-01 1.216465e-01 1.780549e-01 7.845211e-02 2.032597e-01 2.030532e-01 5.220122e-02 7.629284e-01 1.497189e-01 2.387517e-01 8.046160e-01 1.453227e-01 5.000000e-02
<GCONST> 6.343209e+01
<STATE> 4
<MEAN> 39
 3.554751e+00 -7.665722e+00 -7.502634e+00 -7.845286e+00 -4.822517e+00 -1.185758e+01 -3.128874e+00 -1.179387e+00 -2.622173e+00 -6.975462e+00 -4.748037e+00 -6.358462e+00 3.683899e-01 2.955513e+00 -1.069995e+00 -3.507567e+00 -1.261907e+00 -7.435755e-01 -1.292094e+00 -1.276724e+00 -5.013205e-01 1.910506e-01 -1.169423e+00 -1.486068e+00 -2.123894e+00 1.679128e-01 -8.372298e-01 -6.648640e-01 -5.504599e-01 4.229106e-01 8.793722e-01 5.124213e-01 8.596048e-01 -8.398120e-01 6.192396e-01 2.619790e-01 1.207799e-01 2.590574e-01 4.813179e-03
<VARIANCE> 39
 1.927654e+01 9.731155e+00 1.338321e+01 3.675558e+00 7.114834e+00 1.562845e+00 6.968703e+00 1.870984e+01 9.239732e+00 5.123667e+00 1.441895e+01 1.483062e+00 5.000000e-02 2.057738e+00 1.567858e+00 1.067967e+00 9.194445e-01 1.720740e+00 8.886856e-01 6.149925e-01 4.039314e+00 3.035476e+00 1.621754e+00 2.266201e+00 2.722651e-01 5.000000e-02 8.935276e-01 6.460068e-02 1.088340e-01 8.006597e-02 1.399571e-01 1.705417e-01 3.349392e-01 3.050616e-01 1.401211e-01 3.363455e-01 2.980163e-01 2.727903e-01 5.000000e-02
<GCONST> 7.044217e+01
<STATE> 5
<MEAN> 39
 7.806545e+00 -1.095007e+01 -1.328008e+01 -7.300921e+00 -4.316553e+00 -1.354465e+01 -5.316658e+00 -4.842203e+00 -2.332346e+00 -7.402628e+00 -6.197509e+00 -9.601692e+00 6.360593e-01 -8.645912e-01 -2.369433e+00 -4.441834e+00 -1.216485e-01 8.735228e-01 9.918971e-02 2.295232e+00 -2.342449e+00 2.372616e+00 5.506466e-01 -1.387738e+00 -4.712697e-01 1.296129e-01 -1.840995e+00 -5.912287e-01 1.436520e-02 6.871417e-01 1.174588e+00 7.441686e-01 1.871630e+00 -1.383346e-01 6.465779e-01 3.887654e-01 2.268769e-01 1.344916e+00 -2.416506e-02
<VARIANCE> 39
 1.739404e+01 1.800676e+01 9.501708e+00 1.035010e+01 1.176276e+01 4.613479e+00 7.546420e-01 2.249796e+01 2.187251e+01 2.473242e+01 9.841490e+00 3.760910e+00 5.000000e-02 3.383187e+00 8.800746e-01 1.518615e+00 2.142691e+00 1.279393e+00 5.210789e-01 3.420639e+00 2.917928e+00 1.615348e+00 1.196953e+00 2.297911e+00 2.217096e+00 5.000000e-02 1.962499e-01 1.747832e-01 1.973729e-01 2.172264e-01 3.463763e-01 1.311313e-01 2.053285e-01 6.130590e-01 5.725222e-01 1.060351e+00 4.924149e-01 1.320754e-01 5.000000e-02
<GCONST> 8.129130e+01
<STATE> 6
<MEAN> 39
 1.714617e+00 -1.355969e+01 -1.864394e+01 -7.848376e+00 -1.647130e+00 -1.017790e+01 2.765124e-01 -1.029594e+01 5.916935e+00 -3.546031e+00 -9.191628e+00 -1.122904e+01 7.880229e-01 -3.546010e+00 -2.781987e+00 -3.676004e+00 4.981847e-01 2.832038e+00 1.135689e+00 4.977766e+00 -1.743978e+00 2.123873e+00 2.021838e-01 -1.634264e+00 2.059185e+00 9.669372e-02 -6.119341e-01 -5.924818e-02 8.036829e-01 6.649828e-01 6.102147e-01 3.731244e-01 5.224949e-01 4.565659e-01 -7.234231e-01 -2.290314e-01 4.222021e-01 1.238226e+00 -2.820134e-02
<VARIANCE> 39
 2.027865e+01 1.513939e+01 2.575711e+01 2.850414e+01 1.805380e+01 1.357866e+01 1.697779e+01 2.742894e+01 2.329022e+01 8.579748e+00 8.610693e+00 1.444150e+01 5.000000e-02 4.868554e-01 4.182270e-01 6.270917e-01 5.376166e-01 9.901436e-01 7.185709e-01 2.095551e+00 2.644287e+00 1.053146e+00 4.845851e+00 1.769449e+00 1.297435e+00 5.000000e-02 2.508737e-01 1.192208e-01 4.271500e-01 4.157020e-01 2.506914e-01 2.109266e-01 3.908140e-01 3.902188e-01 4.205973e-01 2.815949e-01 4.357470e-01 2.543207e-01 5.000000e-02
<GCONST> 8.354400e+01
<STATE> 7
<MEAN> 39
 -2.489845e+00 -1.871663e+01 -2.549514e+01 -8.155800e+00 2.974704e+00 -1.078350e+01 1.181056e+01 -7.116676e+00 7.876110e+00 -6.130205e+00 -1.139340e+01 -4.122651e+00 8.737555e-01 -2.957176e+00 -3.091405e+00 -2.766817e+00 1.163372e+00 3.018317e+00 1.066826e+00 4.386299e+00 -8.236317e-01 8.955965e-01 -3.423408e-01 -7.851244e-01 3.324468e+00 6.665366e-02 5.246914e-01 4.470020e-01 1.260819e+00 5.190012e-01 -1.065464e-01 1.519473e-01 -1.105787e+00 2.834485e-01 -1.126381e+00 -5.662578e-02 5.686308e-01 2.697656e-01 -2.603494e-02
<VARIANCE> 39
 2.390445e+01 4.974922e+00 1.072394e+01 1.778701e+01 5.220355e+00 2.425164e+01 1.011524e+01 2.790035e+01 6.926096e+00 1.494600e+01 9.051157e+00 3.531011e+01 5.000000e-02 1.181427e+00 8.336447e-01 1.469045e+00 8.363974e-01 1.775760e+00 7.243510e-01 2.818272e+00 3.290871e-01 2.888100e+00 5.637310e+00 1.890102e+00 5.346753e-01 5.000000e-02 1.474321e-01 5.000000e-02 1.002151e-01 2.404844e-01 9.153104e-02 2.768414e-01 1.232219e-01 5.707647e-01 1.022280e-01 3.530694e-01 6.576815e-02 5.446519e-01 5.000000e-02
<GCONST> 7.516122e+01
<STATE> 8
<MEAN> 39
 -4.729488e+00 -2.158208e+01 -2.478450e+01 -5.614384e+00 5.623144e+00 -8.903855e+00 1.193411e+01 -8.685308e+00 2.988966e+00 -7.658856e+00 -1.023958e+01 -6.328153e-01 9.200788e-01 -1.574361e+00 -2.107408e+00 -1.059224e+00 1.983739e+00 2.213105e+00 8.977947e-01 1.886068e+00 -5.690479e-01 -8.877506e-01 -2.295397e-01 1.808660e-01 2.851513e+00 4.080516e-02 9.420528e-01 6.710898e-01 1.047666e+00 8.760712e-02 -6.693820e-01 -1.211946e-01 -1.696437e+00 7.184824e-02 -7.063061e-01 2.204380e-01 3.786885e-01 -5.815336e-01 -2.067721e-02
<VARIANCE> 39
 1.316644e+01 4.711138e+00 1.662104e+01 1.488441e+01 6.207216e+00 1.407557e+01 1.540891e+01 2.138423e+01 3.091870e+01 2.824631e+01 2.332319e+01 7.997211e+00 5.000000e-02 4.934747e-01 3.383169e-01 1.383096e+00 1.184144e+00 1.336367e+00 1.574447e+00 4.131418e+00 1.075691e+00 2.249081e+00 1.813714e+00 1.197059e+00 1.090197e+00 5.000000e-02 1.169066e-01 1.015351e-01 7.891314e-02 2.280260e-01 2.214783e-01 9.137944e-02 6.685772e-02 1.748091e-01 1.953589e-01 7.537215e-01 1.918721e-01 2.425063e-01 5.000000e-02
<GCONST> 7.542392e+01
<STATE> 9
<MEAN> 39
 -5.596583e+00 -2.290370e+01 -2.397158e+01 -2.697037e+00 6.306640e+00 -7.145662e+00 8.613192e+00 -1.056077e+01 4.074843e+00 -6.464876e+00 -9.739023e+00 1.140754e+00 9.539277e-01 -3.829300e-01 -9.390073e-01 3.048532e-01 1.227365e+00 7.093124e-01 8.291025e-01 -9.976804e-01 -1.451158e+00 -9.145803e-01 5.402915e-01 -1.177080e-01 7.544272e-01 1.882627e-02 5.468286e-01 5.721083e-01 4.563311e-01 -4.879183e-01 -6.695744e-01 -6.140930e-02 -9.566592e-01 1.424303e-01 -4.721046e-02 3.642895e-01 4.770493e-02 -6.202343e-01 -1.173100e-02
<VARIANCE> 39
 9.143922e+00 1.324759e+01 8.746134e+00 1.310547e+01 2.057779e+00 8.257210e+00 3.544716e+01 1.191532e+01 2.086495e+01 9.827128e+00 1.461247e+01 1.394547e+00 5.000000e-02 3.784763e-01 6.377761e-02 7.345476e-01 1.772889e+00 1.453357e+00 9.408694e-01 1.361409e+00 6.122604e-01 8.987687e-01 1.609148e+00 1.685034e+00 1.502101e+00 5.000000e-02 1.389729e-01 8.795209e-02 2.034768e-01 2.351823e-01 2.003202e-01 1.867635e-01 5.234697e-01 6.121467e-02 2.637480e-01 3.687192e-01 2.187617e-01 1.801345e-01 5.000000e-02
<GCONST> 6.767870e+01
<STATE> 10
<MEAN> 39
 -4.773193e+00 -2.339025e+01 -2.351725e+01 -1.531588e+00 8.211658e+00 -7.430718e+00 1.061275e+01 -1.371984e+01 3.830895e+00 -5.456999e+00 -9.678006e+00 3.792048e-01 9.664676e-01 -1.090771e-01 -2.801136e-01 4.580823e-02 3.844813e-01 4.277373e-01 7.318277e-01 -5.628361e-01 -5.160720e-01 -3.957373e-01 8.404668e-01 -1.353408e-01 6.111876e-01 1.273104e-02 1.845808e-01 2.531784e-01 -8.558373e-03 -4.549723e-01 -4.982425e-01 -1.230044e-01 -2.669531e-01 2.825565e-01 2.869326e-01 -1.458716e-01 6.754732e-02 -1.053369e-01 -6.404722e-03
<VARIANCE> 39
 6.716729e+00 1.183979e+01 2.306175e+01 1.580650e+01 4.958201e+00 9.137756e+00 4.626272e+01 8.479707e+00 1.878019e+01 1.113659e+01 2.068143e+01 4.219829e+00 5.000000e-02 2.320925e-01 1.214230e-01 4.999577e-01 9.735278e-01 5.200814e-01 7.942086e-01 9.321706e-01 3.420974e-01 4.748528e-01 6.966943e-01 2.969618e-01 2.452712e-01 5.000000e-02 5.837399e-02 5.000000e-02 1.419458e-01 1.431693e-01 1.063005e-01 8.056201e-02 3.780245e-01 1.305153e-01 5.000000e-02 1.891267e-01 1.765090e-01 2.141677e-01 5.000000e-02
<GCONST> 5.708190e+01
<STATE> 11
<MEAN> 39
 -5.177094e+00 -2.290007e+01 -2.610060e+01 -2.146713e+00 6.829622e+00 -5.775229e+00 7.310997e+00 -1.056768e+01 8.525698e-01 -1.878249e+00 -1.050669e+01 1.980987e+00 9.744089e-01 -1.860362e-01 -5.016835e-01 -4.462205e-01 -2.729083e-01 -3.194386e-01 3.811596e-01 -6.525162e-01 5.223900e-02 6.991298e-02 1.455422e-01 3.248587e-01 1.052418e+00 6.369014e-03 4.523915e-02 6.380166e-02 -6.482174e-02 -4.337799e-02 -1.034891e-01 -1.337916e-01 1.540331e-01 1.295403e-01 8.054172e-02 -4.030157e-01 1.944517e-02 6.087638e-03 -2.310255e-03
<VARIANCE> 39
 3.938454e+00 4.980365e+00 3.081331e+01 9.267418e+00 8.172382e+00 2.817799e+01 7.262746e+01 1.907368e+01 2.793230e+01 5.070903e+00 2.104151e+01 6.247955e+00 5.000000e-02 1.409949e-01 1.044876e-01 2.644835e-01 5.513236e-01 5.232863e-02 4.184584e-01 2.250090e-01 2.522326e-01 7.923251e-02 4.167942e-01 5.765407e-01 1.823504e-01 5.000000e-02 5.000000e-02 5.000000e-02 5.021760e-02 1.518205e-01 6.518420e-02 5.000000e-02 1.493733e-01 1.607127e-01 5.000000e-02 5.357431e-02 1.758973e-01 5.000000e-02 5.000000e-02
<GCONST> 4.434951e+01
<STATE> 12
<MEAN> 39
 -5.882107e+00 -2.378210e+01 -2.548977e+01 -2.134744e+00 6.784819e+00 -5.290852e+00 7.858156e+00 -1.234656e+01 3.536045e+00 -4.309070e+00 -9.158295e+00 4.039631e+00 9.848258e-01 -1.055142e-02 -1.975170e-01 -2.307473e-01 1.722848e-01 -2.447768e-01 5.346794e-01 -3.407694e-01 -5.625073e-02 2.269019e-01 -3.726900e-01 2.175783e-01 9.878603e-01 3.790229e-03 1.460406e-01 1.295244e-02 1.340581e-01 1.011479e-01 -1.702914e-02 7.752074e-02 2.081832e-03 1.252577e-01 -2.316556e-02 -1.949946e-01 -2.055264e-02 -1.727805e-01 -1.820164e-03
<VARIANCE> 39
 6.860713e+00 2.508260e+00 2.229652e+01 6.520957e+00 7.020019e+00 1.980926e+01 5.049094e+01 1.017944e+01 2.141874e+01 4.685111e+00 1.447585e+01 5.762712e+00 5.000000e-02 5.000000e-02 1.794742e-01 7.079987e-01 2.451891e-01 1.698160e-01 1.548448e-01 6.053065e-01 5.412520e-01 5.168210e-01 6.389498e-02 6.633202e-01 4.235392e-01 5.000000e-02 5.000000e-02 5.000000e-02 5.000000e-02 6.888826e-02 6.069673e-02 7.140926e-02 6.177377e-02 1.953001e-01 5.000000e-02 1.128477e-01 1.211754e-01 5.000000e-02 5.000000e-02
<GCONST> 4.302070e+01
<STATE> 13
<MEAN> 39
 -5.513355e+00 -2.518740e+01 -2.396039e+01 -2.960238e+00 7.328495e+00 -6.161569e+00 8.057525e+00 -1.361721e+01 4.411656e+00 -5.739993e+00 -8.916846e+00 4.721071e+00 9.856110e-01 2.277284e-01 -2.840796e-01 1.466455e-01 6.855907e-02 -1.337179e-01 4.237956e-01 -4.916070e-01 1.233515e-01 -9.305428e-02 -5.404274e-01 2.874424e-01 3.259658e-01 1.577521e-03 1.237734e-01 7.362158e-02 1.804605e-01 1.882872e-01 8.289957e-03 1.839285e-01 -3.326025e-03 1.226351e-01 -1.472551e-02 5.903593e-02 -3.723564e-02 -1.199090e-01 -6.270833e-04
<VARIANCE> 39
 3.671821e+00 6.705024e+00 3.582421e+01 5.531878e+00 5.735214e+00 2.556792e+01 3.465598e+01 1.595208e+01 3.675097e+01 8.143834e+00 1.484946e+01 6.040778e+00 5.000000e-02 6.060335e-02 5.000000e-02 4.691093e-01 3.223095e-01 2.438527e-01 1.385861e-01 2.390917e-01 1.279778e+00 1.432057e-01 5.113622e-01 5.450718e-01 1.066924e-01 5.000000e-02 5.000000e-02 5.000000e-02 5.000000e-02 7.023414e-02 5.000000e-02 6.394392e-02 5.000000e-02 6.540599e-02 5.000000e-02 7.959370e-02 1.557934e-01 6.512943e-02 5.000000e-02
<GCONST> 4.173624e+01
<STATE> 14
<MEAN> 39
 -4.416756e+00 -2.420555e+01 -2.685788e+01 -9.538321e-01 6.869802e+00 -4.689989e+00 7.889024e+00 -1.218283e+01 1.696497e+00 -4.077846e+00 -1.048395e+01 4.589101e+00 9.908879e-01 3.074078e-01 -1.923530e-01 3.530767e-01 5.540217e-01 -2.947163e-01 1.107098e+00 -3.450901e-01 2.920936e-01 8.827747e-02 -1.008365e-01 1.872231e-02 6.334846e-01 1.637788e-03 9.560538e-03 1.034687e-01 3.841039e-02 8.754186e-02 -8.207836e-02 4.732958e-02 5.746705e-02 6.685523e-03 1.159563e-01 8.388389e-02 -8.613489e-02 -1.028883e-02 -1.041625e-03
<VARIANCE> 39
 5.216805e+00 3.286749e+00 3.992274e+01 4.006581e+00 9.769438e+00 2.223800e+01 4.235880e+01 8.339300e+00 2.746982e+01 7.068922e+00 1.531244e+01 3.848908e+00 5.000000e-02 5.000000e-02 1.289699e-01 4.267131e-01 2.272758e-01 4.992737e-01 1.587210e-01 6.150378e-01 1.267433e+00 5.668943e-01 5.542958e-01 3.775040e-01 2.932754e-01 5.000000e-02 5.000000e-02 5.000000e-02 5.601342e-02 7.713877e-02 6.652496e-02 5.000000e-02 5.000000e-02 5.000000e-02 5.014403e-02 5.000000e-02 9.355058e-02 6.824442e-02 5.000000e-02
<GCONST> 4.350459e+01
<STATE> 15
<MEAN> 39
 -4.936531e+00 -2.516064e+01 -2.404012e+01 -1.405104e+00 5.249643e+00 -1.644559e+00 4.157479e+00 -1.083017e+01 2.279058e+00 -5.751127e+00 -9.282387e+00 5.276621e+00 9.917762e-01 1.287740e-01 6.581199e-02 8.591242e-02 3.901752e-01 -1.436730e-01 5.298313e-01 -2.467846e-01 -2.382054e-02 3.361709e-01 -5.234383e-02 -4.161563e-01 5.478624e-01 5.147654e-04 -7.641739e-02 1.096297e-01 -1.242221e-04 -9.691807e-02 1.322949e-02 -1.293417e-01 4.925625e-02 3.238813e-02 -7.266447e-02 1.499505e-01 -2.090097e-01 7.277729e-03 -9.071431e-04
<VARIANCE> 39
 4.815193e+00 3.667270e+00 2.934527e+01 3.239773e+00 1.811110e+00 1.813350e+01 5.969600e+01 3.428546e+01 4.910346e+01 6.573302e+00 2.119720e+01 3.118608e+00 5.000000e-02 5.000000e-02 2.463537e-01 3.613541e-01 3.021864e-01 3.310658e-01 2.434294e-01 6.153049e-02 3.662572e-01 1.965808e-01 1.439946e-01 3.805704e-01 4.528393e-01 5.000000e-02 5.000000e-02 5.000000e-02 6.821614e-02 5.000000e-02 6.778090e-02 5.000000e-02 9.707616e-02 1.936515e-01 7.006212e-02 7.500757e-02 7.966151e-02 7.787500e-02 5.000000e-02
<GCONST> 4.128986e+01
<STATE> 16
<MEAN> 39
 -4.914522e+00 -2.460941e+01 -2.288554e+01 -5.708058e-01 6.241693e+00 -2.371008e+00 6.737491e+00 -1.282408e+01 5.520755e+00 -5.758287e+00 -8.996964e+00 7.718324e+00 9.910975e-01 -4.326529e-02 1.130618e-01 -1.033196e-01 2.551508e-01 -4.096991e-01 5.636991e-01 -5.144217e-01 1.099513e-01 -1.440222e-01 -1.690602e-02 -6.368954e-01 6.945719e-01 1.780328e-04 -2.490467e-02 -1.029029e-01 -2.431701e-02 -2.652203e-01 -1.139605e-01 -1.320767e-01 6.471780e-03 1.338720e-01 -3.150258e-01 -3.805541e-02 -2.100628e-02 -2.053575e-01 -1.487962e-03
<VARIANCE> 39
 4.046096e+00 4.684988e-01 4.527286e+01 4.829983e+00 4.344078e+00 1.648706e+01 4.421064e+01 2.013002e+01 2.874234e+01 2.909719e+00 1.518440e+01 4.681059e+00 5.000000e-02 1.690705e-01 2.803364e-01 2.269402e-01 1.988664e-01 4.732286e-01 1.496459e-01 1.911117e-01 2.899001e-01 1.776780e-01 2.584538e-01 4.525471e-01 2.817291e-01 5.000000e-02 5.000000e-02 7.384567e-02 8.017860e-02 5.567687e-02 9.395422e-02 5.374644e-02 1.027110e-01 1.887632e-01 5.000000e-02 5.000000e-02 5.159143e-02 1.330486e-01 5.000000e-02
<GCONST> 4.042356e+01
<STATE> 17
<MEAN> 39
 -5.173388e+00 -2.401729e+01 -2.566748e+01 1.669184e-01 5.457280e+00 -1.844609e+00 5.153143e+00 -1.246360e+01 3.401676e+00 -5.629128e+00 -1.100002e+01 6.674016e+00 9.922240e-01 1.214957e-01 -8.569061e-02 2.356135e-01 -2.420813e-01 -5.339135e-01 3.969863e-01 -3.387927e-01 4.380033e-01 -6.429622e-01 -4.121738e-02 -3.631541e-01 5.894779e-02 -2.318300e-03 -2.202248e-02 -2.759972e-02 1.482563e-01 -1.930264e-01 -8.400238e-02 -1.854348e-01 1.966603e-01 3.102633e-01 -3.103775e-01 -5.447323e-02 3.187931e-01 -2.817818e-01 -2.778085e-03
<VARIANCE> 39
 7.417711e+00 1.523665e+00 2.715472e+01 5.873698e+00 9.794000e-01 4.608366e+00 3.934620e+01 1.547155e+01 2.317982e+01 9.222430e+00 1.398030e+01 5.467194e+00 5.000000e-02 6.462847e-02 1.592518e-01 1.082304e-01 6.217884e-02 2.524889e-01 4.196140e-01 3.949593e-01 5.392582e-01 5.000000e-02 2.192975e-01 4.870470e-01 5.106601e-01 5.000000e-02 5.000000e-02 5.000000e-02 6.909115e-02 5.000000e-02 1.405847e-01 5.000000e-02 5.000000e-02 7.708368e-02 5.000000e-02 5.000000e-02 5.000000e-02 8.147008e-02 5.000000e-02
<GCONST> 3.486288e+01
<STATE> 18
<MEAN> 39
 -3.260286e+00 -2.527384e+01 -2.509377e+01 -5.050852e-01 4.617682e+00 -1.724893e+00 6.081960e+00 -1.067443e+01 1.650928e+00 -4.566333e+00 -1.122882e+01 6.220954e+00 9.873264e-01 2.587468e-02 -1.823003e-02 5.792021e-01 -4.370925e-01 -7.126369e-02 7.465109e-04 2.744760e-02 1.159566e+00 -1.016107e+00 -1.067820e-01 3.379877e-01 -3.487053e-01 -5.948119e-03 -1.707804e-01 9.821636e-02 2.433053e-02 -3.365473e-02 -9.031803e-02 -3.427903e-01 4.013286e-01 1.913424e-01 -2.666067e-01 -1.191694e-01 1.963574e-01 8.205833e-02 -3.658623e-03
<VARIANCE> 39
 9.864224e+00 4.907926e+00 2.735956e+01 4.236497e+00 2.503538e+00 1.341090e+01 3.961956e+01 2.994653e+01 2.196654e+01 1.164790e+01 1.528437e+01 1.065526e+01 5.000000e-02 8.662048e-02 1.130075e-01 6.091729e-01 1.490829e-01 6.528821e-01 4.254100e-01 7.082928e-01 1.315368e+00 2.246847e-01 4.808573e-01 3.076916e-01 6.255106e-01 5.000000e-02 5.000000e-02 5.000000e-02 7.177738e-02 6.172078e-02 7.731274e-02 9.104178e-02 5.000000e-02 1.037933e-01 5.000000e-02 1.981496e-01 9.027400e-02 1.019303e-01 5.000000e-02
<GCONST> 4.937122e+01
<STATE> 19
<MEAN> 39
 -4.760062e+00 -2.502114e+01 -2.159917e+01 -1.781384e+00 4.432126e+00 -6.893309e-01 5.851096e+00 -9.074643e+00 2.244184e+00 -6.229449e+00 -8.972799e+00 7.116359e+00 9.713897e-01 -3.421512e-01 2.923386e-01 3.768377e-01 -1.702771e-01 -8.250496e-01 -3.315006e-01 9.430473e-01 1.279086e+00 -1.271909e+00 -1.056345e-01 4.277882e-01 1.798983e-01 -1.371609e-02 -1.329464e-01 1.283572e-01 -2.267968e-02 1.960340e-01 -4.653120e-01 -1.671930e-01 3.880666e-01 1.917475e-02 -1.668283e-01 -1.593504e-01 -1.208777e-02 4.411840e-02 -3.344040e-03
<VARIANCE> 39
 6.666812e+00 3.727808e+00 2.290668e+01 4.434982e+00 7.800998e+00 4.248721e+00 2.288836e+01 3.637516e+01 3.547511e+01 5.320763e+00 2.199926e+01 2.071723e+01 5.000000e-02 2.192101e-01 1.015868e-01 3.385121e-01 3.061298e-01 4.352447e-01 3.148097e-01 4.140705e-01 5.122107e-01 2.158639e-01 8.754060e-01 2.648886e-01 2.943384e-01 5.000000e-02 5.000000e-02 6.631858e-02 8.243696e-02 5.000000e-02 7.637074e-02 1.417155e-01 5.000000e-02 1.574975e-01 1.667348e-01 7.162084e-02 6.578711e-02 3.008441e-01 5.000000e-02
<GCONST> 4.936335e+01
<STATE> 20
<MEAN> 39
 -5.563932e+00 -2.371410e+01 -2.471504e+01 -1.877098e+00 4.812138e+00 -3.755842e+00 7.013389e+00 -5.622160e+00 -2.837570e+00 -5.224454e+00 -9.970912e+00 6.199105e+00 9.554405e-01 -5.237997e-01 1.461357e-01 9.660145e-02 4.136557e-02 -1.825212e+00 -1.004211e+00 1.066975e+00 7.584192e-01 -1.482974e+00 -9.108617e-01 3.055782e-01 2.250295e-01 -1.739936e-02 1.092616e-02 -2.292468e-02 2.465770e-01 1.909261e-01 -6.925832e-01 1.921101e-01 3.386926e-01 -6.025494e-02 2.464619e-01 3.192348e-02 -6.797448e-02 -1.789705e-01 -2.587185e-03
<VARIANCE> 39
 7.199789e+00 1.844966e+00 2.880644e+01 9.856076e-01 9.619806e+00 1.806171e+01 2.608901e+01 2.024557e+01 2.796291e+01 2.025314e+01 1.953933e+01 1.438696e+01 5.000000e-02 2.369744e-01 3.683879e-01 3.065785e-01 5.962573e-01 3.467818e-01 1.382880e+00 3.271970e-01 6.000735e-01 7.552216e-01 9.022570e-01 1.753347e-01 9.921108e-01 5.000000e-02 5.000000e-02 5.000000e-02 9.251753e-02 6.371875e-02 1.827129e-01 8.399241e-02 6.266716e-02 7.393882e-02 6.442481e-02 3.059562e-01 6.501900e-02 1.785522e-01 5.000000e-02
<GCONST> 5.433553e+01
<STATE> 21
<MEAN> 39
 -4.933705e+00 -2.367047e+01 -2.269623e+01 -4.689901e-01 -5.075068e-01 -3.263378e+00 7.949112e+00 -7.025145e+00 -3.347070e+00 -7.312927e+00 -1.061373e+01 7.449164e+00 9.300254e-01 -2.853465e-01 2.377020e-01 9.516524e-01 6.711529e-01 -2.041377e+00 1.047050e-01 1.678568e+00 1.018687e+00 -2.564132e-01 -6.923417e-01 2.135174e-01 -2.433222e-01 -1.913686e-02 -1.095622e-01 -4.927736e-03 2.634305e-01 -3.119518e-01 -2.170304e-01 3.064569e-01 2.169495e-01 1.228358e-01 2.078981e-01 1.650504e-01 -4.724922e-02 -6.211299e-01 -9.731423e-04
<VARIANCE> 39
 9.249746e+00 5.378465e+00 2.519270e+01 2.500143e+00 2.520280e+00 1.594211e+01 3.850554e+01 1.319475e+01 1.166298e+01 1.278428e+01 1.916947e+01 1.375640e+01 5.000000e-02 9.176967e-02 3.048813e-01 5.567444e-01 8.545355e-01 1.192855e+00 4.266221e-01 1.354648e-01 2.708251e-01 1.465262e+00 7.642365e-01 6.773335e-01 2.032345e+00 5.000000e-02 5.787188e-02 5.000000e-02 1.457878e-01 1.615966e-01 7.307935e-02 3.543416e-01 5.000000e-02 1.109071e-01 5.000000e-02 5.584795e-01 6.954870e-02 1.547446e-01 5.000000e-02
<GCONST> 5.682409e+01
<STATE> 22
<MEAN> 39
 -5.465124e+00 -2.444700e+01 -2.146859e+01 4.298300e-01 -2.483294e+00 -2.679424e+00 1.215716e+01 -5.918398e+00 -2.463202e+00 -7.589419e+00 -8.752861e+00 7.106613e+00 9.062983e-01 -6.366938e-01 3.698783e-03 1.051711e+00 -6.585322e-01 -2.468317e+00 1.720308e-01 1.906067e+00 1.112909e+00 -6.364741e-01 -2.187533e-01 -1.990694e-02 -1.620172e+00 -1.835468e-02 -6.223695e-02 3.001755e-01 1.035174e-01 -5.330523e-01 -1.713347e-01 -3.386717e-02 -3.464557e-02 -6.340870e-02 2.202936e-01 5.261271e-01 -8.739983e-02 -6.297532e-01 -1.705828e-03
<VARIANCE> 39
 9.896016e+00 5.632207e+00 9.328085e+00 1.900032e+01 9.297760e+00 1.875532e+01 2.226788e+01 3.161061e+01 1.029394e+01 3.999158e+00 1.322099e+01 1.386641e+01 5.000000e-02 1.644664e-01 1.518406e-01 8.566311e-01 7.607581e-01 1.098309e+00 1.452587e+00 7.996052e-02 6.306144e-01 2.053448e-01 2.327590e+00 6.352870e-01 7.944756e-01 5.000000e-02 5.000000e-02 5.000000e-02 5.000000e-02 2.320649e-01 5.498941e-02 1.031711e-01 5.023725e-02 1.506366e-01 1.581262e-01 1.293081e-01 8.195766e-02 1.574919e-01 5.000000e-02
<GCONST> 5.573097e+01
<STATE> 23
<MEAN> 39
 -7.153085e+00 -2.436943e+01 -1.881230e+01 -2.404025e+00 -6.620533e+00 -1.901418e+00 1.311303e+01 -4.149447e+00 -3.753300e+00 -8.416387e+00 -9.293197e+00 2.783666e+00 8.802799e-01 -5.953665e-01 8.758796e-01 1.168966e+00 -1.491273e+00 -2.479835e+00 1.094404e-01 1.860549e+00 1.180269e+00 -2.821873e-01 1.000339e+00 -2.846208e-02 -2.341960e+00 -2.072317e-02 9.189449e-02 4.468965e-01 -6.917200e-02 -3.837782e-01 2.252734e-02 -2.987548e-01 -5.113881e-01 -3.251769e-01 4.454002e-01 8.185998e-01 1.371235e-01 1.071526e-01 -4.670700e-03
<VARIANCE> 39
 4.166597e+00 5.125429e+00 2.064812e+01 1.607787e+01 4.885923e+00 2.422762e+01 4.712431e+01 2.982951e+01 5.366374e+00 5.497882e+00 1.870400e+01 4.930659e+00 5.000000e-02 1.918126e-01 5.000000e-02 9.104040e-01 3.052958e-01 8.386513e-01 1.491632e+00 2.063669e-01 1.551468e+00 1.918122e-01 1.703425e+00 1.114576e+00 6.642411e-01 5.000000e-02 5.000000e-02 5.000000e-02 7.437493e-02 1.694754e-01 8.599003e-02 7.120516e-02 5.000000e-02 1.778850e-01 5.000000e-02 8.946476e-02 2.193641e-01 5.000000e-02 5.000000e-02
<GCONST> 5.312011e+01
<STATE> 24
<MEAN> 39
 -7.881933e+00 -2.121175e+01 -1.857183e+01 -4.101050e+00 -8.238978e+00 -2.153989e+00 1.533494e+01 -2.873521e-01 -5.158791e+00 -5.514630e+00 -9.542505e+00 -2.142602e-01 8.531612e-01 -3.323960e-01 1.612416e+00 9.435928e-01 -1.603943e+00 -2.655994e+00 -5.041090e-01 7.286519e-01 1.378070e-01 7.674409e-01 1.832996e+00 3.689073e-01 -1.524556e+00 -2.908312e-02 1.972753e-01 9.946726e-02 -1.288275e-01 -9.947595e-04 8.089128e-02 -6.514832e-01 -1.062166e+00 -5.541901e-01 6.977441e-01 6.433306e-01 1.206451e-01 4.647033e-01 -5.609778e-03
<VARIANCE> 39
 3.603708e+00 1.235362e+01 1.773343e+01 1.475947e+01 5.902047e+00 4.061005e+01 2.953327e+01 2.014689e+01 2.715514e+01 1.437030e+01 9.207887e+00 1.130000e+01 5.000000e-02 2.182224e-01 7.532341e-02 2.671669e-01 1.775181e+00 6.993253e-01 3.260650e-01 3.763044e-01 1.632707e+00 7.347913e-01 7.216027e-01 8.138486e-01 5.631120e-01 5.000000e-02 5.000000e-02 5.000000e-02 1.277370e-01 7.076366e-02 1.202816e-01 1.539389e-01 9.433551e-02 2.630781e-01 1.543674e-01 2.637962e-01 1.223852e-01 7.346647e-02 5.000000e-02
<GCONST> 6.000293e+01
<STATE> 25
<MEAN> 39
 -8.034554e+00 -1.917346e+01 -1.741282e+01 -5.851741e+00 -1.242852e+01 -3.282353e+00 1.638462e+01 -3.574516e+00 -1.533017e+00 -2.706800e+00 -9.366615e+00 -1.610705e+00 8.148469e-01 -8.311004e-02 1.216406e+00 7.293413e-01 -1.152181e+00 -2.417572e+00 -1.172496e+00 -1.245701e+00 -4.587880e-01 1.662648e+00 2.863630e+00 4.425269e-01 -4.839883e-01 -3.909931e-02 2.449757e-01 -2.466567e-01 1.286387e-01 1.173859e-01 4.315175e-01 -5.212238e-01 -1.125960e+00 -3.510584e-01 3.199515e-01 5.464804e-01 2.241237e-01 6.603098e-01 -3.401103e-03
<VARIANCE> 39
 5.150809e+00 1.521734e+01 1.941020e+01 3.202173e+01 7.619622e+00 3.309155e+01 3.347789e+01 1.576967e+01 1.049242e+01 1.041098e+01 6.364505e+00 1.391766e+01 5.000000e-02 6.424081e-02 1.219580e-01 4.205195e-01 5.733002e-01 5.979216e-02 2.903251e-01 1.221495e+00 7.735566e-01 2.343633e+00 9.351514e-02 4.870477e-01 5.891250e-01 5.000000e-02 5.238274e-02 5.000000e-02 9.965108e-02 2.638412e-01 5.000000e-02 5.000000e-02 5.000000e-02 5.552541e-01 1.501775e-01 2.409872e-01 1.222166e-01 1.972360e-01 5.000000e-02
<GCONST> 5.510843e+01
<STATE> 26
<MEAN> 39
 -8.559136e+00 -1.973512e+01 -1.531257e+01 -8.459331e+00 -1.581690e+01 -4.402798e+00 1.262653e+01 -3.833427e+00 -7.779632e-01 5.686011e-01 -7.362841e+00 1.014602e+00 7.519133e-01 8.134591e-02 6.453062e-01 1.331995e+00 -1.350795e+00 -1.649767e+00 -2.072816e+00 -2.478950e+00 -9.248574e-01 1.359115e+00 3.455692e+00 6.135313e-01 -1.294919e-01 -4.291638e-02 1.958586e-01 -2.790107e-01 2.317281e-01 2.967278e-02 6.809124e-01 -1.968280e-02 -5.660372e-01 -4.913071e-02 6.474643e-02 -1.405246e-01 3.956259e-02 2.512218e-01 2.098794e-03
<VARIANCE> 39
 3.850319e+00 1.026618e+01 1.372584e+01 1.468391e+01 4.181318e+00 1.867775e+01 2.747080e+01 1.568934e+01 1.600316e+01 2.085467e+01 4.055478e+00 2.192243e+01 5.000000e-02 5.564390e-02 8.305769e-02 4.124321e-01 1.307622e-01 5.899184e-01 1.408187e-01 1.584934e-01 1.335139e+00 5.482441e-01 1.574348e-01 7.666661e-01 1.762967e-01 5.000000e-02 5.107254e-02 5.000000e-02 1.385206e-01 1.877575e-01 6.298136e-02 8.249121e-02 1.371962e-01 3.098960e-01 3.933236e-01 2.708665e-01 1.116344e-01 2.910999e-01 5.000000e-02
<GCONST> 5.190256e+01
<STATE> 27
<MEAN> 39
 -6.859585e+00 -1.837627e+01 -1.562978e+01 -7.655976e+00 -1.727094e+01 -1.128245e+01 1.002838e+01 -5.915341e+00 2.663732e+00 6.605629e+00 -7.741360e+00 -1.794609e+00 7.036568e-01 5.357760e-01 4.243956e-01 1.668003e+00 -1.356647e+00 -4.705813e-01 -1.625636e+00 -2.419246e+00 -4.765176e-01 1.569317e+00 2.455787e+00 7.639284e-01 4.331186e-01 -2.726306e-02 2.482263e-01 -2.756582e-01 6.163973e-02 6.658293e-02 7.359669e-01 8.908665e-01 2.058063e-01 3.286833e-01 -5.568915e-01 -9.464307e-01 2.661448e-04 2.422886e-01 5.281179e-03
<VARIANCE> 39
 5.678585e+00 6.259390e+00 2.345377e+01 2.589068e+01 9.577769e+00 3.611738e+01 4.591562e+01 1.022703e+01 3.466201e+00 1.782030e+01 1.826901e+01 1.849442e+01 5.000000e-02 2.114170e-01 2.055801e-01 5.439091e-01 7.798840e-01 4.979659e-01 1.073067e+00 8.865553e-01 9.920139e-01 1.929393e+00 1.483902e+00 6.647130e-01 1.807219e+00 5.000000e-02 5.000000e-02 5.000000e-02 6.089471e-02 8.772494e-02 5.875692e-02 2.334455e-01 1.683513e-01 1.984367e-01 3.040594e-01 1.400537e-01 1.920493e-01 9.354617e-02 5.000000e-02
<GCONST> 6.501323e+01
<STATE> 28
<MEAN> 39
 -7.477809e+00 -1.733348e+01 -9.460711e+00 -1.192076e+01 -1.545906e+01 -9.697927e+00 5.165638e+00 -3.883397e+00 4.428377e+00 7.351236e+00 -6.032545e+00 7.779759e-01 6.653598e-01 6.155636e-01 4.723320e-02 1.098639e+00 -6.957222e-01 8.053628e-01 5.571453e-01 -1.347019e+00 8.316561e-01 -3.232210e-01 -2.105618e-01 -1.981105e-01 3.369944e-01 -2.879703e-02 3.094279e-01 -4.346317e-01 -1.627482e-01 4.048022e-01 5.084869e-01 9.049128e-01 5.783421e-01 1.321099e-01 -6.789688e-01 -1.075428e+00 -4.988066e-01 3.802756e-02 -4.727887e-04
<VARIANCE> 39
 1.046940e+01 6.541519e+00 1.765343e+01 1.418473e+01 6.281603e+00 2.500919e+01 3.611100e+01 2.503665e+01 4.872203e+00 3.564440e+00 7.831255e+00 7.834638e+00 5.000000e-02 4.055338e-01 3.222910e-01 8.817095e-01 1.037967e+00 1.805256e+00 1.280212e+00 8.005778e-01 1.659408e+00 1.145333e+00 1.852055e+00 1.914894e+00 4.831189e-01 5.000000e-02 5.825133e-02 5.000000e-02 1.582796e-01 1.362786e-01 5.000000e-02 1.294756e-01 2.622732e-01 2.959300e-01 2.237479e-01 1.206792e-01 1.451374e-01 2.541831e-01 5.000000e-02
<GCONST> 6.676442e+01
<STATE> 29
<MEAN> 39
 -6.097089e+00 -1.816314e+01 -1.083018e+01 -1.185069e+01 -1.459677e+01 -5.887911e+00 4.354208e+00 -3.203772e+00 1.973695e+00 5.739057e+00 -6.239128e+00 8.410398e-01 6.382341e-01 1.293592e+00 -8.940947e-01 1.175959e+00 -3.248119e-01 9.953593e-01 1.857491e+00 -5.283273e-01 -5.807843e-02 -1.943580e-01 -1.116662e+00 -2.839674e-01 3.840263e-01 -2.753642e-02 3.109513e-01 -3.455503e-01 3.627515e-01 3.699283e-01 3.829097e-01 4.103755e-01 3.031991e-01 1.826672e-01 -1.254873e-01 -8.214068e-01 -3.242088e-01 -2.276137e-01 -3.268270e-03
<VARIANCE> 39
 6.739531e+00 1.327047e+01 1.887519e+01 1.523654e+01 6.978327e+00 3.626976e+01 5.070755e+01 2.888461e+01 1.258338e+01 1.356211e+01 1.728446e+01 2.121982e+01 5.000000e-02 1.036721e-01 4.167191e-01 5.312448e-01 1.129168e+00 9.692426e-01 5.214141e-01 1.694945e+00 6.772794e-01 1.627133e+00 1.129825e+00 1.443320e+00 3.171558e-01 5.000000e-02 7.808387e-02 5.923265e-02 5.000000e-02 4.168416e-01 1.502204e-01 3.413938e-01 2.147230e-01 5.879625e-01 3.282634e-01 2.770103e-01 2.746382e-01 3.972237e-01 5.000000e-02
<GCONST> 7.344263e+01
<STATE> 30
<MEAN> 39
 -2.251226e+00 -1.975115e+01 -9.358305e+00 -1.209457e+01 -1.408648e+01 -6.052563e+00 4.210375e+00 -5.708892e+00 1.735872e+00 5.704502e+00 -7.287444e+00 2.528580e-01 6.065047e-01 1.752557e+00 -1.026948e+00 2.373384e+00 -2.548635e-01 1.493263e+00 1.556355e+00 -1.036429e+00 8.910582e-01 -7.159410e-01 -1.406206e+00 -9.699695e-01 -5.837165e-01 -3.561339e-02 6.763118e-02 1.399688e-02 3.966099e-02 4.877210e-01 9.884371e-02 -3.325280e-01 2.272384e-01 1.575650e-01 5.372096e-02 -2.190486e-01 2.113530e-01 -1.805555e-01 -2.659257e-03
<VARIANCE> 39
 1.409757e+01 5.617056e+00 1.189784e+01 8.215434e+00 3.216361e+01 4.785733e+01 8.190710e+00 1.263984e+01 2.459045e+01 1.137890e+01 2.053640e+01 1.840798e+01 5.000000e-02 1.639439e-01 6.348438e-01 7.254230e-01 3.180402e+00 4.758762e-01 1.024560e+00 2.354791e+00 1.165638e+00 2.129820e+00 2.795633e+00 6.976902e-01 1.880575e+00 5.000000e-02 9.475923e-02 5.018834e-02 7.061041e-02 6.072232e-02 2.626238e-01 4.551368e-01 7.751761e-02 2.479547e-01 1.265368e-01 5.000000e-02 4.127698e-01 2.140194e-01 5.000000e-02
<GCONST> 7.174681e+01
<STATE> 31
<MEAN> 39
 -1.250279e+00 -2.226803e+01 -3.740143e+00 -1.111882e+01 -1.006339e+01 -3.297207e+00 2.492370e+00 -2.126348e+00 9.787937e-01 5.264128e-01 -1.031026e+01 -8.641066e-01 5.202997e-01 1.846647e+00 -8.530343e-01 1.888235e+00 1.138704e+00 1.235819e+00 4.312013e-01 -2.745371e-01 5.326791e-01 -2.630812e-01 -1.581241e+00 6.110263e-01 -2.362687e-01 -3.650329e-02 -1.619607e-01 2.369203e-01 -6.330689e-01 4.399614e-01 -2.347946e-01 -3.960974e-01 1.781553e-01 -2.091922e-01 1.491388e-01 8.086586e-03 6.557540e-01 9.191300e-03 3.382197e-03
<VARIANCE> 39
 6.825382e+00 5.020808e+00 1.327130e+00 6.535112e+00 1.249070e+01 2.250933e+01 9.538481e+00 8.770893e+00 1.442485e+01 5.581720e+01 1.451712e+01 9.305351e+00 5.000000e-02 8.064469e-01 7.584099e-01 5.472565e-01 3.099639e+00 9.342803e-01 1.696771e+00 1.129130e+00 2.611791e+00 8.662614e-01 8.681555e-01 2.693714e+00 2.975001e+00 5.000000e-02 5.909927e-02 6.277357e-02 1.045305e-01 2.342567e-01 1.550470e-01 5.000000e-02 2.089539e-01 7.375506e-02 2.803347e-01 2.490997e-01 2.177107e-01 7.826950e-02 5.000000e-02
<GCONST> 6.834969e+01
<STATE> 32
<MEAN> 39
 1.440478e+00 -2.147012e+01 -2.145181e+00 -9.723726e+00 -9.070250e+00 -2.383262e+00 3.581223e+00 -2.859658e-01 2.677436e-01 6.290091e-01 -7.585051e+00 5.645980e-01 4.955351e-01 1.341378e+00 -4.234846e-01 2.909352e-01 1.731508e+00 5.395823e-01 1.920844e-01 -2.623489e-01 3.932296e-01 -2.672457e-01 -1.582861e+00 1.069626e+00 -2.449475e-01 -2.969412e-02 -4.048626e-01 1.017740e-01 -1.103932e+00 2.027423e-01 -1.819927e-02 -1.641287e-01 2.147362e-01 -5.415086e-01 1.199541e-01 -1.011836e-01 2.782426e-01 -3.589555e-02 4.936730e-03
<VARIANCE> 39
 2.981355e+00 1.089478e+01 2.161796e+01 1.598518e+01 1.817504e+01 1.510261e+01 3.973149e+00 3.925395e+00 3.974365e+01 2.372156e+01 9.057618e+00 2.994247e+00 5.000000e-02 3.638600e-01 1.657451e-01 3.112328e-01 5.377863e-01 1.070787e+00 1.071568e+00 9.824717e-01 1.278214e+00 5.025676e-01 3.163128e-01 1.457390e+00 2.224399e+00 5.000000e-02 1.242572e-01 1.235877e-01 1.982615e-01 5.503625e-01 1.331698e-01 3.598280e-01 1.908204e-01 1.779793e-01 4.805199e-01 3.934277e-01 2.761096e-01 1.251684e-01 5.000000e-02
<GCONST> 6.779037e+01
<STATE> 33
<MEAN> 39
 2.161743e+00 -2.252192e+01 -4.022086e+00 -7.720058e+00 -8.004230e+00 -2.526935e+00 2.250225e+00 -2.306210e+00 1.153601e+00 -2.339482e+00 -5.697135e+00 1.579517e-01 4.654181e-01 5.957771e-01 -6.913679e-01 -9.436976e-01 1.253634e+00 1.104035e+00 2.373281e-01 3.688860e-01 -1.108103e+00 -1.763401e-01 -1.527006e+00 8.443671e-01 -2.300175e-01 -2.136825e-02 -5.194213e-01 5.328684e-02 -8.770586e-01 -5.099320e-02 2.472128e-01 -6.070301e-02 1.945738e-01 -4.176418e-01 -1.293865e-01 1.491511e-01 1.896803e-01 8.306175e-02 3.560293e-03
<VARIANCE> 39
 1.312187e+00 6.867892e+00 4.744094e+00 2.034360e+01 1.482011e+01 2.807848e+01 4.308379e+00 5.716000e+00 1.743051e+01 3.235847e+01 3.969489e+00 5.845289e+00 5.000000e-02 5.529218e-01 4.972601e-01 2.250874e+00 4.143308e-01 3.836424e-01 1.284231e+00 3.009545e-01 7.272127e-01 6.645656e-01 8.032131e-01 1.337575e+00 3.933828e-01 5.000000e-02 8.937457e-02 5.000000e-02 1.181635e-01 3.403542e-01 1.082072e-01 1.938227e-01 1.217829e-01 1.547677e-01 2.372224e-01 4.146989e-01 3.016676e-01 3.374406e-01 5.000000e-02
<GCONST> 6.225065e+01
<STATE> 34
<MEAN> 39
 3.582391e+00 -2.249978e+01 -5.734668e+00 -6.082569e+00 -8.812174e+00 -2.921352e+00 3.186423e+00 -4.298190e+00 1.261636e+00 -3.131240e+00 -5.937806e+00 -2.171144e+00 4.629273e-01 1.080933e-01 -3.300906e-01 -1.833359e+00 1.475114e+00 2.066752e+00 5.077502e-01 2.244487e-01 -5.254218e-01 -1.635628e-01 -2.312278e+00 7.966396e-01 -2.833992e-01 -2.404523e-02 -4.589801e-01 9.084474e-03 -4.175833e-01 3.443186e-02 4.306947e-01 -3.762418e-01 1.337908e-01 4.352779e-01 -2.324504e-01 2.452962e-01 -2.017843e-03 3.272298e-01 -2.553632e-03
<VARIANCE> 39
 7.445461e+00 1.052581e+01 1.687600e+00 3.902757e+00 2.404272e+01 1.620579e+01 4.543424e+00 6.767128e+00 1.870723e+01 2.710126e+01 7.968390e+00 1.049809e+01 5.000000e-02 3.614398e-01 3.310095e-01 1.026226e+00 8.961270e-01 8.871571e-01 1.270750e+00 1.840216e-01 9.176635e-01 2.816216e+00 2.316299e+00 6.177198e-01 2.348401e-01 5.000000e-02 7.219479e-02 1.210221e-01 9.255069e-02 1.359136e-01 1.116695e-01 2.714159e-01 1.190649e-01 2.698286e-01 1.640698e-01 2.140723e-01 2.468615e-01 2.540092e-01 5.000000e-02
<GCONST> 6.289307e+01
<STATE> 35
<MEAN> 39
 2.337629e+00 -2.399134e+01 -9.937303e+00 -4.513258e+00 -3.623780e+00 -2.373812e+00 4.580652e+00 -3.942183e+00 -4.075828e-01 -7.628566e+00 -3.297740e+00 -1.331104e+00 4.015895e-01 -8.285993e-01 -4.510834e-01 -1.825348e+00 1.511835e+00 2.287901e+00 -4.904629e-01 6.125162e-01 1.184831e-02 -8.414578e-01 -3.927078e-01 1.181775e+00 1.284552e+00 -2.968707e-02 -1.495426e-01 1.735869e-01 2.539852e-01 -2.904705e-01 -3.960475e-01 -2.475681e-01 1.155493e-01 5.296574e-01 -8.092882e-02 6.170062e-01 -1.965188e-01 1.602144e-01 -6.936066e-04
<VARIANCE> 39
 3.565156e+00 1.696661e+01 4.157530e+00 7.196923e+00 8.878185e-01 1.140108e+01 1.853906e+00 2.232306e+00 2.808984e+00 9.792480e+00 1.334607e+00 1.562507e+01 5.000000e-02 1.578750e-01 2.776768e-01 3.001668e-01 1.048930e+00 5.792167e-01 4.309646e-01 1.035499e+00 8.508548e-01 1.665972e+00 2.747153e+00 1.624426e+00 1.543991e+00 5.000000e-02 9.157740e-02 2.395903e-01 3.633920e-01 5.000000e-02 7.822295e-02 3.417696e-01 5.000000e-02 1.672802e-01 9.480514e-02 1.863528e-01 5.000000e-02 1.362406e-01 5.000000e-02
<GCONST> 5.166304e+01
<STATE> 36
<MEAN> 39
 7.901574e-01 -2.460556e+01 -1.143199e+01 -1.909561e-01 -3.699927e-02 -4.008314e+00 4.600935e+00 -4.785820e+00 -2.724901e+00 -6.293213e+00 -1.518969e-01 2.878306e+00 3.584088e-01 -3.791259e-01 1.975005e-01 -1.456879e+00 5.229302e-01 1.052291e+00 -6.972052e-01 8.627982e-01 1.275223e+00 -6.287181e-01 1.630612e-01 5.708776e-01 4.037233e-01 -2.406667e-02 5.814194e-02 3.644577e-01 6.610911e-01 -5.780247e-01 -8.617948e-01 -3.475786e-01 -4.950174e-02 5.038699e-01 3.839880e-01 2.100007e-01 -4.027478e-01 -2.440829e-01 -1.333501e-03
<VARIANCE> 39
 3.006906e+00 2.255541e+00 1.167621e+01 1.124874e+01 1.057693e+01 2.499562e+01 1.165170e+01 1.023062e+01 2.543554e+00 1.203632e+00 1.041155e+01 1.432620e+01 5.000000e-02 4.021845e-01 1.548190e+00 1.172545e+00 8.451099e-01 7.376949e-01 1.454452e+00 1.892130e-01 9.693241e-01 1.801612e+00 1.474202e+00 1.319379e+00 7.332481e-01 5.000000e-02 5.000000e-02 5.000000e-02 3.620905e-01 1.294985e-01 6.553070e-02 2.254004e-01 2.158438e-01 2.073979e-01 2.237774e-01 1.657625e-01 3.104008e-01 1.464229e-01 5.000000e-02
<GCONST> 6.204113e+01
<STATE> 37
<MEAN> 39
 7.869201e-01 -2.329053e+01 -1.266380e+01 -1.992651e+00 -4.018792e-01 -3.887782e+00 6.246833e+00 -7.777098e-01 -4.211200e-01 -5.170840e+00 -2.936329e+00 -9.769316e-02 3.283844e-01 -3.184170e-01 5.584198e-01 9.032134e-02 -2.522225e-01 -4.089643e-01 -9.767925e-01 1.725822e-01 1.153594e+00 -7.159022e-03 -3.352217e-01 -1.554740e-01 -4.781152e-01 -2.385671e-02 1.723216e-02 3.334314e-01 6.465884e-01 -1.981245e-01 -4.285758e-01 -3.049339e-02 -3.444393e-01 -3.218451e-01 2.602871e-01 3.193704e-02 1.414506e-01 5.451009e-03 -1.918249e-03
<VARIANCE> 39
 8.823267e-01 1.905289e+00 6.818918e+00 4.475458e+00 8.429280e+00 5.318602e+00 1.618702e+01 1.114289e+01 6.688643e+00 8.912939e+00 7.127042e+00 1.061204e+01 5.000000e-02 4.176323e-01 7.182503e-01 2.094521e+00 2.809569e-01 4.720898e-01 1.886119e+00 6.262359e-01 7.161462e-01 3.586287e-01 7.177066e-01 1.685277e-01 3.104764e-01 5.000000e-02 5.000000e-02 1.102640e-01 2.486022e-01 1.110633e-01 3.457780e-01 2.224300e-01 2.392103e-01 7.602617e-01 2.025098e-01 3.866701e-01 3.147827e-01 3.399344e-01 5.000000e-02
<GCONST> 5.923796e+01
<STATE> 38
<MEAN> 39
 7.790254e-01 -2.335056e+01 -1.271050e+01 -4.235359e+00 -3.424369e+00 -6.304799e+00 5.593826e+00 4.743786e-01 -3.289973e+00 -9.600525e+00 -3.468672e+00 1.944516e-01 3.265847e-01 -4.779849e-01 8.864212e-01 3.516454e-01 3.158416e-01 -4.288865e-01 -1.264342e+00 1.229556e-01 8.737211e-01 3.480373e-01 1.098547e-01 1.174679e+00 7.719957e-01 -3.746748e-02 -1.652780e-01 2.592664e-01 4.046785e-01 8.791525e-02 2.318369e-01 4.303072e-01 -2.790534e-01 -4.008602e-01 3.504980e-01 4.171193e-01 4.638122e-01 3.928416e-01 -5.463213e-03
<VARIANCE> 39
 7.066261e-01 7.008005e-01 8.687028e+00 1.041936e+01 1.273285e+01 6.495842e+00 9.502169e+00 9.059237e+00 6.108807e+00 6.294906e+00 7.272425e+00 2.801702e+00 5.000000e-02 1.914104e-01 6.456323e-01 2.208283e+00 5.144314e-01 1.198977e+00 2.328243e+00 2.239212e+00 3.952962e+00 2.530142e-01 4.465710e-01 1.595152e+00 7.432508e-01 5.000000e-02 5.000000e-02 1.779633e-01 2.819973e-01 1.327149e-01 1.975487e-01 4.302232e-01 2.402052e-01 2.992753e-01 1.197973e-01 2.770927e-01 1.547052e-01 1.352950e-01 5.000000e-02
<GCONST> 6.088368e+01
<STATE> 39
<MEAN> 39
 -9.589863e-01 -2.150102e+01 -1.005162e+01 -9.597520e-01 -1.395903e+00 -7.664620e+00 6.964325e+00 4.042498e-01 -3.159366e-01 -3.586164e+00 1.856035e+00 3.224571e+00 2.487140e-01 -8.144524e-01 1.160110e+00 8.535265e-01 -1.009978e-02 1.332392e-01 -5.432288e-01 -5.303771e-01 1.296140e-01 1.106818e+00 1.212886e+00 1.623469e+00 1.497592e+00 -4.244070e-02 -6.290844e-02 1.927416e-01 4.789659e-02 -1.284924e-01 2.296054e-01 2.843924e-01 -2.808675e-01 -9.987450e-02 9.675866e-02 -9.048575e-02 -2.359659e-01 -3.914077e-01 -1.931741e-03
<VARIANCE> 39
 2.576871e-01 1.408606e+00 2.937860e+00 4.152343e+00 9.428185e+00 1.935702e+01 1.087128e+01 3.028974e+00 7.252676e+00 2.300593e+00 1.014916e+01 1.729885e+01 5.000000e-02 6.807760e-02 4.788510e-01 1.040545e+00 1.096248e+00 1.438392e+00 1.921034e+00 1.164812e+00 4.499351e+00 7.410184e-01 1.790135e+00 1.545292e+00 1.779479e+00 5.000000e-02 5.000000e-02 2.604739e-01 1.443649e-01 3.819470e-01 3.731404e-01 4.526222e-01 4.004810e-01 3.870839e-01 1.462273e-01 7.785723e-02 3.264285e-01 3.423959e-01 5.000000e-02
<GCONST> 6.398839e+01
<STATE> 40
<MEAN> 39
 -1.223626e+00 -1.902065e+01 -1.002104e+01 -2.211831e+00 -1.185475e+00 -7.063755e+00 3.380081e+00 -1.360637e+00 4.356409e-01 -5.703643e+00 1.018223e+00 3.201266e+00 1.856356e-01 -8.344797e-01 1.090524e+00 3.309149e-01 -3.467403e-02 1.084205e+00 6.415694e-01 -3.796808e-01 4.916372e-01 1.710592e-01 -1.982434e-02 3.999088e-01 -2.212431e-01 -3.799827e-02 -2.511322e-02 -1.304513e-01 -1.260681e-01 4.400846e-02 3.027435e-01 3.359682e-01 2.305675e-01 2.369345e-01 -2.752592e-01 -9.762281e-02 -4.542019e-01 -5.868296e-01 1.887658e-03
<VARIANCE> 39
 1.526212e+00 8.528028e+00 6.793625e+00 8.028380e+00 5.507707e+00 1.731351e+01 9.986240e+00 4.071049e+01 2.231786e+00 1.319750e+01 1.288845e+01 9.931943e+00 5.000000e-02 2.852022e-01 1.778226e+00 4.907023e-01 2.790522e+00 1.960349e+00 2.409086e+00 2.487048e+00 1.746435e+00 7.959213e-01 6.031769e-01 2.506212e+00 1.144006e+00 5.000000e-02 8.693733e-02 3.207787e-01 1.540286e-01 1.798525e-01 3.927605e-01 6.045818e-01 3.230382e-01 9.132287e-01 1.308846e-01 2.252119e-01 3.097956e-01 5.617675e-01 5.000000e-02
<GCONST> 7.593430e+01
<STATE> 41
<MEAN> 39
 -2.895767e+00 -1.849350e+01 -8.718412e+00 -1.719072e+00 9.729314e-01 -4.803825e+00 5.446856e+00 2.213736e+00 5.805892e-03 -5.964067e+00 2.228691e+00 3.225954e+00 1.447433e-01 -7.730438e-01 1.147841e+00 5.730875e-01 -4.548295e-04 7.546644e-01 2.658046e-01 -1.529959e-01 6.739339e-01 6.524989e-02 3.595131e-01 -3.541280e-01 -1.422390e+00 -3.286920e-02 1.447717e-01 -7.208221e-02 -3.540468e-02 3.537611e-02 -1.499308e-01 -1.108684e-01 -1.353255e-01 -2.766988e-01 -5.990569e-02 -1.972661e-01 -5.557459e-01 -4.828808e-01 3.352435e-03
<VARIANCE> 39
 3.579990e+00 1.791144e+01 3.310800e+00 3.375430e+01 1.323602e+01 7.228584e+00 2.685257e+01 2.564781e+01 1.076851e+01 5.233435e+00 1.050720e+01 1.327882e+01 5.000000e-02 4.202097e-01 1.531411e+00 1.839763e-01 6.166779e-01 2.001701e+00 1.997991e+00 1.066345e+00 2.194598e+00 1.448979e+00 7.081463e-01 8.415668e-01 2.288633e+00 5.000000e-02 1.017257e-01 4.794371e-01 1.871226e-01 8.337870e-01 3.589038e-01 3.495870e-01 3.526078e-01 4.433437e-01 3.656156e-01 3.651042e-01 2.174544e-01 3.081114e-01 5.000000e-02
<GCONST> 7.840653e+01
<STATE> 42
<MEAN> 39
 -3.499908e+00 -1.701170e+01 -9.746262e+00 -3.181849e+00 3.742374e-01 -7.577128e+00 3.558370e+00 3.130149e+00 1.858835e+00 -4.739075e+00 3.209148e-01 -1.450361e+00 1.283697e-01 -2.877086e-01 1.055199e+00 7.271845e-01 3.038324e-01 6.958033e-01 -5.066131e-02 -3.851093e-01 -2.530169e-01 -3.802330e-01 -7.702224e-01 -1.013795e+00 -1.656590e+00 -2.837940e-02 1.261395e-02 -1.941753e-01 1.538683e-01 2.749717e-01 -5.588972e-02 1.184153e-01 -6.396703e-02 -2.814423e-01 2.478170e-03 3.886245e-02 6.950769e-03 4.091509e-01 1.711070e-04
<VARIANCE> 39
 6.239475e+00 2.192062e+01 1.538025e+01 2.669668e+01 1.941706e+01 1.189208e+01 5.512331e+00 7.330048e+00 6.659667e-01 7.709218e+00 2.282078e+01 1.683484e+00 5.000000e-02 6.221300e-01 1.905072e+00 1.201800e+00 1.537534e+00 1.036043e+00 1.221376e+00 7.388537e-01 2.223605e+00 9.907535e-01 1.040640e+00 2.271972e-01 1.615211e+00 5.000000e-02 1.379410e-01 4.615045e-01 1.524909e-01 7.007222e-01 7.111931e-01 2.058738e-01 7.679904e-02 2.473084e-01 2.216285e-01 1.295326e-01 1.944759e-01 2.817215e-01 5.000000e-02
<GCONST> 7.126490e+01
<STATE> 43
<MEAN> 39
 -3.798116e+00 -1.588016e+01 -8.117167e+00 -1.489499e+00 2.889335e+00 -4.813886e+00 3.921896e+00 1.953464e-02 -8.078811e-01 -5.773511e+00 -5.221967e-01 -7.751752e-01 5.593683e-02 -5.125456e-01 7.318675e-01 5.891051e-01 3.690523e-01 2.219567e-01 5.673234e-01 -6.937019e-01 -3.269420e-01 7.442773e-01 3.613240e-01 -2.059666e-01 5.290985e-02 -3.250365e-02 1.140790e-02 2.444767e-02 4.439292e-02 -1.465981e-01 -3.085293e-01 1.776562e-01 2.638988e-01 -8.995078e-02 1.918956e-01 2.218975e-01 4.977782e-01 6.956149e-01 2.671799e-04
<VARIANCE> 39
 3.528429e+00 7.498036e+00 1.041512e+01 5.422479e+00 5.585916e+00 8.121994e+00 3.272906e+00 1.148608e+01 1.019644e+01 1.933889e+01 6.895419e+00 4.384046e+00 5.000000e-02 4.910686e-01 1.776688e+00 1.846183e+00 3.454552e+00 2.492981e+00 7.164134e-01 5.535398e-01 7.251601e-01 1.761124e+00 9.032447e-01 5.841662e-01 9.796384e-01 5.000000e-02 9.627548e-02 3.037736e-01 2.032762e-01 2.478214e-01 2.733949e-01 1.315069e-01 9.691728e-02 3.050678e-01 1.760786e-01 3.087275e-01 5.449554e-02 3.008679e-01 5.000000e-02
<GCONST> 6.703383e+01
<STATE> 44
<MEAN> 39
 -5.134594e+00 -1.525501e+01 -7.320571e+00 -1.048079e+00 1.278279e+00 -5.366118e+00 1.060976e+00 1.591597e+00 4.371980e+00 -3.683627e+00 -1.289814e+00 -1.488613e+00 2.708212e-02 -8.168380e-01 6.997495e-01 6.584133e-01 -2.495857e-01 -8.158131e-02 9.121429e-01 6.601853e-01 4.165586e-02 6.778941e-01 5.648383e-01 1.074141e+00 1.149784e+00 -3.548454e-02 2.137359e-03 -8.130360e-02 -1.375211e-01 -2.690022e-01 -2.094048e-02 1.263064e-01 4.276018e-01 -9.620975e-02 -3.022429e-01 8.436577e-02 3.132257e-01 3.128690e-01 -3.988256e-05
<VARIANCE> 39
 3.979675e+00 3.053272e+00 9.892637e+00 2.037469e+00 5.215549e+00 1.002179e+01 1.185425e+01 1.347587e+01 3.438233e+01 3.122647e+01 2.196376e+01 4.340334e+00 5.000000e-02 3.406446e-01 6.919697e-01 4.597785e-01 5.176026e-01 1.012889e+00 2.720304e-01 2.370025e-01 7.077430e-01 4.511209e-01 1.846351e+00 3.525896e-01 5.241113e-01 5.000000e-02 9.089268e-02 1.634270e-01 4.102417e-01 4.748228e-01 4.499966e-01 2.858075e-01 9.645446e-02 1.903266e-01 4.111130e-01 3.137643e-01 6.514660e-02 1.448676e-01 5.000000e-02
<GCONST> 6.232572e+01
<STATE> 45
<MEAN> 39
 -5.635607e+00 -1.388657e+01 -4.859753e+00 -1.313935e-01 2.025140e+00 -3.919818e+00 3.070370e+00 1.166647e+00 1.118007e+00 -3.778163e+00 1.848116e+00 2.246509e+00 -1.865099e-02 -5.685612e-01 9.306172e-01 5.740450e-01 -2.954402e-01 9.256286e-02 9.092525e-01 7.122821e-01 -3.201827e-01 3.580236e-01 1.179856e+00 9.356236e-01 1.224484e+00 -3.247837e-02 9.713420e-02 -1.745207e-01 -3.219081e-01 -1.813115e-01 1.358127e-02 -1.556709e-01 5.297627e-02 -1.057461e-01 -3.781602e-01 -1.802425e-01 -2.212073e-01 -3.200985e-01 3.411808e-03
<VARIANCE> 39
 1.601432e+00 2.786574e+00 2.578649e+00 2.998536e+00 5.201793e+00 5.334362e+00 6.664925e+00 5.161922e+00 1.108381e+01 2.738793e+00 5.963167e+00 5.925296e+00 5.000000e-02 2.886109e-01 3.486580e-01 9.655060e-01 9.438501e-01 1.343402e+00 1.589372e+00 2.057072e-01 1.276021e+00 1.044448e+00 1.993541e+00 8.870482e-01 4.650500e-01 5.000000e-02 5.000000e-02 6.707431e-02 1.260956e-01 2.991889e-01 3.590969e-01 1.085903e-01 1.551341e-01 7.339397e-02 4.740681e-01 1.064971e-01 6.458744e-02 2.050953e-01 5.000000e-02
<GCONST> 5.294511e+01
<STATE> 46
<MEAN> 39
 -6.211401e+00 -1.244470e+01 -6.173811e+00 -3.685697e+00 1.734445e+00 -1.872605e+00 6.958072e+00 6.978683e-02 1.764910e+00 -3.544809e+00 3.876310e+00 3.254470e+00 -4.963623e-02 -3.287380e-01 3.509880e-01 -3.461410e-02 -6.579937e-01 1.496347e-01 6.673419e-01 6.230005e-01 -9.295836e-01 -8.438788e-01 -3.387940e-02 3.277793e-01 2.776281e-01 -2.859581e-02 1.874655e-01 -1.591037e-01 -1.190829e-01 1.617816e-01 4.423730e-02 -3.076423e-01 -3.564704e-01 4.943541e-02 -4.398109e-01 -4.667578e-01 -5.430766e-01 -5.922563e-01 7.381876e-03
<VARIANCE> 39
 9.983149e-01 2.425190e-01 1.838958e+00 1.168867e+00 4.523711e+00 1.291315e+01 3.176108e+00 1.215981e+01 1.145713e+01 1.023607e+01 7.414687e+00 1.801763e+00 5.000000e-02 1.662091e-01 1.571533e-01 8.132868e-01 3.084266e-01 1.453714e+00 2.011693e+00 8.389367e-01 1.000324e+00 1.409781e+00 9.433007e-01 2.787465e-01 6.877756e-01 5.000000e-02 5.000000e-02 6.133875e-02 5.886431e-02 7.322049e-02 9.153247e-02 8.815185e-02 8.722298e-02 6.230526e-02 8.863235e-02 3.842013e-01 1.081793e-01 7.771489e-02 5.000000e-02
<GCONST> 4.219100e+01
<TRANSP> 47
 0.000000e+00 1.000000e+00 0.000000e+00 0.000000e+00 0.000000e+00 0.000000e+00 0.000000e+00 0.000000e+00 0.000000e+00 0.000000e+00 0.000000e+00 0.000000e+00 0.000000e+00 0.000000e+00 0.000000e+00 0.000000e+00 0.000000e+00 0.000000e+00 0.000000e+00 0.000000e+00 0.000000e+00 0.000000e+00 0.000000e+00 0.000000e+00 0.000000e+00 0.000000e+00 0.000000e+00 0.000000e+00 0.000000e+00 0.000000e+00 0.000000e+00 0.000000e+00 0.000000e+00 0.000000e+00 0.000000e+00 0.000000e+00 0.000000e+00 0.000000e+00 0.000000e+00 0.000000e+00 0.000000e+00 0.000000e+00 0.000000e+00 0.000000e+00 0.000000e+00 0.000000e+00 0.000000e+00
 0.000000e+00 5.000002e-01 4.999998e-01 0.000000e+00 0.000000e+00 0.000000e+00 0.000000e+00 0.000000e+00 0.000000e+00 0.000000e+00 0.000000e+00 0.000000e+00 0.000000e+00 0.000000e+00 0.000000e+00 0.000000e+00 0.000000e+00 0.000000e+00 0.000000e+00 0.000000e+00 0.000000e+00 0.000000e+00 0.000000e+00 0.000000e+00 0.000000e+00 0.000000e+00 0.000000e+00 0.000000e+00 0.000000e+00 0.000000e+00 0.000000e+00 0.000000e+00 0.000000e+00 0.000000e+00 0.000000e+00 0.000000e+00 0.000000e+00 0.000000e+00 0.000000e+00 0.000000e+00 0.000000e+00 0.000000e+00 0.000000e+00 0.000000e+00 0.000000e+00 0.000000e+00 0.000000e+00
 0.000000e+00 0.000000e+00 0.000000e+00 1.000000e+00 0.000000e+00 0.000000e+00 0.000000e+00 0.000000e+00 0.000000e+00 0.000000e+00 0.000000e+00 0.000000e+00 0.000000e+00 0.000000e+00 0.000000e+00 0.000000e+00 0.000000e+00 0.000000e+00 0.000000e+00 0.000000e+00 0.000000e+00 0.000000e+00 0.000000e+00 0.000000e+00 0.000000e+00 0.000000e+00 0.000000e+00 0.000000e+00 0.000000e+00 0.000000e+00 0.000000e+00 0.000000e+00 0.000000e+00 0.000000e+00 0.000000e+00 0.000000e+00 0.000000e+00 0.000000e+00 0.000000e+00 0.000000e+00 0.000000e+00 0.000000e+00 0.000000e+00 0.000000e+00 0.000000e+00 0.000000e+00 0.000000e+00
 0.000000e+00 0.000000e+00 0.000000e+00 3.749873e-01 6.250126e-01 0.000000e+00 0.000000e+00 0.000000e+00 0.000000e+00 0.000000e+00 0.000000e+00 0.000000e+00 0.000000e+00 0.000000e+00 0.000000e+00 0.000000e+00 0.000000e+00 0.000000e+00 0.000000e+00 0.000000e+00 0.000000e+00 0.000000e+00 0.000000e+00 0.000000e+00 0.000000e+00 0.000000e+00 0.000000e+00 0.000000e+00 0.000000e+00 0.000000e+00 0.000000e+00 0.000000e+00 0.000000e+00 0.000000e+00 0.000000e+00 0.000000e+00 0.000000e+00 0.000000e+00 0.000000e+00 0.000000e+00 0.000000e+00 0.000000e+00 0.000000e+00 0.000000e+00 0.000000e+00 0.000000e+00 0.000000e+00
 0.000000e+00 0.000000e+00 0.000000e+00 0.000000e+00 3.750246e-01 6.249754e-01 0.000000e+00 0.000000e+00 0.000000e+00 0.000000e+00 0.000000e+00 0.000000e+00 0.000000e+00 0.000000e+00 0.000000e+00 0.000000e+00 0.000000e+00 0.000000e+00 0.000000e+00 0.000000e+00 0.000000e+00 0.000000e+00 0.000000e+00 0.000000e+00 0.000000e+00 0.000000e+00 0.000000e+00 0.000000e+00 0.000000e+00 0.000000e+00 0.000000e+00 0.000000e+00 0.000000e+00 0.000000e+00 0.000000e+00 0.000000e+00 0.000000e+00 0.000000e+00 0.000000e+00 0.000000e+00 0.000000e+00 0.000000e+00 0.000000e+00 0.000000e+00 0.000000e+00 0.000000e+00 0.000000e+00
 0.000000e+00 0.000000e+00 0.000000e+00 0.000000e+00 0.000000e+00 0.000000e+00 1.000000e+00 0.000000e+00 0.000000e+00 0.000000e+00 0.000000e+00 0.000000e+00 0.000000e+00 0.000000e+00 0.000000e+00 0.000000e+00 0.000000e+00 0.000000e+00 0.000000e+00 0.000000e+00 0.000000e+00 0.000000e+00 0.000000e+00 0.000000e+00 0.000000e+00 0.000000e+00 0.000000e+00 0.000000e+00 0.000000e+00 0.000000e+00 0.000000e+00 0.000000e+00 0.000000e+00 0.000000e+00 0.000000e+00 0.000000e+00 0.000000e+00 0.000000e+00 0.000000e+00 0.000000e+00 0.000000e+00 0.000000e+00 0.000000e+00 0.000000e+00 0.000000e+00 0.000000e+00 0.000000e+00
 0.000000e+00 0.000000e+00 0.000000e+00 0.000000e+00 0.000000e+00 0.000000e+00 0.000000e+00 1.000000e+00 0.000000e+00 0.000000e+00 0.000000e+00 0.000000e+00 0.000000e+00 0.000000e+00 0.000000e+00 0.000000e+00 0.000000e+00 0.000000e+00 0.000000e+00 0.000000e+00 0.000000e+00 0.000000e+00 0.000000e+00 0.000000e+00 0.000000e+00 0.000000e+00 0.000000e+00 0.000000e+00 0.000000e+00 0.000000e+00 0.000000e+00 0.000000e+00 0.000000e+00 0.000000e+00 0.000000e+00 0.000000e+00 0.000000e+00 0.000000e+00 0.000000e+00 0.000000e+00 0.000000e+00 0.000000e+00 0.000000e+00 0.000000e+00 0.000000e+00 0.000000e+00 0.000000e+00
 0.000000e+00 0.000000e+00 0.000000e+00 0.000000e+00 0.000000e+00 0.000000e+00 0.000000e+00 0.000000e+00 1.000000e+00 0.000000e+00 0.000000e+00 0.000000e+00 0.000000e+00 0.000000e+00 0.000000e+00 0.000000e+00 0.000000e+00 0.000000e+00 0.000000e+00 0.000000e+00 0.000000e+00 0.000000e+00 0.000000e+00 0.000000e+00 0.000000e+00 0.000000e+00 0.000000e+00 0.000000e+00 0.000000e+00 0.000000e+00 0.000000e+00 0.000000e+00 0.000000e+00 0.000000e+00 0.000000e+00 0.000000e+00 0.000000e+00 0.000000e+00 0.000000e+00 0.000000e+00 0.000000e+00 0.000000e+00 0.000000e+00 0.000000e+00 0.000000e+00 0.000000e+00 0.000000e+00
 0.000000e+00 0.000000e+00 0.000000e+00 0.000000e+00 0.000000e+00 0.000000e+00 0.000000e+00 0.000000e+00 2.845913e-01 7.154087e-01 0.000000e+00 0.000000e+00 0.000000e+00 0.000000e+00 0.000000e+00 0.000000e+00 0.000000e+00 0.000000e+00 0.000000e+00 0.000000e+00 0.000000e+00 0.000000e+00 0.000000e+00 0.000000e+00 0.000000e+00 0.000000e+00 0.000000e+00 0.000000e+00 0.000000e+00 0.000000e+00 0.000000e+00 0.000000e+00 0.000000e+00 0.000000e+00 0.000000e+00 0.000000e+00 0.000000e+00 0.000000e+00 0.000000e+00 0.000000e+00 0.000000e+00 0.000000e+00 0.000000e+00 0.000000e+00 0.000000e+00 0.000000e+00 0.000000e+00
 0.000000e+00 0.000000e+00 0.000000e+00 0.000000e+00 0.000000e+00 0.000000e+00 0.000000e+00 0.000000e+00 0.000000e+00 3.758586e-01 6.241413e-01 0.000000e+00 0.000000e+00 0.000000e+00 0.000000e+00 0.000000e+00 0.000000e+00 0.000000e+00 0.000000e+00 0.000000e+00 0.000000e+00 0.000000e+00 0.000000e+00 0.000000e+00 0.000000e+00 0.000000e+00 0.000000e+00 0.000000e+00 0.000000e+00 0.000000e+00 0.000000e+00 0.000000e+00 0.000000e+00 0.000000e+00 0.000000e+00 0.000000e+00 0.000000e+00 0.000000e+00 0.000000e+00 0.000000e+00 0.000000e+00 0.000000e+00 0.000000e+00 0.000000e+00 0.000000e+00 0.000000e+00 0.000000e+00
 0.000000e+00 0.000000e+00 0.000000e+00 0.000000e+00 0.000000e+00 0.000000e+00 0.000000e+00 0.000000e+00 0.000000e+00 0.000000e+00 3.749317e-01 6.250683e-01 0.000000e+00 0.000000e+00 0.000000e+00 0.000000e+00 0.000000e+00 0.000000e+00 0.000000e+00 0.000000e+00 0.000000e+00 0.000000e+00 0.000000e+00 0.000000e+00 0.000000e+00 0.000000e+00 0.000000e+00 0.000000e+00 0.000000e+00 0.000000e+00 0.000000e+00 0.000000e+00 0.000000e+00 0.000000e+00 0.000000e+00 0.000000e+00 0.000000e+00 0.000000e+00 0.000000e+00 0.000000e+00 0.000000e+00 0.000000e+00 0.000000e+00 0.000000e+00 0.000000e+00 0.000000e+00 0.000000e+00
 0.000000e+00 0.000000e+00 0.000000e+00 0.000000e+00 0.000000e+00 0.000000e+00 0.000000e+00 0.000000e+00 0.000000e+00 0.000000e+00 0.000000e+00 2.117653e-24 1.000000e+00 0.000000e+00 0.000000e+00 0.000000e+00 0.000000e+00 0.000000e+00 0.000000e+00 0.000000e+00 0.000000e+00 0.000000e+00 0.000000e+00 0.000000e+00 0.000000e+00 0.000000e+00 0.000000e+00 0.000000e+00 0.000000e+00 0.000000e+00 0.000000e+00 0.000000e+00 0.000000e+00 0.000000e+00 0.000000e+00 0.000000e+00 0.000000e+00 0.000000e+00 0.000000e+00 0.000000e+00 0.000000e+00 0.000000e+00 0.000000e+00 0.000000e+00 0.000000e+00 0.000000e+00 0.000000e+00
 0.000000e+00 0.000000e+00 0.000000e+00 0.000000e+00 0.000000e+00 0.000000e+00 0.000000e+00 0.000000e+00 0.000000e+00 0.000000e+00 0.000000e+00 0.000000e+00 1.674483e-01 8.325517e-01 0.000000e+00 0.000000e+00 0.000000e+00 0.000000e+00 0.000000e+00 0.000000e+00 0.000000e+00 0.000000e+00 0.000000e+00 0.000000e+00 0.000000e+00 0.000000e+00 0.000000e+00 0.000000e+00 0.000000e+00 0.000000e+00 0.000000e+00 0.000000e+00 0.000000e+00 0.000000e+00 0.000000e+00 0.000000e+00 0.000000e+00 0.000000e+00 0.000000e+00 0.000000e+00 0.000000e+00 0.000000e+00 0.000000e+00 0.000000e+00 0.000000e+00 0.000000e+00 0.000000e+00
 0.000000e+00 0.000000e+00 0.000000e+00 0.000000e+00 0.000000e+00 0.000000e+00 0.000000e+00 0.000000e+00 0.000000e+00 0.000000e+00 0.000000e+00 0.000000e+00 0.000000e+00 2.857635e-01 7.142365e-01 0.000000e+00 0.000000e+00 0.000000e+00 0.000000e+00 0.000000e+00 0.000000e+00 0.000000e+00 0.000000e+00 0.000000e+00 0.000000e+00 0.000000e+00 0.000000e+00 0.000000e+00 0.000000e+00 0.000000e+00 0.000000e+00 0.000000e+00 0.000000e+00 0.000000e+00 0.000000e+00 0.000000e+00 0.000000e+00 0.000000e+00 0.000000e+00 0.000000e+00 0.000000e+00 0.000000e+00 0.000000e+00 0.000000e+00 0.000000e+00 0.000000e+00 0.000000e+00
 0.000000e+00 0.000000e+00 0.000000e+00 0.000000e+00 0.000000e+00 0.000000e+00 0.000000e+00 0.000000e+00 0.000000e+00 0.000000e+00 0.000000e+00 0.000000e+00 0.000000e+00 0.000000e+00 2.809562e-01 7.190439e-01 0.000000e+00 0.000000e+00 0.000000e+00 0.000000e+00 0.000000e+00 0.000000e+00 0.000000e+00 0.000000e+00 0.000000e+00 0.000000e+00 0.000000e+00 0.000000e+00 0.000000e+00 0.000000e+00 0.000000e+00 0.000000e+00 0.000000e+00 0.000000e+00 0.000000e+00 0.000000e+00 0.000000e+00 0.000000e+00 0.000000e+00 0.000000e+00 0.000000e+00 0.000000e+00 0.000000e+00 0.000000e+00 0.000000e+00 0.000000e+00 0.000000e+00
 0.000000e+00 0.000000e+00 0.000000e+00 0.000000e+00 0.000000e+00 0.000000e+00 0.000000e+00 0.000000e+00 0.000000e+00 0.000000e+00 0.000000e+00 0.000000e+00 0.000000e+00 0.000000e+00 0.000000e+00 1.709375e-01 8.290625e-01 0.000000e+00 0.000000e+00 0.000000e+00 0.000000e+00 0.000000e+00 0.000000e+00 0.000000e+00 0.000000e+00 0.000000e+00 0.000000e+00 0.000000e+00 0.000000e+00 0.000000e+00 0.000000e+00 0.000000e+00 0.000000e+00 0.000000e+00 0.000000e+00 0.000000e+00 0.000000e+00 0.000000e+00 0.000000e+00 0.000000e+00 0.000000e+00 0.000000e+00 0.000000e+00 0.000000e+00 0.000000e+00 0.000000e+00 0.000000e+00
 0.000000e+00 0.000000e+00 0.000000e+00 0.000000e+00 0.000000e+00 0.000000e+00 0.000000e+00 0.000000e+00 0.000000e+00 0.000000e+00 0.000000e+00 0.000000e+00 0.000000e+00 0.000000e+00 0.000000e+00 0.000000e+00 1.680606e-01 8.319394e-01 0.000000e+00 0.000000e+00 0.000000e+00 0.000000e+00 0.000000e+00 0.000000e+00 0.000000e+00 0.000000e+00 0.000000e+00 0.000000e+00 0.000000e+00 0.000000e+00 0.000000e+00 0.000000e+00 0.000000e+00 0.000000e+00 0.000000e+00 0.000000e+00 0.000000e+00 0.000000e+00 0.000000e+00 0.000000e+00 0.000000e+00 0.000000e+00 0.000000e+00 0.000000e+00 0.000000e+00 0.000000e+00 0.000000e+00
 0.000000e+00 0.000000e+00 0.000000e+00 0.000000e+00 0.000000e+00 0.000000e+00 0.000000e+00 0.000000e+00 0.000000e+00 0.000000e+00 0.000000e+00 0.000000e+00 0.000000e+00 0.000000e+00 0.000000e+00 0.000000e+00 0.000000e+00 2.849939e-01 7.150061e-01 0.000000e+00 0.000000e+00 0.000000e+00 0.000000e+00 0.000000e+00 0.000000e+00 0.000000e+00 0.000000e+00 0.000000e+00 0.000000e+00 0.000000e+00 0.000000e+00 0.000000e+00 0.000000e+00 0.000000e+00 0.000000e+00 0.000000e+00 0.000000e+00 0.000000e+00 0.000000e+00 0.000000e+00 0.000000e+00 0.000000e+00 0.000000e+00 0.000000e+00 0.000000e+00 0.000000e+00 0.000000e+00
 0.000000e+00 0.000000e+00 0.000000e+00 0.000000e+00 0.000000e+00 0.000000e+00 0.000000e+00 0.000000e+00 0.000000e+00 0.000000e+00 0.000000e+00 0.000000e+00 0.000000e+00 0.000000e+00 0.000000e+00 0.000000e+00 0.000000e+00 0.000000e+00 1.676537e-01 8.323463e-01 0.000000e+00 0.000000e+00 0.000000e+00 0.000000e+00 0.000000e+00 0.000000e+00 0.000000e+00 0.000000e+00 0.000000e+00 0.000000e+00 0.000000e+00 0.000000e+00 0.000000e+00 0.000000e+00 0.000000e+00 0.000000e+00 0.000000e+00 0.000000e+00 0.000000e+00 0.000000e+00 0.000000e+00 0.000000e+00 0.000000e+00 0.000000e+00 0.000000e+00 0.000000e+00 0.000000e+00
 0.000000e+00 0.000000e+00 0.000000e+00 0.000000e+00 0.000000e+00 0.000000e+00 0.000000e+00 0.000000e+00 0.000000e+00 0.000000e+00 0.000000e+00 0.000000e+00 0.000000e+00 0.000000e+00 0.000000e+00 0.000000e+00 0.000000e+00 0.000000e+00 0.000000e+00 1.666692e-01 8.333308e-01 0.000000e+00 0.000000e+00 0.000000e+00 0.000000e+00 0.000000e+00 0.000000e+00 0.000000e+00 0.000000e+00 0.000000e+00 0.000000e+00 0.000000e+00 0.000000e+00 0.000000e+00 0.000000e+00 0.000000e+00 0.000000e+00 0.000000e+00 0.000000e+00 0.000000e+00 0.000000e+00 0.000000e+00 0.000000e+00 0.000000e+00 0.000000e+00 0.000000e+00 0.000000e+00
 0.000000e+00 0.000000e+00 0.000000e+00 0.000000e+00 0.000000e+00 0.000000e+00 0.000000e+00 0.000000e+00 0.000000e+00 0.000000e+00 0.000000e+00 0.000000e+00 0.000000e+00 0.000000e+00 0.000000e+00 0.000000e+00 0.000000e+00 0.000000e+00 0.000000e+00 0.000000e+00 2.867338e-01 7.132662e-01 0.000000e+00 0.000000e+00 0.000000e+00 0.000000e+00 0.000000e+00 0.000000e+00 0.000000e+00 0.000000e+00 0.000000e+00 0.000000e+00 0.000000e+00 0.000000e+00 0.000000e+00 0.000000e+00 0.000000e+00 0.000000e+00 0.000000e+00 0.000000e+00 0.000000e+00 0.000000e+00 0.000000e+00 0.000000e+00 0.000000e+00 0.000000e+00 0.000000e+00
 0.000000e+00 0.000000e+00 0.000000e+00 0.000000e+00 0.000000e+00 0.000000e+00 0.000000e+00 0.000000e+00 0.000000e+00 0.000000e+00 0.000000e+00 0.000000e+00 0.000000e+00 0.000000e+00 0.000000e+00 0.000000e+00 0.000000e+00 0.000000e+00 0.000000e+00 0.000000e+00 0.000000e+00 2.846950e-01 7.153050e-01 0.000000e+00 0.000000e+00 0.000000e+00 0.000000e+00 0.000000e+00 0.000000e+00 0.000000e+00 0.000000e+00 0.000000e+00 0.000000e+00 0.000000e+00 0.000000e+00 0.000000e+00 0.000000e+00 0.000000e+00 0.000000e+00 0.000000e+00 0.000000e+00 0.000000e+00 0.000000e+00 0.000000e+00 0.000000e+00 0.000000e+00 0.000000e+00
 0.000000e+00 0.000000e+00 0.000000e+00 0.000000e+00 0.000000e+00 0.000000e+00 0.000000e+00 0.000000e+00 0.000000e+00 0.000000e+00 0.000000e+00 0.000000e+00 0.000000e+00 0.000000e+00 0.000000e+00 0.000000e+00 0.000000e+00 0.000000e+00 0.000000e+00 0.000000e+00 0.000000e+00 0.000000e+00 0.000000e+00 1.000000e+00 0.000000e+00 0.000000e+00 0.000000e+00 0.000000e+00 0.000000e+00 0.000000e+00 0.000000e+00 0.000000e+00 0.000000e+00 0.000000e+00 0.000000e+00 0.000000e+00 0.000000e+00 0.000000e+00 0.000000e+00 0.000000e+00 0.000000e+00 0.000000e+00 0.000000e+00 0.000000e+00 0.000000e+00 0.000000e+00 0.000000e+00
 0.000000e+00 0.000000e+00 0.000000e+00 0.000000e+00 0.000000e+00 0.000000e+00 0.000000e+00 0.000000e+00 0.000000e+00 0.000000e+00 0.000000e+00 0.000000e+00 0.000000e+00 0.000000e+00 0.000000e+00 0.000000e+00 0.000000e+00 0.000000e+00 0.000000e+00 0.000000e+00 0.000000e+00 0.000000e+00 0.000000e+00 2.857063e-01 7.142937e-01 0.000000e+00 0.000000e+00 0.000000e+00 0.000000e+00 0.000000e+00 0.000000e+00 0.000000e+00 0.000000e+00 0.000000e+00 0.000000e+00 0.000000e+00 0.000000e+00 0.000000e+00 0.000000e+00 0.000000e+00 0.000000e+00 0.000000e+00 0.000000e+00 0.000000e+00 0.000000e+00 0.000000e+00 0.000000e+00
 0.000000e+00 0.000000e+00 0.000000e+00 0.000000e+00 0.000000e+00 0.000000e+00 0.000000e+00 0.000000e+00 0.000000e+00 0.000000e+00 0.000000e+00 0.000000e+00 0.000000e+00 0.000000e+00 0.000000e+00 0.000000e+00 0.000000e+00 0.000000e+00 0.000000e+00 0.000000e+00 0.000000e+00 0.000000e+00 0.000000e+00 0.000000e+00 0.000000e+00 1.000000e+00 0.000000e+00 0.000000e+00 0.000000e+00 0.000000e+00 0.000000e+00 0.000000e+00 0.000000e+00 0.000000e+00 0.000000e+00 0.000000e+00 0.000000e+00 0.000000e+00 0.000000e+00 0.000000e+00 0.000000e+00 0.000000e+00 0.000000e+00 0.000000e+00 0.000000e+00 0.000000e+00 0.000000e+00
 0.000000e+00 0.000000e+00 0.000000e+00 0.000000e+00 0.000000e+00 0.000000e+00 0.000000e+00 0.000000e+00 0.000000e+00 0.000000e+00 0.000000e+00 0.000000e+00 0.000000e+00 0.000000e+00 0.000000e+00 0.000000e+00 0.000000e+00 0.000000e+00 0.000000e+00 0.000000e+00 0.000000e+00 0.000000e+00 0.000000e+00 0.000000e+00 0.000000e+00 2.856965e-01 7.143035e-01 0.000000e+00 0.000000e+00 0.000000e+00 0.000000e+00 0.000000e+00 0.000000e+00 0.000000e+00 0.000000e+00 0.000000e+00 0.000000e+00 0.000000e+00 0.000000e+00 0.000000e+00 0.000000e+00 0.000000e+00 0.000000e+00 0.000000e+00 0.000000e+00 0.000000e+00 0.000000e+00
 0.000000e+00 0.000000e+00 0.000000e+00 0.000000e+00 0.000000e+00 0.000000e+00 0.000000e+00 0.000000e+00 0.000000e+00 0.000000e+00 0.000000e+00 0.000000e+00 0.000000e+00 0.000000e+00 0.000000e+00 0.000000e+00 0.000000e+00 0.000000e+00 0.000000e+00 0.000000e+00 0.000000e+00 0.000000e+00 0.000000e+00 0.000000e+00 0.000000e+00 0.000000e+00 2.857365e-01 7.142635e-01 0.000000e+00 0.000000e+00 0.000000e+00 0.000000e+00 0.000000e+00 0.000000e+00 0.000000e+00 0.000000e+00 0.000000e+00 0.000000e+00 0.000000e+00 0.000000e+00 0.000000e+00 0.000000e+00 0.000000e+00 0.000000e+00 0.000000e+00 0.000000e+00 0.000000e+00
 0.000000e+00 0.000000e+00 0.000000e+00 0.000000e+00 0.000000e+00 0.000000e+00 0.000000e+00 0.000000e+00 0.000000e+00 0.000000e+00 0.000000e+00 0.000000e+00 0.000000e+00 0.000000e+00 0.000000e+00 0.000000e+00 0.000000e+00 0.000000e+00 0.000000e+00 0.000000e+00 0.000000e+00 0.000000e+00 0.000000e+00 0.000000e+00 0.000000e+00 0.000000e+00 0.000000e+00 2.867775e-01 7.132225e-01 0.000000e+00 0.000000e+00 0.000000e+00 0.000000e+00 0.000000e+00 0.000000e+00 0.000000e+00 0.000000e+00 0.000000e+00 0.000000e+00 0.000000e+00 0.000000e+00 0.000000e+00 0.000000e+00 0.000000e+00 0.000000e+00 0.000000e+00 0.000000e+00
 0.000000e+00 0.000000e+00 0.000000e+00 0.000000e+00 0.000000e+00 0.000000e+00 0.000000e+00 0.000000e+00 0.000000e+00 0.000000e+00 0.000000e+00 0.000000e+00 0.000000e+00 0.000000e+00 0.000000e+00 0.000000e+00 0.000000e+00 0.000000e+00 0.000000e+00 0.000000e+00 0.000000e+00 0.000000e+00 0.000000e+00 0.000000e+00 0.000000e+00 0.000000e+00 0.000000e+00 0.000000e+00 2.847201e-01 7.152799e-01 0.000000e+00 0.000000e+00 0.000000e+00 0.000000e+00 0.000000e+00 0.000000e+00 0.000000e+00 0.000000e+00 0.000000e+00 0.000000e+00 0.000000e+00 0.000000e+00 0.000000e+00 0.000000e+00 0.000000e+00 0.000000e+00 0.000000e+00
 0.000000e+00 0.000000e+00 0.000000e+00 0.000000e+00 0.000000e+00 0.000000e+00 0.000000e+00 0.000000e+00 0.000000e+00 0.000000e+00 0.000000e+00 0.000000e+00 0.000000e+00 0.000000e+00 0.000000e+00 0.000000e+00 0.000000e+00 0.000000e+00 0.000000e+00 0.000000e+00 0.000000e+00 0.000000e+00 0.000000e+00 0.000000e+00 0.000000e+00 0.000000e+00 0.000000e+00 0.000000e+00 0.000000e+00 2.856379e-01 7.143621e-01 0.000000e+00 0.000000e+00 0.000000e+00 0.000000e+00 0.000000e+00 0.000000e+00 0.000000e+00 0.000000e+00 0.000000e+00 0.000000e+00 0.000000e+00 0.000000e+00 0.000000e+00 0.000000e+00 0.000000e+00 0.000000e+00
 0.000000e+00 0.000000e+00 0.000000e+00 0.000000e+00 0.000000e+00 0.000000e+00 0.000000e+00 0.000000e+00 0.000000e+00 0.000000e+00 0.000000e+00 0.000000e+00 0.000000e+00 0.000000e+00 0.000000e+00 0.000000e+00 0.000000e+00 0.000000e+00 0.000000e+00 0.000000e+00 0.000000e+00 0.000000e+00 0.000000e+00 0.000000e+00 0.000000e+00 0.000000e+00 0.000000e+00 0.000000e+00 0.000000e+00 0.000000e+00 1.666839e-01 8.333161e-01 0.000000e+00 0.000000e+00 0.000000e+00 0.000000e+00 0.000000e+00 0.000000e+00 0.000000e+00 0.000000e+00 0.000000e+00 0.000000e+00 0.000000e+00 0.000000e+00 0.000000e+00 0.000000e+00 0.000000e+00
 0.000000e+00 0.000000e+00 0.000000e+00 0.000000e+00 0.000000e+00 0.000000e+00 0.000000e+00 0.000000e+00 0.000000e+00 0.000000e+00 0.000000e+00 0.000000e+00 0.000000e+00 0.000000e+00 0.000000e+00 0.000000e+00 0.000000e+00 0.000000e+00 0.000000e+00 0.000000e+00 0.000000e+00 0.000000e+00 0.000000e+00 0.000000e+00 0.000000e+00 0.000000e+00 0.000000e+00 0.000000e+00 0.000000e+00 0.000000e+00 0.000000e+00 0.000000e+00 1.000000e+00 0.000000e+00 0.000000e+00 0.000000e+00 0.000000e+00 0.000000e+00 0.000000e+00 0.000000e+00 0.000000e+00 0.000000e+00 0.000000e+00 0.000000e+00 0.000000e+00 0.000000e+00 0.000000e+00
 0.000000e+00 0.000000e+00 0.000000e+00 0.000000e+00 0.000000e+00 0.000000e+00 0.000000e+00 0.000000e+00 0.000000e+00 0.000000e+00 0.000000e+00 0.000000e+00 0.000000e+00 0.000000e+00 0.000000e+00 0.000000e+00 0.000000e+00 0.000000e+00 0.000000e+00 0.000000e+00 0.000000e+00 0.000000e+00 0.000000e+00 0.000000e+00 0.000000e+00 0.000000e+00 0.000000e+00 0.000000e+00 0.000000e+00 0.000000e+00 0.000000e+00 0.000000e+00 2.856461e-01 7.143539e-01 0.000000e+00 0.000000e+00 0.000000e+00 0.000000e+00 0.000000e+00 0.000000e+00 0.000000e+00 0.000000e+00 0.000000e+00 0.000000e+00 0.000000e+00 0.000000e+00 0.000000e+00
 0.000000e+00 0.000000e+00 0.000000e+00 0.000000e+00 0.000000e+00 0.000000e+00 0.000000e+00 0.000000e+00 0.000000e+00 0.000000e+00 0.000000e+00 0.000000e+00 0.000000e+00 0.000000e+00 0.000000e+00 0.000000e+00 0.000000e+00 0.000000e+00 0.000000e+00 0.000000e+00 0.000000e+00 0.000000e+00 0.000000e+00 0.000000e+00 0.000000e+00 0.000000e+00 0.000000e+00 0.000000e+00 0.000000e+00 0.000000e+00 0.000000e+00 0.000000e+00 0.000000e+00 2.857700e-01 7.142300e-01 0.000000e+00 0.000000e+00 0.000000e+00 0.000000e+00 0.000000e+00 0.000000e+00 0.000000e+00 0.000000e+00 0.000000e+00 0.000000e+00 0.000000e+00 0.000000e+00
 0.000000e+00 0.000000e+00 0.000000e+00 0.000000e+00 0.000000e+00 0.000000e+00 0.000000e+00 0.000000e+00 0.000000e+00 0.000000e+00 0.000000e+00 0.000000e+00 0.000000e+00 0.000000e+00 0.000000e+00 0.000000e+00 0.000000e+00 0.000000e+00 0.000000e+00 0.000000e+00 0.000000e+00 0.000000e+00 0.000000e+00 0.000000e+00 0.000000e+00 0.000000e+00 0.000000e+00 0.000000e+00 0.000000e+00 0.000000e+00 0.000000e+00 0.000000e+00 0.000000e+00 0.000000e+00 2.857192e-01 7.142808e-01 0.000000e+00 0.000000e+00 0.000000e+00 0.000000e+00 0.000000e+00 0.000000e+00 0.000000e+00 0.000000e+00 0.000000e+00 0.000000e+00 0.000000e+00
 0.000000e+00 0.000000e+00 0.000000e+00 0.000000e+00 0.000000e+00 0.000000e+00 0.000000e+00 0.000000e+00 0.000000e+00 0.000000e+00 0.000000e+00 0.000000e+00 0.000000e+00 0.000000e+00 0.000000e+00 0.000000e+00 0.000000e+00 0.000000e+00 0.000000e+00 0.000000e+00 0.000000e+00 0.000000e+00 0.000000e+00 0.000000e+00 0.000000e+00 0.000000e+00 0.000000e+00 0.000000e+00 0.000000e+00 0.000000e+00 0.000000e+00 0.000000e+00 0.000000e+00 0.000000e+00 0.000000e+00 1.666703e-01 8.333297e-01 0.000000e+00 0.000000e+00 0.000000e+00 0.000000e+00 0.000000e+00 0.000000e+00 0.000000e+00 0.000000e+00 0.000000e+00 0.000000e+00
 0.000000e+00 0.000000e+00 0.000000e+00 0.000000e+00 0.000000e+00 0.000000e+00 0.000000e+00 0.000000e+00 0.000000e+00 0.000000e+00 0.000000e+00 0.000000e+00 0.000000e+00 0.000000e+00 0.000000e+00 0.000000e+00 0.000000e+00 0.000000e+00 0.000000e+00 0.000000e+00 0.000000e+00 0.000000e+00 0.000000e+00 0.000000e+00 0.000000e+00 0.000000e+00 0.000000e+00 0.000000e+00 0.000000e+00 0.000000e+00 0.000000e+00 0.000000e+00 0.000000e+00 0.000000e+00 0.000000e+00 0.000000e+00 2.856703e-01 7.143297e-01 0.000000e+00 0.000000e+00 0.000000e+00 0.000000e+00 0.000000e+00 0.000000e+00 0.000000e+00 0.000000e+00 0.000000e+00
 0.000000e+00 0.000000e+00 0.000000e+00 0.000000e+00 0.000000e+00 0.000000e+00 0.000000e+00 0.000000e+00 0.000000e+00 0.000000e+00 0.000000e+00 0.000000e+00 0.000000e+00 0.000000e+00 0.000000e+00 0.000000e+00 0.000000e+00 0.000000e+00 0.000000e+00 0.000000e+00 0.000000e+00 0.000000e+00 0.000000e+00 0.000000e+00 0.000000e+00 0.000000e+00 0.000000e+00 0.000000e+00 0.000000e+00 0.000000e+00 0.000000e+00 0.000000e+00 0.000000e+00 0.000000e+00 0.000000e+00 0.000000e+00 0.000000e+00 1.667108e-01 8.332892e-01 0.000000e+00 0.000000e+00 0.000000e+00 0.000000e+00 0.000000e+00 0.000000e+00 0.000000e+00 0.000000e+00
 0.000000e+00 0.000000e+00 0.000000e+00 0.000000e+00 0.000000e+00 0.000000e+00 0.000000e+00 0.000000e+00 0.000000e+00 0.000000e+00 0.000000e+00 0.000000e+00 0.000000e+00 0.000000e+00 0.000000e+00 0.000000e+00 0.000000e+00 0.000000e+00 0.000000e+00 0.000000e+00 0.000000e+00 0.000000e+00 0.000000e+00 0.000000e+00 0.000000e+00 0.000000e+00 0.000000e+00 0.000000e+00 0.000000e+00 0.000000e+00 0.000000e+00 0.000000e+00 0.000000e+00 0.000000e+00 0.000000e+00 0.000000e+00 0.000000e+00 0.000000e+00 1.667187e-01 8.332813e-01 0.000000e+00 0.000000e+00 0.000000e+00 0.000000e+00 0.000000e+00 0.000000e+00 0.000000e+00
 0.000000e+00 0.000000e+00 0.000000e+00 0.000000e+00 0.000000e+00 0.000000e+00 0.000000e+00 0.000000e+00 0.000000e+00 0.000000e+00 0.000000e+00 0.000000e+00 0.000000e+00 0.000000e+00 0.000000e+00 0.000000e+00 0.000000e+00 0.000000e+00 0.000000e+00 0.000000e+00 0.000000e+00 0.000000e+00 0.000000e+00 0.000000e+00 0.000000e+00 0.000000e+00 0.000000e+00 0.000000e+00 0.000000e+00 0.000000e+00 0.000000e+00 0.000000e+00 0.000000e+00 0.000000e+00 0.000000e+00 0.000000e+00 0.000000e+00 0.000000e+00 0.000000e+00 3.749739e-01 6.250261e-01 0.000000e+00 0.000000e+00 0.000000e+00 0.000000e+00 0.000000e+00 0.000000e+00
 0.000000e+00 0.000000e+00 0.000000e+00 0.000000e+00 0.000000e+00 0.000000e+00 0.000000e+00 0.000000e+00 0.000000e+00 0.000000e+00 0.000000e+00 0.000000e+00 0.000000e+00 0.000000e+00 0.000000e+00 0.000000e+00 0.000000e+00 0.000000e+00 0.000000e+00 0.000000e+00 0.000000e+00 0.000000e+00 0.000000e+00 0.000000e+00 0.000000e+00 0.000000e+00 0.000000e+00 0.000000e+00 0.000000e+00 0.000000e+00 0.000000e+00 0.000000e+00 0.000000e+00 0.000000e+00 0.000000e+00 0.000000e+00 0.000000e+00 0.000000e+00 0.000000e+00 0.000000e+00 0.000000e+00 1.000000e+00 0.000000e+00 0.000000e+00 0.000000e+00 0.000000e+00 0.000000e+00
 0.000000e+00 0.000000e+00 0.000000e+00 0.000000e+00 0.000000e+00 0.000000e+00 0.000000e+00 0.000000e+00 0.000000e+00 0.000000e+00 0.000000e+00 0.000000e+00 0.000000e+00 0.000000e+00 0.000000e+00 0.000000e+00 0.000000e+00 0.000000e+00 0.000000e+00 0.000000e+00 0.000000e+00 0.000000e+00 0.000000e+00 0.000000e+00 0.000000e+00 0.000000e+00 0.000000e+00 0.000000e+00 0.000000e+00 0.000000e+00 0.000000e+00 0.000000e+00 0.000000e+00 0.000000e+00 0.000000e+00 0.000000e+00 0.000000e+00 0.000000e+00 0.000000e+00 0.000000e+00 0.000000e+00 1.666610e-01 8.333390e-01 0.000000e+00 0.000000e+00 0.000000e+00 0.000000e+00
 0.000000e+00 0.000000e+00 0.000000e+00 0.000000e+00 0.000000e+00 0.000000e+00 0.000000e+00 0.000000e+00 0.000000e+00 0.000000e+00 0.000000e+00 0.000000e+00 0.000000e+00 0.000000e+00 0.000000e+00 0.000000e+00 0.000000e+00 0.000000e+00 0.000000e+00 0.000000e+00 0.000000e+00 0.000000e+00 0.000000e+00 0.000000e+00 0.000000e+00 0.000000e+00 0.000000e+00 0.000000e+00 0.000000e+00 0.000000e+00 0.000000e+00 0.000000e+00 0.000000e+00 0.000000e+00 0.000000e+00 0.000000e+00 0.000000e+00 0.000000e+00 0.000000e+00 0.000000e+00 0.000000e+00 0.000000e+00 4.444470e-01 5.555531e-01 0.000000e+00 0.000000e+00 0.000000e+00
 0.000000e+00 0.000000e+00 0.000000e+00 0.000000e+00 0.000000e+00 0.000000e+00 0.000000e+00 0.000000e+00 0.000000e+00 0.000000e+00 0.000000e+00 0.000000e+00 0.000000e+00 0.000000e+00 0.000000e+00 0.000000e+00 0.000000e+00 0.000000e+00 0.000000e+00 0.000000e+00 0.000000e+00 0.000000e+00 0.000000e+00 0.000000e+00 0.000000e+00 0.000000e+00 0.000000e+00 0.000000e+00 0.000000e+00 0.000000e+00 0.000000e+00 0.000000e+00 0.000000e+00 0.000000e+00 0.000000e+00 0.000000e+00 0.000000e+00 0.000000e+00 0.000000e+00 0.000000e+00 0.000000e+00 0.000000e+00 0.000000e+00 0.000000e+00 1.000000e+00 0.000000e+00 0.000000e+00
 0.000000e+00 0.000000e+00 0.000000e+00 0.000000e+00 0.000000e+00 0.000000e+00 0.000000e+00 0.000000e+00 0.000000e+00 0.000000e+00 0.000000e+00 0.000000e+00 0.000000e+00 0.000000e+00 0.000000e+00 0.000000e+00 0.000000e+00 0.000000e+00 0.000000e+00 0.000000e+00 0.000000e+00 0.000000e+00 0.000000e+00 0.000000e+00 0.000000e+00 0.000000e+00 0.000000e+00 0.000000e+00 0.000000e+00 0.000000e+00 0.000000e+00 0.000000e+00 0.000000e+00 0.000000e+00 0.000000e+00 0.000000e+00 0.000000e+00 0.000000e+00 0.000000e+00 0.000000e+00 0.000000e+00 0.000000e+00 0.000000e+00 0.000000e+00 0.000000e+00 1.000000e+00 0.000000e+00
 0.000000e+00 0.000000e+00 0.000000e+00 0.000000e+00 0.000000e+00 0.000000e+00 0.000000e+00 0.000000e+00 0.000000e+00 0.000000e+00 0.000000e+00 0.000000e+00 0.000000e+00 0.000000e+00 0.000000e+00 0.000000e+00 0.000000e+00 0.000000e+00 0.000000e+00 0.000000e+00 0.000000e+00 0.000000e+00 0.000000e+00 0.000000e+00 0.000000e+00 0.000000e+00 0.000000e+00 0.000000e+00 0.000000e+00 0.000000e+00 0.000000e+00 0.000000e+00 0.000000e+00 0.000000e+00 0.000000e+00 0.000000e+00 0.000000e+00 0.000000e+00 0.000000e+00 0.000000e+00 0.000000e+00 0.000000e+00 0.000000e+00 0.000000e+00 0.000000e+00 0.000000e+00 1.000000e+00
 0.000000e+00 0.000000e+00 0.000000e+00 0.000000e+00 0.000000e+00 0.000000e+00 0.000000e+00 0.000000e+00 0.000000e+00 0.000000e+00 0.000000e+00 0.000000e+00 0.000000e+00 0.000000e+00 0.000000e+00 0.000000e+00 0.000000e+00 0.000000e+00 0.000000e+00 0.000000e+00 0.000000e+00 0.000000e+00 0.000000e+00 0.000000e+00 0.000000e+00 0.000000e+00 0.000000e+00 0.000000e+00 0.000000e+00 0.000000e+00 0.000000e+00 0.000000e+00 0.000000e+00 0.000000e+00 0.000000e+00 0.000000e+00 0.000000e+00 0.000000e+00 0.000000e+00 0.000000e+00 0.000000e+00 0.000000e+00 0.000000e+00 0.000000e+00 0.000000e+00 0.000000e+00 0.000000e+00
<ENDHMM>
