~o
<STREAMINFO> 1 39
<VECSIZE> 39<NULLD><MFCC_E_D_A><DIAGC>
~h "Bay"
<BEGINHMM>
<NUMSTATES> 14
<STATE> 2
<MEAN> 39
 -6.038340e+00 -8.547374e+00 -3.051787e+00 -2.530972e+00 -2.716982e-01 -5.688006e+00 2.539157e+00 -1.147990e+00 5.720853e-01 -1.723691e+00 1.823651e+00 -2.403028e+00 -2.438206e-02 2.080748e+00 1.536573e-01 -7.501689e-01 -1.094549e+00 -8.027101e-01 -1.239712e+00 -8.942403e-01 -6.760681e-01 -8.864939e-01 -4.639063e-01 -1.097127e+00 -2.839702e-01 1.027872e-01 5.457622e-01 -3.346595e-01 -6.704050e-01 -3.911740e-01 -7.114288e-02 -3.831549e-01 -2.076694e-01 -1.241924e-01 -1.288204e-02 -4.947136e-01 -5.582563e-01 -3.302632e-01 4.247098e-02
<VARIANCE> 39
 8.277146e+00 5.663379e+00 2.739769e+00 6.821384e+00 9.265015e+00 1.136253e+01 9.499588e+00 1.620033e+01 1.050390e+01 5.850957e+00 1.016278e+01 1.599316e+01 5.000000e-02 2.968079e+00 1.092353e+00 1.394012e+00 1.078045e+00 5.099364e-01 2.102362e+00 9.591843e-01 6.599074e-01 7.578548e-01 1.584676e+00 1.670426e+00 2.420640e+00 5.000000e-02 5.553186e-01 3.783825e-01 2.713761e-01 1.535757e-01 1.771007e-01 2.759073e-01 2.557160e-01 3.063026e-01 3.278060e-01 1.706116e-01 1.836697e-01 4.865327e-01 5.000000e-02
<GCONST> 7.554140e+01
<STATE> 3
<MEAN> 39
 2.154182e+00 -1.437168e+01 -1.501719e+01 -8.040312e+00 -1.426941e+00 -1.078017e+01 2.791971e-01 -3.690070e+00 1.353897e+00 -6.841341e+00 -7.413487e+00 -7.751652e+00 7.247758e-01 -1.306509e+00 -2.729303e+00 -3.443647e+00 3.637964e-01 1.605179e+00 8.972331e-01 1.551973e+00 -7.871526e-01 1.678382e+00 -5.930321e-01 -1.215747e+00 -3.746725e-02 1.365532e-01 -1.120535e+00 -1.591119e-01 2.148483e-01 6.874534e-01 6.740014e-01 6.932511e-01 6.890494e-01 -2.379044e-01 2.308281e-01 2.791193e-01 6.624675e-01 7.123978e-01 -2.984932e-02
<VARIANCE> 39
 3.676521e+01 2.803166e+01 4.768673e+01 9.606784e+00 2.114011e+01 3.398620e+01 3.809839e+01 1.259137e+01 4.197092e+01 1.350210e+01 1.040615e+01 2.318280e+01 5.000000e-02 6.817188e+00 1.438652e+00 1.739885e+00 2.719057e+00 3.627918e+00 4.289061e+00 5.708651e+00 2.236221e+00 2.297860e+00 1.513663e+00 2.865278e+00 6.848351e+00 5.000000e-02 9.501161e-01 6.258203e-01 7.789782e-01 2.588294e-01 3.888963e-01 7.166743e-01 8.312755e-01 5.103626e-01 9.595410e-01 2.046390e-01 2.515624e-01 6.280934e-01 5.000000e-02
<GCONST> 1.059537e+02
<STATE> 4
<MEAN> 39
 -1.043980e+01 -2.264192e+01 -2.273769e+01 -2.659033e+00 8.105723e+00 -5.522718e+00 8.575621e+00 -1.083095e+01 4.905691e+00 -7.126549e+00 -4.845199e+00 -1.917941e+00 9.759035e-01 -1.563401e+00 -4.777652e-01 -5.515268e-02 3.169735e-01 5.002958e-01 2.552398e-01 5.532032e-01 -9.333042e-01 -9.413563e-02 -3.457043e-01 7.645677e-01 6.723022e-01 5.268083e-03 3.804179e-01 3.169750e-01 4.578947e-01 -1.662448e-01 -5.379820e-01 -1.167188e-01 -2.130902e-01 4.600869e-01 -2.266739e-01 -2.127131e-01 2.354828e-02 -1.735526e-01 -1.294197e-02
<VARIANCE> 39
 2.150331e+01 8.499480e+00 1.261924e+01 8.359862e+00 1.590024e+01 3.272221e+01 1.377715e+01 8.213830e+00 1.290270e+01 7.129027e+00 9.030989e+00 1.677678e+01 5.000000e-02 8.629604e-01 1.226413e+00 1.256346e+00 1.215472e+00 1.889221e+00 5.182719e-01 1.194557e+00 1.747034e+00 8.816779e-01 1.570779e+00 5.785815e-01 9.756629e-01 5.000000e-02 1.274592e-01 3.230903e-01 1.932355e-01 3.182084e-01 2.442156e-01 2.669849e-01 3.997237e-01 1.475395e-01 2.034100e-01 3.096483e-01 1.159720e-01 2.708152e-01 5.000000e-02
<GCONST> 7.626568e+01
<STATE> 5
<MEAN> 39
 -1.341737e+01 -2.380307e+01 -1.952794e+01 -1.063387e+00 5.542487e+00 -2.119780e+00 1.166858e+01 -8.516936e+00 3.732988e+00 -1.275772e+01 -1.494386e+00 9.763391e-01 9.080917e-01 -1.358020e-01 1.907734e-01 1.213997e+00 8.580893e-02 -1.392938e+00 3.545669e-01 1.200867e+00 1.346805e+00 -9.177705e-01 -1.472364e+00 1.015156e+00 1.599519e-01 -1.888103e-02 -4.612648e-02 1.846580e-01 1.471371e-01 -4.414295e-01 -4.321606e-01 -2.650665e-01 1.210196e-01 8.646823e-02 -5.135968e-02 3.169161e-01 -2.095926e-02 -4.224164e-01 2.642452e-03
<VARIANCE> 39
 5.979811e+00 1.142337e+01 8.560787e+00 8.103806e+00 2.476468e+01 3.613631e+01 3.601362e+01 7.568576e+00 1.891781e+01 7.964112e+00 7.734630e+00 5.487844e+00 5.000000e-02 3.229356e-01 2.249268e-01 1.012823e+00 1.666808e+00 2.182705e+00 1.106984e+00 7.964255e-01 3.787380e-01 3.925089e-01 6.757258e-01 2.938349e-01 9.089697e-01 5.000000e-02 7.075208e-02 8.093363e-02 2.106413e-01 2.319809e-01 3.627088e-01 1.433207e-01 1.587377e-01 1.153836e-01 1.191216e-01 2.747432e-01 1.027310e-01 1.864458e-01 5.000000e-02
<GCONST> 6.474618e+01
<STATE> 6
<MEAN> 39
 -1.543778e+01 -2.084575e+01 -1.332659e+01 -6.205347e+00 -3.882086e+00 -4.359522e+00 1.707311e+01 -2.730204e+00 9.385152e-01 -1.229028e+01 1.255596e+00 -4.390660e+00 8.764156e-01 -2.571880e-01 6.875585e-01 1.529293e+00 -1.765717e+00 -2.929332e+00 -3.902000e-01 2.490931e-01 1.157989e+00 7.969078e-01 2.171432e+00 -9.478443e-02 -2.011333e+00 -2.098550e-03 2.427452e-01 -1.938999e-02 -1.088348e-01 -7.142097e-02 -1.135090e-01 -6.738558e-02 -5.025290e-01 -1.811222e-01 5.038328e-01 6.249820e-01 -2.375647e-01 -3.507248e-02 2.010306e-03
<VARIANCE> 39
 4.473401e+00 4.602273e+00 1.621446e+01 1.102315e+01 2.919921e+01 2.883770e+01 1.537976e+01 1.104409e+01 1.585653e+01 2.023369e+01 5.497808e+00 2.919696e+01 5.000000e-02 3.707715e-01 5.472638e-01 7.456181e-01 2.343337e-01 1.375462e+00 1.987610e-01 8.700064e-01 5.316930e-01 1.784028e+00 2.207662e+00 6.493928e-01 6.528757e-01 5.000000e-02 5.410158e-02 5.062133e-02 1.501804e-01 9.303344e-02 2.931933e-01 5.587565e-02 5.000000e-02 1.333939e-01 2.043679e-01 4.327481e-01 1.254641e-01 3.054163e-01 5.000000e-02
<GCONST> 6.374610e+01
<STATE> 7
<MEAN> 39
 -1.319086e+01 -1.875490e+01 -9.057731e+00 -1.288931e+01 -1.621860e+01 -7.168580e+00 1.364657e+01 -1.005205e+00 7.193362e+00 -6.100412e-01 -1.275041e-01 -9.678405e+00 8.539310e-01 1.000100e+00 7.123566e-01 4.859194e-01 -5.148209e-01 -1.810296e+00 -3.742357e-01 -1.680128e+00 -8.052956e-01 8.721126e-01 1.362920e+00 -1.682081e-01 1.729740e-01 -1.152044e-02 -2.378658e-02 1.423070e-01 -2.984124e-01 3.848834e-01 5.688878e-01 -1.081527e-02 -6.041344e-02 -3.843597e-01 -2.743259e-01 -5.400687e-01 2.062100e-01 4.715746e-01 -4.732581e-03
<VARIANCE> 39
 5.147978e+00 3.838423e+00 5.175650e+00 6.728175e+00 1.239647e+01 2.254544e+01 1.144886e+01 1.362129e+01 1.687312e+01 9.646467e+00 7.111858e+00 1.730292e+01 5.000000e-02 2.456618e-01 5.830242e-01 3.811872e-01 1.060872e+00 1.093954e+00 7.774806e-01 1.165114e-01 9.533560e-01 1.310056e+00 7.683464e-01 6.850743e-01 1.990609e+00 5.000000e-02 7.271381e-02 8.902557e-02 5.173600e-02 1.335340e-01 1.226600e-01 1.600564e-01 1.369342e-01 1.764593e-01 3.546739e-01 1.157558e-01 1.020923e-01 3.434124e-01 5.000000e-02
<GCONST> 6.070793e+01
<STATE> 8
<MEAN> 39
 -1.114400e+01 -1.461001e+01 -8.738750e+00 -1.382371e+01 -1.826360e+01 -8.958748e+00 8.135844e+00 -4.644164e+00 8.700877e+00 9.896646e-01 2.646071e-01 -7.322379e+00 7.853941e-01 3.527608e-01 5.541227e-01 2.912628e-01 -6.596581e-01 5.225059e-01 -6.489939e-01 -4.415185e-01 -1.963315e-01 -6.010048e-01 -6.646708e-02 -5.648119e-01 2.087749e-01 -2.105257e-02 9.418655e-03 -2.442918e-01 1.958269e-01 -6.478600e-02 4.145323e-01 2.612535e-01 1.404776e-01 1.774830e-01 -4.023144e-01 -2.939514e-01 -3.905155e-01 1.718801e-02 -3.633642e-03
<VARIANCE> 39
 6.368235e+00 2.971762e+00 5.981200e+00 8.320924e+00 6.900851e+00 1.892950e+01 1.748197e+01 1.366691e+01 9.743984e+00 1.263710e+01 6.174177e+00 3.538853e+00 5.000000e-02 1.844604e-01 4.420605e-01 5.266402e-01 2.590972e-01 1.223450e+00 1.163831e+00 8.978068e-01 2.075044e+00 2.521686e+00 1.088222e+00 1.500090e+00 7.273305e-01 5.000000e-02 5.000000e-02 5.000000e-02 8.203806e-02 1.042401e-01 1.428952e-01 3.369443e-01 1.663672e-01 5.151317e-01 4.076421e-01 1.299022e-01 1.762614e-01 1.830995e-01 5.000000e-02
<GCONST> 6.274232e+01
<STATE> 9
<MEAN> 39
 -8.613016e+00 -1.497746e+01 -5.322921e+00 -1.609012e+01 -1.393805e+01 -8.717755e+00 5.905233e+00 -3.931167e+00 3.305827e+00 -2.562188e+00 -5.631958e+00 -4.778392e+00 6.490216e-01 1.033208e+00 -8.851463e-01 9.819921e-01 4.469701e-01 4.864485e-01 4.435667e-01 -6.141593e-01 -2.541121e-01 -6.673136e-01 -8.796895e-01 -7.200827e-01 6.304908e-01 -4.231642e-02 2.450214e-01 -2.901141e-01 4.856563e-02 4.458207e-01 -1.756358e-01 1.597430e-01 1.750978e-02 -1.663105e-01 2.625695e-01 -3.274629e-02 3.272343e-01 5.221338e-03 -2.652815e-03
<VARIANCE> 39
 6.912351e+00 7.194947e+00 9.458563e+00 1.113017e+01 1.817823e+01 3.893085e+01 3.486285e+01 1.757211e+01 1.224447e+01 8.707410e+00 8.464225e+00 7.915066e+00 5.000000e-02 5.336273e-01 5.524676e-01 1.258366e+00 1.349884e+00 1.542080e+00 2.809614e+00 1.064392e+00 2.280355e+00 1.149929e+00 8.181584e-01 1.444477e+00 1.287303e+00 5.000000e-02 6.935485e-02 5.000000e-02 2.016220e-01 2.246472e-01 4.036137e-01 6.410684e-01 3.684260e-01 3.865619e-01 2.080722e-01 1.573028e-01 1.996060e-01 2.918200e-01 5.000000e-02
<GCONST> 7.700529e+01
<STATE> 10
<MEAN> 39
 -1.785373e+00 -2.179402e+01 -9.772159e-01 -1.011456e+01 -1.253578e+01 -4.714127e+00 3.849252e+00 -7.226125e+00 2.788331e+00 -6.263743e+00 -6.660295e+00 -2.863763e+00 4.290667e-01 1.372681e+00 -9.871809e-01 -1.824685e-01 2.045480e+00 6.854401e-01 1.098079e+00 1.619877e-01 -6.060726e-02 5.179755e-01 -3.830466e-01 9.794610e-01 7.710317e-01 -4.159368e-02 -4.038357e-01 4.857651e-01 -6.231385e-01 -6.212601e-02 1.619518e-01 -3.195748e-01 3.283032e-01 6.374380e-01 2.161835e-01 4.602004e-01 5.386335e-01 4.909280e-02 5.188265e-03
<VARIANCE> 39
 3.138989e+00 5.194277e+00 3.551419e+00 7.968702e+00 8.723462e+00 2.138301e+01 1.294031e+01 1.622570e+01 8.489069e+00 1.200802e+01 1.101995e+01 8.282344e+00 5.000000e-02 4.737246e-01 9.211918e-01 1.608701e+00 1.251780e+00 1.965714e+00 3.096968e+00 2.959829e+00 2.635840e+00 9.405212e-01 1.466478e+00 1.516636e+00 4.861737e-01 5.000000e-02 5.000000e-02 7.649903e-02 1.918818e-01 2.031488e-01 1.075678e-01 4.417600e-01 2.974605e-01 2.512260e-01 1.561604e-01 2.036500e-01 1.647295e-01 1.563675e-01 5.000000e-02
<GCONST> 7.072768e+01
<STATE> 11
<MEAN> 39
 6.927520e-02 -2.029097e+01 -4.680113e+00 -4.199039e+00 -9.100859e+00 -5.329790e+00 5.914723e+00 -4.496381e+00 2.571619e+00 -3.996050e+00 6.104199e-01 -9.589500e-01 3.160572e-01 -1.938284e-01 3.349780e-01 -7.425799e-01 5.032413e-01 6.380584e-01 -4.922670e-01 8.126314e-02 4.711739e-01 -2.053477e-01 4.301381e-01 4.645606e-01 -2.276791e-01 -2.557575e-02 -2.056517e-01 3.882726e-02 7.140056e-02 -1.934179e-01 2.456530e-02 -4.003135e-02 -3.146813e-02 3.999196e-02 -1.391302e-02 -4.269955e-02 -1.976044e-01 -1.269718e-01 -7.680001e-04
<VARIANCE> 39
 1.486807e+00 8.265410e+00 1.084773e+01 9.082315e+00 1.376160e+01 1.277666e+01 7.238152e+00 7.406800e+00 1.552864e+01 1.174862e+01 7.715981e+00 5.908742e+00 5.000000e-02 2.957307e-01 4.836572e-01 7.138321e-01 9.954746e-01 9.166733e-01 1.695329e+00 1.333483e+00 1.462760e+00 1.187055e+00 1.298185e+00 1.574285e+00 1.043704e+00 5.000000e-02 5.000000e-02 1.087895e-01 1.527853e-01 2.016222e-01 2.039762e-01 3.897346e-01 2.944973e-01 3.413836e-01 2.146744e-01 2.286434e-01 2.946876e-01 2.431716e-01 5.000000e-02
<GCONST> 6.854462e+01
<STATE> 12
<MEAN> 39
 -3.696856e+00 -1.860685e+01 -7.165903e+00 -3.372957e+00 -4.056600e+00 -6.595156e+00 6.105035e+00 -1.481060e+00 3.049137e+00 -2.444295e+00 1.668277e+00 -1.428173e+00 1.154785e-01 -7.217988e-01 1.048801e+00 5.018984e-01 1.153298e-01 6.499163e-01 3.759298e-01 -1.736812e-02 -7.487443e-02 -3.648463e-01 3.403493e-01 8.631483e-01 6.068557e-01 -3.747865e-02 9.969630e-02 3.430970e-01 3.413175e-01 -7.222969e-02 -1.880273e-01 5.927144e-02 -2.127152e-01 -3.789103e-01 -2.093599e-01 6.884340e-02 -4.022018e-02 -5.982753e-03 2.905410e-03
<VARIANCE> 39
 3.623745e+00 5.327316e+00 6.472560e+00 3.238525e+00 7.472011e+00 1.364924e+01 8.488542e+00 1.006215e+01 1.623026e+01 8.788978e+00 1.303052e+01 1.309687e+01 5.000000e-02 4.891253e-01 8.845202e-01 7.274096e-01 4.920819e-01 8.994607e-01 1.986521e+00 1.307142e+00 1.788516e+00 1.521066e+00 1.426553e+00 1.254488e+00 6.863576e-01 5.000000e-02 9.840328e-02 8.423583e-02 9.382246e-02 1.091472e-01 5.957206e-02 4.107111e-01 2.395097e-01 2.655254e-01 3.435643e-01 2.419914e-01 2.197537e-01 2.531255e-01 5.000000e-02
<GCONST> 6.683870e+01
<STATE> 13
<MEAN> 39
 -5.457811e+00 -1.153483e+01 -2.597086e+00 -3.161103e+00 -2.813885e+00 -4.195034e+00 4.676541e+00 -3.328087e+00 8.580459e-01 -4.824325e-02 4.117072e+00 -8.447049e-01 1.043986e-02 -2.257705e-01 9.490822e-01 6.850440e-01 2.820337e-01 8.178234e-01 3.409553e-01 -5.360188e-01 3.403229e-01 3.939653e-01 1.935891e-01 -2.783115e-01 -5.310831e-01 -1.554857e-02 4.057025e-02 -4.961100e-01 -3.204490e-01 6.427449e-02 1.051535e-01 -3.432689e-02 6.179421e-02 3.057831e-01 2.143838e-01 -2.850845e-01 -1.837554e-01 -2.906089e-03 2.721763e-03
<VARIANCE> 39
 2.668637e+00 5.706628e+00 4.256987e+00 5.327733e+00 9.912393e+00 5.701372e+00 7.427401e+00 1.768517e+01 1.366770e+01 1.149266e+01 6.625969e+00 5.428727e+00 5.000000e-02 2.386131e-01 1.262375e+00 7.154608e-01 2.547179e-01 5.816840e-01 4.690798e-01 2.964128e-01 1.663589e+00 1.917923e+00 1.017898e+00 8.014491e-01 9.812514e-01 5.000000e-02 6.881815e-02 1.333451e-01 6.866119e-02 7.537397e-02 2.005015e-01 1.800274e-01 1.280318e-01 2.756656e-01 3.670644e-01 1.588603e-01 2.025592e-01 2.828757e-01 5.000000e-02
<GCONST> 5.928506e+01
<TRANSP> 14
 0.000000e+00 1.000000e+00 0.000000e+00 0.000000e+00 0.000000e+00 0.000000e+00 0.000000e+00 0.000000e+00 0.000000e+00 0.000000e+00 0.000000e+00 0.000000e+00 0.000000e+00 0.000000e+00
 0.000000e+00 7.603427e-01 2.396574e-01 0.000000e+00 0.000000e+00 0.000000e+00 0.000000e+00 0.000000e+00 0.000000e+00 0.000000e+00 0.000000e+00 0.000000e+00 0.000000e+00 0.000000e+00
 0.000000e+00 0.000000e+00 7.739730e-01 2.260270e-01 0.000000e+00 0.000000e+00 0.000000e+00 0.000000e+00 0.000000e+00 0.000000e+00 0.000000e+00 0.000000e+00 0.000000e+00 0.000000e+00
 0.000000e+00 0.000000e+00 0.000000e+00 8.280177e-01 1.719824e-01 0.000000e+00 0.000000e+00 0.000000e+00 0.000000e+00 0.000000e+00 0.000000e+00 0.000000e+00 0.000000e+00 0.000000e+00
 0.000000e+00 0.000000e+00 0.000000e+00 0.000000e+00 7.493966e-01 2.506034e-01 0.000000e+00 0.000000e+00 0.000000e+00 0.000000e+00 0.000000e+00 0.000000e+00 0.000000e+00 0.000000e+00
 0.000000e+00 0.000000e+00 0.000000e+00 0.000000e+00 0.000000e+00 7.825214e-01 2.174786e-01 0.000000e+00 0.000000e+00 0.000000e+00 0.000000e+00 0.000000e+00 0.000000e+00 0.000000e+00
 0.000000e+00 0.000000e+00 0.000000e+00 0.000000e+00 0.000000e+00 0.000000e+00 7.360629e-01 2.639371e-01 0.000000e+00 0.000000e+00 0.000000e+00 0.000000e+00 0.000000e+00 0.000000e+00
 0.000000e+00 0.000000e+00 0.000000e+00 0.000000e+00 0.000000e+00 0.000000e+00 0.000000e+00 7.998748e-01 2.001252e-01 0.000000e+00 0.000000e+00 0.000000e+00 0.000000e+00 0.000000e+00
 0.000000e+00 0.000000e+00 0.000000e+00 0.000000e+00 0.000000e+00 0.000000e+00 0.000000e+00 0.000000e+00 8.007271e-01 1.992729e-01 0.000000e+00 0.000000e+00 0.000000e+00 0.000000e+00
 0.000000e+00 0.000000e+00 0.000000e+00 0.000000e+00 0.000000e+00 0.000000e+00 0.000000e+00 0.000000e+00 0.000000e+00 6.871700e-01 3.128300e-01 0.000000e+00 0.000000e+00 0.000000e+00
 0.000000e+00 0.000000e+00 0.000000e+00 0.000000e+00 0.000000e+00 0.000000e+00 0.000000e+00 0.000000e+00 0.000000e+00 0.000000e+00 8.394563e-01 1.605437e-01 0.000000e+00 0.000000e+00
 0.000000e+00 0.000000e+00 0.000000e+00 0.000000e+00 0.000000e+00 0.000000e+00 0.000000e+00 0.000000e+00 0.000000e+00 0.000000e+00 0.000000e+00 7.903239e-01 2.096761e-01 0.000000e+00
 0.000000e+00 0.000000e+00 0.000000e+00 0.000000e+00 0.000000e+00 0.000000e+00 0.000000e+00 0.000000e+00 0.000000e+00 0.000000e+00 0.000000e+00 0.000000e+00 7.223272e-01 2.776728e-01
 0.000000e+00 0.000000e+00 0.000000e+00 0.000000e+00 0.000000e+00 0.000000e+00 0.000000e+00 0.000000e+00 0.000000e+00 0.000000e+00 0.000000e+00 0.000000e+00 0.000000e+00 0.000000e+00
<ENDHMM>
