~o
<STREAMINFO> 1 39
<VECSIZE> 39<NULLD><MFCC_E_D_A><DIAGC>
~h "Bo^n"
<BEGINHMM>
<NUMSTATES> 7
<STATE> 2
<MEAN> 39
 2.348898e+00 -8.729494e+00 -9.704103e+00 -1.059092e+01 -1.750596e+00 -8.690807e+00 8.184069e-01 -5.746330e+00 -3.572636e+00 -2.843577e+00 -3.442863e+00 -4.656400e+00 4.424842e-01 1.112717e+00 -4.731785e-01 -2.225214e+00 -2.250638e+00 1.391290e-01 1.886056e-01 5.799493e-01 -5.769182e-01 -4.430535e-01 1.333088e+00 -9.784924e-01 -3.665693e-01 9.761646e-02 -1.018633e-01 -6.810582e-02 -5.689473e-02 -1.759825e-01 9.252529e-02 3.368069e-01 6.483742e-02 1.315410e-01 4.607234e-02 2.425659e-01 1.142161e-01 1.895794e-02 2.347978e-03
<VARIANCE> 39
 4.732126e+01 1.803287e+01 7.364236e+01 8.058989e+01 2.612408e+01 3.044193e+01 3.224248e+01 2.280784e+01 2.721511e+01 8.556412e+01 3.364059e+01 1.527384e+01 1.490266e-01 4.623621e+00 1.959995e+00 3.202335e+00 3.380444e+00 3.568103e+00 6.564814e+00 3.899979e+00 2.916016e+00 3.416507e+00 1.416315e+01 3.785222e+00 1.374953e+00 5.000000e-02 9.835764e-01 3.527789e-01 8.753213e-01 7.599525e-01 8.741716e-01 9.051516e-01 7.726304e-01 5.258164e-01 5.743186e-01 2.634384e+00 7.417951e-01 2.997140e-01 5.000000e-02
<GCONST> 1.185030e+02
<STATE> 3
<MEAN> 39
 2.195464e+00 -1.212491e+01 -2.085805e+01 -2.802231e+01 -5.051681e-01 2.441215e+00 2.785067e+00 -4.123604e+00 -4.911461e+00 7.350572e+00 -3.075556e+00 -1.252163e+00 9.539410e-01 -1.624696e-01 3.425114e-02 3.759113e-01 -5.234442e-01 -7.681380e-02 2.412477e-01 -3.293656e-01 8.228626e-01 -2.314552e-01 -8.368352e-01 4.153407e-01 7.661507e-01 -2.577789e-03 1.051781e-01 -4.224624e-03 4.193991e-02 1.376787e-01 -2.696152e-02 -2.192579e-01 -3.067490e-02 7.718269e-02 4.991385e-03 -2.268356e-01 -1.387859e-02 -3.723243e-02 -4.038866e-03
<VARIANCE> 39
 1.593446e+01 1.186467e+01 1.601085e+01 2.460818e+01 2.941656e+01 4.506239e+01 4.004499e+01 4.217050e+01 2.848985e+01 1.811348e+01 1.513125e+01 2.673887e+01 5.000000e-02 4.600943e-01 6.230420e-01 7.435361e-01 2.159981e+00 3.518903e+00 4.299809e+00 1.131208e+00 1.415436e+00 1.889197e+00 7.874782e-01 1.118100e+00 1.591666e+00 5.000000e-02 6.457398e-02 1.501328e-01 2.340193e-01 2.794025e-01 5.213370e-01 7.393292e-01 2.728669e-01 3.019336e-01 5.498968e-01 2.608277e-01 2.261807e-01 4.018773e-01 5.000000e-02
<GCONST> 8.901093e+01
<STATE> 4
<MEAN> 39
 5.636870e+00 -1.439019e+01 -1.673549e+01 -2.434689e+01 -3.275383e+00 -1.684692e+00 1.352849e+00 1.833855e+00 -4.338758e+00 -4.731591e+00 -1.843089e+00 -2.496227e+00 7.274839e-01 9.845994e-02 -5.073294e-02 4.241489e-01 9.479867e-01 -2.716921e-01 -1.757073e-01 -3.424519e-02 -1.637656e-01 3.381534e-01 -3.588893e-01 3.191763e-01 -9.164220e-01 -3.462769e-02 -1.947024e-02 9.606975e-02 -7.919596e-02 1.499832e-01 4.243075e-02 3.655201e-02 1.243943e-01 -1.455816e-01 4.051982e-02 1.319961e-01 7.304280e-02 1.534764e-01 -2.252231e-03
<VARIANCE> 39
 1.174111e+01 7.009141e+00 3.200162e+01 4.645304e+01 3.683780e+01 2.489858e+01 4.012567e+01 5.501078e+01 2.062514e+01 2.078766e+01 1.997915e+01 3.427557e+01 5.000000e-02 1.458823e+00 8.386450e-01 3.148631e+00 3.358832e+00 3.983950e+00 2.360328e+00 3.365530e+00 6.873503e+00 1.580533e+00 3.593075e+00 3.268810e+00 2.372147e+00 5.000000e-02 2.667357e-01 1.251170e-01 5.909117e-01 7.093471e-01 7.500703e-01 5.659614e-01 5.340105e-01 1.499538e+00 3.527363e-01 7.779660e-01 6.438404e-01 5.374503e-01 5.000000e-02
<GCONST> 1.055401e+02
<STATE> 5
<MEAN> 39
 3.993792e+00 -1.269103e+01 -1.644354e+01 -1.459824e+01 -2.160701e+00 -1.662516e+00 3.807514e+00 -1.903346e+00 -2.036869e+00 -3.729154e+00 3.246891e+00 -1.446913e+00 3.735920e-01 -3.875618e-01 2.559625e-01 1.986115e-01 1.062870e+00 1.128664e-01 -1.703939e-01 8.166827e-02 -3.029977e-01 9.556733e-02 -1.732360e-02 -1.033580e-01 5.490928e-01 -3.072413e-02 -1.679836e-01 -6.555305e-03 3.465666e-01 -1.185477e-01 -8.738291e-04 -3.229531e-02 -1.419299e-01 8.948064e-02 7.863279e-02 -5.909551e-03 -1.360218e-01 -2.498721e-01 -8.528108e-04
<VARIANCE> 39
 2.697730e+00 3.445178e+00 1.039268e+01 1.030298e+01 5.904644e+00 7.457334e+00 9.321294e+00 1.507909e+01 1.080811e+01 8.604933e+00 1.071969e+01 7.368155e+00 5.000000e-02 6.886291e-01 5.793720e-01 2.653014e+00 1.082976e+00 7.639829e-01 1.820419e+00 1.617563e+00 2.329563e+00 2.075958e+00 1.380531e+00 1.752015e+00 1.344410e+00 5.000000e-02 9.450720e-02 1.327808e-01 2.848015e-01 2.610115e-01 1.687834e-01 4.039529e-01 3.893095e-01 3.883955e-01 3.624434e-01 2.299153e-01 4.428187e-01 1.756791e-01 5.000000e-02
<GCONST> 7.433735e+01
<STATE> 6
<MEAN> 39
 -3.044334e+00 -9.788081e+00 -6.987222e+00 -8.315692e+00 6.424216e-02 -1.818869e+00 4.095030e+00 -5.905036e-01 1.115923e+00 -2.846554e+00 3.013407e+00 -1.411242e+00 7.066105e-02 -3.807170e-01 2.117680e-01 6.793887e-01 4.773703e-01 1.737544e-01 -7.877328e-02 -3.136584e-02 -6.681365e-02 6.205385e-02 -4.265150e-02 -2.985496e-02 4.269215e-02 -1.587679e-02 7.247564e-02 -5.931806e-02 -1.259086e-01 -3.924996e-03 -1.490554e-03 1.070087e-02 -4.655463e-02 -5.111829e-02 -1.349425e-01 -7.394511e-02 -2.866409e-02 2.328435e-02 2.732510e-03
<VARIANCE> 39
 4.361335e+00 2.951844e+00 1.060821e+01 8.922492e+00 7.696849e+00 1.467846e+01 1.146647e+01 8.829226e+00 1.494089e+01 1.249846e+01 1.617947e+01 1.225555e+01 5.000000e-02 4.532881e-01 3.060776e-01 1.080632e+00 8.673702e-01 7.194561e-01 1.602338e+00 1.117066e+00 1.192910e+00 1.723210e+00 1.548077e+00 2.554805e+00 1.897295e+00 5.000000e-02 8.148756e-02 6.599808e-02 2.197667e-01 1.588540e-01 1.448899e-01 3.556700e-01 1.839828e-01 2.564030e-01 3.686011e-01 3.165711e-01 6.138928e-01 4.449547e-01 5.000000e-02
<GCONST> 7.256274e+01
<TRANSP> 7
 0.000000e+00 1.000000e+00 0.000000e+00 0.000000e+00 0.000000e+00 0.000000e+00 0.000000e+00
 0.000000e+00 8.999484e-01 1.000516e-01 0.000000e+00 0.000000e+00 0.000000e+00 0.000000e+00
 0.000000e+00 0.000000e+00 9.216773e-01 7.832271e-02 0.000000e+00 0.000000e+00 0.000000e+00
 0.000000e+00 0.000000e+00 0.000000e+00 9.156377e-01 8.436229e-02 0.000000e+00 0.000000e+00
 0.000000e+00 0.000000e+00 0.000000e+00 0.000000e+00 8.830983e-01 1.169017e-01 0.000000e+00
 0.000000e+00 0.000000e+00 0.000000e+00 0.000000e+00 0.000000e+00 9.220547e-01 7.794533e-02
 0.000000e+00 0.000000e+00 0.000000e+00 0.000000e+00 0.000000e+00 0.000000e+00 0.000000e+00
<ENDHMM>
