~o
<STREAMINFO> 1 39
<VECSIZE> 39<NULLD><MFCC_E_D_A><DIAGC>
~h "Cha^m"
<BEGINHMM>
<NUMSTATES> 36
<STATE> 2
<MEAN> 39
 -5.371981e+00 -8.393456e+00 -1.099410e+00 -1.180171e+00 2.398788e+00 -1.628398e+00 3.222986e+00 -1.974800e+00 1.314303e+00 -2.186344e+00 3.027886e+00 -9.028677e-01 -1.737262e-02 -3.247713e-01 -1.714175e-01 -2.045952e-01 -4.083309e-01 -4.100766e-02 2.084635e-01 -6.157501e-01 2.861963e-01 -5.049092e-01 8.596417e-01 -2.405993e-02 -5.637017e-01 7.747883e-03 -8.858052e-01 8.859774e-02 -2.589160e-01 -1.081327e+00 5.203475e-02 -6.235000e-01 -1.104122e-01 7.765640e-02 -1.974441e-01 1.253607e-01 -1.021820e-01 -7.932571e-02 2.865775e-02
<VARIANCE> 39
 2.126694e+00 3.181723e+00 3.033398e+00 5.625180e+00 6.688876e+00 2.130402e+01 1.339356e+01 4.707316e+00 4.883775e+00 1.437285e+01 9.583385e+00 9.320224e+00 5.000000e-02 9.317604e-01 2.513001e-01 3.975520e-01 1.132770e+00 1.001655e+00 1.722763e+00 6.395031e-01 1.410487e+00 1.081957e+00 7.394677e-01 8.060471e-01 2.546920e+00 5.000000e-02 1.564900e-01 1.446265e-01 5.000000e-02 2.589241e-01 1.131442e-01 4.932978e-01 1.384545e-01 1.790768e-01 2.482056e-01 3.899754e-01 2.413307e-01 1.873133e-01 5.000000e-02
<GCONST> 6.382483e+01
<STATE> 3
<MEAN> 39
 -6.252923e+00 -8.293455e+00 -1.867149e+00 -1.408056e+00 5.792668e-01 -4.880867e+00 -8.204238e-01 -2.442324e+00 -1.374638e+00 -1.573602e+00 1.765004e+00 -2.176123e+00 -5.274629e-02 -2.830412e+00 3.346249e-01 -1.083599e+00 -3.669617e+00 8.709096e-01 -1.701653e+00 -6.632474e-01 3.293119e-01 -4.073701e-01 3.339792e-01 -5.174234e-01 -2.150050e-01 9.988103e-02 -5.210193e-01 1.226192e-01 -1.666213e-01 -1.551122e+00 -6.131811e-01 -1.079097e+00 3.515781e-01 -1.458600e-01 4.577133e-01 1.713620e-01 -1.506558e-01 7.596251e-02 6.067703e-02
<VARIANCE> 39
 5.296887e+00 3.523933e+00 2.175168e+00 1.033175e+01 3.130716e+00 2.243000e+01 3.430459e+00 6.812090e+00 7.471287e+00 4.079034e+00 1.997376e+01 2.408146e+01 5.000000e-02 9.078643e-01 4.461388e-01 7.622669e-01 1.285990e+00 8.689691e-01 3.000137e+00 3.069746e-01 1.232454e+00 2.225984e+00 1.101159e+00 3.006193e-01 1.128467e+00 5.000000e-02 1.642559e-01 1.617853e-01 1.002696e-01 8.085537e-02 6.604178e-02 5.580675e-01 1.930448e-01 2.768969e-01 3.434011e-01 1.735445e-01 4.577941e-01 6.538332e-01 5.000000e-02
<GCONST> 6.590398e+01
<STATE> 4
<MEAN> 39
 -1.321572e+01 -7.464981e+00 -3.743450e+00 -1.103370e+01 4.645848e+00 -6.259838e+00 8.054123e-01 -8.565831e-01 4.864569e-02 -1.154358e+00 1.727475e+00 -2.101630e+00 2.481556e-01 -2.256934e+00 5.180653e-01 -7.158309e-01 -5.331838e+00 -1.533333e+00 -3.273512e+00 4.048926e-01 -3.080234e-01 8.154944e-01 1.265306e+00 -6.034994e-01 -3.186955e-01 2.015958e-01 9.839670e-01 -8.627810e-01 -8.496466e-02 8.100709e-02 -1.586871e+00 -3.955306e-01 8.725362e-01 4.063917e-02 4.485417e-01 2.216819e-01 -6.275531e-02 -2.195981e-01 2.610641e-02
<VARIANCE> 39
 3.729509e+01 3.438484e+00 1.487826e+01 5.575205e+01 2.600925e+01 3.288165e+01 1.820063e+01 1.873857e+01 2.062486e+01 1.172302e+01 5.264771e+00 1.513133e+01 5.000000e-02 1.837885e+00 1.759309e+00 1.396684e+00 4.694977e-01 4.101216e+00 2.884023e+00 1.897999e+00 1.281758e+00 2.155981e+00 9.796953e-01 1.916556e+00 2.108739e+00 5.000000e-02 3.345474e-01 2.502785e-01 1.909655e-01 8.490880e-01 4.337889e-01 4.289050e-01 1.496900e-01 3.457240e-01 2.966698e-01 2.705784e-01 1.159100e-01 3.412423e-01 5.000000e-02
<GCONST> 8.827452e+01
<STATE> 5
<MEAN> 39
 -1.590385e+01 -3.789230e+00 -3.002900e+00 -1.967241e+01 -1.983199e+00 -1.265925e+01 1.456348e+00 -3.442454e+00 1.678411e+00 2.181540e+00 9.582454e-02 -2.078912e+00 6.268637e-01 9.232195e-01 -2.269043e+00 -1.041536e+00 -3.419638e+00 -5.296570e+00 -3.328981e+00 2.041627e+00 1.772190e-01 1.526889e+00 1.964951e+00 -3.040788e-01 -9.274223e-01 1.936074e-01 1.250826e+00 -1.638311e+00 -3.692834e-01 1.962442e+00 -3.313658e-01 1.134510e+00 1.161389e+00 6.429433e-01 -3.629723e-01 -7.325807e-01 -1.676521e-01 -2.112509e-01 -3.245708e-02
<VARIANCE> 39
 7.951250e+00 8.850493e+00 1.405143e+01 1.085452e+01 3.562862e+01 1.610989e+01 1.848346e+01 1.703058e+01 8.904099e+00 5.146525e+00 9.380810e+00 6.823897e+00 5.000000e-02 3.979032e-01 7.383050e-01 2.667546e+00 6.971077e-01 3.777487e+00 8.244632e-01 6.543203e-01 1.401424e+00 5.015077e-01 1.280726e+00 1.406213e+00 7.633959e-01 5.000000e-02 9.949908e-02 1.372605e-01 5.000000e-02 5.415021e-02 4.948499e-01 3.080407e-01 2.734626e-01 3.750091e-01 1.873312e-01 3.269249e-01 1.575967e-01 2.464375e-01 5.000000e-02
<GCONST> 7.172757e+01
<STATE> 6
<MEAN> 39
 -8.779256e+00 -1.415651e+01 -5.405871e+00 -2.156068e+01 -1.433199e+01 -1.646250e+01 5.112780e+00 -1.123212e+00 5.879697e+00 5.473832e+00 1.235184e+00 -4.383752e+00 8.049985e-01 1.890432e+00 -4.641360e+00 -1.647355e+00 7.907205e-01 -3.187970e+00 2.086747e-01 3.972035e+00 1.778183e+00 -2.449775e-01 -7.091447e-01 -8.984786e-01 -1.275239e+00 9.389786e-02 -1.589791e-01 -3.700840e-01 -4.128272e-01 2.061826e+00 2.276901e+00 1.620656e+00 3.372955e-01 3.797197e-01 -1.035843e+00 -1.441561e+00 -4.138528e-01 5.082397e-01 -4.246653e-02
<VARIANCE> 39
 9.429268e+00 2.568589e+01 3.214417e+01 7.188050e+00 2.169405e+01 2.949652e+01 2.152651e+01 2.793894e+01 4.257011e+00 1.236824e+01 1.707737e+01 6.927988e+00 5.000000e-02 9.247444e-01 2.410987e-01 8.131438e-01 1.858619e+00 7.357251e+00 1.938533e+00 8.173773e-01 1.867783e+00 1.255860e+00 3.239017e+00 5.311795e-01 8.286089e-01 5.000000e-02 1.877549e-01 5.283673e-01 3.255668e-01 1.494660e-01 8.158328e-01 2.540761e-01 2.817819e-01 2.654482e-01 2.075324e-01 1.719816e-01 3.704253e-01 1.587606e-01 5.000000e-02
<GCONST> 8.212905e+01
<STATE> 7
<MEAN> 39
 -9.161130e+00 -2.083808e+01 -1.012151e+01 -1.712525e+01 -1.133514e+01 -1.380013e+01 1.542417e+01 2.588430e+00 -1.264005e-01 -3.617309e-01 -3.926758e+00 -8.629361e+00 8.891597e-01 -2.499541e-01 -3.380278e+00 -2.322103e+00 3.206173e+00 2.800541e+00 2.416414e+00 3.370368e+00 1.463576e+00 -2.284970e+00 -3.512043e+00 -2.085804e+00 8.021526e-01 5.289458e-02 -7.467181e-01 9.607835e-01 -2.343404e-02 8.668290e-01 2.553148e+00 7.408911e-01 -1.051319e+00 -5.201139e-01 -4.456269e-01 -6.130344e-01 -1.228598e-01 1.156474e+00 -2.413629e-02
<VARIANCE> 39
 1.539992e+01 1.172001e+01 2.874971e+01 1.456046e+01 1.676352e+01 4.498165e+01 1.504372e+01 1.182592e+01 1.405152e+01 1.869092e+01 7.435084e+00 1.187871e+01 5.000000e-02 6.059431e-01 8.364659e-01 3.994884e-01 3.344492e-01 2.605007e+00 6.855525e-01 2.506685e-01 9.186490e-01 8.094038e-01 6.540490e-01 1.183353e+00 5.258548e-01 5.000000e-02 6.802969e-02 1.982409e-01 1.278291e-01 2.382583e-01 2.528584e-01 2.841169e-01 1.239049e-01 5.000000e-02 2.552361e-01 5.160343e-01 1.045955e-01 1.180351e-01 5.000000e-02
<GCONST> 6.915327e+01
<STATE> 8
<MEAN> 39
 -9.440941e+00 -2.370772e+01 -1.232154e+01 -1.186401e+01 -4.756392e+00 -8.409342e+00 1.581757e+01 4.728415e+00 -1.843364e+00 -5.722946e+00 -4.820579e+00 -1.641770e+00 9.480973e-01 -5.715437e-01 -1.341058e+00 -1.686889e+00 3.096821e+00 4.823317e+00 2.092646e+00 5.703183e-01 5.187645e-02 -1.384142e+00 -2.535731e+00 -1.502396e+00 2.180229e+00 3.214887e-02 -2.730796e-01 1.105712e+00 2.735772e-01 -3.509288e-01 6.270962e-01 -3.496941e-01 -1.392342e+00 -1.014041e+00 6.210564e-01 8.196639e-01 3.136645e-01 8.450097e-02 -1.285414e-02
<VARIANCE> 39
 2.211862e+01 5.517673e+00 2.012557e+01 2.305782e+01 1.875953e+01 2.107309e+01 1.346022e+01 3.167070e+01 1.120790e+01 1.173660e+01 2.069252e+01 1.223415e+01 5.000000e-02 3.043625e-01 1.032409e+00 8.103666e-01 4.799708e-01 5.956511e-01 1.104245e+00 1.128106e+00 8.113840e-01 1.926835e+00 2.551566e+00 1.271655e+00 3.871648e-01 5.000000e-02 1.655747e-01 5.000000e-02 5.038409e-02 3.070533e-01 4.320809e-01 9.249532e-02 1.176861e-01 9.965532e-02 5.104096e-02 1.370408e-01 1.941048e-01 2.356118e-01 5.000000e-02
<GCONST> 6.968125e+01
<STATE> 9
<MEAN> 39
 -1.186244e+01 -2.427604e+01 -1.437961e+01 -7.484840e+00 2.768925e+00 -6.006271e+00 1.547686e+01 2.325703e+00 -3.452328e+00 -8.170864e+00 -7.297193e+00 2.923709e-01 9.870318e-01 -5.647012e-01 -1.128143e-01 -1.541644e+00 2.043063e+00 4.299954e+00 8.542302e-01 -1.158456e+00 -1.745316e+00 -1.604164e-01 -4.306988e-01 -8.232467e-01 1.450462e+00 1.721983e-02 1.221981e-01 4.103502e-01 3.647338e-01 -9.954655e-01 -7.012814e-01 -5.321013e-01 -7.753938e-01 -8.589249e-01 1.067343e+00 1.097773e+00 4.416785e-01 -7.120511e-01 -1.323895e-02
<VARIANCE> 39
 1.606845e+01 3.893845e+00 9.670904e+00 7.195872e+00 1.065123e+01 1.684987e+01 5.826148e+00 2.889408e+01 1.606171e+01 1.170851e+01 7.818303e+00 4.526017e+00 5.000000e-02 4.545920e-01 8.585327e-01 3.103900e-01 1.966963e+00 6.164775e-01 3.633879e-01 9.103974e-01 5.389783e-01 1.216735e+00 5.323882e-01 5.031838e-01 6.770816e-01 5.000000e-02 5.000000e-02 1.071609e-01 1.141282e-01 5.913265e-02 5.506140e-02 1.559435e-01 1.004371e-01 2.688753e-01 1.868779e-01 1.608258e-01 1.369832e-01 7.512237e-02 5.000000e-02
<GCONST> 5.835658e+01
<STATE> 10
<MEAN> 39
 -1.155239e+01 -2.331400e+01 -1.585534e+01 -5.566067e+00 7.796530e+00 -5.138772e+00 1.362823e+01 -4.350033e-02 -1.382512e+00 -6.214151e+00 -7.035680e+00 1.117118e+00 9.923607e-01 -3.729725e-01 1.033833e-02 -9.870551e-01 2.945562e-01 2.432197e+00 7.556982e-01 -1.376287e+00 -2.171267e+00 1.089070e+00 5.205521e-01 -5.391387e-01 -5.225752e-01 -1.206094e-03 1.046093e-01 9.602286e-02 2.395657e-01 -1.034002e+00 -1.039933e+00 -1.907332e-01 -1.966264e-01 -9.749046e-02 6.007530e-01 4.130265e-01 1.282486e-01 -8.558564e-01 -1.016657e-02
<VARIANCE> 39
 6.783579e+00 2.537840e-01 1.332943e+01 6.375925e+00 7.397407e+00 1.447044e+01 7.307913e+00 3.150939e+01 3.183017e+01 1.957375e+01 1.359283e+01 1.298456e+00 5.000000e-02 3.431280e-01 4.548923e-01 1.128039e-01 7.199349e-01 5.129471e-01 6.319064e-01 1.813108e-01 9.775870e-01 6.483781e-01 1.424597e-01 4.303462e-01 5.561537e-01 5.000000e-02 5.000000e-02 1.030235e-01 5.000000e-02 1.105388e-01 5.000000e-02 5.000000e-02 9.006414e-02 8.305379e-02 1.644591e-01 1.714556e-01 8.460288e-02 8.954377e-02 5.000000e-02
<GCONST> 4.625188e+01
<STATE> 11
<MEAN> 39
 -1.206300e+01 -2.477966e+01 -1.788755e+01 -7.607419e+00 9.360778e+00 -6.619725e+00 1.059034e+01 -5.072114e+00 -1.861424e-01 -6.219848e+00 -7.991590e+00 -1.439173e+00 9.763238e-01 -2.159602e-01 -2.216502e-01 -5.878319e-01 -1.030848e+00 1.215030e+00 5.957260e-01 -1.175804e+00 -1.749901e+00 2.074996e+00 7.757582e-01 -9.251725e-02 -1.131171e+00 -1.374240e-02 2.722315e-01 1.999951e-01 1.743822e-01 -5.323379e-01 -7.347720e-01 1.026086e-01 2.367917e-01 6.410793e-01 3.992648e-01 1.973847e-01 2.810005e-01 -4.660282e-01 -6.617337e-03
<VARIANCE> 39
 8.920949e+00 5.259611e+00 1.582659e+01 5.464705e+00 1.482030e+01 2.005513e+01 1.109016e+01 1.685681e+01 3.332872e+01 1.256688e+01 1.066649e+00 5.536233e+00 5.000000e-02 1.069791e-01 8.933686e-02 1.590903e-01 1.660441e-01 3.068724e-01 2.769550e-01 1.790162e-01 5.639046e-01 3.625883e-01 6.609119e-01 1.591276e-01 1.624514e-01 5.000000e-02 5.000000e-02 5.835436e-02 5.000000e-02 5.752270e-02 1.170384e-01 6.295433e-02 9.300849e-02 9.345918e-02 1.687073e-01 5.171910e-02 5.877966e-02 8.500279e-02 5.000000e-02
<GCONST> 4.022570e+01
<STATE> 12
<MEAN> 39
 -1.180059e+01 -2.401018e+01 -1.811904e+01 -9.032254e+00 1.102979e+01 -3.291487e+00 9.628655e+00 -4.872691e+00 3.737694e+00 -4.286207e+00 -8.045531e+00 -2.949308e+00 9.526603e-01 2.740591e-01 5.114164e-01 -3.251228e-01 -1.540729e+00 2.570501e-01 8.560379e-01 -8.561424e-01 -4.266616e-01 2.242158e+00 9.805344e-01 2.495496e-01 -1.815149e+00 -2.112789e-02 4.302266e-01 3.309457e-01 3.657784e-01 -2.779495e-01 -8.544061e-01 -5.482621e-01 -4.722131e-02 3.730763e-01 1.188423e-01 5.074079e-02 3.989874e-01 -2.079434e-01 -8.365824e-03
<VARIANCE> 39
 8.448417e+00 1.639816e+00 1.037189e+01 3.356942e+00 5.518557e+00 1.214516e+01 5.098428e+00 1.549235e+01 3.046162e+01 5.647079e+00 1.645757e+01 3.528198e+00 5.000000e-02 6.306392e-02 1.594036e-01 3.120166e-01 2.031075e-01 4.805981e-01 5.955787e-01 3.405871e-01 3.504689e-01 9.004062e-01 4.663747e-01 2.647401e-01 3.545571e-01 5.000000e-02 5.000000e-02 5.000000e-02 8.773836e-02 5.000000e-02 1.371443e-01 1.394883e-01 1.451347e-01 1.464139e-01 1.163271e-01 1.352811e-01 5.000000e-02 7.861996e-02 5.000000e-02
<GCONST> 4.376436e+01
<STATE> 13
<MEAN> 39
 -1.165931e+01 -2.373044e+01 -1.898273e+01 -1.229105e+01 1.018676e+01 -3.733320e+00 8.102304e+00 -6.760872e+00 7.680219e+00 -2.778814e+00 -6.782431e+00 -6.010540e+00 9.081533e-01 1.017196e+00 1.012678e+00 -2.893277e-02 -1.976531e+00 -1.222818e+00 -4.806673e-01 -1.054856e+00 -6.531588e-02 2.319731e+00 7.787150e-01 1.123494e+00 -1.987989e+00 -3.458663e-02 5.886108e-01 2.365394e-01 7.521490e-01 2.657783e-01 -9.073350e-01 -9.797890e-01 -1.381418e-01 -7.819811e-02 -5.035034e-01 -3.654605e-01 3.893895e-01 2.691819e-01 -1.116590e-02
<VARIANCE> 39
 5.264392e+00 4.407416e+00 3.757385e+00 9.373801e+00 1.288506e+01 6.897642e+00 1.037909e+01 2.604979e+01 1.806670e+01 1.092520e+01 9.335773e+00 5.186615e+00 5.000000e-02 1.110071e-01 7.612541e-02 5.697156e-01 1.794438e-01 9.978716e-01 9.921265e-02 7.069932e-01 1.352368e-01 1.481529e+00 1.051325e+00 2.747250e-01 2.797325e-01 5.000000e-02 6.396402e-02 5.000000e-02 8.235841e-02 5.000000e-02 3.724545e-01 5.097581e-01 3.541397e-01 2.338445e-01 8.250620e-02 1.084557e-01 1.155035e-01 5.000000e-02 5.000000e-02
<GCONST> 4.955046e+01
<STATE> 14
<MEAN> 39
 -1.004499e+01 -2.080940e+01 -1.767429e+01 -1.541773e+01 8.658051e+00 -2.465402e+00 7.201419e+00 -5.865272e+00 1.190121e+01 -2.351010e+00 -6.325350e+00 -9.498091e+00 8.500611e-01 2.051671e+00 1.106827e+00 1.731895e+00 -7.341105e-01 -2.330104e+00 -2.636173e+00 -1.201997e+00 -5.932827e-01 9.187108e-01 3.140359e-01 1.692641e+00 -9.344838e-01 -5.950397e-02 5.490649e-01 -2.971469e-01 9.239851e-01 8.510431e-01 -6.513442e-01 -8.145258e-01 -5.199114e-02 -6.202727e-01 -1.056635e+00 -4.926297e-01 -1.820161e-01 7.194262e-01 -1.060351e-02
<VARIANCE> 39
 3.946376e+00 1.920689e+00 5.945351e+00 4.101610e+00 1.523302e+01 9.340194e+00 2.022923e+01 2.311606e+01 6.864037e+00 2.467562e+01 1.424710e+01 2.728846e+00 5.000000e-02 2.531836e-01 2.619900e-01 9.325594e-01 1.256722e+00 1.184141e+00 2.703356e+00 1.448856e+00 1.280139e+00 1.706683e+00 2.311282e-01 9.827833e-01 4.770367e-01 5.000000e-02 1.166141e-01 5.000000e-02 6.149549e-02 8.803296e-02 2.889240e-01 2.280023e-01 2.566169e-01 2.200885e-01 3.230343e-01 1.295504e-01 1.048113e-01 8.162915e-02 5.000000e-02
<GCONST> 6.145436e+01
<STATE> 15
<MEAN> 39
 -4.019575e+00 -1.929866e+01 -1.375758e+01 -1.507358e+01 9.230639e-01 -1.275219e+01 2.844025e+00 -6.432424e+00 1.128190e+01 -1.376762e+00 -3.471649e-01 -9.445099e+00 7.438849e-01 3.215379e+00 1.993527e-01 3.491512e+00 7.770948e-01 -4.072737e+00 -3.362402e+00 -2.059140e+00 -2.166594e+00 -1.394363e+00 -1.279189e+00 3.420362e-01 4.866464e-01 -6.388665e-02 1.302632e-01 -5.196784e-01 1.420024e-01 8.282185e-01 9.242310e-02 7.312624e-01 2.870582e-01 -2.088462e-01 -1.178163e+00 -2.384531e-01 -8.952169e-01 6.824688e-01 7.004473e-03
<VARIANCE> 39
 1.403741e+01 3.071867e+00 1.345592e+01 1.043437e+01 1.483796e+01 1.971817e+01 1.875834e+01 1.177459e+01 1.024793e+01 1.440097e+01 1.351634e+01 7.199718e+00 5.000000e-02 5.451829e-01 4.375576e-01 6.325499e-01 1.110714e+00 2.540956e+00 1.167613e+00 2.787179e+00 1.011036e+00 2.788365e+00 3.638220e-01 6.907175e-01 8.726304e-01 5.000000e-02 1.495768e-01 5.000000e-02 2.243119e-01 1.860909e-01 3.120262e-01 4.520752e-01 1.464528e-01 3.355124e-01 3.347557e-01 2.105029e-01 1.439763e-01 1.246766e-01 5.000000e-02
<GCONST> 7.217620e+01
<STATE> 16
<MEAN> 39
 -9.326926e-01 -2.043703e+01 -6.858934e+00 -1.199149e+01 -1.242514e+00 -1.445153e+01 3.037132e+00 -1.190475e+01 6.468439e+00 -4.909432e+00 -4.464662e+00 -7.813942e+00 6.374518e-01 2.350647e+00 -6.643326e-01 2.437446e+00 1.597080e+00 -2.224214e+00 -2.674144e-01 -4.646851e-01 -1.825271e+00 -2.049209e+00 -5.793335e-01 -1.301908e+00 8.629690e-01 -4.363420e-02 -4.811933e-01 -2.694886e-01 -6.267204e-01 3.353338e-02 5.005549e-01 1.277966e+00 1.723993e-01 5.783438e-01 -4.128415e-02 4.036065e-01 -5.427449e-01 2.237216e-01 1.520270e-02
<VARIANCE> 39
 1.742660e+01 2.664929e+00 8.517602e+00 1.208156e+00 1.431147e+01 1.874369e+01 2.447769e+01 1.011995e+01 1.912031e+01 2.819846e+01 1.305947e+01 8.086427e+00 5.000000e-02 5.409315e-01 1.366990e-01 3.133081e-01 7.994769e-01 3.369845e-01 2.259285e+00 1.159633e+00 2.152205e+00 2.181462e+00 2.114032e-01 2.570491e-01 1.306581e+00 5.000000e-02 1.104504e-01 5.000000e-02 2.036123e-01 1.061817e-01 4.841132e-01 3.633468e-01 3.365181e-01 3.036110e-01 2.722426e-01 2.071882e-01 1.079823e-01 7.261310e-02 5.000000e-02
<GCONST> 6.492577e+01
<STATE> 17
<MEAN> 39
 3.650251e+00 -2.174818e+01 -6.424976e+00 -1.033980e+01 -6.076789e+00 -1.132691e+01 6.546394e-01 -1.245646e+01 2.702022e+00 -4.085178e+00 -6.683646e+00 -6.692245e+00 6.504155e-01 1.214100e+00 -4.361291e-01 9.872111e-01 7.297485e-01 -1.184418e+00 8.596667e-01 -4.232613e-01 -1.256440e-02 -1.433040e+00 9.483050e-01 -1.146833e+00 8.016274e-01 -1.482404e-02 -8.233901e-01 1.012723e-01 -6.124851e-01 -6.274040e-01 9.603968e-01 5.300882e-02 2.888820e-01 7.804298e-01 5.256720e-01 4.124333e-01 6.170123e-02 -3.223113e-01 1.017545e-02
<VARIANCE> 39
 2.074897e+01 2.944038e+00 1.987659e+00 1.422612e+00 2.006231e+01 3.340423e+00 3.357450e+01 1.147709e+01 1.772581e+01 2.131563e+01 1.028475e+01 7.164339e+00 5.000000e-02 5.242085e-01 3.125003e-01 8.949374e-01 1.011613e+00 1.417214e+00 1.566436e+00 2.995288e-01 1.831921e+00 4.475515e-01 1.654420e+00 5.940353e-01 3.670720e-01 5.000000e-02 1.430026e-01 5.000000e-02 5.000000e-02 6.469508e-02 3.075527e-01 5.160208e-01 3.813571e-01 3.058975e-01 3.424104e-01 1.441112e-01 7.426151e-02 3.314203e-01 5.000000e-02
<GCONST> 6.332324e+01
<STATE> 18
<MEAN> 39
 2.457694e+00 -2.204504e+01 -5.312618e+00 -8.581832e+00 -5.787286e+00 -1.141685e+01 2.796137e+00 -1.362486e+01 4.257092e+00 -4.113519e+00 -6.331130e+00 -4.734014e+00 5.714858e-01 3.966001e-01 -2.775089e-01 8.271768e-01 -6.169518e-02 -3.133536e-01 5.119183e-03 -3.842729e-01 7.042198e-01 -3.993693e-01 5.514360e-01 -1.020356e+00 5.439870e-02 -1.200865e-02 -4.663628e-01 1.873645e-01 -2.550072e-01 -5.180647e-01 8.019915e-01 -1.375617e-01 7.149715e-02 7.636424e-01 4.085572e-01 -5.167284e-02 1.720873e-01 -3.197910e-01 7.613453e-03
<VARIANCE> 39
 1.306664e+01 3.913547e+00 5.142579e+00 1.044940e+00 4.291379e+00 1.006333e+01 2.174394e+01 3.046468e+01 1.597909e+01 2.756787e+01 1.592468e+01 1.192913e+01 5.000000e-02 7.253282e-01 3.804837e-01 2.861364e-01 1.016090e+00 2.129922e+00 2.248265e+00 9.888225e-01 1.054440e+00 1.543858e+00 1.121551e+00 5.684465e-01 1.398927e+00 5.000000e-02 5.000000e-02 5.000000e-02 1.160152e-01 5.000000e-02 1.378285e-01 6.218169e-01 8.144354e-02 5.790437e-01 2.842183e-01 2.018167e-01 8.129122e-02 2.802392e-01 5.000000e-02
<GCONST> 6.601478e+01
<STATE> 19
<MEAN> 39
 2.627243e+00 -2.305218e+01 -4.649274e+00 -1.090732e+01 -5.901363e+00 -1.093909e+01 -3.048538e-01 -9.503129e+00 3.476470e+00 -1.279417e+00 -8.238565e+00 -5.184853e+00 5.982753e-01 -3.072844e-02 -2.476063e-01 3.988152e-01 -7.940355e-01 9.048300e-01 -8.286200e-02 -5.992151e-02 2.192984e+00 -6.143602e-01 -1.413808e-01 -6.431855e-01 9.987181e-02 -1.390726e-03 -2.754955e-01 1.155235e-01 -1.859129e-01 -7.027902e-02 1.571923e-01 -1.568972e-01 2.334946e-01 -8.995713e-02 4.982993e-01 -4.788288e-01 9.862056e-02 -1.159389e-01 2.730509e-04
<VARIANCE> 39
 5.072715e+00 4.843881e+00 1.711655e+00 1.210490e+01 1.594270e+00 1.397315e+01 1.966958e+01 2.335503e+01 2.539025e+01 3.588972e+01 1.002904e+01 1.315305e+01 5.000000e-02 5.791329e-01 1.354076e-01 4.501565e-01 3.922982e-01 3.222732e-01 2.337289e+00 1.314579e+00 2.240481e+00 1.706689e+00 7.479771e-01 5.629618e-01 2.213904e+00 5.000000e-02 5.000000e-02 5.000000e-02 5.000000e-02 1.003965e-01 1.360933e-01 8.121181e-02 1.020618e-01 1.396272e-01 1.591160e-01 3.211987e-01 1.213991e-01 7.572287e-02 5.000000e-02
<GCONST> 5.912963e+01
<STATE> 20
<MEAN> 39
 2.905622e+00 -2.155062e+01 -3.730072e+00 -1.298942e+01 -2.867669e+00 -1.382508e+01 5.890911e-01 -8.485207e+00 4.990397e-01 -9.563065e-01 -1.001912e+01 -7.297877e+00 6.241868e-01 -4.801708e-01 1.293337e-01 2.236883e-02 -1.542369e-01 3.321624e-01 -2.191970e-01 5.389646e-01 1.509387e-01 1.324478e+00 -4.565696e-01 -6.906251e-01 1.632276e-01 -1.076085e-02 1.209225e-02 1.443463e-02 -2.485401e-01 4.210955e-01 -4.203306e-01 3.936727e-01 -3.652777e-02 -3.563809e-01 5.121690e-01 -2.336265e-01 3.025804e-01 2.880952e-01 -7.139306e-03
<VARIANCE> 39
 3.577065e+00 4.730426e+00 3.456887e+00 6.664322e+00 4.905618e+00 1.210425e+01 7.285186e+00 2.136257e+01 1.855145e+01 2.344283e+01 4.398682e+00 1.232471e+01 5.000000e-02 3.242710e-01 1.047285e-01 3.177101e-01 3.209726e-01 7.840005e-01 7.763056e-01 1.129383e+00 1.455348e+00 1.515837e+00 1.847207e+00 5.379670e-01 7.291318e-01 5.000000e-02 6.119099e-02 5.000000e-02 1.013356e-01 1.369869e-01 5.000000e-02 2.097840e-01 9.933362e-02 4.759105e-01 2.928285e-01 1.866942e-01 1.021006e-01 2.671310e-01 5.000000e-02
<GCONST> 5.809957e+01
<STATE> 21
<MEAN> 39
 1.797518e+00 -2.214591e+01 -4.339568e+00 -1.047876e+01 -4.131981e+00 -1.158059e+01 2.242638e+00 -7.063752e+00 7.175745e+00 -5.685100e+00 -1.023756e+01 -4.374842e+00 5.640259e-01 -2.988129e-01 1.429987e-01 2.648550e-02 3.620118e-01 -8.390456e-01 6.279460e-01 -3.992557e-01 -4.822372e-01 9.918832e-01 -4.115585e-01 3.535118e-01 2.656632e-01 -2.553548e-02 6.184973e-02 4.235069e-02 -1.766198e-01 5.192226e-01 -1.332214e-01 1.838633e-01 -8.489022e-02 -3.152570e-01 -3.977524e-01 4.417766e-01 6.347246e-01 5.489369e-02 -1.080581e-02
<VARIANCE> 39
 4.225307e+00 9.056965e+00 3.752388e+00 8.305332e+00 1.085765e+01 2.510860e+01 5.219655e+00 4.047218e+01 2.717484e+01 1.652576e+01 1.101743e+01 8.263551e+00 5.000000e-02 1.036829e-01 1.616049e-01 3.618496e-01 1.139172e+00 3.413007e-01 5.453396e-01 6.012723e-01 1.991778e+00 9.478030e-01 1.238848e+00 6.191953e-01 9.362765e-01 5.000000e-02 7.424671e-02 9.821313e-02 1.208994e-01 2.773739e-01 1.906010e-01 3.636965e-01 1.044027e-01 7.684430e-01 4.617191e-01 4.551809e-01 9.981885e-02 1.695328e-01 5.000000e-02
<GCONST> 6.534570e+01
<STATE> 22
<MEAN> 39
 1.886342e+00 -2.102393e+01 -4.166656e+00 -1.149965e+01 -5.796206e+00 -1.173346e+01 9.469953e-01 -9.576071e+00 6.379996e+00 -2.502274e+00 -9.070813e+00 -5.825564e+00 5.412592e-01 1.389112e-01 9.121192e-03 -4.622482e-01 1.592057e+00 -2.365944e-01 1.283469e+00 -3.797282e-01 6.437114e-01 2.212161e-02 3.058129e-01 1.295604e+00 7.591244e-01 -4.623985e-02 1.950734e-01 -2.495289e-02 -4.278966e-01 5.635200e-01 4.059253e-01 2.122360e-01 9.401160e-02 4.314330e-01 -7.739813e-01 3.878746e-02 5.632679e-01 2.478443e-01 -6.977417e-03
<VARIANCE> 39
 2.156613e+00 5.979339e+00 1.947430e+00 7.336776e+00 3.130810e+00 2.889188e+01 1.552089e+01 1.571454e+01 7.215721e+00 7.246144e+00 1.749655e+01 2.302493e+01 5.000000e-02 7.024492e-02 4.979340e-01 7.083753e-01 2.762544e+00 2.488529e-01 2.612537e+00 5.000000e-02 2.602484e+00 1.873774e+00 1.880026e+00 7.752229e-01 9.296706e-01 5.000000e-02 5.000000e-02 5.000000e-02 9.163307e-02 8.615047e-02 5.000000e-02 2.476434e-01 1.351813e-01 3.914138e-01 1.477092e-01 1.701420e-01 3.091296e-01 1.798000e-01 5.000000e-02
<GCONST> 5.890612e+01
<STATE> 23
<MEAN> 39
 1.973181e+00 -2.216576e+01 -4.704251e+00 -6.821054e+00 -5.245369e+00 -8.034334e+00 4.869351e-01 -8.022778e+00 5.352753e+00 -2.830688e+00 -5.800659e+00 -3.645936e+00 4.326029e-01 3.653890e-01 1.476590e-01 -1.325097e+00 2.237136e+00 9.023497e-01 4.710802e-01 3.051277e-01 1.221788e+00 -1.249918e+00 2.536896e-01 1.280729e+00 6.821811e-01 -4.259229e-02 -7.328095e-02 -1.323477e-01 -4.626828e-01 -6.222530e-02 2.744641e-01 -1.780331e-01 2.703937e-01 3.640279e-01 -2.903680e-01 -3.898425e-01 -1.738387e-01 1.004254e-01 2.593473e-03
<VARIANCE> 39
 4.148368e+00 6.662402e+00 7.526495e+00 1.428144e+01 2.078040e+00 2.271736e+01 1.153809e+01 1.620210e+01 9.239408e+00 1.866683e+01 5.814315e+00 1.119734e+01 5.000000e-02 5.000000e-02 3.146894e-01 7.269812e-01 1.041292e+00 6.953315e-01 1.706607e+00 6.449382e-01 1.638790e+00 7.055233e-01 1.029829e+00 3.326110e+00 1.069862e+00 5.000000e-02 5.000000e-02 7.300568e-02 1.132048e-01 4.698907e-01 5.000000e-02 3.415022e-01 6.982783e-02 2.523206e-01 1.557476e-01 3.432333e-01 3.357579e-01 1.047555e-01 5.000000e-02
<GCONST> 6.291226e+01
<STATE> 24
<MEAN> 39
 3.171591e+00 -2.067132e+01 -7.670924e+00 -3.497976e+00 -2.127820e+00 -7.552180e+00 1.182890e+00 -4.550158e+00 3.625011e+00 -4.374792e+00 -4.619458e+00 -1.570211e+00 3.923827e-01 -6.790262e-02 -1.491634e-01 -1.966148e+00 1.249062e+00 6.156914e-01 4.552144e-01 5.719846e-01 1.030984e+00 -1.154140e+00 -9.555588e-01 1.653751e+00 1.197795e+00 -3.556699e-02 -2.883217e-01 -1.110713e-01 4.326020e-02 -5.422227e-01 -9.273650e-02 -3.839619e-01 3.408104e-02 -4.351122e-01 1.239856e-01 -9.170899e-02 -4.409119e-01 -3.484738e-02 7.246222e-03
<VARIANCE> 39
 3.317357e+00 1.156456e+01 3.110646e+00 1.352314e+01 1.117560e+01 3.050274e+00 2.374168e+00 5.469049e+00 3.428373e+00 1.365444e+01 5.418503e+00 4.022873e+00 5.000000e-02 7.708224e-02 3.744256e-01 5.260398e-01 8.137049e-01 3.466465e-01 2.404030e+00 5.784492e-01 6.296273e-01 4.760085e-01 6.609859e-01 2.405653e+00 4.394383e-01 5.000000e-02 5.000000e-02 7.291177e-02 6.173012e-02 3.076337e-01 1.824567e-01 5.555689e-01 8.028993e-02 1.395442e-01 1.975712e-01 5.117737e-01 2.940893e-01 7.498647e-02 5.000000e-02
<GCONST> 5.394575e+01
<STATE> 25
<MEAN> 39
 1.467436e+00 -2.254415e+01 -1.132614e+01 -3.578370e+00 -3.780495e+00 -7.834777e+00 3.282486e+00 -4.288781e+00 2.263623e+00 -4.048622e+00 -1.769469e+00 -6.382173e-01 3.462254e-01 -5.745905e-01 -2.820633e-01 -9.844142e-01 5.489355e-01 4.170793e-01 2.450592e-01 7.172417e-02 2.486343e-01 -4.330667e-01 -6.385056e-01 -8.885241e-02 6.499581e-01 -2.574556e-02 -1.416933e-01 1.106995e-01 6.344158e-01 -9.630610e-02 2.145658e-01 3.162140e-02 -1.801025e-01 -1.224019e-01 1.092397e-01 -5.302407e-02 -5.811723e-01 -2.708887e-01 1.952428e-03
<VARIANCE> 39
 5.894725e+00 1.055986e+01 3.693048e+00 2.810662e+00 5.218538e+00 5.966041e+00 1.201048e+01 4.692149e+00 7.761601e+00 7.983713e+00 8.942685e+00 1.742798e+01 5.000000e-02 1.500096e-01 4.309141e-01 2.938078e-01 7.149964e-01 7.778216e-01 1.355780e+00 6.697518e-01 2.508022e-01 3.882175e-01 2.112479e+00 2.189450e+00 3.943228e-01 5.000000e-02 8.577912e-02 1.084985e-01 6.685130e-02 8.661406e-02 8.330214e-02 2.130280e-01 6.455731e-02 7.962184e-02 1.814215e-01 1.563542e-01 3.198670e-01 7.529324e-02 5.000000e-02
<GCONST> 5.301152e+01
<STATE> 26
<MEAN> 39
 8.645979e-01 -2.283979e+01 -1.058547e+01 -2.642985e+00 -1.790572e+00 -7.739220e+00 1.882825e+00 -5.649343e+00 2.529933e+00 -6.459071e+00 -5.114682e+00 -1.579147e-01 3.059303e-01 -2.567356e-01 6.514440e-01 4.395045e-01 9.280096e-01 1.493600e+00 4.868849e-01 1.612981e-01 2.024961e-01 -6.872042e-01 -4.426846e-01 -1.590637e-01 1.461860e-01 -2.424661e-02 -1.995837e-02 3.634007e-01 4.367201e-01 7.395985e-02 1.789269e-01 1.338115e-01 2.021986e-01 1.841396e-01 1.449559e-01 3.897307e-01 3.621146e-01 -1.389204e-01 -1.856454e-03
<VARIANCE> 39
 2.460522e+00 8.546494e+00 6.031584e+00 3.505503e+00 4.537260e+00 1.893879e+01 1.346844e+01 8.847015e+00 1.111570e+00 8.377671e+00 1.171208e+01 5.033134e+00 5.000000e-02 6.614406e-01 1.031597e+00 2.533922e-01 1.707621e-01 5.650344e-01 7.603605e-01 4.378867e-01 3.967114e-01 1.675802e+00 9.685705e-01 1.078974e+00 9.245753e-01 5.000000e-02 5.515383e-02 2.300489e-01 8.469268e-02 1.120794e-01 1.035295e-01 3.785171e-01 1.551416e-01 5.000000e-02 5.000000e-02 2.353522e-01 2.188739e-01 9.066871e-02 5.000000e-02
<GCONST> 5.320832e+01
<STATE> 27
<MEAN> 39
 1.974030e-01 -2.147691e+01 -9.248363e+00 3.734786e-01 1.685722e+00 -6.694939e+00 2.139750e+00 -4.309824e+00 -1.282982e+00 -7.830468e+00 -5.518045e+00 2.368226e-01 2.881367e-01 -7.532225e-01 4.453762e-01 4.874151e-01 1.040679e+00 8.381637e-01 6.260241e-01 8.808842e-01 9.832039e-01 -2.322931e-01 5.836509e-01 5.711045e-01 9.011065e-02 -3.314673e-02 -8.070159e-02 1.190178e-01 9.735745e-02 -1.009803e-01 -2.319938e-01 -6.373925e-02 -1.609904e-01 1.935471e-01 6.077899e-01 3.834937e-01 2.728552e-01 -3.121777e-01 -2.335916e-03
<VARIANCE> 39
 1.444334e+00 2.088254e+00 4.848511e+00 5.746428e+00 1.783827e+00 6.833737e+00 9.051343e+00 2.056004e+01 1.435901e+01 1.249636e+01 2.204750e+01 7.712800e+00 5.000000e-02 6.208490e-01 1.647914e+00 3.419109e-01 5.652384e-01 2.084682e-01 5.473663e-01 3.433420e-01 2.476913e-01 7.081084e-01 6.128392e-01 7.293340e-01 7.139915e-01 5.000000e-02 5.000000e-02 1.739810e-01 2.062972e-01 6.611016e-02 1.757092e-01 2.748553e-01 6.839208e-02 2.285842e-01 3.410159e-01 4.842261e-01 2.549436e-01 5.000000e-02 5.000000e-02
<GCONST> 5.503895e+01
<STATE> 28
<MEAN> 39
 -6.532087e-01 -1.990594e+01 -9.601548e+00 -4.268411e-01 8.183668e-01 -5.574381e+00 4.559534e+00 -1.786604e+00 1.590342e+00 -4.026159e+00 -1.718079e+00 6.830064e-02 2.091886e-01 -7.380552e-01 7.889493e-01 5.912737e-01 7.796712e-01 8.559866e-01 5.849904e-01 -4.231822e-01 7.348897e-01 7.429942e-01 2.540979e-01 2.858228e-01 -6.268100e-01 -3.317355e-02 9.464135e-03 -1.612250e-01 -9.666458e-02 -1.962535e-01 -1.076157e-01 -1.599588e-01 -2.942919e-01 -1.758839e-01 4.365098e-04 -2.351859e-01 -2.810706e-01 -2.710822e-01 4.402084e-03
<VARIANCE> 39
 2.374300e+00 8.542292e+00 5.051268e+00 1.746402e+00 6.611499e+00 4.240503e+00 1.255158e+01 8.017821e+00 5.967649e+00 6.834051e+00 4.065849e+00 5.087061e+00 5.000000e-02 2.545181e-01 1.067687e+00 1.387602e+00 5.699322e-01 6.852141e-01 1.731726e+00 1.199405e+00 2.339757e+00 9.620417e-01 2.510940e+00 1.234529e+00 1.071784e+00 5.000000e-02 1.166016e-01 4.410158e-01 1.253729e-01 8.120410e-02 1.038587e-01 1.114103e-01 3.878776e-01 2.174560e-01 1.517393e-01 1.748696e-01 9.745429e-02 1.939775e-01 5.000000e-02
<GCONST> 6.130223e+01
<STATE> 29
<MEAN> 39
 -2.102242e+00 -2.031140e+01 -8.982731e+00 2.861473e+00 3.328632e+00 -5.314082e+00 1.413947e+00 -1.379538e+00 4.127764e+00 -5.200608e+00 -3.769242e+00 -1.964733e+00 1.751663e-01 -4.122957e-01 4.114872e-01 3.839786e-01 2.859268e-01 6.166765e-01 -9.165183e-02 -6.700488e-01 2.977912e-01 1.758468e-01 -4.813469e-01 -3.250119e-01 -8.621725e-01 -1.865971e-02 1.730136e-01 -2.288643e-01 -1.453826e-01 -1.987198e-01 -5.105977e-02 -9.985556e-02 2.324814e-01 -1.180375e-01 -3.804356e-01 -1.616921e-01 -2.274141e-01 1.689192e-01 8.606781e-03
<VARIANCE> 39
 5.207885e+00 2.086258e+01 2.884089e+00 7.251906e+00 9.500036e+00 1.290228e+01 2.068550e+01 8.475651e+00 1.235883e+01 1.426151e+01 1.351752e+01 1.200988e+01 5.000000e-02 3.247881e-01 1.203851e+00 1.258255e+00 9.460361e-02 8.837759e-01 1.933776e-01 2.158261e+00 1.308588e+00 1.287086e+00 2.364871e-01 3.226663e-01 3.920698e-01 5.000000e-02 1.389063e-01 3.779001e-01 1.725384e-01 8.097529e-02 7.311436e-02 2.747954e-01 5.108953e-01 9.186935e-02 1.602451e-01 5.833342e-01 2.725483e-01 2.432695e-01 5.000000e-02
<GCONST> 6.433504e+01
<STATE> 30
<MEAN> 39
 -2.463228e+00 -1.856339e+01 -7.530706e+00 4.233209e-01 2.818120e+00 -5.916988e+00 2.756774e-01 -1.860012e+00 7.488114e-01 -6.032542e+00 -3.396878e+00 -2.141719e+00 1.551200e-01 -4.064953e-01 -4.394995e-01 -2.710597e-01 5.439119e-02 4.612881e-01 1.982163e-01 5.198270e-01 4.030907e-01 -4.673272e-01 -3.117315e-02 -2.205980e-01 5.772050e-03 -8.712482e-03 6.207485e-02 -1.379595e-01 -2.178433e-01 -7.738355e-02 -1.563916e-01 2.097267e-01 5.613022e-01 -2.988761e-02 -8.903138e-02 1.654914e-01 1.866782e-01 3.590751e-01 6.364842e-04
<VARIANCE> 39
 1.642113e+00 2.740121e+01 2.028003e+01 1.707089e+00 4.305598e+00 3.968604e+00 9.986862e+00 1.170393e+01 6.672986e+00 4.481220e+00 4.342398e+00 3.483339e+00 5.000000e-02 5.596141e-01 1.170551e+00 6.795009e-01 2.245015e-01 1.993819e-01 1.687049e+00 4.916879e+00 9.124448e-01 1.742450e+00 3.000123e+00 8.856215e-01 1.319717e+00 5.000000e-02 5.000000e-02 3.729133e-01 4.051958e-01 5.000000e-02 9.213940e-02 1.732822e-01 4.513253e-01 5.593426e-01 2.544934e-01 1.400331e-01 1.066559e-01 5.493352e-02 5.000000e-02
<GCONST> 6.180375e+01
<STATE> 31
<MEAN> 39
 -2.748799e+00 -2.092806e+01 -9.652133e+00 1.929457e+00 4.012216e+00 -5.342625e+00 4.989147e+00 7.351692e-01 2.383289e+00 -5.978824e+00 -4.321621e+00 -2.690414e+00 1.685101e-01 -3.956450e-01 -3.264327e-01 -3.563564e-01 3.621239e-01 4.347626e-01 5.196781e-01 1.118317e+00 3.630896e-01 -3.640251e-01 1.918507e-01 -3.464461e-02 8.757222e-02 -1.559114e-02 -1.261397e-01 6.719162e-01 3.588898e-01 -2.760252e-01 -1.400253e-01 1.320124e-01 -1.778664e-02 -9.605916e-02 3.128021e-01 3.894112e-01 4.535701e-01 2.162084e-01 -1.093569e-02
<VARIANCE> 39
 2.498437e+00 1.125449e+01 5.821934e+00 4.638313e+00 9.035082e+00 8.291430e+00 1.530610e+01 9.935329e+00 1.424184e+01 1.783445e+01 4.609128e+00 8.575219e+00 5.000000e-02 6.459375e-01 1.827527e+00 8.521715e-01 4.821880e-01 2.602094e-01 1.858732e+00 1.312396e+00 2.037191e+00 5.090282e-01 5.697029e-01 8.067004e-01 2.041685e-01 5.000000e-02 1.435556e-01 3.179162e-01 2.193520e-01 5.828635e-02 7.048177e-02 1.497772e-01 4.330088e-01 1.859394e-01 4.365968e-01 4.842613e-01 7.600912e-02 2.086173e-01 5.000000e-02
<GCONST> 6.415458e+01
<STATE> 32
<MEAN> 39
 -3.635325e+00 -2.038055e+01 -8.916807e+00 2.424972e+00 4.861616e+00 -3.028409e+00 4.585221e+00 -2.558698e-01 7.656259e-01 -5.281574e+00 -3.895331e+00 -1.666394e+00 1.146751e-01 -5.598593e-01 1.952451e+00 1.072621e+00 -8.136821e-01 -3.063641e-01 5.410320e-01 4.552886e-01 8.914653e-02 1.036662e+00 1.258460e+00 1.256805e+00 9.656446e-01 -3.834571e-02 3.173378e-02 7.397956e-01 4.926234e-01 -3.743178e-01 -1.469041e-01 -1.676372e-01 -3.868866e-01 -1.773167e-01 3.605736e-01 3.497771e-01 3.529769e-01 -5.324281e-02 -3.706069e-03
<VARIANCE> 39
 4.282882e+00 1.057080e+01 3.570670e+00 1.164589e+01 2.258939e+00 9.920181e+00 2.773436e+01 7.619745e+00 7.338829e+00 9.805168e+00 8.597155e+00 9.522300e+00 5.000000e-02 1.973838e-01 1.230084e+00 1.445631e+00 4.362300e-01 4.898503e-01 1.915058e+00 1.113918e+00 1.207777e+00 1.814519e+00 1.923570e+00 3.349226e-01 8.363971e-01 5.000000e-02 9.219036e-02 2.318312e-01 5.000000e-02 1.569760e-01 5.000000e-02 4.042201e-01 5.777203e-01 1.625081e-01 3.175743e-01 7.410901e-01 9.694620e-02 1.260413e-01 5.000000e-02
<GCONST> 6.489648e+01
<STATE> 33
<MEAN> 39
 -4.406549e+00 -1.504920e+01 -7.188126e+00 -6.038306e-01 3.794015e+00 -3.903408e+00 4.282541e+00 -8.865587e-01 2.699054e+00 -4.108060e+00 -9.207879e-01 -8.209844e-01 3.021574e-02 -6.590182e-01 2.164611e+00 1.295625e+00 -1.083613e+00 9.325742e-02 5.307915e-01 9.128679e-02 1.065072e-01 5.068972e-01 6.172038e-01 1.272257e+00 2.628143e-01 -4.471069e-02 3.015086e-02 -9.660770e-02 5.823317e-02 -6.088730e-02 -1.224860e-01 -4.080343e-02 -2.117614e-01 5.982302e-02 -1.892479e-01 -1.813899e-01 -2.117761e-01 -1.804379e-01 1.871041e-03
<VARIANCE> 39
 3.019534e+00 4.317290e+00 3.297185e+00 2.221453e+00 7.750703e+00 3.140953e+01 1.200809e+01 1.536492e+01 2.757661e+01 5.813777e+00 1.092253e+01 1.665016e+01 5.000000e-02 4.578244e-01 2.032032e+00 1.143835e+00 7.247036e-01 3.694267e-01 9.543003e-01 1.583404e+00 1.433406e+00 2.335800e+00 2.698070e+00 6.906614e-01 1.143276e+00 5.000000e-02 5.462333e-02 1.794538e-01 1.375184e-01 7.413861e-02 5.000000e-02 6.638860e-01 1.930353e-01 6.355351e-01 5.466877e-01 1.391215e-01 8.152191e-02 4.153065e-01 5.000000e-02
<GCONST> 6.868748e+01
<STATE> 34
<MEAN> 39
 -4.899831e+00 -1.188941e+01 -3.441634e+00 -1.188931e+00 3.981191e+00 -2.888418e+00 5.543195e+00 5.538303e-01 5.131046e+00 -2.553104e-02 1.811274e+00 7.964135e-02 1.754031e-02 -2.469766e-01 1.232600e+00 8.709913e-01 -7.567202e-01 -4.206899e-01 1.967901e-02 -1.547551e-01 1.558728e-01 1.077841e-01 5.652986e-01 2.745875e-02 -8.288759e-01 -1.701298e-02 9.750988e-02 -6.869232e-01 -5.300822e-01 2.040085e-01 -3.632420e-02 -1.169775e-01 -3.095270e-01 -1.530139e-01 -6.922650e-01 -7.059946e-01 -4.672019e-01 -3.061852e-01 4.805085e-03
<VARIANCE> 39
 2.506864e+00 3.569498e+00 6.513500e+00 2.630827e+00 4.590954e+00 6.676839e+00 8.612354e+00 1.092521e+01 1.814759e+01 1.562734e+01 2.264952e+01 2.278334e+01 5.000000e-02 3.360522e-01 5.118789e-01 3.560865e-01 1.736327e-01 2.605312e-01 3.158914e+00 2.757052e+00 2.417239e+00 2.871791e+00 1.499411e+00 5.984797e-01 2.357999e+00 5.000000e-02 5.000000e-02 1.462551e-01 1.521966e-01 1.313841e-01 5.000000e-02 1.037714e-01 2.815007e-01 3.369761e-01 5.309734e-01 6.372984e-01 1.921947e-01 3.467435e-01 5.000000e-02
<GCONST> 6.630726e+01
<STATE> 35
<MEAN> 39
 -5.410140e+00 -1.244603e+01 -4.000702e+00 -2.003946e+00 3.444248e+00 -1.822784e+00 3.643185e+00 -3.707713e-01 4.197982e+00 -2.046398e+00 -6.430399e-01 -2.783981e+00 -2.787267e-02 -2.490848e-01 2.887166e-01 -7.258881e-02 -4.770513e-01 -4.010438e-01 2.398093e-01 -9.625108e-01 -5.058497e-01 -1.119574e+00 -9.944435e-01 -2.414918e-01 -5.415937e-01 -2.416626e-02 1.666404e-01 -4.010593e-01 -3.275311e-01 3.262128e-01 3.929467e-02 -2.674968e-01 -2.128353e-01 -2.579467e-01 -4.499245e-01 -2.557334e-01 -1.412539e-02 1.459615e-01 6.506850e-03
<VARIANCE> 39
 7.007127e-01 3.011995e+00 4.813159e+00 6.147846e+00 1.390322e+00 2.026226e+00 8.368438e+00 9.534205e+00 2.637197e+01 1.309267e+01 3.031973e+00 5.133317e+00 5.000000e-02 5.000000e-02 1.037849e-01 1.683575e-01 8.054031e-01 2.216703e-01 6.895351e-01 2.504100e-01 1.973859e+00 3.103828e+00 1.699549e+00 9.416251e-01 2.007431e+00 5.000000e-02 5.429035e-02 8.397932e-02 1.600422e-01 1.704018e-01 5.000000e-02 3.211305e-01 4.445221e-01 2.614710e-01 4.633496e-01 4.059652e-01 1.156681e-01 2.574982e-01 5.000000e-02
<GCONST> 5.282539e+01
<TRANSP> 36
 0.000000e+00 1.000000e+00 0.000000e+00 0.000000e+00 0.000000e+00 0.000000e+00 0.000000e+00 0.000000e+00 0.000000e+00 0.000000e+00 0.000000e+00 0.000000e+00 0.000000e+00 0.000000e+00 0.000000e+00 0.000000e+00 0.000000e+00 0.000000e+00 0.000000e+00 0.000000e+00 0.000000e+00 0.000000e+00 0.000000e+00 0.000000e+00 0.000000e+00 0.000000e+00 0.000000e+00 0.000000e+00 0.000000e+00 0.000000e+00 0.000000e+00 0.000000e+00 0.000000e+00 0.000000e+00 0.000000e+00 0.000000e+00
 0.000000e+00 5.000000e-01 5.000000e-01 0.000000e+00 0.000000e+00 0.000000e+00 0.000000e+00 0.000000e+00 0.000000e+00 0.000000e+00 0.000000e+00 0.000000e+00 0.000000e+00 0.000000e+00 0.000000e+00 0.000000e+00 0.000000e+00 0.000000e+00 0.000000e+00 0.000000e+00 0.000000e+00 0.000000e+00 0.000000e+00 0.000000e+00 0.000000e+00 0.000000e+00 0.000000e+00 0.000000e+00 0.000000e+00 0.000000e+00 0.000000e+00 0.000000e+00 0.000000e+00 0.000000e+00 0.000000e+00 0.000000e+00
 0.000000e+00 0.000000e+00 0.000000e+00 1.000000e+00 0.000000e+00 0.000000e+00 0.000000e+00 0.000000e+00 0.000000e+00 0.000000e+00 0.000000e+00 0.000000e+00 0.000000e+00 0.000000e+00 0.000000e+00 0.000000e+00 0.000000e+00 0.000000e+00 0.000000e+00 0.000000e+00 0.000000e+00 0.000000e+00 0.000000e+00 0.000000e+00 0.000000e+00 0.000000e+00 0.000000e+00 0.000000e+00 0.000000e+00 0.000000e+00 0.000000e+00 0.000000e+00 0.000000e+00 0.000000e+00 0.000000e+00 0.000000e+00
 0.000000e+00 0.000000e+00 0.000000e+00 5.000000e-01 5.000000e-01 0.000000e+00 0.000000e+00 0.000000e+00 0.000000e+00 0.000000e+00 0.000000e+00 0.000000e+00 0.000000e+00 0.000000e+00 0.000000e+00 0.000000e+00 0.000000e+00 0.000000e+00 0.000000e+00 0.000000e+00 0.000000e+00 0.000000e+00 0.000000e+00 0.000000e+00 0.000000e+00 0.000000e+00 0.000000e+00 0.000000e+00 0.000000e+00 0.000000e+00 0.000000e+00 0.000000e+00 0.000000e+00 0.000000e+00 0.000000e+00 0.000000e+00
 0.000000e+00 0.000000e+00 0.000000e+00 0.000000e+00 0.000000e+00 1.000000e+00 0.000000e+00 0.000000e+00 0.000000e+00 0.000000e+00 0.000000e+00 0.000000e+00 0.000000e+00 0.000000e+00 0.000000e+00 0.000000e+00 0.000000e+00 0.000000e+00 0.000000e+00 0.000000e+00 0.000000e+00 0.000000e+00 0.000000e+00 0.000000e+00 0.000000e+00 0.000000e+00 0.000000e+00 0.000000e+00 0.000000e+00 0.000000e+00 0.000000e+00 0.000000e+00 0.000000e+00 0.000000e+00 0.000000e+00 0.000000e+00
 0.000000e+00 0.000000e+00 0.000000e+00 0.000000e+00 0.000000e+00 4.444415e-01 5.555584e-01 0.000000e+00 0.000000e+00 0.000000e+00 0.000000e+00 0.000000e+00 0.000000e+00 0.000000e+00 0.000000e+00 0.000000e+00 0.000000e+00 0.000000e+00 0.000000e+00 0.000000e+00 0.000000e+00 0.000000e+00 0.000000e+00 0.000000e+00 0.000000e+00 0.000000e+00 0.000000e+00 0.000000e+00 0.000000e+00 0.000000e+00 0.000000e+00 0.000000e+00 0.000000e+00 0.000000e+00 0.000000e+00 0.000000e+00
 0.000000e+00 0.000000e+00 0.000000e+00 0.000000e+00 0.000000e+00 0.000000e+00 1.666732e-01 8.333268e-01 0.000000e+00 0.000000e+00 0.000000e+00 0.000000e+00 0.000000e+00 0.000000e+00 0.000000e+00 0.000000e+00 0.000000e+00 0.000000e+00 0.000000e+00 0.000000e+00 0.000000e+00 0.000000e+00 0.000000e+00 0.000000e+00 0.000000e+00 0.000000e+00 0.000000e+00 0.000000e+00 0.000000e+00 0.000000e+00 0.000000e+00 0.000000e+00 0.000000e+00 0.000000e+00 0.000000e+00 0.000000e+00
 0.000000e+00 0.000000e+00 0.000000e+00 0.000000e+00 0.000000e+00 0.000000e+00 0.000000e+00 3.749987e-01 6.250014e-01 0.000000e+00 0.000000e+00 0.000000e+00 0.000000e+00 0.000000e+00 0.000000e+00 0.000000e+00 0.000000e+00 0.000000e+00 0.000000e+00 0.000000e+00 0.000000e+00 0.000000e+00 0.000000e+00 0.000000e+00 0.000000e+00 0.000000e+00 0.000000e+00 0.000000e+00 0.000000e+00 0.000000e+00 0.000000e+00 0.000000e+00 0.000000e+00 0.000000e+00 0.000000e+00 0.000000e+00
 0.000000e+00 0.000000e+00 0.000000e+00 0.000000e+00 0.000000e+00 0.000000e+00 0.000000e+00 0.000000e+00 1.666631e-01 8.333369e-01 0.000000e+00 0.000000e+00 0.000000e+00 0.000000e+00 0.000000e+00 0.000000e+00 0.000000e+00 0.000000e+00 0.000000e+00 0.000000e+00 0.000000e+00 0.000000e+00 0.000000e+00 0.000000e+00 0.000000e+00 0.000000e+00 0.000000e+00 0.000000e+00 0.000000e+00 0.000000e+00 0.000000e+00 0.000000e+00 0.000000e+00 0.000000e+00 0.000000e+00 0.000000e+00
 0.000000e+00 0.000000e+00 0.000000e+00 0.000000e+00 0.000000e+00 0.000000e+00 0.000000e+00 0.000000e+00 0.000000e+00 3.750053e-01 6.249946e-01 0.000000e+00 0.000000e+00 0.000000e+00 0.000000e+00 0.000000e+00 0.000000e+00 0.000000e+00 0.000000e+00 0.000000e+00 0.000000e+00 0.000000e+00 0.000000e+00 0.000000e+00 0.000000e+00 0.000000e+00 0.000000e+00 0.000000e+00 0.000000e+00 0.000000e+00 0.000000e+00 0.000000e+00 0.000000e+00 0.000000e+00 0.000000e+00 0.000000e+00
 0.000000e+00 0.000000e+00 0.000000e+00 0.000000e+00 0.000000e+00 0.000000e+00 0.000000e+00 0.000000e+00 0.000000e+00 0.000000e+00 2.860288e-01 7.139712e-01 0.000000e+00 0.000000e+00 0.000000e+00 0.000000e+00 0.000000e+00 0.000000e+00 0.000000e+00 0.000000e+00 0.000000e+00 0.000000e+00 0.000000e+00 0.000000e+00 0.000000e+00 0.000000e+00 0.000000e+00 0.000000e+00 0.000000e+00 0.000000e+00 0.000000e+00 0.000000e+00 0.000000e+00 0.000000e+00 0.000000e+00 0.000000e+00
 0.000000e+00 0.000000e+00 0.000000e+00 0.000000e+00 0.000000e+00 0.000000e+00 0.000000e+00 0.000000e+00 0.000000e+00 0.000000e+00 0.000000e+00 4.442613e-01 5.557387e-01 0.000000e+00 0.000000e+00 0.000000e+00 0.000000e+00 0.000000e+00 0.000000e+00 0.000000e+00 0.000000e+00 0.000000e+00 0.000000e+00 0.000000e+00 0.000000e+00 0.000000e+00 0.000000e+00 0.000000e+00 0.000000e+00 0.000000e+00 0.000000e+00 0.000000e+00 0.000000e+00 0.000000e+00 0.000000e+00 0.000000e+00
 0.000000e+00 0.000000e+00 0.000000e+00 0.000000e+00 0.000000e+00 0.000000e+00 0.000000e+00 0.000000e+00 0.000000e+00 0.000000e+00 0.000000e+00 0.000000e+00 1.666402e-01 8.333598e-01 0.000000e+00 0.000000e+00 0.000000e+00 0.000000e+00 0.000000e+00 0.000000e+00 0.000000e+00 0.000000e+00 0.000000e+00 0.000000e+00 0.000000e+00 0.000000e+00 0.000000e+00 0.000000e+00 0.000000e+00 0.000000e+00 0.000000e+00 0.000000e+00 0.000000e+00 0.000000e+00 0.000000e+00 0.000000e+00
 0.000000e+00 0.000000e+00 0.000000e+00 0.000000e+00 0.000000e+00 0.000000e+00 0.000000e+00 0.000000e+00 0.000000e+00 0.000000e+00 0.000000e+00 0.000000e+00 0.000000e+00 3.749998e-01 6.250002e-01 0.000000e+00 0.000000e+00 0.000000e+00 0.000000e+00 0.000000e+00 0.000000e+00 0.000000e+00 0.000000e+00 0.000000e+00 0.000000e+00 0.000000e+00 0.000000e+00 0.000000e+00 0.000000e+00 0.000000e+00 0.000000e+00 0.000000e+00 0.000000e+00 0.000000e+00 0.000000e+00 0.000000e+00
 0.000000e+00 0.000000e+00 0.000000e+00 0.000000e+00 0.000000e+00 0.000000e+00 0.000000e+00 0.000000e+00 0.000000e+00 0.000000e+00 0.000000e+00 0.000000e+00 0.000000e+00 0.000000e+00 2.857145e-01 7.142855e-01 0.000000e+00 0.000000e+00 0.000000e+00 0.000000e+00 0.000000e+00 0.000000e+00 0.000000e+00 0.000000e+00 0.000000e+00 0.000000e+00 0.000000e+00 0.000000e+00 0.000000e+00 0.000000e+00 0.000000e+00 0.000000e+00 0.000000e+00 0.000000e+00 0.000000e+00 0.000000e+00
 0.000000e+00 0.000000e+00 0.000000e+00 0.000000e+00 0.000000e+00 0.000000e+00 0.000000e+00 0.000000e+00 0.000000e+00 0.000000e+00 0.000000e+00 0.000000e+00 0.000000e+00 0.000000e+00 0.000000e+00 2.857183e-01 7.142817e-01 0.000000e+00 0.000000e+00 0.000000e+00 0.000000e+00 0.000000e+00 0.000000e+00 0.000000e+00 0.000000e+00 0.000000e+00 0.000000e+00 0.000000e+00 0.000000e+00 0.000000e+00 0.000000e+00 0.000000e+00 0.000000e+00 0.000000e+00 0.000000e+00 0.000000e+00
 0.000000e+00 0.000000e+00 0.000000e+00 0.000000e+00 0.000000e+00 0.000000e+00 0.000000e+00 0.000000e+00 0.000000e+00 0.000000e+00 0.000000e+00 0.000000e+00 0.000000e+00 0.000000e+00 0.000000e+00 0.000000e+00 2.854550e-01 7.145450e-01 0.000000e+00 0.000000e+00 0.000000e+00 0.000000e+00 0.000000e+00 0.000000e+00 0.000000e+00 0.000000e+00 0.000000e+00 0.000000e+00 0.000000e+00 0.000000e+00 0.000000e+00 0.000000e+00 0.000000e+00 0.000000e+00 0.000000e+00 0.000000e+00
 0.000000e+00 0.000000e+00 0.000000e+00 0.000000e+00 0.000000e+00 0.000000e+00 0.000000e+00 0.000000e+00 0.000000e+00 0.000000e+00 0.000000e+00 0.000000e+00 0.000000e+00 0.000000e+00 0.000000e+00 0.000000e+00 0.000000e+00 2.856744e-01 7.143256e-01 0.000000e+00 0.000000e+00 0.000000e+00 0.000000e+00 0.000000e+00 0.000000e+00 0.000000e+00 0.000000e+00 0.000000e+00 0.000000e+00 0.000000e+00 0.000000e+00 0.000000e+00 0.000000e+00 0.000000e+00 0.000000e+00 0.000000e+00
 0.000000e+00 0.000000e+00 0.000000e+00 0.000000e+00 0.000000e+00 0.000000e+00 0.000000e+00 0.000000e+00 0.000000e+00 0.000000e+00 0.000000e+00 0.000000e+00 0.000000e+00 0.000000e+00 0.000000e+00 0.000000e+00 0.000000e+00 0.000000e+00 1.667339e-01 8.332661e-01 0.000000e+00 0.000000e+00 0.000000e+00 0.000000e+00 0.000000e+00 0.000000e+00 0.000000e+00 0.000000e+00 0.000000e+00 0.000000e+00 0.000000e+00 0.000000e+00 0.000000e+00 0.000000e+00 0.000000e+00 0.000000e+00
 0.000000e+00 0.000000e+00 0.000000e+00 0.000000e+00 0.000000e+00 0.000000e+00 0.000000e+00 0.000000e+00 0.000000e+00 0.000000e+00 0.000000e+00 0.000000e+00 0.000000e+00 0.000000e+00 0.000000e+00 0.000000e+00 0.000000e+00 0.000000e+00 0.000000e+00 4.445864e-01 5.554135e-01 0.000000e+00 0.000000e+00 0.000000e+00 0.000000e+00 0.000000e+00 0.000000e+00 0.000000e+00 0.000000e+00 0.000000e+00 0.000000e+00 0.000000e+00 0.000000e+00 0.000000e+00 0.000000e+00 0.000000e+00
 0.000000e+00 0.000000e+00 0.000000e+00 0.000000e+00 0.000000e+00 0.000000e+00 0.000000e+00 0.000000e+00 0.000000e+00 0.000000e+00 0.000000e+00 0.000000e+00 0.000000e+00 0.000000e+00 0.000000e+00 0.000000e+00 0.000000e+00 0.000000e+00 0.000000e+00 0.000000e+00 2.858072e-01 7.141928e-01 0.000000e+00 0.000000e+00 0.000000e+00 0.000000e+00 0.000000e+00 0.000000e+00 0.000000e+00 0.000000e+00 0.000000e+00 0.000000e+00 0.000000e+00 0.000000e+00 0.000000e+00 0.000000e+00
 0.000000e+00 0.000000e+00 0.000000e+00 0.000000e+00 0.000000e+00 0.000000e+00 0.000000e+00 0.000000e+00 0.000000e+00 0.000000e+00 0.000000e+00 0.000000e+00 0.000000e+00 0.000000e+00 0.000000e+00 0.000000e+00 0.000000e+00 0.000000e+00 0.000000e+00 0.000000e+00 0.000000e+00 2.858323e-01 7.141677e-01 0.000000e+00 0.000000e+00 0.000000e+00 0.000000e+00 0.000000e+00 0.000000e+00 0.000000e+00 0.000000e+00 0.000000e+00 0.000000e+00 0.000000e+00 0.000000e+00 0.000000e+00
 0.000000e+00 0.000000e+00 0.000000e+00 0.000000e+00 0.000000e+00 0.000000e+00 0.000000e+00 0.000000e+00 0.000000e+00 0.000000e+00 0.000000e+00 0.000000e+00 0.000000e+00 0.000000e+00 0.000000e+00 0.000000e+00 0.000000e+00 0.000000e+00 0.000000e+00 0.000000e+00 0.000000e+00 0.000000e+00 2.854958e-01 7.145042e-01 0.000000e+00 0.000000e+00 0.000000e+00 0.000000e+00 0.000000e+00 0.000000e+00 0.000000e+00 0.000000e+00 0.000000e+00 0.000000e+00 0.000000e+00 0.000000e+00
 0.000000e+00 0.000000e+00 0.000000e+00 0.000000e+00 0.000000e+00 0.000000e+00 0.000000e+00 0.000000e+00 0.000000e+00 0.000000e+00 0.000000e+00 0.000000e+00 0.000000e+00 0.000000e+00 0.000000e+00 0.000000e+00 0.000000e+00 0.000000e+00 0.000000e+00 0.000000e+00 0.000000e+00 0.000000e+00 0.000000e+00 1.666750e-01 8.333250e-01 0.000000e+00 0.000000e+00 0.000000e+00 0.000000e+00 0.000000e+00 0.000000e+00 0.000000e+00 0.000000e+00 0.000000e+00 0.000000e+00 0.000000e+00
 0.000000e+00 0.000000e+00 0.000000e+00 0.000000e+00 0.000000e+00 0.000000e+00 0.000000e+00 0.000000e+00 0.000000e+00 0.000000e+00 0.000000e+00 0.000000e+00 0.000000e+00 0.000000e+00 0.000000e+00 0.000000e+00 0.000000e+00 0.000000e+00 0.000000e+00 0.000000e+00 0.000000e+00 0.000000e+00 0.000000e+00 0.000000e+00 5.000000e-01 5.000000e-01 0.000000e+00 0.000000e+00 0.000000e+00 0.000000e+00 0.000000e+00 0.000000e+00 0.000000e+00 0.000000e+00 0.000000e+00 0.000000e+00
 0.000000e+00 0.000000e+00 0.000000e+00 0.000000e+00 0.000000e+00 0.000000e+00 0.000000e+00 0.000000e+00 0.000000e+00 0.000000e+00 0.000000e+00 0.000000e+00 0.000000e+00 0.000000e+00 0.000000e+00 0.000000e+00 0.000000e+00 0.000000e+00 0.000000e+00 0.000000e+00 0.000000e+00 0.000000e+00 0.000000e+00 0.000000e+00 0.000000e+00 2.856474e-01 7.143526e-01 0.000000e+00 0.000000e+00 0.000000e+00 0.000000e+00 0.000000e+00 0.000000e+00 0.000000e+00 0.000000e+00 0.000000e+00
 0.000000e+00 0.000000e+00 0.000000e+00 0.000000e+00 0.000000e+00 0.000000e+00 0.000000e+00 0.000000e+00 0.000000e+00 0.000000e+00 0.000000e+00 0.000000e+00 0.000000e+00 0.000000e+00 0.000000e+00 0.000000e+00 0.000000e+00 0.000000e+00 0.000000e+00 0.000000e+00 0.000000e+00 0.000000e+00 0.000000e+00 0.000000e+00 0.000000e+00 0.000000e+00 1.668956e-01 8.331044e-01 0.000000e+00 0.000000e+00 0.000000e+00 0.000000e+00 0.000000e+00 0.000000e+00 0.000000e+00 0.000000e+00
 0.000000e+00 0.000000e+00 0.000000e+00 0.000000e+00 0.000000e+00 0.000000e+00 0.000000e+00 0.000000e+00 0.000000e+00 0.000000e+00 0.000000e+00 0.000000e+00 0.000000e+00 0.000000e+00 0.000000e+00 0.000000e+00 0.000000e+00 0.000000e+00 0.000000e+00 0.000000e+00 0.000000e+00 0.000000e+00 0.000000e+00 0.000000e+00 0.000000e+00 0.000000e+00 0.000000e+00 4.423532e-01 5.576468e-01 0.000000e+00 0.000000e+00 0.000000e+00 0.000000e+00 0.000000e+00 0.000000e+00 0.000000e+00
 0.000000e+00 0.000000e+00 0.000000e+00 0.000000e+00 0.000000e+00 0.000000e+00 0.000000e+00 0.000000e+00 0.000000e+00 0.000000e+00 0.000000e+00 0.000000e+00 0.000000e+00 0.000000e+00 0.000000e+00 0.000000e+00 0.000000e+00 0.000000e+00 0.000000e+00 0.000000e+00 0.000000e+00 0.000000e+00 0.000000e+00 0.000000e+00 0.000000e+00 0.000000e+00 0.000000e+00 0.000000e+00 1.711892e-01 8.288108e-01 0.000000e+00 0.000000e+00 0.000000e+00 0.000000e+00 0.000000e+00 0.000000e+00
 0.000000e+00 0.000000e+00 0.000000e+00 0.000000e+00 0.000000e+00 0.000000e+00 0.000000e+00 0.000000e+00 0.000000e+00 0.000000e+00 0.000000e+00 0.000000e+00 0.000000e+00 0.000000e+00 0.000000e+00 0.000000e+00 0.000000e+00 0.000000e+00 0.000000e+00 0.000000e+00 0.000000e+00 0.000000e+00 0.000000e+00 0.000000e+00 0.000000e+00 0.000000e+00 0.000000e+00 0.000000e+00 0.000000e+00 3.749771e-01 6.250230e-01 0.000000e+00 0.000000e+00 0.000000e+00 0.000000e+00 0.000000e+00
 0.000000e+00 0.000000e+00 0.000000e+00 0.000000e+00 0.000000e+00 0.000000e+00 0.000000e+00 0.000000e+00 0.000000e+00 0.000000e+00 0.000000e+00 0.000000e+00 0.000000e+00 0.000000e+00 0.000000e+00 0.000000e+00 0.000000e+00 0.000000e+00 0.000000e+00 0.000000e+00 0.000000e+00 0.000000e+00 0.000000e+00 0.000000e+00 0.000000e+00 0.000000e+00 0.000000e+00 0.000000e+00 0.000000e+00 0.000000e+00 2.857595e-01 7.142405e-01 0.000000e+00 0.000000e+00 0.000000e+00 0.000000e+00
 0.000000e+00 0.000000e+00 0.000000e+00 0.000000e+00 0.000000e+00 0.000000e+00 0.000000e+00 0.000000e+00 0.000000e+00 0.000000e+00 0.000000e+00 0.000000e+00 0.000000e+00 0.000000e+00 0.000000e+00 0.000000e+00 0.000000e+00 0.000000e+00 0.000000e+00 0.000000e+00 0.000000e+00 0.000000e+00 0.000000e+00 0.000000e+00 0.000000e+00 0.000000e+00 0.000000e+00 0.000000e+00 0.000000e+00 0.000000e+00 0.000000e+00 2.857248e-01 7.142752e-01 0.000000e+00 0.000000e+00 0.000000e+00
 0.000000e+00 0.000000e+00 0.000000e+00 0.000000e+00 0.000000e+00 0.000000e+00 0.000000e+00 0.000000e+00 0.000000e+00 0.000000e+00 0.000000e+00 0.000000e+00 0.000000e+00 0.000000e+00 0.000000e+00 0.000000e+00 0.000000e+00 0.000000e+00 0.000000e+00 0.000000e+00 0.000000e+00 0.000000e+00 0.000000e+00 0.000000e+00 0.000000e+00 0.000000e+00 0.000000e+00 0.000000e+00 0.000000e+00 0.000000e+00 0.000000e+00 0.000000e+00 3.746026e-01 6.253974e-01 0.000000e+00 0.000000e+00
 0.000000e+00 0.000000e+00 0.000000e+00 0.000000e+00 0.000000e+00 0.000000e+00 0.000000e+00 0.000000e+00 0.000000e+00 0.000000e+00 0.000000e+00 0.000000e+00 0.000000e+00 0.000000e+00 0.000000e+00 0.000000e+00 0.000000e+00 0.000000e+00 0.000000e+00 0.000000e+00 0.000000e+00 0.000000e+00 0.000000e+00 0.000000e+00 0.000000e+00 0.000000e+00 0.000000e+00 0.000000e+00 0.000000e+00 0.000000e+00 0.000000e+00 0.000000e+00 0.000000e+00 2.862236e-01 7.137765e-01 0.000000e+00
 0.000000e+00 0.000000e+00 0.000000e+00 0.000000e+00 0.000000e+00 0.000000e+00 0.000000e+00 0.000000e+00 0.000000e+00 0.000000e+00 0.000000e+00 0.000000e+00 0.000000e+00 0.000000e+00 0.000000e+00 0.000000e+00 0.000000e+00 0.000000e+00 0.000000e+00 0.000000e+00 0.000000e+00 0.000000e+00 0.000000e+00 0.000000e+00 0.000000e+00 0.000000e+00 0.000000e+00 0.000000e+00 0.000000e+00 0.000000e+00 0.000000e+00 0.000000e+00 0.000000e+00 0.000000e+00 0.000000e+00 1.000000e+00
 0.000000e+00 0.000000e+00 0.000000e+00 0.000000e+00 0.000000e+00 0.000000e+00 0.000000e+00 0.000000e+00 0.000000e+00 0.000000e+00 0.000000e+00 0.000000e+00 0.000000e+00 0.000000e+00 0.000000e+00 0.000000e+00 0.000000e+00 0.000000e+00 0.000000e+00 0.000000e+00 0.000000e+00 0.000000e+00 0.000000e+00 0.000000e+00 0.000000e+00 0.000000e+00 0.000000e+00 0.000000e+00 0.000000e+00 0.000000e+00 0.000000e+00 0.000000e+00 0.000000e+00 0.000000e+00 0.000000e+00 0.000000e+00
<ENDHMM>
