~o
<STREAMINFO> 1 26
<VECSIZE> 26<NULLD><MFCC_E_D><DIAGC>
~h "Chay"
<BEGINHMM>
<NUMSTATES> 38
<STATE> 2
<MEAN> 26
 -6.201887e+00 -8.463375e+00 -1.245278e+00 -2.019208e+00 -6.682841e-01 -4.758757e+00 1.581078e+00 -2.153784e+00 3.144681e-01 -2.459231e+00 2.285587e+00 -5.214924e-01 -1.023298e-01 -6.352593e-01 -3.463717e-01 -3.345626e-01 -8.738995e-02 -3.290277e-01 -4.227928e-01 -1.522119e-01 3.475173e-01 6.971638e-01 8.539727e-01 -2.500180e-01 -2.507942e-01 -1.362869e-02
<VARIANCE> 26
 3.065804e+00 1.910538e+00 3.072022e+00 3.875927e+00 6.302619e+00 4.293372e+00 2.553640e+00 4.817831e+00 7.911669e+00 1.040365e+01 1.262790e+01 1.421109e+01 5.000000e-02 2.547739e-01 2.245902e-01 8.665586e-01 4.422507e-01 8.666651e-01 1.087064e+00 5.350283e-01 1.332019e+00 7.900015e-01 5.929164e-01 7.706978e-01 7.673578e-01 5.000000e-02
<GCONST> 5.594446e+01
<STATE> 3
<MEAN> 26
 -7.449323e+00 -9.218694e+00 -1.415013e+00 -1.728068e+00 -1.368763e-01 -5.195786e+00 -4.942873e-01 -2.256001e+00 1.310066e+00 -1.805941e+00 -3.598990e-01 -3.509380e+00 -9.301182e-02 -1.999338e+00 1.139227e+00 -9.991768e-01 -3.638157e+00 1.051270e+00 -2.458731e-01 -6.771523e-01 -3.577619e-02 1.052836e+00 8.360079e-01 -8.641770e-01 4.482744e-02 1.279465e-01
<VARIANCE> 26
 9.024479e-01 1.323735e+00 5.013219e+00 3.058766e+00 6.231650e+00 4.581794e+00 9.426106e+00 2.350858e+00 1.454767e+01 6.105643e+00 1.330097e+01 1.171788e+01 5.000000e-02 1.068140e+00 4.009928e-01 1.034258e+00 3.611323e+00 1.905539e+00 1.098500e+00 1.313499e+00 2.296868e+00 5.176710e-02 1.032733e+00 1.411131e+00 2.419584e+00 5.000000e-02
<GCONST> 6.129885e+01
<STATE> 4
<MEAN> 26
 -1.217941e+01 -5.102866e+00 -5.272260e+00 -1.406217e+01 3.351088e+00 -5.400667e+00 8.662573e-02 -9.081005e-01 3.329178e+00 -5.479855e-01 -8.341017e-01 -1.141892e+00 3.371193e-01 -1.373948e+00 5.301793e-01 -1.401056e+00 -5.087961e+00 -2.453209e+00 -2.365858e+00 7.856394e-01 -1.941149e-01 1.379146e+00 9.775592e-01 -6.804096e-01 9.120077e-02 2.089559e-01
<VARIANCE> 26
 1.883731e+01 1.438306e+01 6.049447e+00 4.260923e+01 2.282159e+01 2.979663e+01 3.402686e+01 2.654570e+01 5.723353e+00 2.657635e+01 1.801302e+01 1.969942e+01 5.000000e-02 7.630913e-01 1.598863e+00 1.799207e+00 9.134482e-01 4.927308e+00 5.657327e+00 1.580255e+00 1.186173e+00 1.033191e+00 1.863054e+00 9.190135e-01 1.758258e+00 5.000000e-02
<GCONST> 8.295818e+01
<STATE> 5
<MEAN> 26
 -1.381171e+01 -5.099731e+00 -6.265121e+00 -2.050381e+01 -6.061977e+00 -1.234738e+01 1.671181e+00 -3.721160e+00 6.162579e+00 1.625017e+00 -3.244982e+00 -2.151640e+00 6.331441e-01 1.760087e-01 -3.086395e+00 -1.003224e+00 -1.759987e+00 -5.733060e+00 -7.686111e-01 2.094935e+00 4.519134e-01 -3.358529e-01 4.240311e-01 -6.815073e-01 -1.435308e+00 1.649648e-01
<VARIANCE> 26
 1.304082e+01 7.905192e+00 2.115795e+01 1.087851e+01 6.564373e+01 3.683968e+01 2.465955e+01 1.410388e+01 5.303378e+00 1.278470e+01 4.468133e+00 1.009292e+01 5.000000e-02 3.482352e-01 1.089936e+00 4.288875e-01 2.836456e+00 1.584301e+00 2.686613e+00 1.649959e+00 1.204843e+00 5.956963e-01 3.483384e-01 5.722134e-01 3.580451e-01 5.000000e-02
<GCONST> 7.174039e+01
<STATE> 6
<MEAN> 26
 -1.030188e+01 -1.400623e+01 -6.784132e+00 -1.967012e+01 -1.469619e+01 -1.093584e+01 5.149208e+00 -8.021817e-02 4.115764e+00 3.648801e+00 3.590887e-01 -2.574482e+00 7.905813e-01 1.264478e+00 -4.801870e+00 -1.416970e+00 1.034343e+00 -3.158836e+00 1.673709e+00 3.907360e+00 1.291946e+00 -1.855032e+00 -1.108906e+00 -1.412494e-01 -1.452492e+00 1.077984e-01
<VARIANCE> 26
 8.388218e+00 3.274791e+00 1.421543e+01 3.084877e+00 1.358815e+01 5.481327e+01 1.186442e+01 7.712060e+00 6.604037e+00 4.172562e+00 5.906011e+00 5.513483e+00 5.000000e-02 4.452650e-01 1.706068e-01 2.251631e-01 1.380441e+00 2.014362e+00 5.301329e-01 1.172661e+00 2.675592e+00 2.901399e-01 2.239075e+00 7.875784e-01 4.052826e-01 5.000000e-02
<GCONST> 6.270593e+01
<STATE> 7
<MEAN> 26
 -1.038045e+01 -2.003175e+01 -1.170373e+01 -1.590251e+01 -1.253407e+01 -5.222241e+00 1.310179e+01 1.134509e+00 -7.247850e-01 -3.665504e+00 -3.829749e+00 -7.323147e+00 8.923597e-01 1.227005e-01 -3.497938e+00 -2.316527e+00 2.748040e+00 2.534823e+00 2.147353e+00 2.505182e+00 -5.243448e-02 -2.853392e+00 -3.303201e+00 3.063771e-01 4.145803e-01 5.099983e-02
<VARIANCE> 26
 2.335670e+01 4.263299e+00 6.690599e+00 1.522893e+01 3.743472e+01 3.420066e+01 3.203948e+01 5.923489e+00 1.086455e+01 2.823716e+01 5.669109e+00 6.261085e+00 5.000000e-02 2.597226e-01 1.234638e+00 6.536793e-01 3.815318e-01 1.892837e+00 7.259122e-01 1.131251e+00 1.397397e+00 3.737023e-01 7.760683e-01 9.057416e-01 7.771508e-01 5.000000e-02
<GCONST> 6.937510e+01
<STATE> 8
<MEAN> 26
 -1.035312e+01 -2.493463e+01 -1.501853e+01 -9.304324e+00 -3.896095e+00 -3.516808e+00 1.345424e+01 -1.278528e+00 -6.106063e+00 -9.491543e+00 3.017715e-01 -1.478390e+00 9.566453e-01 -1.223912e-01 -1.657447e+00 -1.170260e+00 3.057508e+00 4.374728e+00 4.054818e-01 -5.696511e-01 -8.646274e-01 -7.691510e-01 -5.216276e-01 1.653839e+00 2.362663e+00 2.350211e-02
<VARIANCE> 26
 2.054570e+01 6.453773e+00 6.071896e+00 1.510959e+01 2.500119e+01 2.732442e+01 3.257902e+01 9.749931e+00 5.755153e+00 8.474288e+00 5.174901e+00 1.099425e+01 5.000000e-02 9.926663e-02 4.116454e-01 2.014816e-01 7.341728e-01 3.568133e-01 1.137910e+00 1.749653e+00 1.070461e+00 1.096448e+00 1.463388e+00 4.837823e-01 9.295917e-02 5.000000e-02
<GCONST> 6.340429e+01
<STATE> 9
<MEAN> 26
 -1.109511e+01 -2.693116e+01 -1.571376e+01 -4.186739e+00 1.532914e+00 -1.798273e+00 1.228369e+01 -1.259685e+00 -4.086801e+00 -5.891084e+00 2.724379e+00 2.016580e+00 9.782341e-01 2.678191e-01 -3.850733e-01 -5.969304e-01 2.137676e+00 3.621875e+00 3.755788e-02 -9.500834e-01 -4.221193e-01 4.057311e-01 -1.744611e-01 9.409574e-02 9.817120e-01 1.557054e-02
<VARIANCE> 26
 1.488954e+01 1.043259e+01 4.816785e+00 7.986751e+00 3.906845e+01 3.489555e+01 3.602095e+01 8.337623e+00 8.364787e+00 4.076671e+00 7.921549e+00 5.099836e+00 5.000000e-02 3.319712e-01 3.346392e-01 6.902442e-01 1.544857e+00 7.383974e-01 1.155385e+00 2.297688e-01 4.618905e-01 1.508126e+00 2.541176e+00 6.850801e-01 5.000000e-02 5.000000e-02
<GCONST> 6.407388e+01
<STATE> 10
<MEAN> 26
 -1.093038e+01 -2.534253e+01 -1.632909e+01 -3.346277e+00 4.600045e+00 -1.376933e+00 8.676226e+00 -2.873600e+00 -2.809043e+00 -7.335889e+00 1.044790e+00 2.699278e+00 9.965293e-01 8.263906e-02 3.412346e-01 -8.052763e-01 5.097491e-01 1.840195e+00 -3.260443e-01 -6.311731e-01 -9.174414e-01 1.187458e+00 -7.756287e-02 -6.353920e-01 -1.799258e-01 4.231812e-03
<VARIANCE> 26
 1.519642e+01 8.586651e+00 4.090691e+00 8.090038e+00 2.969778e+01 3.541205e+01 4.671176e+01 6.750674e+00 1.849941e+01 5.534489e+00 4.315403e+00 7.999673e+00 5.000000e-02 3.419638e-01 4.018925e-01 7.654276e-01 5.351912e-01 9.923098e-01 1.129466e+00 2.546580e-01 8.526706e-01 3.578168e-01 8.272670e-01 8.115666e-01 1.749782e-01 5.000000e-02
<GCONST> 6.358654e+01
<STATE> 11
<MEAN> 26
 -1.043003e+01 -2.556181e+01 -1.839194e+01 -3.750795e+00 8.272003e+00 -3.910280e+00 9.309752e+00 -3.519583e+00 -2.212706e+00 -7.048123e+00 -6.459492e-01 -3.074636e-01 9.919673e-01 -5.994101e-01 -1.337881e-01 -5.772609e-01 -3.967223e-01 6.713709e-01 -2.728515e-01 7.254978e-03 -6.711363e-01 9.638373e-01 -1.646354e-01 -9.218291e-01 -8.022563e-01 -5.188051e-03
<VARIANCE> 26
 1.234124e+01 1.378411e+01 6.551055e+00 1.030186e+01 3.959495e+01 7.364916e+01 3.111987e+01 1.028269e+01 2.066592e+01 7.906042e+00 3.877922e+00 1.458273e+01 5.000000e-02 2.255902e-01 1.240410e-01 9.849435e-02 5.000000e-02 4.205662e-01 6.686381e-01 8.743311e-01 2.130046e-01 9.280930e-01 2.489761e-01 5.004312e-01 1.936200e-01 5.000000e-02
<GCONST> 5.838110e+01
<STATE> 12
<MEAN> 26
 -1.168311e+01 -2.561503e+01 -1.873363e+01 -4.262305e+00 8.382544e+00 -4.420273e+00 1.092782e+01 -5.463553e+00 -9.753940e-02 -8.370348e+00 -1.777374e+00 -5.978729e-01 9.820074e-01 -9.119198e-01 3.219286e-01 2.573740e-01 4.257101e-01 3.011808e-01 2.602731e-01 2.057904e-01 -4.248941e-01 6.239209e-01 -2.669723e-01 -2.307752e-01 -1.166751e-01 -1.218821e-02
<VARIANCE> 26
 1.110966e+01 3.647054e+00 9.235538e+00 1.092883e+01 3.218662e+01 4.385420e+01 2.000895e+01 8.652951e+00 1.788956e+01 9.257257e+00 3.525188e-01 6.321779e+00 5.000000e-02 4.899357e-01 5.217279e-01 1.853734e-01 3.800507e-01 4.710056e-01 6.755031e-01 2.571660e-01 3.455211e-01 8.113613e-01 3.247505e-01 5.927080e-01 5.717407e-01 5.000000e-02
<GCONST> 5.842831e+01
<STATE> 13
<MEAN> 26
 -1.373537e+01 -2.504020e+01 -1.791559e+01 -3.111936e+00 7.663626e+00 -3.192285e+00 1.061088e+01 -5.905443e+00 4.042554e-01 -9.471763e+00 -1.366009e+00 -5.635003e-01 9.536762e-01 -9.707119e-01 2.599189e-01 2.741148e-01 -7.851198e-02 -7.917982e-01 -6.303523e-01 3.571298e-01 -9.975861e-02 1.175027e-01 -8.097687e-01 5.814869e-02 -2.761857e-01 -1.504615e-02
<VARIANCE> 26
 3.990355e+00 4.421086e+00 9.398353e+00 3.853278e+00 2.931249e+01 5.132656e+01 1.938705e+01 4.813936e+00 8.611612e+00 4.849066e+00 1.122063e+00 4.703247e+00 5.000000e-02 5.227533e-01 2.371615e-01 3.834835e-01 3.669417e-01 4.140996e-01 5.425094e-01 5.000000e-02 2.777800e-01 1.008830e+00 5.500386e-01 3.122567e-01 2.774039e-01 5.000000e-02
<GCONST> 5.264703e+01
<STATE> 14
<MEAN> 26
 -1.335832e+01 -2.542193e+01 -1.807850e+01 -4.276644e+00 8.138090e+00 -7.265915e+00 1.211322e+01 -3.659355e+00 -6.372469e-01 -9.132000e+00 7.167978e-01 -1.216592e+00 9.427133e-01 4.532902e-02 2.185628e-01 5.646578e-01 -2.668593e-01 -1.782107e+00 -3.279325e-01 7.952932e-01 8.907499e-01 -9.299484e-01 -8.330131e-01 4.428729e-01 2.381513e-01 -6.338330e-03
<VARIANCE> 26
 8.716470e+00 7.611960e+00 4.422858e+00 9.969488e+00 4.970036e+01 3.682217e+01 2.290846e+01 1.038078e+01 1.308220e+01 7.656356e-01 3.407354e+00 1.280929e+01 5.000000e-02 1.447842e-01 1.208723e-01 4.771801e-01 1.658339e-01 2.526712e-01 3.569487e-01 1.571851e-01 3.561816e-01 6.198006e-01 4.095603e-01 3.094627e-01 1.844705e-01 5.000000e-02
<GCONST> 5.273363e+01
<STATE> 15
<MEAN> 26
 -1.318495e+01 -2.397880e+01 -1.538304e+01 -4.075817e+00 2.587606e+00 -4.719135e+00 1.398213e+01 -3.746545e+00 -3.481190e+00 -1.304275e+01 -1.108551e+00 -1.753165e-02 9.264556e-01 7.544009e-01 1.651823e-01 1.506268e+00 -1.230227e+00 -1.860287e+00 -1.762854e-01 1.414446e+00 8.221301e-01 -1.128247e+00 -4.192836e-01 2.337160e-01 -3.257260e-01 -1.251861e-02
<VARIANCE> 26
 7.486248e+00 3.081294e+00 3.989335e+00 6.443163e+00 2.771004e+01 1.918354e+01 2.622239e+01 1.116008e+01 1.234120e+01 1.048621e+01 3.732044e+00 9.194653e+00 5.000000e-02 1.962503e-01 2.881516e-01 3.612006e-01 5.992262e-01 4.685003e-01 2.684843e-01 2.681872e-01 1.755462e-01 4.919295e-01 7.618597e-01 1.953293e-01 6.776177e-01 5.000000e-02
<GCONST> 5.599596e+01
<STATE> 16
<MEAN> 26
 -1.229877e+01 -2.372812e+01 -1.143774e+01 -7.496723e+00 5.507433e-01 -4.916731e+00 1.572384e+01 -3.099711e+00 -3.654328e+00 -1.130897e+01 9.985626e-02 -2.055666e+00 9.063945e-01 2.744459e-01 5.271507e-01 1.593786e+00 -2.142277e+00 -2.918452e+00 -7.398939e-01 5.479702e-01 9.257113e-01 5.850208e-01 1.438739e+00 -6.672872e-01 -2.006203e+00 -2.494885e-02
<VARIANCE> 26
 6.036474e+00 4.509063e+00 8.041403e+00 8.120004e+00 2.739972e+01 2.151794e+01 1.394188e+01 5.258150e+00 4.841069e+00 1.033350e+01 8.816264e+00 8.182883e+00 5.000000e-02 3.976863e-01 2.193028e-01 2.188458e-01 7.217641e-01 6.656325e-01 1.961906e-01 2.726789e-01 6.799165e-01 1.839156e-01 2.326221e-01 9.448800e-01 7.789758e-01 5.000000e-02
<GCONST> 5.667757e+01
<STATE> 17
<MEAN> 26
 -1.191453e+01 -2.362694e+01 -1.006526e+01 -1.136586e+01 -6.763632e+00 -6.480883e+00 1.541821e+01 -1.102238e+00 -1.596721e+00 -8.509702e+00 -1.552940e+00 -4.419980e+00 8.531134e-01 2.139553e-01 1.215689e+00 1.895927e+00 -1.842027e+00 -3.135763e+00 -1.187251e+00 -3.246184e-01 5.577390e-01 1.651305e+00 2.869162e+00 -2.682098e-01 -1.731616e+00 -2.840376e-02
<VARIANCE> 26
 4.674103e+00 5.637919e+00 9.030332e+00 4.719886e+00 1.926687e+01 2.710769e+01 1.691389e+01 1.214834e+01 1.411944e+01 1.427095e+01 1.388840e+01 5.622974e+00 5.000000e-02 1.639420e-01 9.137772e-02 3.030083e-01 4.375829e-01 3.589991e-01 1.026716e+00 9.555688e-01 1.423726e+00 4.308872e-01 6.306252e-01 4.172797e-01 8.889200e-02 5.000000e-02
<GCONST> 5.855548e+01
<STATE> 18
<MEAN> 26
 -1.085795e+01 -2.063266e+01 -9.396051e+00 -1.215094e+01 -8.805688e+00 -9.732018e+00 1.622398e+01 1.807034e+00 -3.408147e-01 -3.455101e+00 -8.351821e-01 -7.986974e+00 8.180939e-01 2.424044e-01 1.207797e+00 1.774506e+00 -1.789677e+00 -2.666216e+00 -1.642764e+00 -1.439902e+00 1.156982e-01 2.476134e+00 4.332738e+00 8.299008e-01 -3.909324e-01 -2.006399e-02
<VARIANCE> 26
 7.575972e+00 2.702644e+00 1.723880e+01 1.032383e+01 2.201286e+01 1.960429e+01 1.697227e+01 2.381343e+01 1.238176e+01 1.808082e+01 9.508272e+00 2.940270e+00 5.000000e-02 5.000000e-02 1.234972e-01 1.454777e-01 1.485705e-01 6.148201e-01 1.014711e+00 7.928616e-01 6.266309e-01 1.036243e+00 5.938670e-01 4.082773e-01 2.060519e-01 5.000000e-02
<GCONST> 5.775116e+01
<STATE> 19
<MEAN> 26
 -1.081007e+01 -2.062211e+01 -4.488633e+00 -1.576575e+01 -1.277583e+01 -1.276716e+01 1.248823e+01 -1.380198e+00 6.103555e+00 3.480709e+00 2.657377e+00 -5.752455e+00 7.815330e-01 -3.496791e-02 7.302789e-01 1.300082e+00 -1.820399e+00 -1.475452e+00 -2.397919e+00 -1.991539e+00 -1.088175e+00 2.455290e+00 2.761577e+00 7.289110e-01 2.620450e-01 -8.241625e-03
<VARIANCE> 26
 5.547769e+00 4.700075e+00 6.273906e+00 3.794927e+00 1.890170e+01 5.204991e+01 2.322750e+01 9.947955e+00 6.564007e+00 7.339556e+00 1.061721e+01 6.147919e+00 5.000000e-02 1.738691e-01 2.406678e-01 4.313338e-01 6.568951e-01 4.195097e-01 1.186287e+00 5.540978e-01 4.864163e-01 5.267137e-01 1.203732e+00 6.702722e-01 2.059011e-01 5.000000e-02
<GCONST> 5.973206e+01
<STATE> 20
<MEAN> 26
 -1.053943e+01 -1.851516e+01 -5.465146e+00 -1.935526e+01 -1.256257e+01 -1.707853e+01 9.178492e+00 -7.500005e-01 6.141572e+00 6.507267e+00 3.495071e+00 -4.685602e+00 8.163452e-01 -4.194473e-01 7.146925e-01 5.603524e-01 -1.031237e+00 -2.665996e-01 -8.363776e-01 -1.814770e+00 -1.389613e+00 1.410771e-01 4.087275e-01 5.378438e-01 1.250452e+00 -1.965503e-02
<VARIANCE> 26
 4.665543e+00 1.001963e+00 5.527356e+00 4.594386e+00 1.062438e+01 2.475939e+01 2.195452e+01 1.678868e+01 1.663521e+01 3.512629e+00 1.751587e+01 2.837128e+00 5.000000e-02 4.234746e-01 2.296344e-01 1.240699e-01 3.087503e-01 2.501197e-01 2.315208e-01 2.075173e-01 4.052042e-01 2.079512e-01 4.543239e-01 5.425502e-01 2.221825e-01 5.000000e-02
<GCONST> 5.063328e+01
<STATE> 21
<MEAN> 26
 -1.323390e+01 -1.650548e+01 -1.534160e+00 -1.882783e+01 -1.335549e+01 -1.238318e+01 5.019165e+00 -5.769965e+00 5.975696e+00 5.121741e+00 5.542126e-01 -7.741529e-01 7.426804e-01 -5.595607e-02 8.395038e-01 7.119066e-01 -3.396937e-01 1.032529e+00 3.339075e-01 -4.947549e-01 -6.509471e-01 -8.536798e-01 -9.599055e-01 -1.698101e-01 1.921439e+00 -2.793566e-02
<VARIANCE> 26
 3.766000e+00 1.533890e+00 3.175551e+00 6.594031e+00 1.857865e+01 4.739582e+01 1.356439e+01 7.379664e+00 7.698182e+00 7.701558e+00 7.722764e+00 1.810631e+01 5.000000e-02 7.122594e-01 1.045440e-01 4.727882e-01 9.815317e-01 5.846292e-01 7.902778e-01 4.462361e-01 4.015390e-01 2.732790e-01 8.810266e-01 5.085145e-01 5.402308e-01 5.000000e-02
<GCONST> 5.842571e+01
<STATE> 22
<MEAN> 26
 -1.299291e+01 -1.507715e+01 -1.062873e+00 -1.967900e+01 -1.130345e+01 -1.303463e+01 4.512287e+00 -6.594893e+00 4.739086e+00 1.925380e+00 1.152831e+00 1.194457e+00 6.966573e-01 4.209915e-01 1.723565e-01 -2.020929e-01 4.001336e-01 7.586705e-01 -5.948362e-01 -9.354689e-01 -6.956167e-01 -9.130081e-01 -2.008462e+00 -8.455452e-01 6.465876e-01 -4.324177e-02
<VARIANCE> 26
 6.354678e+00 5.339153e+00 1.596206e+01 7.535328e+00 1.059755e+01 5.974609e+01 5.600495e+00 3.967942e+00 3.291378e+00 4.072156e+00 1.047920e+01 8.040895e+00 5.000000e-02 9.313323e-01 7.231423e-01 1.610491e+00 1.267606e+00 6.350049e-01 2.062835e+00 7.235904e-01 5.797971e-01 1.235117e+00 7.411662e-01 2.244917e-01 1.521668e+00 5.000000e-02
<GCONST> 6.524592e+01
<STATE> 23
<MEAN> 26
 -1.039600e+01 -1.694194e+01 -3.620251e+00 -1.760264e+01 -1.019421e+01 -1.612130e+01 3.910184e+00 -7.505060e+00 2.239801e+00 -5.287594e-01 -1.175980e+00 1.188859e+00 5.950170e-01 1.316993e+00 -8.626792e-01 -5.187111e-01 6.871473e-01 2.236242e-01 2.037982e-01 -1.605376e-01 1.960844e-01 -5.613452e-01 -8.194407e-01 -4.614006e-01 4.678112e-01 -5.393752e-02
<VARIANCE> 26
 8.115293e+00 6.373866e+00 2.285908e+01 3.026727e+01 1.320914e+01 3.668878e+01 2.327795e+01 2.655282e+00 9.288624e+00 7.015738e+00 2.093457e+01 5.833097e+00 5.000000e-02 7.106797e-01 2.449930e+00 4.843160e-01 7.110589e-01 1.325897e+00 1.553432e+00 5.250134e-01 1.578983e+00 5.962220e-01 6.979665e-01 1.071771e-01 1.958044e+00 5.000000e-02
<GCONST> 6.915350e+01
<STATE> 24
<MEAN> 26
 -8.726742e+00 -1.786607e+01 -2.939596e+00 -1.693584e+01 -1.014114e+01 -1.326908e+01 4.110337e+00 -5.686320e+00 3.797101e+00 -3.557719e-01 -1.447369e-01 2.534901e+00 5.239697e-01 2.061112e+00 -1.435829e+00 -9.620728e-02 2.093339e+00 1.983250e-01 2.514766e+00 3.468863e-01 8.079236e-01 -6.898691e-01 -5.903150e-01 -1.635612e-02 5.957151e-01 -4.681348e-02
<VARIANCE> 26
 1.496123e+01 1.230425e+01 5.232474e+00 2.503989e+01 1.597878e+01 3.419916e+01 1.385040e+01 1.462872e+01 3.387228e+00 1.892834e+01 1.014213e+01 6.095932e+00 5.000000e-02 7.254701e-01 1.260732e+00 1.264710e+00 7.875107e-01 1.784189e+00 4.323003e-01 1.823421e+00 4.001222e-01 1.097158e+00 8.553163e-01 1.500664e+00 1.474841e+00 5.000000e-02
<GCONST> 7.184651e+01
<STATE> 25
<MEAN> 26
 -3.776698e+00 -2.039163e+01 -2.144534e+00 -1.126391e+01 -8.847249e+00 -7.567531e+00 5.880576e+00 -5.255881e+00 9.450517e-01 -2.269234e+00 -8.354058e-01 3.237078e+00 4.655578e-01 2.625609e+00 -2.288356e+00 -2.355912e-01 3.359592e+00 5.997918e-01 2.908380e+00 9.802743e-01 5.011760e-01 -7.379671e-01 -1.287078e+00 -3.797852e-01 -3.201922e-01 -3.920210e-02
<VARIANCE> 26
 1.547475e+01 1.705846e+01 3.573678e+00 4.428263e+01 1.757946e+00 5.382826e+01 1.862241e+00 6.577849e+00 5.227528e+00 4.072905e+00 7.984816e+00 7.931040e+00 5.000000e-02 1.906039e+00 8.235139e-01 7.801387e-01 1.559900e-01 2.952682e+00 1.413360e+00 2.975083e+00 1.112886e+00 1.471994e+00 1.600922e+00 2.562663e-01 1.446610e+00 5.000000e-02
<GCONST> 6.753083e+01
<STATE> 26
<MEAN> 26
 -1.845319e+00 -2.523444e+01 -4.777585e+00 -8.453485e+00 -1.021287e+01 -5.782334e+00 6.066025e+00 -2.954110e+00 1.151507e+00 -5.054079e+00 -1.538925e+00 1.140469e+00 4.257113e-01 1.098831e+00 -1.879229e+00 -1.019575e+00 2.678320e+00 -9.754095e-03 1.479981e+00 6.172510e-01 1.254848e+00 9.111621e-02 -8.694729e-01 -2.708325e-02 4.908154e-01 -4.008925e-02
<VARIANCE> 26
 1.066691e+01 1.729809e+01 5.180285e+00 4.255840e+01 2.233468e+01 3.347104e+01 1.582047e+01 4.924204e+00 2.034476e+01 1.617210e+01 1.193284e+01 1.716925e+01 5.000000e-02 1.088924e+00 1.374537e+00 5.664520e-01 1.353138e+00 1.350198e+00 5.094203e+00 4.853331e-01 2.686009e+00 1.592646e+00 6.014153e-01 5.634711e-01 2.150461e+00 5.000000e-02
<GCONST> 7.697748e+01
<STATE> 27
<MEAN> 26
 -1.058601e+00 -2.594779e+01 -5.172019e+00 -4.607718e+00 -8.478317e+00 -4.634751e+00 7.937046e+00 -2.181148e+00 2.017407e+00 -5.402570e+00 -5.616701e-01 3.204229e+00 3.732717e-01 -7.499226e-02 -4.163062e-01 -1.191301e+00 1.970029e-01 -7.576704e-02 -4.828655e-01 -4.036722e-02 7.099333e-01 -1.254109e-01 6.160702e-01 7.248912e-01 1.064027e+00 -2.943579e-02
<VARIANCE> 26
 2.162400e+00 1.950891e+00 6.034234e+00 8.608849e+00 8.535523e+00 8.005885e+00 1.113646e+01 2.280921e+01 7.540819e+00 5.951659e+00 7.202969e+00 6.443038e+00 5.000000e-02 1.489213e+00 1.804712e+00 1.316203e-01 4.004366e+00 1.257834e+00 3.833564e+00 2.019482e+00 8.762021e-01 4.313205e-01 1.763029e+00 2.008067e+00 9.114316e-01 5.000000e-02
<GCONST> 6.740901e+01
<STATE> 28
<MEAN> 26
 -2.297513e+00 -2.490861e+01 -7.708182e+00 -7.018543e+00 -7.641891e+00 -6.078876e+00 6.138670e+00 -9.053538e-01 -5.894905e-01 -2.462011e-01 8.409395e-01 4.131332e+00 3.214841e-01 2.575354e-01 -1.395321e-01 -7.766060e-01 9.962707e-01 8.417634e-01 4.478203e-01 2.600491e-01 1.177696e-01 9.108161e-02 4.153747e-01 -1.713543e-01 -8.695787e-01 -2.178305e-02
<VARIANCE> 26
 6.218189e+00 6.447514e+00 5.543504e+00 8.298458e+00 3.050571e+01 1.895741e+01 5.364211e+00 1.283659e+01 1.671620e+01 2.220451e+01 6.154722e+00 2.329061e+01 5.000000e-02 8.430299e-01 1.031080e+00 2.505000e-01 2.790717e+00 1.485190e+00 1.580963e+00 4.841454e-01 4.177662e-01 2.132734e+00 2.846988e+00 1.168454e+00 2.798493e+00 5.000000e-02
<GCONST> 7.253298e+01
<STATE> 29
<MEAN> 26
 -9.010544e-01 -2.574871e+01 -9.348923e+00 -2.471092e+00 -7.140191e+00 -5.501180e+00 8.431557e+00 -1.584656e+00 1.317637e+00 -3.634882e+00 1.202933e-01 2.504039e+00 2.908358e-01 1.295611e-01 5.013773e-01 -1.438396e-02 1.528600e+00 7.081195e-01 -4.103865e-01 -5.300166e-02 -9.536297e-01 -1.138333e+00 -1.313315e+00 -2.014775e-01 -5.903794e-01 -2.546360e-02
<VARIANCE> 26
 1.899618e+00 1.042849e+00 4.430667e+00 8.589966e+00 5.768301e+00 4.577913e+00 4.280247e+00 4.312229e+00 1.133217e+01 1.006678e+01 1.229265e+01 1.140126e+01 5.000000e-02 4.369374e-01 7.802550e-01 7.111802e-01 1.227850e+00 1.502773e+00 9.963481e-01 9.071551e-01 1.922976e+00 1.837698e+00 1.920046e+00 3.452669e-01 8.507324e-01 5.000000e-02
<GCONST> 6.176898e+01
<STATE> 30
<MEAN> 26
 -1.104912e+00 -2.505913e+01 -6.963993e+00 -2.003534e+00 -7.319973e+00 -7.035514e+00 5.755939e+00 -4.289432e+00 -1.671803e+00 -5.664426e+00 -1.029116e+00 1.359942e+00 2.626951e-01 -6.509905e-01 5.465339e-01 8.873380e-01 1.021153e+00 1.045253e+00 4.278478e-01 -5.953318e-01 -1.354192e-01 -3.301830e-01 -6.984589e-01 -5.037095e-01 6.510076e-02 -2.809449e-02
<VARIANCE> 26
 1.820004e+00 6.415216e+00 6.576887e+00 8.863581e+00 1.064395e+01 7.976785e+00 8.563220e+00 1.438641e+01 1.111899e+01 2.061121e+01 7.210595e+00 1.029017e+01 5.000000e-02 1.903789e-01 9.335690e-01 1.530471e-01 8.547951e-01 1.756473e-01 6.309931e-01 9.788322e-01 5.240365e-01 2.117568e+00 8.260363e-01 4.511477e-01 2.021502e+00 5.000000e-02
<GCONST> 6.115120e+01
<STATE> 31
<MEAN> 26
 -2.676434e+00 -2.337464e+01 -6.986539e+00 -1.619343e+00 -4.907345e+00 -5.013855e+00 6.292663e+00 -2.876487e+00 -1.343790e+00 -6.319623e+00 -3.921488e-01 4.740608e+00 2.135826e-01 1.075320e-01 1.077147e+00 1.253579e+00 6.578266e-01 2.978013e-01 -9.168207e-02 -1.700364e-01 4.428977e-01 4.200751e-01 4.469882e-01 1.151216e-01 3.580683e-01 -1.487435e-02
<VARIANCE> 26
 8.697529e-02 1.523206e+01 2.482470e+00 4.606787e+00 7.368079e+00 2.097063e+00 1.552148e+01 8.222099e+00 6.513710e+00 1.118112e+01 5.460075e+00 3.544331e+01 5.000000e-02 3.120050e-01 5.519229e-01 5.695506e-01 2.297664e+00 9.434607e-01 7.148659e-01 3.280260e-01 1.600322e+00 2.993564e+00 1.844083e+00 5.731233e-01 1.308109e+00 5.000000e-02
<GCONST> 6.054363e+01
<STATE> 32
<MEAN> 26
 -9.535399e-01 -2.104837e+01 -2.602522e+00 1.190090e+00 -4.913358e+00 -5.851027e+00 6.558519e+00 -2.705889e+00 4.430971e-01 -3.165698e+00 1.483421e-01 1.388010e+00 2.382862e-01 5.544977e-01 1.380644e+00 1.163202e+00 8.088928e-01 4.796710e-01 -4.133990e-01 -2.250462e-01 2.328174e-01 4.435836e-02 4.654644e-01 -4.438084e-01 -1.305247e+00 -2.215563e-03
<VARIANCE> 26
 3.861284e+00 1.294276e+01 5.967853e+00 1.346501e+01 1.184643e+01 9.185138e+00 8.450596e+00 1.061028e+01 1.667747e+01 1.296259e+01 5.566846e+00 3.288129e+00 5.000000e-02 2.752171e-01 1.433575e+00 9.039297e-01 1.639570e+00 1.195477e+00 3.263704e-01 6.147259e-01 7.160328e-01 5.790914e-01 1.601784e+00 3.809093e-01 6.578062e-01 5.000000e-02
<GCONST> 6.380268e+01
<STATE> 33
<MEAN> 26
 2.741385e-01 -1.823402e+01 -2.011276e+00 2.543287e+00 -3.836643e+00 -8.087221e+00 3.930741e+00 -2.448073e+00 -1.124184e+00 -5.465079e+00 -1.450857e+00 5.143061e-01 2.236179e-01 -2.757698e-01 5.600611e-01 -4.005527e-01 1.896212e-01 7.888432e-01 -1.064927e-01 -2.102630e-01 -3.590139e-01 -1.278831e-01 -3.015679e-01 -5.024790e-01 -7.542973e-01 -1.451934e-02
<VARIANCE> 26
 5.507891e+00 1.156066e+01 1.328802e+01 3.904212e+00 1.208940e+01 4.699456e+00 7.044195e+00 9.808653e+00 2.919629e+00 3.860084e+00 2.523024e+00 1.027495e+01 5.000000e-02 2.623825e-01 5.148685e-01 4.259157e-01 1.149036e+00 1.335662e+00 7.944164e-01 7.361173e-01 6.784056e-01 3.090768e+00 1.976596e+00 3.606447e-01 4.434224e-01 5.000000e-02
<GCONST> 6.047384e+01
<STATE> 34
<MEAN> 26
 -1.814393e+00 -2.024004e+01 -3.277025e+00 1.061975e+00 -4.223452e+00 -6.800937e+00 6.169950e+00 -1.031926e+00 1.858015e+00 -3.711457e+00 -2.835231e+00 -7.294261e-01 1.800410e-01 -1.083126e+00 1.006084e+00 -1.132947e-01 -1.459292e-01 1.003247e+00 -3.880532e-02 -4.245531e-01 1.763432e-01 -4.554698e-01 -1.349663e-01 3.702000e-01 -1.925974e-01 -4.558649e-02
<VARIANCE> 26
 2.530512e+00 5.863543e+00 1.277829e+01 1.458241e+01 4.289258e+00 4.526335e+00 5.868596e+00 1.143773e+01 6.518573e+00 6.095431e+00 5.665936e+00 1.944604e+01 5.000000e-02 6.607412e-01 4.173617e-01 4.497150e-01 7.306415e-01 9.983234e-01 7.981299e-01 1.560889e+00 1.876398e+00 1.202336e+00 3.800872e-01 4.207568e-01 8.709638e-01 5.000000e-02
<GCONST> 6.193429e+01
<STATE> 35
<MEAN> 26
 -4.717759e+00 -1.623653e+01 -4.318954e+00 -1.319337e-01 -3.267714e-01 -6.079442e+00 3.923482e+00 -3.029752e+00 -3.112181e+00 -5.023993e+00 -3.450806e-01 -1.158598e+00 3.538149e-02 -1.479372e+00 1.530702e+00 -7.787187e-03 -1.271078e+00 7.541983e-01 1.163149e+00 -4.001785e-01 -3.385486e-01 -3.255200e-01 -1.032600e-01 6.041813e-01 3.828009e-01 -7.042545e-02
<VARIANCE> 26
 6.220071e+00 5.907563e+00 8.368307e+00 1.735894e+01 6.057200e+00 8.719811e+00 8.275825e+00 9.497996e+00 1.778078e+00 5.070759e+00 8.161133e+00 1.016547e+01 5.000000e-02 7.723508e-01 5.470984e-01 6.188883e-01 8.985614e-01 5.362856e-01 2.455736e-01 7.868511e-01 8.808795e-01 1.310013e+00 3.462821e-01 5.500243e-01 1.811962e+00 5.000000e-02
<GCONST> 6.068870e+01
<STATE> 36
<MEAN> 26
 -6.899549e+00 -1.491811e+01 -3.746196e+00 -1.402209e+00 4.147711e-01 -3.008537e+00 4.695998e+00 -2.183614e+00 6.291810e-03 -3.890345e+00 1.493251e-01 3.664398e-01 -3.189906e-02 -8.073738e-01 4.799375e-01 -1.420619e-01 -1.766674e-01 1.582046e-01 9.609138e-01 3.950886e-01 2.909976e-01 9.372960e-01 9.589500e-01 4.992560e-02 -1.168593e-01 -3.780447e-02
<VARIANCE> 26
 8.924640e-01 1.903376e+00 3.404096e+00 3.040316e+00 3.304599e+00 5.003103e+00 1.512516e+01 1.647176e+00 7.799550e+00 1.172242e+01 1.346928e+01 3.419379e+00 5.000000e-02 1.088518e+00 3.940536e-01 1.033898e+00 1.406374e+00 6.020108e-01 7.611653e-01 1.012642e+00 1.214537e+00 5.967201e-01 1.186857e+00 1.439388e+00 3.393663e+00 5.000000e-02
<GCONST> 5.922195e+01
<STATE> 37
<MEAN> 26
 -7.313047e+00 -1.361420e+01 -3.807985e+00 -2.210720e+00 -1.299948e+00 -2.001424e+00 7.183882e+00 -2.499791e+00 3.463124e-02 -2.392907e+00 -5.236336e-02 -3.568455e-01 -7.141259e-02 -9.003780e-02 4.884705e-01 1.714243e-01 2.440774e-01 1.969702e-01 9.620383e-02 2.790935e-01 1.181282e-01 1.629521e-01 2.462540e-01 4.592849e-01 8.707280e-02 -8.079818e-03
<VARIANCE> 26
 1.177142e+00 3.480555e+00 2.045356e+00 1.664737e+00 2.414050e+00 8.375975e+00 9.003813e+00 5.002729e-01 4.209996e+00 2.325900e+00 6.893151e+00 1.809566e+01 5.000000e-02 2.656456e-01 3.079475e-01 5.827954e-02 5.366155e-02 3.317226e-01 3.804338e-01 7.218339e-01 4.456587e-01 3.831203e-01 1.493921e+00 1.907765e-01 9.862806e-01 5.000000e-02
<GCONST> 4.234484e+01
<TRANSP> 38
 0.000000e+00 1.000000e+00 0.000000e+00 0.000000e+00 0.000000e+00 0.000000e+00 0.000000e+00 0.000000e+00 0.000000e+00 0.000000e+00 0.000000e+00 0.000000e+00 0.000000e+00 0.000000e+00 0.000000e+00 0.000000e+00 0.000000e+00 0.000000e+00 0.000000e+00 0.000000e+00 0.000000e+00 0.000000e+00 0.000000e+00 0.000000e+00 0.000000e+00 0.000000e+00 0.000000e+00 0.000000e+00 0.000000e+00 0.000000e+00 0.000000e+00 0.000000e+00 0.000000e+00 0.000000e+00 0.000000e+00 0.000000e+00 0.000000e+00 0.000000e+00
 0.000000e+00 4.459172e-01 5.540828e-01 0.000000e+00 0.000000e+00 0.000000e+00 0.000000e+00 0.000000e+00 0.000000e+00 0.000000e+00 0.000000e+00 0.000000e+00 0.000000e+00 0.000000e+00 0.000000e+00 0.000000e+00 0.000000e+00 0.000000e+00 0.000000e+00 0.000000e+00 0.000000e+00 0.000000e+00 0.000000e+00 0.000000e+00 0.000000e+00 0.000000e+00 0.000000e+00 0.000000e+00 0.000000e+00 0.000000e+00 0.000000e+00 0.000000e+00 0.000000e+00 0.000000e+00 0.000000e+00 0.000000e+00 0.000000e+00 0.000000e+00
 0.000000e+00 0.000000e+00 3.737698e-01 6.262302e-01 0.000000e+00 0.000000e+00 0.000000e+00 0.000000e+00 0.000000e+00 0.000000e+00 0.000000e+00 0.000000e+00 0.000000e+00 0.000000e+00 0.000000e+00 0.000000e+00 0.000000e+00 0.000000e+00 0.000000e+00 0.000000e+00 0.000000e+00 0.000000e+00 0.000000e+00 0.000000e+00 0.000000e+00 0.000000e+00 0.000000e+00 0.000000e+00 0.000000e+00 0.000000e+00 0.000000e+00 0.000000e+00 0.000000e+00 0.000000e+00 0.000000e+00 0.000000e+00 0.000000e+00 0.000000e+00
 0.000000e+00 0.000000e+00 0.000000e+00 4.439335e-01 5.560665e-01 0.000000e+00 0.000000e+00 0.000000e+00 0.000000e+00 0.000000e+00 0.000000e+00 0.000000e+00 0.000000e+00 0.000000e+00 0.000000e+00 0.000000e+00 0.000000e+00 0.000000e+00 0.000000e+00 0.000000e+00 0.000000e+00 0.000000e+00 0.000000e+00 0.000000e+00 0.000000e+00 0.000000e+00 0.000000e+00 0.000000e+00 0.000000e+00 0.000000e+00 0.000000e+00 0.000000e+00 0.000000e+00 0.000000e+00 0.000000e+00 0.000000e+00 0.000000e+00 0.000000e+00
 0.000000e+00 0.000000e+00 0.000000e+00 0.000000e+00 1.666705e-01 8.333294e-01 0.000000e+00 0.000000e+00 0.000000e+00 0.000000e+00 0.000000e+00 0.000000e+00 0.000000e+00 0.000000e+00 0.000000e+00 0.000000e+00 0.000000e+00 0.000000e+00 0.000000e+00 0.000000e+00 0.000000e+00 0.000000e+00 0.000000e+00 0.000000e+00 0.000000e+00 0.000000e+00 0.000000e+00 0.000000e+00 0.000000e+00 0.000000e+00 0.000000e+00 0.000000e+00 0.000000e+00 0.000000e+00 0.000000e+00 0.000000e+00 0.000000e+00 0.000000e+00
 0.000000e+00 0.000000e+00 0.000000e+00 0.000000e+00 0.000000e+00 1.666779e-01 8.333222e-01 0.000000e+00 0.000000e+00 0.000000e+00 0.000000e+00 0.000000e+00 0.000000e+00 0.000000e+00 0.000000e+00 0.000000e+00 0.000000e+00 0.000000e+00 0.000000e+00 0.000000e+00 0.000000e+00 0.000000e+00 0.000000e+00 0.000000e+00 0.000000e+00 0.000000e+00 0.000000e+00 0.000000e+00 0.000000e+00 0.000000e+00 0.000000e+00 0.000000e+00 0.000000e+00 0.000000e+00 0.000000e+00 0.000000e+00 0.000000e+00 0.000000e+00
 0.000000e+00 0.000000e+00 0.000000e+00 0.000000e+00 0.000000e+00 0.000000e+00 5.000000e-01 5.000001e-01 0.000000e+00 0.000000e+00 0.000000e+00 0.000000e+00 0.000000e+00 0.000000e+00 0.000000e+00 0.000000e+00 0.000000e+00 0.000000e+00 0.000000e+00 0.000000e+00 0.000000e+00 0.000000e+00 0.000000e+00 0.000000e+00 0.000000e+00 0.000000e+00 0.000000e+00 0.000000e+00 0.000000e+00 0.000000e+00 0.000000e+00 0.000000e+00 0.000000e+00 0.000000e+00 0.000000e+00 0.000000e+00 0.000000e+00 0.000000e+00
 0.000000e+00 0.000000e+00 0.000000e+00 0.000000e+00 0.000000e+00 0.000000e+00 0.000000e+00 4.444484e-01 5.555516e-01 0.000000e+00 0.000000e+00 0.000000e+00 0.000000e+00 0.000000e+00 0.000000e+00 0.000000e+00 0.000000e+00 0.000000e+00 0.000000e+00 0.000000e+00 0.000000e+00 0.000000e+00 0.000000e+00 0.000000e+00 0.000000e+00 0.000000e+00 0.000000e+00 0.000000e+00 0.000000e+00 0.000000e+00 0.000000e+00 0.000000e+00 0.000000e+00 0.000000e+00 0.000000e+00 0.000000e+00 0.000000e+00 0.000000e+00
 0.000000e+00 0.000000e+00 0.000000e+00 0.000000e+00 0.000000e+00 0.000000e+00 0.000000e+00 0.000000e+00 1.672122e-01 8.327878e-01 0.000000e+00 0.000000e+00 0.000000e+00 0.000000e+00 0.000000e+00 0.000000e+00 0.000000e+00 0.000000e+00 0.000000e+00 0.000000e+00 0.000000e+00 0.000000e+00 0.000000e+00 0.000000e+00 0.000000e+00 0.000000e+00 0.000000e+00 0.000000e+00 0.000000e+00 0.000000e+00 0.000000e+00 0.000000e+00 0.000000e+00 0.000000e+00 0.000000e+00 0.000000e+00 0.000000e+00 0.000000e+00
 0.000000e+00 0.000000e+00 0.000000e+00 0.000000e+00 0.000000e+00 0.000000e+00 0.000000e+00 0.000000e+00 0.000000e+00 3.728522e-01 6.271478e-01 0.000000e+00 0.000000e+00 0.000000e+00 0.000000e+00 0.000000e+00 0.000000e+00 0.000000e+00 0.000000e+00 0.000000e+00 0.000000e+00 0.000000e+00 0.000000e+00 0.000000e+00 0.000000e+00 0.000000e+00 0.000000e+00 0.000000e+00 0.000000e+00 0.000000e+00 0.000000e+00 0.000000e+00 0.000000e+00 0.000000e+00 0.000000e+00 0.000000e+00 0.000000e+00 0.000000e+00
 0.000000e+00 0.000000e+00 0.000000e+00 0.000000e+00 0.000000e+00 0.000000e+00 0.000000e+00 0.000000e+00 0.000000e+00 0.000000e+00 2.881403e-01 7.118598e-01 0.000000e+00 0.000000e+00 0.000000e+00 0.000000e+00 0.000000e+00 0.000000e+00 0.000000e+00 0.000000e+00 0.000000e+00 0.000000e+00 0.000000e+00 0.000000e+00 0.000000e+00 0.000000e+00 0.000000e+00 0.000000e+00 0.000000e+00 0.000000e+00 0.000000e+00 0.000000e+00 0.000000e+00 0.000000e+00 0.000000e+00 0.000000e+00 0.000000e+00 0.000000e+00
 0.000000e+00 0.000000e+00 0.000000e+00 0.000000e+00 0.000000e+00 0.000000e+00 0.000000e+00 0.000000e+00 0.000000e+00 0.000000e+00 0.000000e+00 3.020910e-01 6.979089e-01 0.000000e+00 0.000000e+00 0.000000e+00 0.000000e+00 0.000000e+00 0.000000e+00 0.000000e+00 0.000000e+00 0.000000e+00 0.000000e+00 0.000000e+00 0.000000e+00 0.000000e+00 0.000000e+00 0.000000e+00 0.000000e+00 0.000000e+00 0.000000e+00 0.000000e+00 0.000000e+00 0.000000e+00 0.000000e+00 0.000000e+00 0.000000e+00 0.000000e+00
 0.000000e+00 0.000000e+00 0.000000e+00 0.000000e+00 0.000000e+00 0.000000e+00 0.000000e+00 0.000000e+00 0.000000e+00 0.000000e+00 0.000000e+00 0.000000e+00 3.615685e-01 6.384315e-01 0.000000e+00 0.000000e+00 0.000000e+00 0.000000e+00 0.000000e+00 0.000000e+00 0.000000e+00 0.000000e+00 0.000000e+00 0.000000e+00 0.000000e+00 0.000000e+00 0.000000e+00 0.000000e+00 0.000000e+00 0.000000e+00 0.000000e+00 0.000000e+00 0.000000e+00 0.000000e+00 0.000000e+00 0.000000e+00 0.000000e+00 0.000000e+00
 0.000000e+00 0.000000e+00 0.000000e+00 0.000000e+00 0.000000e+00 0.000000e+00 0.000000e+00 0.000000e+00 0.000000e+00 0.000000e+00 0.000000e+00 0.000000e+00 0.000000e+00 2.860919e-01 7.139082e-01 0.000000e+00 0.000000e+00 0.000000e+00 0.000000e+00 0.000000e+00 0.000000e+00 0.000000e+00 0.000000e+00 0.000000e+00 0.000000e+00 0.000000e+00 0.000000e+00 0.000000e+00 0.000000e+00 0.000000e+00 0.000000e+00 0.000000e+00 0.000000e+00 0.000000e+00 0.000000e+00 0.000000e+00 0.000000e+00 0.000000e+00
 0.000000e+00 0.000000e+00 0.000000e+00 0.000000e+00 0.000000e+00 0.000000e+00 0.000000e+00 0.000000e+00 0.000000e+00 0.000000e+00 0.000000e+00 0.000000e+00 0.000000e+00 0.000000e+00 4.999682e-01 5.000318e-01 0.000000e+00 0.000000e+00 0.000000e+00 0.000000e+00 0.000000e+00 0.000000e+00 0.000000e+00 0.000000e+00 0.000000e+00 0.000000e+00 0.000000e+00 0.000000e+00 0.000000e+00 0.000000e+00 0.000000e+00 0.000000e+00 0.000000e+00 0.000000e+00 0.000000e+00 0.000000e+00 0.000000e+00 0.000000e+00
 0.000000e+00 0.000000e+00 0.000000e+00 0.000000e+00 0.000000e+00 0.000000e+00 0.000000e+00 0.000000e+00 0.000000e+00 0.000000e+00 0.000000e+00 0.000000e+00 0.000000e+00 0.000000e+00 0.000000e+00 1.668132e-01 8.331869e-01 0.000000e+00 0.000000e+00 0.000000e+00 0.000000e+00 0.000000e+00 0.000000e+00 0.000000e+00 0.000000e+00 0.000000e+00 0.000000e+00 0.000000e+00 0.000000e+00 0.000000e+00 0.000000e+00 0.000000e+00 0.000000e+00 0.000000e+00 0.000000e+00 0.000000e+00 0.000000e+00 0.000000e+00
 0.000000e+00 0.000000e+00 0.000000e+00 0.000000e+00 0.000000e+00 0.000000e+00 0.000000e+00 0.000000e+00 0.000000e+00 0.000000e+00 0.000000e+00 0.000000e+00 0.000000e+00 0.000000e+00 0.000000e+00 0.000000e+00 2.856548e-01 7.143452e-01 0.000000e+00 0.000000e+00 0.000000e+00 0.000000e+00 0.000000e+00 0.000000e+00 0.000000e+00 0.000000e+00 0.000000e+00 0.000000e+00 0.000000e+00 0.000000e+00 0.000000e+00 0.000000e+00 0.000000e+00 0.000000e+00 0.000000e+00 0.000000e+00 0.000000e+00 0.000000e+00
 0.000000e+00 0.000000e+00 0.000000e+00 0.000000e+00 0.000000e+00 0.000000e+00 0.000000e+00 0.000000e+00 0.000000e+00 0.000000e+00 0.000000e+00 0.000000e+00 0.000000e+00 0.000000e+00 0.000000e+00 0.000000e+00 0.000000e+00 2.856796e-01 7.143204e-01 0.000000e+00 0.000000e+00 0.000000e+00 0.000000e+00 0.000000e+00 0.000000e+00 0.000000e+00 0.000000e+00 0.000000e+00 0.000000e+00 0.000000e+00 0.000000e+00 0.000000e+00 0.000000e+00 0.000000e+00 0.000000e+00 0.000000e+00 0.000000e+00 0.000000e+00
 0.000000e+00 0.000000e+00 0.000000e+00 0.000000e+00 0.000000e+00 0.000000e+00 0.000000e+00 0.000000e+00 0.000000e+00 0.000000e+00 0.000000e+00 0.000000e+00 0.000000e+00 0.000000e+00 0.000000e+00 0.000000e+00 0.000000e+00 0.000000e+00 3.750216e-01 6.249784e-01 0.000000e+00 0.000000e+00 0.000000e+00 0.000000e+00 0.000000e+00 0.000000e+00 0.000000e+00 0.000000e+00 0.000000e+00 0.000000e+00 0.000000e+00 0.000000e+00 0.000000e+00 0.000000e+00 0.000000e+00 0.000000e+00 0.000000e+00 0.000000e+00
 0.000000e+00 0.000000e+00 0.000000e+00 0.000000e+00 0.000000e+00 0.000000e+00 0.000000e+00 0.000000e+00 0.000000e+00 0.000000e+00 0.000000e+00 0.000000e+00 0.000000e+00 0.000000e+00 0.000000e+00 0.000000e+00 0.000000e+00 0.000000e+00 0.000000e+00 4.444619e-01 5.555381e-01 0.000000e+00 0.000000e+00 0.000000e+00 0.000000e+00 0.000000e+00 0.000000e+00 0.000000e+00 0.000000e+00 0.000000e+00 0.000000e+00 0.000000e+00 0.000000e+00 0.000000e+00 0.000000e+00 0.000000e+00 0.000000e+00 0.000000e+00
 0.000000e+00 0.000000e+00 0.000000e+00 0.000000e+00 0.000000e+00 0.000000e+00 0.000000e+00 0.000000e+00 0.000000e+00 0.000000e+00 0.000000e+00 0.000000e+00 0.000000e+00 0.000000e+00 0.000000e+00 0.000000e+00 0.000000e+00 0.000000e+00 0.000000e+00 0.000000e+00 4.995229e-01 5.004771e-01 0.000000e+00 0.000000e+00 0.000000e+00 0.000000e+00 0.000000e+00 0.000000e+00 0.000000e+00 0.000000e+00 0.000000e+00 0.000000e+00 0.000000e+00 0.000000e+00 0.000000e+00 0.000000e+00 0.000000e+00 0.000000e+00
 0.000000e+00 0.000000e+00 0.000000e+00 0.000000e+00 0.000000e+00 0.000000e+00 0.000000e+00 0.000000e+00 0.000000e+00 0.000000e+00 0.000000e+00 0.000000e+00 0.000000e+00 0.000000e+00 0.000000e+00 0.000000e+00 0.000000e+00 0.000000e+00 0.000000e+00 0.000000e+00 0.000000e+00 2.867197e-01 7.132803e-01 0.000000e+00 0.000000e+00 0.000000e+00 0.000000e+00 0.000000e+00 0.000000e+00 0.000000e+00 0.000000e+00 0.000000e+00 0.000000e+00 0.000000e+00 0.000000e+00 0.000000e+00 0.000000e+00 0.000000e+00
 0.000000e+00 0.000000e+00 0.000000e+00 0.000000e+00 0.000000e+00 0.000000e+00 0.000000e+00 0.000000e+00 0.000000e+00 0.000000e+00 0.000000e+00 0.000000e+00 0.000000e+00 0.000000e+00 0.000000e+00 0.000000e+00 0.000000e+00 0.000000e+00 0.000000e+00 0.000000e+00 0.000000e+00 0.000000e+00 1.692236e-01 8.307765e-01 0.000000e+00 0.000000e+00 0.000000e+00 0.000000e+00 0.000000e+00 0.000000e+00 0.000000e+00 0.000000e+00 0.000000e+00 0.000000e+00 0.000000e+00 0.000000e+00 0.000000e+00 0.000000e+00
 0.000000e+00 0.000000e+00 0.000000e+00 0.000000e+00 0.000000e+00 0.000000e+00 0.000000e+00 0.000000e+00 0.000000e+00 0.000000e+00 0.000000e+00 0.000000e+00 0.000000e+00 0.000000e+00 0.000000e+00 0.000000e+00 0.000000e+00 0.000000e+00 0.000000e+00 0.000000e+00 0.000000e+00 0.000000e+00 0.000000e+00 4.400364e-01 5.599636e-01 0.000000e+00 0.000000e+00 0.000000e+00 0.000000e+00 0.000000e+00 0.000000e+00 0.000000e+00 0.000000e+00 0.000000e+00 0.000000e+00 0.000000e+00 0.000000e+00 0.000000e+00
 0.000000e+00 0.000000e+00 0.000000e+00 0.000000e+00 0.000000e+00 0.000000e+00 0.000000e+00 0.000000e+00 0.000000e+00 0.000000e+00 0.000000e+00 0.000000e+00 0.000000e+00 0.000000e+00 0.000000e+00 0.000000e+00 0.000000e+00 0.000000e+00 0.000000e+00 0.000000e+00 0.000000e+00 0.000000e+00 0.000000e+00 0.000000e+00 1.743312e-01 8.256688e-01 0.000000e+00 0.000000e+00 0.000000e+00 0.000000e+00 0.000000e+00 0.000000e+00 0.000000e+00 0.000000e+00 0.000000e+00 0.000000e+00 0.000000e+00 0.000000e+00
 0.000000e+00 0.000000e+00 0.000000e+00 0.000000e+00 0.000000e+00 0.000000e+00 0.000000e+00 0.000000e+00 0.000000e+00 0.000000e+00 0.000000e+00 0.000000e+00 0.000000e+00 0.000000e+00 0.000000e+00 0.000000e+00 0.000000e+00 0.000000e+00 0.000000e+00 0.000000e+00 0.000000e+00 0.000000e+00 0.000000e+00 0.000000e+00 0.000000e+00 2.848243e-01 7.151757e-01 0.000000e+00 0.000000e+00 0.000000e+00 0.000000e+00 0.000000e+00 0.000000e+00 0.000000e+00 0.000000e+00 0.000000e+00 0.000000e+00 0.000000e+00
 0.000000e+00 0.000000e+00 0.000000e+00 0.000000e+00 0.000000e+00 0.000000e+00 0.000000e+00 0.000000e+00 0.000000e+00 0.000000e+00 0.000000e+00 0.000000e+00 0.000000e+00 0.000000e+00 0.000000e+00 0.000000e+00 0.000000e+00 0.000000e+00 0.000000e+00 0.000000e+00 0.000000e+00 0.000000e+00 0.000000e+00 0.000000e+00 0.000000e+00 0.000000e+00 3.753807e-01 6.246194e-01 0.000000e+00 0.000000e+00 0.000000e+00 0.000000e+00 0.000000e+00 0.000000e+00 0.000000e+00 0.000000e+00 0.000000e+00 0.000000e+00
 0.000000e+00 0.000000e+00 0.000000e+00 0.000000e+00 0.000000e+00 0.000000e+00 0.000000e+00 0.000000e+00 0.000000e+00 0.000000e+00 0.000000e+00 0.000000e+00 0.000000e+00 0.000000e+00 0.000000e+00 0.000000e+00 0.000000e+00 0.000000e+00 0.000000e+00 0.000000e+00 0.000000e+00 0.000000e+00 0.000000e+00 0.000000e+00 0.000000e+00 0.000000e+00 0.000000e+00 2.862811e-01 7.137189e-01 0.000000e+00 0.000000e+00 0.000000e+00 0.000000e+00 0.000000e+00 0.000000e+00 0.000000e+00 0.000000e+00 0.000000e+00
 0.000000e+00 0.000000e+00 0.000000e+00 0.000000e+00 0.000000e+00 0.000000e+00 0.000000e+00 0.000000e+00 0.000000e+00 0.000000e+00 0.000000e+00 0.000000e+00 0.000000e+00 0.000000e+00 0.000000e+00 0.000000e+00 0.000000e+00 0.000000e+00 0.000000e+00 0.000000e+00 0.000000e+00 0.000000e+00 0.000000e+00 0.000000e+00 0.000000e+00 0.000000e+00 0.000000e+00 0.000000e+00 3.788939e-01 6.211061e-01 0.000000e+00 0.000000e+00 0.000000e+00 0.000000e+00 0.000000e+00 0.000000e+00 0.000000e+00 0.000000e+00
 0.000000e+00 0.000000e+00 0.000000e+00 0.000000e+00 0.000000e+00 0.000000e+00 0.000000e+00 0.000000e+00 0.000000e+00 0.000000e+00 0.000000e+00 0.000000e+00 0.000000e+00 0.000000e+00 0.000000e+00 0.000000e+00 0.000000e+00 0.000000e+00 0.000000e+00 0.000000e+00 0.000000e+00 0.000000e+00 0.000000e+00 0.000000e+00 0.000000e+00 0.000000e+00 0.000000e+00 0.000000e+00 0.000000e+00 1.587447e-01 8.412553e-01 0.000000e+00 0.000000e+00 0.000000e+00 0.000000e+00 0.000000e+00 0.000000e+00 0.000000e+00
 0.000000e+00 0.000000e+00 0.000000e+00 0.000000e+00 0.000000e+00 0.000000e+00 0.000000e+00 0.000000e+00 0.000000e+00 0.000000e+00 0.000000e+00 0.000000e+00 0.000000e+00 0.000000e+00 0.000000e+00 0.000000e+00 0.000000e+00 0.000000e+00 0.000000e+00 0.000000e+00 0.000000e+00 0.000000e+00 0.000000e+00 0.000000e+00 0.000000e+00 0.000000e+00 0.000000e+00 0.000000e+00 0.000000e+00 0.000000e+00 2.863327e-01 7.136673e-01 0.000000e+00 0.000000e+00 0.000000e+00 0.000000e+00 0.000000e+00 0.000000e+00
 0.000000e+00 0.000000e+00 0.000000e+00 0.000000e+00 0.000000e+00 0.000000e+00 0.000000e+00 0.000000e+00 0.000000e+00 0.000000e+00 0.000000e+00 0.000000e+00 0.000000e+00 0.000000e+00 0.000000e+00 0.000000e+00 0.000000e+00 0.000000e+00 0.000000e+00 0.000000e+00 0.000000e+00 0.000000e+00 0.000000e+00 0.000000e+00 0.000000e+00 0.000000e+00 0.000000e+00 0.000000e+00 0.000000e+00 0.000000e+00 0.000000e+00 4.997384e-01 5.002616e-01 0.000000e+00 0.000000e+00 0.000000e+00 0.000000e+00 0.000000e+00
 0.000000e+00 0.000000e+00 0.000000e+00 0.000000e+00 0.000000e+00 0.000000e+00 0.000000e+00 0.000000e+00 0.000000e+00 0.000000e+00 0.000000e+00 0.000000e+00 0.000000e+00 0.000000e+00 0.000000e+00 0.000000e+00 0.000000e+00 0.000000e+00 0.000000e+00 0.000000e+00 0.000000e+00 0.000000e+00 0.000000e+00 0.000000e+00 0.000000e+00 0.000000e+00 0.000000e+00 0.000000e+00 0.000000e+00 0.000000e+00 0.000000e+00 0.000000e+00 1.175748e-28 1.000000e+00 0.000000e+00 0.000000e+00 0.000000e+00 0.000000e+00
 0.000000e+00 0.000000e+00 0.000000e+00 0.000000e+00 0.000000e+00 0.000000e+00 0.000000e+00 0.000000e+00 0.000000e+00 0.000000e+00 0.000000e+00 0.000000e+00 0.000000e+00 0.000000e+00 0.000000e+00 0.000000e+00 0.000000e+00 0.000000e+00 0.000000e+00 0.000000e+00 0.000000e+00 0.000000e+00 0.000000e+00 0.000000e+00 0.000000e+00 0.000000e+00 0.000000e+00 0.000000e+00 0.000000e+00 0.000000e+00 0.000000e+00 0.000000e+00 0.000000e+00 3.755216e-01 6.244784e-01 0.000000e+00 0.000000e+00 0.000000e+00
 0.000000e+00 0.000000e+00 0.000000e+00 0.000000e+00 0.000000e+00 0.000000e+00 0.000000e+00 0.000000e+00 0.000000e+00 0.000000e+00 0.000000e+00 0.000000e+00 0.000000e+00 0.000000e+00 0.000000e+00 0.000000e+00 0.000000e+00 0.000000e+00 0.000000e+00 0.000000e+00 0.000000e+00 0.000000e+00 0.000000e+00 0.000000e+00 0.000000e+00 0.000000e+00 0.000000e+00 0.000000e+00 0.000000e+00 0.000000e+00 0.000000e+00 0.000000e+00 0.000000e+00 0.000000e+00 4.438484e-01 5.561516e-01 0.000000e+00 0.000000e+00
 0.000000e+00 0.000000e+00 0.000000e+00 0.000000e+00 0.000000e+00 0.000000e+00 0.000000e+00 0.000000e+00 0.000000e+00 0.000000e+00 0.000000e+00 0.000000e+00 0.000000e+00 0.000000e+00 0.000000e+00 0.000000e+00 0.000000e+00 0.000000e+00 0.000000e+00 0.000000e+00 0.000000e+00 0.000000e+00 0.000000e+00 0.000000e+00 0.000000e+00 0.000000e+00 0.000000e+00 0.000000e+00 0.000000e+00 0.000000e+00 0.000000e+00 0.000000e+00 0.000000e+00 0.000000e+00 0.000000e+00 3.752358e-01 6.247642e-01 0.000000e+00
 0.000000e+00 0.000000e+00 0.000000e+00 0.000000e+00 0.000000e+00 0.000000e+00 0.000000e+00 0.000000e+00 0.000000e+00 0.000000e+00 0.000000e+00 0.000000e+00 0.000000e+00 0.000000e+00 0.000000e+00 0.000000e+00 0.000000e+00 0.000000e+00 0.000000e+00 0.000000e+00 0.000000e+00 0.000000e+00 0.000000e+00 0.000000e+00 0.000000e+00 0.000000e+00 0.000000e+00 0.000000e+00 0.000000e+00 0.000000e+00 0.000000e+00 0.000000e+00 0.000000e+00 0.000000e+00 0.000000e+00 0.000000e+00 0.000000e+00 1.000000e+00
 0.000000e+00 0.000000e+00 0.000000e+00 0.000000e+00 0.000000e+00 0.000000e+00 0.000000e+00 0.000000e+00 0.000000e+00 0.000000e+00 0.000000e+00 0.000000e+00 0.000000e+00 0.000000e+00 0.000000e+00 0.000000e+00 0.000000e+00 0.000000e+00 0.000000e+00 0.000000e+00 0.000000e+00 0.000000e+00 0.000000e+00 0.000000e+00 0.000000e+00 0.000000e+00 0.000000e+00 0.000000e+00 0.000000e+00 0.000000e+00 0.000000e+00 0.000000e+00 0.000000e+00 0.000000e+00 0.000000e+00 0.000000e+00 0.000000e+00 0.000000e+00
<ENDHMM>
