~o
<STREAMINFO> 1 39
<VECSIZE> 39<NULLD><MFCC_E_D_A><DIAGC>
~h "Chin"
<BEGINHMM>
<NUMSTATES> 34
<STATE> 2
<MEAN> 39
 -6.384542e+00 -8.724405e+00 -7.753544e-01 -1.043638e+00 3.352925e+00 -3.839208e+00 6.785139e-02 -2.606984e+00 5.497231e-01 -3.374754e+00 9.140264e-01 -2.200848e+00 4.391658e-02 -2.928961e-01 4.010968e-01 2.561443e-01 -1.101264e-01 -1.591847e-01 -2.455646e-01 2.466784e-01 -3.734031e-02 7.738135e-02 -3.183828e-01 5.857997e-01 3.870454e-01 2.802430e-02 -6.872558e-01 6.674730e-01 -2.746054e-01 -1.024764e+00 1.487551e-01 -3.405341e-01 1.746593e-01 4.459898e-01 5.440052e-02 -1.295764e-01 2.913515e-01 6.643771e-02 2.758262e-02
<VARIANCE> 39
 4.423609e+00 4.505082e+00 2.555504e+00 2.971001e+00 6.796192e+00 5.377006e+00 8.250438e+00 5.520298e+00 2.801921e+01 4.535748e+00 4.795005e+00 8.126117e+00 5.000000e-02 6.819355e-01 6.936804e-01 6.028007e-01 7.013394e-01 8.925005e-01 8.646247e-01 1.659199e+00 6.530622e-01 1.772528e+00 9.571289e-01 5.871878e-01 5.485488e-01 5.000000e-02 5.189626e-01 1.188596e-01 1.087245e-01 1.336468e-01 1.697795e-01 2.412267e-01 1.262469e-01 7.862283e-02 4.284502e-01 2.564333e-01 9.483100e-02 5.413989e-02 5.000000e-02
<GCONST> 5.893587e+01
<STATE> 3
<MEAN> 39
 -6.104627e+00 -8.643722e+00 -9.337187e-01 -2.206274e+00 -3.286904e-01 -4.235026e+00 2.146570e+00 -1.727545e+00 6.530716e-01 -3.738853e+00 3.761736e+00 -1.549108e+00 8.333343e-02 -2.369503e+00 2.554444e+00 -6.573080e-01 -3.403828e+00 1.135360e+00 -1.158959e+00 -4.051629e-01 1.231008e+00 -4.914877e-01 -8.872010e-01 3.918524e-01 1.734750e-01 1.126087e-01 -5.422037e-01 4.444802e-01 -4.170073e-01 -1.630616e+00 -6.384036e-02 -7.006228e-01 -7.244974e-01 -1.755588e-01 -1.206657e-01 -2.401518e-01 -5.890455e-01 -1.614574e-01 3.914458e-02
<VARIANCE> 39
 1.880685e+00 2.731918e+00 5.270812e+00 8.018390e+00 2.663384e+00 3.825028e+00 8.136012e+00 7.025683e+00 8.037462e+00 6.353076e+00 5.687091e+00 4.510643e+00 5.000000e-02 4.654903e+00 1.463935e+00 1.451932e+00 1.891439e+00 1.822380e+00 2.690226e+00 1.346120e+00 3.742135e-01 1.220354e+00 1.065961e+00 5.327905e-01 1.053810e-01 5.000000e-02 2.328005e-01 2.073980e-01 4.300466e-01 1.242446e-01 1.167599e-01 7.895268e-01 3.304932e-01 1.194914e-01 2.474379e-01 1.699551e-01 3.351817e-01 8.948753e-02 5.000000e-02
<GCONST> 6.458059e+01
<STATE> 4
<MEAN> 39
 -1.430876e+01 -1.008362e+00 -1.429596e+00 -8.635350e+00 6.611728e+00 -6.826910e+00 -2.603442e-01 2.539311e+00 -1.576774e+00 -5.819931e+00 2.388389e+00 -1.008012e+00 3.876408e-01 -2.922503e+00 2.681455e+00 -1.539984e+00 -6.147876e+00 2.984741e-01 -2.817415e+00 -2.462965e+00 -3.694364e-01 -7.426896e-01 -9.587718e-01 -1.207387e+00 2.561998e-01 1.575533e-01 5.581304e-01 -1.131013e+00 2.708974e-01 -5.446997e-01 -1.561427e+00 -3.520975e-01 -1.545485e-02 -7.612648e-01 5.767391e-01 2.986320e-01 -5.971872e-01 -4.773672e-01 1.228254e-02
<VARIANCE> 39
 5.702705e+01 1.817220e+01 1.604015e+01 1.576887e+01 1.824730e+01 9.285061e+00 4.839117e+01 1.583808e+01 8.034527e+00 2.205430e+01 5.969593e+00 1.052432e+01 5.000000e-02 8.854154e-01 9.397500e-01 2.717923e+00 4.936541e-01 2.414024e+00 5.589965e+00 2.179423e+00 7.496556e-01 9.504959e-01 2.048979e+00 3.387228e+00 1.221032e-01 5.000000e-02 9.412677e-01 3.750598e-01 1.615193e-01 3.740299e-01 1.182481e-01 5.000000e-02 4.092580e-01 2.505325e-01 1.638193e-01 1.921156e-01 2.944873e-01 5.011578e-02 5.000000e-02
<GCONST> 8.031473e+01
<STATE> 5
<MEAN> 39
 -1.759438e+01 2.066340e+00 -7.622820e+00 -2.167790e+01 8.754422e+00 -1.093385e+01 -3.896111e+00 -5.491915e-01 -1.020115e+00 -5.346604e+00 1.204086e+00 -1.586047e+00 5.507056e-01 -8.123921e-01 4.784497e-02 5.818976e-02 -5.413548e+00 -3.376202e+00 -2.776290e+00 -1.266384e+00 -1.642460e+00 1.140264e+00 -8.438699e-01 -1.691961e+00 -1.159939e+00 1.544114e-01 1.316759e+00 -1.792328e+00 1.050703e+00 9.246126e-01 -1.947476e+00 4.839047e-01 6.954779e-01 -1.846352e-01 9.203027e-01 6.922004e-01 -4.444909e-02 -4.579542e-01 -1.240405e-02
<VARIANCE> 39
 1.887527e+01 1.128609e+01 3.107059e+01 1.671581e+01 2.258653e+01 4.900410e+01 3.196887e+01 1.209798e+01 1.319188e+01 3.328802e+01 5.519033e+00 6.526974e+00 5.000000e-02 1.417807e+00 9.751132e-01 3.342596e+00 9.416738e-02 3.229700e+00 2.889423e+00 2.296709e-01 7.572049e-01 5.023959e-01 7.730703e-01 2.122812e+00 3.291429e-01 5.000000e-02 2.726958e-01 5.497438e-01 5.980950e-01 3.168526e-01 3.205581e-01 4.897454e-01 6.282156e-01 3.582889e-01 1.763945e-01 8.004818e-01 1.281108e-01 7.124766e-02 5.000000e-02
<GCONST> 8.173006e+01
<STATE> 6
<MEAN> 39
 -1.253358e+01 -3.795033e+00 -2.684037e+00 -2.379770e+01 -7.139771e+00 -1.622769e+01 -4.001128e+00 -5.248467e+00 1.658987e+00 -8.358754e+00 -2.533857e+00 -3.893291e+00 7.624288e-01 1.330076e+00 -3.732181e+00 1.377467e+00 -2.269590e+00 -4.991775e+00 -8.610374e-01 1.125288e+00 -8.136693e-02 2.703501e+00 1.970805e+00 -6.590469e-01 -1.533554e+00 1.079556e-01 3.960080e-01 -7.768178e-01 4.909006e-01 1.310125e+00 1.325103e-01 1.078151e+00 8.468808e-01 8.326833e-01 6.007366e-01 1.160152e+00 4.908326e-01 4.725807e-02 -2.835035e-02
<VARIANCE> 39
 9.923572e+00 2.411447e+01 3.003915e+01 4.383921e+00 2.164306e+01 4.083937e+01 2.281210e+01 7.128391e+00 1.364952e+01 1.316504e+01 3.286041e+01 1.294938e+01 5.000000e-02 1.095036e+00 2.042331e+00 3.125509e+00 2.504688e+00 9.847736e-01 1.246777e+00 1.673417e+00 3.985235e+00 4.180847e-01 2.647206e+00 1.418985e+00 7.435590e-01 5.000000e-02 2.700728e-01 6.982428e-01 3.465717e-01 1.068987e-01 5.561309e-01 4.770626e-01 2.090517e-01 1.580189e-01 2.811258e-01 3.109708e-01 4.488658e-01 1.452754e-01 5.000000e-02
<GCONST> 8.642085e+01
<STATE> 7
<MEAN> 39
 -1.230332e+01 -1.097072e+01 -5.496591e-02 -2.691409e+01 -1.035346e+01 -1.322496e+01 1.193255e-01 -4.704002e-01 7.187435e+00 -8.013121e-01 -1.690215e+00 -6.462403e+00 8.832892e-01 3.296808e-01 -2.586168e+00 1.575728e+00 -1.255265e+00 -2.600655e+00 1.029916e+00 1.782281e+00 1.578160e+00 2.709822e+00 3.043154e+00 1.240603e-01 -1.002873e+00 7.159288e-02 -4.336899e-01 9.130003e-01 -2.045263e-01 8.073378e-01 1.347113e+00 4.282464e-01 -6.520323e-02 2.223209e-01 -3.258589e-01 1.384421e-01 3.995605e-01 5.236844e-01 -2.281626e-02
<VARIANCE> 39
 8.341516e+00 9.312770e+00 3.798271e+01 4.484342e+00 1.173854e+01 2.867568e+01 2.077160e+01 2.066840e+01 1.363401e+01 1.566043e+00 3.747225e+01 3.388245e-01 5.000000e-02 2.590174e-01 5.844594e-01 1.010210e+00 1.534565e+00 2.523277e+00 9.264699e-01 4.405056e-01 2.775631e+00 3.968146e-01 1.778754e+00 7.840966e-01 2.887296e-01 5.000000e-02 1.866222e-01 3.936762e-01 1.941597e-01 1.127810e-01 5.000000e-02 1.341113e-01 3.300561e-01 3.374799e-01 1.751066e-01 4.167108e-01 4.606259e-01 5.993867e-02 5.000000e-02
<GCONST> 6.759159e+01
<STATE> 8
<MEAN> 39
 -1.183974e+01 -1.122146e+01 1.911008e+00 -2.694534e+01 -1.292003e+01 -1.194632e+01 1.429074e+00 2.241657e+00 1.003410e+01 3.122796e+00 -1.966079e+00 -6.247395e+00 9.511580e-01 9.789691e-02 -5.746005e-01 8.693417e-01 -1.731846e-01 -9.587232e-01 2.262793e-01 9.875830e-02 3.958339e-01 1.496431e+00 2.326978e+00 2.278876e-01 -1.989912e-01 3.763876e-02 -2.082787e-01 7.582251e-01 -5.057268e-01 4.320611e-01 7.252585e-01 -3.239069e-02 -4.198463e-01 -5.543424e-01 -5.155329e-01 -6.940654e-01 2.130814e-01 2.432315e-01 -1.948425e-02
<VARIANCE> 39
 7.123876e+00 7.345724e+00 2.549261e+01 9.875541e+00 1.188320e+01 3.786271e+01 1.300785e+01 2.251777e+01 5.324586e+00 6.083054e+00 2.282064e+01 2.443409e+00 5.000000e-02 5.731772e-01 2.328288e-01 2.466206e-01 9.315138e-01 6.469865e-01 8.582212e-01 1.792224e+00 1.978828e+00 6.551918e-01 1.379820e+00 1.236262e+00 3.125682e-01 5.000000e-02 5.000000e-02 3.779353e-01 1.303994e-01 1.386393e-01 3.450094e-01 7.739785e-02 2.781551e-01 2.155219e-01 5.642554e-02 3.587730e-01 2.520599e-01 1.228918e-01 5.000000e-02
<GCONST> 6.581144e+01
<STATE> 9
<MEAN> 39
 -1.256942e+01 -1.091675e+01 2.031521e+00 -2.647020e+01 -1.462971e+01 -1.271801e+01 -1.221457e+00 -2.791285e+00 1.113984e+01 3.234338e+00 -9.628059e-01 -6.773045e+00 9.869119e-01 -1.467757e-02 -1.608791e-01 -9.632723e-02 1.256109e-01 -6.238498e-01 4.297793e-01 2.765584e-01 -5.002204e-01 8.432112e-01 6.639017e-01 7.954039e-01 -1.160035e-02 1.406852e-02 5.315885e-02 2.165909e-01 -2.505152e-01 1.100748e-01 3.033487e-01 1.329681e-01 1.539839e-01 -2.116639e-02 -2.897382e-01 -7.628057e-01 -1.203061e-01 -7.569994e-04 -1.485330e-02
<VARIANCE> 39
 7.753686e+00 7.272030e+00 1.908028e+01 5.094469e+00 1.429962e+01 5.456722e+01 1.459193e+01 5.241938e+01 4.593440e+00 3.203369e+00 5.648375e+00 7.917209e+00 5.000000e-02 4.438384e-01 4.152783e-01 8.069469e-01 4.826880e-01 5.204142e-01 9.269016e-01 1.457556e+00 1.578128e+00 1.105150e+00 6.430229e-01 7.417659e-01 7.668148e-01 5.000000e-02 5.208483e-02 1.141075e-01 1.188807e-01 1.587540e-01 1.984972e-01 7.766081e-02 3.093319e-01 3.773465e-01 1.597829e-01 2.411754e-01 2.431731e-01 9.809814e-02 5.000000e-02
<GCONST> 6.524403e+01
<STATE> 10
<MEAN> 39
 -1.214008e+01 -1.120672e+01 2.510782e+00 -2.561940e+01 -1.475710e+01 -1.159056e+01 1.167189e+00 -2.807225e+00 1.296153e+01 5.741057e+00 6.341802e-01 -6.321471e+00 9.850020e-01 2.100374e-01 -2.265127e-01 -3.534299e-01 3.855423e-02 -4.454128e-01 8.322278e-01 1.060085e+00 6.209747e-01 8.035868e-01 -1.038387e+00 -5.395479e-01 -1.263088e-01 -1.066163e-02 1.246961e-01 1.034806e-01 -1.295814e-01 -2.783794e-01 2.975071e-01 2.645567e-01 -5.580646e-02 2.903083e-01 -7.892175e-01 -1.068507e+00 -6.789552e-01 5.443343e-03 -1.264757e-02
<VARIANCE> 39
 6.938037e+00 5.566359e+00 2.324797e+01 1.063242e+01 2.689465e+01 3.097519e+01 1.867438e+01 6.331345e+01 4.001115e+00 6.522745e+00 1.543843e+01 1.104222e+01 5.000000e-02 7.581963e-01 4.652132e-01 7.154986e-01 4.535272e-01 5.381199e-01 2.465023e-01 4.406607e-01 1.397635e+00 1.831433e+00 1.105990e+00 1.642492e+00 8.124225e-01 5.000000e-02 6.324264e-02 5.239259e-02 2.322027e-01 2.336212e-01 1.335779e-01 1.908413e-01 5.079855e-01 6.636230e-01 3.151202e-01 2.954932e-01 2.284542e-01 1.418591e-01 5.000000e-02
<GCONST> 7.119280e+01
<STATE> 11
<MEAN> 39
 -1.182744e+01 -1.167236e+01 9.989223e-02 -2.797027e+01 -1.325316e+01 -1.249058e+01 4.515048e+00 1.284777e+00 1.383961e+01 2.464428e+00 -7.217201e-01 -6.717864e+00 9.728296e-01 2.198226e-01 -1.645026e-01 1.255620e-01 -8.265164e-01 1.008881e-01 7.370498e-01 7.252251e-01 -1.451471e-01 -9.593028e-01 -2.237774e+00 -1.236357e+00 -2.839596e-01 -2.065808e-02 3.538519e-01 -7.771597e-02 2.357191e-03 2.171102e-02 2.093053e-01 -1.048360e-01 -5.315077e-01 -4.104942e-01 -1.193227e+00 -3.768794e-01 -4.689016e-01 2.701407e-01 -7.973233e-03
<VARIANCE> 39
 6.469680e+00 4.184666e+00 1.366276e+01 1.361876e+01 4.934209e+01 6.645184e+01 2.416148e+01 4.467064e+01 2.815002e+00 2.055236e+00 2.267568e+01 6.884194e+00 5.000000e-02 2.704879e-01 3.920870e-01 1.288749e+00 1.395728e+00 9.598489e-01 1.375339e+00 2.950361e+00 3.115857e+00 1.045727e+00 8.119529e-01 1.822423e+00 3.383904e-01 5.000000e-02 8.341351e-02 7.658625e-02 1.604023e-01 1.867802e-01 2.527002e-01 8.192544e-02 3.630267e-01 3.074782e-01 4.129471e-01 2.731614e-01 2.247903e-01 3.366306e-01 5.000000e-02
<GCONST> 7.389757e+01
<STATE> 12
<MEAN> 39
 -1.146825e+01 -1.168241e+01 1.796508e+00 -2.634208e+01 -1.640881e+01 -4.993585e+00 1.077146e+00 -1.012537e+00 9.630092e+00 -3.172026e+00 -3.208750e+00 -7.908645e+00 9.176649e-01 8.015805e-01 1.841556e-01 -4.431941e-02 -4.382088e-01 9.372625e-01 4.784305e-01 -9.573636e-01 -1.173818e+00 -2.456086e+00 -1.651066e+00 -1.314232e+00 6.490156e-01 -2.714581e-02 3.461812e-01 -5.870817e-02 -5.670754e-02 1.936126e-02 4.844444e-01 -3.733412e-01 -5.106675e-01 -4.777376e-01 -3.706171e-01 5.790849e-01 -2.052809e-01 3.360622e-01 -1.502879e-03
<VARIANCE> 39
 2.992996e+00 4.720871e+00 4.503768e+00 1.068691e+01 3.855259e+01 7.998391e+01 3.168579e+01 1.654268e+01 8.069120e+00 6.212852e+00 7.756290e+00 4.167065e+00 5.000000e-02 2.940608e-01 1.720215e-01 8.522212e-01 1.041008e+00 1.153853e+00 6.211652e-01 1.306309e+00 2.480212e+00 1.788905e+00 2.159631e+00 8.618147e-01 6.636322e-01 5.000000e-02 6.008641e-02 5.000000e-02 1.182005e-01 3.243213e-01 3.809558e-01 3.631972e-01 3.135166e-01 1.413142e-01 3.055368e-01 1.798484e-01 8.051332e-02 1.333085e-01 5.000000e-02
<GCONST> 6.783031e+01
<STATE> 13
<MEAN> 39
 -8.760676e+00 -1.261077e+01 1.614902e+00 -3.021622e+01 -1.226196e+01 -9.958564e+00 6.950260e-01 -3.353898e+00 4.692014e+00 -2.993007e+00 -6.876035e+00 -4.692246e+00 8.745791e-01 1.748997e+00 -3.979087e-01 -2.480401e-01 -2.144389e-02 1.079445e+00 -1.122363e-01 -1.221620e+00 -1.166595e+00 -2.938078e+00 -1.177599e-01 -1.975721e+00 1.482155e+00 -2.796836e-02 3.634351e-01 -1.382219e-01 -1.281866e-01 6.116972e-01 -2.620872e-01 1.418706e-02 -1.316409e-01 -2.057128e-01 3.233688e-01 3.956629e-01 -5.328983e-02 1.050181e-01 6.053466e-04
<VARIANCE> 39
 7.723208e+00 5.924150e+00 8.205720e+00 4.814123e+00 1.549120e+01 5.861712e+01 4.570486e+01 1.727262e+01 1.488382e+01 2.451421e+01 1.547251e+01 6.407957e+00 5.000000e-02 3.139846e-01 1.560662e-01 1.050854e+00 1.952759e+00 2.762418e+00 2.580877e+00 2.063224e+00 1.667783e+00 1.490508e+00 2.613642e+00 2.758005e-01 1.556903e+00 5.000000e-02 5.503358e-02 5.000000e-02 8.001581e-02 1.457746e-01 2.184842e-01 1.777781e-01 7.717680e-01 5.468017e-01 1.958047e-01 2.563106e-01 2.407827e-01 5.277478e-02 5.000000e-02
<GCONST> 7.377050e+01
<STATE> 14
<MEAN> 39
 -6.694371e+00 -1.236789e+01 1.641680e-01 -2.843352e+01 -9.633592e+00 -9.830178e+00 -5.705573e-01 -3.520904e+00 6.519490e-01 -1.537838e+00 -7.575160e+00 -3.899117e+00 8.595712e-01 1.833006e+00 -4.498256e-01 -5.656630e-01 1.280088e+00 -6.218067e-03 3.120040e-01 -8.080896e-01 -1.232091e+00 -1.121305e+00 -6.186903e-01 -1.677144e+00 8.920214e-01 -2.407609e-02 1.238994e-01 -8.816997e-02 -6.687246e-02 1.899503e-01 -3.775357e-01 2.862349e-01 8.389060e-02 2.013941e-02 6.059873e-01 -1.181015e-01 2.087036e-01 -1.000869e-01 2.457702e-03
<VARIANCE> 39
 1.431993e+01 1.098711e+01 1.261219e+01 8.404805e+00 8.058607e+00 2.741709e+01 1.429493e+01 7.101496e+00 8.169957e+00 2.340270e+01 1.583216e+01 1.115873e+01 5.000000e-02 3.834802e-01 1.522986e-01 2.216871e-01 4.092009e-01 1.937813e+00 7.437460e-01 2.683390e+00 2.922610e-01 1.004761e+00 3.696725e-01 1.153508e+00 1.119447e+00 5.000000e-02 1.405597e-01 8.911033e-02 1.099630e-01 3.232684e-01 7.771963e-01 2.526647e-01 3.943754e-01 4.105332e-01 1.843036e-01 5.026578e-01 2.552990e-01 1.720434e-01 5.000000e-02
<GCONST> 7.033514e+01
<STATE> 15
<MEAN> 39
 -3.413601e+00 -1.356097e+01 -5.564889e-01 -2.504354e+01 -1.233569e+01 -8.095343e+00 -2.124761e+00 -8.011385e+00 1.506724e+00 -4.045574e+00 -1.238316e+01 -1.065591e+00 7.976775e-01 1.950930e+00 -6.059580e-01 -4.117555e-01 6.341721e-01 -2.835993e-01 8.067764e-01 -1.003416e+00 -1.444618e+00 -5.670609e-01 -8.144776e-01 -1.139923e+00 5.227577e-01 -1.955239e-02 -5.213327e-03 -1.581183e-01 1.311536e-01 -3.832343e-01 -3.893978e-01 2.911726e-01 -1.245708e-01 1.799020e-01 2.485466e-01 -1.864777e-01 6.464793e-01 -2.637916e-01 4.028956e-03
<VARIANCE> 39
 1.385713e+01 8.487099e+00 4.931324e+00 3.192509e+00 1.392276e+01 5.251530e+01 2.803555e+01 8.234331e+00 1.677601e+01 2.094407e+01 4.424217e+00 4.085352e+01 5.000000e-02 8.212931e-01 4.109649e-01 1.359231e-01 8.699000e-01 4.515816e+00 1.296020e+00 5.084077e-01 1.121732e+00 3.838774e-01 1.585034e+00 2.647989e+00 5.043023e-01 5.000000e-02 1.066695e-01 7.289817e-02 5.000000e-02 7.207270e-02 3.068120e-01 1.594919e-01 3.956006e-01 3.251673e-01 3.048051e-01 5.395958e-01 6.417111e-02 6.536689e-01 5.000000e-02
<GCONST> 7.055864e+01
<STATE> 16
<MEAN> 39
 6.633577e-01 -1.405618e+01 6.217805e-03 -2.511843e+01 -1.156694e+01 -6.319562e+00 -4.361174e+00 -1.014132e+01 5.590233e-01 -5.744269e+00 -1.218226e+01 -2.374215e+00 7.671215e-01 1.915273e+00 -1.188923e+00 -2.801888e-01 -1.804641e-02 -8.931876e-01 1.420374e+00 -1.828128e+00 -1.148193e+00 -4.468349e-01 -5.782105e-01 1.940247e-01 -4.560062e-02 -1.297154e-02 -4.425830e-01 2.177711e-02 2.677101e-02 -2.253537e-01 -1.629387e-01 4.306149e-02 4.000205e-02 4.170268e-01 2.012439e-01 -2.001955e-03 4.387987e-01 -1.335507e-01 3.039929e-03
<VARIANCE> 39
 1.198078e+01 2.631678e+00 5.008794e+00 9.418348e-01 3.492989e+01 5.030491e+01 2.144684e+01 1.444445e+01 5.781673e+00 7.597595e+00 1.091583e+01 1.167477e+01 5.000000e-02 7.179502e-01 4.791725e-01 1.729106e-01 7.805135e-01 8.228604e-01 1.570661e+00 2.617409e+00 2.050426e+00 4.790271e-01 3.248791e+00 1.180331e+00 3.066097e+00 5.000000e-02 1.172499e-01 5.000000e-02 9.077866e-02 1.262287e-01 8.002270e-01 3.909932e-01 1.877892e-01 1.890586e-01 9.482361e-02 1.012293e-01 3.784944e-01 1.848068e-01 5.000000e-02
<GCONST> 6.871078e+01
<STATE> 17
<MEAN> 39
 1.466453e+00 -1.596647e+01 -1.602625e+00 -2.613212e+01 -1.389445e+01 -3.983909e+00 -7.197448e+00 -1.074935e+01 4.137336e-02 -6.832434e+00 -9.441367e+00 -1.761413e+00 7.573817e-01 1.108522e+00 -5.753809e-01 -2.224480e-01 -4.505386e-02 -1.013317e+00 1.545833e+00 -4.174033e-01 -1.957682e-02 -8.752172e-02 -1.052446e+00 6.187969e-01 9.547323e-02 -1.495063e-02 -5.362715e-01 2.181244e-01 1.931484e-01 2.599974e-01 1.189284e-01 1.098384e-01 4.828010e-01 4.530457e-01 5.021762e-01 3.991570e-01 2.406801e-02 -1.143683e-01 -2.914896e-03
<VARIANCE> 39
 5.604532e+00 2.294456e+00 5.924169e+00 7.751955e+00 2.480256e+01 2.260070e+01 2.972127e+01 9.481697e+00 5.094770e+00 2.392316e+01 5.856873e+00 1.981979e+00 5.000000e-02 1.013555e+00 1.714138e-01 7.398435e-01 5.876935e-01 2.342914e+00 1.722955e+00 2.399627e+00 7.936232e-01 9.052764e-01 1.903453e+00 8.793228e-01 2.459393e+00 5.000000e-02 5.000000e-02 6.423914e-02 7.330749e-02 1.236393e-01 4.190334e-01 1.713796e-01 1.861111e-01 1.800520e-01 2.285447e-01 3.773346e-01 2.458139e-01 3.124744e-01 5.000000e-02
<GCONST> 6.757697e+01
<STATE> 18
<MEAN> 39
 2.556546e+00 -1.681814e+01 -1.093136e+00 -2.549652e+01 -1.746323e+01 -1.543751e-01 -5.023713e+00 -8.727522e+00 2.973152e-01 -7.932764e+00 -1.026726e+01 -4.977835e-01 7.333477e-01 -2.036591e-02 -1.112529e-01 5.268530e-01 6.042794e-01 -3.337528e-01 1.185698e+00 1.142659e-01 4.117204e-01 9.598817e-01 4.035912e-01 2.691319e-01 7.792795e-02 -2.411029e-02 -3.174451e-01 4.138997e-01 1.304525e-01 4.568620e-01 4.232674e-01 -8.050301e-01 2.945509e-01 -1.766109e-02 1.929558e-01 7.997071e-01 5.471598e-02 8.750393e-03 -8.163640e-03
<VARIANCE> 39
 3.924525e+00 3.776019e+00 5.962470e+00 6.777154e+00 3.208532e+01 2.570410e+01 1.885246e+01 3.098082e+01 1.304914e+01 3.860006e+01 1.620692e+01 1.418363e+01 5.000000e-02 2.164088e-01 5.362899e-01 1.457558e+00 1.506128e+00 1.501353e+00 1.443142e+00 1.564127e+00 6.384640e-01 2.367146e+00 1.965161e+00 1.340343e+00 5.915883e-01 5.000000e-02 5.000000e-02 9.219310e-02 9.168907e-02 7.872024e-02 3.224476e-01 1.081990e-01 8.174488e-01 3.399417e-01 2.968612e-01 7.061288e-01 1.738475e-01 3.528054e-01 5.000000e-02
<GCONST> 7.523840e+01
<STATE> 19
<MEAN> 39
 2.669116e+00 -1.626782e+01 -8.524200e-01 -2.357058e+01 -1.389895e+01 -2.646595e+00 -7.106639e+00 -8.676887e+00 2.553870e+00 -7.544361e+00 -1.042107e+01 -2.614033e+00 6.951022e-01 -5.029408e-03 3.952465e-01 1.896331e-01 1.215993e+00 1.444627e-01 -3.021862e-01 4.918405e-01 3.613275e-01 3.170566e-01 1.111517e+00 1.613522e-01 -6.823276e-02 -3.137052e-02 -1.337090e-01 2.730050e-01 -1.184107e-01 2.394586e-01 2.896669e-01 -6.482053e-01 1.777998e-01 -1.152426e-01 9.820204e-03 3.794360e-01 3.762911e-01 5.430179e-02 -5.360301e-03
<VARIANCE> 39
 5.654709e+00 2.232841e+00 2.132676e+01 2.490932e+01 5.139553e+01 2.244861e+01 4.506207e+01 1.643345e+01 1.671378e+01 7.490560e+00 7.919898e+00 8.432691e+00 5.000000e-02 1.702130e-01 7.566819e-01 2.544953e-01 6.473044e-01 1.186742e+00 3.892267e-01 1.651879e+00 8.045415e-01 2.366296e+00 2.532438e+00 6.979537e-01 1.207196e+00 5.000000e-02 5.000000e-02 1.203525e-01 2.133002e-01 5.752496e-01 4.715981e-01 2.085251e-01 4.592366e-01 1.466999e-01 1.640825e-01 6.340273e-02 2.170982e-01 2.184612e-01 5.000000e-02
<GCONST> 7.162669e+01
<STATE> 20
<MEAN> 39
 2.609441e+00 -1.548509e+01 -6.771935e-02 -2.192219e+01 -1.509943e+01 -1.978490e+00 -4.224210e+00 -9.703093e+00 2.987516e+00 -3.410409e+00 -9.896930e+00 -2.001207e+00 6.569583e-01 -3.749704e-02 6.691384e-01 -2.810158e-01 1.746848e+00 5.942513e-01 -1.242673e+00 4.671590e-01 9.954315e-02 5.874972e-01 1.005628e+00 9.484483e-01 1.886081e-01 -4.234361e-02 -5.391501e-02 1.620609e-01 -1.297815e-01 3.752239e-01 4.544325e-01 -2.152134e-01 -1.983182e-01 4.113454e-02 -1.940323e-01 -3.253612e-01 4.274925e-01 1.131964e-01 -4.553950e-03
<VARIANCE> 39
 5.941891e+00 5.137200e+00 1.171197e+01 2.344728e+01 1.553608e+01 3.117257e+01 1.471513e+01 3.116411e+00 6.719365e+01 7.990498e+00 1.585574e+01 1.743130e+00 5.000000e-02 1.359329e-01 1.371436e+00 3.794433e-01 1.845270e+00 1.759394e+00 1.179039e+00 1.603876e+00 1.425043e+00 1.362054e+00 1.329517e+00 5.487053e-01 1.217793e+00 5.000000e-02 5.000000e-02 2.101704e-01 1.185824e-01 2.715615e-01 5.000000e-02 1.042503e-01 8.404814e-02 7.192987e-02 9.253410e-01 4.465560e-01 3.384828e-01 2.431771e-01 5.000000e-02
<GCONST> 6.931055e+01
<STATE> 21
<MEAN> 39
 1.005808e+00 -1.296216e+01 -6.457472e-01 -1.819385e+01 -1.268583e+01 -4.918553e+00 -4.412168e+00 -8.175244e+00 3.388810e+00 -3.327137e+00 -6.020117e+00 -3.030083e-01 5.353822e-01 -7.466824e-02 7.127529e-01 -2.429081e-02 2.303823e+00 1.420441e+00 -2.530957e-01 -1.432003e-01 1.409778e-01 9.899101e-01 8.771003e-01 2.052070e+00 -1.485023e-01 -3.817271e-02 -7.746786e-03 -1.853277e-01 1.569299e-01 -2.272932e-01 9.549252e-04 4.282529e-01 2.971900e-01 2.929027e-01 8.990825e-02 -2.046135e-01 -2.091398e-02 -2.256154e-01 5.966669e-03
<VARIANCE> 39
 1.048290e+01 1.348529e+01 4.414782e+00 3.368700e+01 2.918331e+01 7.194270e+00 4.440681e+00 9.332933e+00 3.843801e+01 2.834891e+01 2.871462e+01 3.867186e+00 5.000000e-02 2.656490e-01 1.100078e+00 4.010914e-01 3.698497e+00 3.459514e+00 2.003197e+00 1.522227e+00 4.764409e-01 2.358426e+00 9.118197e-01 1.780285e+00 9.962536e-01 5.000000e-02 5.000000e-02 1.871871e-01 5.000000e-02 3.203516e-01 5.884759e-01 6.814208e-02 2.873466e-01 3.909553e-01 4.135359e-01 1.166276e-01 5.001569e-01 2.636054e-01 5.000000e-02
<GCONST> 7.626976e+01
<STATE> 22
<MEAN> 39
 2.356958e+00 -1.350048e+01 -1.176998e+00 -1.433193e+01 -8.997983e+00 -4.436626e+00 -4.041187e+00 -8.361080e+00 4.634835e+00 -2.111014e+00 -3.889657e+00 -2.092664e+00 5.303116e-01 -3.575277e-01 5.757108e-01 6.360658e-02 1.232964e+00 1.498266e+00 -9.224541e-02 2.797371e-01 1.024472e-01 -1.728783e-03 2.453475e-01 1.250866e+00 -3.909755e-02 -4.186540e-02 -1.980175e-01 8.835698e-02 5.523644e-02 -3.042447e-01 -8.866759e-02 3.505203e-02 9.203462e-02 2.670051e-01 -6.368881e-02 -1.474793e-01 -2.163318e-01 9.094269e-03 -3.674184e-03
<VARIANCE> 39
 4.310645e+00 1.249116e+01 1.431172e+01 3.529811e+01 2.620915e+01 1.814057e+01 1.859948e+01 4.222923e+00 1.408025e+01 1.974170e+01 2.473324e+01 2.471791e+00 5.000000e-02 1.177587e-01 8.225808e-01 5.070934e-01 1.021074e+00 1.296868e+00 8.121892e-01 1.386394e+00 2.792968e+00 3.193018e+00 9.370996e-01 1.214980e+00 1.412166e+00 5.000000e-02 5.000000e-02 3.268344e-01 5.000000e-02 4.692597e-01 2.808487e-01 3.732842e-01 1.994355e-01 2.500938e-01 2.355453e-01 7.275013e-01 5.560960e-01 2.468117e-01 5.000000e-02
<GCONST> 7.634866e+01
<STATE> 23
<MEAN> 39
 1.906430e+00 -1.273874e+01 -7.859207e-01 -1.642205e+01 -1.065727e+01 -4.353032e+00 -5.029682e+00 -7.404403e+00 3.856575e+00 -3.733327e+00 -3.814621e+00 -1.061050e+00 4.941800e-01 -3.787120e-01 8.241203e-01 4.498965e-01 1.276821e+00 7.250898e-01 6.770156e-02 1.502037e+00 1.776634e+00 6.516190e-01 2.957220e-01 8.164697e-01 1.134798e-01 -4.049954e-02 -1.165816e-01 2.158474e-01 -1.947037e-02 1.061430e-01 3.009175e-02 -1.929378e-01 3.674008e-02 1.579470e-01 -1.467570e-01 2.150423e-02 -2.532697e-01 -8.789471e-02 -4.587950e-03
<VARIANCE> 39
 3.202998e+00 6.818173e+00 3.650685e+00 2.369705e+01 1.114885e+01 5.910675e+00 2.004325e+01 2.221178e+01 5.204112e+00 9.040277e+00 2.325544e+01 1.052633e+01 5.000000e-02 3.787032e-01 1.463132e+00 4.954220e-01 1.343124e+00 2.532280e+00 1.244847e+00 2.185702e+00 1.643468e+00 9.365779e-01 2.956937e+00 2.804643e+00 1.899212e+00 5.000000e-02 5.031513e-02 1.734813e-01 6.554256e-02 4.596227e-01 2.199314e-01 2.081461e-01 2.722006e-01 5.360970e-01 2.180092e-01 1.164225e-01 1.139862e-01 1.204102e-01 5.000000e-02
<GCONST> 7.277814e+01
<STATE> 24
<MEAN> 39
 2.463467e-01 -1.243963e+01 -1.028632e+00 -1.322142e+01 -8.095729e+00 -5.199764e+00 -1.274882e+00 -5.162597e+00 4.544728e+00 -2.221055e+00 -2.060962e+00 -1.988562e+00 4.224159e-01 -7.245103e-01 8.838068e-01 1.223574e-01 1.100960e+00 1.108964e+00 -8.195709e-01 3.611560e-01 1.644919e+00 3.212612e-01 1.322411e-01 4.585081e-01 -2.635588e-01 -5.049032e-02 -7.189550e-02 1.777998e-01 1.663973e-01 -1.196952e-01 -1.534286e-01 -1.165801e-01 -4.362147e-01 -3.512214e-01 -6.701648e-02 2.032195e-01 -6.740783e-02 1.133113e-01 -2.565041e-03
<VARIANCE> 39
 6.433277e+00 1.224523e+01 8.217293e+00 2.296037e+01 2.366985e+01 4.412475e+00 9.283645e+00 1.605475e+01 5.839502e+00 1.527037e+01 1.694903e+01 1.934247e+01 5.000000e-02 5.398602e-01 1.723186e+00 2.954057e-01 1.021409e+00 1.039609e+00 3.059632e+00 8.467895e-01 4.254521e-01 8.811562e-01 1.732134e+00 1.149480e+00 4.932577e-01 5.000000e-02 5.377544e-02 2.405170e-01 1.838605e-01 6.228634e-02 4.316028e-01 1.207758e-01 3.100409e-01 5.244915e-01 9.959202e-02 2.774374e-01 4.530432e-01 5.231538e-01 5.000000e-02
<GCONST> 7.233732e+01
<STATE> 25
<MEAN> 39
 -1.390907e+00 -8.914422e+00 4.080977e-01 -9.678861e+00 -6.193264e+00 -5.554203e+00 -2.833019e+00 -3.919441e+00 5.210830e+00 -2.161797e+00 -1.115144e+00 -1.823363e+00 2.915659e-01 -1.019241e+00 5.098146e-01 1.913088e-01 5.751173e-01 -7.766353e-02 -4.389075e-01 -7.257547e-01 -4.221802e-01 -2.755495e-01 7.071677e-01 4.656199e-01 -3.795950e-02 -4.583950e-02 -1.425670e-01 -2.112412e-01 -5.718077e-02 -1.071386e-01 -1.898358e-01 1.383828e-01 -1.216631e-01 -3.668359e-01 -1.105902e-02 3.189893e-01 1.083819e-01 2.971233e-04 -2.738204e-03
<VARIANCE> 39
 1.507111e+01 1.177186e+01 4.574267e+00 2.067817e+01 2.061544e+01 1.033856e+01 1.086320e+01 1.230473e+01 1.516164e+01 1.017458e+01 5.020900e+00 8.611669e+00 5.000000e-02 3.378443e-01 1.697408e+00 9.065089e-01 3.194800e-01 1.878320e+00 7.439817e-01 6.238087e-01 5.998700e-01 8.707759e-01 1.102420e+00 1.669330e+00 9.290136e-01 5.000000e-02 2.194262e-01 3.163008e-01 1.137560e-01 1.979555e-01 3.354039e-01 3.254440e-01 3.874867e-01 3.965613e-01 1.378412e-01 1.524250e-01 5.000000e-02 5.668047e-02 5.000000e-02
<GCONST> 6.915704e+01
<STATE> 26
<MEAN> 39
 -2.549688e+00 -9.687377e+00 5.315123e-01 -1.236524e+01 -6.854034e+00 -7.784081e+00 -3.372708e+00 -3.190088e+00 6.214206e+00 1.003446e+00 -1.955380e+00 -2.730539e+00 2.643565e-01 -8.171469e-01 7.055915e-01 3.066966e-01 9.309185e-01 3.758571e-01 2.350421e-02 -1.306067e-01 -4.618894e-01 3.199973e-01 1.339180e+00 9.303790e-01 -7.347021e-02 -5.494764e-02 3.418531e-02 -8.627618e-02 -2.809020e-02 1.890644e-01 8.562227e-02 4.321119e-01 2.471186e-01 -2.228105e-01 -1.861955e-01 -2.592244e-01 1.735880e-01 1.587774e-01 2.862272e-03
<VARIANCE> 39
 1.761936e+01 4.593833e+00 1.039697e+01 2.800212e+01 6.580819e+00 2.984481e+01 2.821563e+00 1.042901e+01 9.244803e+00 4.738528e+00 7.346000e+00 2.022872e+00 5.000000e-02 7.534992e-01 1.446763e+00 1.328145e+00 8.791069e-01 1.474029e+00 6.412548e-01 2.626553e+00 2.343480e+00 5.896805e-01 4.011927e-01 9.062274e-01 1.393089e+00 5.000000e-02 2.817300e-01 2.196661e-01 1.572393e-01 1.577016e-01 3.673401e-01 3.566206e-01 5.000000e-02 3.876578e-01 1.921194e-01 5.000000e-02 2.114151e-01 7.010496e-02 5.000000e-02
<GCONST> 6.737935e+01
<STATE> 27
<MEAN> 39
 -3.022271e+00 -7.748823e+00 2.044284e+00 -8.640501e+00 -7.285658e+00 -5.524780e+00 -2.930694e+00 -6.513955e+00 5.353359e+00 2.326286e+00 8.938142e-01 -1.394328e+00 2.038460e-01 -9.389163e-01 4.141230e-01 -1.894689e-02 1.112729e+00 3.089083e-01 3.302301e-01 2.909494e-01 -6.228870e-01 -4.440602e-01 6.131525e-01 1.074125e+00 4.012030e-01 -4.770647e-02 6.182835e-03 -3.698367e-01 -3.250769e-01 -1.545421e-01 7.414814e-02 1.501252e-01 2.946415e-01 4.046933e-01 -1.972976e-01 -5.670102e-01 -1.143435e-01 9.099788e-02 4.428299e-03
<VARIANCE> 39
 8.475398e+00 3.287620e+00 1.710551e+01 1.788175e+01 2.027801e+01 1.440765e+01 1.897568e+01 6.415213e+00 2.044976e+00 6.759292e+00 1.173684e+01 1.156072e+01 5.000000e-02 1.726887e+00 7.234750e-01 4.795166e-01 1.255776e+00 1.122721e+00 6.026819e-01 8.123494e-01 7.936546e-01 4.669955e-01 4.138641e-01 1.030504e+00 3.708082e-01 5.000000e-02 1.524491e-01 1.889746e-01 2.953318e-01 1.891923e-01 4.524615e-01 2.187925e-01 7.490013e-01 4.471906e-01 6.018683e-02 5.760291e-02 1.647975e-01 1.544784e-01 5.000000e-02
<GCONST> 6.686306e+01
<STATE> 28
<MEAN> 39
 -4.669109e+00 -8.156101e+00 4.309811e-03 -7.591828e+00 -4.514555e+00 -5.610172e+00 -3.846142e+00 -5.370129e+00 3.078763e+00 2.275109e-01 1.587768e+00 -2.160743e+00 1.330847e-01 -6.062245e-01 -2.061881e-01 -1.692505e-01 2.028356e-01 7.541267e-01 6.257865e-01 4.331435e-01 7.021236e-01 -4.071108e-01 -8.528829e-01 2.592515e-01 2.653051e-01 -3.045270e-02 1.675470e-01 -1.830924e-01 -1.719344e-02 -1.403898e-01 1.047954e-01 5.179538e-02 2.204105e-01 3.056753e-01 1.171933e-01 -2.128928e-01 -3.000819e-01 -3.665641e-02 6.748513e-03
<VARIANCE> 39
 1.544311e+00 1.309188e+00 3.781853e+00 1.651300e+01 1.596644e+01 5.252435e+00 4.460231e+00 5.764258e+00 1.026455e+01 8.725726e+00 7.392716e+00 9.333097e+00 5.000000e-02 1.325374e+00 1.925806e-01 8.164955e-01 1.729060e+00 1.442801e+00 1.046686e+00 2.885904e+00 2.132869e+00 8.159478e-01 4.424823e-01 1.514579e-01 9.787145e-02 5.000000e-02 2.412035e-01 5.132422e-02 1.024876e-01 1.600257e-01 2.224457e-01 5.000000e-02 8.226560e-02 4.479134e-01 1.152502e-01 7.370614e-02 1.203450e-01 5.000000e-02 5.000000e-02
<GCONST> 5.372861e+01
<STATE> 29
<MEAN> 39
 -5.728963e+00 -8.829245e+00 6.313114e-01 -7.620186e+00 -4.351866e+00 -3.103427e+00 -7.015464e-01 -5.619779e+00 3.018376e+00 -6.196911e-01 1.879909e+00 -8.161942e-01 7.919113e-02 -5.094174e-01 -1.767943e-01 -1.420266e-01 5.098335e-01 7.465407e-01 5.861706e-01 1.237529e+00 1.140404e+00 3.643997e-01 8.663197e-02 -1.302035e-01 2.044347e-01 -2.429687e-02 1.730553e-01 3.781483e-02 -2.415666e-02 1.685721e-01 3.239786e-02 -2.227309e-01 3.054729e-02 3.625007e-01 2.310315e-01 2.605336e-01 -1.663400e-01 -5.327772e-02 9.635864e-03
<VARIANCE> 39
 1.907474e+00 1.462477e+00 3.562382e+00 4.092335e+00 7.900138e+00 6.056099e+00 6.605274e+00 6.154092e+00 7.281576e+00 7.236697e+00 5.609460e+00 2.237442e+00 5.000000e-02 2.579075e-01 1.927221e-01 7.870514e-01 1.078117e+00 5.790372e-01 2.192461e-01 9.757128e-01 2.200368e+00 9.841617e-01 6.838709e-01 4.407834e-01 3.003518e-01 5.000000e-02 2.839020e-01 5.000000e-02 7.191297e-02 3.190612e-01 2.174726e-01 1.320717e-01 3.082747e-01 3.251905e-01 3.524934e-01 1.999490e-01 8.464514e-02 5.000000e-02 5.000000e-02
<GCONST> 5.158176e+01
<STATE> 30
<MEAN> 39
 -5.506461e+00 -9.027709e+00 -8.306067e-01 -6.408491e+00 -2.838675e+00 -4.924389e+00 -8.920850e-02 -6.116650e-01 4.753855e+00 3.856331e-01 8.468178e-01 -8.055884e-01 8.215557e-02 2.979681e-01 -9.201811e-02 -2.529850e-01 6.965538e-01 6.325831e-01 -1.447881e-01 2.517082e-01 1.105524e+00 -3.546262e-01 1.048634e-01 2.210774e-01 2.171498e-01 6.734781e-03 1.436666e-01 4.060924e-02 9.768730e-02 -1.366834e-01 -2.173694e-01 -1.527281e-01 -3.188512e-01 -6.604021e-01 -2.842453e-01 -9.704612e-02 -1.612128e-02 -1.616958e-01 6.237997e-03
<VARIANCE> 39
 6.602741e+00 1.054444e+00 2.710430e+00 6.034755e+00 1.046259e+01 5.450278e+00 1.256853e+01 1.396047e+01 9.233631e+00 4.467544e+00 7.432240e+00 3.808110e+00 5.000000e-02 1.083286e+00 1.266253e-01 2.164361e-01 7.225817e-01 3.474506e-01 6.607053e-01 1.480812e+00 2.584128e+00 2.853150e+00 8.615084e-01 3.055090e-01 1.287044e-01 5.000000e-02 1.574729e-01 6.342329e-02 2.041900e-01 1.135658e-01 9.538643e-02 6.906612e-02 3.018306e-01 3.104980e-01 1.412717e-01 5.000000e-02 1.019798e-01 5.000000e-02 5.000000e-02
<GCONST> 5.139855e+01
<STATE> 31
<MEAN> 39
 -5.386763e+00 -9.183931e+00 -4.725524e-01 -5.021640e+00 -3.108492e+00 -4.772002e+00 3.123748e-01 1.518192e+00 5.795910e+00 2.476790e+00 3.801195e+00 3.180305e-01 7.512582e-02 -1.101904e-01 -1.456267e-01 -7.656332e-03 2.709870e-01 -4.381844e-02 -3.877683e-01 -3.830623e-01 -9.004424e-01 -6.329593e-01 -2.799891e-01 -2.330092e-01 -5.963376e-01 -7.899390e-03 -4.176517e-02 7.593753e-02 5.430435e-02 -2.368861e-02 -6.253913e-02 2.196467e-02 -1.363057e-01 -7.754569e-01 -2.902344e-01 -3.055434e-01 -2.154875e-01 -1.447999e-01 -5.743096e-03
<VARIANCE> 39
 9.936798e+00 3.957789e-01 2.202557e+00 2.637818e+00 1.261522e+01 1.107238e+01 7.783561e+00 1.705561e+01 1.319690e+01 3.654241e+00 5.688891e+00 1.205269e+00 5.000000e-02 5.000000e-02 2.325730e-01 7.124055e-01 3.532737e-01 8.239165e-01 6.087651e-01 1.147190e+00 2.634847e+00 1.053784e+00 8.383638e-01 8.553941e-01 5.321503e-01 5.000000e-02 2.608872e-01 5.000000e-02 7.146629e-02 1.261507e-01 1.590277e-01 2.503680e-01 2.932909e-01 4.670559e-01 3.334971e-01 8.249040e-02 8.413454e-02 6.329696e-02 5.000000e-02
<GCONST> 5.203110e+01
<STATE> 32
<MEAN> 39
 -6.061035e+00 -9.265008e+00 -1.296861e+00 -6.739467e+00 -3.000779e+00 -4.326315e+00 1.737144e+00 -3.188704e+00 1.189239e+00 -5.144829e-01 2.817019e-01 -1.652769e+00 6.623882e-02 -3.309949e-01 -7.621069e-02 -1.974000e-01 5.536205e-01 1.291583e-02 -1.195750e-01 5.382979e-01 -6.761299e-01 -5.912780e-01 -7.169576e-01 -2.962380e-01 -4.724885e-02 -2.617867e-02 -8.239260e-02 3.343392e-02 9.185708e-02 6.376355e-02 -1.063627e-02 1.311955e-02 1.299872e-02 -1.293038e-02 7.561515e-02 -2.144528e-01 -5.047330e-02 1.213275e-01 -3.249325e-03
<VARIANCE> 39
 3.297660e+00 9.588586e-01 4.641325e+00 8.048350e+00 1.601131e+01 1.601559e+01 2.071433e+01 8.595477e+00 6.050600e+00 9.589604e+00 2.988090e+00 4.870304e+00 5.000000e-02 7.705018e-01 2.254569e-01 9.110543e-01 3.265516e-01 6.796395e-01 7.822906e-01 4.764050e-01 1.422078e+00 6.168224e-01 4.715353e-01 1.102211e+00 2.324679e-01 5.000000e-02 7.926343e-02 5.000000e-02 9.980708e-02 1.989755e-01 3.679054e-01 2.358900e-01 4.461524e-01 2.319617e-01 1.167947e-01 2.008372e-01 1.256557e-01 1.473748e-01 5.000000e-02
<GCONST> 5.644485e+01
<STATE> 33
<MEAN> 39
 -6.750464e+00 -9.167699e+00 3.721181e-01 -2.826425e+00 -2.135377e+00 -5.551765e+00 -3.926761e-01 -3.927943e+00 3.238200e+00 -5.656161e-01 1.089143e+00 -2.059495e+00 1.459461e-02 -2.131426e-01 6.336218e-02 6.859917e-02 7.961013e-01 5.653945e-01 -3.051587e-01 -1.244195e-01 -2.287834e-01 -3.487576e-01 -5.680261e-01 -3.855477e-01 -1.916784e-01 -1.401696e-02 6.264684e-02 -1.992635e-02 -1.352203e-01 -1.929066e-01 1.451682e-01 1.575261e-01 4.836818e-02 4.677849e-01 1.885053e-01 1.329458e-01 1.482337e-01 6.721395e-02 5.959106e-03
<VARIANCE> 39
 3.597296e-01 2.140538e+00 6.975796e+00 2.514688e+00 5.133777e+00 3.570261e+00 8.112864e+00 8.943810e+00 5.433357e+00 2.072857e+00 6.671023e+00 8.463537e+00 5.000000e-02 5.318770e-01 7.189686e-02 1.757463e-01 1.120477e+00 1.733848e+00 1.673607e+00 2.455686e+00 9.604379e-01 2.087614e-01 2.389142e-01 9.226289e-01 6.832884e-01 5.000000e-02 5.000000e-02 5.000000e-02 1.704331e-01 6.664622e-02 7.588344e-02 1.023555e-01 1.914638e-01 2.216110e-01 1.657220e-01 1.032732e-01 1.898234e-01 1.019581e-01 5.000000e-02
<GCONST> 4.601648e+01
<TRANSP> 34
 0.000000e+00 1.000000e+00 0.000000e+00 0.000000e+00 0.000000e+00 0.000000e+00 0.000000e+00 0.000000e+00 0.000000e+00 0.000000e+00 0.000000e+00 0.000000e+00 0.000000e+00 0.000000e+00 0.000000e+00 0.000000e+00 0.000000e+00 0.000000e+00 0.000000e+00 0.000000e+00 0.000000e+00 0.000000e+00 0.000000e+00 0.000000e+00 0.000000e+00 0.000000e+00 0.000000e+00 0.000000e+00 0.000000e+00 0.000000e+00 0.000000e+00 0.000000e+00 0.000000e+00 0.000000e+00
 0.000000e+00 4.999850e-01 5.000150e-01 0.000000e+00 0.000000e+00 0.000000e+00 0.000000e+00 0.000000e+00 0.000000e+00 0.000000e+00 0.000000e+00 0.000000e+00 0.000000e+00 0.000000e+00 0.000000e+00 0.000000e+00 0.000000e+00 0.000000e+00 0.000000e+00 0.000000e+00 0.000000e+00 0.000000e+00 0.000000e+00 0.000000e+00 0.000000e+00 0.000000e+00 0.000000e+00 0.000000e+00 0.000000e+00 0.000000e+00 0.000000e+00 0.000000e+00 0.000000e+00 0.000000e+00
 0.000000e+00 0.000000e+00 3.751131e-01 6.248869e-01 0.000000e+00 0.000000e+00 0.000000e+00 0.000000e+00 0.000000e+00 0.000000e+00 0.000000e+00 0.000000e+00 0.000000e+00 0.000000e+00 0.000000e+00 0.000000e+00 0.000000e+00 0.000000e+00 0.000000e+00 0.000000e+00 0.000000e+00 0.000000e+00 0.000000e+00 0.000000e+00 0.000000e+00 0.000000e+00 0.000000e+00 0.000000e+00 0.000000e+00 0.000000e+00 0.000000e+00 0.000000e+00 0.000000e+00 0.000000e+00
 0.000000e+00 0.000000e+00 0.000000e+00 1.665232e-01 8.334768e-01 0.000000e+00 0.000000e+00 0.000000e+00 0.000000e+00 0.000000e+00 0.000000e+00 0.000000e+00 0.000000e+00 0.000000e+00 0.000000e+00 0.000000e+00 0.000000e+00 0.000000e+00 0.000000e+00 0.000000e+00 0.000000e+00 0.000000e+00 0.000000e+00 0.000000e+00 0.000000e+00 0.000000e+00 0.000000e+00 0.000000e+00 0.000000e+00 0.000000e+00 0.000000e+00 0.000000e+00 0.000000e+00 0.000000e+00
 0.000000e+00 0.000000e+00 0.000000e+00 0.000000e+00 1.666722e-01 8.333278e-01 0.000000e+00 0.000000e+00 0.000000e+00 0.000000e+00 0.000000e+00 0.000000e+00 0.000000e+00 0.000000e+00 0.000000e+00 0.000000e+00 0.000000e+00 0.000000e+00 0.000000e+00 0.000000e+00 0.000000e+00 0.000000e+00 0.000000e+00 0.000000e+00 0.000000e+00 0.000000e+00 0.000000e+00 0.000000e+00 0.000000e+00 0.000000e+00 0.000000e+00 0.000000e+00 0.000000e+00 0.000000e+00
 0.000000e+00 0.000000e+00 0.000000e+00 0.000000e+00 0.000000e+00 4.444420e-01 5.555580e-01 0.000000e+00 0.000000e+00 0.000000e+00 0.000000e+00 0.000000e+00 0.000000e+00 0.000000e+00 0.000000e+00 0.000000e+00 0.000000e+00 0.000000e+00 0.000000e+00 0.000000e+00 0.000000e+00 0.000000e+00 0.000000e+00 0.000000e+00 0.000000e+00 0.000000e+00 0.000000e+00 0.000000e+00 0.000000e+00 0.000000e+00 0.000000e+00 0.000000e+00 0.000000e+00 0.000000e+00
 0.000000e+00 0.000000e+00 0.000000e+00 0.000000e+00 0.000000e+00 0.000000e+00 0.000000e+00 1.000000e+00 0.000000e+00 0.000000e+00 0.000000e+00 0.000000e+00 0.000000e+00 0.000000e+00 0.000000e+00 0.000000e+00 0.000000e+00 0.000000e+00 0.000000e+00 0.000000e+00 0.000000e+00 0.000000e+00 0.000000e+00 0.000000e+00 0.000000e+00 0.000000e+00 0.000000e+00 0.000000e+00 0.000000e+00 0.000000e+00 0.000000e+00 0.000000e+00 0.000000e+00 0.000000e+00
 0.000000e+00 0.000000e+00 0.000000e+00 0.000000e+00 0.000000e+00 0.000000e+00 0.000000e+00 3.737595e-01 6.262405e-01 0.000000e+00 0.000000e+00 0.000000e+00 0.000000e+00 0.000000e+00 0.000000e+00 0.000000e+00 0.000000e+00 0.000000e+00 0.000000e+00 0.000000e+00 0.000000e+00 0.000000e+00 0.000000e+00 0.000000e+00 0.000000e+00 0.000000e+00 0.000000e+00 0.000000e+00 0.000000e+00 0.000000e+00 0.000000e+00 0.000000e+00 0.000000e+00 0.000000e+00
 0.000000e+00 0.000000e+00 0.000000e+00 0.000000e+00 0.000000e+00 0.000000e+00 0.000000e+00 0.000000e+00 4.451037e-01 5.548964e-01 0.000000e+00 0.000000e+00 0.000000e+00 0.000000e+00 0.000000e+00 0.000000e+00 0.000000e+00 0.000000e+00 0.000000e+00 0.000000e+00 0.000000e+00 0.000000e+00 0.000000e+00 0.000000e+00 0.000000e+00 0.000000e+00 0.000000e+00 0.000000e+00 0.000000e+00 0.000000e+00 0.000000e+00 0.000000e+00 0.000000e+00 0.000000e+00
 0.000000e+00 0.000000e+00 0.000000e+00 0.000000e+00 0.000000e+00 0.000000e+00 0.000000e+00 0.000000e+00 0.000000e+00 2.845894e-01 7.154106e-01 0.000000e+00 0.000000e+00 0.000000e+00 0.000000e+00 0.000000e+00 0.000000e+00 0.000000e+00 0.000000e+00 0.000000e+00 0.000000e+00 0.000000e+00 0.000000e+00 0.000000e+00 0.000000e+00 0.000000e+00 0.000000e+00 0.000000e+00 0.000000e+00 0.000000e+00 0.000000e+00 0.000000e+00 0.000000e+00 0.000000e+00
 0.000000e+00 0.000000e+00 0.000000e+00 0.000000e+00 0.000000e+00 0.000000e+00 0.000000e+00 0.000000e+00 0.000000e+00 0.000000e+00 2.873648e-01 7.126352e-01 0.000000e+00 0.000000e+00 0.000000e+00 0.000000e+00 0.000000e+00 0.000000e+00 0.000000e+00 0.000000e+00 0.000000e+00 0.000000e+00 0.000000e+00 0.000000e+00 0.000000e+00 0.000000e+00 0.000000e+00 0.000000e+00 0.000000e+00 0.000000e+00 0.000000e+00 0.000000e+00 0.000000e+00 0.000000e+00
 0.000000e+00 0.000000e+00 0.000000e+00 0.000000e+00 0.000000e+00 0.000000e+00 0.000000e+00 0.000000e+00 0.000000e+00 0.000000e+00 0.000000e+00 3.750322e-01 6.249678e-01 0.000000e+00 0.000000e+00 0.000000e+00 0.000000e+00 0.000000e+00 0.000000e+00 0.000000e+00 0.000000e+00 0.000000e+00 0.000000e+00 0.000000e+00 0.000000e+00 0.000000e+00 0.000000e+00 0.000000e+00 0.000000e+00 0.000000e+00 0.000000e+00 0.000000e+00 0.000000e+00 0.000000e+00
 0.000000e+00 0.000000e+00 0.000000e+00 0.000000e+00 0.000000e+00 0.000000e+00 0.000000e+00 0.000000e+00 0.000000e+00 0.000000e+00 0.000000e+00 0.000000e+00 2.856130e-01 7.143871e-01 0.000000e+00 0.000000e+00 0.000000e+00 0.000000e+00 0.000000e+00 0.000000e+00 0.000000e+00 0.000000e+00 0.000000e+00 0.000000e+00 0.000000e+00 0.000000e+00 0.000000e+00 0.000000e+00 0.000000e+00 0.000000e+00 0.000000e+00 0.000000e+00 0.000000e+00 0.000000e+00
 0.000000e+00 0.000000e+00 0.000000e+00 0.000000e+00 0.000000e+00 0.000000e+00 0.000000e+00 0.000000e+00 0.000000e+00 0.000000e+00 0.000000e+00 0.000000e+00 0.000000e+00 3.750544e-01 6.249456e-01 0.000000e+00 0.000000e+00 0.000000e+00 0.000000e+00 0.000000e+00 0.000000e+00 0.000000e+00 0.000000e+00 0.000000e+00 0.000000e+00 0.000000e+00 0.000000e+00 0.000000e+00 0.000000e+00 0.000000e+00 0.000000e+00 0.000000e+00 0.000000e+00 0.000000e+00
 0.000000e+00 0.000000e+00 0.000000e+00 0.000000e+00 0.000000e+00 0.000000e+00 0.000000e+00 0.000000e+00 0.000000e+00 0.000000e+00 0.000000e+00 0.000000e+00 0.000000e+00 0.000000e+00 3.750001e-01 6.249999e-01 0.000000e+00 0.000000e+00 0.000000e+00 0.000000e+00 0.000000e+00 0.000000e+00 0.000000e+00 0.000000e+00 0.000000e+00 0.000000e+00 0.000000e+00 0.000000e+00 0.000000e+00 0.000000e+00 0.000000e+00 0.000000e+00 0.000000e+00 0.000000e+00
 0.000000e+00 0.000000e+00 0.000000e+00 0.000000e+00 0.000000e+00 0.000000e+00 0.000000e+00 0.000000e+00 0.000000e+00 0.000000e+00 0.000000e+00 0.000000e+00 0.000000e+00 0.000000e+00 0.000000e+00 1.667531e-01 8.332469e-01 0.000000e+00 0.000000e+00 0.000000e+00 0.000000e+00 0.000000e+00 0.000000e+00 0.000000e+00 0.000000e+00 0.000000e+00 0.000000e+00 0.000000e+00 0.000000e+00 0.000000e+00 0.000000e+00 0.000000e+00 0.000000e+00 0.000000e+00
 0.000000e+00 0.000000e+00 0.000000e+00 0.000000e+00 0.000000e+00 0.000000e+00 0.000000e+00 0.000000e+00 0.000000e+00 0.000000e+00 0.000000e+00 0.000000e+00 0.000000e+00 0.000000e+00 0.000000e+00 0.000000e+00 3.747803e-01 6.252197e-01 0.000000e+00 0.000000e+00 0.000000e+00 0.000000e+00 0.000000e+00 0.000000e+00 0.000000e+00 0.000000e+00 0.000000e+00 0.000000e+00 0.000000e+00 0.000000e+00 0.000000e+00 0.000000e+00 0.000000e+00 0.000000e+00
 0.000000e+00 0.000000e+00 0.000000e+00 0.000000e+00 0.000000e+00 0.000000e+00 0.000000e+00 0.000000e+00 0.000000e+00 0.000000e+00 0.000000e+00 0.000000e+00 0.000000e+00 0.000000e+00 0.000000e+00 0.000000e+00 0.000000e+00 2.859467e-01 7.140533e-01 0.000000e+00 0.000000e+00 0.000000e+00 0.000000e+00 0.000000e+00 0.000000e+00 0.000000e+00 0.000000e+00 0.000000e+00 0.000000e+00 0.000000e+00 0.000000e+00 0.000000e+00 0.000000e+00 0.000000e+00
 0.000000e+00 0.000000e+00 0.000000e+00 0.000000e+00 0.000000e+00 0.000000e+00 0.000000e+00 0.000000e+00 0.000000e+00 0.000000e+00 0.000000e+00 0.000000e+00 0.000000e+00 0.000000e+00 0.000000e+00 0.000000e+00 0.000000e+00 0.000000e+00 1.666982e-01 8.333018e-01 0.000000e+00 0.000000e+00 0.000000e+00 0.000000e+00 0.000000e+00 0.000000e+00 0.000000e+00 0.000000e+00 0.000000e+00 0.000000e+00 0.000000e+00 0.000000e+00 0.000000e+00 0.000000e+00
 0.000000e+00 0.000000e+00 0.000000e+00 0.000000e+00 0.000000e+00 0.000000e+00 0.000000e+00 0.000000e+00 0.000000e+00 0.000000e+00 0.000000e+00 0.000000e+00 0.000000e+00 0.000000e+00 0.000000e+00 0.000000e+00 0.000000e+00 0.000000e+00 0.000000e+00 2.860478e-01 7.139522e-01 0.000000e+00 0.000000e+00 0.000000e+00 0.000000e+00 0.000000e+00 0.000000e+00 0.000000e+00 0.000000e+00 0.000000e+00 0.000000e+00 0.000000e+00 0.000000e+00 0.000000e+00
 0.000000e+00 0.000000e+00 0.000000e+00 0.000000e+00 0.000000e+00 0.000000e+00 0.000000e+00 0.000000e+00 0.000000e+00 0.000000e+00 0.000000e+00 0.000000e+00 0.000000e+00 0.000000e+00 0.000000e+00 0.000000e+00 0.000000e+00 0.000000e+00 0.000000e+00 0.000000e+00 3.735510e-01 6.264490e-01 0.000000e+00 0.000000e+00 0.000000e+00 0.000000e+00 0.000000e+00 0.000000e+00 0.000000e+00 0.000000e+00 0.000000e+00 0.000000e+00 0.000000e+00 0.000000e+00
 0.000000e+00 0.000000e+00 0.000000e+00 0.000000e+00 0.000000e+00 0.000000e+00 0.000000e+00 0.000000e+00 0.000000e+00 0.000000e+00 0.000000e+00 0.000000e+00 0.000000e+00 0.000000e+00 0.000000e+00 0.000000e+00 0.000000e+00 0.000000e+00 0.000000e+00 0.000000e+00 0.000000e+00 2.881111e-01 7.118889e-01 0.000000e+00 0.000000e+00 0.000000e+00 0.000000e+00 0.000000e+00 0.000000e+00 0.000000e+00 0.000000e+00 0.000000e+00 0.000000e+00 0.000000e+00
 0.000000e+00 0.000000e+00 0.000000e+00 0.000000e+00 0.000000e+00 0.000000e+00 0.000000e+00 0.000000e+00 0.000000e+00 0.000000e+00 0.000000e+00 0.000000e+00 0.000000e+00 0.000000e+00 0.000000e+00 0.000000e+00 0.000000e+00 0.000000e+00 0.000000e+00 0.000000e+00 0.000000e+00 0.000000e+00 1.655961e-01 8.344039e-01 0.000000e+00 0.000000e+00 0.000000e+00 0.000000e+00 0.000000e+00 0.000000e+00 0.000000e+00 0.000000e+00 0.000000e+00 0.000000e+00
 0.000000e+00 0.000000e+00 0.000000e+00 0.000000e+00 0.000000e+00 0.000000e+00 0.000000e+00 0.000000e+00 0.000000e+00 0.000000e+00 0.000000e+00 0.000000e+00 0.000000e+00 0.000000e+00 0.000000e+00 0.000000e+00 0.000000e+00 0.000000e+00 0.000000e+00 0.000000e+00 0.000000e+00 0.000000e+00 0.000000e+00 3.748772e-01 6.251228e-01 0.000000e+00 0.000000e+00 0.000000e+00 0.000000e+00 0.000000e+00 0.000000e+00 0.000000e+00 0.000000e+00 0.000000e+00
 0.000000e+00 0.000000e+00 0.000000e+00 0.000000e+00 0.000000e+00 0.000000e+00 0.000000e+00 0.000000e+00 0.000000e+00 0.000000e+00 0.000000e+00 0.000000e+00 0.000000e+00 0.000000e+00 0.000000e+00 0.000000e+00 0.000000e+00 0.000000e+00 0.000000e+00 0.000000e+00 0.000000e+00 0.000000e+00 0.000000e+00 0.000000e+00 4.445129e-01 5.554871e-01 0.000000e+00 0.000000e+00 0.000000e+00 0.000000e+00 0.000000e+00 0.000000e+00 0.000000e+00 0.000000e+00
 0.000000e+00 0.000000e+00 0.000000e+00 0.000000e+00 0.000000e+00 0.000000e+00 0.000000e+00 0.000000e+00 0.000000e+00 0.000000e+00 0.000000e+00 0.000000e+00 0.000000e+00 0.000000e+00 0.000000e+00 0.000000e+00 0.000000e+00 0.000000e+00 0.000000e+00 0.000000e+00 0.000000e+00 0.000000e+00 0.000000e+00 0.000000e+00 0.000000e+00 3.530280e-06 9.999965e-01 0.000000e+00 0.000000e+00 0.000000e+00 0.000000e+00 0.000000e+00 0.000000e+00 0.000000e+00
 0.000000e+00 0.000000e+00 0.000000e+00 0.000000e+00 0.000000e+00 0.000000e+00 0.000000e+00 0.000000e+00 0.000000e+00 0.000000e+00 0.000000e+00 0.000000e+00 0.000000e+00 0.000000e+00 0.000000e+00 0.000000e+00 0.000000e+00 0.000000e+00 0.000000e+00 0.000000e+00 0.000000e+00 0.000000e+00 0.000000e+00 0.000000e+00 0.000000e+00 0.000000e+00 3.749931e-01 6.250070e-01 0.000000e+00 0.000000e+00 0.000000e+00 0.000000e+00 0.000000e+00 0.000000e+00
 0.000000e+00 0.000000e+00 0.000000e+00 0.000000e+00 0.000000e+00 0.000000e+00 0.000000e+00 0.000000e+00 0.000000e+00 0.000000e+00 0.000000e+00 0.000000e+00 0.000000e+00 0.000000e+00 0.000000e+00 0.000000e+00 0.000000e+00 0.000000e+00 0.000000e+00 0.000000e+00 0.000000e+00 0.000000e+00 0.000000e+00 0.000000e+00 0.000000e+00 0.000000e+00 0.000000e+00 2.886373e-01 7.113627e-01 0.000000e+00 0.000000e+00 0.000000e+00 0.000000e+00 0.000000e+00
 0.000000e+00 0.000000e+00 0.000000e+00 0.000000e+00 0.000000e+00 0.000000e+00 0.000000e+00 0.000000e+00 0.000000e+00 0.000000e+00 0.000000e+00 0.000000e+00 0.000000e+00 0.000000e+00 0.000000e+00 0.000000e+00 0.000000e+00 0.000000e+00 0.000000e+00 0.000000e+00 0.000000e+00 0.000000e+00 0.000000e+00 0.000000e+00 0.000000e+00 0.000000e+00 0.000000e+00 0.000000e+00 4.446731e-01 5.553269e-01 0.000000e+00 0.000000e+00 0.000000e+00 0.000000e+00
 0.000000e+00 0.000000e+00 0.000000e+00 0.000000e+00 0.000000e+00 0.000000e+00 0.000000e+00 0.000000e+00 0.000000e+00 0.000000e+00 0.000000e+00 0.000000e+00 0.000000e+00 0.000000e+00 0.000000e+00 0.000000e+00 0.000000e+00 0.000000e+00 0.000000e+00 0.000000e+00 0.000000e+00 0.000000e+00 0.000000e+00 0.000000e+00 0.000000e+00 0.000000e+00 0.000000e+00 0.000000e+00 0.000000e+00 3.724422e-01 6.275578e-01 0.000000e+00 0.000000e+00 0.000000e+00
 0.000000e+00 0.000000e+00 0.000000e+00 0.000000e+00 0.000000e+00 0.000000e+00 0.000000e+00 0.000000e+00 0.000000e+00 0.000000e+00 0.000000e+00 0.000000e+00 0.000000e+00 0.000000e+00 0.000000e+00 0.000000e+00 0.000000e+00 0.000000e+00 0.000000e+00 0.000000e+00 0.000000e+00 0.000000e+00 0.000000e+00 0.000000e+00 0.000000e+00 0.000000e+00 0.000000e+00 0.000000e+00 0.000000e+00 0.000000e+00 1.667775e-01 8.332225e-01 0.000000e+00 0.000000e+00
 0.000000e+00 0.000000e+00 0.000000e+00 0.000000e+00 0.000000e+00 0.000000e+00 0.000000e+00 0.000000e+00 0.000000e+00 0.000000e+00 0.000000e+00 0.000000e+00 0.000000e+00 0.000000e+00 0.000000e+00 0.000000e+00 0.000000e+00 0.000000e+00 0.000000e+00 0.000000e+00 0.000000e+00 0.000000e+00 0.000000e+00 0.000000e+00 0.000000e+00 0.000000e+00 0.000000e+00 0.000000e+00 0.000000e+00 0.000000e+00 0.000000e+00 1.666099e-01 8.333901e-01 0.000000e+00
 0.000000e+00 0.000000e+00 0.000000e+00 0.000000e+00 0.000000e+00 0.000000e+00 0.000000e+00 0.000000e+00 0.000000e+00 0.000000e+00 0.000000e+00 0.000000e+00 0.000000e+00 0.000000e+00 0.000000e+00 0.000000e+00 0.000000e+00 0.000000e+00 0.000000e+00 0.000000e+00 0.000000e+00 0.000000e+00 0.000000e+00 0.000000e+00 0.000000e+00 0.000000e+00 0.000000e+00 0.000000e+00 0.000000e+00 0.000000e+00 0.000000e+00 0.000000e+00 1.666740e-01 8.333260e-01
 0.000000e+00 0.000000e+00 0.000000e+00 0.000000e+00 0.000000e+00 0.000000e+00 0.000000e+00 0.000000e+00 0.000000e+00 0.000000e+00 0.000000e+00 0.000000e+00 0.000000e+00 0.000000e+00 0.000000e+00 0.000000e+00 0.000000e+00 0.000000e+00 0.000000e+00 0.000000e+00 0.000000e+00 0.000000e+00 0.000000e+00 0.000000e+00 0.000000e+00 0.000000e+00 0.000000e+00 0.000000e+00 0.000000e+00 0.000000e+00 0.000000e+00 0.000000e+00 0.000000e+00 0.000000e+00
<ENDHMM>
