~o
<STREAMINFO> 1 39
<VECSIZE> 39<NULLD><MFCC_E_D_A><DIAGC>
~h "Chu"
<BEGINHMM>
<NUMSTATES> 34
<STATE> 2
<MEAN> 39
 -4.320393e+00 -6.864446e+00 6.467212e-01 -4.382559e-01 2.355185e+00 -3.936879e+00 2.232085e+00 -3.564917e+00 -2.047825e-01 -2.185720e+00 3.594790e+00 -1.537664e+00 5.399724e-02 -6.653303e-01 -5.319682e-02 9.964744e-02 -4.447500e-01 5.341760e-02 -1.466198e-01 -4.443507e-01 4.227467e-01 4.552828e-01 3.983943e-01 2.004949e-01 1.817289e-01 -2.329810e-03 -7.791087e-01 -1.611051e-02 -2.118907e-01 -1.404054e+00 -5.466256e-02 -1.218031e-01 -7.593403e-01 7.505381e-01 -3.459597e-03 -1.361441e-01 -1.976166e-01 4.311055e-02 3.002309e-02
<VARIANCE> 39
 9.521106e-01 4.089627e+00 5.939557e+00 3.597775e+00 3.293803e+00 9.439824e-01 6.234565e+00 9.567067e+00 1.888474e+01 1.004972e+01 9.834201e+00 4.651244e+00 5.000000e-02 6.041752e-01 2.181316e-01 3.847582e-01 1.247538e+00 4.963998e-01 9.737265e-01 8.280678e-01 7.956902e-01 6.198511e-01 5.895951e-01 9.750608e-01 8.943917e-01 5.000000e-02 1.180841e-01 6.229711e-02 6.825908e-02 2.703726e-01 8.938747e-02 2.534008e-01 1.663493e-01 5.000000e-02 1.277955e-01 5.956941e-02 1.148031e-01 6.472381e-02 5.000000e-02
<GCONST> 4.909323e+01
<STATE> 3
<MEAN> 39
 -5.617289e+00 -7.798229e+00 -7.396670e-01 -1.970754e+00 1.533523e+00 -5.343782e+00 1.094362e+00 -1.666980e+00 1.259693e+00 -2.144623e+00 4.740466e+00 -1.439863e+00 5.043687e-02 -2.467663e+00 -2.311902e-01 -4.692731e-01 -4.207983e+00 4.487886e-01 2.305788e-02 -2.324338e+00 2.624829e+00 1.919699e-01 -1.163409e-01 -5.265258e-02 1.621384e-01 9.962939e-02 -6.079924e-01 1.456565e-01 -3.244741e-02 -1.773130e+00 -4.042002e-01 -3.292915e-01 -3.397503e-01 2.262593e-01 -4.447893e-01 -4.497754e-02 -4.963319e-01 -2.286519e-01 5.252654e-02
<VARIANCE> 39
 2.071441e+00 3.004888e+00 2.313111e+00 4.134297e+00 3.461261e+00 1.273196e+01 2.230788e+00 9.509246e+00 1.071708e+01 1.794274e+01 8.856650e+00 6.922080e+00 5.000000e-02 9.431750e-01 1.144649e-01 6.804507e-01 1.580443e+00 7.123741e-01 1.407042e+00 1.852382e+00 1.943310e-01 1.135023e+00 1.624026e-01 9.115835e-01 3.147096e-01 5.000000e-02 1.408186e-01 1.219740e-01 5.548151e-02 5.000000e-02 4.047670e-01 3.188159e-01 1.523170e-01 7.723101e-02 1.038372e-01 2.295546e-01 2.287204e-01 2.016444e-01 5.000000e-02
<GCONST> 5.362424e+01
<STATE> 4
<MEAN> 39
 -1.014104e+01 -7.493091e+00 -1.064330e+00 -1.058633e+01 4.216096e+00 -3.854637e+00 -2.528180e+00 4.852072e+00 4.052422e-01 -1.941514e+00 4.496310e+00 -1.427278e+00 2.846581e-01 -2.991977e+00 4.598581e-01 -2.584322e-01 -6.438883e+00 -4.171250e-01 -1.090079e+00 -2.014434e+00 1.436146e+00 -9.691380e-01 -2.070856e-02 -1.041910e+00 -4.269709e-01 1.695530e-01 7.582954e-01 -4.925751e-01 1.048504e-01 -1.368285e-02 -1.262388e+00 -1.128281e+00 8.601061e-01 -8.555989e-01 -3.084335e-01 6.376674e-01 -5.014795e-01 -2.904621e-02 2.301187e-02
<VARIANCE> 39
 3.099878e+01 5.659504e+00 1.074530e+01 9.009878e+01 2.112461e+01 2.382552e+01 2.773614e+01 2.375705e+01 2.049102e+01 9.264610e+00 4.106837e+00 3.322385e+00 6.243655e-02 8.864844e-01 5.202172e-01 7.238846e-01 3.721462e-01 2.741288e+00 3.248726e+00 1.278408e+00 1.300415e+00 1.176205e+00 1.834745e+00 1.496142e+00 1.112518e+00 5.000000e-02 5.202865e-01 1.562556e-01 5.000000e-02 1.040983e+00 2.851352e-01 2.055321e-01 5.588064e-01 9.771083e-02 1.774221e-01 3.322486e-01 1.821034e-01 1.105547e-01 5.000000e-02
<GCONST> 7.946786e+01
<STATE> 5
<MEAN> 39
 -1.617945e+01 -5.987513e+00 -3.172373e-01 -2.297578e+01 5.568898e-01 -6.675365e+00 -8.146232e+00 2.792860e+00 -8.771084e-01 -2.966931e+00 8.945384e-03 -2.796562e+00 6.087440e-01 3.167502e-01 -1.396932e+00 -8.836609e-02 -3.967325e+00 -4.499626e+00 -3.474131e+00 1.165809e+00 -7.875526e-01 -1.097709e+00 2.269793e+00 -1.566622e+00 -4.994803e-02 1.499192e-01 1.940409e+00 -1.257151e+00 -3.029772e-01 2.242113e+00 -3.849723e-01 -1.223777e+00 1.674014e+00 -3.598111e-01 2.984368e-01 7.295480e-01 -1.986914e-01 6.438609e-01 -2.607396e-02
<VARIANCE> 39
 8.569462e+00 2.964898e+00 1.042453e+01 8.248962e+00 2.727507e+01 2.059858e+01 2.274318e+01 7.409578e+00 2.253310e+01 1.668310e+01 2.116856e+00 1.823429e+01 5.000000e-02 2.087795e+00 5.110365e-01 5.312470e-01 2.232851e+00 1.858175e+00 2.135181e+00 2.802691e+00 4.746121e-01 4.033568e-01 2.501943e+00 6.357700e-01 5.362739e-01 5.000000e-02 1.040003e-01 1.752528e-01 8.280329e-02 7.054027e-02 7.003431e-01 1.159556e-01 5.003843e-01 1.725883e-01 1.648374e-01 4.461406e-01 9.630315e-02 5.221391e-01 5.000000e-02
<GCONST> 7.254459e+01
<STATE> 6
<MEAN> 39
 -9.621479e+00 -9.655893e+00 -1.360184e-01 -2.200004e+01 -9.876350e+00 -1.542082e+01 8.450086e-01 -2.637274e-01 -3.300636e+00 3.946967e+00 -1.766521e+00 -3.073274e+00 7.483932e-01 3.375541e+00 -4.157529e+00 -9.143926e-01 1.057327e+00 -2.672808e+00 -4.975864e+00 3.538424e+00 -6.403499e-02 1.953643e-01 2.457253e+00 -1.567892e+00 9.792112e-01 8.645089e-02 5.319174e-01 -5.945057e-01 -8.241647e-01 1.694494e+00 1.787708e+00 5.156449e-01 1.699792e-01 7.016345e-01 1.180363e+00 -4.120928e-01 -5.901181e-01 9.221704e-04 -3.376639e-02
<VARIANCE> 39
 2.875253e+01 2.520577e+01 1.613547e+01 7.892714e+00 4.991042e+01 4.478354e+01 1.465673e+01 9.649612e+00 7.217372e+00 2.191037e+01 6.272181e+00 1.772397e+01 5.000000e-02 2.691564e-01 8.950160e-01 8.611153e-01 7.994068e-01 2.645795e+00 6.669201e-01 1.542590e+00 2.483854e+00 5.324927e-01 3.429947e+00 6.743352e-01 1.898857e+00 5.000000e-02 5.446973e-01 4.799604e-01 1.137369e-01 3.789578e-01 7.127842e-01 6.127729e-01 7.295507e-01 1.014951e-01 1.352205e-01 3.935241e-01 2.059859e-01 3.358556e-01 5.000000e-02
<GCONST> 8.400343e+01
<STATE> 7
<MEAN> 39
 -3.620751e+00 -2.064734e+01 -2.886512e+00 -1.972258e+01 -7.657399e+00 -2.339190e+01 5.034777e+00 4.309819e+00 -1.123438e+00 8.393347e+00 -2.374565e+00 3.451780e+00 8.623791e-01 1.788681e+00 -3.339869e+00 -3.024016e+00 1.797414e+00 2.664483e+00 -2.060842e+00 8.197087e-01 2.210694e+00 2.737818e+00 8.042676e-02 -3.442988e+00 1.118816e+00 4.723401e-02 -1.111878e+00 1.238509e+00 -4.963714e-01 -3.019301e-01 2.116078e+00 2.075186e+00 -1.197678e+00 9.905783e-03 9.446312e-01 -7.252503e-01 -7.467933e-01 -1.261042e+00 -1.577288e-02
<VARIANCE> 39
 7.945619e+00 2.004694e+00 6.901546e+00 4.420467e+00 2.981545e+01 5.267439e+01 1.527430e+01 1.142360e+01 2.124045e+01 1.870540e+01 6.305875e+00 4.518899e+00 5.000000e-02 8.457611e-01 1.117969e+00 4.037622e-01 3.923956e-01 9.633538e-01 8.946081e-01 1.707694e+00 6.135162e-01 6.627568e-01 6.071169e-01 5.775835e-01 2.842236e+00 5.000000e-02 5.000000e-02 9.953689e-02 8.788578e-02 1.701791e-01 3.384163e-01 2.027761e-01 2.388016e-01 3.955798e-01 2.877719e-01 7.997372e-01 7.739965e-02 3.900332e-01 5.000000e-02
<GCONST> 6.880276e+01
<STATE> 8
<MEAN> 39
 -4.588328e+00 -2.062675e+01 -8.710726e+00 -1.633702e+01 -9.592581e-01 -2.159784e+01 4.310657e+00 6.730137e+00 4.938271e+00 2.563309e+00 -1.234227e+01 -9.135022e-01 8.916252e-01 -3.809516e-01 1.418457e-01 -2.500217e+00 -3.873882e-01 4.356888e+00 1.805220e+00 -4.656430e-01 4.985235e-01 3.768940e+00 7.059996e-01 -4.327579e+00 -2.953192e+00 3.144123e-02 -6.890643e-01 1.436790e+00 3.786954e-01 -1.324688e+00 4.674562e-01 1.729960e+00 -4.349137e-01 -1.190891e+00 -1.776430e-01 9.074989e-01 9.394739e-01 -9.020479e-01 -1.056007e-02
<VARIANCE> 39
 9.976764e+00 3.393863e+00 6.053393e+00 5.164392e+00 3.281415e+01 4.504830e+01 1.421114e+01 9.158450e+00 2.993571e+01 7.642891e+00 1.320832e+01 1.367006e+01 5.000000e-02 1.683298e-01 1.161005e+00 9.310800e-01 1.066210e+00 3.069631e-01 1.973048e+00 9.632212e-01 9.545015e-01 1.469654e+00 3.116060e+00 7.647669e-01 2.016757e+00 5.000000e-02 1.840344e-01 1.394915e-01 1.182775e-01 5.000000e-02 5.261914e-01 3.246305e-01 3.790943e-01 2.465382e-01 5.524541e-01 1.623321e-01 4.964235e-01 4.782292e-01 5.000000e-02
<GCONST> 7.540070e+01
<STATE> 9
<MEAN> 39
 -5.550199e+00 -1.897505e+01 -1.217991e+01 -1.917896e+01 4.446184e+00 -1.836010e+01 1.546735e+00 5.429042e+00 1.084754e+01 8.090942e+00 -1.849275e+01 -7.262836e+00 9.406617e-01 -3.404347e-01 1.160108e+00 -1.515061e+00 -2.678925e+00 3.350665e+00 3.363903e+00 -2.855701e-02 -2.362340e+00 2.168282e+00 3.476554e+00 -8.694229e-01 -3.131757e+00 2.259585e-02 1.624923e-01 4.235125e-01 7.189895e-01 -8.637189e-01 -8.530656e-01 6.031002e-01 3.958526e-01 -9.865525e-01 -1.390219e+00 7.791213e-01 2.273111e+00 7.585730e-01 -8.481664e-03
<VARIANCE> 39
 1.021120e+01 3.420019e+00 1.441920e+01 1.002750e+01 2.946210e+01 2.338078e+01 8.795959e+00 1.119759e+00 2.057404e+01 7.751824e+00 8.611103e+00 1.445961e+01 5.000000e-02 3.749777e-01 4.454609e-01 2.054050e-01 1.017241e+00 1.032628e+00 1.393574e+00 2.007599e-01 3.697840e-01 1.330015e+00 2.092494e+00 1.004556e+00 1.143239e+00 5.000000e-02 6.156869e-02 5.000000e-02 3.139671e-01 5.296442e-02 7.133064e-02 1.978050e-01 3.278179e-01 9.504419e-02 4.141390e-01 2.509139e-01 1.095853e-01 6.043322e-01 5.000000e-02
<GCONST> 6.291763e+01
<STATE> 10
<MEAN> 39
 -5.758213e+00 -1.719519e+01 -1.224305e+01 -2.423009e+01 8.096631e+00 -1.204615e+01 4.077403e+00 5.719180e-01 1.112495e+01 1.285640e+01 -1.382644e+01 -1.039220e+01 9.625281e-01 2.031731e-01 1.090969e+00 -6.700062e-01 -2.921593e+00 1.908450e+00 3.515230e+00 6.732290e-01 -2.852032e+00 -7.967099e-01 3.181694e+00 2.826865e+00 -5.828539e-01 5.130426e-03 4.005738e-01 -5.108122e-02 5.471674e-01 8.449169e-02 -9.921222e-01 -3.182694e-01 8.622727e-02 2.835455e-01 -1.267947e+00 -5.439059e-01 1.353177e+00 1.776844e+00 -1.045493e-02
<VARIANCE> 39
 5.209700e+00 2.454738e+00 1.097296e+01 8.639905e+00 8.523285e+00 1.720601e+01 4.281444e+00 1.042572e+01 1.424457e+01 9.760032e+00 1.223645e+01 1.868329e+01 5.000000e-02 8.111237e-01 2.000617e-01 8.267079e-01 3.237120e-01 1.461259e+00 9.162182e-01 7.482953e-01 9.820591e-01 2.672077e+00 7.168706e-01 2.192266e+00 2.789881e+00 5.000000e-02 5.000000e-02 1.245103e-01 1.113561e-01 1.260942e-01 5.308234e-02 3.820997e-01 2.485629e-01 2.515378e-01 2.218949e-01 3.851679e-01 3.833552e-01 2.526313e-01 5.000000e-02
<GCONST> 6.744240e+01
<STATE> 11
<MEAN> 39
 -4.576369e+00 -1.536494e+01 -1.225924e+01 -2.859041e+01 1.105183e+01 -7.762496e+00 5.959736e+00 -3.323079e+00 8.167712e+00 1.811685e+01 -9.150164e+00 -7.891414e+00 9.630718e-01 6.921648e-01 1.057956e+00 2.153600e-01 -1.925127e+00 4.086600e-01 1.973312e+00 4.039857e-01 -6.600397e-01 -1.263947e+00 1.290707e+00 2.710807e+00 2.655172e+00 -2.869833e-03 7.892889e-02 -1.844651e-01 1.345141e-01 4.646581e-01 -1.033645e+00 -8.362049e-01 -1.866699e-01 1.040643e+00 -6.328762e-01 -1.565511e+00 -2.538913e-01 1.304835e+00 -6.945681e-03
<VARIANCE> 39
 7.207926e+00 1.934489e+00 7.427991e+00 1.005351e+01 1.655944e+01 1.608149e+01 1.478893e+01 1.735667e+01 1.877278e+01 5.177785e+00 2.312105e+01 9.940489e+00 5.000000e-02 1.840612e-01 3.163498e-01 9.669461e-01 5.933890e-01 1.147773e+00 1.897674e+00 2.270389e+00 7.772561e-01 1.900202e+00 1.263416e+00 9.141062e-01 1.605149e+00 5.000000e-02 6.878640e-02 5.000000e-02 2.029096e-01 5.000000e-02 1.341946e-01 3.740747e-01 9.453661e-02 2.060476e-01 4.951077e-01 8.265039e-02 3.635330e-01 1.408303e-01 5.000000e-02
<GCONST> 6.662994e+01
<STATE> 12
<MEAN> 39
 -3.707389e+00 -1.446589e+01 -1.315989e+01 -2.816331e+01 8.670292e+00 -4.117950e+00 2.745570e+00 -1.377182e+00 5.977413e+00 1.646105e+01 -4.509582e+00 -1.718732e+00 9.351110e-01 9.588993e-01 5.798600e-01 2.637045e-01 -1.398226e+00 -5.666570e-01 4.417345e-01 7.667476e-02 8.074005e-01 -2.032288e+00 -1.957096e+00 1.625069e+00 3.483869e+00 -1.664415e-02 -1.482770e-01 -2.037582e-01 2.335676e-01 1.412592e-02 -4.579794e-01 -1.151854e+00 -6.105346e-02 5.086671e-01 -1.929191e-01 -1.095865e+00 -7.653539e-01 2.880327e-01 -3.778700e-03
<VARIANCE> 39
 1.026317e+01 2.264777e+00 3.467700e+00 1.154898e+01 1.738241e+01 5.097069e+01 2.160262e+01 2.335091e+01 2.802143e+01 1.044007e+01 1.570207e+01 1.314082e+01 5.000000e-02 3.554852e-01 4.352266e-01 6.318894e-01 1.625633e-01 2.521586e-01 1.032712e+00 9.143506e-01 6.235145e-01 7.527974e-01 1.316148e+00 1.092433e+00 4.290350e-01 5.000000e-02 8.247896e-02 5.000000e-02 1.275729e-01 2.969154e-01 2.104973e-01 6.463203e-01 1.197203e-01 1.381879e-01 3.562280e-01 1.530569e-01 2.217778e-01 2.294061e-01 5.000000e-02
<GCONST> 6.597979e+01
<STATE> 13
<MEAN> 39
 -2.377281e+00 -1.409906e+01 -1.242819e+01 -3.295752e+01 7.964768e+00 -7.335169e+00 6.664298e+00 -5.385005e-01 3.014915e+00 1.245973e+01 -5.807793e+00 2.600194e+00 9.211906e-01 4.051296e-02 3.879943e-01 2.086580e-01 -1.375208e+00 -1.501744e+00 -4.383466e-01 -1.883338e-01 4.793247e-01 -2.489856e+00 -1.916887e+00 5.368282e-01 2.931659e+00 -1.573242e-02 -1.675679e-01 -1.229149e-01 2.002724e-01 3.364377e-01 -1.738302e-01 -4.278102e-01 -3.119949e-01 4.786729e-02 1.249614e-01 -1.028323e-01 -3.055295e-01 -2.022447e-01 9.661763e-04
<VARIANCE> 39
 8.126195e+00 2.354578e+00 6.374604e+00 9.126745e+00 8.650436e+00 2.718125e+01 4.345497e+01 9.695189e+00 1.379709e+01 8.802839e+00 3.423163e+01 1.508790e+01 5.000000e-02 2.004915e-01 2.661735e-01 4.992404e-01 1.099900e+00 1.348265e+00 3.162156e+00 9.043890e-01 5.459054e-01 7.119940e-01 8.002240e-01 8.289054e-01 6.955143e-01 5.000000e-02 7.604705e-02 5.000000e-02 1.486714e-01 2.234814e-01 8.539276e-02 1.660190e-01 7.990297e-02 2.155707e-01 1.890099e-01 2.821012e-01 1.089771e-01 3.561651e-01 5.000000e-02
<GCONST> 6.488142e+01
<STATE> 14
<MEAN> 39
 -3.221349e+00 -1.237504e+01 -1.161290e+01 -3.330713e+01 5.194289e+00 -8.214975e+00 4.372162e+00 -9.028971e-01 -1.135349e+00 9.327733e+00 -3.117628e+00 5.242910e+00 8.838193e-01 2.288555e-01 4.379965e-02 9.563321e-01 -6.930995e-01 -9.471138e-01 -9.939330e-01 -6.063681e-01 5.937104e-01 -1.495432e+00 -1.671004e+00 4.229312e-01 2.691135e+00 -1.152343e-02 2.797430e-01 -2.303222e-01 -2.093523e-01 5.136614e-01 2.143966e-02 1.295307e-01 -2.032900e-01 -1.128497e-02 3.923446e-01 5.292561e-01 6.657942e-02 3.602475e-02 7.375376e-03
<VARIANCE> 39
 5.249448e+00 1.729324e+00 9.066999e+00 6.961420e+00 1.182589e+01 5.174195e+01 3.441763e+01 1.865397e+01 4.529840e+00 1.052718e+01 7.593108e+00 1.029512e+01 5.000000e-02 3.784537e-01 1.614526e-01 2.130971e-01 3.309686e+00 1.109985e+00 1.454484e+00 1.612628e-01 5.144939e-01 7.911273e-01 6.307263e-01 6.836212e-01 1.111726e+00 5.000000e-02 2.001373e-01 9.480005e-02 2.006255e-01 5.154798e-02 8.829512e-02 3.702271e-01 5.371700e-02 5.000000e-02 1.202587e-01 1.745504e-01 1.360013e-01 1.531627e-01 5.000000e-02
<GCONST> 5.840959e+01
<STATE> 15
<MEAN> 39
 -2.321473e+00 -1.331950e+01 -9.521976e+00 -3.497876e+01 5.053843e+00 -8.396135e+00 1.476795e+00 2.127751e+00 -1.937612e+00 7.254815e+00 -4.060217e+00 1.218121e+01 8.673774e-01 8.589433e-01 3.883027e-02 -3.841543e-01 4.386816e-02 -1.162564e+00 -4.529025e-01 -7.909117e-01 6.839224e-01 -1.083150e+00 -7.327185e-01 7.193822e-01 2.709608e+00 6.854580e-03 2.635934e-01 7.774508e-02 -5.227472e-01 6.704221e-01 -1.772272e-01 1.735269e-01 2.189177e-01 9.844531e-02 5.496396e-01 6.386381e-01 -1.348976e-01 -8.955591e-01 8.604069e-03
<VARIANCE> 39
 3.750592e+00 3.649666e+00 3.335465e+00 6.883590e+00 1.081898e+01 2.157101e+01 4.569937e+01 1.068682e+01 3.453567e+00 8.701227e+00 2.390793e+01 9.332960e+00 5.000000e-02 1.352571e+00 5.335306e-01 1.232193e+00 2.056651e+00 2.874122e-01 1.002565e+00 4.015559e-01 6.446697e-01 5.884429e-01 1.164623e+00 5.722892e-01 2.680582e+00 5.000000e-02 7.920868e-02 7.767416e-02 6.340329e-02 2.821939e-01 1.142972e-01 2.464566e-01 1.773980e-01 3.321720e-01 5.494922e-02 5.000000e-02 3.070984e-01 2.793249e-01 5.000000e-02
<GCONST> 6.308434e+01
<STATE> 16
<MEAN> 39
 9.429106e-01 -1.469395e+01 -1.234387e+01 -3.226475e+01 -8.388566e-02 -9.683703e+00 2.213622e+00 1.005819e+00 -6.348023e+00 7.376111e+00 -3.983008e-01 1.608021e+01 9.317117e-01 1.567272e+00 1.653129e-01 -1.219573e+00 1.910357e+00 -1.890068e+00 2.167795e-01 -2.616740e-01 1.135984e+00 3.250227e-01 7.429323e-01 5.211473e-01 2.402496e-01 1.754029e-02 -5.520362e-04 2.860902e-01 -8.361986e-02 3.967483e-01 8.637483e-02 -2.654907e-01 2.994716e-01 4.414892e-01 8.507617e-01 9.859106e-02 -5.307242e-01 -1.689150e+00 -6.567757e-03
<VARIANCE> 39
 1.042603e+01 5.127146e+00 5.546264e+00 1.841465e+01 1.172683e+01 2.119359e+01 5.127504e+01 1.431271e+01 6.270494e+00 1.412582e+01 9.882977e+00 1.308005e+01 5.000000e-02 1.170358e+00 1.181172e+00 3.021867e-01 1.843135e+00 1.662041e+00 9.308125e-01 1.491845e+00 2.685164e+00 7.139720e-01 2.254549e-01 2.288502e+00 1.500921e+00 5.000000e-02 1.213727e-01 5.869614e-02 3.007381e-01 3.180808e-01 1.150257e-01 8.532658e-02 5.000000e-02 4.044658e-01 1.983953e-01 1.262519e-01 5.000000e-02 4.095755e-01 5.000000e-02
<GCONST> 7.033358e+01
<STATE> 17
<MEAN> 39
 1.644352e+00 -1.233570e+01 -1.485361e+01 -3.065704e+01 -1.118918e+00 -7.721712e+00 2.050396e+00 3.179951e+00 -2.614980e+00 9.090425e+00 -1.209361e+00 1.473450e+01 9.354588e-01 1.008783e+00 7.384627e-01 -7.762486e-01 1.721385e+00 -1.564183e+00 -1.260558e+00 4.569599e-01 1.514469e+00 1.603398e+00 4.394380e-01 -8.838290e-01 -2.263140e+00 1.559368e-03 -2.000659e-01 1.839981e-02 4.582143e-01 -3.324782e-02 4.548699e-01 -2.941106e-01 2.116719e-01 2.433815e-01 1.958386e-01 -3.987063e-01 -7.074131e-01 -1.217559e+00 -1.186865e-02
<VARIANCE> 39
 1.224090e+01 6.953680e+00 1.682923e+00 3.991943e+01 4.818297e+01 3.539695e+01 6.308070e+01 1.629110e+01 1.521044e+01 1.023845e+01 1.648282e+01 1.862662e+01 5.000000e-02 5.803185e-01 5.396712e-01 5.483240e-01 8.146232e-01 7.244678e-01 9.981995e-01 7.463813e-01 4.485859e+00 2.638570e+00 6.875496e-01 6.090705e-01 1.047898e+00 5.000000e-02 1.461557e-01 6.989280e-02 2.428416e-01 3.776532e-01 1.271007e-01 2.269477e-01 2.573118e-01 1.623322e-01 6.012714e-02 9.510115e-02 1.077443e-01 4.747508e-01 5.000000e-02
<GCONST> 7.372570e+01
<STATE> 18
<MEAN> 39
 2.146518e+00 -1.152868e+01 -1.250162e+01 -2.851626e+01 -1.696424e+00 -1.298713e+01 3.753465e+00 7.360651e+00 8.336651e-01 9.573943e+00 -4.065431e+00 9.068162e+00 9.266053e-01 7.348329e-01 3.990135e-01 3.767621e-01 1.437993e+00 -2.512331e-01 -9.379289e-01 4.987143e-01 2.100754e+00 1.100219e+00 -4.910829e-01 -1.394881e+00 -3.178251e+00 -1.923352e-02 -2.369170e-01 -3.661389e-01 1.481162e-01 -4.719953e-01 6.058326e-01 3.065889e-01 9.366111e-02 -3.813100e-01 -5.969540e-01 -7.664966e-01 -4.309053e-01 -2.387751e-02 -1.003260e-02
<VARIANCE> 39
 1.398303e+01 4.185104e+00 2.513341e+00 3.801814e+01 3.347318e+01 3.860033e+01 7.198650e+01 5.330061e+01 2.176280e+01 2.256691e+01 1.125612e+01 2.683211e+01 5.000000e-02 1.430095e-01 2.921181e-01 1.735479e+00 6.631864e-01 8.940459e-01 1.556063e+00 8.160655e-01 1.347877e+00 1.250777e+00 6.295453e-01 3.330777e-01 1.185688e+00 5.000000e-02 9.205560e-02 8.689558e-02 7.588189e-02 2.290252e-01 7.200730e-01 4.427809e-01 6.651505e-01 6.957058e-01 1.179858e-01 6.264758e-02 2.287877e-01 3.735767e-01 5.000000e-02
<GCONST> 7.670361e+01
<STATE> 19
<MEAN> 39
 4.255441e+00 -1.151147e+01 -1.416086e+01 -2.635897e+01 -2.094689e+00 -1.170012e+01 3.326885e+00 9.744242e+00 -4.318936e-01 7.239152e+00 -3.865807e+00 5.769596e+00 8.823724e-01 1.891540e-01 -2.907516e-01 -5.424989e-01 -1.452466e-01 2.066627e-01 -3.493237e-01 1.654777e-01 9.647410e-02 -8.622996e-01 -1.847180e+00 -1.899854e+00 -1.627478e+00 -2.497708e-02 -1.216267e-01 -2.469683e-01 -1.914927e-01 -3.475906e-01 2.353261e-01 3.235007e-01 -2.989702e-02 -1.141817e+00 -8.740616e-01 -4.572035e-01 -2.494011e-02 5.193288e-01 -1.223166e-03
<VARIANCE> 39
 1.161915e+01 6.392744e+00 1.146526e+01 2.147251e+01 4.268960e+01 8.774077e+00 3.455731e+01 2.375719e+01 2.672527e+01 5.205411e+00 1.145230e+01 9.436067e+00 5.000000e-02 8.958923e-02 4.807033e-01 1.321527e+00 5.866885e-01 3.012687e+00 2.038902e+00 2.116493e+00 1.215987e+00 4.048025e-01 5.000000e-02 3.975455e-01 4.011467e-01 5.000000e-02 5.000000e-02 6.573601e-02 2.687279e-01 1.857463e-01 2.123498e-01 7.838465e-02 5.000000e-02 3.347602e-01 1.498935e-01 9.720027e-02 6.083558e-02 2.794185e-01 5.000000e-02
<GCONST> 6.317886e+01
<STATE> 20
<MEAN> 39
 2.594682e+00 -1.291066e+01 -1.361163e+01 -2.843635e+01 -2.668008e-01 -1.126001e+01 3.804233e+00 8.107905e+00 -2.281570e+00 3.238735e+00 -1.017367e+01 5.384434e+00 8.443875e-01 4.756746e-01 -7.437714e-01 -6.488853e-01 2.091208e-01 2.906644e-01 3.225487e-01 4.964729e-01 -1.720770e+00 -1.564354e+00 -2.419942e+00 -1.312686e+00 -5.444973e-01 -1.821771e-02 2.345746e-01 1.722456e-01 -4.478659e-01 3.619177e-01 -3.683413e-01 1.737177e-01 2.192453e-02 -6.014110e-01 -3.238223e-01 1.618566e-02 8.764902e-01 3.653992e-01 1.975871e-03
<VARIANCE> 39
 1.014472e+01 1.246058e+01 1.598814e+01 1.587509e+01 3.555805e+01 5.443731e+00 4.222060e+01 2.996553e+01 3.148347e+01 2.239548e+01 7.902428e+00 8.229049e+00 5.000000e-02 6.775850e-02 2.262240e-01 7.430651e-01 8.984224e-01 3.824008e+00 1.132479e+00 2.614786e+00 1.010459e+00 1.666167e-01 5.301924e-01 2.962257e-01 8.811883e-01 5.000000e-02 5.000000e-02 1.018092e-01 2.966476e-01 1.663342e-01 6.013784e-01 1.038541e-01 4.443419e-01 1.248141e-01 1.699529e-01 1.442299e-01 1.062076e-01 1.644478e-01 5.000000e-02
<GCONST> 6.858250e+01
<STATE> 21
<MEAN> 39
 4.858164e+00 -1.405553e+01 -1.394078e+01 -2.848170e+01 1.362319e+00 -1.138475e+01 4.032776e+00 3.031716e+00 -3.499272e+00 9.168198e-01 -1.006420e+01 3.749487e+00 8.152542e-01 9.503872e-01 2.991826e-01 -1.865402e+00 1.530496e+00 -7.085999e-01 3.615599e-01 7.149428e-01 -1.355188e+00 -1.701879e+00 -1.526959e+00 3.480241e-01 -6.598079e-01 -1.489006e-02 1.280370e-01 3.265612e-01 -3.143280e-01 6.145167e-01 -5.298733e-01 1.840087e-01 -4.642764e-02 -4.725024e-02 7.958896e-02 2.811293e-01 9.211417e-01 -1.723364e-01 -2.932761e-03
<VARIANCE> 39
 1.065397e+01 4.596363e+00 2.868234e+01 2.337003e+01 2.478130e+01 3.986022e+00 3.557262e+01 9.984332e+00 1.729243e+01 3.182428e+00 6.803927e+00 1.692193e+01 5.000000e-02 2.563062e-01 3.178474e-01 9.405157e-01 2.226919e+00 1.295944e+00 1.287479e+00 5.323932e-01 1.536887e+00 4.571441e-01 1.211529e+00 1.626166e+00 1.576786e-01 5.000000e-02 5.000000e-02 1.067458e-01 3.918337e-01 2.532182e-01 6.369486e-01 1.085710e-01 4.877150e-01 2.109823e-01 1.007905e-01 7.215596e-02 5.000000e-02 3.054178e-01 5.000000e-02
<GCONST> 6.730532e+01
<STATE> 22
<MEAN> 39
 6.843550e+00 -1.252686e+01 -1.946798e+01 -2.301531e+01 -3.722861e+00 -1.066567e+01 6.396544e+00 2.663011e+00 -6.677275e+00 -5.865554e-01 -6.234731e+00 2.415783e+00 7.934092e-01 7.240287e-01 5.953143e-01 -8.992505e-01 1.485950e+00 -8.005369e-01 8.184555e-01 5.096088e-02 -1.249387e+00 -1.365177e+00 -1.129905e+00 1.399263e+00 -1.223265e+00 -3.009601e-02 -2.102024e-01 1.170519e-02 4.989967e-01 7.699373e-02 -8.082464e-02 2.480543e-01 -6.133277e-01 -9.286075e-02 6.060832e-01 1.555888e-01 2.751819e-01 -2.277907e-01 -1.105987e-02
<VARIANCE> 39
 8.146494e+00 4.804349e+00 4.574393e+00 2.864776e+01 2.478729e+01 8.427955e+00 1.774742e+01 9.464877e+00 2.732324e+01 9.178749e+00 2.176076e+01 8.251255e+00 5.000000e-02 5.057802e-01 6.061937e-01 1.615399e+00 1.148665e+00 3.186185e+00 2.794557e+00 1.811238e+00 1.062012e+00 8.660906e-01 9.230475e-01 3.867443e-01 1.075210e+00 5.000000e-02 5.000000e-02 1.364638e-01 1.168161e-01 7.138816e-01 3.338868e-01 3.065464e-01 1.009130e-01 1.185585e-01 3.510439e-01 2.779028e-01 3.721391e-01 1.306725e-01 5.000000e-02
<GCONST> 7.406110e+01
<STATE> 23
<MEAN> 39
 7.382535e+00 -1.103918e+01 -1.872584e+01 -2.183354e+01 -3.995337e+00 -9.645020e+00 3.795626e+00 8.075168e-01 -1.013785e+01 -3.891623e+00 -4.094114e+00 1.329924e-01 7.254061e-01 2.293608e-01 2.985334e-01 -3.635205e-02 1.965372e+00 -1.021473e+00 1.541491e+00 -1.552362e+00 -1.906646e+00 5.329864e-01 -1.060991e+00 1.234610e+00 -1.559916e+00 -5.810185e-02 -3.598503e-01 -4.086085e-02 8.023129e-01 2.152107e-01 5.596796e-01 2.444012e-01 -1.320984e-01 1.591665e-01 1.033825e+00 3.192800e-01 -1.384116e-01 2.842718e-01 -1.041628e-02
<VARIANCE> 39
 1.684465e+00 7.720892e+00 5.305660e+00 8.521973e+00 6.533020e+00 2.384589e+01 4.595208e+00 2.075866e+01 1.332676e+01 6.345014e+00 1.768438e+00 1.407478e+01 5.000000e-02 6.735429e-01 6.849119e-01 1.356341e+00 4.974974e+00 1.773794e+00 1.217965e+00 9.493440e-01 5.159459e-01 1.446173e+00 7.899533e-01 2.159035e+00 1.375967e+00 5.000000e-02 5.795469e-02 1.124280e-01 1.439341e-01 2.200275e-01 4.035800e-01 5.707432e-01 2.480448e-01 1.618231e-01 2.275421e-01 8.497811e-02 5.000000e-02 2.126514e-01 5.000000e-02
<GCONST> 6.708013e+01
<STATE> 24
<MEAN> 39
 6.866434e+00 -1.185199e+01 -1.865668e+01 -1.900579e+01 -5.120609e+00 -5.598264e+00 4.798095e-01 -3.892182e+00 -5.250575e+00 -4.298151e+00 -3.557408e+00 -3.183605e+00 6.109730e-01 -3.535537e-01 8.328531e-02 1.410283e+00 2.118694e+00 3.212750e-01 8.005986e-01 -8.561124e-01 -8.966399e-01 2.352987e+00 -1.677556e-01 9.925904e-01 -7.498364e-01 -6.728990e-02 -2.072306e-01 1.037443e-02 4.851533e-01 2.260716e-01 3.338733e-01 -5.029629e-01 3.178737e-01 4.394514e-01 4.807659e-01 4.480113e-01 -2.237763e-02 4.908997e-01 -8.122776e-04
<VARIANCE> 39
 8.851750e-01 4.197533e+00 5.499400e+00 3.944441e+00 1.019337e+01 1.008351e+01 1.345983e+01 1.104054e+01 1.247822e+01 1.309957e+01 1.426598e+01 1.419920e+01 5.000000e-02 1.290627e-01 5.709236e-01 4.170945e-01 1.550267e+00 1.115015e+00 1.775304e+00 8.495249e-01 1.098615e+00 1.635463e+00 5.794773e-01 7.911008e-01 1.645831e+00 5.000000e-02 5.000000e-02 5.766356e-02 1.425282e-01 4.440227e-01 1.588048e-01 2.265997e-01 1.961722e-01 9.390347e-02 2.389150e-01 2.577960e-01 2.340512e-01 4.034672e-01 5.000000e-02
<GCONST> 6.382611e+01
<STATE> 25
<MEAN> 39
 5.810552e+00 -1.153601e+01 -1.542378e+01 -1.486546e+01 -3.749302e+00 -6.129155e+00 2.286963e+00 -3.244814e+00 -2.237431e+00 -3.357630e+00 -4.620968e-01 -1.230021e+00 5.097594e-01 -5.368356e-01 2.394594e-01 1.763804e+00 2.399438e+00 7.044427e-01 -1.979231e-01 -2.286374e-01 -4.314990e-01 2.084684e+00 1.816496e-01 1.250424e+00 2.109895e-01 -5.685058e-02 -1.707695e-01 3.562169e-02 9.921814e-02 -2.510044e-01 1.806525e-01 -3.509125e-01 3.137569e-01 4.297669e-01 -3.072020e-01 2.361306e-01 -1.722596e-01 3.615382e-01 7.400074e-03
<VARIANCE> 39
 3.262372e+00 7.839942e+00 1.153619e+00 6.765299e-01 9.705490e+00 7.305110e+00 9.961517e+00 5.988470e+00 2.050564e+01 8.835527e+00 1.461483e+01 5.147150e+00 5.000000e-02 2.267266e-01 2.875619e-01 2.814400e-01 1.104886e+00 3.325460e-01 8.317621e-01 2.809142e-01 1.158087e+00 7.587993e-01 2.470877e+00 3.814526e-01 2.450233e+00 5.000000e-02 5.000000e-02 1.205907e-01 1.962571e-01 1.902413e-01 2.415833e-01 3.565007e-01 1.602065e-01 1.781080e-01 2.595741e-01 8.092161e-02 2.033501e-01 1.799685e-01 5.000000e-02
<GCONST> 5.622974e+01
<STATE> 26
<MEAN> 39
 5.483489e+00 -9.686014e+00 -1.183777e+01 -1.107304e+01 -2.571158e+00 -6.227603e+00 5.746481e-01 -3.349635e+00 7.087751e-01 -4.116276e+00 -1.581040e-01 -2.743401e+00 4.411180e-01 -8.239099e-01 2.818220e-01 1.699595e+00 1.734242e+00 4.723015e-01 -8.301000e-02 2.126733e-01 -1.195711e-01 1.466293e+00 5.140518e-01 6.229888e-01 1.854253e-01 -4.752269e-02 -6.873385e-02 -1.840611e-02 -2.198628e-01 -5.716518e-01 -1.106308e-01 -9.833454e-02 1.852401e-01 4.348930e-01 -4.374700e-01 1.922886e-01 -1.225133e-01 1.599573e-01 7.098349e-03
<VARIANCE> 39
 3.073111e+00 9.616147e+00 7.983575e+00 1.114412e+01 5.234855e+00 1.667787e+01 1.732172e+01 1.222805e+01 1.600079e+01 1.328538e+01 5.089555e+00 1.002538e+01 5.000000e-02 6.248451e-01 2.584895e-01 1.063057e+00 6.360728e-01 4.964556e-01 1.137119e+00 7.615998e-01 1.398035e+00 6.094261e-01 1.395611e+00 6.742734e-01 5.279570e-01 5.000000e-02 5.001780e-02 5.000000e-02 2.212312e-01 2.508054e-01 1.420660e-01 2.353219e-01 2.282912e-01 2.857240e-01 2.509945e-01 5.020339e-01 1.149370e-01 1.404047e-01 5.000000e-02
<GCONST> 6.455405e+01
<STATE> 27
<MEAN> 39
 4.248204e+00 -1.094324e+01 -1.184976e+01 -1.093722e+01 -3.132348e+00 -6.641271e+00 7.849832e-01 -3.613541e+00 8.323306e-01 -2.279708e+00 3.163415e-01 -8.220505e-01 4.120776e-01 -7.309791e-01 1.578247e-01 8.712950e-01 8.843863e-01 7.737422e-02 -1.852211e-01 1.005936e-01 8.548121e-01 6.727027e-01 9.519053e-01 9.779227e-01 5.720444e-01 -3.992792e-02 -6.805184e-02 -1.415952e-01 -2.962036e-01 -4.650680e-01 1.420506e-02 3.114094e-01 2.219899e-01 2.687533e-01 -3.517398e-01 -2.950491e-02 3.933445e-02 8.953004e-02 1.670246e-03
<VARIANCE> 39
 5.560348e+00 5.576636e+00 1.548520e+01 7.059399e+00 2.321991e+00 8.951085e+00 3.681968e+01 1.611440e+01 1.067223e+01 1.115590e+01 2.741100e+00 1.637344e+00 5.000000e-02 8.354718e-02 2.772493e-01 1.032028e+00 7.776020e-01 1.383304e+00 1.558947e+00 2.678053e+00 7.967687e-01 7.609733e-01 1.119962e+00 4.505927e-01 1.284939e-01 5.000000e-02 1.286078e-01 9.675654e-02 2.705238e-01 1.340437e-01 1.943316e-01 2.100792e-01 4.339331e-01 3.810546e-01 5.961053e-02 1.332035e-01 6.565971e-02 5.466273e-02 5.000000e-02
<GCONST> 5.788445e+01
<STATE> 28
<MEAN> 39
 2.692590e+00 -9.551111e+00 -9.032135e+00 -9.076451e+00 -1.326374e+00 -6.172079e+00 2.403602e+00 -5.921568e-01 3.193958e+00 -6.709777e-01 2.277704e+00 -9.768652e-01 3.252189e-01 -7.009562e-01 9.363147e-02 7.703347e-01 1.004782e-01 3.969921e-01 5.932370e-01 3.535462e-01 1.363602e+00 3.021981e-01 -3.663857e-02 5.154592e-01 5.876967e-01 -3.446198e-02 1.054115e-02 -2.686206e-02 -1.355156e-01 -1.701705e-01 -7.353188e-02 9.051888e-02 -1.123479e-01 -2.325741e-01 -4.163707e-01 -2.512596e-01 -1.128247e-01 -1.121927e-01 1.823657e-03
<VARIANCE> 39
 2.470292e+00 4.734866e+00 1.293243e+01 1.025311e+01 1.466786e+01 5.273108e+00 5.700796e+00 1.551343e+01 9.400135e+00 8.346369e+00 1.090646e+01 1.602975e+01 5.000000e-02 5.408159e-01 4.507861e-01 1.490987e+00 1.123134e+00 9.259483e-01 1.146595e+00 1.915689e+00 1.657537e+00 1.299280e+00 8.600252e-01 4.484012e-01 3.251354e-01 5.000000e-02 5.000000e-02 5.000000e-02 9.078024e-02 1.045020e-01 1.234602e-01 2.474387e-01 2.993659e-01 3.608155e-01 9.842936e-02 2.910490e-01 1.595851e-01 1.266774e-01 5.000000e-02
<GCONST> 6.308121e+01
<STATE> 29
<MEAN> 39
 1.974407e+00 -1.111790e+01 -9.916141e+00 -1.024653e+01 -1.741622e+00 -5.219865e+00 2.792176e+00 4.103132e-01 2.696122e+00 -2.305829e+00 2.723341e+00 9.381794e-01 2.924497e-01 -8.194426e-01 7.646099e-02 6.127368e-01 1.747638e-01 2.399043e-01 6.439690e-01 2.650660e-01 -3.192549e-01 -4.458829e-01 4.182342e-01 7.702259e-01 2.568422e-01 -4.041764e-02 3.437355e-03 2.247481e-01 1.291019e-01 8.576523e-02 -1.137613e-01 -8.018798e-02 -1.627108e-01 -6.436037e-01 -2.972416e-01 7.577551e-02 -6.647457e-02 -3.438230e-01 7.556936e-04
<VARIANCE> 39
 2.381243e+00 9.877925e+00 2.137791e+01 1.262856e+01 2.452553e+01 8.863256e+00 8.829638e+00 1.968219e+01 7.089405e+00 1.436552e+00 6.436238e+00 9.115976e-01 5.000000e-02 3.323724e-01 3.887782e-01 3.040405e-01 4.764068e-01 1.089717e+00 1.187359e+00 1.426562e+00 1.702361e+00 6.283469e-01 9.016588e-01 1.099753e+00 1.041676e+00 5.000000e-02 1.070749e-01 8.784784e-02 3.333816e-01 1.403525e-01 3.157351e-01 2.260092e-01 4.221739e-01 4.875881e-01 2.990718e-01 2.037607e-01 1.762807e-01 5.000000e-02 5.000000e-02
<GCONST> 6.333189e+01
<STATE> 30
<MEAN> 39
 4.245152e-01 -1.077905e+01 -9.321690e+00 -1.005713e+01 -1.489672e+00 -4.070231e+00 2.293654e+00 -8.213253e-01 1.383581e+00 3.017348e-02 3.750701e+00 3.191356e-01 1.915634e-01 -8.175298e-01 6.378438e-01 1.159643e+00 5.183024e-01 8.185689e-02 1.344972e-01 -2.284895e-01 -7.726569e-01 -4.930630e-01 5.863760e-01 7.032143e-01 -4.311050e-01 -3.743178e-02 3.357840e-02 1.058552e-01 1.887134e-01 2.329938e-01 2.444310e-02 -1.002094e-01 -8.844841e-02 -2.132009e-01 -4.518177e-02 -7.156911e-02 -2.639336e-01 -4.291887e-01 2.863477e-03
<VARIANCE> 39
 2.681145e+00 2.910698e+00 1.060229e+01 6.120840e+00 1.048971e+01 1.608574e+01 1.093769e+01 6.294574e+00 7.198684e+00 1.251441e+01 2.037747e+00 7.018749e+00 5.000000e-02 8.125033e-01 5.163464e-01 7.492339e-01 8.539952e-01 4.005826e-01 9.581152e-01 6.250830e-01 1.501050e+00 1.249460e+00 9.499112e-01 1.373076e+00 1.011945e+00 5.000000e-02 5.557612e-02 5.000000e-02 1.486710e-01 2.377967e-01 2.017782e-01 3.566266e-01 2.473186e-01 2.533267e-01 1.262239e-01 2.810501e-01 8.163634e-02 1.677276e-01 5.000000e-02
<GCONST> 6.134291e+01
<STATE> 31
<MEAN> 39
 -3.519235e-01 -7.802691e+00 -4.952672e+00 -7.869384e+00 -1.950570e+00 -5.447235e+00 1.889744e+00 -2.777017e+00 5.292273e-01 2.886557e-01 4.683324e+00 -1.002875e+00 1.934444e-01 -6.416274e-01 4.124950e-01 1.141306e+00 1.041755e+00 2.512093e-01 1.037556e-01 4.009936e-01 -4.068542e-01 -5.443941e-01 4.019554e-02 -3.503320e-01 -1.037900e+00 -2.705065e-02 -3.637218e-02 -1.191546e-01 -3.959443e-02 1.321723e-01 1.110876e-01 -6.223283e-02 1.037096e-01 2.826000e-01 1.419061e-01 -4.166006e-01 -2.467329e-01 1.859600e-03 1.539345e-03
<VARIANCE> 39
 9.574877e+00 8.049179e-01 4.342813e+00 3.856228e+00 7.975118e+00 6.770522e+00 9.445984e+00 2.478773e+01 3.483282e+00 1.124103e+01 1.443731e+01 4.269918e+00 5.000000e-02 3.158045e-01 2.880351e-01 4.295075e-01 6.136835e-01 5.314121e-01 8.699901e-01 1.030164e+00 1.447964e+00 8.449506e-01 1.936053e+00 2.022640e-01 5.462034e-01 5.000000e-02 1.377187e-01 5.000000e-02 9.523115e-02 1.473508e-01 5.000000e-02 4.388625e-01 1.883555e-01 4.903183e-01 1.911498e-01 1.782382e-01 2.939760e-01 7.754193e-02 5.000000e-02
<GCONST> 5.636440e+01
<STATE> 32
<MEAN> 39
 -1.194846e+00 -8.268605e+00 -4.730212e+00 -5.984633e+00 -5.955838e-02 -4.182447e+00 2.730869e+00 -2.773101e+00 -3.050423e-01 2.232136e-01 3.655602e+00 -3.221297e+00 1.392059e-01 -1.083697e+00 3.716130e-02 8.852051e-01 9.546712e-01 2.972586e-01 2.482285e-01 9.010164e-02 6.828905e-02 -4.432495e-01 -8.404081e-01 -3.461948e-01 -3.104445e-01 -3.858898e-02 -1.078007e-02 -1.136383e-01 -1.722162e-01 -1.380749e-01 2.802677e-02 -6.342666e-02 3.831296e-02 5.706172e-01 3.287183e-01 -1.531059e-01 4.538225e-02 5.407735e-01 1.704348e-03
<VARIANCE> 39
 6.125200e+00 4.238183e+00 1.134724e+01 1.426064e+01 8.708828e+00 1.318160e+01 2.109461e+01 7.750636e+00 2.024768e+01 2.555757e+01 1.240869e+01 1.575912e+01 5.000000e-02 2.245186e-01 5.000000e-02 1.525179e+00 1.441243e+00 5.914232e-01 3.158847e+00 1.396718e+00 1.332173e+00 3.868871e-01 7.304259e-01 1.800891e+00 7.502250e-01 5.000000e-02 8.035919e-02 5.000000e-02 5.000000e-02 1.810018e-01 5.000000e-02 2.862071e-01 2.754458e-01 8.615977e-02 2.115159e-01 4.110660e-01 2.669335e-01 1.315736e-01 5.000000e-02
<GCONST> 6.497787e+01
<STATE> 33
<MEAN> 39
 -4.130830e+00 -9.000895e+00 -3.509368e+00 -5.624836e+00 -4.645078e-03 -2.770197e+00 3.377420e+00 -1.913869e+00 1.288644e-01 -4.091009e+00 1.756138e+00 -2.648095e+00 7.562178e-02 -8.649564e-01 3.481662e-02 6.966755e-01 7.499154e-01 6.459231e-01 -1.347012e-01 7.844340e-02 9.353732e-01 3.496311e-01 -7.585407e-01 -8.511949e-02 2.946985e-01 -2.393015e-02 3.048134e-01 -8.837605e-03 -2.836250e-01 -2.533892e-01 8.822030e-03 -2.734802e-01 -1.840847e-01 1.777772e-01 3.908259e-01 5.040959e-01 2.832057e-01 2.621952e-01 9.321446e-03
<VARIANCE> 39
 2.366232e+00 1.352993e+00 1.740702e+00 7.252515e+00 1.857141e+00 4.329125e+00 4.675882e+00 1.524944e+01 1.639990e+01 2.480424e+00 1.215128e+00 7.725017e+00 5.000000e-02 2.903860e-01 1.978410e-01 5.321686e-01 4.766557e-01 6.041685e-02 7.943172e-01 6.007378e-01 1.519789e+00 1.067920e+00 1.623998e+00 1.215228e+00 1.229584e+00 5.000000e-02 5.000000e-02 5.000000e-02 1.286642e-01 2.922853e-01 8.339629e-02 3.370799e-01 3.344468e-01 1.936722e-01 2.435185e-01 7.228654e-02 7.353170e-02 5.533182e-02 5.000000e-02
<GCONST> 4.715685e+01
<TRANSP> 34
 0.000000e+00 1.000000e+00 0.000000e+00 0.000000e+00 0.000000e+00 0.000000e+00 0.000000e+00 0.000000e+00 0.000000e+00 0.000000e+00 0.000000e+00 0.000000e+00 0.000000e+00 0.000000e+00 0.000000e+00 0.000000e+00 0.000000e+00 0.000000e+00 0.000000e+00 0.000000e+00 0.000000e+00 0.000000e+00 0.000000e+00 0.000000e+00 0.000000e+00 0.000000e+00 0.000000e+00 0.000000e+00 0.000000e+00 0.000000e+00 0.000000e+00 0.000000e+00 0.000000e+00 0.000000e+00
 0.000000e+00 5.000000e-01 5.000000e-01 0.000000e+00 0.000000e+00 0.000000e+00 0.000000e+00 0.000000e+00 0.000000e+00 0.000000e+00 0.000000e+00 0.000000e+00 0.000000e+00 0.000000e+00 0.000000e+00 0.000000e+00 0.000000e+00 0.000000e+00 0.000000e+00 0.000000e+00 0.000000e+00 0.000000e+00 0.000000e+00 0.000000e+00 0.000000e+00 0.000000e+00 0.000000e+00 0.000000e+00 0.000000e+00 0.000000e+00 0.000000e+00 0.000000e+00 0.000000e+00 0.000000e+00
 0.000000e+00 0.000000e+00 0.000000e+00 1.000000e+00 0.000000e+00 0.000000e+00 0.000000e+00 0.000000e+00 0.000000e+00 0.000000e+00 0.000000e+00 0.000000e+00 0.000000e+00 0.000000e+00 0.000000e+00 0.000000e+00 0.000000e+00 0.000000e+00 0.000000e+00 0.000000e+00 0.000000e+00 0.000000e+00 0.000000e+00 0.000000e+00 0.000000e+00 0.000000e+00 0.000000e+00 0.000000e+00 0.000000e+00 0.000000e+00 0.000000e+00 0.000000e+00 0.000000e+00 0.000000e+00
 0.000000e+00 0.000000e+00 0.000000e+00 4.444391e-01 5.555609e-01 0.000000e+00 0.000000e+00 0.000000e+00 0.000000e+00 0.000000e+00 0.000000e+00 0.000000e+00 0.000000e+00 0.000000e+00 0.000000e+00 0.000000e+00 0.000000e+00 0.000000e+00 0.000000e+00 0.000000e+00 0.000000e+00 0.000000e+00 0.000000e+00 0.000000e+00 0.000000e+00 0.000000e+00 0.000000e+00 0.000000e+00 0.000000e+00 0.000000e+00 0.000000e+00 0.000000e+00 0.000000e+00 0.000000e+00
 0.000000e+00 0.000000e+00 0.000000e+00 0.000000e+00 1.666784e-01 8.333216e-01 0.000000e+00 0.000000e+00 0.000000e+00 0.000000e+00 0.000000e+00 0.000000e+00 0.000000e+00 0.000000e+00 0.000000e+00 0.000000e+00 0.000000e+00 0.000000e+00 0.000000e+00 0.000000e+00 0.000000e+00 0.000000e+00 0.000000e+00 0.000000e+00 0.000000e+00 0.000000e+00 0.000000e+00 0.000000e+00 0.000000e+00 0.000000e+00 0.000000e+00 0.000000e+00 0.000000e+00 0.000000e+00
 0.000000e+00 0.000000e+00 0.000000e+00 0.000000e+00 0.000000e+00 4.444392e-01 5.555608e-01 0.000000e+00 0.000000e+00 0.000000e+00 0.000000e+00 0.000000e+00 0.000000e+00 0.000000e+00 0.000000e+00 0.000000e+00 0.000000e+00 0.000000e+00 0.000000e+00 0.000000e+00 0.000000e+00 0.000000e+00 0.000000e+00 0.000000e+00 0.000000e+00 0.000000e+00 0.000000e+00 0.000000e+00 0.000000e+00 0.000000e+00 0.000000e+00 0.000000e+00 0.000000e+00 0.000000e+00
 0.000000e+00 0.000000e+00 0.000000e+00 0.000000e+00 0.000000e+00 0.000000e+00 1.666786e-01 8.333214e-01 0.000000e+00 0.000000e+00 0.000000e+00 0.000000e+00 0.000000e+00 0.000000e+00 0.000000e+00 0.000000e+00 0.000000e+00 0.000000e+00 0.000000e+00 0.000000e+00 0.000000e+00 0.000000e+00 0.000000e+00 0.000000e+00 0.000000e+00 0.000000e+00 0.000000e+00 0.000000e+00 0.000000e+00 0.000000e+00 0.000000e+00 0.000000e+00 0.000000e+00 0.000000e+00
 0.000000e+00 0.000000e+00 0.000000e+00 0.000000e+00 0.000000e+00 0.000000e+00 0.000000e+00 4.444391e-01 5.555609e-01 0.000000e+00 0.000000e+00 0.000000e+00 0.000000e+00 0.000000e+00 0.000000e+00 0.000000e+00 0.000000e+00 0.000000e+00 0.000000e+00 0.000000e+00 0.000000e+00 0.000000e+00 0.000000e+00 0.000000e+00 0.000000e+00 0.000000e+00 0.000000e+00 0.000000e+00 0.000000e+00 0.000000e+00 0.000000e+00 0.000000e+00 0.000000e+00 0.000000e+00
 0.000000e+00 0.000000e+00 0.000000e+00 0.000000e+00 0.000000e+00 0.000000e+00 0.000000e+00 0.000000e+00 0.000000e+00 1.000000e+00 0.000000e+00 0.000000e+00 0.000000e+00 0.000000e+00 0.000000e+00 0.000000e+00 0.000000e+00 0.000000e+00 0.000000e+00 0.000000e+00 0.000000e+00 0.000000e+00 0.000000e+00 0.000000e+00 0.000000e+00 0.000000e+00 0.000000e+00 0.000000e+00 0.000000e+00 0.000000e+00 0.000000e+00 0.000000e+00 0.000000e+00 0.000000e+00
 0.000000e+00 0.000000e+00 0.000000e+00 0.000000e+00 0.000000e+00 0.000000e+00 0.000000e+00 0.000000e+00 0.000000e+00 3.742634e-01 6.257366e-01 0.000000e+00 0.000000e+00 0.000000e+00 0.000000e+00 0.000000e+00 0.000000e+00 0.000000e+00 0.000000e+00 0.000000e+00 0.000000e+00 0.000000e+00 0.000000e+00 0.000000e+00 0.000000e+00 0.000000e+00 0.000000e+00 0.000000e+00 0.000000e+00 0.000000e+00 0.000000e+00 0.000000e+00 0.000000e+00 0.000000e+00
 0.000000e+00 0.000000e+00 0.000000e+00 0.000000e+00 0.000000e+00 0.000000e+00 0.000000e+00 0.000000e+00 0.000000e+00 0.000000e+00 2.866668e-01 7.133332e-01 0.000000e+00 0.000000e+00 0.000000e+00 0.000000e+00 0.000000e+00 0.000000e+00 0.000000e+00 0.000000e+00 0.000000e+00 0.000000e+00 0.000000e+00 0.000000e+00 0.000000e+00 0.000000e+00 0.000000e+00 0.000000e+00 0.000000e+00 0.000000e+00 0.000000e+00 0.000000e+00 0.000000e+00 0.000000e+00
 0.000000e+00 0.000000e+00 0.000000e+00 0.000000e+00 0.000000e+00 0.000000e+00 0.000000e+00 0.000000e+00 0.000000e+00 0.000000e+00 0.000000e+00 2.858113e-01 7.141887e-01 0.000000e+00 0.000000e+00 0.000000e+00 0.000000e+00 0.000000e+00 0.000000e+00 0.000000e+00 0.000000e+00 0.000000e+00 0.000000e+00 0.000000e+00 0.000000e+00 0.000000e+00 0.000000e+00 0.000000e+00 0.000000e+00 0.000000e+00 0.000000e+00 0.000000e+00 0.000000e+00 0.000000e+00
 0.000000e+00 0.000000e+00 0.000000e+00 0.000000e+00 0.000000e+00 0.000000e+00 0.000000e+00 0.000000e+00 0.000000e+00 0.000000e+00 0.000000e+00 0.000000e+00 3.757092e-01 6.242908e-01 0.000000e+00 0.000000e+00 0.000000e+00 0.000000e+00 0.000000e+00 0.000000e+00 0.000000e+00 0.000000e+00 0.000000e+00 0.000000e+00 0.000000e+00 0.000000e+00 0.000000e+00 0.000000e+00 0.000000e+00 0.000000e+00 0.000000e+00 0.000000e+00 0.000000e+00 0.000000e+00
 0.000000e+00 0.000000e+00 0.000000e+00 0.000000e+00 0.000000e+00 0.000000e+00 0.000000e+00 0.000000e+00 0.000000e+00 0.000000e+00 0.000000e+00 0.000000e+00 0.000000e+00 2.859986e-01 7.140014e-01 0.000000e+00 0.000000e+00 0.000000e+00 0.000000e+00 0.000000e+00 0.000000e+00 0.000000e+00 0.000000e+00 0.000000e+00 0.000000e+00 0.000000e+00 0.000000e+00 0.000000e+00 0.000000e+00 0.000000e+00 0.000000e+00 0.000000e+00 0.000000e+00 0.000000e+00
 0.000000e+00 0.000000e+00 0.000000e+00 0.000000e+00 0.000000e+00 0.000000e+00 0.000000e+00 0.000000e+00 0.000000e+00 0.000000e+00 0.000000e+00 0.000000e+00 0.000000e+00 0.000000e+00 4.993518e-01 5.006482e-01 0.000000e+00 0.000000e+00 0.000000e+00 0.000000e+00 0.000000e+00 0.000000e+00 0.000000e+00 0.000000e+00 0.000000e+00 0.000000e+00 0.000000e+00 0.000000e+00 0.000000e+00 0.000000e+00 0.000000e+00 0.000000e+00 0.000000e+00 0.000000e+00
 0.000000e+00 0.000000e+00 0.000000e+00 0.000000e+00 0.000000e+00 0.000000e+00 0.000000e+00 0.000000e+00 0.000000e+00 0.000000e+00 0.000000e+00 0.000000e+00 0.000000e+00 0.000000e+00 0.000000e+00 1.666919e-01 8.333082e-01 0.000000e+00 0.000000e+00 0.000000e+00 0.000000e+00 0.000000e+00 0.000000e+00 0.000000e+00 0.000000e+00 0.000000e+00 0.000000e+00 0.000000e+00 0.000000e+00 0.000000e+00 0.000000e+00 0.000000e+00 0.000000e+00 0.000000e+00
 0.000000e+00 0.000000e+00 0.000000e+00 0.000000e+00 0.000000e+00 0.000000e+00 0.000000e+00 0.000000e+00 0.000000e+00 0.000000e+00 0.000000e+00 0.000000e+00 0.000000e+00 0.000000e+00 0.000000e+00 0.000000e+00 0.000000e+00 1.000000e+00 0.000000e+00 0.000000e+00 0.000000e+00 0.000000e+00 0.000000e+00 0.000000e+00 0.000000e+00 0.000000e+00 0.000000e+00 0.000000e+00 0.000000e+00 0.000000e+00 0.000000e+00 0.000000e+00 0.000000e+00 0.000000e+00
 0.000000e+00 0.000000e+00 0.000000e+00 0.000000e+00 0.000000e+00 0.000000e+00 0.000000e+00 0.000000e+00 0.000000e+00 0.000000e+00 0.000000e+00 0.000000e+00 0.000000e+00 0.000000e+00 0.000000e+00 0.000000e+00 0.000000e+00 2.901773e-01 7.098227e-01 0.000000e+00 0.000000e+00 0.000000e+00 0.000000e+00 0.000000e+00 0.000000e+00 0.000000e+00 0.000000e+00 0.000000e+00 0.000000e+00 0.000000e+00 0.000000e+00 0.000000e+00 0.000000e+00 0.000000e+00
 0.000000e+00 0.000000e+00 0.000000e+00 0.000000e+00 0.000000e+00 0.000000e+00 0.000000e+00 0.000000e+00 0.000000e+00 0.000000e+00 0.000000e+00 0.000000e+00 0.000000e+00 0.000000e+00 0.000000e+00 0.000000e+00 0.000000e+00 0.000000e+00 2.811955e-01 7.188045e-01 0.000000e+00 0.000000e+00 0.000000e+00 0.000000e+00 0.000000e+00 0.000000e+00 0.000000e+00 0.000000e+00 0.000000e+00 0.000000e+00 0.000000e+00 0.000000e+00 0.000000e+00 0.000000e+00
 0.000000e+00 0.000000e+00 0.000000e+00 0.000000e+00 0.000000e+00 0.000000e+00 0.000000e+00 0.000000e+00 0.000000e+00 0.000000e+00 0.000000e+00 0.000000e+00 0.000000e+00 0.000000e+00 0.000000e+00 0.000000e+00 0.000000e+00 0.000000e+00 0.000000e+00 2.857168e-01 7.142832e-01 0.000000e+00 0.000000e+00 0.000000e+00 0.000000e+00 0.000000e+00 0.000000e+00 0.000000e+00 0.000000e+00 0.000000e+00 0.000000e+00 0.000000e+00 0.000000e+00 0.000000e+00
 0.000000e+00 0.000000e+00 0.000000e+00 0.000000e+00 0.000000e+00 0.000000e+00 0.000000e+00 0.000000e+00 0.000000e+00 0.000000e+00 0.000000e+00 0.000000e+00 0.000000e+00 0.000000e+00 0.000000e+00 0.000000e+00 0.000000e+00 0.000000e+00 0.000000e+00 0.000000e+00 1.667043e-01 8.332958e-01 0.000000e+00 0.000000e+00 0.000000e+00 0.000000e+00 0.000000e+00 0.000000e+00 0.000000e+00 0.000000e+00 0.000000e+00 0.000000e+00 0.000000e+00 0.000000e+00
 0.000000e+00 0.000000e+00 0.000000e+00 0.000000e+00 0.000000e+00 0.000000e+00 0.000000e+00 0.000000e+00 0.000000e+00 0.000000e+00 0.000000e+00 0.000000e+00 0.000000e+00 0.000000e+00 0.000000e+00 0.000000e+00 0.000000e+00 0.000000e+00 0.000000e+00 0.000000e+00 0.000000e+00 4.998399e-01 5.001601e-01 0.000000e+00 0.000000e+00 0.000000e+00 0.000000e+00 0.000000e+00 0.000000e+00 0.000000e+00 0.000000e+00 0.000000e+00 0.000000e+00 0.000000e+00
 0.000000e+00 0.000000e+00 0.000000e+00 0.000000e+00 0.000000e+00 0.000000e+00 0.000000e+00 0.000000e+00 0.000000e+00 0.000000e+00 0.000000e+00 0.000000e+00 0.000000e+00 0.000000e+00 0.000000e+00 0.000000e+00 0.000000e+00 0.000000e+00 0.000000e+00 0.000000e+00 0.000000e+00 0.000000e+00 2.860225e-01 7.139775e-01 0.000000e+00 0.000000e+00 0.000000e+00 0.000000e+00 0.000000e+00 0.000000e+00 0.000000e+00 0.000000e+00 0.000000e+00 0.000000e+00
 0.000000e+00 0.000000e+00 0.000000e+00 0.000000e+00 0.000000e+00 0.000000e+00 0.000000e+00 0.000000e+00 0.000000e+00 0.000000e+00 0.000000e+00 0.000000e+00 0.000000e+00 0.000000e+00 0.000000e+00 0.000000e+00 0.000000e+00 0.000000e+00 0.000000e+00 0.000000e+00 0.000000e+00 0.000000e+00 0.000000e+00 4.444331e-01 5.555668e-01 0.000000e+00 0.000000e+00 0.000000e+00 0.000000e+00 0.000000e+00 0.000000e+00 0.000000e+00 0.000000e+00 0.000000e+00
 0.000000e+00 0.000000e+00 0.000000e+00 0.000000e+00 0.000000e+00 0.000000e+00 0.000000e+00 0.000000e+00 0.000000e+00 0.000000e+00 0.000000e+00 0.000000e+00 0.000000e+00 0.000000e+00 0.000000e+00 0.000000e+00 0.000000e+00 0.000000e+00 0.000000e+00 0.000000e+00 0.000000e+00 0.000000e+00 0.000000e+00 0.000000e+00 0.000000e+00 1.000000e+00 0.000000e+00 0.000000e+00 0.000000e+00 0.000000e+00 0.000000e+00 0.000000e+00 0.000000e+00 0.000000e+00
 0.000000e+00 0.000000e+00 0.000000e+00 0.000000e+00 0.000000e+00 0.000000e+00 0.000000e+00 0.000000e+00 0.000000e+00 0.000000e+00 0.000000e+00 0.000000e+00 0.000000e+00 0.000000e+00 0.000000e+00 0.000000e+00 0.000000e+00 0.000000e+00 0.000000e+00 0.000000e+00 0.000000e+00 0.000000e+00 0.000000e+00 0.000000e+00 0.000000e+00 3.750246e-01 6.249754e-01 0.000000e+00 0.000000e+00 0.000000e+00 0.000000e+00 0.000000e+00 0.000000e+00 0.000000e+00
 0.000000e+00 0.000000e+00 0.000000e+00 0.000000e+00 0.000000e+00 0.000000e+00 0.000000e+00 0.000000e+00 0.000000e+00 0.000000e+00 0.000000e+00 0.000000e+00 0.000000e+00 0.000000e+00 0.000000e+00 0.000000e+00 0.000000e+00 0.000000e+00 0.000000e+00 0.000000e+00 0.000000e+00 0.000000e+00 0.000000e+00 0.000000e+00 0.000000e+00 0.000000e+00 2.856635e-01 7.143366e-01 0.000000e+00 0.000000e+00 0.000000e+00 0.000000e+00 0.000000e+00 0.000000e+00
 0.000000e+00 0.000000e+00 0.000000e+00 0.000000e+00 0.000000e+00 0.000000e+00 0.000000e+00 0.000000e+00 0.000000e+00 0.000000e+00 0.000000e+00 0.000000e+00 0.000000e+00 0.000000e+00 0.000000e+00 0.000000e+00 0.000000e+00 0.000000e+00 0.000000e+00 0.000000e+00 0.000000e+00 0.000000e+00 0.000000e+00 0.000000e+00 0.000000e+00 0.000000e+00 0.000000e+00 3.750609e-01 6.249390e-01 0.000000e+00 0.000000e+00 0.000000e+00 0.000000e+00 0.000000e+00
 0.000000e+00 0.000000e+00 0.000000e+00 0.000000e+00 0.000000e+00 0.000000e+00 0.000000e+00 0.000000e+00 0.000000e+00 0.000000e+00 0.000000e+00 0.000000e+00 0.000000e+00 0.000000e+00 0.000000e+00 0.000000e+00 0.000000e+00 0.000000e+00 0.000000e+00 0.000000e+00 0.000000e+00 0.000000e+00 0.000000e+00 0.000000e+00 0.000000e+00 0.000000e+00 0.000000e+00 0.000000e+00 2.832828e-01 7.167172e-01 0.000000e+00 0.000000e+00 0.000000e+00 0.000000e+00
 0.000000e+00 0.000000e+00 0.000000e+00 0.000000e+00 0.000000e+00 0.000000e+00 0.000000e+00 0.000000e+00 0.000000e+00 0.000000e+00 0.000000e+00 0.000000e+00 0.000000e+00 0.000000e+00 0.000000e+00 0.000000e+00 0.000000e+00 0.000000e+00 0.000000e+00 0.000000e+00 0.000000e+00 0.000000e+00 0.000000e+00 0.000000e+00 0.000000e+00 0.000000e+00 0.000000e+00 0.000000e+00 0.000000e+00 2.880684e-01 7.119315e-01 0.000000e+00 0.000000e+00 0.000000e+00
 0.000000e+00 0.000000e+00 0.000000e+00 0.000000e+00 0.000000e+00 0.000000e+00 0.000000e+00 0.000000e+00 0.000000e+00 0.000000e+00 0.000000e+00 0.000000e+00 0.000000e+00 0.000000e+00 0.000000e+00 0.000000e+00 0.000000e+00 0.000000e+00 0.000000e+00 0.000000e+00 0.000000e+00 0.000000e+00 0.000000e+00 0.000000e+00 0.000000e+00 0.000000e+00 0.000000e+00 0.000000e+00 0.000000e+00 0.000000e+00 3.749956e-01 6.250044e-01 0.000000e+00 0.000000e+00
 0.000000e+00 0.000000e+00 0.000000e+00 0.000000e+00 0.000000e+00 0.000000e+00 0.000000e+00 0.000000e+00 0.000000e+00 0.000000e+00 0.000000e+00 0.000000e+00 0.000000e+00 0.000000e+00 0.000000e+00 0.000000e+00 0.000000e+00 0.000000e+00 0.000000e+00 0.000000e+00 0.000000e+00 0.000000e+00 0.000000e+00 0.000000e+00 0.000000e+00 0.000000e+00 0.000000e+00 0.000000e+00 0.000000e+00 0.000000e+00 0.000000e+00 2.857221e-01 7.142779e-01 0.000000e+00
 0.000000e+00 0.000000e+00 0.000000e+00 0.000000e+00 0.000000e+00 0.000000e+00 0.000000e+00 0.000000e+00 0.000000e+00 0.000000e+00 0.000000e+00 0.000000e+00 0.000000e+00 0.000000e+00 0.000000e+00 0.000000e+00 0.000000e+00 0.000000e+00 0.000000e+00 0.000000e+00 0.000000e+00 0.000000e+00 0.000000e+00 0.000000e+00 0.000000e+00 0.000000e+00 0.000000e+00 0.000000e+00 0.000000e+00 0.000000e+00 0.000000e+00 0.000000e+00 0.000000e+00 1.000000e+00
 0.000000e+00 0.000000e+00 0.000000e+00 0.000000e+00 0.000000e+00 0.000000e+00 0.000000e+00 0.000000e+00 0.000000e+00 0.000000e+00 0.000000e+00 0.000000e+00 0.000000e+00 0.000000e+00 0.000000e+00 0.000000e+00 0.000000e+00 0.000000e+00 0.000000e+00 0.000000e+00 0.000000e+00 0.000000e+00 0.000000e+00 0.000000e+00 0.000000e+00 0.000000e+00 0.000000e+00 0.000000e+00 0.000000e+00 0.000000e+00 0.000000e+00 0.000000e+00 0.000000e+00 0.000000e+00
<ENDHMM>
