~o
<STREAMINFO> 1 39
<VECSIZE> 39<NULLD><MFCC_E_D_A><DIAGC>
~h "Co"
<BEGINHMM>
<NUMSTATES> 38
<STATE> 2
<MEAN> 39
 -8.130885e+00 -7.364788e+00 -1.900802e+00 -1.969750e+00 -5.373154e-01 -3.176984e-01 1.275323e+00 5.491865e-02 2.724156e+00 -4.317057e+00 2.831678e+00 1.329774e+00 -1.142177e-01 -2.316182e-01 9.040464e-02 -7.239311e-02 5.476268e-01 2.015592e-01 1.927244e-01 6.836351e-02 6.528996e-01 6.767431e-01 3.096355e-01 4.227527e-02 2.998475e-01 2.698947e-02 -2.521271e-02 -4.196288e-01 -3.943734e-01 -1.880739e-01 4.723063e-01 -8.868890e-01 -4.407102e-01 1.656213e-01 1.750304e-01 2.205473e-01 -6.201989e-01 -1.200368e-01 3.017722e-02
<VARIANCE> 39
 5.717723e+00 2.351204e+00 8.775821e+00 7.256776e+00 1.609523e+01 2.874905e+01 1.221315e+01 1.576712e+01 1.921280e+01 1.022123e+01 9.035351e+00 2.525025e+01 5.000000e-02 3.986499e-01 4.046993e-01 8.065977e-01 5.320501e-01 1.049800e+00 9.354749e-01 3.737445e-01 4.902241e-01 1.263839e+00 4.059035e-01 1.134984e+00 1.123894e+00 5.000000e-02 5.000000e-02 9.431958e-02 1.055387e+00 1.710253e-01 7.961342e-01 2.906531e-01 4.208330e-01 5.204514e-01 2.586628e-01 1.628164e-01 3.482623e-01 2.402031e-01 5.000000e-02
<GCONST> 7.104107e+01
<STATE> 3
<MEAN> 39
 -7.465597e+00 -8.556214e+00 -3.000966e-02 -8.028955e-01 4.741205e-01 -3.142147e+00 1.947986e+00 3.107146e-01 4.760206e+00 -2.954113e+00 5.799791e-01 1.480936e+00 -1.186754e-02 -3.412391e-01 -1.350412e+00 -2.186300e+00 -1.168830e+00 2.304563e+00 -2.534528e+00 -1.902629e+00 8.203543e-01 7.165334e-01 8.466036e-01 -2.390630e+00 -9.365236e-02 1.408758e-01 1.437989e-01 -4.735326e-01 -1.065632e+00 -8.296779e-01 3.691404e-01 -6.006420e-01 7.629688e-02 3.963746e-02 -2.238065e-01 2.972434e-01 -7.194785e-01 -3.175858e-01 3.575249e-02
<VARIANCE> 39
 3.787327e+00 3.245222e+00 1.026153e+01 6.826571e+00 1.737500e+01 9.306704e+00 1.186976e+01 6.186857e+00 2.396674e+01 1.132148e+01 5.742857e+00 2.067510e+01 5.000000e-02 5.863788e-01 8.734428e-01 1.003157e+01 1.325001e+00 6.169340e+00 4.811999e+00 2.561760e+00 2.385605e+00 2.136833e+00 7.963029e-01 2.437829e+00 9.487090e-01 5.000000e-02 1.130167e-01 1.574251e-01 6.111206e-01 2.123633e-01 2.840446e-01 4.241729e-01 4.256748e-01 3.255738e-01 3.923720e-01 5.866348e-02 5.641901e-01 1.594195e-01 5.000000e-02
<GCONST> 8.135592e+01
<STATE> 4
<MEAN> 39
 -9.232349e+00 -1.385065e+01 -1.317815e+01 -4.947876e+00 9.220492e+00 -1.309046e+01 -6.152613e+00 4.925100e+00 5.686052e+00 -8.890252e-01 -7.386235e+00 -1.079452e+00 5.182410e-01 5.397799e-01 -2.056136e+00 -4.203987e+00 -2.891146e+00 1.927667e+00 -2.656309e+00 4.656815e-01 5.601601e-01 1.692185e-02 1.409988e+00 -2.887419e+00 -1.249686e+00 1.796052e-01 4.191348e-01 7.013313e-02 4.484793e-01 -1.065783e-01 -6.183955e-01 1.104542e+00 1.684545e+00 -1.028895e+00 -5.817673e-01 -1.277514e-01 9.388326e-01 -5.850493e-01 -2.299121e-02
<VARIANCE> 39
 1.209431e+01 1.373991e+01 7.165742e+01 4.914269e+00 3.493620e+01 1.243037e+02 1.938601e+01 4.740499e+00 4.523896e+01 7.171561e+00 1.388446e+01 1.127944e+01 7.874138e-02 8.528433e-01 1.367273e+00 4.875190e+00 1.961536e+00 9.384771e-01 3.610061e+00 2.725221e+00 1.336735e+00 1.496479e+00 9.577042e-01 3.413451e+00 9.603127e-01 5.000000e-02 9.663907e-02 3.232828e-01 7.698393e-01 4.144408e-01 6.870409e-01 1.707443e+00 8.073049e-01 3.832753e-01 9.470229e-01 5.000000e-02 3.542898e-01 1.612915e-01 5.000000e-02
<GCONST> 9.279150e+01
<STATE> 5
<MEAN> 39
 -7.184830e+00 -1.476498e+01 -1.463583e+01 -1.135018e+01 9.188110e+00 -1.338655e+01 6.349392e-01 4.533348e+00 4.776082e+00 3.926220e+00 -1.258390e+01 -1.658536e+00 6.099473e-01 1.450688e+00 -1.812422e+00 -1.943374e+00 -1.992574e+00 8.066757e-02 -7.687105e-01 3.750672e+00 -2.187551e+00 -1.243940e+00 6.066500e-01 4.295913e-02 -2.097172e+00 9.832188e-02 1.440250e-01 2.876540e-01 6.392682e-01 8.415095e-01 -7.777995e-01 1.028736e+00 8.458117e-01 -1.099984e+00 -6.847386e-01 -6.996501e-01 1.582311e+00 -1.180257e-01 -3.593068e-02
<VARIANCE> 39
 3.119093e+01 1.463575e+01 7.442259e+01 1.978974e+01 2.498084e+01 4.367249e+01 1.934648e+01 2.539342e+01 1.729795e+01 2.070115e+01 7.159593e+00 1.934940e+01 9.988987e-02 3.306587e-01 1.551096e+00 3.006864e+00 3.261802e+00 3.293482e-01 6.157490e+00 4.271445e+00 3.213284e+00 3.850793e+00 2.078088e+00 2.687909e+00 4.658349e-01 5.000000e-02 2.374156e-01 2.602126e-01 7.109427e-01 1.875207e-01 4.468695e-01 9.651648e-01 7.122981e-01 6.682711e-01 3.720900e-01 2.862339e-01 2.576599e-01 4.060042e-01 5.000000e-02
<GCONST> 9.717104e+01
<STATE> 6
<MEAN> 39
 -5.077016e+00 -1.487314e+01 -9.822670e+00 -9.172402e+00 6.550096e+00 -9.790034e+00 5.607059e+00 -1.320773e+00 1.821778e+00 4.026649e-01 -3.780150e+00 -2.270341e+00 4.518953e-01 2.350033e-01 -5.832949e-01 -8.819484e-01 1.354112e-01 -1.975086e-02 1.287104e+00 1.944860e+00 -1.420050e+00 -1.856813e+00 -5.764847e-01 8.717305e-01 -6.557619e-01 3.067319e-02 -2.768762e-01 3.756109e-01 8.049597e-02 5.395879e-01 -2.304371e-02 4.864559e-01 -5.436948e-01 -1.303830e-01 1.135823e-01 -2.725459e-01 1.373112e-01 3.025797e-01 -1.742628e-02
<VARIANCE> 39
 1.346897e+01 4.421729e+01 1.279013e+02 4.908798e+01 4.304800e+01 4.373803e+01 6.307962e+01 2.170174e+01 3.421152e+01 1.477495e+01 1.645826e+01 5.484448e+01 2.579927e-01 1.066548e+00 1.369160e+00 9.495769e-01 9.834987e-01 1.422367e+00 2.696275e+00 4.178696e+00 4.981312e+00 2.293953e+00 1.164462e+00 2.462855e+00 2.953538e+00 5.000000e-02 1.557932e-01 5.304477e-01 1.091428e-01 3.970203e-01 1.421027e-01 2.272548e-01 4.722007e-01 6.773509e-01 2.792034e-01 1.763870e-01 3.777387e-01 4.586380e-01 5.000000e-02
<GCONST> 9.994657e+01
<STATE> 7
<MEAN> 39
 -6.418338e+00 -1.761806e+01 -1.647021e+01 -8.840299e+00 6.703859e+00 -6.755116e+00 6.795766e+00 -4.030385e+00 1.741036e-01 -2.258063e+00 -5.114888e+00 -6.208827e+00 6.265095e-01 5.411004e-02 -3.130424e-01 -2.112983e+00 2.439026e-01 1.835924e-01 1.332610e+00 4.011835e-01 -2.562693e+00 -1.201891e+00 -3.505952e-01 1.040931e+00 -6.141833e-01 4.081517e-02 -2.190046e-01 2.784658e-01 -7.173023e-02 3.242766e-02 2.247052e-01 -1.326319e-01 -7.549077e-01 4.386822e-01 1.476052e-01 9.373827e-01 -3.879102e-01 8.373536e-01 2.930664e-03
<VARIANCE> 39
 1.132321e+01 1.746196e+01 1.186425e+02 2.558517e+01 3.607491e+01 3.404546e+01 4.570294e+01 1.091544e+01 4.311501e+01 1.868100e+01 3.391532e-01 1.902857e+01 2.445184e-01 3.401316e-01 2.519556e+00 2.482187e+00 1.581826e+00 1.503608e+00 7.697555e-01 9.539948e-01 1.335208e+00 1.278158e+00 8.711069e-01 1.308917e+00 1.890082e+00 5.000000e-02 5.000000e-02 1.921244e-01 3.667824e-01 2.727697e-01 3.430523e-01 6.624763e-01 1.241499e-01 1.229030e-01 5.931741e-01 3.006318e-01 7.335570e-02 1.437339e-01 5.000000e-02
<GCONST> 8.319064e+01
<STATE> 8
<MEAN> 39
 -5.951077e+00 -1.627942e+01 -1.755217e+01 -8.296241e+00 7.928442e+00 -6.348228e+00 6.647587e+00 -7.585091e+00 -3.122589e+00 -3.402312e-01 -3.938846e+00 -3.056627e+00 6.881202e-01 -6.535829e-02 -2.232452e-01 -2.031859e+00 9.717043e-02 1.087429e+00 1.024056e-01 1.600462e-01 -7.368043e-01 -6.425654e-01 2.042441e+00 -4.942062e-01 1.355319e+00 7.118819e-02 1.029222e-01 8.835661e-02 9.124031e-02 -3.716978e-01 -1.768873e-01 -4.539396e-01 -9.331643e-02 5.037502e-01 6.387097e-01 3.884633e-01 -3.835241e-01 -1.772283e-01 1.091144e-03
<VARIANCE> 39
 1.805477e+01 3.157961e+01 1.544189e+02 3.816419e+01 3.087543e+01 2.739221e+01 5.783678e+01 1.434479e+01 3.583199e+01 1.294480e+01 7.598865e+00 6.846932e+01 1.844633e-01 1.372973e+00 2.504185e+00 2.117404e+00 2.109995e+00 4.241436e+00 4.434367e+00 1.335616e+00 3.977699e+00 7.943711e-01 1.142981e+00 2.879430e+00 3.265571e+00 5.000000e-02 7.602415e-02 3.619163e-01 8.252288e-01 5.678451e-02 3.331540e-01 5.437985e-01 2.583700e-01 2.554520e-01 2.282735e-01 3.523961e-01 1.970519e-01 9.815724e-01 5.000000e-02
<GCONST> 9.911559e+01
<STATE> 9
<MEAN> 39
 -6.650743e+00 -1.844418e+01 -2.196498e+01 -1.025700e+01 9.940065e+00 -8.770316e+00 6.872881e+00 -5.158205e+00 -1.282197e+00 3.557278e+00 -7.202027e+00 -1.790574e+00 8.243105e-01 4.580152e-01 -2.451974e-01 -1.891649e+00 -1.133138e+00 -5.040916e-01 -1.738375e-01 9.365844e-01 -1.426122e+00 5.221113e-01 9.290347e-01 1.576428e-01 -1.595284e+00 5.507120e-02 1.965067e-01 1.797983e-01 5.159053e-01 -1.594235e-01 -2.966136e-01 4.516686e-01 3.351424e-01 -2.271762e-01 4.331118e-01 -3.436156e-01 6.416404e-01 -7.541638e-01 -1.354195e-02
<VARIANCE> 39
 2.809264e+01 1.046794e+01 5.597433e+01 3.103998e+01 5.517761e+00 4.293900e+00 1.065218e+02 6.494679e+01 4.623915e+01 8.206961e+00 3.939132e+01 1.137329e+02 5.000000e-02 1.837465e-01 2.168914e+00 5.042181e+00 2.744181e+00 1.044281e+00 6.944362e+00 5.849302e-01 1.614142e+00 2.400442e+00 1.689664e+00 1.879687e+00 7.281963e+00 5.000000e-02 1.327630e-01 2.730986e-01 3.104917e-01 2.536568e-01 5.434217e-01 5.538983e-01 4.924631e-01 9.816866e-01 8.527105e-02 5.382321e-01 1.019830e+00 1.912048e+00 5.000000e-02
<GCONST> 9.963560e+01
<STATE> 10
<MEAN> 39
 -4.067743e+00 -1.824536e+01 -2.388569e+01 -1.380404e+01 9.289950e+00 -5.939950e+00 1.158358e+01 -1.023688e+01 -1.161647e+00 3.567988e+00 -2.812482e+00 -7.483325e+00 9.278629e-01 3.956054e-01 1.906718e-01 -8.319251e-01 1.885241e-01 1.538138e-01 2.230236e+00 1.001374e+00 -1.845870e+00 7.081524e-01 8.374203e-01 1.635159e+00 -8.194646e-01 2.865819e-02 -1.587352e-01 7.001836e-02 3.962012e-01 1.987371e-01 -8.802435e-02 2.357659e-01 -2.308688e-01 4.256104e-02 1.289809e-01 -6.832628e-02 -1.634174e-01 6.012363e-01 -1.092031e-02
<VARIANCE> 39
 1.736255e+01 9.072170e+00 8.777216e+00 7.342912e+01 1.265211e+01 2.477809e+01 4.143148e+01 1.055907e+01 6.111209e+01 3.102858e+01 8.901257e+00 1.505642e+01 5.000000e-02 1.897667e-01 6.819263e-01 1.876198e+00 1.621523e+00 4.870477e-01 2.595069e+00 1.482367e+00 1.089205e+00 3.895021e-01 1.760998e+00 2.421446e+00 6.027898e+00 5.000000e-02 5.000000e-02 2.048311e-01 4.724697e-01 6.206009e-01 2.439911e-01 1.227058e+00 1.387068e-01 4.007826e-01 1.732198e-01 3.231070e-01 5.647389e-01 7.877850e-01 5.000000e-02
<GCONST> 8.698055e+01
<STATE> 11
<MEAN> 39
 -4.587430e+00 -1.798417e+01 -2.497409e+01 -1.003783e+01 8.343274e+00 2.993123e-01 1.150886e+01 -1.415810e+01 -7.663338e-01 2.979202e+00 -1.224152e+00 -7.940660e+00 9.743488e-01 -1.298938e-01 1.532696e-01 3.479843e-01 -4.651845e-01 -4.529545e-01 1.346758e+00 1.914898e-01 -9.652680e-01 4.958245e-01 -4.559031e-01 4.304854e-01 2.784925e-01 -2.517057e-03 -5.452152e-02 -1.223095e-01 1.163391e-01 -7.257473e-02 -8.769482e-02 -1.866854e-01 -1.168277e-01 7.997101e-02 1.729342e-01 -3.921851e-01 -1.393354e-01 -5.590758e-02 -2.964645e-03
<VARIANCE> 39
 1.107125e+01 2.420043e+00 6.813945e+00 3.280429e+01 6.869991e+00 2.127646e+01 2.894577e+01 7.427799e+00 1.749174e+01 3.306736e+01 4.955430e+00 1.562757e+01 5.000000e-02 2.609264e-01 4.698941e-01 6.820196e-01 4.494158e-01 1.025687e+00 3.933366e-01 1.307487e-01 1.413602e+00 8.381603e-01 1.247762e+00 2.821302e-01 3.960573e-01 5.000000e-02 5.000000e-02 5.462547e-02 1.166468e-01 1.406237e-01 1.248133e-01 1.853836e-01 5.003971e-02 1.553350e-01 1.167203e-01 3.784146e-01 5.000000e-02 8.232997e-02 5.000000e-02
<GCONST> 5.717965e+01
<STATE> 12
<MEAN> 39
 -4.891816e+00 -1.726671e+01 -2.453193e+01 -1.118441e+01 6.089782e+00 1.994982e+00 1.201607e+01 -1.757023e+01 2.173607e+00 2.159488e+00 -8.952367e-01 -6.776054e+00 9.423967e-01 -8.782256e-02 -2.568889e-02 8.904846e-02 -5.319528e-02 -5.016832e-01 8.609215e-01 6.116871e-02 -1.183077e+00 1.261670e+00 -9.307985e-01 -1.820891e-01 9.680622e-02 -4.002051e-03 -3.626664e-02 -1.439034e-01 -7.755094e-02 1.277261e-01 3.217471e-01 -1.378883e-01 -1.589907e-02 2.757293e-01 5.125148e-02 -1.163791e-01 -6.330689e-02 -8.447112e-02 3.340716e-03
<VARIANCE> 39
 1.359126e+01 5.869932e-01 7.958885e+00 1.796726e+01 4.151276e+00 1.319681e+01 1.641626e+01 1.405460e+01 1.291022e+01 2.148087e+01 1.286082e+01 1.521148e+01 5.000000e-02 1.132095e-01 9.402131e-02 6.073865e-02 3.169362e-01 6.151901e-01 2.343083e-01 6.025417e-01 1.851073e-01 1.172531e+00 1.277821e-01 4.426100e-01 9.896310e-01 5.000000e-02 5.126834e-02 5.000000e-02 1.505465e-01 1.571426e-01 1.846710e-01 7.267407e-02 5.000000e-02 3.511267e-01 1.234804e-01 9.598326e-02 1.012090e-01 5.000000e-02 5.000000e-02
<GCONST> 4.694313e+01
<STATE> 13
<MEAN> 39
 -4.600425e+00 -1.765256e+01 -2.381924e+01 -1.296176e+01 8.175597e+00 4.168980e+00 1.291783e+01 -1.884161e+01 3.559922e+00 5.042213e-01 1.928571e-01 -8.034189e+00 9.574006e-01 -9.711459e-02 -3.451791e-01 4.088857e-01 1.446450e-01 6.773093e-01 6.083587e-01 -7.177564e-02 2.638239e-01 1.331544e+00 -8.504131e-01 3.020122e-01 -9.102708e-02 5.076032e-03 -1.271474e-02 -9.761089e-02 -1.712617e-02 -2.076962e-01 1.955611e-01 -3.025306e-01 2.482344e-02 5.028220e-01 -3.267671e-01 1.440105e-01 -2.356124e-02 2.227792e-02 1.211119e-03
<VARIANCE> 39
 1.252072e+01 2.471106e+00 4.889418e+00 5.910980e+01 5.939380e+00 2.005164e+01 3.544189e+01 1.378500e+01 9.578448e+00 3.649295e+01 1.215129e+01 1.426473e+01 5.000000e-02 1.859106e-01 1.020232e-01 1.025521e+00 2.641943e-01 7.332819e-01 1.252448e-01 4.667882e-01 1.955025e+00 1.169510e+00 1.449276e+00 1.155557e+00 6.560397e-01 5.000000e-02 5.000000e-02 6.452794e-02 5.000000e-02 1.003135e-01 1.555516e-01 5.000000e-02 5.000000e-02 2.054301e-01 1.474209e-01 1.195914e-01 1.144320e-01 1.094696e-01 5.000000e-02
<GCONST> 5.738788e+01
<STATE> 14
<MEAN> 39
 -5.626791e+00 -1.920089e+01 -2.402555e+01 -1.167884e+01 6.917381e+00 4.473790e+00 1.143693e+01 -1.720333e+01 6.339153e+00 -2.687943e-01 -1.100431e+00 -6.388623e+00 9.651833e-01 -1.642754e-01 -2.202246e-01 -6.235008e-02 -4.697170e-01 2.304645e-01 6.450205e-01 -1.965704e-01 -2.211251e-01 5.531872e-02 -2.921943e-01 -5.375486e-02 -7.670600e-02 6.069551e-03 -1.642721e-02 1.697210e-01 -8.356056e-02 7.545389e-02 1.005924e-01 -2.261070e-02 -2.253224e-01 7.006139e-02 -2.991128e-01 8.336352e-02 5.953708e-02 -3.012061e-01 -8.450448e-04
<VARIANCE> 39
 7.524078e+00 3.162700e+00 4.230637e+00 1.757998e+01 7.291024e+00 1.187137e+01 1.942948e+01 8.682972e+00 4.869320e+00 3.841537e+00 1.320851e+01 1.089868e+01 5.000000e-02 6.659661e-02 5.140911e-01 1.754967e-01 8.668724e-01 1.093040e-01 8.728161e-01 4.138030e-01 8.408474e-01 7.711651e-01 8.136812e-01 1.416374e-01 2.009597e-01 5.000000e-02 5.000000e-02 5.000000e-02 9.732705e-02 1.368522e-01 9.379161e-02 1.269160e-01 5.000000e-02 1.189255e-01 2.144753e-01 7.063118e-02 1.559028e-01 7.165140e-02 5.000000e-02
<GCONST> 4.641771e+01
<STATE> 15
<MEAN> 39
 -6.688126e+00 -1.978731e+01 -2.493350e+01 -1.384831e+01 7.843029e+00 6.656225e+00 9.493437e+00 -1.778880e+01 5.514618e+00 -8.611778e-01 -9.340491e-01 -7.412905e+00 9.830399e-01 -2.140516e-01 1.739438e-01 -1.588552e-01 -4.537438e-01 5.053182e-01 -3.915967e-02 -4.573701e-01 -4.062542e-01 -1.339178e-01 -7.548817e-01 2.370852e-01 -1.161097e+00 -2.934408e-04 2.331451e-02 1.837631e-01 7.175782e-02 2.109202e-01 2.444526e-02 -3.838694e-01 1.696455e-01 -4.436836e-02 4.675731e-02 -3.921328e-01 -1.839244e-01 -1.748994e-01 -4.494140e-03
<VARIANCE> 39
 5.880740e+00 2.621191e+00 6.815790e+00 1.800882e+01 5.266650e+00 2.320230e+01 3.392059e+01 5.952256e+00 9.708335e+00 3.677470e+00 1.026633e+01 7.840676e+00 5.000000e-02 6.143062e-02 6.334057e-02 2.213507e-01 6.297042e-01 9.032239e-01 1.026585e+00 1.373629e-01 1.181628e+00 8.740393e-01 1.555186e+00 1.051114e+00 8.468683e-01 5.000000e-02 5.000000e-02 1.037396e-01 1.147376e-01 1.649891e-01 5.229905e-02 9.954898e-02 7.989222e-02 1.819727e-01 3.974547e-01 1.989874e-01 6.558082e-02 5.826452e-02 5.000000e-02
<GCONST> 5.226764e+01
<STATE> 16
<MEAN> 39
 -5.540545e+00 -1.727212e+01 -2.391469e+01 -1.224870e+01 9.342737e+00 5.324493e+00 1.119334e+01 -1.955529e+01 4.634177e+00 -2.142107e+00 3.861782e-01 -1.117315e+01 9.667228e-01 -1.720402e-01 5.751396e-01 1.241160e-02 6.283264e-01 4.566336e-01 -6.257436e-01 1.164791e-01 4.729217e-01 1.627236e-01 -1.207980e+00 -5.064986e-01 -7.519180e-01 -9.934838e-03 7.386769e-02 -1.209210e-01 -1.079185e-01 1.661343e-01 -1.080462e-02 -2.411660e-01 -1.558507e-02 4.074215e-01 4.269201e-03 -2.226289e-01 -1.740426e-01 4.059936e-01 -1.992449e-03
<VARIANCE> 39
 6.755332e+00 4.955281e-01 2.099701e+00 1.796622e+01 7.515546e+00 1.832698e+01 3.025245e+01 4.712769e+00 1.613131e+01 1.645802e+01 1.661235e+01 5.499871e+00 5.000000e-02 5.000000e-02 2.415080e-01 4.340467e-01 1.181838e+00 5.489137e-01 2.858177e-01 7.042199e-01 1.873888e+00 1.714270e+00 6.813946e-01 5.318503e-01 6.301965e-01 5.000000e-02 5.000000e-02 5.000000e-02 5.000000e-02 1.183183e-01 1.815150e-01 2.955981e-01 1.148411e-01 5.000000e-02 2.026275e-01 2.363246e-01 2.092632e-01 1.196804e-01 5.000000e-02
<GCONST> 5.398069e+01
<STATE> 17
<MEAN> 39
 -4.893726e+00 -1.765128e+01 -2.477069e+01 -1.278186e+01 1.156685e+01 2.299661e+00 1.281993e+01 -1.611083e+01 5.229382e+00 -5.106302e+00 -9.994409e-01 -1.155682e+01 9.434661e-01 1.663944e-01 -3.021848e-02 -2.321918e-01 3.093466e-01 7.253084e-01 -9.635456e-01 -4.434901e-01 1.009249e+00 -3.156727e-01 -1.622762e+00 -2.612458e-01 2.047095e-01 -7.701982e-03 1.433943e-01 1.121467e-01 2.060429e-02 -1.972424e-01 -1.903468e-02 5.943260e-02 -2.508827e-01 -2.125559e-02 -3.004815e-01 1.384340e-01 4.859802e-01 4.094597e-01 -8.567922e-04
<VARIANCE> 39
 7.168112e+00 2.736395e+00 7.150697e+00 2.287954e+01 9.089127e+00 2.176481e+01 1.609531e+01 2.866381e+01 1.823216e+01 4.933864e+00 3.354783e+00 1.834747e+01 5.000000e-02 1.435883e-01 2.092035e-01 3.093643e-01 8.722494e-01 7.227264e-01 1.080329e+00 1.036632e+00 6.930860e-01 1.753291e+00 8.900853e-01 1.300668e+00 8.844729e-01 5.000000e-02 5.000000e-02 1.543630e-01 5.000000e-02 1.804148e-01 1.318722e-01 1.175849e-01 7.353655e-02 3.748242e-01 2.165089e-01 1.541178e-01 2.396584e-01 9.312904e-02 5.000000e-02
<GCONST> 6.146371e+01
<STATE> 18
<MEAN> 39
 -6.735132e+00 -1.780690e+01 -2.449179e+01 -1.054229e+01 9.644408e+00 3.462911e+00 6.597225e+00 -1.785350e+01 5.565694e+00 -8.167616e+00 -1.896128e+00 -8.094485e+00 9.234144e-01 3.493784e-01 3.099748e-01 -1.855958e-01 -1.903465e-01 5.137453e-02 -4.135100e-01 -1.062508e+00 2.128574e-02 -1.176682e+00 -3.478354e-01 8.953403e-01 1.658978e-01 -1.111370e-02 1.218701e-01 7.358048e-02 2.784670e-02 -6.870170e-02 1.032995e-01 2.964655e-01 -1.813613e-02 -1.783423e-01 -4.667226e-02 1.929814e-01 3.012306e-01 -2.241333e-01 -7.930981e-04
<VARIANCE> 39
 5.492904e+00 1.498253e+00 8.329238e+00 1.628316e+01 8.154711e+00 3.836797e+01 9.588696e+00 1.707208e+01 2.473049e+01 4.500968e+00 5.770118e+00 1.954055e+01 5.000000e-02 1.251441e-01 5.698336e-01 5.778266e-01 7.485722e-01 3.219821e-01 7.353467e-01 2.581533e-01 1.253752e+00 5.093172e-01 1.090626e+00 6.692856e-01 8.263455e-01 5.000000e-02 5.000000e-02 1.042497e-01 1.030087e-01 2.511798e-01 1.475021e-01 2.657467e-01 1.800194e-01 2.465999e-01 3.446030e-01 3.611993e-01 9.809338e-02 2.130279e-01 5.000000e-02
<GCONST> 6.154443e+01
<STATE> 19
<MEAN> 39
 -2.298893e+00 -1.388488e+01 -2.706647e+01 -1.334484e+01 1.480872e+01 -9.752856e-01 9.269315e+00 -1.436623e+01 -1.835973e-01 -8.796686e+00 4.303987e+00 -1.024581e+01 9.060975e-01 4.695036e-01 5.332120e-01 4.726443e-01 1.615113e-01 4.933464e-01 9.433122e-01 -4.187609e-01 4.193243e-01 -2.376819e-01 -1.914157e-01 7.078732e-01 6.495217e-01 -1.468575e-02 -2.358060e-01 -6.710450e-01 5.221367e-01 -8.824333e-02 -5.297750e-02 2.688774e-01 -1.415510e-01 1.915243e-01 3.238679e-01 3.674853e-01 -6.055967e-01 -1.770391e-01 -4.938814e-03
<VARIANCE> 39
 7.552758e+00 7.525042e+00 1.024059e+01 1.411451e+01 1.996572e+01 3.498573e+01 1.996604e+01 7.260988e+00 1.061853e+01 6.726856e+00 1.299337e+01 1.176426e+01 5.000000e-02 1.164349e-01 1.766750e+00 8.558471e-01 2.427922e+00 1.220015e+00 6.890971e-01 9.057684e-01 1.242184e+00 5.737932e-01 1.315666e+00 1.415026e+00 1.209687e+00 5.000000e-02 5.000000e-02 2.645630e-01 1.119082e-01 4.491733e-01 2.037765e-01 2.550858e-01 3.339291e-01 2.763915e-01 1.321929e-01 3.004539e-01 1.757497e-01 1.642675e-01 5.000000e-02
<GCONST> 7.245190e+01
<STATE> 20
<MEAN> 39
 -3.725355e+00 -1.652813e+01 -2.381742e+01 -1.018337e+01 1.162855e+01 4.316056e+00 5.968795e+00 -1.723099e+01 2.502850e+00 -9.425898e+00 2.117610e+00 -9.555591e+00 8.656175e-01 -3.455505e-01 -8.526189e-01 9.145947e-01 -1.813438e-01 5.767403e-01 4.980882e-01 -1.631847e+00 1.298743e+00 1.283842e-01 -6.203299e-01 3.348527e-02 -2.756014e-01 -2.603821e-02 -4.595619e-01 -4.238653e-01 1.575242e-01 -3.186534e-01 -1.859913e-01 2.435941e-02 -7.646248e-01 7.248871e-01 2.393348e-01 2.761578e-01 -5.186364e-01 1.091925e-01 -7.161439e-03
<VARIANCE> 39
 5.961977e+00 3.781052e+00 3.640839e+00 2.062748e+01 1.418485e+01 1.472451e+01 1.737576e+01 8.872318e+00 1.560115e+01 1.253411e+01 3.289383e+00 4.997543e+00 5.000000e-02 8.139211e-01 7.858217e-01 8.414029e-01 1.464986e+00 3.693672e-01 1.272044e-01 1.400825e+00 1.383528e+00 1.004142e+00 1.432594e+00 1.546875e+00 3.851443e-01 5.000000e-02 1.519111e-01 9.852313e-02 5.000000e-02 4.493250e-01 3.071833e-01 1.502071e-01 9.672611e-02 6.011518e-02 6.844904e-02 2.059091e-01 1.467997e-01 2.723836e-01 5.000000e-02
<GCONST> 6.208883e+01
<STATE> 21
<MEAN> 39
 -4.340252e+00 -2.017728e+01 -2.025529e+01 -1.648530e+01 1.417334e+01 3.989130e+00 2.601048e+00 -1.068940e+01 4.247013e+00 -8.638608e+00 1.540643e+00 -8.537900e+00 8.094363e-01 -4.037265e-02 -1.543463e+00 6.208001e-01 -1.404099e-01 -7.549640e-02 -5.277295e-02 -2.428118e+00 1.809817e+00 -3.009175e-02 1.036288e+00 -1.322688e+00 -2.388467e-01 -4.643288e-02 3.939365e-01 8.717873e-02 -2.838230e-01 6.195351e-01 -6.489946e-01 4.386029e-02 3.209783e-01 1.898621e-01 -4.207871e-01 4.058000e-01 -2.656709e-01 2.082868e-01 -1.055778e-02
<VARIANCE> 39
 1.461900e+01 4.256517e+00 1.604861e+01 2.099689e+01 1.593725e+01 2.380944e+01 2.226768e+01 1.284657e+01 4.937331e+01 1.397702e+01 7.929131e+00 9.764142e+00 5.000000e-02 3.482725e+00 5.278695e-01 1.055977e+00 4.503459e+00 3.782829e+00 5.032682e-01 1.497948e+00 2.568541e+00 2.951835e+00 5.878088e-01 1.192678e+00 7.468005e-01 5.000000e-02 1.636285e-01 5.447940e-02 1.434071e-01 5.762399e-01 3.086909e-01 7.137857e-02 4.024795e-01 1.714258e-01 4.929397e-01 2.120485e-01 3.012981e-01 7.922535e-02 5.000000e-02
<GCONST> 8.002091e+01
<STATE> 22
<MEAN> 39
 -6.645101e+00 -2.044272e+01 -2.217100e+01 -1.248505e+01 1.244158e+01 3.982291e+00 -2.116124e+00 -9.140615e+00 2.947536e-01 -8.164744e+00 -1.899172e+00 -8.761132e+00 7.516982e-01 1.823569e-01 -9.384293e-01 9.454324e-01 2.859719e-01 -7.963566e-01 1.121069e+00 -1.722185e+00 2.284448e+00 -2.663179e-01 1.290344e+00 -1.146624e+00 5.267967e-01 -5.657637e-02 8.545574e-01 3.174368e-01 -1.300455e-01 4.435765e-01 -3.756169e-01 -4.965080e-02 9.839504e-01 -4.911414e-01 2.473904e-01 2.287582e-01 2.415320e-01 2.348525e-01 -1.105637e-02
<VARIANCE> 39
 2.287471e+01 4.295807e+00 5.417190e+00 8.899846e+00 5.051591e+01 2.648542e+01 3.549561e+01 3.535142e+00 8.705765e+00 1.224855e+01 7.555866e+00 1.805882e+01 5.000000e-02 1.542004e+00 6.192010e-01 6.472059e-01 3.313742e+00 5.004286e-01 9.473699e-01 2.701424e+00 1.332908e+00 1.502630e+00 3.158674e-01 5.020775e-01 8.642824e-01 5.000000e-02 5.142057e-01 8.354564e-02 2.546305e-01 3.676429e-01 9.747834e-01 2.228770e-01 4.747216e-01 3.807249e-01 1.460368e-01 2.846387e-01 2.147742e-01 2.541075e-01 5.000000e-02
<GCONST> 7.759909e+01
<STATE> 23
<MEAN> 39
 -3.603338e+00 -2.145442e+01 -2.036405e+01 -1.236599e+01 1.105519e+01 5.693267e+00 -2.971420e+00 -3.852694e+00 1.156748e+00 -3.431035e+00 -1.837229e+00 -9.234794e+00 6.303446e-01 2.365345e+00 -6.501575e-01 -1.235363e-01 1.328319e+00 -2.091155e+00 3.386504e-01 8.321875e-01 5.743274e-01 1.569399e-01 1.314303e+00 -5.558795e-01 1.029733e+00 -7.884190e-02 5.341567e-01 2.842168e-01 -4.151129e-01 2.915020e-01 -5.551928e-02 -4.716285e-01 9.441282e-01 -9.973466e-01 4.937757e-02 -3.745613e-01 4.958667e-01 3.194877e-01 3.066239e-03
<VARIANCE> 39
 2.497791e+01 7.520702e+00 2.554088e+00 6.538156e+00 1.429288e+01 3.280329e+01 2.799107e+01 9.081368e+00 3.387428e+01 8.773190e+00 4.043319e+00 1.153656e+01 5.000000e-02 1.172451e+00 4.858139e-01 3.850654e-01 2.079718e+00 3.349182e+00 1.482351e+00 2.633740e+00 1.472920e+00 1.009191e+00 7.384971e-01 7.928262e-01 1.155893e+00 5.000000e-02 5.233960e-01 1.997259e-01 3.654809e-01 3.178666e-01 3.329040e-01 4.368853e-01 3.452662e-01 2.383178e-01 1.165138e-01 8.797812e-02 5.000000e-02 1.631147e-01 5.000000e-02
<GCONST> 7.553223e+01
<STATE> 24
<MEAN> 39
 3.335081e+00 -2.201828e+01 -1.978387e+01 -7.191176e+00 7.833731e+00 5.282415e+00 3.527612e+00 -8.456694e+00 1.369895e+00 -4.022394e+00 -1.614441e+00 -4.506312e+00 4.893260e-01 1.316228e+00 2.143490e-01 -1.702433e-01 1.123727e+00 -5.386366e-01 -1.098667e+00 8.287564e-01 -8.138424e-01 -9.413186e-02 7.364037e-02 5.052919e-01 9.319959e-01 -3.792422e-02 -6.617495e-01 1.052517e-01 -8.905493e-02 -4.984179e-01 2.891977e-01 -1.566299e-01 -7.060847e-01 -9.651753e-02 1.258712e-01 -1.540781e-01 5.389329e-02 -1.464305e-01 1.258155e-02
<VARIANCE> 39
 1.978359e+00 5.843503e+00 1.590754e+01 1.252818e+01 4.555763e+00 1.253826e+01 9.993831e+00 6.874660e+00 2.651305e+01 8.747440e+00 1.043396e+01 7.352873e+00 5.000000e-02 1.534173e+00 1.165911e+00 1.618069e+00 5.274596e-01 1.489334e+00 1.979870e+00 2.776062e+00 6.426978e-01 2.006193e+00 4.343140e-01 7.033468e-01 4.915997e-01 5.000000e-02 8.974530e-02 2.417258e-01 2.479345e-01 1.971617e-01 2.528423e-01 2.564163e-01 3.642965e-01 1.845486e-01 3.784375e-01 1.797086e-01 2.625605e-01 1.539911e-01 5.000000e-02
<GCONST> 7.119664e+01
<STATE> 25
<MEAN> 39
 2.950674e+00 -2.217525e+01 -2.177306e+01 -8.088338e+00 6.570876e+00 1.832227e+00 1.923283e-03 -9.152962e+00 2.098951e+00 -3.231086e+00 -1.818913e+00 -4.967335e+00 4.419278e-01 -3.629085e-01 -2.280283e-01 -5.284383e-01 -6.375371e-01 -3.323028e-01 -4.503693e-01 -9.988545e-01 -4.683038e-01 2.442630e-01 5.007073e-01 9.770989e-02 4.521720e-01 -1.962428e-02 -3.817800e-01 4.365892e-02 4.363912e-01 -1.588026e-01 3.905516e-01 2.716693e-01 2.849386e-03 3.611504e-01 -1.509025e-01 -2.598922e-02 1.247153e-01 -1.452428e-01 7.802521e-03
<VARIANCE> 39
 6.078497e-01 1.379011e+00 1.498590e+01 6.472194e+00 4.338677e+00 9.668844e+00 9.963734e+00 7.742287e+00 1.137981e+01 6.834182e+00 1.426607e+01 1.199980e+01 5.000000e-02 2.404550e-01 4.562258e-01 6.323770e-01 3.714464e-01 2.376750e-01 5.035020e-01 8.007301e-01 9.706712e-01 1.494118e+00 7.700478e-01 1.216963e+00 1.786244e+00 5.000000e-02 5.000000e-02 1.097854e-01 3.750908e-01 1.036488e-01 9.043792e-02 4.250955e-01 3.432003e-01 1.481480e-01 8.666929e-02 5.000000e-02 1.202019e-01 5.000000e-02 5.000000e-02
<GCONST> 5.430440e+01
<STATE> 26
<MEAN> 39
 2.073782e+00 -2.263026e+01 -2.279020e+01 -8.197103e+00 6.019014e+00 1.715215e+00 4.367727e-01 -8.798337e+00 1.805064e+00 -1.543540e+00 -5.868169e-01 -2.853404e+00 4.072927e-01 -2.914625e-01 2.581433e-01 9.149036e-01 5.792958e-01 3.611641e-01 -4.595128e-02 -2.551827e-01 1.008055e+00 -2.898180e-02 -7.658427e-02 5.231175e-01 4.126814e-01 -1.648374e-02 1.128105e-01 3.006126e-01 6.126176e-01 4.963979e-01 2.508876e-01 1.180105e-01 7.154835e-02 3.203689e-01 -2.441955e-01 -2.957797e-01 -5.009227e-02 -2.258491e-01 2.399271e-03
<VARIANCE> 39
 1.630119e+00 5.230715e+00 4.744345e+00 4.324875e+00 5.866190e+00 1.397645e+01 2.538276e+01 1.934993e+01 7.242446e+00 1.198690e+01 5.654442e+00 4.812978e+00 5.000000e-02 1.892177e-01 4.340920e-01 2.137043e+00 1.046777e+00 4.389396e-01 7.194187e-01 8.444648e-01 1.607752e+00 1.174666e+00 3.918324e-01 5.434937e-01 6.806406e-01 5.000000e-02 6.048202e-02 1.057139e-01 1.437902e-01 7.105182e-02 7.513130e-02 1.355188e-01 1.684161e-01 3.033598e-01 2.341567e-01 1.776914e-01 1.010728e-01 1.963488e-01 5.000000e-02
<GCONST> 5.761715e+01
<STATE> 27
<MEAN> 39
 1.554045e+00 -2.226365e+01 -2.073911e+01 -8.217520e+00 8.302607e+00 2.596408e+00 -8.661808e-01 -6.204739e+00 1.696081e+00 -3.338431e+00 -3.556554e-01 -4.008858e+00 3.864565e-01 4.396992e-01 1.138103e+00 1.567523e+00 9.816128e-01 9.451776e-03 -4.655555e-01 -3.520114e-01 2.059316e-01 -7.719101e-01 -4.691150e-01 4.350992e-01 6.658301e-01 -1.053952e-02 2.297145e-01 3.857862e-01 6.061231e-01 3.603724e-01 -1.003503e-01 -4.198039e-02 1.475569e-01 -4.181070e-01 -2.926788e-01 -1.822714e-01 -6.858182e-02 9.962305e-02 1.173633e-03
<VARIANCE> 39
 3.922982e+00 6.304728e+00 2.744186e+00 4.887158e+00 2.866557e+00 6.052173e+00 8.364578e+00 4.923107e+00 1.803289e+01 2.561566e+00 8.427979e+00 1.010805e+01 5.000000e-02 4.170240e-01 1.048739e+00 2.466518e+00 9.230884e-01 4.468732e-01 8.895741e-01 4.540359e-01 1.122807e+00 5.588312e-01 4.219222e-01 8.973596e-02 1.317845e+00 5.000000e-02 5.668514e-02 9.704848e-02 1.332521e-01 1.839615e-01 9.677666e-02 1.850272e-01 1.546353e-01 1.706631e-01 1.804030e-01 1.009896e-01 1.391643e-01 3.318756e-01 5.000000e-02
<GCONST> 5.451413e+01
<STATE> 28
<MEAN> 39
 4.062595e+00 -1.768258e+01 -1.451816e+01 -3.572530e+00 7.466283e+00 5.408835e-01 -8.441862e-01 -7.981833e+00 -7.286241e-01 -2.890485e+00 1.175315e+00 -2.117115e+00 3.809827e-01 1.535559e-01 8.698645e-01 1.944657e+00 1.337614e+00 3.201383e-01 1.043523e-01 2.852379e-01 -3.549438e-01 -8.666117e-01 -5.215334e-01 -3.384291e-01 -2.757185e-01 -1.580314e-02 -3.268887e-01 -4.048283e-01 -8.477776e-01 -5.440021e-01 3.589044e-02 2.390233e-01 1.440693e-01 8.199784e-02 2.027098e-01 -1.737929e-02 -2.315983e-01 -1.178265e-01 -2.238395e-03
<VARIANCE> 39
 1.927879e+00 3.466921e+00 9.953808e+00 5.342773e+00 7.537989e+00 3.212445e+00 9.921007e+00 1.829762e+01 5.439391e+00 1.117883e+01 6.730479e+00 5.654672e+00 5.000000e-02 2.914983e-01 4.008104e-01 1.366156e+00 1.531607e+00 6.423794e-01 1.166912e+00 9.854249e-01 8.857774e-01 5.359010e-01 9.864356e-01 8.162476e-01 8.157008e-01 5.000000e-02 7.832766e-02 1.247621e-01 3.415169e-01 1.948933e-01 1.086938e-01 2.857397e-01 8.741193e-02 3.922760e-01 1.852593e-01 1.753433e-01 7.315075e-02 2.374151e-01 5.000000e-02
<GCONST> 6.015870e+01
<STATE> 29
<MEAN> 39
 3.319950e+00 -1.789298e+01 -1.265791e+01 -2.200651e+00 8.428988e+00 1.713758e+00 3.894050e-01 -7.522246e+00 -3.054631e+00 -6.595945e+00 -7.838978e-01 -2.668913e+00 3.424367e-01 -3.443777e-01 2.429966e-01 -1.578037e-02 -2.776898e-01 1.073941e-01 2.780874e-01 -2.074703e-01 8.673133e-02 -2.706895e-01 -3.200430e-01 -4.590189e-02 3.974237e-02 -1.655553e-02 -2.684540e-01 -3.964859e-01 -9.318427e-01 -6.493028e-01 -6.515550e-02 7.478826e-02 -5.392782e-02 2.283863e-01 3.646891e-01 4.981604e-01 2.587572e-01 -1.039117e-01 1.487194e-04
<VARIANCE> 39
 4.844306e-01 3.646036e+00 5.547457e+00 7.653142e+00 6.161143e+00 1.665514e+01 1.856783e+01 1.166923e+01 6.625448e+00 1.513381e+00 2.106816e+00 8.632626e+00 5.000000e-02 4.222642e-01 6.175417e-01 2.029952e+00 8.781384e-01 5.292014e-01 1.256946e+00 6.139751e-01 1.871996e+00 1.312285e+00 1.303312e+00 5.121576e-01 9.720926e-01 5.000000e-02 5.000000e-02 5.000000e-02 8.165772e-02 1.988178e-01 1.918502e-01 3.789515e-01 2.884462e-01 4.301786e-01 1.048705e-01 5.698269e-02 6.453007e-02 4.392121e-01 5.000000e-02
<GCONST> 5.752370e+01
<STATE> 30
<MEAN> 39
 1.272755e+00 -1.840394e+01 -1.642754e+01 -5.209101e+00 8.874541e+00 3.656462e+00 -1.558800e+00 -6.592173e+00 5.166526e-01 -4.283043e+00 3.561324e-02 -2.687801e+00 3.077958e-01 -6.077470e-01 -5.408714e-01 -1.302475e+00 -9.100282e-01 2.480960e-01 3.647351e-01 7.238976e-02 4.096709e-01 4.212359e-01 5.917153e-01 2.602583e-01 -3.607215e-01 -1.155137e-02 2.034895e-02 -1.155132e-01 -6.140508e-02 -9.301046e-02 -1.272434e-01 -1.935049e-01 1.234059e-01 7.013729e-02 4.092861e-02 2.124600e-01 -2.607722e-03 4.283376e-02 -8.368391e-04
<VARIANCE> 39
 8.893366e-01 2.314936e+00 2.627287e+00 5.699057e+00 8.315221e+00 1.243046e+01 1.377703e+01 5.505564e+00 1.016534e+01 3.590974e+00 1.012928e+01 1.810006e+01 5.000000e-02 2.027828e-01 1.731748e-01 9.010050e-01 1.121092e+00 6.119483e-01 1.398820e+00 1.745210e+00 1.326317e+00 9.551413e-01 3.265179e-01 4.433391e-01 1.521941e+00 5.000000e-02 5.031034e-02 6.728469e-02 1.191662e-01 1.090927e-01 5.922703e-02 1.730872e-01 1.864818e-01 1.478475e-01 1.094581e-01 1.198013e-01 7.387863e-02 1.924994e-01 5.000000e-02
<GCONST> 5.289067e+01
<STATE> 31
<MEAN> 39
 9.945239e-01 -1.924824e+01 -1.751415e+01 -6.513497e+00 8.448414e+00 2.756762e+00 2.200829e-01 -6.168952e+00 -5.114690e-01 -1.650680e+00 9.761108e-01 -3.666069e+00 2.874044e-01 -7.084240e-01 -5.910158e-01 -8.578889e-01 -6.979366e-01 -7.558994e-02 6.465923e-03 5.853292e-01 9.238771e-01 5.215445e-01 1.000638e+00 -3.045685e-02 2.995304e-01 -1.760757e-02 3.765387e-02 2.253325e-01 4.266669e-01 3.703098e-01 -1.101746e-01 6.257762e-02 1.279380e-01 9.735620e-02 -1.585447e-01 -2.718485e-01 2.040512e-02 1.687783e-01 -1.954020e-03
<VARIANCE> 39
 9.389733e-01 2.504887e+00 8.088078e+00 5.715235e+00 3.809444e+00 7.422812e+00 1.177697e+01 4.342985e+00 2.601912e+01 3.973247e+00 1.852732e+00 2.123307e+01 5.000000e-02 7.794926e-02 1.389019e-01 2.116608e-01 3.523689e-01 2.474526e-01 4.569956e-01 1.019063e+00 1.080527e+00 5.799534e-01 7.005571e-01 3.112177e-01 1.699458e-01 5.000000e-02 5.000000e-02 5.000000e-02 2.134288e-01 5.730808e-02 5.000000e-02 2.139135e-01 2.934449e-01 1.011389e-01 1.397558e-01 1.107701e-01 5.000000e-02 3.703479e-01 5.000000e-02
<GCONST> 4.331347e+01
<STATE> 32
<MEAN> 39
 -7.776330e-01 -2.078144e+01 -1.958047e+01 -7.623279e+00 8.624071e+00 3.632547e+00 3.976502e-01 -3.433399e+00 2.790346e+00 -1.685656e+00 -4.731104e-01 -2.409784e+00 2.522233e-01 -3.324859e-01 4.902262e-01 4.339476e-01 1.909056e-01 -5.030696e-01 -4.102584e-02 1.207656e-01 3.991806e-01 -7.439442e-01 -4.382869e-01 5.096355e-01 1.259924e-01 -2.479977e-02 2.539763e-01 5.112854e-01 7.249257e-01 4.179770e-01 -5.025035e-02 -2.872583e-01 -3.459658e-01 -4.688377e-01 -5.317621e-01 -3.480113e-01 9.091378e-02 -1.930406e-01 -8.588566e-06
<VARIANCE> 39
 2.081900e+00 2.918187e+00 3.814179e+00 3.274610e+00 6.091840e+00 1.357039e+01 7.783837e+00 6.509030e+00 1.249500e+01 9.633636e+00 1.195470e+01 4.620164e+00 5.000000e-02 1.067215e-01 2.972149e-01 1.437182e+00 4.903371e-01 3.304428e-01 6.668199e-01 1.136319e+00 3.405646e-01 6.622047e-01 5.099334e-01 4.448039e-01 2.093656e+00 5.000000e-02 5.000000e-02 5.000000e-02 1.330269e-01 7.140537e-02 7.638907e-02 3.567954e-01 6.920609e-01 3.539843e-01 1.390042e-01 1.813779e-01 7.881921e-02 7.564445e-02 5.000000e-02
<GCONST> 5.228193e+01
<STATE> 33
<MEAN> 39
 3.186269e-01 -1.634906e+01 -1.451644e+01 -5.420715e+00 7.784268e+00 7.303562e-01 -1.595763e+00 -7.013806e+00 -3.904169e+00 -4.050714e+00 2.017722e+00 -2.842327e+00 2.017472e-01 1.784989e-01 1.086421e+00 1.224740e+00 4.905445e-01 -3.185312e-01 -5.214140e-01 -1.413015e-01 -5.369947e-01 -1.011516e+00 -2.328903e-01 3.246832e-01 4.190528e-01 -1.348570e-02 -1.567335e-01 7.539257e-03 8.134826e-02 -4.899956e-02 3.998850e-03 2.910908e-01 3.810896e-01 2.608017e-01 4.417924e-01 1.807909e-01 -2.145515e-01 1.136936e-01 -5.247065e-03
<VARIANCE> 39
 2.088862e+00 5.507627e+00 9.292341e+00 7.082068e+00 4.177694e+00 1.277467e+01 2.258873e+01 1.515848e+01 2.560576e+01 5.492102e+00 9.245670e+00 7.259622e+00 5.000000e-02 3.050014e-01 4.923415e-01 6.451028e-01 6.263366e-01 8.933063e-01 2.005912e+00 2.397989e+00 1.834264e+00 1.436109e+00 9.471549e-01 5.434866e-01 8.096552e-01 5.000000e-02 1.136571e-01 1.307649e-01 2.429929e-01 1.910412e-01 1.010544e-01 2.222827e-01 1.859132e-01 4.223013e-01 3.525823e-01 1.917228e-01 1.232187e-01 3.072286e-01 5.000000e-02
<GCONST> 6.744696e+01
<STATE> 34
<MEAN> 39
 -3.724799e-01 -1.634587e+01 -1.422461e+01 -4.641046e+00 6.343439e+00 1.591550e+00 1.133082e+00 -3.840638e+00 -2.038579e+00 -2.681330e+00 6.700671e-01 -1.861195e+00 1.720733e-01 -9.762312e-01 8.554582e-01 1.471704e+00 1.477753e-01 -3.788171e-01 4.570704e-01 9.644703e-01 1.123446e+00 1.055431e+00 5.298228e-01 -5.558454e-01 -4.042043e-01 -4.967244e-02 -4.063819e-01 1.100764e-01 4.034024e-01 -3.940143e-02 -6.013658e-02 -1.935171e-01 -2.761655e-01 -2.560766e-01 2.668793e-01 9.382550e-02 8.981895e-02 -1.615733e-01 -1.380860e-02
<VARIANCE> 39
 2.074924e+00 1.150700e+01 1.453080e+01 3.579166e+00 1.030742e+01 7.667427e+00 1.742407e+01 6.060502e+00 2.726100e+00 8.626805e+00 1.109408e+01 6.910151e+00 5.000000e-02 2.855592e-01 4.728127e-01 7.406550e-01 6.699129e-01 6.486682e-01 7.038574e-01 4.658795e-01 1.103912e+00 1.787651e+00 1.326809e+00 6.819759e-01 5.343051e-01 5.000000e-02 5.639208e-02 2.084484e-01 1.680252e-01 7.698041e-02 1.514759e-01 1.128092e-01 1.867523e-01 1.738424e-01 1.678575e-01 5.338354e-02 2.028160e-01 1.214210e-01 5.000000e-02
<GCONST> 5.733578e+01
<STATE> 35
<MEAN> 39
 -3.090024e+00 -1.378906e+01 -1.080303e+01 -4.874575e+00 6.948288e+00 2.466190e+00 3.394668e+00 -2.929931e+00 -1.292390e+00 -2.955683e+00 8.848550e-01 -2.834416e+00 4.795452e-02 -1.547547e+00 1.058886e+00 2.115653e+00 3.230842e-01 -3.085091e-01 -2.381488e-01 -1.566001e-01 -8.487161e-01 3.284811e-01 2.101152e-01 3.805005e-01 2.549053e-01 -6.833855e-02 6.946472e-02 -9.531943e-02 -7.445566e-02 6.991278e-02 -1.225102e-02 -3.728262e-01 -3.692424e-01 -3.981837e-01 5.493469e-03 1.285638e-01 3.738958e-01 2.784191e-01 5.941116e-03
<VARIANCE> 39
 3.838617e+00 4.236267e+00 6.580416e+00 6.750366e+00 1.461515e+01 3.610770e+00 2.636813e+01 6.129082e+00 3.572930e+00 6.961530e+00 5.384571e+00 1.056528e+01 5.000000e-02 2.498480e-01 1.639933e+00 1.629930e+00 7.646976e-02 2.868861e-01 4.696546e-01 9.099269e-01 7.204894e-01 1.089345e+00 3.854444e-01 1.159750e+00 5.588732e-01 5.000000e-02 5.000000e-02 6.829257e-02 1.099586e-01 8.396979e-02 1.627757e-01 1.381176e-01 1.429620e-01 3.240932e-01 1.751886e-01 1.176772e-01 9.355938e-02 2.527398e-01 5.000000e-02
<GCONST> 5.401813e+01
<STATE> 36
<MEAN> 39
 -5.119908e+00 -1.215848e+01 -6.088131e+00 -4.050653e+00 4.922058e+00 1.511827e+00 1.441566e+00 -6.694636e+00 -1.712747e+00 -1.876898e+00 2.134254e+00 -1.411390e+00 -4.376094e-02 -8.205646e-01 4.294266e-01 1.032961e+00 3.326996e-01 -5.286624e-01 -6.725530e-01 -3.057571e-01 -2.969097e-01 7.283851e-01 5.667492e-01 5.891583e-01 6.039971e-01 -3.140424e-02 3.208854e-01 -3.342552e-01 -6.600013e-01 -1.803214e-02 -6.356798e-02 -4.236569e-02 -8.657651e-02 3.200400e-01 6.531728e-02 -1.108042e-01 -1.018219e-01 -1.114903e-01 1.578955e-02
<VARIANCE> 39
 2.182429e+00 4.269696e+00 7.233737e+00 7.249198e+00 7.585902e+00 4.231037e+00 5.877950e+00 1.438642e+01 1.989097e+01 9.467611e+00 5.182518e+00 3.913071e+00 5.000000e-02 3.398522e-01 8.931120e-01 9.146786e-01 4.468075e-01 5.180408e-01 1.213073e+00 9.484518e-01 1.662485e+00 5.675368e-01 3.165787e-01 8.307026e-01 1.311792e+00 5.000000e-02 5.000000e-02 2.714349e-01 2.074704e-01 7.808502e-02 5.000000e-02 5.000000e-02 1.529834e-01 3.730077e-01 1.746129e-01 1.108966e-01 1.025290e-01 1.248741e-01 5.000000e-02
<GCONST> 5.572870e+01
<STATE> 37
<MEAN> 39
 -6.070802e+00 -1.217943e+01 -6.909361e+00 -4.534058e+00 4.046020e+00 -4.043436e-02 1.096221e+00 -5.464535e+00 2.223397e+00 4.609914e-01 2.762281e+00 -1.262158e-01 -7.179605e-02 -3.623871e-01 4.003051e-02 7.717762e-02 1.606124e-01 -7.153046e-01 -4.989943e-01 -4.693736e-01 5.587130e-01 1.082464e+00 4.284096e-01 1.301983e-01 -2.820929e-01 -7.790295e-03 3.057460e-01 -7.187319e-03 -6.314669e-02 1.631922e-02 1.152385e-01 1.022892e-01 2.113363e-02 2.226499e-01 -3.674860e-01 -4.405577e-01 -4.300989e-01 -3.392967e-01 8.293333e-03
<VARIANCE> 39
 1.884621e+00 2.014071e+00 4.002277e+00 7.017574e-01 9.120591e+00 1.618436e+01 1.092232e+01 2.200477e+01 8.716164e+00 1.195279e+01 8.583495e+00 1.082651e+01 5.000000e-02 5.571466e-02 4.076697e-01 2.933882e-01 4.615966e-01 1.058002e-01 2.970390e-01 2.862029e-01 1.930490e+00 6.319741e-01 2.014875e-01 8.406436e-01 5.397255e-01 5.000000e-02 5.000000e-02 9.041612e-02 1.888464e-01 6.563226e-02 1.565773e-01 8.777682e-02 9.918085e-02 2.996437e-01 1.000167e-01 7.149091e-02 8.305255e-02 2.767912e-01 5.000000e-02
<GCONST> 4.571641e+01
<TRANSP> 38
 0.000000e+00 1.000000e+00 0.000000e+00 0.000000e+00 0.000000e+00 0.000000e+00 0.000000e+00 0.000000e+00 0.000000e+00 0.000000e+00 0.000000e+00 0.000000e+00 0.000000e+00 0.000000e+00 0.000000e+00 0.000000e+00 0.000000e+00 0.000000e+00 0.000000e+00 0.000000e+00 0.000000e+00 0.000000e+00 0.000000e+00 0.000000e+00 0.000000e+00 0.000000e+00 0.000000e+00 0.000000e+00 0.000000e+00 0.000000e+00 0.000000e+00 0.000000e+00 0.000000e+00 0.000000e+00 0.000000e+00 0.000000e+00 0.000000e+00 0.000000e+00
 0.000000e+00 5.454630e-01 4.545370e-01 0.000000e+00 0.000000e+00 0.000000e+00 0.000000e+00 0.000000e+00 0.000000e+00 0.000000e+00 0.000000e+00 0.000000e+00 0.000000e+00 0.000000e+00 0.000000e+00 0.000000e+00 0.000000e+00 0.000000e+00 0.000000e+00 0.000000e+00 0.000000e+00 0.000000e+00 0.000000e+00 0.000000e+00 0.000000e+00 0.000000e+00 0.000000e+00 0.000000e+00 0.000000e+00 0.000000e+00 0.000000e+00 0.000000e+00 0.000000e+00 0.000000e+00 0.000000e+00 0.000000e+00 0.000000e+00 0.000000e+00
 0.000000e+00 0.000000e+00 5.454522e-01 4.545477e-01 0.000000e+00 0.000000e+00 0.000000e+00 0.000000e+00 0.000000e+00 0.000000e+00 0.000000e+00 0.000000e+00 0.000000e+00 0.000000e+00 0.000000e+00 0.000000e+00 0.000000e+00 0.000000e+00 0.000000e+00 0.000000e+00 0.000000e+00 0.000000e+00 0.000000e+00 0.000000e+00 0.000000e+00 0.000000e+00 0.000000e+00 0.000000e+00 0.000000e+00 0.000000e+00 0.000000e+00 0.000000e+00 0.000000e+00 0.000000e+00 0.000000e+00 0.000000e+00 0.000000e+00 0.000000e+00
 0.000000e+00 0.000000e+00 0.000000e+00 2.857101e-01 7.142900e-01 0.000000e+00 0.000000e+00 0.000000e+00 0.000000e+00 0.000000e+00 0.000000e+00 0.000000e+00 0.000000e+00 0.000000e+00 0.000000e+00 0.000000e+00 0.000000e+00 0.000000e+00 0.000000e+00 0.000000e+00 0.000000e+00 0.000000e+00 0.000000e+00 0.000000e+00 0.000000e+00 0.000000e+00 0.000000e+00 0.000000e+00 0.000000e+00 0.000000e+00 0.000000e+00 0.000000e+00 0.000000e+00 0.000000e+00 0.000000e+00 0.000000e+00 0.000000e+00 0.000000e+00
 0.000000e+00 0.000000e+00 0.000000e+00 0.000000e+00 2.858347e-01 7.141653e-01 0.000000e+00 0.000000e+00 0.000000e+00 0.000000e+00 0.000000e+00 0.000000e+00 0.000000e+00 0.000000e+00 0.000000e+00 0.000000e+00 0.000000e+00 0.000000e+00 0.000000e+00 0.000000e+00 0.000000e+00 0.000000e+00 0.000000e+00 0.000000e+00 0.000000e+00 0.000000e+00 0.000000e+00 0.000000e+00 0.000000e+00 0.000000e+00 0.000000e+00 0.000000e+00 0.000000e+00 0.000000e+00 0.000000e+00 0.000000e+00 0.000000e+00 0.000000e+00
 0.000000e+00 0.000000e+00 0.000000e+00 0.000000e+00 0.000000e+00 5.452322e-01 4.547678e-01 0.000000e+00 0.000000e+00 0.000000e+00 0.000000e+00 0.000000e+00 0.000000e+00 0.000000e+00 0.000000e+00 0.000000e+00 0.000000e+00 0.000000e+00 0.000000e+00 0.000000e+00 0.000000e+00 0.000000e+00 0.000000e+00 0.000000e+00 0.000000e+00 0.000000e+00 0.000000e+00 0.000000e+00 0.000000e+00 0.000000e+00 0.000000e+00 0.000000e+00 0.000000e+00 0.000000e+00 0.000000e+00 0.000000e+00 0.000000e+00 0.000000e+00
 0.000000e+00 0.000000e+00 0.000000e+00 0.000000e+00 0.000000e+00 0.000000e+00 2.858159e-01 7.141842e-01 0.000000e+00 0.000000e+00 0.000000e+00 0.000000e+00 0.000000e+00 0.000000e+00 0.000000e+00 0.000000e+00 0.000000e+00 0.000000e+00 0.000000e+00 0.000000e+00 0.000000e+00 0.000000e+00 0.000000e+00 0.000000e+00 0.000000e+00 0.000000e+00 0.000000e+00 0.000000e+00 0.000000e+00 0.000000e+00 0.000000e+00 0.000000e+00 0.000000e+00 0.000000e+00 0.000000e+00 0.000000e+00 0.000000e+00 0.000000e+00
 0.000000e+00 0.000000e+00 0.000000e+00 0.000000e+00 0.000000e+00 0.000000e+00 0.000000e+00 1.668435e-01 8.331565e-01 0.000000e+00 0.000000e+00 0.000000e+00 0.000000e+00 0.000000e+00 0.000000e+00 0.000000e+00 0.000000e+00 0.000000e+00 0.000000e+00 0.000000e+00 0.000000e+00 0.000000e+00 0.000000e+00 0.000000e+00 0.000000e+00 0.000000e+00 0.000000e+00 0.000000e+00 0.000000e+00 0.000000e+00 0.000000e+00 0.000000e+00 0.000000e+00 0.000000e+00 0.000000e+00 0.000000e+00 0.000000e+00 0.000000e+00
 0.000000e+00 0.000000e+00 0.000000e+00 0.000000e+00 0.000000e+00 0.000000e+00 0.000000e+00 0.000000e+00 1.666946e-01 8.333054e-01 0.000000e+00 0.000000e+00 0.000000e+00 0.000000e+00 0.000000e+00 0.000000e+00 0.000000e+00 0.000000e+00 0.000000e+00 0.000000e+00 0.000000e+00 0.000000e+00 0.000000e+00 0.000000e+00 0.000000e+00 0.000000e+00 0.000000e+00 0.000000e+00 0.000000e+00 0.000000e+00 0.000000e+00 0.000000e+00 0.000000e+00 0.000000e+00 0.000000e+00 0.000000e+00 0.000000e+00 0.000000e+00
 0.000000e+00 0.000000e+00 0.000000e+00 0.000000e+00 0.000000e+00 0.000000e+00 0.000000e+00 0.000000e+00 0.000000e+00 5.003162e-01 4.996838e-01 0.000000e+00 0.000000e+00 0.000000e+00 0.000000e+00 0.000000e+00 0.000000e+00 0.000000e+00 0.000000e+00 0.000000e+00 0.000000e+00 0.000000e+00 0.000000e+00 0.000000e+00 0.000000e+00 0.000000e+00 0.000000e+00 0.000000e+00 0.000000e+00 0.000000e+00 0.000000e+00 0.000000e+00 0.000000e+00 0.000000e+00 0.000000e+00 0.000000e+00 0.000000e+00 0.000000e+00
 0.000000e+00 0.000000e+00 0.000000e+00 0.000000e+00 0.000000e+00 0.000000e+00 0.000000e+00 0.000000e+00 0.000000e+00 0.000000e+00 7.057205e-01 2.942795e-01 0.000000e+00 0.000000e+00 0.000000e+00 0.000000e+00 0.000000e+00 0.000000e+00 0.000000e+00 0.000000e+00 0.000000e+00 0.000000e+00 0.000000e+00 0.000000e+00 0.000000e+00 0.000000e+00 0.000000e+00 0.000000e+00 0.000000e+00 0.000000e+00 0.000000e+00 0.000000e+00 0.000000e+00 0.000000e+00 0.000000e+00 0.000000e+00 0.000000e+00 0.000000e+00
 0.000000e+00 0.000000e+00 0.000000e+00 0.000000e+00 0.000000e+00 0.000000e+00 0.000000e+00 0.000000e+00 0.000000e+00 0.000000e+00 0.000000e+00 4.445961e-01 5.554039e-01 0.000000e+00 0.000000e+00 0.000000e+00 0.000000e+00 0.000000e+00 0.000000e+00 0.000000e+00 0.000000e+00 0.000000e+00 0.000000e+00 0.000000e+00 0.000000e+00 0.000000e+00 0.000000e+00 0.000000e+00 0.000000e+00 0.000000e+00 0.000000e+00 0.000000e+00 0.000000e+00 0.000000e+00 0.000000e+00 0.000000e+00 0.000000e+00 0.000000e+00
 0.000000e+00 0.000000e+00 0.000000e+00 0.000000e+00 0.000000e+00 0.000000e+00 0.000000e+00 0.000000e+00 0.000000e+00 0.000000e+00 0.000000e+00 0.000000e+00 2.860088e-01 7.139912e-01 0.000000e+00 0.000000e+00 0.000000e+00 0.000000e+00 0.000000e+00 0.000000e+00 0.000000e+00 0.000000e+00 0.000000e+00 0.000000e+00 0.000000e+00 0.000000e+00 0.000000e+00 0.000000e+00 0.000000e+00 0.000000e+00 0.000000e+00 0.000000e+00 0.000000e+00 0.000000e+00 0.000000e+00 0.000000e+00 0.000000e+00 0.000000e+00
 0.000000e+00 0.000000e+00 0.000000e+00 0.000000e+00 0.000000e+00 0.000000e+00 0.000000e+00 0.000000e+00 0.000000e+00 0.000000e+00 0.000000e+00 0.000000e+00 0.000000e+00 5.486703e-01 4.513297e-01 0.000000e+00 0.000000e+00 0.000000e+00 0.000000e+00 0.000000e+00 0.000000e+00 0.000000e+00 0.000000e+00 0.000000e+00 0.000000e+00 0.000000e+00 0.000000e+00 0.000000e+00 0.000000e+00 0.000000e+00 0.000000e+00 0.000000e+00 0.000000e+00 0.000000e+00 0.000000e+00 0.000000e+00 0.000000e+00 0.000000e+00
 0.000000e+00 0.000000e+00 0.000000e+00 0.000000e+00 0.000000e+00 0.000000e+00 0.000000e+00 0.000000e+00 0.000000e+00 0.000000e+00 0.000000e+00 0.000000e+00 0.000000e+00 0.000000e+00 4.396377e-01 5.603623e-01 0.000000e+00 0.000000e+00 0.000000e+00 0.000000e+00 0.000000e+00 0.000000e+00 0.000000e+00 0.000000e+00 0.000000e+00 0.000000e+00 0.000000e+00 0.000000e+00 0.000000e+00 0.000000e+00 0.000000e+00 0.000000e+00 0.000000e+00 0.000000e+00 0.000000e+00 0.000000e+00 0.000000e+00 0.000000e+00
 0.000000e+00 0.000000e+00 0.000000e+00 0.000000e+00 0.000000e+00 0.000000e+00 0.000000e+00 0.000000e+00 0.000000e+00 0.000000e+00 0.000000e+00 0.000000e+00 0.000000e+00 0.000000e+00 0.000000e+00 3.752597e-01 6.247404e-01 0.000000e+00 0.000000e+00 0.000000e+00 0.000000e+00 0.000000e+00 0.000000e+00 0.000000e+00 0.000000e+00 0.000000e+00 0.000000e+00 0.000000e+00 0.000000e+00 0.000000e+00 0.000000e+00 0.000000e+00 0.000000e+00 0.000000e+00 0.000000e+00 0.000000e+00 0.000000e+00 0.000000e+00
 0.000000e+00 0.000000e+00 0.000000e+00 0.000000e+00 0.000000e+00 0.000000e+00 0.000000e+00 0.000000e+00 0.000000e+00 0.000000e+00 0.000000e+00 0.000000e+00 0.000000e+00 0.000000e+00 0.000000e+00 0.000000e+00 5.452978e-01 4.547023e-01 0.000000e+00 0.000000e+00 0.000000e+00 0.000000e+00 0.000000e+00 0.000000e+00 0.000000e+00 0.000000e+00 0.000000e+00 0.000000e+00 0.000000e+00 0.000000e+00 0.000000e+00 0.000000e+00 0.000000e+00 0.000000e+00 0.000000e+00 0.000000e+00 0.000000e+00 0.000000e+00
 0.000000e+00 0.000000e+00 0.000000e+00 0.000000e+00 0.000000e+00 0.000000e+00 0.000000e+00 0.000000e+00 0.000000e+00 0.000000e+00 0.000000e+00 0.000000e+00 0.000000e+00 0.000000e+00 0.000000e+00 0.000000e+00 0.000000e+00 5.455104e-01 4.544896e-01 0.000000e+00 0.000000e+00 0.000000e+00 0.000000e+00 0.000000e+00 0.000000e+00 0.000000e+00 0.000000e+00 0.000000e+00 0.000000e+00 0.000000e+00 0.000000e+00 0.000000e+00 0.000000e+00 0.000000e+00 0.000000e+00 0.000000e+00 0.000000e+00 0.000000e+00
 0.000000e+00 0.000000e+00 0.000000e+00 0.000000e+00 0.000000e+00 0.000000e+00 0.000000e+00 0.000000e+00 0.000000e+00 0.000000e+00 0.000000e+00 0.000000e+00 0.000000e+00 0.000000e+00 0.000000e+00 0.000000e+00 0.000000e+00 0.000000e+00 4.444404e-01 5.555597e-01 0.000000e+00 0.000000e+00 0.000000e+00 0.000000e+00 0.000000e+00 0.000000e+00 0.000000e+00 0.000000e+00 0.000000e+00 0.000000e+00 0.000000e+00 0.000000e+00 0.000000e+00 0.000000e+00 0.000000e+00 0.000000e+00 0.000000e+00 0.000000e+00
 0.000000e+00 0.000000e+00 0.000000e+00 0.000000e+00 0.000000e+00 0.000000e+00 0.000000e+00 0.000000e+00 0.000000e+00 0.000000e+00 0.000000e+00 0.000000e+00 0.000000e+00 0.000000e+00 0.000000e+00 0.000000e+00 0.000000e+00 0.000000e+00 0.000000e+00 3.749632e-01 6.250368e-01 0.000000e+00 0.000000e+00 0.000000e+00 0.000000e+00 0.000000e+00 0.000000e+00 0.000000e+00 0.000000e+00 0.000000e+00 0.000000e+00 0.000000e+00 0.000000e+00 0.000000e+00 0.000000e+00 0.000000e+00 0.000000e+00 0.000000e+00
 0.000000e+00 0.000000e+00 0.000000e+00 0.000000e+00 0.000000e+00 0.000000e+00 0.000000e+00 0.000000e+00 0.000000e+00 0.000000e+00 0.000000e+00 0.000000e+00 0.000000e+00 0.000000e+00 0.000000e+00 0.000000e+00 0.000000e+00 0.000000e+00 0.000000e+00 0.000000e+00 4.410444e-01 5.589556e-01 0.000000e+00 0.000000e+00 0.000000e+00 0.000000e+00 0.000000e+00 0.000000e+00 0.000000e+00 0.000000e+00 0.000000e+00 0.000000e+00 0.000000e+00 0.000000e+00 0.000000e+00 0.000000e+00 0.000000e+00 0.000000e+00
 0.000000e+00 0.000000e+00 0.000000e+00 0.000000e+00 0.000000e+00 0.000000e+00 0.000000e+00 0.000000e+00 0.000000e+00 0.000000e+00 0.000000e+00 0.000000e+00 0.000000e+00 0.000000e+00 0.000000e+00 0.000000e+00 0.000000e+00 0.000000e+00 0.000000e+00 0.000000e+00 0.000000e+00 1.666566e-01 8.333434e-01 0.000000e+00 0.000000e+00 0.000000e+00 0.000000e+00 0.000000e+00 0.000000e+00 0.000000e+00 0.000000e+00 0.000000e+00 0.000000e+00 0.000000e+00 0.000000e+00 0.000000e+00 0.000000e+00 0.000000e+00
 0.000000e+00 0.000000e+00 0.000000e+00 0.000000e+00 0.000000e+00 0.000000e+00 0.000000e+00 0.000000e+00 0.000000e+00 0.000000e+00 0.000000e+00 0.000000e+00 0.000000e+00 0.000000e+00 0.000000e+00 0.000000e+00 0.000000e+00 0.000000e+00 0.000000e+00 0.000000e+00 0.000000e+00 0.000000e+00 4.445664e-01 5.554337e-01 0.000000e+00 0.000000e+00 0.000000e+00 0.000000e+00 0.000000e+00 0.000000e+00 0.000000e+00 0.000000e+00 0.000000e+00 0.000000e+00 0.000000e+00 0.000000e+00 0.000000e+00 0.000000e+00
 0.000000e+00 0.000000e+00 0.000000e+00 0.000000e+00 0.000000e+00 0.000000e+00 0.000000e+00 0.000000e+00 0.000000e+00 0.000000e+00 0.000000e+00 0.000000e+00 0.000000e+00 0.000000e+00 0.000000e+00 0.000000e+00 0.000000e+00 0.000000e+00 0.000000e+00 0.000000e+00 0.000000e+00 0.000000e+00 0.000000e+00 5.851721e-01 4.148279e-01 0.000000e+00 0.000000e+00 0.000000e+00 0.000000e+00 0.000000e+00 0.000000e+00 0.000000e+00 0.000000e+00 0.000000e+00 0.000000e+00 0.000000e+00 0.000000e+00 0.000000e+00
 0.000000e+00 0.000000e+00 0.000000e+00 0.000000e+00 0.000000e+00 0.000000e+00 0.000000e+00 0.000000e+00 0.000000e+00 0.000000e+00 0.000000e+00 0.000000e+00 0.000000e+00 0.000000e+00 0.000000e+00 0.000000e+00 0.000000e+00 0.000000e+00 0.000000e+00 0.000000e+00 0.000000e+00 0.000000e+00 0.000000e+00 0.000000e+00 3.743167e-01 6.256834e-01 0.000000e+00 0.000000e+00 0.000000e+00 0.000000e+00 0.000000e+00 0.000000e+00 0.000000e+00 0.000000e+00 0.000000e+00 0.000000e+00 0.000000e+00 0.000000e+00
 0.000000e+00 0.000000e+00 0.000000e+00 0.000000e+00 0.000000e+00 0.000000e+00 0.000000e+00 0.000000e+00 0.000000e+00 0.000000e+00 0.000000e+00 0.000000e+00 0.000000e+00 0.000000e+00 0.000000e+00 0.000000e+00 0.000000e+00 0.000000e+00 0.000000e+00 0.000000e+00 0.000000e+00 0.000000e+00 0.000000e+00 0.000000e+00 0.000000e+00 4.414306e-01 5.585694e-01 0.000000e+00 0.000000e+00 0.000000e+00 0.000000e+00 0.000000e+00 0.000000e+00 0.000000e+00 0.000000e+00 0.000000e+00 0.000000e+00 0.000000e+00
 0.000000e+00 0.000000e+00 0.000000e+00 0.000000e+00 0.000000e+00 0.000000e+00 0.000000e+00 0.000000e+00 0.000000e+00 0.000000e+00 0.000000e+00 0.000000e+00 0.000000e+00 0.000000e+00 0.000000e+00 0.000000e+00 0.000000e+00 0.000000e+00 0.000000e+00 0.000000e+00 0.000000e+00 0.000000e+00 0.000000e+00 0.000000e+00 0.000000e+00 0.000000e+00 3.821161e-01 6.178839e-01 0.000000e+00 0.000000e+00 0.000000e+00 0.000000e+00 0.000000e+00 0.000000e+00 0.000000e+00 0.000000e+00 0.000000e+00 0.000000e+00
 0.000000e+00 0.000000e+00 0.000000e+00 0.000000e+00 0.000000e+00 0.000000e+00 0.000000e+00 0.000000e+00 0.000000e+00 0.000000e+00 0.000000e+00 0.000000e+00 0.000000e+00 0.000000e+00 0.000000e+00 0.000000e+00 0.000000e+00 0.000000e+00 0.000000e+00 0.000000e+00 0.000000e+00 0.000000e+00 0.000000e+00 0.000000e+00 0.000000e+00 0.000000e+00 0.000000e+00 4.619967e-01 5.380034e-01 0.000000e+00 0.000000e+00 0.000000e+00 0.000000e+00 0.000000e+00 0.000000e+00 0.000000e+00 0.000000e+00 0.000000e+00
 0.000000e+00 0.000000e+00 0.000000e+00 0.000000e+00 0.000000e+00 0.000000e+00 0.000000e+00 0.000000e+00 0.000000e+00 0.000000e+00 0.000000e+00 0.000000e+00 0.000000e+00 0.000000e+00 0.000000e+00 0.000000e+00 0.000000e+00 0.000000e+00 0.000000e+00 0.000000e+00 0.000000e+00 0.000000e+00 0.000000e+00 0.000000e+00 0.000000e+00 0.000000e+00 0.000000e+00 0.000000e+00 4.233690e-01 5.766310e-01 0.000000e+00 0.000000e+00 0.000000e+00 0.000000e+00 0.000000e+00 0.000000e+00 0.000000e+00 0.000000e+00
 0.000000e+00 0.000000e+00 0.000000e+00 0.000000e+00 0.000000e+00 0.000000e+00 0.000000e+00 0.000000e+00 0.000000e+00 0.000000e+00 0.000000e+00 0.000000e+00 0.000000e+00 0.000000e+00 0.000000e+00 0.000000e+00 0.000000e+00 0.000000e+00 0.000000e+00 0.000000e+00 0.000000e+00 0.000000e+00 0.000000e+00 0.000000e+00 0.000000e+00 0.000000e+00 0.000000e+00 0.000000e+00 0.000000e+00 5.035729e-01 4.964271e-01 0.000000e+00 0.000000e+00 0.000000e+00 0.000000e+00 0.000000e+00 0.000000e+00 0.000000e+00
 0.000000e+00 0.000000e+00 0.000000e+00 0.000000e+00 0.000000e+00 0.000000e+00 0.000000e+00 0.000000e+00 0.000000e+00 0.000000e+00 0.000000e+00 0.000000e+00 0.000000e+00 0.000000e+00 0.000000e+00 0.000000e+00 0.000000e+00 0.000000e+00 0.000000e+00 0.000000e+00 0.000000e+00 0.000000e+00 0.000000e+00 0.000000e+00 0.000000e+00 0.000000e+00 0.000000e+00 0.000000e+00 0.000000e+00 0.000000e+00 3.692413e-01 6.307588e-01 0.000000e+00 0.000000e+00 0.000000e+00 0.000000e+00 0.000000e+00 0.000000e+00
 0.000000e+00 0.000000e+00 0.000000e+00 0.000000e+00 0.000000e+00 0.000000e+00 0.000000e+00 0.000000e+00 0.000000e+00 0.000000e+00 0.000000e+00 0.000000e+00 0.000000e+00 0.000000e+00 0.000000e+00 0.000000e+00 0.000000e+00 0.000000e+00 0.000000e+00 0.000000e+00 0.000000e+00 0.000000e+00 0.000000e+00 0.000000e+00 0.000000e+00 0.000000e+00 0.000000e+00 0.000000e+00 0.000000e+00 0.000000e+00 0.000000e+00 3.821200e-01 6.178800e-01 0.000000e+00 0.000000e+00 0.000000e+00 0.000000e+00 0.000000e+00
 0.000000e+00 0.000000e+00 0.000000e+00 0.000000e+00 0.000000e+00 0.000000e+00 0.000000e+00 0.000000e+00 0.000000e+00 0.000000e+00 0.000000e+00 0.000000e+00 0.000000e+00 0.000000e+00 0.000000e+00 0.000000e+00 0.000000e+00 0.000000e+00 0.000000e+00 0.000000e+00 0.000000e+00 0.000000e+00 0.000000e+00 0.000000e+00 0.000000e+00 0.000000e+00 0.000000e+00 0.000000e+00 0.000000e+00 0.000000e+00 0.000000e+00 0.000000e+00 6.127950e-01 3.872050e-01 0.000000e+00 0.000000e+00 0.000000e+00 0.000000e+00
 0.000000e+00 0.000000e+00 0.000000e+00 0.000000e+00 0.000000e+00 0.000000e+00 0.000000e+00 0.000000e+00 0.000000e+00 0.000000e+00 0.000000e+00 0.000000e+00 0.000000e+00 0.000000e+00 0.000000e+00 0.000000e+00 0.000000e+00 0.000000e+00 0.000000e+00 0.000000e+00 0.000000e+00 0.000000e+00 0.000000e+00 0.000000e+00 0.000000e+00 0.000000e+00 0.000000e+00 0.000000e+00 0.000000e+00 0.000000e+00 0.000000e+00 0.000000e+00 0.000000e+00 4.428154e-01 5.571846e-01 0.000000e+00 0.000000e+00 0.000000e+00
 0.000000e+00 0.000000e+00 0.000000e+00 0.000000e+00 0.000000e+00 0.000000e+00 0.000000e+00 0.000000e+00 0.000000e+00 0.000000e+00 0.000000e+00 0.000000e+00 0.000000e+00 0.000000e+00 0.000000e+00 0.000000e+00 0.000000e+00 0.000000e+00 0.000000e+00 0.000000e+00 0.000000e+00 0.000000e+00 0.000000e+00 0.000000e+00 0.000000e+00 0.000000e+00 0.000000e+00 0.000000e+00 0.000000e+00 0.000000e+00 0.000000e+00 0.000000e+00 0.000000e+00 0.000000e+00 3.768018e-01 6.231982e-01 0.000000e+00 0.000000e+00
 0.000000e+00 0.000000e+00 0.000000e+00 0.000000e+00 0.000000e+00 0.000000e+00 0.000000e+00 0.000000e+00 0.000000e+00 0.000000e+00 0.000000e+00 0.000000e+00 0.000000e+00 0.000000e+00 0.000000e+00 0.000000e+00 0.000000e+00 0.000000e+00 0.000000e+00 0.000000e+00 0.000000e+00 0.000000e+00 0.000000e+00 0.000000e+00 0.000000e+00 0.000000e+00 0.000000e+00 0.000000e+00 0.000000e+00 0.000000e+00 0.000000e+00 0.000000e+00 0.000000e+00 0.000000e+00 0.000000e+00 4.444843e-01 5.555157e-01 0.000000e+00
 0.000000e+00 0.000000e+00 0.000000e+00 0.000000e+00 0.000000e+00 0.000000e+00 0.000000e+00 0.000000e+00 0.000000e+00 0.000000e+00 0.000000e+00 0.000000e+00 0.000000e+00 0.000000e+00 0.000000e+00 0.000000e+00 0.000000e+00 0.000000e+00 0.000000e+00 0.000000e+00 0.000000e+00 0.000000e+00 0.000000e+00 0.000000e+00 0.000000e+00 0.000000e+00 0.000000e+00 0.000000e+00 0.000000e+00 0.000000e+00 0.000000e+00 0.000000e+00 0.000000e+00 0.000000e+00 0.000000e+00 0.000000e+00 1.666103e-01 8.333898e-01
 0.000000e+00 0.000000e+00 0.000000e+00 0.000000e+00 0.000000e+00 0.000000e+00 0.000000e+00 0.000000e+00 0.000000e+00 0.000000e+00 0.000000e+00 0.000000e+00 0.000000e+00 0.000000e+00 0.000000e+00 0.000000e+00 0.000000e+00 0.000000e+00 0.000000e+00 0.000000e+00 0.000000e+00 0.000000e+00 0.000000e+00 0.000000e+00 0.000000e+00 0.000000e+00 0.000000e+00 0.000000e+00 0.000000e+00 0.000000e+00 0.000000e+00 0.000000e+00 0.000000e+00 0.000000e+00 0.000000e+00 0.000000e+00 0.000000e+00 0.000000e+00
<ENDHMM>
