~o
<STREAMINFO> 1 39
<VECSIZE> 39<NULLD><MFCC_E_D_A><DIAGC>
~h "Cuo^i"
<BEGINHMM>
<NUMSTATES> 11
<STATE> 2
<MEAN> 39
 -6.668463e+00 -7.245812e+00 -1.342368e+00 -1.290455e+00 1.076133e+00 -4.148952e+00 -5.687980e-01 -3.613236e+00 1.975778e+00 -2.818328e+00 3.662184e+00 -1.429094e+00 6.559673e-02 4.332567e-02 -5.221874e-01 -9.824231e-01 -7.291259e-01 7.723199e-01 -1.717453e-01 -3.141156e-01 -1.281767e-01 -7.145910e-01 5.594860e-01 -5.514528e-01 3.353115e-01 2.873157e-02 1.345657e-01 -9.899970e-02 -3.427740e-01 -3.779310e-01 3.119992e-01 -1.703043e-01 9.703676e-03 4.030788e-02 -3.587418e-01 3.301971e-01 -1.897696e-01 5.730867e-02 1.490642e-02
<VARIANCE> 39
 1.091144e+01 3.462740e+01 2.071843e+01 9.617585e+00 1.014942e+01 2.154553e+01 2.027579e+01 1.156386e+01 1.148755e+01 1.413366e+01 1.341052e+01 9.596136e+00 5.000000e-02 1.675825e+00 5.896616e+00 4.296842e+00 2.878917e+00 2.703925e+00 4.265646e+00 3.755213e+00 1.572505e+00 3.595730e+00 3.108135e+00 1.628541e+00 1.629079e+00 5.000000e-02 3.686360e-01 1.328183e+00 5.872962e-01 3.952903e-01 4.355533e-01 9.210399e-01 7.122876e-01 3.475609e-01 5.155509e-01 4.172469e-01 2.805289e-01 2.763035e-01 5.000000e-02
<GCONST> 9.854984e+01
<STATE> 3
<MEAN> 39
 -2.133822e-01 -1.214531e+01 -1.535343e+01 -1.614322e+01 1.263286e+01 -1.265165e+01 -1.153296e+00 -3.365682e+00 -1.178337e+01 9.418692e+00 -5.909038e+00 2.505416e+00 6.433279e-01 2.333655e+00 5.134777e-01 -1.397881e+00 -2.871270e+00 -1.322843e+00 -2.221546e+00 2.160306e-01 3.121984e-01 -8.407740e-01 7.873451e-01 -4.351311e-01 7.486311e-01 1.043810e-01 1.971908e-01 3.905157e-01 1.220868e+00 5.274459e-01 -2.115622e+00 5.180679e-01 -1.136940e-01 3.788162e-01 1.352195e+00 -1.133651e+00 1.217986e+00 3.349820e-02 -2.424821e-02
<VARIANCE> 39
 2.515583e+01 2.023274e+01 1.727655e+01 4.045955e+01 4.991876e+01 4.791920e+01 5.791621e+01 2.940853e+01 1.107442e+01 1.867693e+01 9.959993e+00 1.793149e+01 5.000000e-02 1.057096e+00 2.206758e+00 6.437487e+00 4.210310e+00 2.118299e+01 2.896885e+00 3.861364e+00 2.332385e+00 7.952600e+00 7.978992e+00 5.755202e+00 1.024084e+00 5.000000e-02 2.655507e-01 5.460793e-01 3.230647e-01 5.667167e-01 1.219866e+00 9.079839e-01 1.013363e+00 4.623710e-01 4.660648e-01 5.423373e-01 4.889025e-01 4.347533e-01 5.000000e-02
<GCONST> 1.103865e+02
<STATE> 4
<MEAN> 39
 8.339434e+00 -1.339098e+01 -1.391680e+01 -1.916142e+01 -1.068587e+01 -1.456592e+01 -1.443674e-01 3.432302e+00 -2.758871e-01 8.059423e+00 3.615325e+00 7.679222e+00 9.282835e-01 5.179900e-03 -2.640484e-01 4.995307e-01 -1.314062e+00 -7.943467e-01 4.707363e-01 -5.710543e-01 1.031299e+00 8.642476e-01 8.826063e-01 8.915191e-01 3.595490e-01 3.168672e-02 -4.215631e-01 -7.360418e-03 -1.109173e-01 -5.382357e-02 1.030158e+00 9.121445e-03 5.957631e-02 -1.734462e-01 -2.943930e-01 3.663807e-01 -4.046527e-01 -3.172646e-02 -5.411557e-03
<VARIANCE> 39
 5.538490e+00 1.346765e+01 7.548497e+00 2.374425e+01 3.575413e+01 1.534025e+01 2.505763e+01 2.121046e+01 3.164095e+01 3.449576e+01 1.088454e+01 1.666201e+01 5.000000e-02 1.195618e+00 8.872798e-01 7.287207e-01 2.429948e+00 1.091193e+01 2.455576e+00 2.228302e+00 2.399476e+00 2.646314e+00 3.226093e+00 4.393768e+00 2.610034e+00 5.000000e-02 2.202442e-01 2.049958e-01 6.384552e-02 3.244759e-01 5.192336e-01 6.151686e-01 2.875549e-01 2.737162e-01 3.572231e-01 5.096731e-01 4.312350e-01 3.668206e-01 5.000000e-02
<GCONST> 9.294323e+01
<STATE> 5
<MEAN> 39
 2.799630e+00 -9.388200e+00 -9.052351e+00 -3.299955e+01 -1.063877e-01 -9.197763e+00 -8.068790e+00 4.042414e+00 -6.265382e+00 1.005582e+01 2.112227e+00 1.005074e+01 9.674310e-01 -4.198217e-01 -2.944443e-01 1.111408e-01 -2.847993e-01 4.828296e-01 2.201698e-01 2.598467e-01 -3.845439e-01 6.323955e-01 8.873762e-01 -7.957447e-01 -3.245396e-01 4.024724e-03 -6.281058e-02 -1.949397e-01 -4.673425e-02 4.997856e-01 -2.643023e-02 -1.129117e-01 3.637429e-02 -1.298498e-01 2.289446e-01 -3.094921e-02 -4.748868e-01 -3.689281e-01 -6.668683e-03
<VARIANCE> 39
 5.420568e+00 7.704201e+00 1.170752e+01 1.058165e+01 1.152162e+01 1.755305e+01 2.102942e+01 2.698537e+01 2.126422e+01 2.561935e+01 2.561275e+01 7.805642e+01 5.000000e-02 2.570367e-01 7.647772e-01 7.019297e-01 1.297431e+00 1.758068e+00 1.308702e+00 1.082738e+00 3.018965e+00 2.632302e+00 1.771968e+00 3.502347e+00 7.429631e+00 5.000000e-02 7.384778e-02 7.421293e-02 1.292627e-01 3.109764e-01 4.148004e-01 3.576776e-01 2.061812e-01 5.561609e-01 5.721867e-01 3.893032e-01 7.434957e-01 7.686211e-01 5.000000e-02
<GCONST> 8.733360e+01
<STATE> 6
<MEAN> 39
 1.316102e+00 -1.536739e+01 -1.157757e+01 -2.410325e+01 1.379603e+00 -1.409006e+01 -3.486854e+00 2.037842e+00 5.400925e+00 1.755676e+01 -8.566319e+00 -1.922005e-01 9.482745e-01 -9.409464e-01 -1.408702e+00 6.832224e-01 2.481207e+00 -3.121288e-01 -1.655890e+00 3.901371e-01 8.408073e-01 6.876230e-01 -2.090790e+00 -2.267138e+00 -1.529159e+00 -1.629117e-02 -6.285935e-02 -5.023642e-02 4.606131e-01 1.066567e-01 -6.539814e-01 -1.963551e-01 9.165332e-01 1.689468e-01 -9.959226e-01 -1.120803e+00 8.276252e-01 1.741829e-01 -3.574356e-03
<VARIANCE> 39
 1.242504e+01 1.116983e+01 3.076411e+01 2.733776e+01 2.171633e+01 3.784887e+01 2.820054e+01 1.052071e+01 2.286553e+01 2.714693e+01 2.576213e+01 1.026389e+01 5.000000e-02 3.932192e-01 1.136307e+00 1.127787e+00 1.675576e+00 2.397469e+00 1.232924e+00 2.721951e+00 8.797971e-01 5.715518e+00 5.190659e+00 3.510928e+00 1.913735e+00 5.000000e-02 7.043530e-02 2.757876e-01 1.707594e-01 4.274765e-01 1.626633e-01 3.692118e-01 4.022193e-01 6.171138e-01 6.990418e-01 7.115166e-01 5.200364e-01 1.587619e-01 5.000000e-02
<GCONST> 9.189614e+01
<STATE> 7
<MEAN> 39
 -3.127793e+00 -1.871373e+01 -3.533445e+00 -1.910918e+01 -4.588187e+00 -1.852580e+01 8.058105e+00 1.806687e-01 -3.391486e+00 5.863100e+00 -9.125504e+00 -3.784865e+00 8.327482e-01 -8.522216e-01 -1.415811e-01 1.965066e+00 -3.732855e-01 -1.170399e+00 7.444400e-02 1.860867e+00 -1.328606e+00 -7.704928e-01 -5.304611e-01 4.546382e-01 -4.917097e-01 -2.494839e-02 -1.568301e-02 2.996773e-01 3.753284e-02 -5.350630e-01 2.335068e-01 4.512144e-01 -5.920467e-01 -1.321200e-01 7.329867e-01 7.436562e-01 1.465416e-01 2.739959e-01 -1.506090e-03
<VARIANCE> 39
 7.369826e+00 7.589466e+00 3.331433e+01 1.196122e+01 2.791757e+01 2.580600e+01 5.927662e+01 2.349868e+01 2.129127e+01 1.079151e+01 6.313128e+00 1.909722e+01 5.000000e-02 2.543691e-01 7.109047e-01 1.357752e+00 2.191761e+00 1.769133e+00 2.054087e+00 4.953001e+00 1.344869e+00 6.133605e+00 3.036562e+00 6.002276e-01 1.482867e+00 5.000000e-02 5.209732e-02 8.319369e-02 2.235556e-01 2.646994e-01 2.956842e-01 2.425736e-01 6.592256e-01 3.987581e-01 8.121523e-01 2.302061e-01 1.569104e-01 3.263260e-01 5.000000e-02
<GCONST> 8.523679e+01
<STATE> 8
<MEAN> 39
 -7.181997e+00 -1.654923e+01 5.250720e+00 -2.353295e+01 -7.051844e+00 -1.450665e+01 6.820189e+00 -5.122931e+00 3.319666e+00 9.958819e+00 -6.716515e+00 -1.264768e+00 6.705991e-01 8.353190e-01 6.529702e-01 3.263247e-01 1.469303e+00 -4.881695e-01 1.456294e+00 -1.395490e+00 -8.121376e-01 1.157916e+00 -1.563703e-01 9.286788e-01 1.231625e+00 -5.821536e-02 8.596474e-01 -3.205090e-02 -7.909124e-01 1.236892e+00 -2.097257e-01 3.417778e-01 -2.917899e-01 3.592969e-02 -5.490769e-01 -7.764017e-01 2.168643e-01 -1.573894e-01 -8.698764e-03
<VARIANCE> 39
 1.246563e+01 1.417063e+01 1.511025e+01 1.825047e+01 3.009259e+01 2.535511e+01 3.272068e+01 1.779309e+01 1.450851e+01 6.921802e+00 1.055504e+01 1.507566e+01 5.000000e-02 3.867082e+00 1.218271e+00 2.193011e+00 6.802183e+00 2.836637e+00 1.502442e+00 2.256130e+00 1.444170e+00 2.352770e+00 2.850021e+00 6.407403e-01 7.423507e-01 5.000000e-02 1.985128e-01 1.833230e-01 1.532381e-01 3.512488e-01 4.554433e-01 1.997583e-01 3.002914e-01 3.189415e-01 2.488461e-01 1.941682e-01 1.575484e-01 3.718187e-01 5.000000e-02
<GCONST> 8.736445e+01
<STATE> 9
<MEAN> 39
 2.022763e+00 -1.501199e+01 -2.423864e-01 -9.475906e+00 -1.031830e+01 -6.093102e+00 4.825130e-01 -6.588390e+00 3.549053e+00 2.492761e+00 -9.583974e-01 -9.696646e-01 4.127794e-01 1.204948e+00 6.567427e-01 -1.669092e+00 2.302782e+00 -4.629264e-01 2.235593e-01 -5.892863e-01 1.087045e+00 -1.390287e-01 -1.341174e+00 1.737431e+00 -4.012701e-01 -3.920541e-02 -6.605125e-01 5.927235e-02 1.743991e-01 -9.757695e-01 2.460470e-01 -9.381559e-01 6.034144e-01 4.601937e-01 -1.603847e-01 5.635605e-01 -1.607905e-01 4.943202e-02 1.299328e-02
<VARIANCE> 39
 2.031743e+00 1.023040e+01 6.407999e+00 1.672353e+01 9.155087e+00 1.276470e+01 9.811935e+00 2.233273e+01 3.194751e+01 1.192943e+01 1.608668e+01 6.528188e+00 5.000000e-02 1.749229e+00 8.348144e-01 1.424051e+00 3.625147e+00 1.604415e+00 5.307831e+00 2.495818e+00 2.669056e+00 2.050881e+00 2.338219e+00 7.973458e-01 8.782393e-01 5.000000e-02 1.299497e-01 2.519479e-01 1.949768e-01 3.314124e-01 4.695967e-01 2.852852e-01 1.953071e-01 5.296152e-01 2.603012e-01 2.665309e-01 2.048822e-01 2.282293e-01 5.000000e-02
<GCONST> 8.224792e+01
<STATE> 10
<MEAN> 39
 -6.061496e-01 -1.121860e+01 -2.190969e+00 -6.522922e+00 -7.168905e+00 -8.249559e+00 1.704209e+00 -2.447159e+00 1.989728e+00 2.445462e+00 3.179631e+00 -9.057516e-01 2.153320e-01 -8.507798e-01 3.706551e-01 1.455303e-01 3.840235e-01 7.422101e-01 3.634497e-01 1.673434e-01 1.294067e-01 3.345406e-02 1.027215e-01 9.531207e-02 1.355786e-01 -4.014137e-02 -4.945620e-02 -2.261810e-02 1.377611e-01 3.820522e-02 9.423371e-02 1.664277e-01 6.022675e-03 -1.124864e-01 1.119121e-01 -2.867151e-02 -1.387737e-01 -6.444729e-02 4.038057e-04
<VARIANCE> 39
 1.082400e+01 6.920618e+00 8.159403e+00 1.224237e+01 2.512300e+01 1.436825e+01 8.255238e+00 1.358393e+01 1.916328e+01 1.440242e+01 5.818784e+00 9.730342e+00 5.000000e-02 8.842316e-01 8.052769e-01 1.166825e+00 1.493662e+00 2.845934e+00 1.428463e+00 9.961776e-01 7.780969e-01 2.160113e+00 1.102043e+00 7.262579e-01 1.130976e+00 5.000000e-02 2.324700e-01 1.361221e-01 2.442373e-01 2.917055e-01 6.126606e-01 3.775585e-01 2.276777e-01 2.476579e-01 4.235607e-01 3.331620e-01 1.764304e-01 2.341021e-01 5.000000e-02
<GCONST> 7.833051e+01
<TRANSP> 11
 0.000000e+00 1.000000e+00 0.000000e+00 0.000000e+00 0.000000e+00 0.000000e+00 0.000000e+00 0.000000e+00 0.000000e+00 0.000000e+00 0.000000e+00
 0.000000e+00 8.999912e-01 1.000088e-01 0.000000e+00 0.000000e+00 0.000000e+00 0.000000e+00 0.000000e+00 0.000000e+00 0.000000e+00 0.000000e+00
 0.000000e+00 0.000000e+00 7.368460e-01 2.631541e-01 0.000000e+00 0.000000e+00 0.000000e+00 0.000000e+00 0.000000e+00 0.000000e+00 0.000000e+00
 0.000000e+00 0.000000e+00 0.000000e+00 8.276123e-01 1.723876e-01 0.000000e+00 0.000000e+00 0.000000e+00 0.000000e+00 0.000000e+00 0.000000e+00
 0.000000e+00 0.000000e+00 0.000000e+00 0.000000e+00 8.484660e-01 1.515340e-01 0.000000e+00 0.000000e+00 0.000000e+00 0.000000e+00 0.000000e+00
 0.000000e+00 0.000000e+00 0.000000e+00 0.000000e+00 0.000000e+00 7.060990e-01 2.939010e-01 0.000000e+00 0.000000e+00 0.000000e+00 0.000000e+00
 0.000000e+00 0.000000e+00 0.000000e+00 0.000000e+00 0.000000e+00 0.000000e+00 8.217756e-01 1.782244e-01 0.000000e+00 0.000000e+00 0.000000e+00
 0.000000e+00 0.000000e+00 0.000000e+00 0.000000e+00 0.000000e+00 0.000000e+00 0.000000e+00 7.611346e-01 2.388654e-01 0.000000e+00 0.000000e+00
 0.000000e+00 0.000000e+00 0.000000e+00 0.000000e+00 0.000000e+00 0.000000e+00 0.000000e+00 0.000000e+00 7.359272e-01 2.640728e-01 0.000000e+00
 0.000000e+00 0.000000e+00 0.000000e+00 0.000000e+00 0.000000e+00 0.000000e+00 0.000000e+00 0.000000e+00 0.000000e+00 8.811390e-01 1.188610e-01
 0.000000e+00 0.000000e+00 0.000000e+00 0.000000e+00 0.000000e+00 0.000000e+00 0.000000e+00 0.000000e+00 0.000000e+00 0.000000e+00 0.000000e+00
<ENDHMM>
