~o
<STREAMINFO> 1 39
<VECSIZE> 39<NULLD><MFCC_E_D_A><DIAGC>
~h "Du*ng"
<BEGINHMM>
<NUMSTATES> 13
<STATE> 2
<MEAN> 39
 -6.004114e+00 -8.000697e+00 -1.230475e+00 -4.637213e+00 1.028256e+00 -5.111747e+00 1.041071e+00 -1.250483e+00 -7.947106e-01 -1.789191e+00 2.562940e-02 -3.054630e+00 7.119134e-02 1.146682e+00 6.516446e-01 -2.293964e-01 -9.342954e-01 -6.947037e-01 -7.660135e-01 -9.449282e-01 1.604442e-01 -1.025136e+00 -7.723187e-01 -1.732043e+00 -5.278061e-01 6.018071e-02 3.673493e-01 2.834945e-01 7.814736e-03 -6.153713e-01 -2.038207e-02 -2.281543e-01 -4.397385e-01 -2.960149e-02 -3.584771e-01 -3.838128e-01 -5.438603e-01 -1.863179e-01 2.699781e-02
<VARIANCE> 39
 1.113149e+01 3.423963e+00 8.911032e+00 1.131324e+01 1.378628e+01 1.356635e+01 6.813574e+00 1.530635e+01 5.945294e+00 1.098620e+01 2.556020e+01 6.964873e+00 5.000000e-02 2.037149e+00 8.160227e-01 8.837400e-01 1.148905e+00 1.612321e+00 1.652894e+00 1.111830e+00 2.182008e+00 1.372470e+00 2.129833e+00 1.986578e+00 9.820013e-01 5.000000e-02 2.774474e-01 1.373045e-01 2.673199e-01 3.774897e-01 4.532791e-01 3.102843e-01 6.395776e-02 4.363126e-01 2.446198e-01 5.145000e-01 3.274929e-01 1.696994e-01 5.000000e-02
<GCONST> 7.824998e+01
<STATE> 3
<MEAN> 39
 3.434099e-01 -3.646777e+00 -1.214173e+00 -1.654893e+01 -4.481701e-01 -1.112824e+01 -6.381822e+00 -8.476418e-02 -8.141799e+00 -7.207495e+00 -8.291526e+00 -5.637934e+00 5.757066e-01 -3.051859e-01 -2.670029e-01 6.290874e-01 -2.735737e+00 -1.616871e+00 -4.487753e-01 -1.465040e+00 -2.945348e-01 -3.653107e-01 4.987262e-01 -4.753364e-01 3.855233e-02 9.792159e-02 -6.306815e-01 -5.859251e-01 5.342536e-02 6.145258e-01 -1.028271e+00 2.332424e-01 3.654469e-01 -3.830589e-01 7.727808e-01 9.847794e-01 1.149905e+00 3.776371e-01 -1.199825e-02
<VARIANCE> 39
 1.941002e+01 1.148593e+01 7.682810e+00 2.871223e+01 2.645416e+01 3.557046e+01 1.583261e+01 1.656452e+01 2.591509e+01 3.479582e+01 1.569851e+01 6.443001e+00 5.000000e-02 2.147575e+00 2.658633e+00 1.803673e+00 4.341102e+00 7.958911e+00 3.784033e+00 1.017694e+00 2.048701e+00 4.913970e+00 8.021245e+00 4.390924e+00 7.269666e-01 5.000000e-02 2.947389e-01 2.102263e-01 3.078437e-01 8.486357e-01 9.613904e-01 5.375320e-01 1.764940e-01 4.220403e-01 3.654257e-01 7.790902e-01 6.186022e-01 6.210767e-02 5.000000e-02
<GCONST> 9.820886e+01
<STATE> 4
<MEAN> 39
 -5.091231e+00 -9.767028e+00 -1.116436e+00 -1.886145e+01 -1.873622e+01 -1.244801e+01 -6.756916e+00 -4.376862e+00 -2.294405e+00 3.369143e+00 2.174609e+00 -1.614326e+00 9.050780e-01 -9.359822e-01 -1.876290e+00 -1.310505e+00 8.756146e-01 -2.762092e+00 -1.473711e+00 2.611215e+00 4.468217e-01 1.184618e+00 1.636605e+00 3.161908e+00 6.690068e-01 5.717324e-02 2.263990e-01 -4.206717e-02 -4.652336e-01 3.480735e-01 1.583512e+00 -1.687217e-01 7.222658e-01 1.125427e+00 -2.755430e-01 -9.273128e-01 -1.068662e+00 -3.426444e-01 -1.628728e-02
<VARIANCE> 39
 3.909266e+00 1.862761e+01 4.381978e+01 1.163026e+01 2.914867e+01 4.229721e+01 4.292771e+01 8.835205e+00 2.937061e+01 2.334310e+01 7.103162e+01 1.485617e+01 5.000000e-02 5.787691e-01 6.726333e-01 2.063886e+00 7.374197e-01 9.267138e+00 1.303786e+00 3.975216e+00 4.264371e+00 1.426247e+00 4.181030e+00 7.264081e+00 1.661720e+00 5.000000e-02 6.552134e-02 1.670919e-01 4.626725e-01 3.125005e-01 8.405221e-01 4.853185e-01 9.432010e-01 3.582033e-01 3.072732e-01 5.890403e-01 2.587949e+00 2.306360e-01 5.000000e-02
<GCONST> 9.817843e+01
<STATE> 5
<MEAN> 39
 -6.897156e+00 -1.640009e+01 -8.051047e+00 -1.373927e+01 -1.352271e+01 -1.556104e+01 2.984887e+00 8.044107e+00 6.652138e-01 5.274954e-01 -2.795538e+00 -2.857039e+00 9.657246e-01 -2.701016e-01 -5.831158e-01 -1.952501e+00 7.777823e-01 2.862100e+00 1.170916e+00 -2.130277e-01 2.923997e+00 1.476310e+00 -1.587243e+00 -3.823479e+00 -6.714267e-01 1.888100e-03 1.025346e-01 3.899155e-01 -1.383122e-02 -3.220620e-01 3.799276e-01 7.741541e-01 -9.768467e-01 -7.086914e-01 2.999495e-01 1.748833e-02 -3.680924e-01 -2.506721e-01 -3.515438e-03
<VARIANCE> 39
 4.123373e+00 8.277617e+00 3.019179e+01 1.404921e+01 1.605218e+01 1.618298e+01 2.670905e+01 3.865825e+01 1.623150e+01 1.449233e+01 2.921007e+01 2.672539e+01 5.000000e-02 1.120053e-01 8.007061e-01 4.766611e-01 1.199572e+00 7.344225e-01 2.589318e+00 2.475583e+00 3.864160e+00 1.614478e+00 1.138658e+00 1.217720e+00 1.048491e+00 5.000000e-02 5.000000e-02 6.541718e-02 1.206072e-01 1.022796e-01 4.302723e-01 1.476774e-01 4.189737e-01 1.049484e+00 2.626783e-01 4.941395e-01 1.068032e+00 2.021392e-01 5.000000e-02
<GCONST> 8.040392e+01
<STATE> 6
<MEAN> 39
 -7.239029e+00 -1.664191e+01 -1.412648e+01 -1.579714e+01 3.385726e-02 -6.560825e+00 -3.302225e+00 9.645179e+00 7.506769e+00 -2.709185e+00 -1.558679e+01 -7.141480e+00 9.469358e-01 7.653269e-01 8.944543e-03 -1.480590e-01 -5.694290e-01 1.856167e+00 2.076187e+00 -2.035409e+00 -1.241318e+00 -9.994221e-01 4.018069e-01 -9.037258e-01 -1.362879e+00 -2.985865e-02 3.849409e-01 -3.286692e-02 7.553019e-01 9.673765e-02 -1.234019e+00 -2.453760e-01 -2.831562e-01 -5.150865e-01 -8.560305e-01 3.659087e-01 1.185947e+00 3.602400e-01 -1.065224e-02
<VARIANCE> 39
 4.460593e+00 4.030235e+00 1.510592e+01 2.737169e+01 2.893821e+01 1.357647e+01 2.086065e+01 2.104555e+01 2.622262e+01 1.374810e+01 1.165673e+01 2.017827e+01 5.000000e-02 3.704990e-01 2.383818e-01 2.046694e+00 5.697471e-01 4.920248e+00 1.891669e+00 2.839243e+00 2.431214e+00 5.895952e+00 1.114012e+00 3.261577e+00 5.595823e-01 5.000000e-02 5.000000e-02 1.004625e-01 8.322667e-02 1.935262e-01 8.785370e-01 2.144348e-01 3.452199e-01 6.690794e-01 8.125848e-01 2.087514e-01 5.138179e-01 1.822534e-01 5.000000e-02
<GCONST> 8.268400e+01
<STATE> 7
<MEAN> 39
 -1.283845e+00 -1.582134e+01 -1.201283e+01 -1.375884e+01 -5.807907e+00 -9.744552e-01 -1.318302e+01 4.902105e+00 1.334156e-01 -6.571726e-01 -9.190873e+00 -7.950696e+00 7.861989e-01 2.042421e+00 -3.218589e-02 1.340250e+00 1.271778e+00 -3.054438e+00 3.538781e-01 -5.589941e-01 -2.125266e+00 -3.760372e-01 -5.724484e-01 2.501318e+00 1.023595e+00 -3.829183e-02 1.584900e-01 -5.785923e-02 2.985977e-02 2.058236e-01 -1.452913e-01 -4.868644e-01 1.193912e+00 -4.813800e-02 4.208434e-01 -5.771224e-01 -8.814713e-02 3.593738e-01 6.248679e-03
<VARIANCE> 39
 6.569407e+00 1.196579e+01 6.187536e+01 4.852540e+01 4.982303e+01 2.058653e+01 2.894711e+01 5.455877e+01 1.045488e+01 1.968092e+01 2.469190e+01 2.601135e+01 5.000000e-02 5.911671e-01 8.101483e-01 1.599408e+00 1.050316e+00 2.567936e+00 2.368464e+00 6.740273e+00 4.049474e+00 1.706547e+00 1.964031e+00 1.298743e+00 1.498151e+00 5.000000e-02 1.377267e-01 1.059122e-01 3.693393e-01 4.888721e-01 8.981431e-01 4.670831e-01 6.084189e-01 8.580472e-01 6.360736e-01 3.974850e-01 7.254537e-01 3.585648e-01 5.000000e-02
<GCONST> 9.774129e+01
<STATE> 8
<MEAN> 39
 5.500993e+00 -1.813435e+01 -5.227596e+00 -1.148820e+01 -1.203124e+01 -1.735172e+00 -6.166939e+00 -2.971920e+00 2.331783e+00 -6.492294e+00 -7.237471e+00 -4.732198e+00 6.737449e-01 9.883097e-01 -1.248636e-01 6.585959e-01 2.397822e-01 -4.150321e-01 -7.689355e-01 1.369321e+00 -6.069093e-01 4.205229e-01 -8.761091e-01 -1.950687e-01 5.495306e-01 -1.193329e-02 -3.454360e-01 6.108068e-02 -1.262211e-01 -1.979407e-01 5.712920e-01 -3.022466e-01 -8.789832e-02 3.617758e-01 2.616697e-02 1.951453e-01 -1.923279e-01 -2.464838e-01 2.395362e-03
<VARIANCE> 39
 3.063448e+00 1.157030e+01 4.488198e+01 1.830139e+01 1.637911e+01 4.796656e+00 8.556601e+00 8.395868e+00 2.220582e+01 7.030482e+00 1.475585e+01 4.337606e+00 5.000000e-02 7.742418e-01 5.396279e-01 1.500281e+00 2.178304e+00 1.990767e+00 1.829615e+00 3.005417e+00 3.050611e+00 2.129505e+00 1.918309e+00 1.741147e+00 1.199710e+00 5.000000e-02 8.567770e-02 1.133113e-01 1.809229e-01 2.285779e-01 2.892581e-01 3.213704e-01 3.824821e-01 3.329734e-01 2.650430e-01 2.879769e-01 4.834530e-01 2.743499e-01 5.000000e-02
<GCONST> 7.993114e+01
<STATE> 9
<MEAN> 39
 8.145565e+00 -1.587025e+01 -6.779213e+00 -1.005664e+01 -1.131471e+01 -7.881589e+00 -2.092589e+00 -3.265233e+00 1.711728e+00 -7.171412e+00 -5.403093e+00 -4.078395e+00 6.434177e-01 -5.646744e-02 4.813989e-01 -3.825277e-01 4.885273e-02 7.305938e-01 -5.523378e-01 7.368150e-02 1.905970e-02 2.153283e-01 3.095447e-02 3.147170e-01 -4.613314e-03 -1.876463e-02 -1.251862e-01 1.539487e-01 -1.469083e-01 4.506422e-02 7.018431e-02 1.728102e-01 -1.897057e-01 6.607779e-02 -1.517597e-01 4.160262e-02 -1.292038e-03 1.245936e-02 -2.559522e-03
<VARIANCE> 39
 4.858717e+00 5.716684e+00 1.456806e+01 4.489802e+00 1.072203e+01 1.483470e+01 1.086071e+01 1.334555e+01 2.545607e+01 8.220695e+00 1.291933e+01 9.165786e+00 5.000000e-02 8.999997e-02 4.351788e-01 1.299221e+00 9.276434e-01 2.603706e-01 1.768490e+00 1.218761e+00 5.206064e-01 7.011998e-01 1.165283e+00 1.040407e+00 8.257599e-01 5.000000e-02 5.000000e-02 5.373903e-02 2.380708e-01 1.668994e-01 8.415037e-02 3.930862e-01 4.392226e-01 2.462767e-01 1.993190e-01 2.439771e-01 1.738477e-01 1.550921e-01 5.000000e-02
<GCONST> 6.430597e+01
<STATE> 10
<MEAN> 39
 6.134991e+00 -1.250823e+01 -8.010225e+00 -9.444968e+00 -7.310535e+00 -9.783672e+00 -2.711909e+00 -2.238999e+00 1.975282e+00 -7.849130e+00 -3.611377e+00 -2.154835e+00 4.950976e-01 -7.009096e-01 1.094446e+00 7.622148e-01 8.058179e-01 6.430209e-01 -8.019753e-02 7.567389e-01 3.927933e-01 -1.423918e+00 -2.666675e-01 3.104057e-01 1.971738e-01 -3.960145e-02 -3.683066e-01 1.473038e-02 5.259901e-01 2.888284e-01 4.360020e-02 1.920998e-01 2.266347e-01 1.332587e-01 8.990902e-02 1.266873e-01 -1.425642e-01 -2.267784e-01 -9.848108e-03
<VARIANCE> 39
 6.195855e+00 1.343387e+01 5.335051e+00 1.029064e+01 4.030089e+00 6.964130e+00 3.213890e+00 1.065324e+01 1.613311e+01 8.585669e+00 5.704023e+00 1.235358e+01 5.000000e-02 2.867092e-01 3.368181e-01 5.280789e-01 1.154876e+00 9.782767e-01 1.394962e+00 6.122139e-01 1.123189e+00 5.356610e-01 8.435897e-01 4.118377e-01 8.023301e-01 5.000000e-02 5.000000e-02 6.215962e-02 6.926858e-02 1.449476e-01 1.635099e-01 1.487740e-01 1.438485e-01 1.786222e-01 2.680400e-01 2.584356e-01 2.616633e-01 2.920138e-01 5.000000e-02
<GCONST> 5.937988e+01
<STATE> 11
<MEAN> 39
 1.329943e+00 -9.201566e+00 -2.748243e+00 -4.577025e+00 -4.024204e+00 -8.270302e+00 5.918154e-01 -1.148877e+00 -4.102110e-01 -7.445788e+00 -4.748868e+00 -5.059707e+00 3.015871e-01 -1.565555e+00 4.414681e-01 1.098262e+00 1.060711e+00 1.019228e+00 4.774091e-01 3.203307e-01 3.529114e-01 4.016644e-01 5.460770e-01 1.324566e-01 -5.859685e-01 -6.467347e-02 4.549455e-02 -2.475900e-01 -2.701690e-01 -2.618043e-01 1.925408e-02 1.763976e-01 -1.143578e-01 9.142867e-02 3.812226e-01 2.934886e-01 3.384033e-01 1.976280e-01 1.202484e-03
<VARIANCE> 39
 1.034312e+01 1.130824e+01 5.888589e+00 1.910568e+01 4.539903e+00 1.360890e+01 8.725444e+00 1.123537e+01 1.851098e+01 1.163765e+01 1.498217e+01 1.188757e+01 5.000000e-02 5.124811e-01 5.674282e-01 8.365964e-01 1.219654e+00 8.610315e-01 1.226617e+00 2.482081e-01 8.642199e-01 7.241623e-01 1.341056e+00 2.273112e+00 9.145616e-01 5.000000e-02 8.494534e-02 5.198157e-02 1.344318e-01 2.751456e-01 1.760686e-01 2.680765e-01 8.703350e-02 1.915408e-01 2.194684e-01 1.782742e-01 3.161935e-01 2.318480e-01 5.000000e-02
<GCONST> 6.772028e+01
<STATE> 12
<MEAN> 39
 -3.493914e+00 -9.326345e+00 -1.861963e+00 -3.090258e+00 1.404599e-01 -5.631416e+00 4.657778e-01 1.345067e+00 3.581601e+00 -3.605789e+00 -5.458063e-01 -3.038644e+00 9.311864e-02 -8.056282e-01 -1.211052e-01 5.030216e-02 8.440895e-02 3.925780e-01 5.340757e-01 2.437680e-01 3.087629e-01 3.588494e-01 4.164389e-01 7.683500e-01 8.382757e-01 -3.194003e-02 2.287545e-01 -4.423941e-02 -3.373206e-02 4.608236e-02 -1.788861e-01 -1.380347e-01 2.271431e-02 -2.444798e-01 -2.625143e-01 -2.569820e-01 -2.408683e-01 4.374297e-02 1.008264e-02
<VARIANCE> 39
 2.453640e+00 2.675125e+00 4.865469e+00 7.104313e+00 1.125858e+01 5.749139e+00 1.190949e+01 1.027705e+01 1.638319e+01 6.711393e+00 1.108149e+01 9.939170e+00 5.000000e-02 2.721298e-01 5.671498e-01 8.376305e-01 7.056208e-01 1.391568e+00 8.547959e-01 9.496915e-01 9.142042e-01 2.581381e+00 1.609129e+00 1.598656e+00 6.998812e-01 5.000000e-02 6.360151e-02 1.058446e-01 1.833021e-01 1.285375e-01 2.781953e-01 9.985229e-02 1.144104e-01 1.352762e-01 4.219123e-01 3.388529e-01 2.971533e-01 1.661938e-01 5.000000e-02
<GCONST> 6.421357e+01
<TRANSP> 13
 0.000000e+00 1.000000e+00 0.000000e+00 0.000000e+00 0.000000e+00 0.000000e+00 0.000000e+00 0.000000e+00 0.000000e+00 0.000000e+00 0.000000e+00 0.000000e+00 0.000000e+00
 0.000000e+00 7.722930e-01 2.277071e-01 0.000000e+00 0.000000e+00 0.000000e+00 0.000000e+00 0.000000e+00 0.000000e+00 0.000000e+00 0.000000e+00 0.000000e+00 0.000000e+00
 0.000000e+00 0.000000e+00 7.830646e-01 2.169354e-01 0.000000e+00 0.000000e+00 0.000000e+00 0.000000e+00 0.000000e+00 0.000000e+00 0.000000e+00 0.000000e+00 0.000000e+00
 0.000000e+00 0.000000e+00 0.000000e+00 7.500544e-01 2.499457e-01 0.000000e+00 0.000000e+00 0.000000e+00 0.000000e+00 0.000000e+00 0.000000e+00 0.000000e+00 0.000000e+00
 0.000000e+00 0.000000e+00 0.000000e+00 0.000000e+00 7.723613e-01 2.276387e-01 0.000000e+00 0.000000e+00 0.000000e+00 0.000000e+00 0.000000e+00 0.000000e+00 0.000000e+00
 0.000000e+00 0.000000e+00 0.000000e+00 0.000000e+00 0.000000e+00 7.370404e-01 2.629596e-01 0.000000e+00 0.000000e+00 0.000000e+00 0.000000e+00 0.000000e+00 0.000000e+00
 0.000000e+00 0.000000e+00 0.000000e+00 0.000000e+00 0.000000e+00 0.000000e+00 7.222404e-01 2.777597e-01 0.000000e+00 0.000000e+00 0.000000e+00 0.000000e+00 0.000000e+00
 0.000000e+00 0.000000e+00 0.000000e+00 0.000000e+00 0.000000e+00 0.000000e+00 0.000000e+00 7.731276e-01 2.268724e-01 0.000000e+00 0.000000e+00 0.000000e+00 0.000000e+00
 0.000000e+00 0.000000e+00 0.000000e+00 0.000000e+00 0.000000e+00 0.000000e+00 0.000000e+00 0.000000e+00 8.483930e-01 1.516070e-01 0.000000e+00 0.000000e+00 0.000000e+00
 0.000000e+00 0.000000e+00 0.000000e+00 0.000000e+00 0.000000e+00 0.000000e+00 0.000000e+00 0.000000e+00 0.000000e+00 6.676142e-01 3.323859e-01 0.000000e+00 0.000000e+00
 0.000000e+00 0.000000e+00 0.000000e+00 0.000000e+00 0.000000e+00 0.000000e+00 0.000000e+00 0.000000e+00 0.000000e+00 0.000000e+00 7.375718e-01 2.624282e-01 0.000000e+00
 0.000000e+00 0.000000e+00 0.000000e+00 0.000000e+00 0.000000e+00 0.000000e+00 0.000000e+00 0.000000e+00 0.000000e+00 0.000000e+00 0.000000e+00 7.716376e-01 2.283625e-01
 0.000000e+00 0.000000e+00 0.000000e+00 0.000000e+00 0.000000e+00 0.000000e+00 0.000000e+00 0.000000e+00 0.000000e+00 0.000000e+00 0.000000e+00 0.000000e+00 0.000000e+00
<ENDHMM>
