~o
<STREAMINFO> 1 39
<VECSIZE> 39<NULLD><MFCC_E_D_A><DIAGC>
~h "D~a^u"
<BEGINHMM>
<NUMSTATES> 11
<STATE> 2
<MEAN> 39
 -7.828351e-01 -8.749053e+00 -3.236380e+00 -3.803552e+00 -1.862581e+00 -8.134845e+00 -6.267133e-01 -9.770402e-01 -5.833390e-01 -5.048313e+00 -8.081412e-01 -3.700791e+00 2.784119e-01 8.288090e-01 -8.690450e-01 -1.976852e-01 -1.446864e+00 -1.162722e+00 -9.898287e-01 -1.069566e+00 1.054305e+00 -6.567649e-01 -1.336735e+00 -5.802657e-01 -1.658697e-01 8.273209e-02 -1.747799e-01 -4.420673e-01 -4.895978e-02 -2.554510e-01 -4.646637e-02 3.913998e-02 -5.644817e-02 4.261787e-01 -4.115156e-02 -1.020176e-01 4.734776e-04 2.423290e-01 8.495596e-03
<VARIANCE> 39
 5.181808e+01 9.849066e+00 1.244067e+01 1.738975e+01 3.416753e+01 2.894752e+01 1.499284e+01 1.860601e+01 1.784903e+01 3.013120e+01 2.131612e+01 1.367634e+01 7.616442e-02 4.605128e+00 2.505149e+00 2.047137e+00 2.111319e+00 3.220565e+00 2.167535e+00 3.132438e+00 4.337076e+00 1.984816e+00 2.141508e+00 2.653229e+00 1.521208e+00 5.000000e-02 1.109581e+00 5.318028e-01 5.846576e-01 3.335325e-01 9.026325e-01 6.451562e-01 6.346421e-01 1.042155e+00 3.411537e-01 6.747637e-01 6.400107e-01 3.580591e-01 5.000000e-02
<GCONST> 1.044586e+02
<STATE> 3
<MEAN> 39
 -1.318141e+00 -2.035846e+01 -1.040831e+01 -1.160384e+01 -3.592427e+00 -9.062333e+00 -1.166885e+00 9.762669e+00 -4.617273e+00 -8.558733e+00 -6.122941e+00 -3.274743e-01 8.163336e-01 -1.048005e+00 -1.296354e+00 -3.780532e+00 6.241640e-01 2.142816e+00 7.127083e-01 2.781708e+00 2.374609e-01 -6.214342e-01 1.324026e+00 -2.201641e+00 4.361630e-01 6.751337e-02 5.331375e-02 6.942388e-01 -1.691332e-01 5.373625e-01 7.183077e-01 6.415335e-02 3.578980e-01 -1.098202e+00 -5.461553e-02 5.130944e-01 -1.188685e-01 -5.866186e-01 -1.228634e-02
<VARIANCE> 39
 2.347237e+01 1.108374e+01 1.121022e+02 2.591580e+01 3.335369e+01 3.593071e+01 8.786861e+01 3.773169e+01 5.098130e+01 1.661913e+01 4.541404e+01 2.964705e+01 5.000000e-02 2.583627e+00 4.304575e+00 4.910315e+00 3.768856e+00 5.865496e+00 1.202881e+00 6.576559e+00 1.064633e+01 2.676652e+00 1.308770e+00 4.018976e+00 3.224093e+00 5.000000e-02 3.818791e-01 3.753586e-01 2.355825e+00 9.418018e-01 5.253436e-01 2.426682e-01 3.044952e+00 9.233192e-01 8.421044e-01 4.403650e-01 1.477650e+00 4.526405e-01 5.000000e-02
<GCONST> 1.171469e+02
<STATE> 4
<MEAN> 39
 -3.428507e+00 -2.022246e+01 -2.253307e+01 -7.510016e+00 7.306334e+00 -3.475189e+00 6.032826e+00 -3.722607e-01 -3.080060e+00 1.343821e+00 -1.067132e+01 -5.552290e+00 9.828574e-01 2.306543e-01 2.454643e-01 -8.847085e-01 -1.748732e-01 2.245100e-01 1.864763e+00 -4.744169e-01 -2.149925e+00 1.453300e+00 1.517254e+00 8.106581e-01 -1.733179e+00 9.518639e-03 1.380835e-01 1.434885e-01 1.910477e-01 -3.483391e-01 -7.670131e-01 2.495222e-01 -3.296152e-01 2.070230e-01 2.318380e-01 -3.693606e-01 4.233353e-01 1.125987e-01 -6.362905e-03
<VARIANCE> 39
 1.154869e+01 2.667107e+00 9.741632e+00 1.208848e+01 1.730662e+01 3.976586e+01 2.546653e+01 3.962533e+01 1.794037e+01 1.199076e+01 1.465840e+01 2.150520e+01 5.000000e-02 2.397962e-01 5.158684e-01 2.869321e-01 1.136633e+00 3.213276e+00 1.697029e+00 1.518472e+00 1.602845e+00 3.117410e+00 2.226604e+00 1.208946e+00 6.458842e-01 5.000000e-02 1.057712e-01 1.845763e-01 1.892270e-01 2.278731e-01 6.002995e-01 3.826467e-01 4.035656e-01 3.727030e-01 9.061908e-01 2.845502e-01 3.434321e-01 2.625613e-01 5.000000e-02
<GCONST> 8.232040e+01
<STATE> 5
<MEAN> 39
 -9.664137e-01 -1.588692e+01 -2.610365e+01 -1.379206e+01 1.470154e+00 8.036514e+00 1.813424e+00 -7.841209e+00 1.231284e+00 3.999065e+00 -3.439997e+00 -9.999714e+00 9.589449e-01 7.237083e-01 4.077747e-01 8.566490e-02 -1.277471e+00 -1.146369e+00 9.059813e-01 -6.928031e-01 2.599974e-01 -3.822847e-02 9.006233e-03 1.136552e+00 4.838645e-01 -1.308711e-02 1.216751e-01 -1.703696e-01 2.084107e-01 3.406080e-02 -3.038592e-03 -4.579459e-01 5.246877e-04 4.040448e-01 -1.027959e-01 -3.409633e-03 -1.053839e-01 3.763167e-01 -2.379003e-03
<VARIANCE> 39
 9.714757e+00 5.623991e+00 1.480276e+01 1.577246e+01 3.723617e+01 2.529697e+01 2.287420e+01 1.725125e+01 1.684108e+01 2.262806e+01 3.837631e+01 3.462980e+01 5.000000e-02 3.790007e-01 6.764995e-01 1.178888e+00 1.169899e+00 7.028089e-01 1.437091e+00 1.219070e+00 1.718871e+00 1.349528e+00 1.284510e+00 1.773967e+00 2.340740e+00 5.000000e-02 5.000000e-02 7.306091e-02 1.065110e-01 2.525308e-01 1.136579e-01 1.696733e-01 2.018898e-01 1.923470e-01 3.064850e-01 2.451633e-01 3.804734e-01 4.186267e-01 5.000000e-02
<GCONST> 7.893837e+01
<STATE> 6
<MEAN> 39
 6.671347e+00 -1.556697e+01 -2.264994e+01 -1.945338e+01 -4.593083e+00 2.623395e+00 -1.813849e+00 1.759483e+00 -9.258691e-02 4.398964e+00 2.036955e+00 2.060648e-01 8.413190e-01 1.052981e+00 1.750875e-01 4.447422e-01 6.556145e-02 -3.686343e-01 -1.979842e+00 -6.412606e-02 8.995045e-01 -1.908670e-01 -4.108406e-01 2.762474e-01 1.393204e+00 -2.020630e-02 -1.072602e-01 9.490836e-02 -1.492186e-01 2.474709e-01 9.255044e-02 -8.456319e-02 2.252627e-01 -3.890946e-01 -7.348041e-02 -2.614565e-01 -8.365390e-02 -3.490469e-01 -1.702790e-03
<VARIANCE> 39
 1.138484e+01 6.013475e+00 3.133539e+01 1.130621e+01 1.894942e+01 2.307702e+01 1.817721e+01 2.214142e+01 3.249306e+01 1.244002e+01 2.231188e+01 1.903562e+01 5.000000e-02 2.338471e-01 4.159892e-01 8.782423e-01 1.079704e+00 1.101542e+00 1.278751e+00 6.883078e-01 2.322224e+00 2.825849e+00 2.852663e+00 2.110363e+00 2.260062e+00 5.000000e-02 5.000000e-02 8.440257e-02 1.406153e-01 2.561297e-01 1.615230e-01 1.971356e-01 9.716521e-02 3.271974e-01 5.459142e-01 4.464253e-01 3.695706e-01 1.802545e-01 5.000000e-02
<GCONST> 7.918781e+01
<STATE> 7
<MEAN> 39
 1.003535e+01 -1.443039e+01 -2.147509e+01 -1.625515e+01 -6.867828e+00 -8.238674e+00 3.355443e-01 -1.205055e-01 -1.807462e+00 -1.473858e+00 1.816363e+00 2.985460e-01 6.799400e-01 -8.967789e-02 1.726681e-01 5.952336e-01 1.242024e+00 6.296268e-02 -9.559360e-01 1.462210e-01 -9.484612e-01 2.956945e-01 -4.538031e-01 -7.904598e-01 -1.305468e+00 -3.610645e-02 -2.412006e-01 2.193557e-02 3.919066e-01 1.869077e-01 2.781538e-01 5.687037e-01 -1.171139e-01 3.154816e-02 1.661699e-01 2.248047e-01 -1.672998e-01 -1.898512e-01 -2.754165e-03
<VARIANCE> 39
 2.841500e+00 3.521051e+00 5.230375e+00 8.680587e+00 9.496571e+00 5.203949e+00 8.641921e+00 1.410475e+01 1.363819e+01 1.331521e+01 9.832773e+00 1.615980e+01 5.000000e-02 1.686739e-01 2.439897e-01 1.476044e+00 1.267074e+00 1.217822e+00 1.979806e+00 1.418626e+00 1.022497e+00 1.159921e+00 1.294066e+00 7.205691e-01 1.391046e+00 5.000000e-02 5.000000e-02 5.000000e-02 1.454819e-01 1.529420e-01 2.033229e-01 2.551186e-01 2.055913e-01 2.129005e-01 2.064778e-01 3.238071e-01 1.456455e-01 2.767369e-01 5.000000e-02
<GCONST> 6.507723e+01
<STATE> 8
<MEAN> 39
 7.410768e+00 -1.286043e+01 -1.509327e+01 -9.577154e+00 -1.247307e+00 -4.326148e+00 2.888978e-01 -2.636808e+00 1.270866e+00 -2.563102e+00 -2.789658e+00 -6.521183e+00 4.694618e-01 -9.555151e-01 3.234377e-02 9.813639e-01 9.297393e-01 1.433084e+00 1.350012e+00 4.264152e-01 -3.777467e-01 -2.681829e-01 -3.870801e-01 -4.732609e-03 -3.258167e-01 -4.520436e-02 -1.558059e-01 -1.153387e-01 -3.027593e-01 -2.675428e-01 -3.438002e-02 -6.759681e-02 -1.213149e-02 7.534838e-02 -3.551923e-02 1.580534e-01 3.185616e-01 4.581861e-01 -7.944683e-04
<VARIANCE> 39
 2.176750e+00 3.460462e+00 8.139009e+00 6.739861e+00 7.801542e+00 2.036891e+01 6.262539e+00 6.360218e+00 1.951535e+01 5.760351e+00 8.359862e+00 1.804236e+01 5.000000e-02 1.666318e-01 4.484079e-01 1.355937e+00 1.104647e+00 5.245310e-01 1.636803e+00 1.202340e+00 6.205439e-01 1.342286e+00 6.606997e-01 7.554125e-01 2.234990e+00 5.000000e-02 5.000000e-02 8.779315e-02 3.187190e-01 3.142872e-01 9.764906e-02 4.515758e-01 2.498218e-01 9.728841e-02 3.470070e-01 2.002619e-01 1.142237e-01 4.310405e-01 5.000000e-02
<GCONST> 6.472798e+01
<STATE> 9
<MEAN> 39
 1.905592e+00 -1.276135e+01 -1.257702e+01 -8.577978e+00 2.873337e+00 1.740595e-01 2.820548e+00 -3.660776e+00 -1.587081e+00 -3.557277e+00 1.100310e+00 -2.232290e+00 2.748578e-01 -7.882202e-01 3.656468e-01 7.776932e-01 1.771073e-01 2.129821e-01 2.301925e-01 -1.304539e-02 5.708720e-02 8.563230e-02 1.140998e-01 4.376620e-01 4.120473e-01 -3.138557e-02 1.847736e-02 9.118062e-02 1.693535e-01 4.190960e-02 -1.975040e-01 -1.774013e-01 -5.151112e-02 7.591352e-02 7.404050e-02 5.625694e-02 -3.935611e-02 -1.025896e-01 4.503986e-04
<VARIANCE> 39
 3.584949e+00 8.174225e+00 2.425156e+01 1.442633e+01 7.890590e+00 9.573849e+00 1.420721e+01 8.263600e+00 1.003805e+01 1.512176e+01 1.134916e+01 9.632647e+00 5.000000e-02 5.198842e-01 5.945741e-01 3.523340e+00 2.462602e+00 5.378773e-01 8.030884e-01 1.004735e+00 7.723851e-01 9.467399e-01 1.571135e+00 1.289299e+00 1.248998e+00 5.000000e-02 9.924485e-02 1.571540e-01 6.551675e-01 5.319924e-01 1.591216e-01 1.227695e-01 2.189064e-01 2.017910e-01 1.788322e-01 2.866541e-01 1.833347e-01 1.855408e-01 5.000000e-02
<GCONST> 7.287793e+01
<STATE> 10
<MEAN> 39
 -3.566893e+00 -1.011017e+01 -5.670427e+00 -5.432860e+00 2.377447e+00 -1.208397e+00 2.582608e+00 -2.623516e+00 2.421847e+00 -7.734528e-01 2.263559e+00 -2.534469e+00 2.610014e-02 -6.588789e-01 2.065314e-03 3.411680e-01 1.681685e-01 -3.337519e-01 -2.379438e-01 2.708422e-01 3.980215e-01 2.514278e-01 5.277146e-02 -3.935938e-02 2.136583e-02 -2.732738e-02 1.301946e-01 -4.391746e-02 -1.263735e-01 -4.319082e-02 -3.221971e-03 5.510462e-02 9.872505e-03 -4.522353e-02 -1.532487e-01 -2.166196e-01 -1.178438e-01 -3.042897e-02 4.708148e-03
<VARIANCE> 39
 3.518606e+00 5.592928e+00 1.388462e+01 7.038791e+00 5.713559e+00 1.361669e+01 1.739838e+01 1.128924e+01 1.184094e+01 9.043722e+00 7.246980e+00 1.034210e+01 5.000000e-02 3.999538e-01 1.152459e+00 3.239069e+00 1.046866e+00 4.419796e-01 1.279908e+00 1.777399e+00 9.137394e-01 8.595543e-01 1.559324e+00 8.452386e-01 9.135009e-01 5.000000e-02 9.215192e-02 2.258137e-01 6.394359e-01 2.018362e-01 5.113237e-02 2.575966e-01 3.517354e-01 1.645156e-01 1.933545e-01 2.258182e-01 1.456504e-01 3.085091e-01 5.000000e-02
<GCONST> 6.993978e+01
<TRANSP> 11
 0.000000e+00 1.000000e+00 0.000000e+00 0.000000e+00 0.000000e+00 0.000000e+00 0.000000e+00 0.000000e+00 0.000000e+00 0.000000e+00 0.000000e+00
 0.000000e+00 8.529418e-01 1.470582e-01 0.000000e+00 0.000000e+00 0.000000e+00 0.000000e+00 0.000000e+00 0.000000e+00 0.000000e+00 0.000000e+00
 0.000000e+00 0.000000e+00 7.916390e-01 2.083610e-01 0.000000e+00 0.000000e+00 0.000000e+00 0.000000e+00 0.000000e+00 0.000000e+00 0.000000e+00
 0.000000e+00 0.000000e+00 0.000000e+00 8.100005e-01 1.899995e-01 0.000000e+00 0.000000e+00 0.000000e+00 0.000000e+00 0.000000e+00 0.000000e+00
 0.000000e+00 0.000000e+00 0.000000e+00 0.000000e+00 8.701901e-01 1.298099e-01 0.000000e+00 0.000000e+00 0.000000e+00 0.000000e+00 0.000000e+00
 0.000000e+00 0.000000e+00 0.000000e+00 0.000000e+00 0.000000e+00 8.446991e-01 1.553009e-01 0.000000e+00 0.000000e+00 0.000000e+00 0.000000e+00
 0.000000e+00 0.000000e+00 0.000000e+00 0.000000e+00 0.000000e+00 0.000000e+00 7.989187e-01 2.010813e-01 0.000000e+00 0.000000e+00 0.000000e+00
 0.000000e+00 0.000000e+00 0.000000e+00 0.000000e+00 0.000000e+00 0.000000e+00 0.000000e+00 7.951065e-01 2.048936e-01 0.000000e+00 0.000000e+00
 0.000000e+00 0.000000e+00 0.000000e+00 0.000000e+00 0.000000e+00 0.000000e+00 0.000000e+00 0.000000e+00 8.597480e-01 1.402520e-01 0.000000e+00
 0.000000e+00 0.000000e+00 0.000000e+00 0.000000e+00 0.000000e+00 0.000000e+00 0.000000e+00 0.000000e+00 0.000000e+00 8.613261e-01 1.386739e-01
 0.000000e+00 0.000000e+00 0.000000e+00 0.000000e+00 0.000000e+00 0.000000e+00 0.000000e+00 0.000000e+00 0.000000e+00 0.000000e+00 0.000000e+00
<ENDHMM>
