~o
<STREAMINFO> 1 39
<VECSIZE> 39<NULLD><MFCC_E_D_A><DIAGC>
~h "D~oc"
<BEGINHMM>
<NUMSTATES> 14
<STATE> 2
<MEAN> 39
 -3.073192e+00 -6.660946e+00 -2.781810e+00 -5.337175e+00 -2.605407e+00 -6.310731e+00 1.695644e+00 -5.107982e-01 4.805781e-01 -3.705942e+00 2.524648e+00 -1.082841e+00 4.827816e-02 1.917727e+00 -3.911089e-01 -1.046839e+00 -1.733292e+00 -1.871356e+00 -9.090352e-01 3.949899e-03 2.291841e-01 4.755188e-03 -8.747020e-01 -1.382569e+00 -4.006279e-01 9.853193e-02 2.402494e-01 -5.782386e-01 6.432949e-02 -1.408350e-01 -1.797415e-01 -3.357816e-01 -2.547948e-02 -3.855770e-03 -5.760388e-02 -1.454956e-01 -3.626285e-01 3.746507e-02 3.360799e-02
<VARIANCE> 39
 1.142872e+01 3.610147e+00 1.118456e+01 1.554377e+01 1.446251e+01 7.674139e+00 1.073986e+01 1.078064e+01 9.143905e+00 7.589005e+00 9.919572e+00 1.304617e+01 5.000000e-02 1.612243e+00 9.988461e-01 1.485931e+00 5.865471e-01 1.225140e+00 1.543882e+00 1.365791e+00 1.651861e+00 1.460634e+00 5.164699e-01 1.256278e+00 1.057122e+00 5.000000e-02 4.631527e-01 2.692127e-01 5.085784e-01 2.868432e-01 3.085309e-01 1.457550e-01 2.986062e-01 3.179376e-01 2.698331e-01 1.086828e-01 2.392121e-01 3.734048e-01 5.000000e-02
<GCONST> 7.651588e+01
<STATE> 3
<MEAN> 39
 2.224733e+00 -1.656955e+01 -6.824957e+00 -1.024056e+01 -8.809225e+00 -1.220423e+01 2.311266e+00 1.816640e+00 -1.553986e+00 -6.099043e+00 -6.261582e+00 -1.129178e+00 7.035697e-01 -9.315302e-01 -2.885306e+00 -1.948383e+00 1.320077e-03 1.148474e+00 1.828121e-01 1.491793e+00 1.507876e+00 -8.292904e-01 3.193490e-01 -1.055263e+00 6.631693e-01 1.040303e-01 -6.077451e-01 1.487896e-01 -6.751971e-01 5.585745e-01 1.100458e+00 6.070604e-01 3.632225e-01 -1.625152e-02 -2.307665e-01 2.682213e-01 2.417580e-01 -4.314295e-02 -2.099775e-02
<VARIANCE> 39
 2.198803e+01 6.087871e+01 4.424054e+01 3.616556e+01 1.697741e+01 3.419748e+01 4.023041e+01 7.160020e+01 3.041944e+01 1.691536e+01 2.955967e+01 2.807837e+01 5.000000e-02 2.942791e+00 3.855752e+00 8.551185e+00 4.251514e+00 6.560231e+00 5.041683e+00 6.424540e+00 7.424581e+00 2.221387e+00 1.338601e+00 4.991769e+00 2.642301e+00 5.000000e-02 6.863514e-01 9.962631e-01 1.139160e+00 6.460961e-01 3.246807e-01 3.261469e-01 1.200275e+00 2.186570e+00 3.969301e-01 2.427065e-01 8.756255e-01 7.387472e-01 5.000000e-02
<GCONST> 1.168742e+02
<STATE> 4
<MEAN> 39
 -4.709627e+00 -2.463361e+01 -2.022225e+01 -6.187694e+00 5.490358e+00 -6.542727e+00 8.770954e+00 3.794903e+00 -7.184118e+00 -3.882925e+00 -8.756353e+00 -8.129680e-01 9.484192e-01 -6.852944e-01 -3.938840e-01 -2.257988e+00 1.399152e+00 3.262068e+00 1.002827e+00 -4.689871e-01 -2.651702e+00 -7.240823e-01 1.677071e+00 -4.480400e-01 -1.433983e+00 2.265154e-02 5.832298e-01 4.518624e-01 9.045958e-01 -3.747695e-01 -8.306059e-01 -9.554449e-02 -7.684305e-01 -7.532092e-01 5.567976e-01 6.354496e-01 2.386063e-01 -3.529352e-01 -1.284116e-02
<VARIANCE> 39
 5.306140e+00 1.204693e+01 9.839807e+00 5.004034e+00 2.302924e+01 5.935739e+01 4.982189e+01 2.514263e+01 1.457693e+01 8.671143e+00 1.752652e+01 1.836933e+01 5.000000e-02 9.053867e-01 4.667272e-01 1.538085e+00 1.366037e+00 2.689938e+00 9.101416e-01 2.243991e+00 1.408956e+00 1.733625e+00 1.456783e+00 1.348173e+00 2.316568e+00 5.000000e-02 6.799213e-02 1.980984e-01 1.678111e-01 4.888345e-01 3.924362e-01 3.099830e-01 6.097864e-01 1.035848e+00 1.207159e-01 1.026530e-01 5.149475e-01 3.254454e-01 5.000000e-02
<GCONST> 8.415337e+01
<STATE> 5
<MEAN> 39
 -3.850322e+00 -2.434082e+01 -2.465499e+01 -6.459482e+00 8.959767e+00 -2.012806e+00 6.441590e+00 -4.416075e+00 -4.800672e+00 5.754996e+00 -8.354255e+00 -5.309679e+00 9.821669e-01 3.903874e-01 3.787422e-01 -5.828585e-01 -1.193457e+00 -6.953088e-01 2.023768e+00 -4.346912e-01 -9.420131e-01 3.998553e-01 1.384470e+00 3.716010e-01 -5.425298e-01 2.062445e-04 1.966098e-01 1.276570e-01 3.488908e-01 -4.967235e-01 -6.304330e-01 1.209866e-01 1.800286e-01 4.474672e-01 -8.546223e-02 -4.607207e-01 2.461680e-01 3.759533e-01 -5.225285e-03
<VARIANCE> 39
 6.112484e+00 5.204246e+00 1.803914e+01 1.370133e+01 1.815353e+01 6.713820e+01 2.718564e+01 1.588559e+01 1.031590e+01 9.256892e+00 1.158570e+01 1.435029e+01 5.000000e-02 3.005886e-01 6.348559e-01 9.228463e-01 9.956720e-01 1.980024e+00 1.493684e+00 1.001709e+00 8.248265e-01 1.332822e+00 1.484132e+00 1.266576e+00 8.905492e-01 5.000000e-02 5.000000e-02 8.488216e-02 1.456913e-01 1.389164e-01 2.964323e-01 2.716554e-01 1.800328e-01 1.915698e-01 3.358822e-01 1.788169e-01 1.603698e-01 1.939200e-01 5.000000e-02
<GCONST> 7.292956e+01
<STATE> 6
<MEAN> 39
 6.079291e-01 -2.233345e+01 -2.187050e+01 -1.650432e+01 2.290106e-01 7.601712e+00 5.843965e+00 -4.189671e+00 -5.244346e+00 6.833112e+00 -3.922726e+00 -3.888211e+00 9.194631e-01 1.436798e+00 2.606556e-01 1.909443e+00 -1.791482e+00 -2.473915e+00 -8.928296e-01 9.120420e-02 8.211015e-01 6.991709e-01 -9.272717e-01 1.563385e+00 1.341870e+00 -4.169847e-02 -4.636817e-03 -1.423892e-01 2.222755e-01 1.076187e+00 2.617954e-01 -1.312653e+00 -3.781925e-01 -5.800246e-03 4.706986e-01 -3.596108e-01 -9.288079e-02 -2.199749e-02 -1.698859e-02
<VARIANCE> 39
 1.107340e+01 1.160088e+01 3.345193e+01 2.035633e+01 3.614216e+01 2.054048e+01 3.311954e+01 5.293946e+01 1.021748e+01 6.275500e+00 1.937445e+01 1.618938e+01 5.000000e-02 4.978941e-01 9.123143e-01 2.520524e+00 2.551968e+00 3.620415e+00 6.879316e+00 3.334832e+00 3.813735e+00 2.303304e+00 1.270701e+00 1.446311e+00 1.539078e+00 5.000000e-02 1.428689e-01 1.927816e-01 5.406900e-01 1.004876e+00 1.119359e+00 3.604327e-01 6.463120e-01 1.135725e+00 2.210421e-01 2.956254e-01 3.958475e-01 4.199404e-01 5.000000e-02
<GCONST> 9.682040e+01
<STATE> 7
<MEAN> 39
 5.007788e+00 -2.168054e+01 -1.555770e+01 -1.090985e+01 -3.868455e+00 -3.494401e+00 2.196613e+00 -3.389462e+00 1.201235e+00 1.709313e+00 -8.928184e-01 -2.247152e+00 6.485842e-01 5.781108e-01 -3.196868e-01 3.714988e-01 4.380516e+00 1.672199e+00 -2.231017e+00 -1.220273e+00 -8.060137e-01 3.076385e-01 -1.329782e+00 4.346159e-01 -1.206937e+00 -9.000331e-02 -4.289712e-01 -1.916381e-01 -6.508572e-01 1.425959e-01 9.030818e-01 8.220773e-01 4.993310e-01 -1.195026e-01 -5.557995e-01 3.678773e-01 -9.159304e-02 -4.228570e-01 8.827389e-03
<VARIANCE> 39
 3.922222e+00 3.413994e+00 1.275382e+01 7.910357e+01 2.659099e+01 1.260074e+01 1.306903e+01 1.698879e+01 1.175352e+01 2.078441e+01 6.600262e+00 2.189315e+01 5.000000e-02 8.479803e-01 5.348310e-01 1.011509e+00 3.033790e+00 3.682383e+00 3.537125e+00 2.540436e+00 4.571269e+00 2.352313e+00 1.154131e+00 1.695463e+00 2.547773e+00 5.000000e-02 9.759171e-02 9.004229e-02 2.849873e-01 2.461740e+00 9.489619e-01 5.684940e-01 6.864383e-01 6.404271e-01 2.557140e-01 3.446599e-01 2.458813e-01 7.647532e-01 5.000000e-02
<GCONST> 9.107347e+01
<STATE> 8
<MEAN> 39
 3.665064e+00 -2.436002e+01 -1.775768e+01 -3.561149e+00 1.992968e+00 -3.586286e+00 3.469726e+00 -3.177648e+00 1.461073e+00 2.697430e+00 1.617143e+00 -4.969692e+00 4.692582e-01 -3.547865e-01 7.441842e-02 -4.663214e-01 -3.010423e-02 5.637081e-01 7.484112e-01 6.972783e-01 6.759438e-01 1.659874e-01 -1.346504e-01 2.190262e-01 -3.656941e-02 -1.738937e-02 1.165392e-02 3.156160e-01 2.303938e-01 -5.633997e-01 -3.166185e-01 3.364576e-01 -6.284746e-02 1.447905e-01 -1.848284e-01 -4.302179e-01 -2.874372e-01 3.067031e-01 1.016333e-02
<VARIANCE> 39
 1.956402e+00 3.688895e+00 1.406569e+01 3.161320e+00 8.731496e+00 1.296489e+01 8.167255e+00 1.847771e+01 1.549059e+01 1.425237e+01 8.493203e+00 1.822303e+01 5.000000e-02 1.410854e-01 9.258976e-01 1.407296e+00 1.337669e+00 2.464056e+00 1.067814e+00 6.911383e-01 5.378603e-01 2.771173e+00 3.066230e+00 7.125846e-01 1.633255e+00 5.000000e-02 5.000000e-02 1.187953e-01 2.479717e-01 5.999851e-01 5.270096e-01 4.611772e-01 1.327337e-01 3.497212e-01 5.348072e-01 5.417425e-01 1.402518e-01 4.484086e-01 5.000000e-02
<GCONST> 7.399158e+01
<STATE> 9
<MEAN> 39
 3.417828e+00 -2.087226e+01 -1.645902e+01 -3.745835e+00 4.944302e+00 -9.127039e-01 3.888689e+00 -2.446476e+00 -1.905881e+00 -4.800049e+00 -4.174784e-01 -3.568496e+00 4.252315e-01 -7.767159e-02 6.386121e-01 1.148352e+00 3.274810e-01 2.777855e-01 6.264700e-01 6.435467e-02 3.790641e-01 -4.583470e-01 -1.530069e+00 -6.838509e-01 6.204143e-01 -1.291464e-02 -1.855318e-02 -1.130592e-01 9.467027e-03 8.913638e-03 -2.761610e-01 -2.687454e-01 -1.685879e-01 -4.857880e-03 3.188042e-01 5.420352e-01 1.180739e-01 -1.148698e-01 -2.455438e-03
<VARIANCE> 39
 3.041612e+00 4.807703e+00 1.501707e+01 1.064346e+01 7.364021e+00 1.399072e+01 1.112033e+01 4.066222e+00 1.830969e+01 1.942879e+01 8.816269e+00 9.339282e+00 5.000000e-02 1.459332e-01 4.052954e-01 9.952406e-01 7.019733e-01 9.417907e-01 1.220123e+00 5.752885e-01 1.526213e+00 1.384117e+00 2.394445e+00 7.208205e-01 1.326920e+00 5.000000e-02 5.000000e-02 1.061327e-01 3.758343e-01 2.329733e-01 2.250475e-01 2.585011e-01 2.222020e-01 2.437222e-01 4.430645e-01 6.595051e-01 1.496850e-01 3.729225e-01 5.000000e-02
<GCONST> 6.960414e+01
<STATE> 10
<MEAN> 39
 2.037112e+00 -2.014176e+01 -1.355719e+01 -1.905295e+00 3.848954e+00 -2.071079e+00 1.949309e+00 -1.427652e+00 -7.218805e-01 -4.409423e+00 -9.199456e-01 -4.543434e+00 3.280290e-01 -3.905434e-01 4.609754e-01 7.036147e-02 -6.267770e-02 4.004562e-02 -4.550312e-01 -3.876987e-01 -2.968500e-01 2.944348e-01 5.736779e-01 3.586281e-01 -3.310273e-02 -2.519525e-02 -6.615276e-02 6.714166e-02 -6.147268e-02 -2.508055e-02 1.488700e-01 3.662435e-02 1.008256e-01 -1.430992e-01 -7.767515e-02 1.186478e-01 2.006004e-01 1.056249e-01 -1.798681e-03
<VARIANCE> 39
 2.502423e+00 6.496905e+00 1.214268e+01 7.464627e+00 6.544587e+00 1.114313e+01 1.939511e+01 1.623988e+01 9.244390e+00 1.571638e+01 1.048855e+01 5.760604e+00 5.000000e-02 3.258239e-01 5.989096e-01 9.906635e-01 1.437712e+00 1.348556e+00 1.250086e+00 3.108940e+00 1.305736e+00 1.433241e+00 3.201135e+00 1.505123e+00 1.286770e+00 5.000000e-02 6.939808e-02 9.524297e-02 2.247429e-01 2.387500e-01 2.397966e-01 3.292387e-01 5.986578e-01 3.453472e-01 2.371258e-01 5.880951e-01 2.825478e-01 2.377654e-01 5.000000e-02
<GCONST> 7.520492e+01
<STATE> 11
<MEAN> 39
 1.492867e-01 -1.706892e+01 -1.481203e+01 -3.754948e+00 6.540304e+00 -6.359715e-01 1.628778e+00 -4.018970e+00 -1.006449e+00 -1.774424e+00 2.397940e+00 -1.266272e+00 2.261547e-01 -3.864760e-01 3.909381e-01 4.409556e-01 4.112172e-01 7.975173e-01 2.494065e-01 -6.646770e-01 -6.237017e-01 -1.160239e-01 1.809028e-01 4.391237e-01 4.249008e-01 -1.499307e-02 5.495104e-02 -5.977509e-02 1.782606e-01 1.014400e-01 -5.125830e-02 8.225826e-02 -1.959134e-02 1.967504e-01 1.222207e-01 -2.776980e-01 -3.816751e-01 -2.121495e-01 3.032624e-03
<VARIANCE> 39
 3.507908e+00 4.794962e+00 1.470222e+01 1.111643e+01 9.251750e+00 1.047613e+01 7.315254e+00 8.632322e+00 1.156828e+01 6.504755e+00 4.830381e+00 8.514434e+00 5.000000e-02 1.012348e+00 4.471040e-01 1.021554e+00 6.677496e-01 4.730452e-01 1.578926e+00 1.359934e+00 9.620453e-01 7.144929e-01 7.057715e-01 3.733145e-01 9.722884e-01 5.000000e-02 2.480923e-01 8.361632e-02 2.074542e-01 2.386425e-01 2.187189e-01 2.747747e-01 2.504013e-01 1.607089e-01 2.822172e-01 3.031040e-01 5.000000e-02 2.786846e-01 5.000000e-02
<GCONST> 6.483163e+01
<STATE> 12
<MEAN> 39
 -1.281422e+00 -1.596022e+01 -1.085617e+01 -1.992191e+00 6.886075e+00 -7.979446e-01 2.022520e+00 -2.920128e+00 7.244393e-01 -3.273118e+00 5.659814e-01 -2.117565e+00 1.630637e-01 -6.255085e-01 6.333287e-01 8.146349e-01 -1.140451e-01 -1.920063e-01 4.652217e-02 5.716642e-01 5.694984e-01 2.157258e-01 3.647063e-02 -3.655730e-01 -3.489679e-01 -2.801923e-02 -1.441111e-01 2.422493e-01 2.189706e-01 -6.103792e-02 -2.373658e-01 -1.840547e-01 -5.558472e-02 -6.964509e-02 -1.114202e-01 1.139404e-01 2.482002e-01 5.082245e-02 -6.239117e-03
<VARIANCE> 39
 6.897286e+00 8.604553e+00 1.157168e+01 7.167751e+00 8.834273e+00 8.493435e+00 1.673335e+01 9.762917e+00 1.596305e+01 7.115212e+00 1.114711e+01 1.082295e+01 5.000000e-02 7.684797e-01 1.043625e+00 1.535973e+00 1.152293e+00 1.108032e+00 1.311468e+00 1.270645e+00 6.265191e-01 1.490033e+00 7.519064e-01 1.638015e+00 1.502926e+00 5.000000e-02 1.594431e-01 1.990978e-01 4.045027e-01 2.994930e-01 2.432416e-01 2.598778e-01 4.810514e-01 1.633658e-01 1.725256e-01 1.380762e-01 3.426386e-01 3.195706e-01 5.000000e-02
<GCONST> 7.482680e+01
<STATE> 13
<MEAN> 39
 -4.554071e+00 -1.068197e+01 -4.571944e+00 -2.176942e+00 4.578616e+00 -2.434276e+00 8.915734e-01 -3.434992e+00 -2.483970e-01 -2.177623e+00 2.198743e+00 -2.648735e+00 6.591373e-03 -6.177189e-01 1.014884e+00 1.236549e+00 8.455870e-02 -9.014869e-01 -5.656263e-01 -3.239205e-01 -4.463417e-01 -6.937784e-02 -1.403022e-01 6.785380e-01 -1.750074e-01 -3.439695e-02 2.297420e-01 -2.782723e-01 -3.802634e-01 5.818322e-02 1.636424e-01 1.909605e-01 2.095256e-01 3.964576e-02 -2.626824e-02 -1.469347e-01 -1.446838e-01 -2.625898e-02 9.970539e-03
<VARIANCE> 39
 1.476262e+00 5.124320e+00 5.156935e+00 2.962947e+00 6.846492e+00 1.580075e+01 1.060261e+01 7.679331e+00 1.134835e+01 9.811379e+00 1.407261e+01 5.927790e+00 5.000000e-02 4.504388e-01 9.779770e-01 1.597252e+00 4.589260e-01 8.115181e-01 1.314541e+00 1.315994e+00 9.255140e-01 4.114895e-01 5.924670e-01 1.763047e+00 8.535076e-01 5.000000e-02 6.060430e-02 1.404063e-01 1.338007e-01 1.097607e-01 1.815049e-01 2.074788e-01 2.380050e-01 1.611362e-01 1.345111e-01 9.161039e-02 4.605770e-01 1.869996e-01 5.000000e-02
<GCONST> 6.141273e+01
<TRANSP> 14
 0.000000e+00 1.000000e+00 0.000000e+00 0.000000e+00 0.000000e+00 0.000000e+00 0.000000e+00 0.000000e+00 0.000000e+00 0.000000e+00 0.000000e+00 0.000000e+00 0.000000e+00 0.000000e+00
 0.000000e+00 7.616273e-01 2.383727e-01 0.000000e+00 0.000000e+00 0.000000e+00 0.000000e+00 0.000000e+00 0.000000e+00 0.000000e+00 0.000000e+00 0.000000e+00 0.000000e+00 0.000000e+00
 0.000000e+00 0.000000e+00 8.078718e-01 1.921282e-01 0.000000e+00 0.000000e+00 0.000000e+00 0.000000e+00 0.000000e+00 0.000000e+00 0.000000e+00 0.000000e+00 0.000000e+00 0.000000e+00
 0.000000e+00 0.000000e+00 0.000000e+00 6.663733e-01 3.336267e-01 0.000000e+00 0.000000e+00 0.000000e+00 0.000000e+00 0.000000e+00 0.000000e+00 0.000000e+00 0.000000e+00 0.000000e+00
 0.000000e+00 0.000000e+00 0.000000e+00 0.000000e+00 8.147544e-01 1.852456e-01 0.000000e+00 0.000000e+00 0.000000e+00 0.000000e+00 0.000000e+00 0.000000e+00 0.000000e+00 0.000000e+00
 0.000000e+00 0.000000e+00 0.000000e+00 0.000000e+00 0.000000e+00 7.371472e-01 2.628528e-01 0.000000e+00 0.000000e+00 0.000000e+00 0.000000e+00 0.000000e+00 0.000000e+00 0.000000e+00
 0.000000e+00 0.000000e+00 0.000000e+00 0.000000e+00 0.000000e+00 0.000000e+00 6.874343e-01 3.125658e-01 0.000000e+00 0.000000e+00 0.000000e+00 0.000000e+00 0.000000e+00 0.000000e+00
 0.000000e+00 0.000000e+00 0.000000e+00 0.000000e+00 0.000000e+00 0.000000e+00 0.000000e+00 7.485307e-01 2.514693e-01 0.000000e+00 0.000000e+00 0.000000e+00 0.000000e+00 0.000000e+00
 0.000000e+00 0.000000e+00 0.000000e+00 0.000000e+00 0.000000e+00 0.000000e+00 0.000000e+00 0.000000e+00 7.418240e-01 2.581760e-01 0.000000e+00 0.000000e+00 0.000000e+00 0.000000e+00
 0.000000e+00 0.000000e+00 0.000000e+00 0.000000e+00 0.000000e+00 0.000000e+00 0.000000e+00 0.000000e+00 0.000000e+00 8.153988e-01 1.846013e-01 0.000000e+00 0.000000e+00 0.000000e+00
 0.000000e+00 0.000000e+00 0.000000e+00 0.000000e+00 0.000000e+00 0.000000e+00 0.000000e+00 0.000000e+00 0.000000e+00 0.000000e+00 7.465597e-01 2.534403e-01 0.000000e+00 0.000000e+00
 0.000000e+00 0.000000e+00 0.000000e+00 0.000000e+00 0.000000e+00 0.000000e+00 0.000000e+00 0.000000e+00 0.000000e+00 0.000000e+00 0.000000e+00 7.615929e-01 2.384071e-01 0.000000e+00
 0.000000e+00 0.000000e+00 0.000000e+00 0.000000e+00 0.000000e+00 0.000000e+00 0.000000e+00 0.000000e+00 0.000000e+00 0.000000e+00 0.000000e+00 0.000000e+00 7.053161e-01 2.946839e-01
 0.000000e+00 0.000000e+00 0.000000e+00 0.000000e+00 0.000000e+00 0.000000e+00 0.000000e+00 0.000000e+00 0.000000e+00 0.000000e+00 0.000000e+00 0.000000e+00 0.000000e+00 0.000000e+00
<ENDHMM>
