~o
<STREAMINFO> 1 39
<VECSIZE> 39<NULLD><MFCC_E_D_A><DIAGC>
~h "D~ung"
<BEGINHMM>
<NUMSTATES> 7
<STATE> 2
<MEAN> 39
 -2.023830e+00 -7.464767e+00 -4.083984e+00 -5.772307e+00 -2.555004e+00 -1.001826e+01 -2.548318e-01 -1.535708e+00 -1.402729e+00 -7.542206e+00 -2.751443e+00 -3.312504e+00 2.939390e-01 8.396892e-01 -6.125872e-01 -3.741720e-01 -1.030691e+00 -1.343547e+00 -9.472328e-01 -8.651339e-01 2.692574e-01 -1.461931e-01 -9.021795e-01 -1.208342e+00 -4.646992e-01 7.678111e-02 3.105870e-03 -3.883385e-01 -1.222530e-02 -6.543625e-02 -3.432862e-02 2.150139e-01 -2.471622e-01 2.026597e-01 1.834340e-01 2.810643e-01 5.728642e-02 -2.244209e-02 6.913365e-03
<VARIANCE> 39
 5.014302e+01 1.583610e+01 1.195635e+01 2.624151e+01 3.285200e+01 5.743871e+01 1.589262e+01 1.227359e+01 1.713869e+01 2.904153e+01 4.014680e+01 1.264332e+01 1.029411e-01 4.434937e+00 3.886303e+00 2.916804e+00 1.505452e+00 2.481850e+00 5.998739e+00 3.492492e+00 2.889473e+00 2.543250e+00 2.506087e+00 2.991047e+00 1.777494e+00 5.000000e-02 1.082592e+00 5.656283e-01 6.709713e-01 3.026860e-01 6.492856e-01 1.120259e+00 4.352791e-01 6.251280e-01 6.162512e-01 8.583339e-01 7.128032e-01 4.121763e-01 5.000000e-02
<GCONST> 1.083893e+02
<STATE> 3
<MEAN> 39
 1.492012e-01 -1.801004e+01 -1.484256e+01 -1.850958e+01 -3.272376e+00 -2.807430e+00 -7.711040e+00 2.755147e+00 2.324949e+00 3.771839e+00 -8.323099e+00 -5.122790e+00 9.424301e-01 -4.023607e-02 -2.358726e-01 -1.266771e+00 -1.221133e+00 6.318284e-01 2.011359e+00 7.271519e-02 5.979750e-01 -2.781425e-01 1.070114e+00 3.548564e-01 4.493279e-01 1.422666e-02 1.221744e-01 2.796645e-01 1.775971e-01 1.028104e-01 -1.788644e-01 -2.186863e-01 2.474298e-01 -4.592003e-02 -9.492477e-02 -4.360640e-01 -1.284236e-02 3.976446e-02 -8.512652e-03
<VARIANCE> 39
 9.336544e+00 8.180798e+00 5.115699e+01 3.903285e+01 4.594537e+01 7.013931e+01 4.893840e+01 3.807279e+01 3.948684e+01 8.352099e+01 2.885383e+01 7.147946e+01 5.000000e-02 1.215932e+00 2.985183e+00 4.150932e+00 1.222976e+00 6.023022e+00 2.619208e+00 4.561393e+00 9.050989e+00 6.571036e+00 1.417358e+01 3.785107e+00 6.099576e+00 5.000000e-02 1.379296e-01 5.866616e-01 9.656852e-01 3.489404e-01 1.417001e+00 8.314595e-01 1.329586e+00 2.171848e+00 1.317911e+00 1.815181e+00 7.928035e-01 1.256690e+00 5.000000e-02
<GCONST> 1.215227e+02
<STATE> 4
<MEAN> 39
 6.008007e+00 -1.781000e+01 -1.207878e+01 -1.930016e+01 -8.687403e+00 -1.273358e+00 -7.804027e+00 -5.179597e-01 -3.101948e+00 -7.081357e+00 -5.204173e+00 -2.638042e+00 7.970129e-01 3.483122e-01 -1.355857e-01 9.237041e-01 2.430525e-01 -2.231836e-01 -1.479313e+00 -4.595132e-01 -1.618189e+00 -2.391455e-01 -9.486312e-01 7.310290e-02 -4.567950e-01 -2.361330e-02 -2.042624e-01 5.985184e-02 1.017142e-02 -7.959981e-02 4.209589e-01 -3.648555e-02 -4.960744e-02 -1.611597e-01 -3.656247e-02 3.471558e-01 6.158039e-02 -2.089460e-01 -7.306930e-04
<VARIANCE> 39
 7.285035e+00 5.174709e+00 1.013854e+01 2.434546e+01 2.933348e+01 4.063762e+01 3.660260e+01 9.127425e+01 3.243547e+01 2.580298e+01 9.413857e+00 1.123506e+01 5.000000e-02 1.120464e+00 5.944058e-01 1.243486e+00 2.800323e+00 5.744954e+00 2.715407e+00 1.978739e+00 6.805188e+00 3.958599e+00 3.564946e+00 1.231529e+00 1.684153e+00 5.000000e-02 9.408495e-02 1.230789e-01 2.640041e-01 5.433503e-01 8.909156e-01 7.462079e-01 4.781195e-01 2.049860e+00 9.624296e-01 5.276586e-01 2.416739e-01 2.225298e-01 5.000000e-02
<GCONST> 9.755274e+01
<STATE> 5
<MEAN> 39
 3.105656e+00 -1.635597e+01 -7.258592e+00 -1.877805e+01 -1.220900e+00 -6.104801e+00 -1.124296e+01 -3.203963e+00 -1.425808e+00 -7.180444e+00 -1.953624e+00 -6.384550e+00 5.456489e-01 -2.897733e-01 6.608989e-01 -4.016339e-01 1.696806e+00 6.443716e-01 -6.587576e-02 1.418688e+00 6.664965e-01 1.072004e+00 9.566641e-01 4.154477e-01 1.748807e-01 -4.646793e-02 9.028924e-02 7.073691e-02 -3.029473e-01 2.988627e-01 -1.724430e-01 1.754667e-01 2.341533e-01 -4.491150e-02 4.844499e-02 -4.562245e-02 -2.662286e-03 3.420161e-01 -2.869185e-03
<VARIANCE> 39
 5.330146e+00 9.767040e+00 1.848065e+01 5.131345e+01 1.041833e+01 1.529368e+01 5.644269e+01 2.347174e+01 2.105629e+01 3.203839e+01 1.591749e+01 1.777265e+01 5.000000e-02 9.681330e-01 1.391808e+00 3.746919e+00 7.966176e+00 1.820015e+00 1.707544e+00 3.755296e+00 2.179427e+00 1.608925e+00 2.308781e+00 6.678015e-01 1.824908e+00 5.000000e-02 2.385080e-01 3.160003e-01 7.202345e-01 1.944835e+00 2.893443e-01 3.744347e-01 6.516760e-01 4.840910e-01 3.069997e-01 5.973502e-01 1.949952e-01 2.537609e-01 5.000000e-02
<GCONST> 9.603003e+01
<STATE> 6
<MEAN> 39
 -2.151470e+00 -1.111199e+01 -7.156474e+00 -6.974703e+00 -2.386107e-01 -5.225449e+00 -4.722004e-01 -1.732575e+00 2.073111e+00 -1.298413e+00 1.975261e+00 -2.520145e+00 1.315355e-01 -6.800480e-01 2.124454e-01 5.297620e-01 3.063309e-01 1.766743e-01 2.183602e-01 1.294109e-01 6.347387e-02 -4.583443e-02 9.897100e-03 2.225017e-01 4.865549e-03 -2.872617e-02 3.884680e-03 -1.622031e-02 6.834082e-02 -1.486060e-01 -1.919036e-02 -3.050909e-02 -9.781983e-02 -2.850074e-02 -1.039347e-01 -9.472452e-02 -7.337385e-02 -5.569103e-02 2.698107e-03
<VARIANCE> 39
 1.025158e+01 6.374455e+00 1.987901e+01 1.209895e+01 1.122683e+01 1.163703e+01 7.626558e+00 1.231687e+01 1.023423e+01 1.219845e+01 1.051101e+01 9.096143e+00 5.000000e-02 4.166985e-01 7.258040e-01 1.633399e+00 1.506458e+00 1.148592e+00 1.329620e+00 6.682703e-01 1.010704e+00 9.412405e-01 1.492719e+00 1.489299e+00 1.362711e+00 5.000000e-02 1.094144e-01 1.649041e-01 3.908443e-01 4.680575e-01 2.429156e-01 2.658033e-01 2.128598e-01 1.682872e-01 1.688217e-01 2.591547e-01 2.716506e-01 3.198738e-01 5.000000e-02
<GCONST> 7.458318e+01
<TRANSP> 7
 0.000000e+00 1.000000e+00 0.000000e+00 0.000000e+00 0.000000e+00 0.000000e+00 0.000000e+00
 0.000000e+00 8.960479e-01 1.039520e-01 0.000000e+00 0.000000e+00 0.000000e+00 0.000000e+00
 0.000000e+00 0.000000e+00 9.036122e-01 9.638783e-02 0.000000e+00 0.000000e+00 0.000000e+00
 0.000000e+00 0.000000e+00 0.000000e+00 8.943340e-01 1.056660e-01 0.000000e+00 0.000000e+00
 0.000000e+00 0.000000e+00 0.000000e+00 0.000000e+00 8.620797e-01 1.379203e-01 0.000000e+00
 0.000000e+00 0.000000e+00 0.000000e+00 0.000000e+00 0.000000e+00 9.211999e-01 7.880011e-02
 0.000000e+00 0.000000e+00 0.000000e+00 0.000000e+00 0.000000e+00 0.000000e+00 0.000000e+00
<ENDHMM>
