~o
<STREAMINFO> 1 39
<VECSIZE> 39<NULLD><MFCC_E_D_A><DIAGC>
~h "Giup"
<BEGINHMM>
<NUMSTATES> 34
<STATE> 2
<MEAN> 39
 -6.277685e+00 -1.024771e+01 -1.743344e+00 -2.537914e+00 2.068334e+00 -2.451124e+00 1.959832e+00 -9.301361e-01 1.843874e+00 -2.347775e+00 5.856573e-01 -2.189898e+00 2.040092e-02 3.137624e-01 4.885959e-01 1.178135e-02 -9.051056e-01 -2.857011e-02 -6.170249e-01 2.299063e-01 7.477898e-01 -1.127306e+00 1.830669e-01 -5.708529e-01 -2.106881e-01 4.047170e-02 4.574284e-01 4.578579e-01 -2.380843e-01 -1.126846e+00 -2.661346e-01 -9.799832e-01 -3.829075e-01 2.297746e-01 -6.970204e-01 -4.802740e-01 -6.848570e-01 -3.022127e-01 3.564037e-02
<VARIANCE> 39
 3.847294e+00 9.352901e+00 1.671294e+01 1.048133e+01 1.111477e+01 2.612112e+01 1.469273e+01 1.175908e+01 5.728719e+00 9.842996e+00 1.352964e+01 6.118279e+00 5.000000e-02 5.673535e-01 5.825277e-01 6.760251e-01 9.566659e-01 3.143182e-01 1.287923e+00 1.018760e+00 8.590265e-01 1.310466e+00 1.295949e+00 1.320605e+00 1.702328e+00 5.000000e-02 1.024671e-01 2.201613e-01 5.046139e-01 8.411783e-02 3.376658e-01 9.791254e-01 1.571380e-01 1.255572e-01 2.485648e-01 6.753721e-01 2.199674e-01 2.015823e-01 5.000000e-02
<GCONST> 7.258538e+01
<STATE> 3
<MEAN> 39
 -5.069230e+00 -8.809623e+00 -1.904409e+00 -3.926690e+00 3.457163e-01 -4.471280e+00 3.498765e+00 1.297490e+00 -8.570024e-02 -3.048985e+00 7.552119e-01 -1.438682e+00 1.306801e-01 1.682557e+00 1.642626e+00 -1.125449e+00 -4.018275e+00 -1.113000e+00 -3.367149e+00 -1.075588e+00 9.662667e-01 -2.787678e+00 -1.820165e+00 -2.590272e+00 -9.319529e-01 1.317557e-01 -1.103473e-02 3.788578e-01 1.632905e-01 -1.243173e+00 2.724614e-01 -8.740278e-01 -5.774904e-01 -6.533879e-01 4.257416e-02 -4.727370e-01 -4.208317e-01 -5.527583e-01 2.923041e-02
<VARIANCE> 39
 5.234454e+00 5.721108e+00 6.524403e+00 1.716426e+01 2.941755e+00 8.926265e+00 1.535718e+01 7.323306e+00 8.043417e+00 5.128318e+00 5.046608e+00 4.115205e+00 5.000000e-02 1.574486e+00 8.059762e-01 1.525325e+00 6.045969e-01 1.877387e+00 5.094126e+00 1.100882e+00 1.530982e+00 1.787441e+00 3.228046e+00 9.350080e-01 1.782772e+00 5.000000e-02 2.433603e-01 1.442868e-01 1.949759e-01 2.359749e-01 2.568249e-01 9.624742e-01 4.100164e-01 1.175542e-01 4.032045e-01 5.392050e-01 2.221873e-01 7.815584e-02 5.000000e-02
<GCONST> 7.431502e+01
<STATE> 4
<MEAN> 39
 -2.825535e-01 -5.152473e+00 -5.166365e+00 -1.480533e+01 -2.330078e+00 -1.474814e+01 -1.409768e+00 2.628556e+00 -9.432114e+00 -6.415420e+00 -9.539012e+00 -5.155144e+00 4.240959e-01 1.072585e+00 2.150178e+00 3.162192e-01 -5.186896e+00 1.413607e+00 -4.586213e+00 -2.213542e+00 -8.104804e-01 -1.492625e+00 -1.003795e+00 -2.307363e+00 -1.562977e+00 1.592631e-01 -6.146408e-01 -6.633034e-01 6.180384e-01 4.098503e-02 2.365318e-01 8.468503e-01 3.092931e-02 -6.813540e-01 1.397476e+00 1.934722e-01 6.741281e-01 1.425497e-01 -8.561495e-03
<VARIANCE> 39
 2.508509e+01 3.902966e+00 2.670564e+00 1.625710e+01 1.697902e+01 5.364753e+01 4.778956e+00 9.911852e+00 2.305553e+01 2.388162e+01 3.698666e+01 1.690372e+01 5.000000e-02 1.142629e+00 1.206638e+00 7.425805e-01 6.647723e-01 4.979059e+00 1.273679e+01 2.152191e+00 2.305272e+00 2.599877e+00 4.995708e+00 2.056781e+00 1.234465e+00 5.000000e-02 2.930441e-01 1.675620e-01 3.087457e-01 2.740558e-01 2.086115e-01 7.508278e-01 2.983379e-01 2.369183e-01 3.617991e-01 4.782476e-01 9.252807e-01 5.430521e-01 5.000000e-02
<GCONST> 9.089938e+01
<STATE> 5
<MEAN> 39
 -1.752693e+00 -1.384366e+00 -2.409437e+00 -2.115941e+01 4.566075e+00 -2.043609e+01 -1.849534e+00 -1.900720e+00 -5.025118e+00 -9.056778e+00 -7.323087e+00 -8.119547e+00 6.024743e-01 -7.951270e-01 8.444168e-02 1.158869e+00 -3.906200e+00 6.361088e-01 -1.087849e+00 -9.322749e-01 -1.671019e+00 1.389371e+00 -1.003367e+00 -2.489658e-01 -1.187330e+00 8.979816e-02 -7.574035e-01 -1.421198e+00 1.926475e-01 1.321160e+00 -1.128407e+00 1.559962e+00 7.669605e-01 1.867770e-01 1.567160e+00 1.155646e+00 9.808841e-01 5.641254e-01 -2.790690e-02
<VARIANCE> 39
 1.487876e+01 4.038651e+00 1.793627e+00 1.015213e+01 2.094205e+01 9.214660e+01 2.673466e+01 5.473520e+01 1.610254e+01 3.754568e+01 1.704392e+01 1.318497e+01 5.000000e-02 8.080439e-01 1.105706e+00 1.231671e+00 2.268579e+00 2.487922e+00 3.553872e+00 1.345787e+00 4.849453e-01 1.630690e+00 1.037102e+00 3.199141e+00 1.640893e+00 5.000000e-02 3.703461e-01 9.642256e-02 3.241721e-01 2.335351e-01 4.582008e-01 1.478951e+00 2.687950e-01 1.113405e+00 4.010323e-01 9.294791e-01 1.123136e+00 2.576621e-01 5.000000e-02
<GCONST> 9.147640e+01
<STATE> 6
<MEAN> 39
 -3.493500e+00 -3.917247e+00 -5.566062e-01 -2.376223e+01 3.738076e+00 -1.567227e+01 -4.289287e+00 -2.892803e+00 -3.488123e+00 -9.518260e+00 -7.330164e+00 -8.023728e+00 6.411123e-01 -1.330097e+00 -2.369916e+00 1.082358e+00 -1.614715e+00 -2.585887e+00 9.390960e-01 2.873752e-01 -7.108382e-01 3.420974e+00 1.548623e+00 8.433648e-01 -7.933728e-02 6.842940e-02 -2.133656e-01 -1.035182e+00 -4.417706e-01 1.479681e+00 -1.663502e+00 5.231064e-01 1.431417e+00 6.295889e-01 8.223364e-01 1.537233e+00 5.218019e-01 2.983407e-01 -7.148973e-03
<VARIANCE> 39
 1.090441e+01 8.992251e+00 2.589426e+01 8.401916e+00 5.859392e+01 1.229283e+02 9.496301e+00 1.849867e+01 1.363495e+01 4.088974e+01 7.744854e+00 4.578477e+00 5.000000e-02 8.252321e-01 1.246738e+00 2.504270e+00 8.285627e-01 2.799206e+00 2.376679e+00 1.981751e+00 3.813911e+00 1.620682e+00 2.720844e+00 8.589772e+00 1.186194e+00 5.000000e-02 2.039387e-01 2.928678e-01 2.192626e-01 1.269829e-01 8.140860e-01 1.448483e+00 1.047220e-01 4.349219e-01 3.839359e-01 8.188816e-01 3.686706e-01 2.643645e-01 5.000000e-02
<GCONST> 9.227317e+01
<STATE> 7
<MEAN> 39
 -4.678059e+00 -1.110414e+01 1.664168e+00 -2.486568e+01 -5.705278e+00 -1.370410e+01 -3.726590e+00 -2.382170e+00 2.717613e+00 -3.191024e+00 -8.938060e+00 -6.577155e+00 7.437641e-01 -9.299998e-01 -2.602002e+00 -2.430277e-01 8.057522e-01 -4.687929e+00 3.945780e-01 2.727079e+00 4.016890e-01 3.432282e+00 3.376499e+00 4.323932e-01 2.001293e-01 8.098085e-02 -2.771170e-02 1.672069e-01 -1.081192e+00 1.237071e+00 -2.288073e-01 -2.571689e-01 1.215843e+00 6.903014e-01 -4.882943e-01 4.777408e-01 4.808549e-01 2.527787e-01 -3.554268e-03
<VARIANCE> 39
 3.384819e+00 1.430670e+01 2.274901e+01 8.102128e+00 3.262645e+01 4.033052e+01 2.081938e+01 1.632553e+01 2.433475e+00 3.708061e+01 3.802142e+01 4.601469e+00 5.000000e-02 7.487482e-01 1.789747e+00 1.302997e+00 9.049696e-01 1.737628e+00 2.862236e+00 1.860447e+00 3.728914e+00 1.924219e+00 4.710935e+00 5.401613e+00 9.385890e-01 5.000000e-02 1.802557e-01 3.175295e-01 3.406960e-01 1.731493e-01 4.529560e-01 8.455341e-02 2.061416e-01 2.511373e-01 4.544355e-01 1.248428e+00 9.686428e-01 2.474758e-01 5.000000e-02
<GCONST> 8.838145e+01
<STATE> 8
<MEAN> 39
 -7.229885e+00 -1.180623e+01 -1.726248e+00 -2.146399e+01 -1.231522e+01 -1.524158e+01 6.089024e+00 -8.642551e-01 9.439299e+00 3.301910e+00 -3.132205e+00 -7.007761e+00 8.926491e-01 -8.872061e-01 -1.900384e+00 -1.865524e+00 1.772532e+00 -3.138648e+00 -5.458177e-01 4.301105e+00 1.550274e+00 1.478048e+00 3.894181e+00 1.728088e+00 -1.868212e-01 7.307714e-02 1.832700e-01 1.109278e-01 -6.078625e-01 5.582001e-01 1.586241e+00 -2.509260e-01 -1.021919e-01 1.468476e-01 -1.785688e+00 -1.616698e+00 -2.490408e-01 2.982947e-01 -1.585358e-02
<VARIANCE> 39
 4.292971e+00 4.370189e+00 1.612601e+01 4.107375e+00 1.816678e+01 5.421348e+01 2.918976e+01 1.835215e+01 8.839924e+00 2.542022e+01 4.470399e+01 8.424088e+00 5.000000e-02 2.159704e-01 1.651829e+00 8.447164e-01 4.057015e-01 2.155517e+00 5.471216e-01 2.455763e-01 5.630829e-01 3.180965e+00 3.648045e+00 1.385719e+00 5.540318e-01 5.000000e-02 8.792686e-02 2.037040e-01 1.921063e-01 2.887701e-01 6.215314e-01 4.170299e-01 3.375082e-01 5.480784e-01 7.004293e-01 1.365378e+00 1.045969e+00 3.876840e-01 5.000000e-02
<GCONST> 8.170989e+01
<STATE> 9
<MEAN> 39
 -7.506599e+00 -1.521268e+01 -5.946435e+00 -1.880924e+01 -1.561411e+01 -1.790648e+01 1.119063e+01 1.268045e+00 7.528115e+00 9.123973e+00 -1.942760e+00 -8.848318e+00 9.919677e-01 -6.585187e-01 -2.070105e+00 -2.600155e+00 2.381707e+00 7.040801e-01 -5.642541e-01 2.160718e+00 9.963300e-01 -3.168250e+00 -2.385257e+00 1.537889e-01 1.211380e+00 2.094791e-02 1.584550e-01 4.865679e-02 -1.645537e-01 2.858247e-01 2.060446e+00 4.069919e-01 -1.195539e+00 -2.790630e-01 -1.023324e+00 -2.570958e+00 -6.784139e-01 8.136183e-01 -2.395306e-02
<VARIANCE> 39
 7.183794e+00 8.095170e+00 1.200436e+01 2.953341e+00 1.334102e+01 3.732209e+01 4.054392e+01 7.312358e+00 1.273905e+01 1.189865e+01 1.463875e+01 3.351687e+00 5.000000e-02 1.860633e-01 4.333269e-01 4.695560e-01 1.049237e+00 2.328310e+00 8.631603e-01 4.779187e-01 1.284602e+00 3.512822e+00 4.542383e+00 2.220640e+00 1.734001e+00 5.000000e-02 5.000000e-02 1.484549e-01 1.681515e-01 5.000000e-02 1.381276e-01 5.000000e-02 1.624708e-01 5.381876e-02 6.005988e-01 2.685491e-01 7.116183e-02 5.000000e-02 5.000000e-02
<GCONST> 6.538068e+01
<STATE> 10
<MEAN> 39
 -9.242345e+00 -1.847914e+01 -9.767473e+00 -1.537596e+01 -1.307156e+01 -1.652653e+01 1.308395e+01 2.329891e+00 5.415728e-01 -7.836335e-01 -3.266490e+00 -4.242776e+00 9.745544e-01 -5.537503e-01 -2.157984e+00 -2.734119e+00 2.948462e+00 3.508268e+00 6.306019e-01 9.798679e-01 8.131631e-01 -2.677479e+00 -5.391646e+00 -3.515221e-01 2.946129e+00 -8.125981e-03 3.691539e-01 2.746126e-01 2.588034e-01 -3.287097e-01 1.331927e+00 4.214408e-01 -1.491360e+00 -4.579672e-01 7.895458e-01 -6.080487e-01 -3.973302e-01 9.238502e-02 -1.106679e-02
<VARIANCE> 39
 3.039591e+00 2.486187e+00 9.142059e+00 2.590859e+00 5.530908e+00 4.137816e+01 1.378090e+01 1.314157e+00 2.363245e+01 5.628687e+00 5.381255e+00 1.187906e+01 5.000000e-02 2.447247e-01 1.371512e-01 3.759078e-01 1.681582e-01 4.816825e-01 2.573175e-01 7.422635e-01 6.865643e-01 2.407218e+00 1.477669e+00 3.498961e-01 1.117595e+00 5.000000e-02 5.000000e-02 9.182204e-02 8.440322e-02 1.033742e-01 1.945790e-01 7.433697e-02 1.445046e-01 5.096063e-02 5.491771e-01 2.505964e-01 2.808001e-01 7.717619e-02 5.000000e-02
<GCONST> 5.158014e+01
<STATE> 11
<MEAN> 39
 -8.930540e+00 -2.023003e+01 -1.268659e+01 -1.004466e+01 -3.413878e+00 -1.582695e+01 1.414591e+01 4.330811e+00 -1.195174e+00 -9.080051e+00 -2.684452e+00 -7.001675e-02 9.440734e-01 2.091975e-01 -1.218367e+00 -1.671911e+00 1.489991e+00 4.048639e+00 1.174237e+00 -1.324370e+00 -9.301466e-02 1.860640e-01 -3.085793e+00 -5.617111e-01 1.681291e+00 -2.804937e-04 5.905363e-01 4.546790e-01 4.758032e-01 -1.223488e+00 -3.672117e-01 2.428207e-01 -1.348073e+00 -3.365041e-01 1.448981e+00 1.580563e+00 -3.198089e-01 -1.270347e+00 1.332125e-03
<VARIANCE> 39
 1.939034e+00 2.589211e+00 1.680825e+01 3.260711e+00 9.109643e+00 4.325402e+01 1.455376e+01 4.959252e+00 1.386920e+01 7.513249e+00 1.579948e+01 2.632024e+01 5.000000e-02 3.312828e-01 1.404062e-01 3.423745e-01 1.283468e+00 8.320692e-01 2.685398e-01 1.807166e+00 3.957985e-01 1.216557e+00 2.825125e+00 1.390379e-01 1.535850e+00 5.000000e-02 5.000000e-02 5.000000e-02 6.688415e-02 1.015286e-01 3.788391e-01 8.962704e-02 8.030260e-02 1.765082e-01 4.611457e-01 3.328203e-01 2.321109e-01 2.282144e-01 5.000000e-02
<GCONST> 5.977127e+01
<STATE> 12
<MEAN> 39
 -8.098305e+00 -2.251058e+01 -1.252814e+01 -1.043808e+01 -6.089576e-01 -1.344889e+01 8.024838e+00 1.981192e+00 2.254022e+00 -8.750643e+00 -5.253655e+00 1.146191e+00 9.720757e-01 1.132327e+00 -7.235330e-01 -1.494517e+00 -7.071957e-01 2.241073e+00 6.471456e-01 -3.616982e+00 -7.625690e-01 2.203468e+00 5.174605e-01 -1.670276e+00 -1.761445e+00 6.340886e-03 6.348687e-01 4.925828e-01 6.939518e-01 -9.204593e-01 -1.184035e+00 -3.302472e-02 -6.289002e-01 1.245223e-02 4.929633e-01 1.921398e+00 -2.741473e-01 -1.443481e+00 -5.774756e-03
<VARIANCE> 39
 1.781290e+00 2.163117e+00 1.007927e+01 2.164054e+00 9.594709e+00 1.703869e+01 4.729091e+00 2.597143e+00 1.760468e+01 4.123990e+00 8.982884e+00 1.706653e+01 5.000000e-02 1.388836e-01 1.328295e-01 5.000000e-02 1.327151e+00 1.634071e+00 1.136167e+00 7.127522e-01 5.000000e-02 1.421217e+00 2.571721e+00 1.285298e+00 1.278151e+00 5.000000e-02 5.000000e-02 5.000000e-02 1.274541e-01 8.120017e-02 4.577608e-01 5.000000e-02 3.582904e-01 2.073523e-01 3.790520e-01 3.284101e-01 1.505762e-01 2.633328e-01 5.000000e-02
<GCONST> 5.416460e+01
<STATE> 13
<MEAN> 39
 -5.822320e+00 -2.234754e+01 -1.769678e+01 -1.489046e+01 7.287599e-01 -1.260701e+01 2.333454e+00 1.137845e+00 5.774004e+00 -7.111458e+00 -7.516655e+00 -5.992702e+00 9.787729e-01 2.404786e+00 2.268600e-01 7.744665e-01 -1.191251e+00 -6.615950e-01 1.104234e+00 -2.782934e+00 3.274413e-01 1.281591e+00 2.185182e+00 -1.512197e+00 -2.427652e+00 -2.228395e-02 5.271915e-01 1.400797e-01 1.269639e+00 8.726147e-01 -1.192502e+00 -4.534070e-01 6.119317e-01 2.482351e-01 -8.932855e-01 3.089606e-01 4.517572e-01 6.261632e-01 -2.886366e-02
<VARIANCE> 39
 6.148232e+00 2.077730e+00 1.260503e+01 3.950663e+00 5.919012e+00 2.634863e+01 1.235931e+01 4.413194e+00 1.183774e+01 8.359147e+00 6.884690e+00 1.651217e+01 5.000000e-02 3.602688e-01 2.955504e-01 1.881377e+00 1.306861e+00 4.705190e+00 1.492038e+00 2.174699e+00 1.459628e+00 1.837299e+00 1.342432e+00 1.534611e+00 1.745955e+00 5.000000e-02 1.043200e-01 5.000000e-02 8.146924e-02 4.744183e-01 2.356265e-01 2.930404e-01 7.239805e-02 1.182419e-01 1.144981e-01 3.092951e-01 1.522902e-01 3.209993e-01 5.000000e-02
<GCONST> 6.887241e+01
<STATE> 14
<MEAN> 39
 -1.618991e+00 -2.017608e+01 -1.295041e+01 -1.518413e+01 -1.296429e-01 -1.016182e+01 1.596563e+00 4.074234e+00 7.249360e+00 -1.513270e-01 -8.252624e+00 -1.002334e+01 9.404809e-01 2.917780e+00 -1.652800e-01 2.532294e+00 1.150932e+00 -1.072794e+00 -3.011680e-01 -1.638268e+00 5.922154e-01 -8.384134e-01 1.825449e+00 -4.310187e-01 -4.472727e-01 -7.267249e-02 -1.336681e-01 -1.229029e-01 6.163018e-01 1.235040e+00 -7.270885e-01 -3.845479e-01 9.242204e-01 -1.169776e-01 -6.769490e-01 -6.708371e-01 9.211134e-01 1.393171e+00 -2.832519e-02
<VARIANCE> 39
 9.575992e+00 6.631407e+00 5.012585e-01 8.105673e+00 2.352979e+01 9.988008e-01 3.225267e+01 2.356005e+01 9.781434e+00 6.346169e+00 6.696037e+00 1.910666e+01 5.000000e-02 3.215460e-01 3.434635e-01 1.885760e+00 4.946112e+00 3.721515e+00 2.544159e+00 9.272324e-01 4.424297e-01 1.411712e+00 2.684801e+00 1.461122e+00 6.262273e+00 5.000000e-02 1.248285e-01 9.040867e-02 3.019417e-01 6.056603e-02 8.344592e-01 1.456388e-01 6.140652e-01 4.852523e-01 5.151756e-01 1.118262e-01 1.091583e-01 5.633773e-02 5.000000e-02
<GCONST> 7.219631e+01
<STATE> 15
<MEAN> 39
 3.138505e+00 -2.272233e+01 -8.629917e+00 -1.094281e+01 -4.398573e+00 -1.386529e+01 -2.904560e+00 2.342833e+00 2.467580e+00 -1.664585e+00 -1.009153e+01 -5.278279e+00 8.023074e-01 2.224433e+00 -3.833755e-01 2.553680e+00 2.690401e+00 -2.122865e+00 -5.373317e-01 -4.512988e-01 -1.961011e-01 -8.404950e-01 6.304592e-01 1.277331e+00 1.840042e+00 -1.086021e-01 -8.044326e-01 -1.745728e-01 -4.055791e-01 6.529938e-01 -6.493892e-02 2.672050e-01 1.165910e+00 -1.762564e-02 2.075109e-01 -9.043940e-01 8.002172e-01 6.591651e-01 -8.658862e-03
<VARIANCE> 39
 8.818166e+00 3.775480e+00 7.262908e+00 3.367308e+01 5.292617e+01 3.067665e+01 2.815920e+01 1.487813e+01 6.150565e+01 1.961938e+01 2.105785e+01 2.316807e+01 5.000000e-02 6.755435e-01 2.258094e-01 1.266252e+00 1.830259e+00 8.926989e-01 2.619450e+00 9.371092e-01 1.976422e+00 1.274980e+00 2.458134e+00 3.364678e-01 2.243730e+00 5.000000e-02 1.320873e-01 1.517012e-01 6.649959e-01 9.779413e-01 1.428785e+00 5.524496e-01 7.542077e-01 5.402851e-01 9.342495e-01 4.550838e-01 3.868768e-01 8.454157e-01 5.000000e-02
<GCONST> 9.225031e+01
<STATE> 16
<MEAN> 39
 3.665489e+00 -2.276533e+01 -6.938886e+00 -7.000474e+00 -5.378406e+00 -1.216347e+01 1.237424e+00 4.657336e+00 4.884358e+00 -1.582770e+00 -5.167587e+00 -3.236988e+00 6.157553e-01 2.764264e-01 -4.040947e-01 5.121302e-01 2.011665e+00 -1.243712e+00 5.952593e-01 9.504795e-01 4.748839e-01 7.193692e-01 -4.605299e-01 1.298267e+00 8.945218e-01 -7.561358e-02 -6.102987e-01 1.506766e-01 -8.348399e-01 -2.739317e-01 2.825125e-01 2.286852e-01 6.945769e-01 -5.964664e-02 -1.300392e-01 -3.734284e-01 -3.466737e-02 -3.596393e-01 1.987956e-02
<VARIANCE> 39
 1.289295e+00 4.661360e+00 4.235260e+00 2.493336e+01 3.213376e+01 1.154346e+01 9.453813e+00 9.320776e+00 1.023942e+01 3.484765e+01 2.220027e+01 2.029280e+01 5.000000e-02 1.427064e+00 4.210669e-01 3.104257e+00 2.061900e+00 2.891056e+00 3.428446e+00 3.883011e+00 3.952784e+00 5.226646e+00 1.118332e+00 6.710422e-01 1.869281e+00 5.000000e-02 9.885777e-02 8.338828e-02 1.956301e-01 9.273930e-01 5.724844e-01 4.303556e-01 2.002542e-01 3.861705e-01 4.231088e-01 6.652092e-01 3.673690e-01 1.127933e+00 5.000000e-02
<GCONST> 8.727486e+01
<STATE> 17
<MEAN> 39
 2.800834e+00 -2.391794e+01 -8.484911e+00 -4.746852e+00 -9.067464e+00 -1.117049e+01 1.329620e+00 3.128060e+00 4.951064e+00 -3.207444e+00 -3.906603e+00 -2.364465e+00 5.593563e-01 1.805230e-01 1.126933e-01 1.719343e-02 1.916768e+00 -5.816246e-01 7.379478e-01 1.915038e+00 4.678524e-02 -1.306114e+00 -7.014039e-01 8.932623e-01 2.289924e-01 -3.693450e-02 -1.375483e-01 2.498945e-01 -1.631445e-01 -1.920503e-01 5.449027e-01 3.017482e-03 6.794865e-02 -1.571246e-01 -4.325254e-01 -1.352329e-01 1.350644e-02 6.512474e-02 1.390244e-02
<VARIANCE> 39
 6.121760e-01 3.564703e+00 1.342357e+01 8.623835e+00 6.910225e+00 7.868672e+00 3.880334e+01 4.121585e+01 1.725358e+01 1.026816e+01 6.806537e+00 8.701933e+00 5.000000e-02 1.451665e-01 5.275587e-01 1.849031e+00 5.239373e+00 4.409718e+00 5.787499e-01 1.144393e+00 1.576172e+00 1.697099e+00 1.016467e+00 2.478326e+00 3.764110e+00 5.000000e-02 2.302557e-01 8.611149e-02 5.031771e-01 1.288641e-01 1.676442e-01 3.419855e-01 5.201021e-01 5.701454e-01 7.578677e-01 3.331897e-01 1.288146e-01 2.323576e-01 5.000000e-02
<GCONST> 7.724413e+01
<STATE> 18
<MEAN> 39
 4.047658e+00 -2.113714e+01 -7.751978e+00 -1.299529e+00 -6.423832e+00 -9.769495e+00 5.493733e+00 3.538728e+00 1.416135e+00 -4.213701e+00 -2.546769e+00 -2.855653e+00 5.242236e-01 1.949802e-01 6.279849e-01 2.540716e-02 1.169236e+00 3.753899e-01 1.876081e-01 5.854778e-01 -3.926925e-01 -7.978256e-01 -2.383080e-01 1.358116e+00 7.920908e-01 -2.678631e-02 -1.338986e-01 3.736687e-02 -1.475736e-01 -6.368157e-01 -4.676070e-02 -4.396080e-01 -7.046105e-01 -7.581960e-02 6.593439e-01 3.272753e-01 -5.580161e-03 4.243263e-02 5.963938e-03
<VARIANCE> 39
 6.904290e-01 9.992836e+00 2.327023e+01 5.367318e+00 9.587076e+00 6.281092e+00 1.937277e+01 1.255477e+01 7.371405e+00 1.721227e+01 1.923589e+01 8.136576e+00 5.000000e-02 5.000000e-02 4.690432e-01 4.238593e-01 1.677100e+00 3.535551e+00 6.353812e-01 1.478575e+00 1.817137e+00 1.566191e+00 2.856869e+00 4.946206e-01 9.013785e-01 5.000000e-02 9.307121e-02 9.160788e-02 5.894129e-01 6.297722e-01 3.654772e-01 2.377477e-01 2.576562e-01 2.077845e-01 3.345538e-01 2.195005e-01 2.942482e-01 2.849761e-01 5.000000e-02
<GCONST> 7.111523e+01
<STATE> 19
<MEAN> 39
 2.851183e+00 -2.298930e+01 -7.027742e+00 -1.180046e+00 -5.341742e+00 -9.138507e+00 5.691635e+00 2.200684e+00 1.849747e+00 -3.992706e+00 -1.454173e+00 -7.956198e-01 5.098433e-01 -1.247006e-01 -1.707350e-02 -7.721321e-01 -5.494220e-01 -6.170822e-01 -5.071465e-01 -2.823016e-02 1.947338e-01 5.975538e-01 2.617991e-01 8.631735e-01 3.328701e-01 -1.626896e-02 -1.333780e-01 -4.109541e-02 -2.643073e-01 -9.157537e-01 -5.757151e-02 -2.478945e-01 -6.471170e-01 1.631429e-01 6.153405e-01 3.141450e-01 -4.633237e-01 -4.138886e-01 1.041687e-02
<VARIANCE> 39
 1.352777e+00 4.169924e+00 8.543023e+00 1.503412e+01 6.989897e+00 8.228271e+00 9.555694e+00 2.402812e+01 1.636602e+01 8.810203e+00 2.599738e+00 9.924595e+00 5.000000e-02 9.656656e-02 4.236366e-01 1.771740e+00 1.955835e+00 1.129289e+00 5.708896e-01 2.548786e+00 5.059698e-01 1.004146e+00 1.829120e+00 8.306564e-01 3.033512e-01 5.000000e-02 5.000000e-02 7.245226e-02 2.399649e-01 8.284394e-01 4.619021e-01 1.916353e-01 9.793255e-02 3.474923e-01 1.837073e-01 2.465254e-01 6.020692e-02 2.173807e-01 5.000000e-02
<GCONST> 6.360488e+01
<STATE> 20
<MEAN> 39
 3.289974e+00 -2.167909e+01 -8.706553e+00 -3.618102e+00 -8.150810e+00 -1.232561e+01 2.552206e+00 3.887702e+00 4.316308e+00 -2.805022e+00 -3.394553e-01 -1.211626e+00 4.762338e-01 -1.921475e-01 3.515282e-01 -3.641170e-01 -5.977315e-01 -5.538536e-01 -6.659863e-01 -8.155592e-01 -1.671995e-01 9.333552e-01 1.479162e-01 3.143159e-02 -3.294843e-01 -1.469797e-02 -9.501470e-02 -2.711629e-03 1.316449e-01 1.565082e-01 2.239050e-01 6.443277e-02 -8.585758e-02 -4.731975e-02 -2.420231e-01 -3.209866e-01 -5.462735e-01 -1.090421e-01 2.005795e-03
<VARIANCE> 39
 1.486017e+00 6.985512e+00 6.286882e+00 8.161496e+00 1.296933e+01 4.306687e+00 3.352958e+00 1.180606e+01 3.147598e+00 6.453264e+00 9.074042e+00 7.627924e+00 5.000000e-02 3.378674e-01 6.636159e-01 1.037716e+00 2.188527e+00 1.137352e+00 1.086087e+00 1.021900e+00 1.498392e+00 5.522922e-01 7.343914e-01 3.113484e-01 6.157841e-01 5.000000e-02 5.000000e-02 5.000000e-02 1.815509e-01 1.263252e-01 2.684739e-01 6.401122e-02 3.037239e-01 1.638431e-01 3.026018e-01 2.945471e-01 7.366279e-02 2.014031e-01 5.000000e-02
<GCONST> 5.786674e+01
<STATE> 21
<MEAN> 39
 3.001484e+00 -2.000350e+01 -9.730443e+00 -4.630136e+00 -8.153113e+00 -1.141990e+01 2.546403e+00 1.711661e+00 6.494919e+00 -6.249560e-01 -1.600575e-01 -2.232622e+00 4.692844e-01 -3.875009e-01 1.412973e-01 -1.577166e-02 1.820740e-01 2.787424e-01 3.105177e-02 -2.892330e-01 -3.104281e-01 -7.991777e-03 -8.838018e-01 -8.207263e-01 3.427984e-01 -1.332454e-02 -1.446760e-01 4.342258e-02 4.351660e-01 6.118540e-01 5.168630e-01 2.484355e-01 1.505405e-01 1.426043e-01 -3.298765e-01 -3.318015e-01 -2.440377e-01 2.306572e-01 -5.056622e-03
<VARIANCE> 39
 4.874223e+00 7.778200e+00 2.728050e+00 6.563161e+00 2.112809e+01 3.753970e+00 3.996754e+00 7.876158e+00 4.191218e+00 2.594168e+01 2.168166e+00 5.641913e+00 5.000000e-02 5.644433e-01 4.126953e-01 2.110367e-01 8.572943e-01 1.338599e+00 6.897445e-01 7.067754e-01 1.226149e+00 4.920816e+00 1.608224e+00 8.853063e-01 4.552875e-01 5.000000e-02 5.000000e-02 9.256149e-02 2.720290e-01 2.852983e-01 2.406004e-01 1.196552e-01 2.045218e-01 8.261997e-02 1.465788e-01 6.995958e-02 5.000000e-02 2.521172e-01 5.000000e-02
<GCONST> 5.748270e+01
<STATE> 22
<MEAN> 39
 2.158219e+00 -2.148920e+01 -9.280431e+00 -2.998791e+00 -8.273147e+00 -1.293717e+01 1.857750e+00 2.693720e+00 2.799045e+00 -5.830499e+00 -2.721803e+00 -1.302347e+00 4.533654e-01 -6.436029e-01 2.125321e-01 5.321487e-01 9.304742e-01 6.373675e-01 -3.658855e-02 -3.787467e-01 1.228388e-01 -2.710449e-01 -7.570192e-01 -7.405449e-01 3.920296e-01 -2.866355e-02 -1.874292e-01 1.445633e-01 1.746867e-01 2.270322e-01 4.675409e-01 4.327000e-01 4.015742e-01 3.391331e-01 1.464583e-01 3.546149e-01 2.380692e-01 2.167236e-02 -1.161463e-02
<VARIANCE> 39
 1.290519e+01 1.285238e+01 4.148662e+00 1.310021e+01 1.515622e+01 6.916439e+00 1.308598e+01 1.452469e+01 4.322265e+01 1.669298e+01 4.386094e+00 9.855796e+00 5.000000e-02 3.198607e-01 8.760921e-02 3.214082e-01 2.036875e-01 1.208834e+00 6.062710e-01 1.279410e+00 1.124837e+00 2.029050e+00 1.036649e+00 2.712715e-01 2.071717e+00 5.000000e-02 2.181647e-01 1.059920e-01 9.097690e-02 2.835983e-01 3.653850e-01 3.430606e-01 2.649380e-01 3.107331e-01 1.133354e+00 3.350458e-01 1.383815e-01 1.116608e-01 5.000000e-02
<GCONST> 6.882745e+01
<STATE> 23
<MEAN> 39
 1.388187e+00 -2.081342e+01 -7.021678e+00 -2.321331e-01 -5.737363e+00 -1.286155e+01 7.773426e-03 1.335342e+00 4.666317e+00 -3.708158e+00 -3.612389e+00 -1.278208e+00 3.941213e-01 -8.100757e-01 7.915235e-01 9.680240e-01 1.072315e+00 1.773345e+00 1.001986e+00 3.505936e-01 6.163109e-01 4.391530e-01 8.765906e-02 -2.329387e-01 2.139522e-01 -4.440908e-02 -1.524260e-01 2.352993e-01 -2.599494e-01 -3.951790e-01 -3.491227e-02 3.085077e-01 5.122063e-01 1.264446e-01 -1.821763e-02 3.059553e-01 5.649807e-01 -1.136046e-01 -9.964759e-03
<VARIANCE> 39
 1.035184e+01 7.031560e+00 6.610440e-01 1.914319e+00 1.505668e+01 9.007233e+00 9.439853e+00 2.028583e+01 2.341021e+01 8.083874e+00 2.766335e+00 7.702587e+00 5.000000e-02 1.051225e+00 2.446665e-01 4.071020e-01 5.848042e-01 1.962602e+00 1.748897e+00 1.276047e+00 3.097247e-01 1.876054e+00 1.312736e+00 1.207051e-01 1.153241e+00 5.000000e-02 1.312664e-01 9.209899e-02 1.071971e-01 5.000000e-02 2.814153e-01 2.715045e-01 2.571240e-01 4.772094e-01 1.109533e+00 2.768738e-01 1.893990e-01 3.680826e-01 5.000000e-02
<GCONST> 6.396366e+01
<STATE> 24
<MEAN> 39
 -1.870663e-01 -1.913555e+01 -5.903837e+00 -2.929937e-01 -3.237609e+00 -8.876511e+00 2.942816e+00 5.214396e+00 5.626395e+00 -5.160865e+00 -2.927171e+00 4.891525e-01 3.213682e-01 -1.135536e+00 9.501279e-01 -1.375390e-01 -1.023645e-01 6.493007e-01 1.111642e+00 1.412637e+00 1.305912e+00 1.029872e+00 1.238117e+00 1.429880e+00 -2.860327e-01 -5.959520e-02 1.036131e-01 -1.804735e-03 -4.587354e-01 -4.057395e-01 -4.961710e-01 -1.726521e-01 9.043936e-02 -2.698647e-01 -4.781069e-01 8.528578e-02 3.402877e-01 -2.277053e-01 6.786743e-04
<VARIANCE> 39
 6.154047e+00 1.008864e+01 4.625742e+00 4.322781e+00 1.334276e+01 7.925476e+00 1.842620e+01 1.194937e+01 7.833372e+00 2.918628e+01 8.049861e+00 1.881318e+01 5.000000e-02 1.071971e+00 4.852179e-01 7.875823e-01 8.519905e-01 1.230994e+00 2.540995e+00 1.866946e+00 2.292839e+00 5.738815e+00 8.196057e-01 1.567688e+00 1.868890e+00 5.000000e-02 1.175583e-01 5.000000e-02 9.063838e-02 5.000000e-02 3.327286e-01 2.132811e-01 4.220980e-01 2.579294e-01 3.056748e-01 4.765414e-01 1.513492e-01 4.536793e-01 5.000000e-02
<GCONST> 7.448567e+01
<STATE> 25
<MEAN> 39
 -1.488028e+00 -1.803083e+01 -8.268792e+00 -2.039748e+00 -4.311159e+00 -9.721027e+00 4.381519e+00 5.026154e+00 6.057014e+00 -2.101458e+00 -3.742519e-01 -1.886684e+00 2.507560e-01 -7.936704e-01 5.637013e-01 -7.601464e-01 -4.524382e-01 3.635075e-01 4.941916e-01 4.689367e-01 -6.870863e-01 -1.655422e+00 -5.828329e-01 4.795912e-01 -3.370858e-02 -4.721642e-02 1.624161e-01 -1.413048e-01 1.095439e-01 -7.840044e-03 -7.276348e-02 -3.167346e-01 -3.586013e-01 -2.922596e-01 -2.347672e-01 -2.271298e-01 -2.830388e-02 1.309109e-01 8.177792e-03
<VARIANCE> 39
 5.539331e+00 1.791734e+01 6.650691e+00 3.421496e+00 3.694488e+00 1.364725e+01 1.313369e+00 6.803945e+00 1.293519e+01 2.904058e+00 9.924597e+00 1.413688e+01 5.000000e-02 6.029847e-01 6.352761e-01 7.745724e-01 9.910849e-01 1.485024e+00 5.186464e-01 1.126743e+00 1.599985e+00 1.549045e+00 2.509872e+00 9.089035e-01 1.317210e+00 5.000000e-02 8.844840e-02 2.066635e-01 1.396431e-01 1.660012e-01 2.969770e-01 2.397216e-01 8.907688e-02 2.824060e-01 4.346809e-01 1.819731e-01 2.825688e-01 1.285300e-01 5.000000e-02
<GCONST> 6.579098e+01
<STATE> 26
<MEAN> 39
 -2.939900e+00 -1.640676e+01 -8.600002e+00 -2.160261e+00 -2.636330e+00 -8.199306e+00 5.727211e+00 4.651630e+00 1.673645e+00 -4.947405e+00 5.343192e-01 -8.085681e-01 1.299614e-01 -4.057713e-01 2.541080e-01 4.498466e-01 1.651074e-01 6.435055e-02 -3.369016e-01 -4.427820e-01 -3.640900e-01 -2.578968e-01 2.607693e-01 5.896649e-01 -9.375395e-02 -2.754605e-02 2.394928e-01 -3.030046e-02 3.858196e-01 1.135028e-01 -4.611715e-02 -2.326222e-01 -3.510018e-01 -1.913560e-01 3.925904e-01 2.720397e-01 -2.315144e-01 3.750177e-02 1.342550e-02
<VARIANCE> 39
 4.059412e+00 1.830463e+01 5.525433e+00 8.327957e+00 1.300500e+00 5.632528e+00 3.561569e+00 1.905610e+01 1.192237e+01 3.755265e+00 8.271554e+00 5.374986e+00 5.000000e-02 4.523755e-01 4.700654e-01 6.706690e-01 2.475166e-01 5.553904e-01 2.829926e-01 2.725238e-01 7.445627e-01 1.281597e+00 7.512400e-01 1.096366e+00 6.480011e-01 5.000000e-02 6.159329e-02 1.246366e-01 8.230167e-02 1.562550e-01 1.822278e-01 2.146363e-01 1.082017e-01 1.944037e-01 6.527368e-01 4.588184e-01 3.727959e-01 4.008031e-01 5.000000e-02
<GCONST> 5.803040e+01
<STATE> 27
<MEAN> 39
 -3.068703e+00 -1.734389e+01 -6.814440e+00 -1.209856e+00 -3.188533e+00 -9.271402e+00 2.489714e+00 2.387578e+00 2.604444e+00 -3.349098e+00 9.054670e-02 1.381086e-01 1.519467e-01 1.546278e-01 7.086629e-01 9.357145e-01 1.065755e-01 5.185069e-01 -1.826645e-01 -3.343154e-01 -1.673457e-01 2.559411e-01 5.942379e-01 4.838862e-01 7.880654e-01 2.343902e-03 -2.709542e-02 1.998212e-01 1.694157e-01 -1.342762e-01 8.963953e-02 1.828632e-01 7.083721e-02 7.141872e-02 2.462315e-01 -2.131059e-02 -2.565427e-01 -4.045485e-02 5.625381e-03
<VARIANCE> 39
 1.124589e+01 5.714446e+00 4.327506e+00 4.341128e+00 1.097597e+01 1.085108e+01 4.784507e+00 1.293872e+00 1.413235e+01 8.990317e+00 1.069226e+01 7.170793e+00 5.000000e-02 2.080221e-01 8.795219e-01 8.764674e-01 5.710323e-01 1.721928e+00 8.087375e-01 2.239326e-01 2.402901e-01 1.457422e+00 1.148921e+00 1.257856e+00 1.283864e+00 5.000000e-02 1.246079e-01 5.598646e-02 1.464412e-01 9.462359e-02 2.318438e-01 8.838571e-02 1.629543e-01 8.923749e-02 1.866520e-01 3.125626e-01 1.466729e-01 2.453960e-01 5.000000e-02
<GCONST> 5.805766e+01
<STATE> 28
<MEAN> 39
 -2.460598e+00 -1.497282e+01 -6.058783e+00 -2.354671e+00 -3.193468e+00 -9.838826e+00 3.771478e+00 3.892933e+00 4.536088e+00 -1.406033e+00 2.827157e+00 -5.429894e-01 1.574330e-01 -3.082350e-01 6.558567e-01 3.652489e-01 -3.050203e-01 6.663077e-01 1.987122e-01 -3.190722e-01 -6.224194e-01 -5.699947e-02 7.173977e-02 -2.985011e-01 -1.408445e-01 -1.029676e-02 -2.590769e-01 -7.068651e-02 -1.088289e-01 9.455978e-02 2.495223e-01 2.940367e-01 8.828975e-02 -4.907112e-02 -7.538423e-02 -3.953291e-01 -3.402531e-01 -2.055610e-01 -7.737866e-03
<VARIANCE> 39
 8.201365e+00 9.718345e+00 7.632552e+00 6.320549e+00 1.402587e+01 1.315048e+01 5.136390e+00 1.673761e+01 1.500041e+01 7.180632e+00 3.389253e+00 8.229322e+00 5.000000e-02 3.396968e-01 8.411608e-01 4.038127e-01 5.333484e-01 5.280752e-01 1.439107e+00 8.258583e-01 6.038756e-01 1.160003e+00 1.114087e+00 7.362599e-01 1.150053e+00 5.000000e-02 1.051554e-01 5.000000e-02 2.558278e-01 1.977905e-01 2.831838e-01 1.068384e-01 5.000000e-02 1.510578e-01 2.381415e-01 1.067689e-01 1.984429e-01 2.037196e-01 5.000000e-02
<GCONST> 6.145950e+01
<STATE> 29
<MEAN> 39
 -3.174060e+00 -1.588283e+01 -6.260838e+00 -1.800472e+00 -5.549543e-01 -8.895962e+00 2.570772e+00 8.154906e-01 3.278496e+00 -3.547828e+00 -1.656999e+00 -2.802316e-01 1.768675e-01 -9.942802e-01 5.175622e-01 5.877329e-01 1.578644e-02 5.235333e-01 7.761919e-01 3.949310e-02 -6.635118e-01 6.787009e-02 -3.292734e-01 -7.770740e-01 -5.854480e-01 -3.138185e-02 -1.328143e-01 4.248792e-02 3.804853e-02 8.529622e-02 -9.656035e-02 6.346957e-02 -6.073693e-02 8.146556e-02 4.476228e-02 8.701825e-02 2.515890e-01 -1.384424e-01 -1.127943e-02
<VARIANCE> 39
 3.261577e+00 3.064966e+01 1.599727e+01 1.058403e+00 7.672905e+00 1.091666e+01 7.501186e+00 8.868336e+00 1.258487e+01 3.100316e+00 6.316902e+00 7.431890e+00 5.000000e-02 6.507033e-01 5.635803e-01 1.363284e+00 1.277215e+00 1.473511e+00 1.790566e-01 6.679304e-01 7.929089e-01 2.215850e+00 3.328096e-01 6.477082e-01 1.755237e+00 5.000000e-02 5.000000e-02 1.630897e-01 2.477330e-01 1.037562e-01 7.500933e-02 1.989359e-01 1.602091e-01 2.363207e-01 3.683745e-01 5.000000e-02 1.368340e-01 1.898852e-01 5.000000e-02
<GCONST> 6.007595e+01
<STATE> 30
<MEAN> 39
 -5.489148e+00 -1.410258e+01 -4.749112e+00 -1.333264e+00 -4.218892e-01 -6.735206e+00 3.759226e+00 9.957201e-01 2.776825e+00 -3.950960e+00 4.000627e-01 -3.374606e+00 4.620922e-02 -4.937761e-01 8.365616e-01 5.582242e-01 3.581578e-01 4.851493e-01 3.604827e-01 -2.166054e-01 -1.565079e-01 2.795112e-01 -5.438777e-02 2.155353e-01 -3.186160e-01 -3.210005e-02 1.726324e-01 9.923832e-02 6.987684e-03 -2.025668e-01 -3.491136e-01 -3.265741e-01 -1.268571e-01 3.353165e-01 1.721469e-01 3.374684e-01 3.570694e-01 4.777938e-01 4.077762e-03
<VARIANCE> 39
 1.474875e+00 4.887601e+00 2.870656e+00 7.656684e+00 2.277908e+00 9.846129e+00 9.273199e+00 3.892087e+00 2.502237e+01 5.620783e+00 4.520696e+00 7.079831e+00 5.000000e-02 5.774136e-01 3.698309e-01 9.840189e-01 1.267793e+00 7.240587e-01 6.550230e-01 3.910848e-01 1.666781e+00 1.021395e+00 7.977156e-01 5.938041e-01 3.559309e-01 5.000000e-02 5.000000e-02 8.340678e-02 1.485217e-01 2.432280e-01 1.629756e-01 1.563230e-01 3.472445e-01 1.622639e-01 4.330083e-01 5.702722e-02 7.323977e-02 2.383867e-01 5.000000e-02
<GCONST> 5.551238e+01
<STATE> 31
<MEAN> 39
 -5.248536e+00 -1.214726e+01 -4.007684e+00 -1.848490e+00 -2.764028e-01 -8.325930e+00 1.501631e+00 1.014769e+00 4.855117e+00 -2.404231e+00 -1.810751e-01 -1.520723e+00 5.561428e-02 -3.641410e-01 6.418164e-01 4.006556e-01 -2.334113e-01 -6.770119e-03 -1.672366e-01 -2.697946e-01 2.347908e-01 4.071844e-01 8.874615e-01 1.170186e+00 8.599245e-01 -2.034945e-02 1.645154e-01 -2.012582e-01 -1.094929e-01 5.801427e-03 -9.196870e-03 -1.917191e-02 1.570591e-01 -5.577445e-02 -3.305626e-01 -3.664960e-02 1.517580e-01 2.517560e-01 9.930284e-03
<VARIANCE> 39
 3.493531e+00 6.663607e+00 3.219135e+00 1.056311e+01 1.202304e+01 2.754731e+00 6.867834e+00 9.158503e+00 6.761224e+00 1.009958e+01 6.703803e+00 1.367340e+01 5.000000e-02 3.657786e-01 3.838138e-01 5.200314e-01 1.241828e+00 4.002221e-01 6.577734e-01 1.666945e+00 1.666366e+00 4.074678e+00 8.398486e-01 5.055326e-01 9.007013e-01 5.000000e-02 7.566202e-02 5.000000e-02 1.985603e-01 2.593921e-01 1.284636e-01 5.000000e-02 1.284956e-01 1.824821e-01 5.584676e-01 5.228934e-01 1.941174e-01 2.286421e-01 5.000000e-02
<GCONST> 6.178758e+01
<STATE> 32
<MEAN> 39
 -5.331525e+00 -1.163227e+01 -3.099982e+00 -2.246031e+00 2.837006e-01 -7.816140e+00 2.248481e+00 2.663067e+00 4.562139e+00 -1.320741e+00 3.180819e+00 6.853905e-01 2.956463e-02 -9.110412e-02 3.091503e-01 2.874649e-01 -1.899168e-01 4.412987e-02 6.338044e-02 -2.388964e-01 -2.968450e-01 -4.617886e-01 -1.207587e-01 2.423145e-01 7.035760e-01 -2.963913e-04 1.802474e-01 -5.547867e-02 -5.567720e-02 7.415319e-02 2.127936e-01 3.769492e-01 7.743195e-02 -3.265947e-01 -2.652800e-01 -3.026072e-01 -3.923267e-01 -3.204697e-01 8.870693e-03
<VARIANCE> 39
 2.084197e+00 1.482926e+01 1.086341e+01 8.517285e+00 6.426333e+00 7.849750e+00 1.143287e+01 1.640795e+01 7.380292e+00 4.866650e+00 7.198833e+00 4.237309e+00 5.000000e-02 2.125262e-01 3.985010e-01 7.147227e-01 7.956794e-01 4.547424e-01 9.480373e-01 1.209074e+00 3.420271e-01 1.656701e+00 2.278527e+00 4.424616e-01 8.426651e-01 5.000000e-02 7.073587e-02 5.269519e-02 2.678878e-01 2.457797e-01 2.211408e-01 3.139781e-01 4.020596e-01 2.587350e-01 3.591147e-01 5.000000e-02 1.460197e-01 1.001025e-01 5.000000e-02
<GCONST> 6.089846e+01
<STATE> 33
<MEAN> 39
 -6.297852e+00 -1.313998e+01 -3.800699e+00 -8.699379e-01 -2.125293e+00 -9.442017e+00 1.480289e+00 6.635190e-01 4.351542e+00 -2.648285e+00 1.180166e+00 -9.441175e-01 1.915043e-02 1.005943e-01 3.873884e-01 3.073370e-01 3.939268e-03 7.841988e-01 1.095028e+00 2.880908e-01 -5.170045e-01 -8.376377e-01 -5.701426e-01 -6.189774e-01 -3.683826e-01 3.657352e-03 2.276049e-01 1.745499e-01 5.939407e-02 -2.468067e-02 1.324654e-01 2.645921e-01 -2.255508e-02 -1.397205e-01 7.501376e-02 6.910796e-02 -1.143118e-01 -1.876614e-01 7.708447e-03
<VARIANCE> 39
 1.500141e+00 3.716836e+00 2.608691e+00 5.379415e+00 3.839227e+00 7.188237e+00 2.439992e+00 3.608903e+00 4.043607e+01 4.680407e+01 8.632353e+00 3.929680e+00 5.000000e-02 1.607187e-01 7.880853e-01 1.184940e+00 9.369849e-01 8.717027e-01 7.007982e-01 7.455232e-01 1.082929e+00 1.915330e+00 1.329022e+00 7.719901e-01 1.074692e+00 5.000000e-02 6.137576e-02 1.001953e-01 1.596397e-01 7.705820e-02 5.000000e-02 1.931633e-01 2.026479e-01 5.000000e-02 4.960566e-01 5.322464e-01 1.838214e-01 1.519413e-01 5.000000e-02
<GCONST> 5.806069e+01
<TRANSP> 34
 0.000000e+00 1.000000e+00 0.000000e+00 0.000000e+00 0.000000e+00 0.000000e+00 0.000000e+00 0.000000e+00 0.000000e+00 0.000000e+00 0.000000e+00 0.000000e+00 0.000000e+00 0.000000e+00 0.000000e+00 0.000000e+00 0.000000e+00 0.000000e+00 0.000000e+00 0.000000e+00 0.000000e+00 0.000000e+00 0.000000e+00 0.000000e+00 0.000000e+00 0.000000e+00 0.000000e+00 0.000000e+00 0.000000e+00 0.000000e+00 0.000000e+00 0.000000e+00 0.000000e+00 0.000000e+00
 0.000000e+00 4.999999e-01 5.000001e-01 0.000000e+00 0.000000e+00 0.000000e+00 0.000000e+00 0.000000e+00 0.000000e+00 0.000000e+00 0.000000e+00 0.000000e+00 0.000000e+00 0.000000e+00 0.000000e+00 0.000000e+00 0.000000e+00 0.000000e+00 0.000000e+00 0.000000e+00 0.000000e+00 0.000000e+00 0.000000e+00 0.000000e+00 0.000000e+00 0.000000e+00 0.000000e+00 0.000000e+00 0.000000e+00 0.000000e+00 0.000000e+00 0.000000e+00 0.000000e+00 0.000000e+00
 0.000000e+00 0.000000e+00 2.857743e-01 7.142257e-01 0.000000e+00 0.000000e+00 0.000000e+00 0.000000e+00 0.000000e+00 0.000000e+00 0.000000e+00 0.000000e+00 0.000000e+00 0.000000e+00 0.000000e+00 0.000000e+00 0.000000e+00 0.000000e+00 0.000000e+00 0.000000e+00 0.000000e+00 0.000000e+00 0.000000e+00 0.000000e+00 0.000000e+00 0.000000e+00 0.000000e+00 0.000000e+00 0.000000e+00 0.000000e+00 0.000000e+00 0.000000e+00 0.000000e+00 0.000000e+00
 0.000000e+00 0.000000e+00 0.000000e+00 2.856535e-01 7.143465e-01 0.000000e+00 0.000000e+00 0.000000e+00 0.000000e+00 0.000000e+00 0.000000e+00 0.000000e+00 0.000000e+00 0.000000e+00 0.000000e+00 0.000000e+00 0.000000e+00 0.000000e+00 0.000000e+00 0.000000e+00 0.000000e+00 0.000000e+00 0.000000e+00 0.000000e+00 0.000000e+00 0.000000e+00 0.000000e+00 0.000000e+00 0.000000e+00 0.000000e+00 0.000000e+00 0.000000e+00 0.000000e+00 0.000000e+00
 0.000000e+00 0.000000e+00 0.000000e+00 0.000000e+00 1.666761e-01 8.333239e-01 0.000000e+00 0.000000e+00 0.000000e+00 0.000000e+00 0.000000e+00 0.000000e+00 0.000000e+00 0.000000e+00 0.000000e+00 0.000000e+00 0.000000e+00 0.000000e+00 0.000000e+00 0.000000e+00 0.000000e+00 0.000000e+00 0.000000e+00 0.000000e+00 0.000000e+00 0.000000e+00 0.000000e+00 0.000000e+00 0.000000e+00 0.000000e+00 0.000000e+00 0.000000e+00 0.000000e+00 0.000000e+00
 0.000000e+00 0.000000e+00 0.000000e+00 0.000000e+00 0.000000e+00 3.134958e-01 6.865042e-01 0.000000e+00 0.000000e+00 0.000000e+00 0.000000e+00 0.000000e+00 0.000000e+00 0.000000e+00 0.000000e+00 0.000000e+00 0.000000e+00 0.000000e+00 0.000000e+00 0.000000e+00 0.000000e+00 0.000000e+00 0.000000e+00 0.000000e+00 0.000000e+00 0.000000e+00 0.000000e+00 0.000000e+00 0.000000e+00 0.000000e+00 0.000000e+00 0.000000e+00 0.000000e+00 0.000000e+00
 0.000000e+00 0.000000e+00 0.000000e+00 0.000000e+00 0.000000e+00 0.000000e+00 2.545865e-01 7.454135e-01 0.000000e+00 0.000000e+00 0.000000e+00 0.000000e+00 0.000000e+00 0.000000e+00 0.000000e+00 0.000000e+00 0.000000e+00 0.000000e+00 0.000000e+00 0.000000e+00 0.000000e+00 0.000000e+00 0.000000e+00 0.000000e+00 0.000000e+00 0.000000e+00 0.000000e+00 0.000000e+00 0.000000e+00 0.000000e+00 0.000000e+00 0.000000e+00 0.000000e+00 0.000000e+00
 0.000000e+00 0.000000e+00 0.000000e+00 0.000000e+00 0.000000e+00 0.000000e+00 0.000000e+00 4.450013e-01 5.549987e-01 0.000000e+00 0.000000e+00 0.000000e+00 0.000000e+00 0.000000e+00 0.000000e+00 0.000000e+00 0.000000e+00 0.000000e+00 0.000000e+00 0.000000e+00 0.000000e+00 0.000000e+00 0.000000e+00 0.000000e+00 0.000000e+00 0.000000e+00 0.000000e+00 0.000000e+00 0.000000e+00 0.000000e+00 0.000000e+00 0.000000e+00 0.000000e+00 0.000000e+00
 0.000000e+00 0.000000e+00 0.000000e+00 0.000000e+00 0.000000e+00 0.000000e+00 0.000000e+00 0.000000e+00 2.857145e-01 7.142855e-01 0.000000e+00 0.000000e+00 0.000000e+00 0.000000e+00 0.000000e+00 0.000000e+00 0.000000e+00 0.000000e+00 0.000000e+00 0.000000e+00 0.000000e+00 0.000000e+00 0.000000e+00 0.000000e+00 0.000000e+00 0.000000e+00 0.000000e+00 0.000000e+00 0.000000e+00 0.000000e+00 0.000000e+00 0.000000e+00 0.000000e+00 0.000000e+00
 0.000000e+00 0.000000e+00 0.000000e+00 0.000000e+00 0.000000e+00 0.000000e+00 0.000000e+00 0.000000e+00 0.000000e+00 1.139180e-39 1.000000e+00 0.000000e+00 0.000000e+00 0.000000e+00 0.000000e+00 0.000000e+00 0.000000e+00 0.000000e+00 0.000000e+00 0.000000e+00 0.000000e+00 0.000000e+00 0.000000e+00 0.000000e+00 0.000000e+00 0.000000e+00 0.000000e+00 0.000000e+00 0.000000e+00 0.000000e+00 0.000000e+00 0.000000e+00 0.000000e+00 0.000000e+00
 0.000000e+00 0.000000e+00 0.000000e+00 0.000000e+00 0.000000e+00 0.000000e+00 0.000000e+00 0.000000e+00 0.000000e+00 0.000000e+00 3.750107e-01 6.249893e-01 0.000000e+00 0.000000e+00 0.000000e+00 0.000000e+00 0.000000e+00 0.000000e+00 0.000000e+00 0.000000e+00 0.000000e+00 0.000000e+00 0.000000e+00 0.000000e+00 0.000000e+00 0.000000e+00 0.000000e+00 0.000000e+00 0.000000e+00 0.000000e+00 0.000000e+00 0.000000e+00 0.000000e+00 0.000000e+00
 0.000000e+00 0.000000e+00 0.000000e+00 0.000000e+00 0.000000e+00 0.000000e+00 0.000000e+00 0.000000e+00 0.000000e+00 0.000000e+00 0.000000e+00 2.857003e-01 7.142998e-01 0.000000e+00 0.000000e+00 0.000000e+00 0.000000e+00 0.000000e+00 0.000000e+00 0.000000e+00 0.000000e+00 0.000000e+00 0.000000e+00 0.000000e+00 0.000000e+00 0.000000e+00 0.000000e+00 0.000000e+00 0.000000e+00 0.000000e+00 0.000000e+00 0.000000e+00 0.000000e+00 0.000000e+00
 0.000000e+00 0.000000e+00 0.000000e+00 0.000000e+00 0.000000e+00 0.000000e+00 0.000000e+00 0.000000e+00 0.000000e+00 0.000000e+00 0.000000e+00 0.000000e+00 3.750050e-01 6.249950e-01 0.000000e+00 0.000000e+00 0.000000e+00 0.000000e+00 0.000000e+00 0.000000e+00 0.000000e+00 0.000000e+00 0.000000e+00 0.000000e+00 0.000000e+00 0.000000e+00 0.000000e+00 0.000000e+00 0.000000e+00 0.000000e+00 0.000000e+00 0.000000e+00 0.000000e+00 0.000000e+00
 0.000000e+00 0.000000e+00 0.000000e+00 0.000000e+00 0.000000e+00 0.000000e+00 0.000000e+00 0.000000e+00 0.000000e+00 0.000000e+00 0.000000e+00 0.000000e+00 0.000000e+00 0.000000e+00 1.000000e+00 0.000000e+00 0.000000e+00 0.000000e+00 0.000000e+00 0.000000e+00 0.000000e+00 0.000000e+00 0.000000e+00 0.000000e+00 0.000000e+00 0.000000e+00 0.000000e+00 0.000000e+00 0.000000e+00 0.000000e+00 0.000000e+00 0.000000e+00 0.000000e+00 0.000000e+00
 0.000000e+00 0.000000e+00 0.000000e+00 0.000000e+00 0.000000e+00 0.000000e+00 0.000000e+00 0.000000e+00 0.000000e+00 0.000000e+00 0.000000e+00 0.000000e+00 0.000000e+00 0.000000e+00 1.666732e-01 8.333268e-01 0.000000e+00 0.000000e+00 0.000000e+00 0.000000e+00 0.000000e+00 0.000000e+00 0.000000e+00 0.000000e+00 0.000000e+00 0.000000e+00 0.000000e+00 0.000000e+00 0.000000e+00 0.000000e+00 0.000000e+00 0.000000e+00 0.000000e+00 0.000000e+00
 0.000000e+00 0.000000e+00 0.000000e+00 0.000000e+00 0.000000e+00 0.000000e+00 0.000000e+00 0.000000e+00 0.000000e+00 0.000000e+00 0.000000e+00 0.000000e+00 0.000000e+00 0.000000e+00 0.000000e+00 3.741794e-01 6.258207e-01 0.000000e+00 0.000000e+00 0.000000e+00 0.000000e+00 0.000000e+00 0.000000e+00 0.000000e+00 0.000000e+00 0.000000e+00 0.000000e+00 0.000000e+00 0.000000e+00 0.000000e+00 0.000000e+00 0.000000e+00 0.000000e+00 0.000000e+00
 0.000000e+00 0.000000e+00 0.000000e+00 0.000000e+00 0.000000e+00 0.000000e+00 0.000000e+00 0.000000e+00 0.000000e+00 0.000000e+00 0.000000e+00 0.000000e+00 0.000000e+00 0.000000e+00 0.000000e+00 0.000000e+00 2.869964e-01 7.130036e-01 0.000000e+00 0.000000e+00 0.000000e+00 0.000000e+00 0.000000e+00 0.000000e+00 0.000000e+00 0.000000e+00 0.000000e+00 0.000000e+00 0.000000e+00 0.000000e+00 0.000000e+00 0.000000e+00 0.000000e+00 0.000000e+00
 0.000000e+00 0.000000e+00 0.000000e+00 0.000000e+00 0.000000e+00 0.000000e+00 0.000000e+00 0.000000e+00 0.000000e+00 0.000000e+00 0.000000e+00 0.000000e+00 0.000000e+00 0.000000e+00 0.000000e+00 0.000000e+00 0.000000e+00 3.747030e-01 6.252971e-01 0.000000e+00 0.000000e+00 0.000000e+00 0.000000e+00 0.000000e+00 0.000000e+00 0.000000e+00 0.000000e+00 0.000000e+00 0.000000e+00 0.000000e+00 0.000000e+00 0.000000e+00 0.000000e+00 0.000000e+00
 0.000000e+00 0.000000e+00 0.000000e+00 0.000000e+00 0.000000e+00 0.000000e+00 0.000000e+00 0.000000e+00 0.000000e+00 0.000000e+00 0.000000e+00 0.000000e+00 0.000000e+00 0.000000e+00 0.000000e+00 0.000000e+00 0.000000e+00 0.000000e+00 1.674921e-01 8.325079e-01 0.000000e+00 0.000000e+00 0.000000e+00 0.000000e+00 0.000000e+00 0.000000e+00 0.000000e+00 0.000000e+00 0.000000e+00 0.000000e+00 0.000000e+00 0.000000e+00 0.000000e+00 0.000000e+00
 0.000000e+00 0.000000e+00 0.000000e+00 0.000000e+00 0.000000e+00 0.000000e+00 0.000000e+00 0.000000e+00 0.000000e+00 0.000000e+00 0.000000e+00 0.000000e+00 0.000000e+00 0.000000e+00 0.000000e+00 0.000000e+00 0.000000e+00 0.000000e+00 0.000000e+00 4.441910e-01 5.558090e-01 0.000000e+00 0.000000e+00 0.000000e+00 0.000000e+00 0.000000e+00 0.000000e+00 0.000000e+00 0.000000e+00 0.000000e+00 0.000000e+00 0.000000e+00 0.000000e+00 0.000000e+00
 0.000000e+00 0.000000e+00 0.000000e+00 0.000000e+00 0.000000e+00 0.000000e+00 0.000000e+00 0.000000e+00 0.000000e+00 0.000000e+00 0.000000e+00 0.000000e+00 0.000000e+00 0.000000e+00 0.000000e+00 0.000000e+00 0.000000e+00 0.000000e+00 0.000000e+00 0.000000e+00 0.000000e+00 1.000000e+00 0.000000e+00 0.000000e+00 0.000000e+00 0.000000e+00 0.000000e+00 0.000000e+00 0.000000e+00 0.000000e+00 0.000000e+00 0.000000e+00 0.000000e+00 0.000000e+00
 0.000000e+00 0.000000e+00 0.000000e+00 0.000000e+00 0.000000e+00 0.000000e+00 0.000000e+00 0.000000e+00 0.000000e+00 0.000000e+00 0.000000e+00 0.000000e+00 0.000000e+00 0.000000e+00 0.000000e+00 0.000000e+00 0.000000e+00 0.000000e+00 0.000000e+00 0.000000e+00 0.000000e+00 3.749932e-01 6.250067e-01 0.000000e+00 0.000000e+00 0.000000e+00 0.000000e+00 0.000000e+00 0.000000e+00 0.000000e+00 0.000000e+00 0.000000e+00 0.000000e+00 0.000000e+00
 0.000000e+00 0.000000e+00 0.000000e+00 0.000000e+00 0.000000e+00 0.000000e+00 0.000000e+00 0.000000e+00 0.000000e+00 0.000000e+00 0.000000e+00 0.000000e+00 0.000000e+00 0.000000e+00 0.000000e+00 0.000000e+00 0.000000e+00 0.000000e+00 0.000000e+00 0.000000e+00 0.000000e+00 0.000000e+00 5.605194e-45 1.000000e+00 0.000000e+00 0.000000e+00 0.000000e+00 0.000000e+00 0.000000e+00 0.000000e+00 0.000000e+00 0.000000e+00 0.000000e+00 0.000000e+00
 0.000000e+00 0.000000e+00 0.000000e+00 0.000000e+00 0.000000e+00 0.000000e+00 0.000000e+00 0.000000e+00 0.000000e+00 0.000000e+00 0.000000e+00 0.000000e+00 0.000000e+00 0.000000e+00 0.000000e+00 0.000000e+00 0.000000e+00 0.000000e+00 0.000000e+00 0.000000e+00 0.000000e+00 0.000000e+00 0.000000e+00 2.857281e-01 7.142719e-01 0.000000e+00 0.000000e+00 0.000000e+00 0.000000e+00 0.000000e+00 0.000000e+00 0.000000e+00 0.000000e+00 0.000000e+00
 0.000000e+00 0.000000e+00 0.000000e+00 0.000000e+00 0.000000e+00 0.000000e+00 0.000000e+00 0.000000e+00 0.000000e+00 0.000000e+00 0.000000e+00 0.000000e+00 0.000000e+00 0.000000e+00 0.000000e+00 0.000000e+00 0.000000e+00 0.000000e+00 0.000000e+00 0.000000e+00 0.000000e+00 0.000000e+00 0.000000e+00 0.000000e+00 3.749126e-01 6.250875e-01 0.000000e+00 0.000000e+00 0.000000e+00 0.000000e+00 0.000000e+00 0.000000e+00 0.000000e+00 0.000000e+00
 0.000000e+00 0.000000e+00 0.000000e+00 0.000000e+00 0.000000e+00 0.000000e+00 0.000000e+00 0.000000e+00 0.000000e+00 0.000000e+00 0.000000e+00 0.000000e+00 0.000000e+00 0.000000e+00 0.000000e+00 0.000000e+00 0.000000e+00 0.000000e+00 0.000000e+00 0.000000e+00 0.000000e+00 0.000000e+00 0.000000e+00 0.000000e+00 0.000000e+00 3.750940e-01 6.249060e-01 0.000000e+00 0.000000e+00 0.000000e+00 0.000000e+00 0.000000e+00 0.000000e+00 0.000000e+00
 0.000000e+00 0.000000e+00 0.000000e+00 0.000000e+00 0.000000e+00 0.000000e+00 0.000000e+00 0.000000e+00 0.000000e+00 0.000000e+00 0.000000e+00 0.000000e+00 0.000000e+00 0.000000e+00 0.000000e+00 0.000000e+00 0.000000e+00 0.000000e+00 0.000000e+00 0.000000e+00 0.000000e+00 0.000000e+00 0.000000e+00 0.000000e+00 0.000000e+00 0.000000e+00 1.667335e-01 8.332666e-01 0.000000e+00 0.000000e+00 0.000000e+00 0.000000e+00 0.000000e+00 0.000000e+00
 0.000000e+00 0.000000e+00 0.000000e+00 0.000000e+00 0.000000e+00 0.000000e+00 0.000000e+00 0.000000e+00 0.000000e+00 0.000000e+00 0.000000e+00 0.000000e+00 0.000000e+00 0.000000e+00 0.000000e+00 0.000000e+00 0.000000e+00 0.000000e+00 0.000000e+00 0.000000e+00 0.000000e+00 0.000000e+00 0.000000e+00 0.000000e+00 0.000000e+00 0.000000e+00 0.000000e+00 3.750263e-01 6.249737e-01 0.000000e+00 0.000000e+00 0.000000e+00 0.000000e+00 0.000000e+00
 0.000000e+00 0.000000e+00 0.000000e+00 0.000000e+00 0.000000e+00 0.000000e+00 0.000000e+00 0.000000e+00 0.000000e+00 0.000000e+00 0.000000e+00 0.000000e+00 0.000000e+00 0.000000e+00 0.000000e+00 0.000000e+00 0.000000e+00 0.000000e+00 0.000000e+00 0.000000e+00 0.000000e+00 0.000000e+00 0.000000e+00 0.000000e+00 0.000000e+00 0.000000e+00 0.000000e+00 0.000000e+00 2.847361e-01 7.152639e-01 0.000000e+00 0.000000e+00 0.000000e+00 0.000000e+00
 0.000000e+00 0.000000e+00 0.000000e+00 0.000000e+00 0.000000e+00 0.000000e+00 0.000000e+00 0.000000e+00 0.000000e+00 0.000000e+00 0.000000e+00 0.000000e+00 0.000000e+00 0.000000e+00 0.000000e+00 0.000000e+00 0.000000e+00 0.000000e+00 0.000000e+00 0.000000e+00 0.000000e+00 0.000000e+00 0.000000e+00 0.000000e+00 0.000000e+00 0.000000e+00 0.000000e+00 0.000000e+00 0.000000e+00 2.861001e-01 7.138999e-01 0.000000e+00 0.000000e+00 0.000000e+00
 0.000000e+00 0.000000e+00 0.000000e+00 0.000000e+00 0.000000e+00 0.000000e+00 0.000000e+00 0.000000e+00 0.000000e+00 0.000000e+00 0.000000e+00 0.000000e+00 0.000000e+00 0.000000e+00 0.000000e+00 0.000000e+00 0.000000e+00 0.000000e+00 0.000000e+00 0.000000e+00 0.000000e+00 0.000000e+00 0.000000e+00 0.000000e+00 0.000000e+00 0.000000e+00 0.000000e+00 0.000000e+00 0.000000e+00 0.000000e+00 2.864260e-01 7.135740e-01 0.000000e+00 0.000000e+00
 0.000000e+00 0.000000e+00 0.000000e+00 0.000000e+00 0.000000e+00 0.000000e+00 0.000000e+00 0.000000e+00 0.000000e+00 0.000000e+00 0.000000e+00 0.000000e+00 0.000000e+00 0.000000e+00 0.000000e+00 0.000000e+00 0.000000e+00 0.000000e+00 0.000000e+00 0.000000e+00 0.000000e+00 0.000000e+00 0.000000e+00 0.000000e+00 0.000000e+00 0.000000e+00 0.000000e+00 0.000000e+00 0.000000e+00 0.000000e+00 0.000000e+00 2.855126e-01 7.144874e-01 0.000000e+00
 0.000000e+00 0.000000e+00 0.000000e+00 0.000000e+00 0.000000e+00 0.000000e+00 0.000000e+00 0.000000e+00 0.000000e+00 0.000000e+00 0.000000e+00 0.000000e+00 0.000000e+00 0.000000e+00 0.000000e+00 0.000000e+00 0.000000e+00 0.000000e+00 0.000000e+00 0.000000e+00 0.000000e+00 0.000000e+00 0.000000e+00 0.000000e+00 0.000000e+00 0.000000e+00 0.000000e+00 0.000000e+00 0.000000e+00 0.000000e+00 0.000000e+00 0.000000e+00 0.000000e+00 1.000000e+00
 0.000000e+00 0.000000e+00 0.000000e+00 0.000000e+00 0.000000e+00 0.000000e+00 0.000000e+00 0.000000e+00 0.000000e+00 0.000000e+00 0.000000e+00 0.000000e+00 0.000000e+00 0.000000e+00 0.000000e+00 0.000000e+00 0.000000e+00 0.000000e+00 0.000000e+00 0.000000e+00 0.000000e+00 0.000000e+00 0.000000e+00 0.000000e+00 0.000000e+00 0.000000e+00 0.000000e+00 0.000000e+00 0.000000e+00 0.000000e+00 0.000000e+00 0.000000e+00 0.000000e+00 0.000000e+00
<ENDHMM>
