~o
<STREAMINFO> 1 39
<VECSIZE> 39<NULLD><MFCC_E_D_A><DIAGC>
~h "Hai"
<BEGINHMM>
<NUMSTATES> 10
<STATE> 2
<MEAN> 39
 -7.332666e+00 -1.325938e+01 -5.438998e+00 -2.719598e+00 5.297201e+00 -1.465464e+00 1.830505e+00 -1.467131e+00 1.077076e+00 -5.511639e+00 4.273963e-01 -2.522538e+00 4.466566e-02 -4.967492e-01 -5.834222e-01 -7.977370e-02 -1.185438e-01 2.154418e-01 -9.491614e-02 1.052041e-01 2.207863e-01 3.331327e-03 -3.754300e-01 -8.472225e-03 4.214950e-02 1.630796e-02 -5.220947e-02 -4.977310e-02 -3.504257e-02 3.053556e-02 2.371918e-02 7.810502e-02 2.135720e-02 -8.898676e-03 1.073008e-02 1.336850e-02 3.032619e-02 4.904874e-02 3.214790e-03
<VARIANCE> 39
 1.811817e+01 2.973408e+01 2.743319e+01 1.035286e+01 1.319368e+01 3.783181e+01 1.274905e+01 1.573630e+01 1.324161e+01 2.259752e+01 1.278590e+01 8.532630e+00 5.000000e-02 1.668026e+00 2.091214e+00 1.974019e+00 9.477556e-01 9.007288e-01 2.047769e+00 1.247974e+00 1.455805e+00 1.094763e+00 1.616133e+00 1.569055e+00 8.717360e-01 5.000000e-02 3.110392e-01 3.401504e-01 3.354906e-01 1.996086e-01 1.494327e-01 3.500854e-01 2.230007e-01 3.506353e-01 2.648332e-01 3.251184e-01 2.973268e-01 1.328578e-01 5.000000e-02
<GCONST> 8.437238e+01
<STATE> 3
<MEAN> 39
 -1.409967e+01 -2.027636e+01 -1.160824e+01 1.257830e+00 2.828364e+00 -1.955738e+00 2.913976e+00 -3.763805e+00 2.087454e+00 -1.600928e+01 8.774513e-01 -1.319604e+00 5.489844e-01 8.422036e-01 -7.180993e-02 -2.770862e+00 1.214440e+00 -1.223637e+00 9.110847e-01 -9.458020e-02 -1.267647e+00 9.649826e-01 -9.697932e-01 -1.657655e-01 -4.919594e-01 5.864241e-02 1.900579e-01 5.818967e-02 -1.426152e-02 1.807379e-02 -6.465761e-02 -6.901251e-02 -9.918749e-03 7.419530e-02 1.718127e-01 6.527935e-02 9.781211e-02 -4.456774e-02 -6.297971e-04
<VARIANCE> 39
 2.580001e+01 1.283951e+01 1.039149e+02 2.067057e+01 4.398227e+01 7.152138e+01 3.747027e+01 3.617203e+01 1.994766e+01 2.656131e+01 1.538734e+01 2.431767e+01 5.000000e-02 2.730816e+00 1.328545e+00 2.623250e+00 2.047227e+00 1.941580e+00 1.613107e+00 1.300942e+00 2.642304e+00 2.800595e+00 2.552848e+00 1.666934e+00 1.368083e+00 5.000000e-02 6.183327e-01 3.199356e-01 9.928119e-01 6.024842e-01 5.742800e-01 2.611523e-01 2.874441e-01 7.343197e-01 4.450968e-01 6.945872e-01 2.799358e-01 3.546086e-01 5.000000e-02
<GCONST> 1.026946e+02
<STATE> 4
<MEAN> 39
 -9.894249e+00 -2.291255e+01 -2.153836e+01 4.442098e+00 4.668947e-01 8.243161e-01 1.483852e+00 -4.339617e+00 7.359358e+00 -1.903556e+01 1.213838e+00 -4.621278e+00 9.418662e-01 -4.092081e-01 -5.416493e-01 8.474097e-01 -5.710380e-01 7.417706e-01 3.400644e-02 -3.787111e-01 1.107357e+00 -6.151007e-01 2.714517e-01 -2.059389e-03 2.214252e-02 1.960513e-02 -6.863885e-02 1.116133e-02 1.253119e-01 -1.121231e-01 2.662118e-02 4.414388e-02 3.415704e-02 2.150400e-02 -3.258398e-01 2.757295e-02 -2.874394e-02 3.892826e-02 -7.157103e-03
<VARIANCE> 39
 8.271811e+00 3.711852e+00 2.141610e+01 1.165878e+01 1.906525e+01 5.445895e+01 2.704578e+01 1.802035e+01 1.124871e+01 1.169998e+01 7.104767e+00 2.480537e+01 5.000000e-02 2.122967e-01 4.732842e-01 8.983880e-01 1.467102e+00 6.535950e-01 1.211441e+00 5.986490e-01 7.536486e-01 9.116692e-01 1.559439e+00 7.441106e-01 4.004456e-01 5.000000e-02 9.755141e-02 9.507589e-02 4.132190e-01 4.626169e-01 2.139707e-01 2.358368e-01 1.470872e-01 2.470116e-01 2.228928e-01 2.738540e-01 1.997513e-01 6.179224e-02 5.000000e-02
<GCONST> 7.108308e+01
<STATE> 5
<MEAN> 39
 -1.158853e+01 -2.430663e+01 -1.779624e+01 6.922380e-01 -1.711890e+00 2.074500e+00 4.668214e+00 -6.322631e-01 -1.640138e-01 -1.683707e+01 3.827433e+00 -4.190064e+00 9.577556e-01 -5.228607e-02 2.576242e-01 4.936504e-01 -6.939995e-01 -1.189317e+00 -4.158961e-01 1.094221e+00 7.931879e-02 -5.839838e-01 6.821141e-01 4.653631e-02 -7.011705e-01 -1.166932e-02 2.014144e-02 7.993808e-02 8.544962e-02 -1.806959e-01 -2.516651e-01 -2.195111e-01 1.694432e-02 -1.618607e-02 3.211516e-01 2.205031e-01 -2.197771e-01 -1.998978e-01 -3.406048e-03
<VARIANCE> 39
 8.088698e+00 6.600073e+00 2.643755e+01 9.424153e+00 2.182543e+01 5.439931e+01 5.389441e+01 8.179224e+00 4.786507e+01 2.941165e+01 2.228043e+01 2.739396e+01 5.000000e-02 2.047164e-01 3.911503e-01 8.414726e-01 8.555717e-01 1.172386e+00 1.338179e+00 6.956732e-01 4.318785e-01 2.384162e+00 1.706036e+00 1.229972e+00 1.132302e+00 5.000000e-02 5.000000e-02 7.393403e-02 1.247326e-01 1.003421e-01 1.003828e-01 1.597355e-01 1.686493e-01 7.996112e-02 4.170469e-01 2.956643e-01 1.485514e-01 1.126947e-01 5.000000e-02
<GCONST> 7.254305e+01
<STATE> 6
<MEAN> 39
 -9.486641e+00 -2.167530e+01 -1.046382e+01 -9.189840e+00 -1.326819e+01 -6.049469e+00 1.097521e+01 -5.935680e-01 3.443565e+00 -6.449121e+00 -9.940068e-01 -1.191819e+01 7.829742e-01 1.227130e+00 -3.716918e-01 1.611185e+00 -1.444771e+00 -7.934072e-01 -7.151583e-01 -7.109730e-01 -2.034731e-01 9.233725e-01 1.457260e+00 -1.357295e+00 6.055225e-01 -3.202689e-02 3.309355e-01 -2.318454e-01 1.691570e-01 2.751778e-01 6.099982e-01 3.368349e-01 -3.779384e-01 -8.552305e-02 -5.049240e-01 -3.156620e-01 -7.674803e-02 6.591721e-01 -1.924874e-03
<VARIANCE> 39
 2.611129e+01 5.913458e+00 2.349602e+01 1.866365e+01 1.658566e+01 2.533743e+01 2.777194e+01 1.892855e+01 1.503497e+01 2.132863e+01 1.341720e+01 5.380410e+01 5.000000e-02 9.091716e-01 7.562274e-01 1.060923e+00 1.277710e+00 2.704588e+00 1.416570e+00 1.706954e+00 1.715885e+00 2.865020e+00 2.633658e+00 2.162651e+00 2.950532e+00 5.000000e-02 1.027203e-01 6.791224e-02 1.895559e-01 1.708190e-01 2.708537e-01 2.363414e-01 2.306583e-01 3.490563e-01 2.009799e-01 2.030970e-01 4.027235e-01 2.759730e-01 5.000000e-02
<GCONST> 8.563345e+01
<STATE> 7
<MEAN> 39
 -1.630313e+00 -2.591735e+01 -3.555699e-01 -1.190085e+01 -1.114329e+01 -4.657050e+00 4.520617e+00 -6.328737e-01 4.276945e-01 -3.826936e+00 -8.864307e+00 -4.917418e+00 6.054440e-01 9.748719e-01 -1.990214e-01 4.972909e-01 1.350520e+00 7.939647e-01 5.894578e-01 -1.267171e-01 -2.360397e-01 -7.619967e-01 -7.160389e-01 -1.896010e-01 5.271149e-01 -3.447308e-02 -2.877394e-01 1.587719e-01 -5.434732e-01 3.826692e-01 -3.497832e-02 1.014145e-01 4.714996e-01 7.930488e-02 8.550371e-02 -2.390811e-01 5.083882e-01 -1.583962e-01 1.236841e-03
<VARIANCE> 39
 2.236930e+01 4.341195e+00 2.168873e+01 4.531906e+01 1.695880e+01 9.903708e+00 1.776521e+01 1.751221e+01 8.991029e+00 2.073399e+01 7.799137e+00 2.577499e+01 5.000000e-02 7.089413e-01 7.582580e-01 2.194519e+00 5.815615e+00 1.704815e+00 3.179099e+00 2.286667e+00 1.371642e+00 1.749485e+00 2.034434e+00 2.084667e+00 1.708915e+00 5.000000e-02 7.241891e-02 9.242365e-02 2.015353e-01 8.836468e-01 2.955945e-01 4.089555e-01 4.133478e-01 2.416158e-01 3.300158e-01 4.673029e-01 2.961648e-01 4.274121e-01 5.000000e-02
<GCONST> 8.776540e+01
<STATE> 8
<MEAN> 39
 -1.478041e-01 -2.459283e+01 -7.622752e+00 -1.350574e+00 -6.199869e+00 -3.806078e+00 7.460688e+00 -7.216740e-01 2.182625e-01 -6.791051e+00 -1.306317e+00 -8.527678e-01 3.821135e-01 -3.137824e-01 4.739118e-01 -4.865181e-01 6.034275e-01 6.820871e-01 -4.148878e-01 -7.884882e-02 2.527394e-01 7.182336e-02 2.749058e-01 1.062409e+00 3.055574e-01 -2.904758e-02 -1.021023e-01 1.351836e-01 2.716978e-01 -1.117066e-01 7.757446e-02 -7.768008e-02 -1.987500e-01 -7.793738e-02 -3.915896e-02 8.098575e-02 -7.728119e-02 -1.402775e-01 -1.513558e-03
<VARIANCE> 39
 4.962633e+00 1.038052e+01 1.782652e+01 9.500273e+00 1.631793e+01 2.884306e+01 1.263926e+01 1.320469e+01 1.448856e+01 1.420186e+01 1.895750e+01 2.322394e+01 5.000000e-02 5.327635e-01 6.862286e-01 2.417727e+00 1.092835e+00 1.070011e+00 2.722314e+00 1.769531e+00 1.430141e+00 1.903389e+00 1.546883e+00 2.365615e+00 2.906676e+00 5.000000e-02 9.050808e-02 1.289870e-01 2.941404e-01 3.353776e-01 2.347182e-01 6.818271e-01 2.888086e-01 2.903344e-01 3.674729e-01 3.569573e-01 5.328063e-01 5.414033e-01 5.000000e-02
<GCONST> 8.506840e+01
<STATE> 9
<MEAN> 39
 -4.429878e+00 -1.580997e+01 -4.001726e+00 1.217219e+00 2.538538e-01 -4.788561e+00 4.821994e+00 -7.824966e-01 -4.554359e-01 -5.592010e+00 1.285057e+00 -1.180458e+00 8.089644e-02 -4.033583e-01 9.383292e-01 4.186364e-01 -2.041339e-01 3.371983e-01 2.141476e-01 -1.700385e-01 -2.227594e-01 1.378576e-01 1.194968e-01 -2.028924e-01 1.312446e-01 -2.572840e-02 7.688127e-02 -1.036852e-01 -1.170392e-01 -7.611385e-02 -1.558956e-01 -5.766131e-02 -1.524438e-02 1.899406e-02 8.026437e-02 2.920867e-02 1.871149e-03 8.498551e-02 3.549857e-03
<VARIANCE> 39
 5.271958e+00 1.362991e+01 1.009983e+01 7.823215e+00 1.259907e+01 1.064914e+01 1.010966e+01 1.323681e+01 9.721559e+00 8.626821e+00 1.050784e+01 8.744596e+00 5.000000e-02 5.213358e-01 8.850760e-01 7.006497e-01 9.606071e-01 1.730611e+00 8.050084e-01 9.556374e-01 1.504222e+00 1.202581e+00 7.839264e-01 9.778916e-01 1.258475e+00 5.000000e-02 1.018108e-01 1.367228e-01 9.040330e-02 2.073803e-01 3.424520e-01 1.821169e-01 1.546600e-01 2.820615e-01 3.130366e-01 1.370251e-01 2.298749e-01 2.694175e-01 5.000000e-02
<GCONST> 6.966457e+01
<TRANSP> 10
 0.000000e+00 1.000000e+00 0.000000e+00 0.000000e+00 0.000000e+00 0.000000e+00 0.000000e+00 0.000000e+00 0.000000e+00 0.000000e+00
 0.000000e+00 9.473757e-01 5.262433e-02 0.000000e+00 0.000000e+00 0.000000e+00 0.000000e+00 0.000000e+00 0.000000e+00 0.000000e+00
 0.000000e+00 0.000000e+00 8.848473e-01 1.151528e-01 0.000000e+00 0.000000e+00 0.000000e+00 0.000000e+00 0.000000e+00 0.000000e+00
 0.000000e+00 0.000000e+00 0.000000e+00 8.725837e-01 1.274163e-01 0.000000e+00 0.000000e+00 0.000000e+00 0.000000e+00 0.000000e+00
 0.000000e+00 0.000000e+00 0.000000e+00 0.000000e+00 8.965174e-01 1.034826e-01 0.000000e+00 0.000000e+00 0.000000e+00 0.000000e+00
 0.000000e+00 0.000000e+00 0.000000e+00 0.000000e+00 0.000000e+00 8.147866e-01 1.852134e-01 0.000000e+00 0.000000e+00 0.000000e+00
 0.000000e+00 0.000000e+00 0.000000e+00 0.000000e+00 0.000000e+00 0.000000e+00 8.350298e-01 1.649702e-01 0.000000e+00 0.000000e+00
 0.000000e+00 0.000000e+00 0.000000e+00 0.000000e+00 0.000000e+00 0.000000e+00 0.000000e+00 8.889737e-01 1.110264e-01 0.000000e+00
 0.000000e+00 0.000000e+00 0.000000e+00 0.000000e+00 0.000000e+00 0.000000e+00 0.000000e+00 0.000000e+00 8.928450e-01 1.071550e-01
 0.000000e+00 0.000000e+00 0.000000e+00 0.000000e+00 0.000000e+00 0.000000e+00 0.000000e+00 0.000000e+00 0.000000e+00 0.000000e+00
<ENDHMM>
