~o
<STREAMINFO> 1 26
<VECSIZE> 26<NULLD><MFCC_E_D><DIAGC>
~h "Kho^ng"
<BEGINHMM>
<NUMSTATES> 32
<STATE> 2
<MEAN> 26
 -7.460986e+00 -1.098229e+01 -4.104235e+00 -1.273999e+00 -2.763918e-01 -4.887279e+00 3.638070e+00 1.021623e+00 4.070123e+00 -8.733196e-01 1.421539e+00 -1.589043e+00 -1.143181e-01 -4.148076e-01 -1.859228e-01 -9.429657e-01 -8.004392e-01 1.199054e+00 -9.051113e-01 -4.352503e-01 1.451687e+00 7.426639e-01 1.241561e+00 -9.358618e-01 -1.551906e-01 7.060644e-03
<VARIANCE> 26
 8.160374e-01 2.295279e+00 7.269247e+00 1.041104e+01 3.659843e+00 6.585303e+00 4.749593e+00 9.177369e+00 8.872652e+00 9.281116e+00 5.589741e+00 9.441459e+00 5.000000e-02 2.518519e-01 7.647828e-01 1.131710e+00 1.094282e+00 2.283853e+00 2.720903e-01 3.295767e+00 1.442086e+00 3.340106e+00 2.519290e+00 3.553880e+00 7.645753e-01 5.000000e-02
<GCONST> 6.486079e+01
<STATE> 3
<MEAN> 26
 -7.073714e+00 -9.085802e+00 -2.776189e+00 -3.038913e+00 5.198256e+00 -7.032219e+00 -1.816084e-01 7.286484e-01 1.449029e+00 4.013641e-01 -2.036231e+00 -2.043657e+00 -9.408638e-02 2.714468e-01 -6.805968e-01 -9.850535e-01 -2.623971e-01 1.004314e+00 -7.453212e-01 -2.886094e-01 2.593961e-01 3.375096e-01 4.317264e-01 -1.168479e+00 4.109661e-02 3.276755e-02
<VARIANCE> 26
 4.568174e+00 5.988310e+00 9.286546e+00 8.650835e+00 1.418784e+01 8.176180e+00 1.804149e+01 1.316855e+01 1.647766e+01 1.482861e+01 2.334501e+01 8.150765e+00 5.000000e-02 9.373934e-01 6.918806e-01 1.290848e+00 1.012440e+00 3.411261e+00 2.246336e+00 2.171865e+00 8.702815e-01 1.597066e+00 9.583659e-01 2.583091e+00 7.778686e-01 5.000000e-02
<GCONST> 7.409080e+01
<STATE> 4
<MEAN> 26
 -4.337805e+00 -1.624932e+01 -1.351794e+01 -4.273562e+00 1.036041e+01 -1.253030e+01 -1.742039e+00 3.029019e+00 5.343956e+00 1.953224e+00 -7.659582e+00 -2.592902e+00 2.542948e-01 5.404383e-01 -1.399374e+00 -2.486579e+00 -7.303662e-01 1.514041e+00 -1.135790e+00 -1.804922e-01 1.011504e+00 1.272084e+00 4.013264e-01 1.447310e-01 1.932123e-02 8.069652e-02
<VARIANCE> 26
 1.303622e+01 1.413953e+01 1.444227e+01 5.833294e+00 1.326236e+01 4.093507e+01 2.776400e+01 2.084882e+01 2.500907e+01 1.006350e+01 8.860912e+00 2.613317e+00 5.000000e-02 8.267227e-01 1.742121e+00 7.627387e-01 9.413302e-01 8.284659e-01 3.956081e+00 2.103330e+00 9.624897e-01 1.885472e+00 6.723785e-01 1.193243e+00 4.145117e-01 5.000000e-02
<GCONST> 7.423130e+01
<STATE> 5
<MEAN> 26
 -4.709601e+00 -1.637492e+01 -1.554226e+01 -6.225533e+00 1.489284e+01 -1.452170e+01 6.098802e-01 4.068526e+00 5.252421e+00 3.756513e+00 -5.354159e+00 -9.046745e-01 2.891594e-01 -1.530652e-01 4.309369e-01 3.775072e-02 -8.781817e-01 4.106897e-01 -6.687992e-01 3.164614e-01 6.006618e-01 -2.878902e-01 1.114349e-02 4.122003e-02 6.567256e-01 2.097562e-02
<VARIANCE> 26
 6.775626e+00 1.471808e+01 2.544931e+01 7.852387e+00 7.953615e+00 8.178393e+01 4.080667e+01 1.974802e+01 1.484650e+01 1.133158e+01 2.326996e+01 4.469007e+00 5.000000e-02 9.882472e-01 9.060302e-01 9.335557e-01 1.148117e+00 4.429129e-01 1.134805e+00 4.120560e-01 4.384077e-01 1.856034e+00 1.711207e-01 8.734216e-01 2.828031e-01 5.000000e-02
<GCONST> 6.964698e+01
<STATE> 6
<MEAN> 26
 -5.166669e+00 -1.522061e+01 -1.464562e+01 -8.589784e+00 1.162254e+01 -1.426324e+01 -2.662099e+00 4.838691e+00 6.011383e+00 2.443109e+00 -7.414010e+00 -9.314520e-01 3.314344e-01 -1.970170e-01 2.500376e-02 -8.849350e-01 -3.134206e-01 3.626739e-01 -2.269618e-01 1.137627e+00 -4.454731e-02 -1.549973e+00 2.747318e-01 -2.563158e+00 3.238509e-02 4.088967e-02
<VARIANCE> 26
 8.804962e+00 7.579674e+00 2.876009e+01 1.118304e+01 8.629012e+00 5.591304e+01 2.150984e+01 6.720932e+00 8.809091e+00 1.705961e+01 1.058919e+01 1.203747e+00 5.000000e-02 2.940428e-01 1.516999e+00 2.066276e+00 5.748169e-01 1.787464e+00 1.320611e+00 9.302573e-01 1.081977e+00 1.170137e+00 9.128720e-01 4.131531e+00 6.300914e-01 5.000000e-02
<GCONST> 7.173079e+01
<STATE> 7
<MEAN> 26
 -7.131538e+00 -1.735274e+01 -1.697828e+01 -6.617110e+00 1.409632e+01 -9.938649e+00 -9.741798e-01 5.526591e+00 3.656665e+00 3.529626e+00 -1.348967e+01 1.716224e-01 4.188055e-01 -5.853122e-01 -4.474600e-02 2.351585e-01 -6.400135e-01 -1.455133e-01 1.206830e+00 4.046607e-01 -4.750378e-01 2.715966e-03 -1.643979e-01 -7.494736e-01 -9.558988e-02 3.112401e-02
<VARIANCE> 26
 8.333986e+00 9.028647e+00 5.805363e+00 8.367818e+00 1.851528e+01 3.308710e+01 4.393538e+01 5.958521e+00 2.397666e+01 1.608046e+01 2.680219e+01 7.582936e+00 5.000000e-02 1.152334e+00 8.258877e-01 2.206554e+00 1.239964e+00 1.539334e+00 4.345329e+00 2.486229e+00 1.597498e+00 1.815253e+00 1.407352e+00 3.485228e+00 1.392448e+00 5.000000e-02
<GCONST> 8.000580e+01
<STATE> 8
<MEAN> 26
 -5.790626e+00 -1.597519e+01 -1.584391e+01 -1.315846e+01 1.419272e+01 -1.275067e+01 2.405721e+00 5.533555e+00 2.227975e+00 3.484506e+00 -8.408830e+00 -3.481345e+00 5.045586e-01 6.281182e-01 -1.070814e+00 -3.455457e-02 -2.101901e+00 -9.848948e-01 1.261809e-01 1.351141e+00 -2.111953e+00 -2.753387e-01 -7.431190e-01 -1.918618e-01 -2.232820e+00 7.824013e-02
<VARIANCE> 26
 2.367595e+01 1.395756e+01 6.035901e+00 4.460999e+01 2.602156e+01 5.906340e+01 6.252820e+01 5.328955e+00 4.639654e+01 1.015729e+01 1.781738e+01 2.708923e+01 5.000000e-02 5.126718e-01 2.808549e+00 1.100834e+00 4.680180e+00 1.972999e+00 1.086191e+00 1.455948e+00 2.672390e+00 1.016688e+00 4.090824e-01 1.180475e+00 2.286247e+00 5.000000e-02
<GCONST> 8.291090e+01
<STATE> 9
<MEAN> 26
 -5.215844e+00 -1.803901e+01 -1.497670e+01 -1.249296e+01 9.508074e+00 -9.920833e+00 4.689178e+00 -2.496969e+00 3.737023e+00 6.154321e-01 -1.211061e+01 -7.831647e+00 6.461642e-01 3.478609e-01 -6.300457e-01 -4.364296e-01 -1.199162e+00 -3.808031e-01 6.909835e-01 2.744704e+00 -3.636335e+00 -1.171992e+00 -8.011305e-01 1.856315e+00 -3.721623e+00 1.034165e-01
<VARIANCE> 26
 8.428474e+00 8.352434e+00 8.905825e+00 5.854448e+01 1.202322e+01 1.679345e+01 4.294479e+01 1.900825e+01 2.174076e+01 4.316161e+00 3.547414e+01 5.718605e+01 5.000000e-02 1.354683e+00 1.546951e+00 1.674989e+00 2.644915e+00 1.594544e+00 2.212331e+00 2.080727e+00 1.232132e+00 1.226104e+00 2.195775e+00 7.810254e-01 9.245350e-01 5.000000e-02
<GCONST> 8.156845e+01
<STATE> 10
<MEAN> 26
 -4.429213e+00 -1.864235e+01 -2.091549e+01 -1.040028e+01 1.085866e+01 -9.312424e+00 1.253519e+01 -1.069173e+01 1.327292e+00 -3.087317e+00 -4.833421e+00 -1.291882e+01 8.515395e-01 -8.360565e-01 -8.821521e-01 -1.401750e+00 9.832904e-01 3.480783e-01 2.425041e+00 1.564987e+00 -1.616136e+00 -4.337097e-01 -1.847277e-02 3.292140e+00 -1.724513e+00 8.381172e-02
<VARIANCE> 26
 8.165076e+00 1.238553e+01 3.428588e+01 7.329260e+01 3.346377e+01 1.821693e+01 1.362865e+01 1.233374e+01 2.248253e+01 1.336076e+01 2.626188e+01 2.480769e+01 5.000000e-02 5.127015e-01 5.294935e-01 4.750531e+00 1.561809e+00 1.325362e+00 1.384808e+00 9.859619e-01 2.014372e+00 5.353091e-01 1.622485e+00 2.011367e+00 9.136237e-01 5.000000e-02
<GCONST> 8.042173e+01
<STATE> 11
<MEAN> 26
 -6.564632e+00 -2.134022e+01 -2.003781e+01 -1.223635e+01 1.241817e+01 -1.486960e+00 1.064058e+01 -1.211981e+01 -2.044578e+00 1.866313e+00 -4.481431e-01 -1.486641e+01 9.788448e-01 -1.652254e-01 -8.573192e-02 -1.389760e-01 -3.745945e-01 -1.394235e-01 2.487720e+00 -1.142169e+00 -1.239248e+00 -3.432247e-01 6.434575e-01 4.268522e-01 2.745645e-01 1.579647e-02
<VARIANCE> 26
 7.325700e+00 5.567703e+00 2.686723e+01 5.080399e+01 1.777853e+01 1.474555e+01 1.205427e+01 2.148883e+01 2.241173e+01 3.152702e+01 6.924678e+00 1.480262e+01 5.000000e-02 2.901158e-01 7.986289e-01 1.076326e+00 1.166067e+00 5.412825e-01 9.561478e-01 2.537495e-01 1.011890e+00 9.698241e-01 1.036759e+00 3.947682e-01 3.969795e-01 5.000000e-02
<GCONST> 6.993553e+01
<STATE> 12
<MEAN> 26
 -6.017763e+00 -1.934393e+01 -1.908541e+01 -1.323569e+01 1.129646e+01 6.009336e+00 6.485514e+00 -1.365224e+01 -1.018454e+00 2.688499e+00 -2.369798e-02 -1.282975e+01 9.860781e-01 1.848487e-01 1.837742e-01 2.577869e-03 -1.212738e+00 -2.406015e-01 2.418306e+00 -8.093819e-01 -2.656849e-01 5.606196e-01 -9.812663e-01 -1.749129e-01 8.988034e-01 -8.576285e-03
<VARIANCE> 26
 1.366308e+01 4.755653e+00 3.299953e+00 3.633319e+01 8.602432e+00 1.036566e+01 4.822257e+00 1.181678e+01 3.292672e+01 1.907432e+01 1.519192e+00 2.110339e+01 5.000000e-02 1.565930e-01 3.001892e-01 7.857590e-01 2.883902e-01 1.259324e+00 1.143055e-01 8.389990e-01 7.608516e-01 1.158883e+00 5.617334e-01 9.044141e-01 1.988503e-01 5.000000e-02
<GCONST> 6.012344e+01
<STATE> 13
<MEAN> 26
 -6.411933e+00 -1.960785e+01 -1.722254e+01 -1.986135e+01 1.104319e+01 7.352046e+00 6.677053e+00 -1.457679e+01 -1.490522e+00 -2.904841e+00 -2.486524e+00 -1.243453e+01 9.339415e-01 5.497786e-01 1.030187e-01 1.149267e+00 -1.773645e+00 -4.028486e-01 1.402397e+00 -2.188407e-01 1.092006e+00 -8.039179e-01 -1.876370e+00 -5.630375e-01 1.342457e+00 -2.329047e-02
<VARIANCE> 26
 1.350125e+01 1.260573e+01 1.598667e+01 3.250803e+01 2.876259e+00 1.151936e+01 7.632131e+00 4.266115e+00 3.689819e+01 4.027744e+01 7.947070e+00 1.639709e+01 5.000000e-02 9.697623e-02 4.555196e-01 3.181409e-01 1.076923e+00 1.106957e+00 4.679641e-01 6.838173e-01 2.026920e+00 3.904215e-01 7.964299e-01 1.396706e+00 4.445361e-01 5.000000e-02
<GCONST> 6.617416e+01
<STATE> 14
<MEAN> 26
 -1.718278e+00 -2.241631e+01 -1.480896e+01 -2.197245e+01 7.085031e+00 1.040404e+01 5.156749e+00 -6.563089e+00 -7.739408e+00 -3.325254e+00 -4.437571e+00 -1.058136e+01 8.846206e-01 1.214500e+00 -2.026496e-01 4.947805e-01 -6.495428e-01 -2.344869e+00 -7.590981e-01 -1.447094e+00 2.155806e+00 2.146254e-01 2.219162e-01 -8.645586e-01 -7.842465e-03 -2.527844e-02
<VARIANCE> 26
 2.418714e+01 6.089163e+00 1.878463e+01 2.092282e+01 1.219304e+01 1.527134e+01 1.504521e+01 2.226431e+01 5.965406e+01 2.557542e+01 1.746319e+01 1.544267e+01 5.000000e-02 4.801049e-01 5.029316e-01 7.577561e-01 2.887306e+00 3.008758e+00 5.662858e+00 1.439547e+00 3.309868e+00 4.505980e+00 4.203962e+00 2.458370e+00 8.662117e-01 5.000000e-02
<GCONST> 8.418372e+01
<STATE> 15
<MEAN> 26
 -3.758326e-01 -2.031322e+01 -1.486872e+01 -1.898985e+01 1.424903e+00 4.024883e+00 1.162080e+00 -6.231596e+00 -8.485944e-01 -1.675280e+00 -4.892259e+00 -1.190653e+01 8.206563e-01 1.182644e+00 8.547108e-01 1.287323e+00 1.346262e+00 -1.216679e+00 -1.582146e+00 -1.720661e+00 -7.078993e-01 6.870307e-01 4.745274e-01 1.209640e+00 4.636027e-01 -4.316774e-02
<VARIANCE> 26
 4.654007e+01 7.238246e-01 2.366029e+01 2.514247e+01 7.641402e+01 4.142067e+01 1.407480e+01 3.883919e+01 8.479927e+00 1.777690e+01 1.826455e+01 1.957144e+01 5.000000e-02 4.874060e-01 1.241125e+00 3.788556e-01 5.302168e+00 1.576792e+00 5.835069e+00 2.084576e+00 5.609440e+00 5.654284e+00 5.187260e+00 1.203686e+00 1.733995e+00 5.000000e-02
<GCONST> 8.594479e+01
<STATE> 16
<MEAN> 26
 5.967140e-01 -1.886848e+01 -1.119552e+01 -1.727133e+01 3.770916e+00 2.750185e+00 -2.415881e+00 -1.081011e+01 -3.972338e+00 -1.065969e+00 -1.156196e+00 -9.960263e+00 7.195401e-01 1.239244e+00 3.382069e-01 5.558283e-01 3.117458e-01 -1.321438e-01 -2.750189e-01 -3.681541e-01 -2.536122e-01 -1.282890e+00 -6.953291e-01 1.141299e-01 3.417653e-01 -3.275768e-02
<VARIANCE> 26
 4.039378e+01 1.916364e+00 3.143110e+01 3.587421e+01 3.405013e+01 5.925585e+01 6.955347e+01 5.058637e+00 1.418335e+01 1.619601e+01 1.464028e+01 2.131018e+01 5.000000e-02 7.694027e-01 4.920924e-01 1.990418e+00 2.463928e+00 1.048507e+00 1.341038e+00 3.270332e+00 7.485490e+00 1.869158e+00 2.872207e+00 9.753202e-01 7.356436e-01 5.000000e-02
<GCONST> 8.332906e+01
<STATE> 17
<MEAN> 26
 -7.605054e-01 -1.888586e+01 -1.524584e+01 -2.228160e+01 5.446826e+00 9.784931e+00 2.123602e+00 -6.006257e+00 -3.301584e+00 -3.560589e+00 -1.499436e+00 -7.697737e+00 7.882902e-01 1.976941e+00 -7.750079e-01 1.375678e+00 -1.451128e-01 -1.601560e+00 -4.351356e-01 -9.286391e-01 1.029137e+00 8.747244e-01 -3.152336e-01 -6.526858e-01 -5.612269e-02 -3.383862e-02
<VARIANCE> 26
 3.909500e+01 4.418636e+00 2.512788e+01 4.668428e+01 3.873341e+01 5.582235e+01 1.072882e+01 1.599780e+01 2.097211e+01 2.716287e+00 2.305451e+01 1.522756e+01 5.000000e-02 8.121703e-01 8.294079e-01 3.244341e+00 2.656775e+00 3.237738e+00 8.600904e-01 3.151377e+00 2.339033e+00 2.042264e+00 1.009859e+00 1.338459e+00 6.549937e-01 5.000000e-02
<GCONST> 8.211317e+01
<STATE> 18
<MEAN> 26
 4.412607e+00 -2.229389e+01 -9.218261e+00 -1.930136e+01 -1.508197e+00 4.755157e+00 -2.633757e+00 -8.452416e+00 1.835540e+00 -4.336537e+00 -2.293693e+00 -7.102838e+00 6.873541e-01 1.156240e+00 -7.152247e-02 1.408759e+00 2.013410e+00 -2.193758e+00 -1.267335e+00 -2.942970e+00 -1.809093e+00 1.583020e+00 -4.895417e-01 -1.737576e-01 5.678172e-01 -5.125327e-02
<VARIANCE> 26
 9.009167e+00 7.628279e+00 6.503491e+00 6.241574e+01 2.373517e+01 3.555317e+01 9.382860e+00 4.246654e+01 2.954425e+01 8.021384e+00 6.139516e+00 8.128923e+00 5.000000e-02 6.407663e-01 1.016878e+00 2.229292e+00 6.926307e-01 2.923263e+00 1.019841e+00 4.882755e+00 2.210494e+00 1.682761e+00 4.196497e-01 9.428059e-01 5.055811e-01 5.000000e-02
<GCONST> 7.652186e+01
<STATE> 19
<MEAN> 26
 4.392383e+00 -2.009975e+01 -7.885691e+00 -1.505690e+01 -7.771810e-01 9.829653e-01 -9.418921e+00 -9.779657e+00 3.447877e+00 -4.082183e+00 -1.166911e+00 -6.050985e+00 5.817348e-01 2.477664e-01 8.545598e-01 -5.616645e-01 1.520444e+00 4.999516e-01 -1.380336e+00 -2.375629e-01 2.092082e-01 -4.977972e-02 -6.312259e-01 -1.874811e-01 -4.702116e-01 -2.875713e-02
<VARIANCE> 26
 7.366574e+00 4.655390e+00 1.101728e+01 2.661224e+01 1.044291e+01 2.125249e+01 3.276456e+01 1.601215e+01 8.536646e+00 6.708778e+00 9.262089e+00 1.802740e+01 5.000000e-02 5.000000e-02 2.404109e-01 1.471381e+00 1.976634e+00 8.850830e-01 2.072576e+00 6.550062e+00 3.229482e+00 7.934783e-01 2.219125e+00 4.070387e-01 8.297251e-01 5.000000e-02
<GCONST> 7.162509e+01
<STATE> 20
<MEAN> 26
 6.760531e+00 -1.677304e+01 -1.364867e+01 -1.084198e+01 -2.713333e+00 -2.982646e+00 -2.343040e+00 -8.132213e+00 -2.022425e+00 -7.905965e+00 -6.051346e+00 -9.453816e+00 5.430480e-01 -2.537040e-01 3.934045e-01 -6.056429e-01 5.263260e-01 5.852118e-01 -1.617469e-01 2.623928e-01 -1.196440e-01 -9.968196e-01 -3.633772e-01 -1.281395e+00 -8.919683e-01 -2.120899e-02
<VARIANCE> 26
 9.380399e+00 4.813826e+00 9.472783e+00 1.027389e+01 2.261568e+01 1.574399e+01 4.419234e+01 2.461237e+01 1.961199e+01 1.132906e+01 6.772037e+00 1.496605e+01 5.000000e-02 2.388060e-01 6.050913e-01 7.418597e-01 6.487173e-01 2.198894e+00 1.333810e+00 1.347132e+00 2.069093e+00 6.253242e-01 1.636117e+00 8.646271e-01 8.727022e-01 5.000000e-02
<GCONST> 7.224697e+01
<STATE> 21
<MEAN> 26
 5.188828e+00 -1.851626e+01 -9.636681e+00 -1.125135e+01 1.219625e-01 9.148442e-01 -6.552969e+00 -1.126919e+01 9.306818e-01 -4.909814e+00 -7.923685e+00 -1.209017e+01 4.689808e-01 1.927603e-01 7.210000e-01 -6.467566e-01 1.125445e+00 8.452373e-01 1.167796e-01 1.647043e+00 -1.833873e-01 -1.181673e+00 -2.989872e-01 -6.506047e-01 -1.277862e-02 -2.156585e-02
<VARIANCE> 26
 3.473086e+00 6.113540e+00 1.235519e+01 1.231576e+01 6.273597e+00 1.557292e+01 5.828395e+01 2.179869e+01 1.862085e+01 3.667021e+00 2.040452e+01 1.599865e+01 5.000000e-02 2.875478e-01 1.950178e-01 6.289242e-01 8.052889e-01 2.086417e+00 1.769477e+00 2.456782e+00 2.844369e+00 2.118904e+00 6.788116e-01 2.156702e+00 1.160428e+00 5.000000e-02
<GCONST> 7.258466e+01
<STATE> 22
<MEAN> 26
 4.937432e+00 -1.495009e+01 -1.433526e+01 -5.471050e+00 5.252609e+00 -9.796726e-01 -1.566940e+00 -1.125306e+01 -7.479812e+00 -7.198712e+00 -7.551438e+00 -1.101398e+01 3.751259e-01 -6.861392e-01 -1.866496e-01 -5.708131e-01 1.650955e-01 1.150736e+00 8.236830e-01 6.495934e-01 1.637987e-01 1.844359e-01 8.050637e-01 2.119276e+00 1.727006e+00 -3.492532e-02
<VARIANCE> 26
 3.029861e+00 4.689457e+00 1.577188e+00 6.415388e+00 3.605254e+00 1.037139e+01 3.313387e+01 2.807012e+01 1.568058e+01 1.519899e+01 2.838531e+01 1.434047e+01 5.000000e-02 2.972967e-01 7.022091e-01 5.248160e-01 8.636439e-01 2.361846e+00 2.775046e-01 2.225851e+00 4.042518e+00 2.285497e+00 1.536243e+00 1.967217e+00 1.265250e+00 5.000000e-02
<GCONST> 7.028532e+01
<STATE> 23
<MEAN> 26
 3.627416e+00 -1.609912e+01 -1.505009e+01 -8.496119e+00 4.423083e+00 2.345620e+00 8.768054e-01 -9.056722e+00 -2.950313e+00 -4.332644e+00 -3.294724e+00 -7.591825e+00 3.183203e-01 -4.452680e-01 1.824281e-01 9.315372e-02 -3.600238e-01 4.499374e-01 2.344747e-01 -3.172445e-01 1.058408e+00 1.337761e-01 -4.925149e-02 1.151224e+00 7.769762e-02 -2.259899e-02
<VARIANCE> 26
 2.771595e+00 7.526846e-01 3.483195e+00 4.675529e+00 3.856496e+00 8.647906e+00 1.489780e+01 1.123732e+01 7.290276e+00 1.066822e+01 3.376710e+00 6.498656e+00 5.000000e-02 5.000000e-02 2.539575e-01 4.251458e-01 4.660930e-01 6.241134e-01 1.401933e+00 1.865662e+00 2.660861e+00 1.087100e+00 3.591914e-01 1.749349e+00 1.035724e+00 5.000000e-02
<GCONST> 5.652643e+01
<STATE> 24
<MEAN> 26
 3.265975e+00 -1.622903e+01 -1.435816e+01 -8.124407e+00 6.121426e+00 1.023033e+00 -1.769457e+00 -8.872033e+00 -4.069021e+00 -5.389246e+00 -6.733906e-01 -6.857878e+00 3.365004e-01 -9.026625e-01 -1.342490e-01 -1.143145e-01 1.310324e-02 2.327796e-01 -1.396400e-01 8.782069e-02 5.738015e-01 3.604670e-01 1.624109e+00 2.259505e+00 8.719797e-01 -2.828591e-02
<VARIANCE> 26
 2.876532e+00 3.677728e+00 3.115734e+00 6.039921e+00 3.421421e+00 5.995210e+00 1.103483e+01 1.123199e+01 6.378332e+00 6.504215e+00 1.943188e+01 1.168346e+01 5.000000e-02 2.499656e-01 3.941510e-01 4.049771e-01 4.067843e-01 4.368076e-01 5.083103e-01 1.651826e+00 1.676544e+00 1.026605e+00 1.334023e+00 1.727253e+00 1.793268e+00 5.000000e-02
<GCONST> 6.091623e+01
<STATE> 25
<MEAN> 26
 1.287693e+00 -1.681865e+01 -1.508917e+01 -8.539583e+00 5.346257e+00 1.529199e+00 7.788034e-01 -6.070907e+00 -2.923060e+00 -2.617417e+00 1.405375e+00 -8.014850e+00 3.048746e-01 -4.551540e-01 5.342928e-01 3.319824e-02 7.975953e-02 -4.619403e-01 -4.842645e-01 5.183113e-01 6.367363e-01 2.834352e-01 6.574228e-02 -2.041905e-01 2.510456e-01 -2.836880e-02
<VARIANCE> 26
 1.571040e+00 1.504782e+00 3.186712e+00 7.747368e-01 6.767949e+00 5.614905e-01 7.450464e+00 8.597880e+00 5.418132e+00 1.797165e+01 3.164893e+01 2.702418e+01 5.000000e-02 5.927324e-01 4.899906e-01 1.604977e-01 5.317092e-02 3.847154e-01 7.370638e-01 1.315066e+00 1.776448e+00 1.001336e+00 1.773654e+00 2.350382e+00 2.550044e+00 5.000000e-02
<GCONST> 5.633543e+01
<STATE> 26
<MEAN> 26
 -1.753602e-01 -1.281156e+01 -1.122685e+01 -6.831592e+00 4.638487e+00 -5.266643e-01 -1.035760e+00 -7.043008e+00 -2.262989e+00 -2.719663e+00 -2.268161e-02 -4.775205e+00 1.270683e-01 -1.858018e-02 6.541041e-01 1.036595e+00 6.530276e-01 2.582240e-02 -6.128130e-02 -8.917038e-03 -1.138079e-01 2.009167e-01 -3.031947e-01 -1.666477e-01 5.319650e-01 -9.508315e-03
<VARIANCE> 26
 9.667353e+00 3.050899e+00 1.709265e+01 4.645753e+00 9.433754e+00 3.271889e+00 1.312836e+01 1.123845e+01 9.255757e+00 1.259485e+01 8.135503e+00 3.985669e+00 5.000000e-02 7.227164e-01 3.071375e-01 7.930337e-01 3.824585e-01 6.408769e-01 6.755781e-01 1.205670e+00 7.196124e-01 4.128588e-01 1.000656e+00 2.813802e+00 1.484981e+00 5.000000e-02
<GCONST> 6.308200e+01
<STATE> 27
<MEAN> 26
 1.078610e+00 -1.457445e+01 -1.259327e+01 -6.082482e+00 4.297939e+00 -1.292165e+00 -1.112114e+00 -5.943882e+00 -1.887196e+00 -1.642947e+00 4.058181e+00 -3.176968e+00 2.005345e-01 -6.133350e-01 -2.394719e-01 -1.931698e-01 -4.474894e-01 -3.801970e-01 3.812068e-01 5.290241e-01 7.327195e-01 4.882869e-01 4.172551e-02 5.108718e-01 1.598190e-02 -2.281309e-02
<VARIANCE> 26
 3.834873e+00 1.639545e+01 2.905410e+01 8.094156e+00 7.983588e+00 7.458595e+00 8.910044e+00 1.048295e+01 1.929786e+01 2.241976e+01 2.249119e+01 8.335608e+00 5.000000e-02 7.779889e-01 5.224339e-01 5.938973e-01 5.983502e-01 7.739211e-01 7.448342e-01 6.778899e-01 8.226715e-01 6.644858e-01 2.416474e-01 1.161234e+00 6.207578e-01 5.000000e-02
<GCONST> 6.609592e+01
<STATE> 28
<MEAN> 26
 -1.267445e+00 -1.390035e+01 -1.182838e+01 -7.002198e+00 4.832901e+00 2.302627e+00 3.042638e+00 -5.638289e+00 -2.351300e+00 -4.370674e+00 5.013081e-01 -4.591089e+00 1.183525e-01 -5.385257e-01 7.558887e-02 6.937256e-02 -2.819017e-01 5.349454e-02 1.896759e-01 1.300921e-02 -2.498218e-01 -3.055447e-01 -6.266137e-02 -7.363683e-01 -3.526983e-01 -2.442219e-02
<VARIANCE> 26
 4.861053e+00 6.809778e+00 2.466247e+01 1.181351e+01 4.820591e+00 3.173914e+00 1.760452e+01 5.999377e+00 1.088980e+01 1.334994e+01 1.366855e+01 9.799232e+00 5.000000e-02 1.077862e+00 7.229778e-01 5.811251e-01 2.978742e-01 4.532188e-01 6.183681e-01 4.978400e-01 9.265854e-02 2.502418e-01 8.079455e-01 6.194900e-01 6.140687e-01 5.000000e-02
<GCONST> 5.931516e+01
<STATE> 29
<MEAN> 26
 -2.260880e+00 -1.345324e+01 -1.185701e+01 -8.907589e+00 3.475724e+00 -5.704119e-01 7.212223e-01 -5.272383e+00 -1.502376e+00 -2.722746e+00 1.529715e+00 -4.942206e+00 7.541434e-02 -8.661675e-01 9.409672e-01 1.533782e+00 5.532039e-01 -2.572494e-01 -9.062077e-01 -4.146938e-01 2.022467e-01 -3.008803e-01 -3.317564e-01 -1.838383e-01 3.275030e-01 -4.076703e-02
<VARIANCE> 26
 1.067634e+01 7.711653e+00 8.199294e+00 8.973994e+00 5.261054e+00 5.668546e+00 5.156940e+00 3.968127e+00 4.635087e+00 5.369042e+00 8.834032e+00 2.777485e+00 5.000000e-02 3.416374e-01 5.718668e-01 1.751237e+00 1.281390e+00 1.200107e+00 6.912636e-01 1.026165e+00 1.280663e-01 7.952474e-01 8.519118e-01 9.709240e-01 1.687658e+00 5.000000e-02
<GCONST> 6.039453e+01
<STATE> 30
<MEAN> 26
 -4.020822e+00 -9.955314e+00 -6.049457e+00 -4.981665e+00 3.717897e+00 -1.531173e+00 2.849627e-01 -5.186131e+00 -2.626469e+00 -5.155576e+00 -9.400924e-01 -3.858750e+00 -2.156969e-02 -5.636939e-01 9.482337e-01 1.481177e+00 1.224128e+00 2.182762e-01 -3.227823e-01 -9.485671e-02 8.207495e-02 7.381590e-01 3.491154e-01 6.238009e-01 1.002107e+00 -2.725582e-02
<VARIANCE> 26
 6.339955e-01 3.353059e+00 5.265844e+00 2.904648e+00 1.102069e+01 6.894199e+00 4.857089e+00 5.533935e+00 1.425043e+01 9.282705e+00 1.508494e+01 1.388454e+01 5.000000e-02 4.767557e-01 9.003888e-01 1.010128e+00 3.876703e-01 3.975758e-01 7.380923e-01 2.269994e-01 8.628920e-02 8.069118e-01 8.410911e-01 1.723380e+00 6.412841e-01 5.000000e-02
<GCONST> 5.589655e+01
<STATE> 31
<MEAN> 26
 -5.658883e+00 -1.004622e+01 -5.885028e+00 -3.145443e+00 3.723425e+00 -1.882656e+00 -1.165680e-01 -4.582958e+00 1.080256e+00 -1.442021e+00 4.534245e+00 -7.178818e-01 -7.897556e-02 -5.053796e-01 1.912861e-01 7.161352e-01 1.842296e-01 -6.117660e-02 -6.182080e-01 1.801151e-01 6.004148e-01 1.059172e+00 1.071646e+00 7.859483e-01 4.902579e-01 -3.160539e-03
<VARIANCE> 26
 1.152149e+00 2.664915e+00 1.626197e+01 3.085638e+00 5.824465e+00 3.731651e+00 3.398845e+00 3.162426e+00 5.576461e+00 2.690824e+00 7.472649e+00 2.437797e+00 5.000000e-02 1.135281e-01 7.762463e-02 3.759550e-01 2.645670e-01 7.434000e-01 1.908539e-01 1.137281e+00 2.276536e-01 1.274123e+00 1.365263e+00 1.525071e+00 1.076146e+00 5.000000e-02
<GCONST> 4.860062e+01
<TRANSP> 32
 0.000000e+00 1.000000e+00 0.000000e+00 0.000000e+00 0.000000e+00 0.000000e+00 0.000000e+00 0.000000e+00 0.000000e+00 0.000000e+00 0.000000e+00 0.000000e+00 0.000000e+00 0.000000e+00 0.000000e+00 0.000000e+00 0.000000e+00 0.000000e+00 0.000000e+00 0.000000e+00 0.000000e+00 0.000000e+00 0.000000e+00 0.000000e+00 0.000000e+00 0.000000e+00 0.000000e+00 0.000000e+00 0.000000e+00 0.000000e+00 0.000000e+00 0.000000e+00
 0.000000e+00 5.454138e-01 4.545863e-01 0.000000e+00 0.000000e+00 0.000000e+00 0.000000e+00 0.000000e+00 0.000000e+00 0.000000e+00 0.000000e+00 0.000000e+00 0.000000e+00 0.000000e+00 0.000000e+00 0.000000e+00 0.000000e+00 0.000000e+00 0.000000e+00 0.000000e+00 0.000000e+00 0.000000e+00 0.000000e+00 0.000000e+00 0.000000e+00 0.000000e+00 0.000000e+00 0.000000e+00 0.000000e+00 0.000000e+00 0.000000e+00 0.000000e+00
 0.000000e+00 0.000000e+00 7.958272e-01 2.041728e-01 0.000000e+00 0.000000e+00 0.000000e+00 0.000000e+00 0.000000e+00 0.000000e+00 0.000000e+00 0.000000e+00 0.000000e+00 0.000000e+00 0.000000e+00 0.000000e+00 0.000000e+00 0.000000e+00 0.000000e+00 0.000000e+00 0.000000e+00 0.000000e+00 0.000000e+00 0.000000e+00 0.000000e+00 0.000000e+00 0.000000e+00 0.000000e+00 0.000000e+00 0.000000e+00 0.000000e+00 0.000000e+00
 0.000000e+00 0.000000e+00 0.000000e+00 6.001695e-01 3.998305e-01 0.000000e+00 0.000000e+00 0.000000e+00 0.000000e+00 0.000000e+00 0.000000e+00 0.000000e+00 0.000000e+00 0.000000e+00 0.000000e+00 0.000000e+00 0.000000e+00 0.000000e+00 0.000000e+00 0.000000e+00 0.000000e+00 0.000000e+00 0.000000e+00 0.000000e+00 0.000000e+00 0.000000e+00 0.000000e+00 0.000000e+00 0.000000e+00 0.000000e+00 0.000000e+00 0.000000e+00
 0.000000e+00 0.000000e+00 0.000000e+00 0.000000e+00 4.435005e-01 5.564995e-01 0.000000e+00 0.000000e+00 0.000000e+00 0.000000e+00 0.000000e+00 0.000000e+00 0.000000e+00 0.000000e+00 0.000000e+00 0.000000e+00 0.000000e+00 0.000000e+00 0.000000e+00 0.000000e+00 0.000000e+00 0.000000e+00 0.000000e+00 0.000000e+00 0.000000e+00 0.000000e+00 0.000000e+00 0.000000e+00 0.000000e+00 0.000000e+00 0.000000e+00 0.000000e+00
 0.000000e+00 0.000000e+00 0.000000e+00 0.000000e+00 0.000000e+00 2.869976e-01 7.130024e-01 0.000000e+00 0.000000e+00 0.000000e+00 0.000000e+00 0.000000e+00 0.000000e+00 0.000000e+00 0.000000e+00 0.000000e+00 0.000000e+00 0.000000e+00 0.000000e+00 0.000000e+00 0.000000e+00 0.000000e+00 0.000000e+00 0.000000e+00 0.000000e+00 0.000000e+00 0.000000e+00 0.000000e+00 0.000000e+00 0.000000e+00 0.000000e+00 0.000000e+00
 0.000000e+00 0.000000e+00 0.000000e+00 0.000000e+00 0.000000e+00 0.000000e+00 5.019027e-01 4.980973e-01 0.000000e+00 0.000000e+00 0.000000e+00 0.000000e+00 0.000000e+00 0.000000e+00 0.000000e+00 0.000000e+00 0.000000e+00 0.000000e+00 0.000000e+00 0.000000e+00 0.000000e+00 0.000000e+00 0.000000e+00 0.000000e+00 0.000000e+00 0.000000e+00 0.000000e+00 0.000000e+00 0.000000e+00 0.000000e+00 0.000000e+00 0.000000e+00
 0.000000e+00 0.000000e+00 0.000000e+00 0.000000e+00 0.000000e+00 0.000000e+00 0.000000e+00 3.753293e-01 6.246707e-01 0.000000e+00 0.000000e+00 0.000000e+00 0.000000e+00 0.000000e+00 0.000000e+00 0.000000e+00 0.000000e+00 0.000000e+00 0.000000e+00 0.000000e+00 0.000000e+00 0.000000e+00 0.000000e+00 0.000000e+00 0.000000e+00 0.000000e+00 0.000000e+00 0.000000e+00 0.000000e+00 0.000000e+00 0.000000e+00 0.000000e+00
 0.000000e+00 0.000000e+00 0.000000e+00 0.000000e+00 0.000000e+00 0.000000e+00 0.000000e+00 0.000000e+00 4.982148e-01 5.017853e-01 0.000000e+00 0.000000e+00 0.000000e+00 0.000000e+00 0.000000e+00 0.000000e+00 0.000000e+00 0.000000e+00 0.000000e+00 0.000000e+00 0.000000e+00 0.000000e+00 0.000000e+00 0.000000e+00 0.000000e+00 0.000000e+00 0.000000e+00 0.000000e+00 0.000000e+00 0.000000e+00 0.000000e+00 0.000000e+00
 0.000000e+00 0.000000e+00 0.000000e+00 0.000000e+00 0.000000e+00 0.000000e+00 0.000000e+00 0.000000e+00 0.000000e+00 4.447617e-01 5.552383e-01 0.000000e+00 0.000000e+00 0.000000e+00 0.000000e+00 0.000000e+00 0.000000e+00 0.000000e+00 0.000000e+00 0.000000e+00 0.000000e+00 0.000000e+00 0.000000e+00 0.000000e+00 0.000000e+00 0.000000e+00 0.000000e+00 0.000000e+00 0.000000e+00 0.000000e+00 0.000000e+00 0.000000e+00
 0.000000e+00 0.000000e+00 0.000000e+00 0.000000e+00 0.000000e+00 0.000000e+00 0.000000e+00 0.000000e+00 0.000000e+00 0.000000e+00 7.367027e-01 2.632973e-01 0.000000e+00 0.000000e+00 0.000000e+00 0.000000e+00 0.000000e+00 0.000000e+00 0.000000e+00 0.000000e+00 0.000000e+00 0.000000e+00 0.000000e+00 0.000000e+00 0.000000e+00 0.000000e+00 0.000000e+00 0.000000e+00 0.000000e+00 0.000000e+00 0.000000e+00 0.000000e+00
 0.000000e+00 0.000000e+00 0.000000e+00 0.000000e+00 0.000000e+00 0.000000e+00 0.000000e+00 0.000000e+00 0.000000e+00 0.000000e+00 0.000000e+00 0.000000e+00 1.000000e+00 0.000000e+00 0.000000e+00 0.000000e+00 0.000000e+00 0.000000e+00 0.000000e+00 0.000000e+00 0.000000e+00 0.000000e+00 0.000000e+00 0.000000e+00 0.000000e+00 0.000000e+00 0.000000e+00 0.000000e+00 0.000000e+00 0.000000e+00 0.000000e+00 0.000000e+00
 0.000000e+00 0.000000e+00 0.000000e+00 0.000000e+00 0.000000e+00 0.000000e+00 0.000000e+00 0.000000e+00 0.000000e+00 0.000000e+00 0.000000e+00 0.000000e+00 5.836664e-01 4.163336e-01 0.000000e+00 0.000000e+00 0.000000e+00 0.000000e+00 0.000000e+00 0.000000e+00 0.000000e+00 0.000000e+00 0.000000e+00 0.000000e+00 0.000000e+00 0.000000e+00 0.000000e+00 0.000000e+00 0.000000e+00 0.000000e+00 0.000000e+00 0.000000e+00
 0.000000e+00 0.000000e+00 0.000000e+00 0.000000e+00 0.000000e+00 0.000000e+00 0.000000e+00 0.000000e+00 0.000000e+00 0.000000e+00 0.000000e+00 0.000000e+00 0.000000e+00 4.446294e-01 5.553706e-01 0.000000e+00 0.000000e+00 0.000000e+00 0.000000e+00 0.000000e+00 0.000000e+00 0.000000e+00 0.000000e+00 0.000000e+00 0.000000e+00 0.000000e+00 0.000000e+00 0.000000e+00 0.000000e+00 0.000000e+00 0.000000e+00 0.000000e+00
 0.000000e+00 0.000000e+00 0.000000e+00 0.000000e+00 0.000000e+00 0.000000e+00 0.000000e+00 0.000000e+00 0.000000e+00 0.000000e+00 0.000000e+00 0.000000e+00 0.000000e+00 0.000000e+00 2.857115e-01 7.142885e-01 0.000000e+00 0.000000e+00 0.000000e+00 0.000000e+00 0.000000e+00 0.000000e+00 0.000000e+00 0.000000e+00 0.000000e+00 0.000000e+00 0.000000e+00 0.000000e+00 0.000000e+00 0.000000e+00 0.000000e+00 0.000000e+00
 0.000000e+00 0.000000e+00 0.000000e+00 0.000000e+00 0.000000e+00 0.000000e+00 0.000000e+00 0.000000e+00 0.000000e+00 0.000000e+00 0.000000e+00 0.000000e+00 0.000000e+00 0.000000e+00 0.000000e+00 2.857611e-01 7.142389e-01 0.000000e+00 0.000000e+00 0.000000e+00 0.000000e+00 0.000000e+00 0.000000e+00 0.000000e+00 0.000000e+00 0.000000e+00 0.000000e+00 0.000000e+00 0.000000e+00 0.000000e+00 0.000000e+00 0.000000e+00
 0.000000e+00 0.000000e+00 0.000000e+00 0.000000e+00 0.000000e+00 0.000000e+00 0.000000e+00 0.000000e+00 0.000000e+00 0.000000e+00 0.000000e+00 0.000000e+00 0.000000e+00 0.000000e+00 0.000000e+00 0.000000e+00 3.749953e-01 6.250048e-01 0.000000e+00 0.000000e+00 0.000000e+00 0.000000e+00 0.000000e+00 0.000000e+00 0.000000e+00 0.000000e+00 0.000000e+00 0.000000e+00 0.000000e+00 0.000000e+00 0.000000e+00 0.000000e+00
 0.000000e+00 0.000000e+00 0.000000e+00 0.000000e+00 0.000000e+00 0.000000e+00 0.000000e+00 0.000000e+00 0.000000e+00 0.000000e+00 0.000000e+00 0.000000e+00 0.000000e+00 0.000000e+00 0.000000e+00 0.000000e+00 0.000000e+00 4.438695e-01 5.561305e-01 0.000000e+00 0.000000e+00 0.000000e+00 0.000000e+00 0.000000e+00 0.000000e+00 0.000000e+00 0.000000e+00 0.000000e+00 0.000000e+00 0.000000e+00 0.000000e+00 0.000000e+00
 0.000000e+00 0.000000e+00 0.000000e+00 0.000000e+00 0.000000e+00 0.000000e+00 0.000000e+00 0.000000e+00 0.000000e+00 0.000000e+00 0.000000e+00 0.000000e+00 0.000000e+00 0.000000e+00 0.000000e+00 0.000000e+00 0.000000e+00 0.000000e+00 5.488676e-01 4.511324e-01 0.000000e+00 0.000000e+00 0.000000e+00 0.000000e+00 0.000000e+00 0.000000e+00 0.000000e+00 0.000000e+00 0.000000e+00 0.000000e+00 0.000000e+00 0.000000e+00
 0.000000e+00 0.000000e+00 0.000000e+00 0.000000e+00 0.000000e+00 0.000000e+00 0.000000e+00 0.000000e+00 0.000000e+00 0.000000e+00 0.000000e+00 0.000000e+00 0.000000e+00 0.000000e+00 0.000000e+00 0.000000e+00 0.000000e+00 0.000000e+00 0.000000e+00 6.428634e-01 3.571366e-01 0.000000e+00 0.000000e+00 0.000000e+00 0.000000e+00 0.000000e+00 0.000000e+00 0.000000e+00 0.000000e+00 0.000000e+00 0.000000e+00 0.000000e+00
 0.000000e+00 0.000000e+00 0.000000e+00 0.000000e+00 0.000000e+00 0.000000e+00 0.000000e+00 0.000000e+00 0.000000e+00 0.000000e+00 0.000000e+00 0.000000e+00 0.000000e+00 0.000000e+00 0.000000e+00 0.000000e+00 0.000000e+00 0.000000e+00 0.000000e+00 0.000000e+00 5.805215e-01 4.194785e-01 0.000000e+00 0.000000e+00 0.000000e+00 0.000000e+00 0.000000e+00 0.000000e+00 0.000000e+00 0.000000e+00 0.000000e+00 0.000000e+00
 0.000000e+00 0.000000e+00 0.000000e+00 0.000000e+00 0.000000e+00 0.000000e+00 0.000000e+00 0.000000e+00 0.000000e+00 0.000000e+00 0.000000e+00 0.000000e+00 0.000000e+00 0.000000e+00 0.000000e+00 0.000000e+00 0.000000e+00 0.000000e+00 0.000000e+00 0.000000e+00 0.000000e+00 5.000226e-01 4.999774e-01 0.000000e+00 0.000000e+00 0.000000e+00 0.000000e+00 0.000000e+00 0.000000e+00 0.000000e+00 0.000000e+00 0.000000e+00
 0.000000e+00 0.000000e+00 0.000000e+00 0.000000e+00 0.000000e+00 0.000000e+00 0.000000e+00 0.000000e+00 0.000000e+00 0.000000e+00 0.000000e+00 0.000000e+00 0.000000e+00 0.000000e+00 0.000000e+00 0.000000e+00 0.000000e+00 0.000000e+00 0.000000e+00 0.000000e+00 0.000000e+00 0.000000e+00 3.749552e-01 6.250448e-01 0.000000e+00 0.000000e+00 0.000000e+00 0.000000e+00 0.000000e+00 0.000000e+00 0.000000e+00 0.000000e+00
 0.000000e+00 0.000000e+00 0.000000e+00 0.000000e+00 0.000000e+00 0.000000e+00 0.000000e+00 0.000000e+00 0.000000e+00 0.000000e+00 0.000000e+00 0.000000e+00 0.000000e+00 0.000000e+00 0.000000e+00 0.000000e+00 0.000000e+00 0.000000e+00 0.000000e+00 0.000000e+00 0.000000e+00 0.000000e+00 0.000000e+00 4.988215e-01 5.011785e-01 0.000000e+00 0.000000e+00 0.000000e+00 0.000000e+00 0.000000e+00 0.000000e+00 0.000000e+00
 0.000000e+00 0.000000e+00 0.000000e+00 0.000000e+00 0.000000e+00 0.000000e+00 0.000000e+00 0.000000e+00 0.000000e+00 0.000000e+00 0.000000e+00 0.000000e+00 0.000000e+00 0.000000e+00 0.000000e+00 0.000000e+00 0.000000e+00 0.000000e+00 0.000000e+00 0.000000e+00 0.000000e+00 0.000000e+00 0.000000e+00 0.000000e+00 5.011514e-01 4.988486e-01 0.000000e+00 0.000000e+00 0.000000e+00 0.000000e+00 0.000000e+00 0.000000e+00
 0.000000e+00 0.000000e+00 0.000000e+00 0.000000e+00 0.000000e+00 0.000000e+00 0.000000e+00 0.000000e+00 0.000000e+00 0.000000e+00 0.000000e+00 0.000000e+00 0.000000e+00 0.000000e+00 0.000000e+00 0.000000e+00 0.000000e+00 0.000000e+00 0.000000e+00 0.000000e+00 0.000000e+00 0.000000e+00 0.000000e+00 0.000000e+00 0.000000e+00 5.636023e-01 4.363978e-01 0.000000e+00 0.000000e+00 0.000000e+00 0.000000e+00 0.000000e+00
 0.000000e+00 0.000000e+00 0.000000e+00 0.000000e+00 0.000000e+00 0.000000e+00 0.000000e+00 0.000000e+00 0.000000e+00 0.000000e+00 0.000000e+00 0.000000e+00 0.000000e+00 0.000000e+00 0.000000e+00 0.000000e+00 0.000000e+00 0.000000e+00 0.000000e+00 0.000000e+00 0.000000e+00 0.000000e+00 0.000000e+00 0.000000e+00 0.000000e+00 0.000000e+00 5.673376e-01 4.326624e-01 0.000000e+00 0.000000e+00 0.000000e+00 0.000000e+00
 0.000000e+00 0.000000e+00 0.000000e+00 0.000000e+00 0.000000e+00 0.000000e+00 0.000000e+00 0.000000e+00 0.000000e+00 0.000000e+00 0.000000e+00 0.000000e+00 0.000000e+00 0.000000e+00 0.000000e+00 0.000000e+00 0.000000e+00 0.000000e+00 0.000000e+00 0.000000e+00 0.000000e+00 0.000000e+00 0.000000e+00 0.000000e+00 0.000000e+00 0.000000e+00 0.000000e+00 4.989190e-01 5.010810e-01 0.000000e+00 0.000000e+00 0.000000e+00
 0.000000e+00 0.000000e+00 0.000000e+00 0.000000e+00 0.000000e+00 0.000000e+00 0.000000e+00 0.000000e+00 0.000000e+00 0.000000e+00 0.000000e+00 0.000000e+00 0.000000e+00 0.000000e+00 0.000000e+00 0.000000e+00 0.000000e+00 0.000000e+00 0.000000e+00 0.000000e+00 0.000000e+00 0.000000e+00 0.000000e+00 0.000000e+00 0.000000e+00 0.000000e+00 0.000000e+00 0.000000e+00 5.465152e-01 4.534847e-01 0.000000e+00 0.000000e+00
 0.000000e+00 0.000000e+00 0.000000e+00 0.000000e+00 0.000000e+00 0.000000e+00 0.000000e+00 0.000000e+00 0.000000e+00 0.000000e+00 0.000000e+00 0.000000e+00 0.000000e+00 0.000000e+00 0.000000e+00 0.000000e+00 0.000000e+00 0.000000e+00 0.000000e+00 0.000000e+00 0.000000e+00 0.000000e+00 0.000000e+00 0.000000e+00 0.000000e+00 0.000000e+00 0.000000e+00 0.000000e+00 0.000000e+00 5.447355e-01 4.552646e-01 0.000000e+00
 0.000000e+00 0.000000e+00 0.000000e+00 0.000000e+00 0.000000e+00 0.000000e+00 0.000000e+00 0.000000e+00 0.000000e+00 0.000000e+00 0.000000e+00 0.000000e+00 0.000000e+00 0.000000e+00 0.000000e+00 0.000000e+00 0.000000e+00 0.000000e+00 0.000000e+00 0.000000e+00 0.000000e+00 0.000000e+00 0.000000e+00 0.000000e+00 0.000000e+00 0.000000e+00 0.000000e+00 0.000000e+00 0.000000e+00 0.000000e+00 3.749804e-01 6.250196e-01
 0.000000e+00 0.000000e+00 0.000000e+00 0.000000e+00 0.000000e+00 0.000000e+00 0.000000e+00 0.000000e+00 0.000000e+00 0.000000e+00 0.000000e+00 0.000000e+00 0.000000e+00 0.000000e+00 0.000000e+00 0.000000e+00 0.000000e+00 0.000000e+00 0.000000e+00 0.000000e+00 0.000000e+00 0.000000e+00 0.000000e+00 0.000000e+00 0.000000e+00 0.000000e+00 0.000000e+00 0.000000e+00 0.000000e+00 0.000000e+00 0.000000e+00 0.000000e+00
<ENDHMM>
