~o
<STREAMINFO> 1 39
<VECSIZE> 39<NULLD><MFCC_E_D_A><DIAGC>
~h "Lai"
<BEGINHMM>
<NUMSTATES> 13
<STATE> 2
<MEAN> 39
 -6.124383e+00 -7.834636e+00 -2.236444e+00 -1.018738e+00 1.062240e+00 -5.737628e+00 2.123853e+00 -8.877817e-01 9.500576e-01 -3.467409e+00 3.325454e+00 -5.263879e-01 -1.768163e-02 5.558725e-01 -1.472352e-01 -9.594061e-01 -1.893602e-01 -9.791420e-01 -8.484722e-01 -2.289368e-01 5.696272e-01 3.569844e-01 -7.204540e-01 -3.823716e-01 5.160687e-03 4.432143e-02 2.934846e-01 -1.796661e-01 -5.124288e-01 -1.033927e-01 -3.213488e-01 -3.848887e-01 -3.160282e-02 5.685665e-03 2.089242e-01 -2.088091e-01 -2.190929e-01 -1.989535e-02 2.296039e-02
<VARIANCE> 39
 6.738164e+00 4.001249e+00 8.697623e+00 7.621928e+00 1.412510e+01 2.173328e+01 1.184524e+01 1.030699e+01 1.308165e+01 1.345940e+01 9.914781e+00 1.190606e+01 5.000000e-02 1.793490e+00 7.506087e-01 3.449021e+00 1.265764e+00 2.542436e+00 3.825687e+00 1.867123e+00 1.572063e+00 1.855834e+00 1.500907e+00 1.787693e+00 1.563467e+00 5.000000e-02 2.593761e-01 2.026602e-01 5.684069e-01 2.282785e-01 3.466851e-01 7.861837e-01 3.187209e-01 2.879755e-01 4.118520e-01 2.407241e-01 3.500874e-01 3.204291e-01 5.000000e-02
<GCONST> 8.465203e+01
<STATE> 3
<MEAN> 39
 8.289078e-01 -1.476118e+01 -1.967271e+01 -3.151835e+00 -8.847879e+00 -1.351261e+01 2.311662e+00 1.001247e+00 5.046664e+00 -1.135639e+01 -3.725188e+00 1.716748e+00 7.171486e-01 -3.397083e-01 -1.995745e+00 -2.860392e+00 2.836981e-01 4.694258e-01 1.070279e+00 1.738665e+00 -8.169980e-01 -2.235611e-01 -1.323676e+00 -1.375222e+00 6.390765e-01 1.108703e-01 -5.202659e-01 -5.754792e-02 6.416046e-01 1.445290e-01 1.151295e+00 9.484202e-01 3.350552e-01 -2.733079e-01 -6.009987e-01 4.224010e-01 3.015907e-01 -4.102097e-02 -2.236153e-02
<VARIANCE> 39
 3.288544e+01 1.516617e+01 3.208898e+01 1.138465e+01 8.393817e+00 5.303003e+01 4.196243e+01 3.616265e+01 4.488462e+01 2.491313e+01 2.119124e+01 1.633159e+01 5.000000e-02 3.692217e+00 1.712474e+00 3.869413e+00 1.657274e+00 5.962335e+00 1.479267e+01 3.871518e+00 2.143531e+00 7.660432e+00 1.521048e+00 2.382920e+00 2.033824e+00 5.000000e-02 4.786790e-01 2.906705e-01 4.664954e-01 2.854078e-01 1.904969e-01 2.111507e+00 1.091352e+00 4.275147e-01 9.745350e-01 5.901967e-01 5.277224e-01 5.960531e-01 5.000000e-02
<GCONST> 1.080527e+02
<STATE> 4
<MEAN> 39
 -2.376530e+00 -2.334008e+01 -2.512323e+01 -2.157864e-01 5.143406e+00 -5.818158e+00 1.186904e+01 -6.305065e+00 8.434808e-02 -1.019676e+01 -4.788828e+00 3.368950e+00 9.563141e-01 -7.803769e-01 -7.851309e-01 -1.303242e-01 6.054699e-03 2.492336e+00 5.586489e-01 5.407137e-02 -1.794742e+00 5.869183e-01 1.328073e+00 2.801147e-01 -7.786462e-02 1.960818e-02 -3.211990e-02 4.842456e-01 1.516504e-01 -1.665500e-01 -5.706541e-01 -4.398398e-01 -6.042049e-01 1.282498e-01 4.627801e-01 6.310321e-02 -5.413265e-02 -2.036386e-01 -9.352626e-03
<VARIANCE> 39
 2.998772e+01 7.328261e+00 2.361625e+01 1.823120e+01 1.703856e+01 4.134304e+01 2.186671e+01 4.816317e+01 3.376836e+01 2.550387e+01 1.322297e+01 9.522517e+00 5.000000e-02 3.700201e-01 7.731513e-01 1.090966e-01 8.623638e-01 3.323617e+00 2.419396e+00 1.577921e+00 1.356438e+00 3.230306e+00 3.058782e+00 6.979331e-01 1.640776e+00 5.000000e-02 1.052194e-01 1.492293e-01 6.963056e-02 1.949058e-01 3.562432e-01 7.693779e-01 1.309745e-01 5.796006e-01 7.505150e-01 9.025664e-01 2.411701e-01 1.836666e-01 5.000000e-02
<GCONST> 8.508244e+01
<STATE> 5
<MEAN> 39
 -8.948236e+00 -2.139035e+01 -2.323207e+01 -1.080138e+00 8.068419e+00 6.563181e-01 4.405538e+00 -7.542938e+00 3.797070e+00 -4.755582e+00 -7.476636e+00 2.930409e+00 9.708679e-01 -4.228598e-01 1.151568e-01 2.394570e-01 -7.753804e-02 1.311293e-01 1.316057e-01 -2.109002e-01 1.577309e-01 3.304780e-02 9.884600e-03 7.497454e-02 -5.788345e-02 2.458233e-05 4.331049e-02 -8.395673e-04 5.591828e-02 2.598596e-02 -2.419013e-01 -1.009323e-01 1.909716e-01 1.887717e-01 -1.075980e-01 -1.813232e-01 1.357167e-01 8.626588e-02 -1.176860e-03
<VARIANCE> 39
 1.229853e+01 6.463838e+00 1.657228e+01 1.764428e+01 1.700902e+01 2.032728e+01 1.966012e+01 1.266402e+01 1.360901e+01 9.559792e+00 1.000466e+01 4.066199e+00 5.000000e-02 7.067283e-01 4.986302e-01 1.007463e+00 1.344217e+00 1.323158e+00 1.093162e+00 1.374489e+00 1.325577e+00 6.850161e-01 1.377967e+00 5.594682e-01 5.738809e-01 5.000000e-02 1.097657e-01 1.375564e-01 1.999167e-01 2.405972e-01 2.804068e-01 2.179173e-01 1.398184e-01 2.084579e-01 1.315221e-01 2.214715e-01 8.081042e-02 1.256663e-01 5.000000e-02
<GCONST> 7.003244e+01
<STATE> 6
<MEAN> 39
 -1.006246e+01 -2.316440e+01 -2.129784e+01 -3.234450e+00 8.470878e+00 -1.913297e+00 8.370633e+00 -8.954915e+00 4.117717e+00 -9.702265e+00 -2.271898e+00 1.773162e+00 9.681318e-01 -3.044799e-01 -1.196585e-01 4.639833e-01 -3.047879e-01 -7.607938e-01 -3.213705e-01 7.577707e-01 5.222418e-01 -5.172687e-01 -1.163687e-01 6.038455e-01 1.340160e-02 -7.734208e-03 3.775997e-02 -5.335934e-02 1.171873e-01 -1.048443e-01 -3.925611e-01 -1.186619e-01 1.961730e-01 9.618098e-02 6.696194e-03 6.805793e-02 5.856639e-03 -1.445048e-01 -3.464516e-03
<VARIANCE> 39
 1.751412e+01 2.814872e+00 1.144337e+01 4.697027e+00 1.074957e+01 3.220353e+01 1.451370e+01 1.156667e+01 3.443358e+01 2.634379e+00 6.869444e+00 4.441473e+00 5.000000e-02 3.189171e-01 4.144416e-01 4.007063e-01 5.603849e-01 1.422995e+00 4.821435e-01 1.730458e+00 1.030585e+00 8.417456e-01 8.598174e-01 8.599303e-01 3.293806e-01 5.000000e-02 6.760247e-02 6.895341e-02 5.339866e-02 9.206342e-02 1.131000e-01 5.000000e-02 1.111564e-01 1.784728e-01 1.621915e-01 1.852933e-01 1.044490e-01 1.045311e-01 5.000000e-02
<GCONST> 5.676674e+01
<STATE> 7
<MEAN> 39
 -1.243616e+01 -2.246703e+01 -1.534718e+01 -7.608774e+00 -4.821977e+00 -5.972524e+00 1.550671e+01 -1.733632e+00 7.850941e-01 -7.536544e+00 -5.570644e-01 -1.553500e+00 8.633193e-01 -3.958821e-01 6.635144e-01 1.778653e+00 -1.558505e+00 -2.649541e+00 -1.047310e+00 9.782961e-02 5.741932e-01 7.436121e-01 2.024859e+00 9.225312e-02 -1.360311e+00 -2.936768e-02 7.113940e-02 2.459053e-01 1.730725e-01 -1.617071e-01 1.462781e-01 -1.390431e-01 -7.183357e-01 -3.463198e-01 4.483701e-01 7.302270e-01 -7.149432e-02 1.817457e-01 -7.160991e-04
<VARIANCE> 39
 1.333333e+01 5.485642e+00 1.494335e+01 1.149294e+01 2.296907e+01 4.673722e+01 1.888281e+01 1.510871e+01 1.271312e+01 9.474663e+00 1.403169e+01 1.524532e+01 5.000000e-02 1.092585e-01 5.699113e-01 2.447102e-01 2.391784e-01 5.941814e-01 5.362440e-01 2.464202e+00 9.411820e-01 1.305923e+00 3.916240e+00 7.927320e-01 7.167176e-01 5.000000e-02 5.000000e-02 8.931757e-02 5.000000e-02 6.125017e-02 7.007508e-02 1.308691e-01 1.528550e-01 1.577095e-01 1.528470e-01 2.562362e-01 2.028291e-01 3.230439e-01 5.000000e-02
<GCONST> 6.448499e+01
<STATE> 8
<MEAN> 39
 -1.241463e+01 -1.862468e+01 -6.881043e+00 -1.553638e+01 -1.425283e+01 -1.279948e+01 7.958444e+00 -3.450326e+00 8.082496e+00 7.617339e+00 6.821293e-01 -2.178893e+00 7.234687e-01 1.602497e+00 -3.230569e-01 7.991890e-01 -1.820686e-01 -2.267914e-01 -5.078741e-01 -1.744132e+00 -1.029186e+00 8.082977e-01 1.011062e+00 1.018504e-01 1.210250e+00 -3.948946e-02 6.710371e-01 -6.396461e-01 -4.566605e-01 9.467352e-01 8.226907e-01 8.986142e-01 3.296462e-01 -7.137001e-02 -5.519292e-01 -1.344763e+00 -1.708631e-01 2.017958e-01 -8.395321e-03
<VARIANCE> 39
 1.191073e+01 3.838141e+00 9.822898e+00 1.029721e+01 9.375504e+00 4.215613e+01 1.585946e+01 2.056305e+01 2.214963e+01 1.409498e+01 1.300464e+01 1.345185e+01 5.000000e-02 1.908970e+00 1.529954e+00 1.371623e+00 4.064472e+00 2.688123e+00 4.199267e+00 1.092137e+00 2.247376e+00 3.006708e+00 6.849068e+00 7.068325e-01 9.282953e-01 5.000000e-02 1.043991e-01 7.514219e-02 1.196886e-01 3.911950e-01 9.600401e-02 5.301136e-01 2.167387e-01 5.236067e-01 3.870462e-01 3.557098e-01 1.381524e-01 3.598872e-01 5.000000e-02
<GCONST> 8.447150e+01
<STATE> 9
<MEAN> 39
 -1.999324e+00 -2.525732e+01 -6.831362e+00 -7.708746e+00 -9.604755e+00 -6.654552e+00 5.737044e+00 -6.584991e+00 7.411292e+00 5.284587e-01 3.521822e-01 2.959323e+00 4.951280e-01 1.789723e+00 -1.303687e+00 1.929002e-01 2.510576e+00 1.198224e+00 2.119808e+00 -3.094699e-01 -4.511520e-01 -1.011591e+00 -1.977170e+00 2.092987e-01 2.998794e-01 -5.108602e-02 -5.529966e-01 5.274377e-01 8.968673e-02 -1.152108e-01 3.355273e-03 -2.276225e-01 2.817117e-01 1.938000e-01 -3.307295e-01 4.384734e-02 5.391818e-02 -5.094289e-01 8.231345e-03
<VARIANCE> 39
 6.660827e+00 6.327871e+00 4.502599e+00 2.098128e+01 5.212464e+00 1.841817e+01 7.099583e+00 7.805797e+00 1.375597e+01 2.996918e+01 8.312951e+00 3.048535e+00 5.000000e-02 1.448815e+00 1.485759e+00 1.079289e+00 1.002772e+00 1.354644e+00 4.946513e+00 1.095017e+00 1.336290e+00 2.434758e+00 1.726544e+00 7.034575e-01 1.302942e+00 5.000000e-02 1.407426e-01 1.820198e-01 1.408553e-01 2.141208e-01 1.622894e-01 4.761488e-01 2.534702e-01 3.082953e-01 5.299878e-01 1.595594e-01 1.633540e-01 1.891466e-01 5.000000e-02
<GCONST> 7.506776e+01
<STATE> 10
<MEAN> 39
 2.841709e-01 -2.384797e+01 -6.680609e+00 -2.796951e-02 -4.169163e+00 -3.426747e+00 6.454417e+00 -4.127617e+00 1.257481e+00 -4.944153e+00 -1.472073e+00 -7.199835e-01 3.535740e-01 7.750694e-03 6.749617e-01 -2.977783e-02 8.459949e-01 1.055446e+00 3.134863e-01 3.110302e-01 5.364408e-01 -8.119708e-01 -1.061415e+00 -2.049727e-01 -2.508398e-01 -1.950638e-02 -2.449389e-01 2.333389e-02 -1.269401e-01 -2.944272e-01 -1.083225e-01 -2.149954e-01 -2.843239e-02 7.942416e-02 2.627160e-01 3.300918e-01 4.637241e-02 8.497493e-02 1.163315e-03
<VARIANCE> 39
 2.295204e+00 8.009825e+00 6.573216e+00 1.262618e+01 1.090748e+01 1.372074e+01 1.018471e+01 1.526132e+01 1.349040e+01 2.268398e+01 8.550147e+00 8.989862e+00 5.000000e-02 3.910064e-01 7.171773e-01 1.287990e+00 1.052736e+00 1.429901e+00 2.009918e+00 1.001521e+00 9.648857e-01 1.125726e+00 1.141732e+00 4.810120e-01 7.623681e-01 5.000000e-02 1.231820e-01 2.163905e-01 3.322220e-01 1.595730e-01 3.449633e-01 6.155021e-01 1.735523e-01 2.611417e-01 2.983577e-01 4.671730e-01 6.865817e-02 1.354140e-01 5.000000e-02
<GCONST> 7.158867e+01
<STATE> 11
<MEAN> 39
 -1.920316e+00 -2.211937e+01 -8.623315e+00 3.875783e-02 -1.037439e+00 -3.378810e+00 7.113790e+00 -2.911112e+00 2.728354e-01 -4.768536e+00 1.177906e+00 -8.228377e-01 2.275094e-01 -3.819513e-01 3.895173e-01 -2.231135e-01 -1.470456e-01 7.964351e-02 -3.836918e-01 -6.437828e-02 2.185832e-01 1.054162e-01 9.269832e-01 3.289748e-01 -2.408614e-01 -2.633186e-02 6.701660e-02 3.172008e-01 2.797590e-01 -3.026522e-02 -4.976453e-02 -7.787014e-02 -1.902621e-01 -1.705666e-01 -1.293870e-02 7.379784e-02 3.261013e-02 6.517030e-02 -4.881382e-04
<VARIANCE> 39
 3.088521e+00 1.129858e+01 1.079009e+01 8.901802e+00 1.453028e+01 8.953131e+00 1.259285e+01 1.100155e+01 1.386808e+01 1.978974e+01 9.519248e+00 7.249702e+00 5.000000e-02 3.178802e-01 1.672880e+00 1.857219e+00 6.953985e-01 1.446070e+00 1.015876e+00 1.373659e+00 1.892791e+00 1.657293e+00 2.786775e+00 9.411573e-01 1.419146e+00 5.000000e-02 5.000000e-02 2.943132e-01 3.634263e-01 1.294237e-01 4.246957e-01 2.363952e-01 2.962453e-01 4.428769e-01 3.660017e-01 5.987633e-01 1.620902e-01 3.333604e-01 5.000000e-02
<GCONST> 7.719808e+01
<STATE> 12
<MEAN> 39
 -3.679916e+00 -1.441478e+01 -4.327962e+00 -1.319375e-01 9.116645e-01 -4.372567e+00 3.973622e+00 -3.344121e+00 -1.952696e-01 -2.172817e+00 2.696742e+00 2.648896e-01 8.699157e-02 -6.234627e-01 1.190266e+00 7.231520e-01 -2.608209e-01 2.999911e-01 3.031670e-01 -5.856351e-01 -7.757135e-02 -1.246085e-02 6.882625e-02 1.716189e-02 4.130913e-01 -3.035629e-02 -3.006214e-02 -3.454638e-01 -2.691177e-01 -4.917080e-02 -1.407454e-01 1.089855e-01 2.128565e-01 1.770655e-01 6.524102e-02 -1.612918e-01 -2.277016e-01 -5.961953e-02 2.325480e-03
<VARIANCE> 39
 4.321564e+00 1.047870e+01 6.876307e+00 3.283246e+00 1.400539e+01 1.130036e+01 8.190015e+00 1.788552e+01 1.667565e+01 1.136145e+01 1.164576e+01 8.516955e+00 5.000000e-02 2.672849e-01 1.080735e+00 6.949576e-01 3.697836e-01 1.487727e+00 9.882993e-01 1.511881e+00 2.104279e+00 2.321924e+00 1.671591e+00 1.852019e+00 7.037707e-01 5.000000e-02 7.580916e-02 1.214259e-01 9.792874e-02 8.411869e-02 2.429573e-01 2.237689e-01 2.500043e-01 3.981353e-01 5.016956e-01 3.055094e-01 4.703561e-01 1.950837e-01 5.000000e-02
<GCONST> 7.110526e+01
<TRANSP> 13
 0.000000e+00 1.000000e+00 0.000000e+00 0.000000e+00 0.000000e+00 0.000000e+00 0.000000e+00 0.000000e+00 0.000000e+00 0.000000e+00 0.000000e+00 0.000000e+00 0.000000e+00
 0.000000e+00 8.648682e-01 1.351319e-01 0.000000e+00 0.000000e+00 0.000000e+00 0.000000e+00 0.000000e+00 0.000000e+00 0.000000e+00 0.000000e+00 0.000000e+00 0.000000e+00
 0.000000e+00 0.000000e+00 8.147764e-01 1.852236e-01 0.000000e+00 0.000000e+00 0.000000e+00 0.000000e+00 0.000000e+00 0.000000e+00 0.000000e+00 0.000000e+00 0.000000e+00
 0.000000e+00 0.000000e+00 0.000000e+00 7.390993e-01 2.609007e-01 0.000000e+00 0.000000e+00 0.000000e+00 0.000000e+00 0.000000e+00 0.000000e+00 0.000000e+00 0.000000e+00
 0.000000e+00 0.000000e+00 0.000000e+00 0.000000e+00 8.646232e-01 1.353768e-01 0.000000e+00 0.000000e+00 0.000000e+00 0.000000e+00 0.000000e+00 0.000000e+00 0.000000e+00
 0.000000e+00 0.000000e+00 0.000000e+00 0.000000e+00 0.000000e+00 8.432952e-01 1.567048e-01 0.000000e+00 0.000000e+00 0.000000e+00 0.000000e+00 0.000000e+00 0.000000e+00
 0.000000e+00 0.000000e+00 0.000000e+00 0.000000e+00 0.000000e+00 0.000000e+00 8.076932e-01 1.923068e-01 0.000000e+00 0.000000e+00 0.000000e+00 0.000000e+00 0.000000e+00
 0.000000e+00 0.000000e+00 0.000000e+00 0.000000e+00 0.000000e+00 0.000000e+00 0.000000e+00 7.727269e-01 2.272732e-01 0.000000e+00 0.000000e+00 0.000000e+00 0.000000e+00
 0.000000e+00 0.000000e+00 0.000000e+00 0.000000e+00 0.000000e+00 0.000000e+00 0.000000e+00 0.000000e+00 7.060502e-01 2.939499e-01 0.000000e+00 0.000000e+00 0.000000e+00
 0.000000e+00 0.000000e+00 0.000000e+00 0.000000e+00 0.000000e+00 0.000000e+00 0.000000e+00 0.000000e+00 0.000000e+00 8.437977e-01 1.562024e-01 0.000000e+00 0.000000e+00
 0.000000e+00 0.000000e+00 0.000000e+00 0.000000e+00 0.000000e+00 0.000000e+00 0.000000e+00 0.000000e+00 0.000000e+00 0.000000e+00 8.294061e-01 1.705939e-01 0.000000e+00
 0.000000e+00 0.000000e+00 0.000000e+00 0.000000e+00 0.000000e+00 0.000000e+00 0.000000e+00 0.000000e+00 0.000000e+00 0.000000e+00 0.000000e+00 8.052272e-01 1.947729e-01
 0.000000e+00 0.000000e+00 0.000000e+00 0.000000e+00 0.000000e+00 0.000000e+00 0.000000e+00 0.000000e+00 0.000000e+00 0.000000e+00 0.000000e+00 0.000000e+00 0.000000e+00
<ENDHMM>
