~o
<STREAMINFO> 1 39
<VECSIZE> 39<NULLD><MFCC_E_D_A><DIAGC>
~h "Lawp"
<BEGINHMM>
<NUMSTATES> 13
<STATE> 2
<MEAN> 39
 -6.616936e+00 -9.429525e+00 -2.930698e+00 -2.123087e+00 -9.926408e-01 -5.238599e+00 9.598530e-01 -1.294060e+00 2.673603e+00 -3.101100e+00 1.846744e+00 -6.909199e-01 -4.427437e-02 1.457103e+00 -2.139349e-01 -1.667779e+00 -6.364083e-01 -1.630443e+00 -2.001701e+00 -5.418817e-01 8.519915e-01 8.251302e-01 -1.109509e+00 -5.878912e-01 -4.955470e-01 7.994631e-02 7.206489e-01 -1.619127e-01 -6.863697e-01 -1.222328e-01 -5.531020e-01 -8.206614e-01 -1.158341e-01 -1.834827e-02 1.349799e-01 -4.270051e-01 -1.568575e-01 -1.832466e-01 4.041740e-02
<VARIANCE> 39
 3.897563e+00 3.077818e+00 5.412456e+00 9.654273e+00 1.227723e+01 7.132680e+00 6.020672e+00 7.828525e+00 1.192660e+01 9.468696e+00 8.795933e+00 1.096874e+01 5.000000e-02 3.216117e+00 5.756888e-01 2.157770e+00 9.789088e-01 2.388594e+00 3.325045e+00 1.701816e+00 1.551911e+00 1.341168e+00 2.496060e+00 1.356268e+00 1.407450e+00 5.000000e-02 2.595023e-01 8.660144e-02 1.794535e-01 2.126946e-01 2.437215e-01 1.268170e-01 3.304486e-01 4.236459e-01 2.477389e-01 2.467991e-01 2.761320e-01 3.516043e-01 5.000000e-02
<GCONST> 7.538331e+01
<STATE> 3
<MEAN> 39
 3.673244e+00 -1.291836e+01 -1.659875e+01 -4.111215e+00 -1.129702e+01 -1.998628e+01 -1.773688e+00 -1.829961e+00 7.619105e+00 -9.388920e+00 3.035375e-01 -1.716809e+00 6.198205e-01 1.212696e-02 -1.254698e+00 -2.735517e+00 2.466429e-01 -6.788549e-01 -2.614139e-01 1.279805e+00 -9.871168e-01 4.035009e-01 -6.089311e-01 -6.337771e-01 1.004240e+00 1.106865e-01 -9.822835e-01 -2.620494e-01 2.234468e-01 2.318535e-01 1.022900e+00 1.430078e+00 8.251920e-01 -5.909518e-02 -4.924341e-01 3.306462e-01 -3.495648e-01 5.099724e-01 -1.998449e-02
<VARIANCE> 39
 1.879129e+01 1.258988e+01 1.823611e+01 6.509039e+00 1.102340e+01 2.993835e+01 1.468876e+01 4.562346e+01 2.045019e+01 2.137756e+01 2.848145e+01 3.115899e+01 5.000000e-02 5.601006e+00 1.713668e+00 1.704576e+00 1.160805e+00 4.814238e+00 1.441628e+01 6.406951e+00 3.424260e+00 3.179789e+00 1.866535e+00 4.204563e+00 5.253277e+00 5.000000e-02 3.606483e-01 3.105766e-01 2.913233e-01 2.883232e-01 4.183175e-01 9.402859e-01 5.394877e-01 7.617874e-01 6.931285e-01 4.540774e-01 1.060077e+00 8.944084e-01 5.000000e-02
<GCONST> 1.055586e+02
<STATE> 4
<MEAN> 39
 -4.570699e+00 -2.045632e+01 -2.635244e+01 -8.713454e-01 -2.898672e+00 -8.666866e+00 1.120345e+01 -4.579542e+00 2.185859e+00 -1.021668e+01 -7.904801e+00 6.506697e+00 9.184384e-01 -1.570112e+00 -1.668287e+00 -5.518251e-01 1.005542e+00 3.271840e+00 2.616912e+00 9.377403e-01 -1.186365e+00 -1.317240e+00 5.439196e-01 -1.238242e+00 8.305826e-01 4.247008e-02 5.699503e-01 3.709513e-01 7.391322e-01 -2.088832e-02 -8.428774e-02 -5.134147e-01 -1.315364e+00 -2.663392e-01 4.394842e-01 4.674120e-01 7.568269e-01 -8.386711e-01 -1.256153e-02
<VARIANCE> 39
 1.219004e+01 8.775135e+00 1.887334e+01 5.753848e+00 2.442133e+01 6.012006e+01 3.294183e+01 2.423800e+01 4.618844e+01 7.350015e+00 1.563078e+01 1.753086e+01 5.000000e-02 9.138709e-01 9.064907e-01 2.799420e+00 5.394672e-01 9.311107e-01 2.153656e+00 5.195372e+00 1.070161e+00 4.341131e+00 2.691941e+00 5.060185e+00 3.885381e+00 5.000000e-02 7.708043e-02 2.182706e-01 2.894370e-01 8.856881e-02 4.341055e-01 5.410675e-01 3.769902e-01 2.540410e-01 8.486045e-01 2.681896e-01 4.704701e-01 7.748928e-01 5.000000e-02
<GCONST> 9.150520e+01
<STATE> 5
<MEAN> 39
 -5.470381e+00 -2.365759e+01 -2.302373e+01 -5.262328e-01 5.705791e+00 -6.497919e-01 5.704297e+00 -8.538845e+00 3.296660e+00 -3.429787e+00 -7.449302e+00 2.881265e+00 9.832623e-01 4.187624e-01 -3.876460e-01 5.089972e-01 -1.106338e+00 4.925820e-01 7.529095e-01 -7.268685e-01 2.135314e-01 2.616043e-01 1.139341e+00 -2.846774e-01 -1.400312e+00 -2.812839e-03 2.827928e-01 8.118991e-02 1.639953e-01 -2.834987e-01 -6.297374e-01 -3.489364e-01 6.674278e-02 2.324025e-01 1.288126e-01 -2.731785e-01 -2.517465e-02 -2.079348e-01 -1.277927e-02
<VARIANCE> 39
 8.591331e+00 5.855517e+00 1.916137e+01 1.587464e+01 1.902198e+01 2.602294e+01 1.926323e+01 2.779765e+01 1.298331e+01 1.233518e+01 1.487644e+01 1.334398e+01 5.000000e-02 3.967865e-01 4.721978e-01 8.086812e-01 1.877292e+00 1.637334e+00 1.752741e+00 1.209811e+00 9.342407e-01 1.066253e+00 1.135630e+00 1.005996e+00 2.086637e+00 5.000000e-02 8.536674e-02 6.519113e-02 2.145697e-01 3.653728e-01 1.792512e-01 2.050372e-01 1.508695e-01 2.336761e-01 2.395701e-01 3.171612e-01 1.493380e-01 3.126713e-01 5.000000e-02
<GCONST> 7.600551e+01
<STATE> 6
<MEAN> 39
 6.526456e-01 -2.572607e+01 -1.661562e+01 -5.100723e+00 1.893083e-01 -1.356924e+00 1.981493e+00 -5.977975e+00 5.623816e+00 -2.429487e+00 -7.206702e+00 -4.143535e+00 7.201572e-01 1.539047e+00 -6.667958e-01 1.399032e+00 1.209644e+00 -1.258880e+00 -4.645669e-01 -6.762223e-01 5.438121e-01 -8.462097e-02 -5.761407e-01 1.086129e+00 9.524347e-01 -9.349865e-02 -2.654012e-01 -1.989732e-02 -3.886599e-01 4.396469e-01 4.349269e-01 1.270160e-01 1.678935e-01 1.162085e-01 -2.605053e-01 6.668255e-02 1.827266e-01 7.891384e-01 2.359564e-03
<VARIANCE> 39
 1.523650e+01 9.914454e+00 2.346648e+01 3.043942e+01 2.640720e+01 2.920376e+01 2.211128e+01 2.426956e+01 1.965488e+01 2.508882e+01 2.258094e+01 2.540275e+01 5.000000e-02 6.637589e-01 7.838470e-01 2.132745e+00 2.402521e+00 2.550766e+00 3.669176e+00 9.091891e-01 3.296182e+00 1.723798e+00 2.575536e+00 2.140481e+00 4.165405e+00 5.000000e-02 2.145858e-01 1.700609e-01 4.570658e-01 9.241951e-01 3.940264e-01 6.810917e-01 2.418167e-01 5.210352e-01 2.372601e-01 6.042413e-01 5.137352e-01 7.732240e-01 5.000000e-02
<GCONST> 9.733292e+01
<STATE> 7
<MEAN> 39
 2.593735e+00 -2.704281e+01 -1.689672e+01 -1.809899e+00 1.621231e+00 -2.124513e+00 2.259355e+00 -3.354752e+00 3.636455e+00 -3.475363e+00 -3.452798e+00 2.325597e+00 4.501062e-01 -1.829310e-01 3.712182e-01 -5.501994e-01 -2.890657e-01 5.546055e-01 1.785461e-01 3.526412e-01 6.190575e-01 -1.561811e-01 -8.995656e-02 1.538905e-02 1.290275e-01 -1.738461e-02 -6.586539e-02 2.193301e-01 1.009186e-01 -1.240585e-01 7.511204e-02 -3.088456e-02 1.238429e-01 -7.780032e-02 -5.724267e-02 -1.247693e-01 -2.105753e-01 -4.041795e-01 7.633599e-03
<VARIANCE> 39
 2.192285e+00 2.493619e+00 1.437984e+01 5.600456e+00 1.316646e+01 5.240430e+00 5.255074e+00 2.782564e+01 1.110724e+01 1.044564e+01 1.156459e+01 6.563515e+00 5.000000e-02 1.035749e-01 3.857234e-01 9.107580e-01 8.359251e-01 1.177255e+00 6.627722e-01 4.949149e-01 2.079799e+00 9.247037e-01 1.391921e+00 1.291530e+00 3.659861e-01 5.000000e-02 5.000000e-02 1.048389e-01 1.451297e-01 4.148879e-01 2.904748e-01 2.530006e-01 7.597312e-02 6.365440e-01 2.255651e-01 2.848505e-01 3.021755e-01 2.558286e-01 5.000000e-02
<GCONST> 6.386533e+01
<STATE> 8
<MEAN> 39
 2.548136e+00 -2.489364e+01 -1.659864e+01 -1.757945e+00 2.173546e+00 -2.302184e+00 4.171067e+00 1.409342e-01 2.449167e+00 -4.040097e+00 -4.305594e+00 -4.424474e-01 4.289748e-01 3.278547e-02 7.739706e-01 8.552180e-01 1.020272e+00 9.256325e-01 -3.993970e-01 1.074712e-01 3.641604e-03 -4.547736e-01 -4.535223e-01 1.603170e-01 -6.521597e-01 -1.739846e-02 -1.354378e-02 8.183102e-02 2.442678e-01 2.468810e-01 8.754564e-02 5.381933e-03 -3.106932e-01 -2.130865e-01 2.711065e-02 1.704117e-02 7.961459e-02 6.642831e-02 -1.224109e-03
<VARIANCE> 39
 2.030700e+00 3.282619e+00 2.046672e+01 5.375407e+00 1.000398e+01 7.697870e+00 6.887424e+00 1.214222e+01 3.653734e+00 4.742597e+00 8.233695e+00 1.263754e+01 5.000000e-02 3.058562e-01 7.550845e-01 6.334134e-01 6.838427e-01 1.075154e+00 5.644521e-01 1.091208e+00 1.556391e+00 8.843685e-01 1.161618e+00 4.043203e-01 1.578645e+00 5.000000e-02 6.468376e-02 1.928356e-01 2.505481e-01 1.257572e-01 1.677097e-01 2.032553e-01 1.546905e-01 2.434390e-01 5.000000e-02 1.563908e-01 1.145518e-01 3.245605e-01 5.000000e-02
<GCONST> 6.021833e+01
<STATE> 9
<MEAN> 39
 2.439106e+00 -2.074071e+01 -1.215159e+01 2.019592e+00 5.592231e+00 -3.109939e+00 2.341999e+00 -1.010996e+00 7.610441e-01 -5.619257e+00 -2.631129e+00 -1.488909e+00 3.524118e-01 -3.794096e-01 3.022155e-01 1.390551e-01 -2.183789e-01 1.039528e-01 -1.402649e-01 -1.930247e-01 1.290617e-01 5.971683e-02 -2.189663e-02 2.455072e-01 -6.676628e-03 -1.857535e-02 -3.154692e-02 -1.226471e-01 -2.214831e-01 -3.069008e-01 -8.879486e-02 3.391456e-02 -4.430765e-03 -1.158949e-01 1.647784e-02 1.113089e-01 5.099783e-02 9.385765e-02 1.249387e-03
<VARIANCE> 39
 3.906205e+00 5.827356e+00 1.404951e+01 7.381072e+00 3.584102e+00 7.193149e+00 1.254187e+01 1.370080e+01 1.115706e+01 9.563895e+00 1.040302e+01 5.080807e+00 5.000000e-02 3.409534e-01 8.264213e-01 2.951797e+00 1.340590e+00 6.710535e-01 9.452794e-01 2.041936e+00 1.321335e+00 8.312653e-01 9.149585e-01 1.301413e+00 6.891076e-01 5.000000e-02 9.804238e-02 1.519374e-01 5.209851e-01 2.311257e-01 1.351491e-01 2.169271e-01 5.930128e-01 3.415595e-01 2.056450e-01 2.269907e-01 2.818165e-01 1.258742e-01 5.000000e-02
<GCONST> 6.990084e+01
<STATE> 10
<MEAN> 39
 -6.145943e-01 -2.068440e+01 -1.407982e+01 -1.693924e+00 7.752275e+00 -2.514275e+00 1.342600e-01 -3.956175e+00 -2.038560e-01 -5.847942e+00 1.713293e-01 8.617288e-01 2.256043e-01 -4.733490e-02 9.275876e-01 8.198043e-01 -2.325303e-01 8.733752e-02 1.873289e-02 -6.561738e-01 -6.672605e-01 -4.091411e-01 3.130311e-01 3.985843e-01 -1.087610e-01 -1.308401e-02 -3.717365e-03 2.134863e-01 3.522801e-01 2.725603e-01 -9.431594e-02 -3.821186e-02 1.551194e-01 1.433082e-01 -5.201592e-02 -3.859609e-02 -1.039953e-01 -8.318073e-02 -2.595131e-03
<VARIANCE> 39
 3.507964e+00 4.608691e+00 1.404227e+01 5.218800e+00 1.090316e+01 8.879747e+00 1.124224e+01 6.547386e+00 1.057179e+01 1.048588e+01 1.169897e+01 1.045660e+01 5.000000e-02 3.066171e-01 1.226824e+00 2.957756e+00 7.781361e-01 1.042404e+00 1.454842e+00 1.760763e+00 1.315577e+00 1.004019e+00 1.037340e+00 8.894616e-01 9.448618e-01 5.000000e-02 7.334531e-02 1.808836e-01 4.829655e-01 1.695014e-01 2.527388e-01 3.010941e-01 4.387205e-01 2.288852e-01 1.983196e-01 1.581823e-01 1.891356e-01 2.309848e-01 5.000000e-02
<GCONST> 7.084106e+01
<STATE> 11
<MEAN> 39
 -1.157039e+00 -1.497163e+01 -7.433819e+00 5.606994e-01 6.235473e+00 -2.790919e+00 8.425139e-01 -3.703950e+00 -2.238074e+00 -5.422940e+00 -9.922767e-01 -1.465101e+00 1.401155e-01 -1.271258e+00 6.890500e-01 6.654766e-01 -6.561091e-02 -3.350754e-01 3.551536e-01 7.305158e-01 3.254036e-01 5.880933e-02 2.820926e-02 1.118096e-01 1.386332e-01 -5.419030e-02 -9.440833e-02 -1.559988e-01 -2.994099e-01 -3.102158e-01 -7.221428e-02 9.648646e-02 5.413980e-02 1.952100e-01 2.647625e-01 1.617092e-01 1.745816e-01 1.090525e-01 -3.524630e-03
<VARIANCE> 39
 1.416173e+01 6.436443e+00 8.102259e+00 5.588089e+00 8.165576e+00 1.064648e+01 8.815890e+00 1.027095e+01 1.326490e+01 1.301790e+01 1.291242e+01 3.459879e+00 5.000000e-02 7.476770e-01 6.709093e-01 1.496949e+00 1.553404e+00 1.291857e+00 8.219300e-01 9.321247e-01 1.039336e+00 2.122848e+00 1.662504e+00 1.251129e+00 6.364849e-01 5.000000e-02 2.664854e-01 9.344210e-02 2.631792e-01 1.979273e-01 2.685626e-01 1.791793e-01 2.470805e-01 1.955203e-01 3.140126e-01 2.902289e-01 1.189759e-01 8.454213e-02 5.000000e-02
<GCONST> 7.044623e+01
<STATE> 12
<MEAN> 39
 -5.688946e+00 -1.239714e+01 -6.354489e+00 -2.483309e+00 4.767208e+00 -1.981826e+00 1.918734e+00 -1.853366e+00 3.194799e-01 -3.185588e+00 1.564353e+00 -8.530766e-02 -6.846140e-02 -2.818087e-01 3.613749e-01 3.493699e-01 -6.259437e-02 -6.636721e-03 5.647854e-02 -7.443128e-02 1.668973e-02 -3.456132e-01 -8.208134e-02 2.441080e-01 -1.715093e-01 -1.770006e-02 1.374050e-01 -1.413067e-01 -2.060676e-02 2.113288e-01 6.107275e-02 -1.457360e-01 -1.420010e-01 -1.959768e-01 -2.111452e-01 -1.981605e-01 -1.691483e-01 -1.837964e-01 8.543490e-03
<VARIANCE> 39
 9.695600e-01 6.229300e+00 6.085228e+00 4.790549e+00 3.005361e+00 6.581747e+00 1.083651e+01 7.945520e+00 6.549528e+00 1.020077e+01 7.120396e+00 6.269680e+00 5.000000e-02 6.408906e-02 4.396420e-01 5.812793e-01 7.936133e-01 4.418655e-01 8.388941e-01 8.786340e-01 8.258978e-01 7.016600e-01 1.463310e+00 7.716264e-01 1.121273e+00 5.000000e-02 5.000000e-02 1.650297e-01 2.119403e-01 1.435078e-01 5.068010e-02 1.091048e-01 2.472098e-01 1.066333e-01 8.927631e-02 3.097351e-01 1.294830e-01 1.856997e-01 5.000000e-02
<GCONST> 5.308757e+01
<TRANSP> 13
 0.000000e+00 1.000000e+00 0.000000e+00 0.000000e+00 0.000000e+00 0.000000e+00 0.000000e+00 0.000000e+00 0.000000e+00 0.000000e+00 0.000000e+00 0.000000e+00 0.000000e+00
 0.000000e+00 7.499996e-01 2.500004e-01 0.000000e+00 0.000000e+00 0.000000e+00 0.000000e+00 0.000000e+00 0.000000e+00 0.000000e+00 0.000000e+00 0.000000e+00 0.000000e+00
 0.000000e+00 0.000000e+00 8.076532e-01 1.923469e-01 0.000000e+00 0.000000e+00 0.000000e+00 0.000000e+00 0.000000e+00 0.000000e+00 0.000000e+00 0.000000e+00 0.000000e+00
 0.000000e+00 0.000000e+00 0.000000e+00 7.046828e-01 2.953172e-01 0.000000e+00 0.000000e+00 0.000000e+00 0.000000e+00 0.000000e+00 0.000000e+00 0.000000e+00 0.000000e+00
 0.000000e+00 0.000000e+00 0.000000e+00 0.000000e+00 8.441179e-01 1.558821e-01 0.000000e+00 0.000000e+00 0.000000e+00 0.000000e+00 0.000000e+00 0.000000e+00 0.000000e+00
 0.000000e+00 0.000000e+00 0.000000e+00 0.000000e+00 0.000000e+00 7.726882e-01 2.273118e-01 0.000000e+00 0.000000e+00 0.000000e+00 0.000000e+00 0.000000e+00 0.000000e+00
 0.000000e+00 0.000000e+00 0.000000e+00 0.000000e+00 0.000000e+00 0.000000e+00 7.909161e-01 2.090839e-01 0.000000e+00 0.000000e+00 0.000000e+00 0.000000e+00 0.000000e+00
 0.000000e+00 0.000000e+00 0.000000e+00 0.000000e+00 0.000000e+00 0.000000e+00 0.000000e+00 7.228841e-01 2.771159e-01 0.000000e+00 0.000000e+00 0.000000e+00 0.000000e+00
 0.000000e+00 0.000000e+00 0.000000e+00 0.000000e+00 0.000000e+00 0.000000e+00 0.000000e+00 0.000000e+00 8.279763e-01 1.720237e-01 0.000000e+00 0.000000e+00 0.000000e+00
 0.000000e+00 0.000000e+00 0.000000e+00 0.000000e+00 0.000000e+00 0.000000e+00 0.000000e+00 0.000000e+00 0.000000e+00 8.071207e-01 1.928793e-01 0.000000e+00 0.000000e+00
 0.000000e+00 0.000000e+00 0.000000e+00 0.000000e+00 0.000000e+00 0.000000e+00 0.000000e+00 0.000000e+00 0.000000e+00 0.000000e+00 7.625825e-01 2.374175e-01 0.000000e+00
 0.000000e+00 0.000000e+00 0.000000e+00 0.000000e+00 0.000000e+00 0.000000e+00 0.000000e+00 0.000000e+00 0.000000e+00 0.000000e+00 0.000000e+00 7.618635e-01 2.381365e-01
 0.000000e+00 0.000000e+00 0.000000e+00 0.000000e+00 0.000000e+00 0.000000e+00 0.000000e+00 0.000000e+00 0.000000e+00 0.000000e+00 0.000000e+00 0.000000e+00 0.000000e+00
<ENDHMM>
