~o
<STREAMINFO> 1 39
<VECSIZE> 39<NULLD><MFCC_E_D_A><DIAGC>
~h "Lu*u"
<BEGINHMM>
<NUMSTATES> 10
<STATE> 2
<MEAN> 39
 -9.701984e-01 -9.052268e+00 -7.576437e+00 -3.941020e+00 -2.906525e+00 -9.576903e+00 -1.075022e+00 -1.910260e+00 4.962449e+00 -3.780308e+00 -4.647173e-01 -4.071858e+00 2.523319e-01 1.209494e+00 -1.291508e-02 -2.309430e+00 -7.056658e-01 -1.558557e+00 -2.009077e+00 -7.477631e-01 -4.154984e-01 1.890283e+00 -1.002877e-01 -7.258614e-01 1.942972e-01 1.027301e-01 -2.239137e-01 3.121827e-03 -1.552359e-01 -8.941006e-02 -8.068620e-02 -1.072726e-01 -3.425064e-02 8.584743e-02 3.898009e-01 1.636496e-01 -3.519033e-02 1.370575e-01 1.171262e-02
<VARIANCE> 39
 4.122552e+01 5.321306e+00 5.143763e+01 1.683458e+01 2.713340e+01 5.146528e+01 1.570298e+01 2.098326e+01 3.091301e+01 1.357522e+01 1.432870e+01 1.110629e+01 9.654450e-02 3.993094e+00 4.885033e-01 2.510997e+00 1.722324e+00 1.305656e+00 3.608696e+00 1.446944e+00 3.945450e+00 3.807650e+00 1.962930e+00 2.885405e+00 8.840173e-01 5.000000e-02 1.304254e+00 8.143467e-02 8.991390e-01 4.749518e-01 4.792257e-01 7.165448e-01 3.204182e-01 8.328930e-01 6.396638e-01 4.956460e-01 5.067389e-01 1.193530e-01 5.000000e-02
<GCONST> 9.858623e+01
<STATE> 3
<MEAN> 39
 -3.925407e+00 -1.104033e+01 -1.662986e+01 -1.024584e+01 -8.057645e+00 -1.842933e+01 -4.424414e+00 -7.184874e-02 1.545063e+01 -1.511173e+00 -4.187385e+00 -8.065939e-01 8.601447e-01 -1.474543e+00 -1.129354e+00 3.488400e-01 -1.749741e+00 8.597867e-01 4.680285e-01 -5.859044e-01 1.350391e+00 -4.801031e-01 5.026911e-01 -6.694658e-01 1.530386e-01 3.773703e-02 2.964815e-01 -1.185693e-01 3.084103e-01 -2.584252e-01 4.379944e-01 4.896359e-01 -8.652164e-02 -8.915791e-04 -5.146697e-01 6.823070e-02 -1.224719e-01 -2.968663e-01 -1.402871e-02
<VARIANCE> 39
 1.455342e+01 1.523326e+01 1.403829e+01 1.854661e+01 1.162809e+01 1.766391e+01 2.647121e+01 5.673310e+01 3.571668e+01 2.575302e+01 3.074847e+01 1.491697e+01 5.000000e-02 1.771106e+00 6.352393e-01 1.314813e+00 1.891828e+00 2.731691e+00 2.157731e+00 1.552624e+00 4.299978e+00 4.938274e+00 3.938501e+00 1.165956e+00 2.239200e+00 5.000000e-02 3.774140e-01 1.740036e-01 3.564752e-01 3.762072e-01 3.935188e-01 2.767092e-01 2.549771e-01 1.380067e+00 1.310985e+00 9.271462e-01 3.387973e-01 3.468745e-01 5.000000e-02
<GCONST> 9.793428e+01
<STATE> 4
<MEAN> 39
 -5.030881e+00 -1.540407e+01 -1.381546e+01 -2.230882e+01 6.773792e-02 -9.729589e+00 -1.053582e+01 2.295533e+00 1.200696e+01 5.118488e+00 -8.195001e+00 -2.849830e+00 9.583033e-01 4.542173e-01 2.617717e-01 -1.488098e-01 -1.035465e+00 5.333123e-01 9.860581e-01 -8.023960e-01 -1.377717e-01 -2.663246e-01 1.691574e+00 2.257231e-01 -7.982100e-02 6.405326e-03 7.982486e-02 1.771431e-01 -6.982463e-02 2.026122e-01 -2.043726e-01 -1.474905e-01 8.184558e-02 -1.991631e-02 6.168795e-03 6.838638e-02 1.715500e-01 1.744757e-01 -1.757033e-04
<VARIANCE> 39
 6.139965e+00 8.692142e+00 1.082560e+01 1.770201e+01 8.686402e+00 1.731380e+01 1.251469e+01 1.131393e+01 1.070209e+01 3.037576e+01 7.902100e+00 1.061846e+01 5.000000e-02 1.812444e-01 2.341749e-01 2.526227e-01 9.652256e-01 8.446223e-01 8.996265e-01 6.892304e-01 7.500783e-01 8.678950e-01 1.074770e+00 8.360992e-01 1.473451e+00 5.000000e-02 5.000000e-02 5.331531e-02 7.307152e-02 1.473376e-01 1.665652e-01 1.395147e-01 1.574097e-01 1.155837e-01 2.152184e-01 2.147572e-01 1.982420e-01 2.843256e-01 5.000000e-02
<GCONST> 6.255913e+01
<STATE> 5
<MEAN> 39
 -3.614981e-01 -1.012425e+01 -1.508981e+01 -2.342789e+01 -3.060168e+00 -7.326991e+00 -1.264745e+01 2.364541e+00 1.003575e+01 1.468402e+01 -1.938959e+00 -2.387013e+00 9.759620e-01 6.530457e-01 1.884082e-01 5.859251e-01 4.316052e-02 -4.952741e-01 -3.920366e-01 8.807202e-02 5.564470e-02 -2.443476e-01 6.789704e-03 6.854392e-01 6.342670e-01 -4.975180e-03 4.920348e-02 -1.474436e-01 8.185204e-03 1.049256e-01 -2.598004e-02 -1.711355e-01 1.328153e-01 9.705603e-02 -1.190015e-01 -4.096897e-01 1.028630e-01 8.342974e-02 -3.561260e-03
<VARIANCE> 39
 6.190015e+00 1.055187e+01 8.932845e+00 5.895289e+00 1.697424e+01 1.584835e+01 1.923940e+01 2.321341e+01 2.344538e+01 1.959698e+01 4.049967e+01 2.527403e+01 5.000000e-02 2.360639e-01 4.631012e-01 5.478288e-01 4.217946e-01 1.259105e+00 1.475624e+00 1.709074e+00 2.125366e+00 2.732432e+00 2.374887e+00 1.116636e+00 1.693045e+00 5.000000e-02 5.000000e-02 8.255568e-02 1.441881e-01 1.045807e-01 3.149168e-01 1.555477e-01 3.970697e-01 4.777498e-01 5.284503e-01 4.803298e-01 1.701764e-01 3.222982e-01 5.000000e-02
<GCONST> 7.769128e+01
<STATE> 6
<MEAN> 39
 7.043963e+00 -1.352450e+01 -1.354551e+01 -1.984683e+01 -5.038535e+00 -1.311075e+01 -1.034406e+01 1.854626e+00 3.194601e+00 6.495213e+00 2.762665e+00 4.035005e+00 8.361059e-01 1.172014e+00 -3.696082e-01 -6.706793e-01 1.830831e+00 -4.881084e-01 -4.677103e-01 8.701648e-01 -9.839252e-01 -9.124675e-01 -2.470816e+00 2.525439e-01 -2.378248e-01 -3.939056e-02 -2.189520e-01 1.784458e-01 1.178385e-01 2.739410e-01 3.320791e-02 3.183378e-01 1.529034e-02 -2.833033e-01 3.579519e-01 -1.142224e-02 -3.559479e-01 -4.319054e-01 -5.579899e-03
<VARIANCE> 39
 1.125125e+01 5.476191e+00 1.347689e+01 2.092383e+01 1.561809e+01 8.023752e+00 1.880872e+01 3.665269e+01 1.788976e+01 2.286123e+01 3.424166e+01 1.510042e+01 5.000000e-02 5.565445e-01 9.310012e-01 1.243478e+00 1.619772e+00 1.277050e+00 1.209085e+00 2.124388e+00 2.566753e+00 2.621533e+00 1.186575e+00 1.989038e+00 3.102548e+00 5.000000e-02 1.620479e-01 1.304377e-01 5.306712e-01 3.145546e-01 2.485963e-01 2.668570e-01 3.487698e-01 4.829391e-01 5.321960e-01 3.434205e-01 1.590605e-01 4.958803e-01 5.000000e-02
<GCONST> 8.682862e+01
<STATE> 7
<MEAN> 39
 7.267179e+00 -1.258458e+01 -1.117129e+01 -9.354707e+00 -4.438008e+00 -1.096475e+01 -6.233631e+00 -3.954317e+00 3.154423e+00 -2.390368e+00 -2.497758e-01 -2.660995e+00 5.307545e-01 -8.358107e-01 1.658972e-01 9.757352e-01 1.374377e+00 8.649781e-01 4.521351e-01 4.907705e-02 -5.183458e-01 1.458855e-01 1.230257e-01 -8.976085e-02 -9.599603e-01 -5.438071e-02 -1.362671e-01 3.383875e-02 -5.312910e-02 -3.263750e-01 6.807677e-02 -1.105791e-01 -1.275755e-01 2.387406e-01 -5.703291e-02 4.890671e-01 2.962444e-01 2.929759e-01 3.302250e-03
<VARIANCE> 39
 5.160310e+00 7.121905e+00 8.035936e+00 1.495567e+01 1.429744e+01 1.307743e+01 1.422572e+01 9.410271e+00 1.165457e+01 8.600449e+00 9.987534e+00 2.076410e+01 5.000000e-02 1.420039e-01 6.367550e-01 1.092858e+00 6.700187e-01 1.089190e+00 1.626285e+00 1.932678e+00 8.334852e-01 1.484779e+00 2.499443e+00 1.234272e+00 2.310775e+00 5.000000e-02 6.479182e-02 1.385182e-01 3.036231e-01 2.414886e-01 3.057218e-01 3.770677e-01 3.897470e-01 2.343746e-01 2.389942e-01 3.534233e-01 2.088636e-01 4.658175e-01 5.000000e-02
<GCONST> 7.516487e+01
<STATE> 8
<MEAN> 39
 2.755148e+00 -1.119006e+01 -1.078500e+01 -9.165330e+00 -2.747617e+00 -1.184179e+01 -6.804963e+00 -2.675923e+00 6.177975e+00 3.929691e+00 5.596818e+00 -1.516271e+00 3.359501e-01 -5.757605e-01 3.037722e-01 -2.471679e-02 -3.130282e-01 -4.146110e-02 1.844141e-01 3.939883e-01 3.725588e-01 1.342165e-01 3.071202e-01 4.316069e-01 1.594983e-01 -2.310433e-02 -3.042418e-02 -2.752881e-02 9.992361e-02 1.332420e-01 7.029325e-02 2.221889e-01 1.196052e-01 -4.012168e-02 -2.110521e-02 -2.054219e-01 -2.745123e-01 -1.247731e-01 -2.659480e-03
<VARIANCE> 39
 2.714113e+00 1.097009e+01 1.081146e+01 9.845953e+00 1.061958e+01 7.403760e+00 6.673442e+00 1.121742e+01 2.604191e+01 1.544662e+01 1.278454e+01 8.681573e+00 5.000000e-02 1.891230e-01 3.498365e-01 1.406667e+00 1.651684e+00 8.810429e-01 1.409670e+00 1.061367e+00 1.124646e+00 1.999778e+00 1.862172e+00 1.985551e+00 1.662176e+00 5.000000e-02 6.533197e-02 5.113617e-02 2.331002e-01 4.721051e-01 2.580959e-01 1.259575e-01 2.531854e-01 2.616352e-01 4.394029e-01 4.309334e-01 4.234018e-01 2.826182e-01 5.000000e-02
<GCONST> 7.333174e+01
<STATE> 9
<MEAN> 39
 -2.623171e+00 -1.010054e+01 -5.743654e+00 -5.718519e+00 -4.511959e-01 -7.528713e+00 -1.989038e+00 -1.177818e+00 5.116488e+00 1.195241e+00 2.872575e+00 -2.432665e+00 1.061193e-01 -7.133867e-01 1.236980e-01 6.521069e-01 5.590395e-01 2.337119e-01 3.389481e-01 5.683643e-01 1.673799e-01 -2.702300e-02 -1.041223e-01 -7.566553e-02 9.865183e-02 -3.056317e-02 6.924212e-02 -2.480464e-02 -6.332275e-02 -9.165104e-02 -6.371831e-02 -1.321683e-01 -1.190067e-01 -6.142322e-02 -6.733025e-02 4.656628e-02 1.072220e-01 2.662368e-03 3.296478e-03
<VARIANCE> 39
 7.162286e+00 3.454978e+00 9.407436e+00 1.115779e+01 9.550151e+00 1.183754e+01 1.082728e+01 8.150238e+00 1.148867e+01 2.156971e+01 1.794178e+01 1.222000e+01 5.000000e-02 8.164929e-01 4.994970e-01 1.467534e+00 1.957764e+00 9.669783e-01 1.789470e+00 7.393948e-01 1.250951e+00 1.630636e+00 2.876958e+00 2.267860e+00 1.225446e+00 5.000000e-02 1.234952e-01 9.799428e-02 3.564484e-01 4.695139e-01 1.934885e-01 3.792592e-01 1.722174e-01 2.467079e-01 3.284042e-01 6.258139e-01 4.325935e-01 2.337385e-01 5.000000e-02
<GCONST> 7.801339e+01
<TRANSP> 10
 0.000000e+00 1.000000e+00 0.000000e+00 0.000000e+00 0.000000e+00 0.000000e+00 0.000000e+00 0.000000e+00 0.000000e+00 0.000000e+00
 0.000000e+00 8.610884e-01 1.389116e-01 0.000000e+00 0.000000e+00 0.000000e+00 0.000000e+00 0.000000e+00 0.000000e+00 0.000000e+00
 0.000000e+00 0.000000e+00 8.295606e-01 1.704395e-01 0.000000e+00 0.000000e+00 0.000000e+00 0.000000e+00 0.000000e+00 0.000000e+00
 0.000000e+00 0.000000e+00 0.000000e+00 8.737397e-01 1.262603e-01 0.000000e+00 0.000000e+00 0.000000e+00 0.000000e+00 0.000000e+00
 0.000000e+00 0.000000e+00 0.000000e+00 0.000000e+00 8.841683e-01 1.158317e-01 0.000000e+00 0.000000e+00 0.000000e+00 0.000000e+00
 0.000000e+00 0.000000e+00 0.000000e+00 0.000000e+00 0.000000e+00 8.143868e-01 1.856132e-01 0.000000e+00 0.000000e+00 0.000000e+00
 0.000000e+00 0.000000e+00 0.000000e+00 0.000000e+00 0.000000e+00 0.000000e+00 8.325643e-01 1.674357e-01 0.000000e+00 0.000000e+00
 0.000000e+00 0.000000e+00 0.000000e+00 0.000000e+00 0.000000e+00 0.000000e+00 0.000000e+00 8.529263e-01 1.470737e-01 0.000000e+00
 0.000000e+00 0.000000e+00 0.000000e+00 0.000000e+00 0.000000e+00 0.000000e+00 0.000000e+00 0.000000e+00 8.783654e-01 1.216346e-01
 0.000000e+00 0.000000e+00 0.000000e+00 0.000000e+00 0.000000e+00 0.000000e+00 0.000000e+00 0.000000e+00 0.000000e+00 0.000000e+00
<ENDHMM>
