~o
<STREAMINFO> 1 39
<VECSIZE> 39<NULLD><MFCC_E_D_A><DIAGC>
~h "Lui"
<BEGINHMM>
<NUMSTATES> 11
<STATE> 2
<MEAN> 39
 -6.317003e+00 -8.160677e+00 -4.712837e-01 -7.492383e-01 5.433794e-01 -4.525931e+00 2.270075e+00 -1.432602e+00 4.719421e-01 -2.404635e+00 2.981022e+00 -1.464866e+00 -2.589466e-02 1.485530e+00 7.978796e-02 -1.603075e+00 -1.279060e+00 -1.073427e+00 -1.194466e+00 -1.194905e+00 -6.487757e-01 5.919318e-01 4.499688e-01 -7.346182e-01 -9.499189e-01 7.081092e-02 7.496367e-01 -1.202484e-02 -9.864740e-01 -5.777674e-01 -3.833594e-01 -6.455894e-01 -6.658770e-01 -2.482392e-01 5.024377e-01 1.019846e-02 -4.291345e-01 -4.893582e-01 3.650504e-02
<VARIANCE> 39
 3.980513e+00 1.537604e+00 2.604857e+00 8.235444e+00 8.293438e+00 1.449154e+01 1.037701e+01 1.249144e+01 7.216681e+00 7.105553e+00 1.024178e+01 7.797428e+00 5.000000e-02 2.177567e+00 2.686744e-01 3.824289e+00 3.105400e+00 9.693652e-01 3.511455e+00 2.509405e+00 9.783680e-01 1.467823e+00 7.730793e-01 2.096038e+00 1.585667e+00 5.000000e-02 1.006498e-01 5.000000e-02 3.302075e-01 4.248388e-01 1.420437e-01 4.216400e-01 1.447526e-01 4.036893e-01 1.675877e-01 1.296525e-01 2.883268e-01 1.682093e-01 5.000000e-02
<GCONST> 7.116134e+01
<STATE> 3
<MEAN> 39
 4.616535e+00 -7.203206e+00 -1.831231e+01 -8.074872e+00 -7.787907e+00 -1.394126e+01 -8.599853e+00 -7.784058e+00 9.465012e+00 3.831617e-01 -4.615939e-01 -7.146449e+00 6.738728e-01 3.734409e-01 -1.890873e-01 -2.246916e+00 -5.276225e-01 -9.774848e-01 -5.006937e-01 -1.236390e+00 -4.951921e-01 1.476907e+00 1.298126e+00 -8.615953e-02 4.578479e-01 1.010145e-01 -5.602390e-01 -2.280669e-01 6.399542e-01 -4.193619e-02 4.015070e-01 5.511364e-01 3.070980e-01 2.558682e-01 -3.661644e-01 3.244833e-01 2.382511e-01 5.542496e-01 -1.574092e-02
<VARIANCE> 39
 1.203224e+01 5.072088e+00 3.120906e+01 2.059241e+01 1.381756e+01 1.088133e+01 2.134292e+01 3.600596e+01 3.050980e+01 3.358596e+01 3.003275e+01 1.070649e+01 5.000000e-02 4.055004e+00 9.214439e-01 3.772738e+00 3.562860e+00 2.329607e+00 3.927968e+00 2.752755e+00 5.295897e+00 3.145527e+00 6.046642e+00 2.777332e+00 3.813813e+00 5.000000e-02 4.442143e-01 1.773318e-01 3.710852e-01 1.085196e+00 4.500363e-01 4.175501e-01 3.679531e-01 9.201857e-01 6.425790e-01 8.464105e-01 7.969792e-01 4.763382e-01 5.000000e-02
<GCONST> 1.039621e+02
<STATE> 4
<MEAN> 39
 9.789544e-01 -1.258674e+01 -1.829223e+01 -1.862800e+01 -4.996385e+00 -7.244604e+00 -1.354292e+01 -5.209332e+00 7.567836e+00 1.162519e+01 5.590957e-01 5.836479e-01 9.730744e-01 1.172894e-01 -4.483287e-01 1.197429e+00 -2.672703e+00 1.264484e+00 1.640305e+00 -4.071311e-01 1.027429e+00 -1.875698e+00 1.619808e+00 1.044872e+00 8.061364e-01 1.588318e-02 8.525861e-02 3.516947e-01 2.814797e-01 1.035623e-01 -1.899084e-01 -1.446071e-01 1.455828e-01 4.081116e-01 8.870452e-02 -4.194611e-01 -8.106648e-02 -3.349965e-01 -9.072253e-03
<VARIANCE> 39
 2.136124e+01 7.031551e+00 3.848233e+01 4.042184e+01 2.346034e+01 4.348577e+01 2.928006e+01 1.630137e+01 3.451767e+01 4.284037e+01 4.293386e+01 1.250146e+01 5.000000e-02 3.309460e-01 1.550566e+00 8.900467e-01 1.514255e+00 1.517537e+00 1.282917e+00 1.715558e+00 3.283812e+00 1.696958e+00 2.067972e+00 3.018180e+00 2.028502e+00 5.000000e-02 1.660306e-01 1.379027e-01 2.179836e-01 1.751193e-01 2.659320e-01 5.301555e-01 3.439911e-01 3.483032e-01 8.305336e-01 5.396980e-01 8.990136e-01 5.535360e-01 5.000000e-02
<GCONST> 9.420187e+01
<STATE> 5
<MEAN> 39
 1.693347e+00 -1.106188e+01 -1.164002e+01 -2.587830e+01 -3.287103e+00 -6.690832e+00 -1.239054e+01 6.003271e+00 4.398426e+00 1.615586e+01 -1.215888e+00 -2.043805e+00 9.712332e-01 -2.035059e-01 -2.708927e-01 8.094547e-01 2.065900e-01 -5.163734e-02 -1.164673e+00 1.534242e-01 8.060060e-01 5.690362e-01 1.703576e-01 -1.611780e+00 -1.118126e+00 -8.272232e-03 -1.095317e-02 -2.430635e-01 -5.643088e-02 5.057357e-01 -2.051283e-01 -3.764536e-01 2.366422e-01 -3.063467e-01 4.855206e-02 -3.278849e-01 -2.801956e-02 1.366717e-01 -2.377760e-03
<VARIANCE> 39
 1.657807e+01 3.925390e+00 2.774012e+01 4.960748e+01 3.599623e+01 3.396591e+01 3.661119e+01 4.007522e+01 9.353048e+00 1.711679e+01 3.021495e+01 3.290129e+01 5.000000e-02 2.422149e-01 8.198901e-01 1.335562e+00 3.721051e+00 1.895982e+00 1.490650e+00 2.081945e+00 4.098048e+00 1.162274e+00 2.789712e+00 1.132101e+00 2.254171e+00 5.000000e-02 5.000000e-02 1.120443e-01 2.635634e-01 4.266470e-01 5.800105e-01 2.722211e-01 6.632564e-01 5.242179e-01 3.276146e-01 9.245303e-01 4.891153e-01 8.212588e-01 5.000000e-02
<GCONST> 9.337424e+01
<STATE> 6
<MEAN> 39
 9.943133e-02 -1.688470e+01 -5.485452e+00 -1.813038e+01 -8.358932e+00 -1.846373e+01 -5.154780e+00 7.210852e+00 6.741120e+00 1.012811e+01 -6.044573e+00 -2.213469e+00 8.933040e-01 -3.597330e-01 -1.787972e+00 2.175553e+00 1.459412e+00 -3.087950e+00 -2.046488e+00 3.916803e+00 2.806662e-01 -1.897931e+00 -2.326441e+00 1.491309e+00 9.898531e-01 -2.110292e-02 8.186249e-02 1.074859e-01 1.475329e-01 -4.900639e-01 -1.985445e-01 9.208118e-01 4.081701e-02 -5.771832e-01 -7.589570e-01 6.231964e-01 3.748989e-01 -6.005166e-01 -3.164057e-03
<VARIANCE> 39
 1.069411e+01 8.544571e+00 2.841705e+01 3.370437e+01 3.934983e+01 1.789679e+01 5.446061e+01 2.531569e+01 1.791463e+01 4.973215e+01 5.897386e+01 1.158589e+01 5.000000e-02 1.919420e-01 3.483522e-01 4.919537e-01 2.289737e+00 1.280138e+00 2.865112e+00 1.238055e+00 2.010809e+00 3.708403e+00 5.916281e+00 2.371285e+00 4.149757e+00 5.000000e-02 7.299040e-02 1.858948e-01 2.668229e-01 3.954265e-01 7.142658e-01 4.367725e-01 1.127178e+00 7.375864e-01 4.521864e-01 1.263025e+00 8.694900e-01 7.171057e-01 5.000000e-02
<GCONST> 9.724420e+01
<STATE> 7
<MEAN> 39
 3.912146e-01 -2.039659e+01 1.358706e+00 -1.731394e+01 -1.621614e+01 -1.652120e+01 3.554546e+00 9.759330e-02 -2.988213e+00 1.155144e+01 -3.042335e+00 -5.490683e+00 7.764099e-01 5.798933e-01 5.256414e-01 9.648578e-01 -6.763607e-02 -1.606367e-01 1.395691e+00 -2.616459e-01 -2.219849e+00 -3.924008e-01 6.273002e-01 -4.887000e-01 -4.096507e-01 -3.226474e-02 1.956417e-01 5.075803e-01 -3.531157e-01 -6.937130e-02 7.595171e-01 7.743701e-02 -8.845215e-01 1.046112e-01 7.513550e-01 -2.530633e-01 -3.312381e-01 4.049185e-01 -1.972204e-03
<VARIANCE> 39
 1.741269e+01 3.542068e+00 2.442128e+01 2.140025e+01 2.656977e+01 2.433275e+01 4.461077e+00 4.499660e+01 1.749033e+01 1.215864e+01 2.780841e+01 1.648683e+01 5.000000e-02 4.271961e-01 9.389108e-01 9.503272e-01 1.321548e+00 4.207994e+00 1.588240e+00 1.956487e+00 4.095315e+00 2.108591e+00 1.553471e+00 1.747958e+00 2.536706e+00 5.000000e-02 6.746165e-02 1.545882e-01 1.539714e-01 2.933235e-01 4.661900e-01 4.273696e-01 3.568902e-01 9.623750e-01 2.655015e-01 7.755426e-01 3.813815e-01 4.879678e-01 5.000000e-02
<GCONST> 8.869829e+01
<STATE> 8
<MEAN> 39
 3.821675e+00 -1.464395e+01 1.427698e+00 -1.433652e+01 -1.186114e+01 -1.053885e+01 -2.998269e+00 -5.882981e+00 1.382920e+00 7.155385e+00 -4.698370e+00 -4.675312e+00 5.827017e-01 2.512596e-01 1.067655e+00 -8.867086e-01 1.741470e+00 1.376792e+00 1.111228e+00 -8.245702e-01 -6.845061e-01 4.323803e-01 -1.544526e+00 3.638864e-01 -4.784295e-01 -5.184711e-02 -2.442065e-01 -8.661190e-02 -2.576810e-01 3.225062e-01 1.225791e-01 -1.552613e-01 3.332211e-01 2.532271e-01 -2.150331e-01 9.215359e-04 2.551636e-01 -2.244473e-01 -3.480587e-03
<VARIANCE> 39
 1.108448e+01 8.670314e+00 2.972619e+01 1.903507e+01 3.865052e+01 3.148529e+01 1.336827e+01 7.604676e+00 2.419386e+01 1.481211e+01 1.333017e+01 9.480169e+00 5.000000e-02 7.450578e-01 6.392140e-01 2.057050e+00 1.566108e+00 2.607458e+00 1.998664e+00 1.870174e+00 1.977895e+00 2.177649e+00 1.581529e+00 2.154618e+00 1.861072e+00 5.000000e-02 5.728337e-02 1.337399e-01 4.401838e-01 3.132813e-01 4.774818e-01 4.675611e-01 2.139591e-01 3.560284e-01 4.323317e-01 3.038677e-01 4.474610e-01 3.890896e-01 5.000000e-02
<GCONST> 8.734782e+01
<STATE> 9
<MEAN> 39
 1.521527e+00 -1.002709e+01 -4.641124e+00 -6.094753e+00 -4.845717e+00 -9.881218e+00 -2.796613e+00 -4.452231e+00 2.544157e+00 3.314206e+00 2.724445e+00 -4.323277e+00 2.849288e-01 -5.445468e-01 3.311324e-01 -5.985907e-02 3.946835e-01 4.551163e-01 -1.146600e-01 2.362202e-01 5.468387e-01 4.165002e-01 1.213641e-02 6.805520e-01 4.018973e-01 -2.870325e-02 -4.839681e-02 -6.380501e-02 2.003395e-01 -1.129226e-01 -3.285291e-02 1.217996e-01 6.744172e-02 -7.325823e-03 3.857043e-02 6.954239e-02 -9.725994e-02 2.525721e-02 1.884636e-03
<VARIANCE> 39
 7.328415e+00 8.405372e+00 6.254585e+00 8.771125e+00 7.839464e+00 1.156645e+01 1.062189e+01 1.619387e+01 1.358631e+01 1.506010e+01 2.247191e+01 2.023789e+01 5.000000e-02 5.626060e-01 6.838611e-01 1.235246e+00 1.363619e+00 7.961974e-01 2.163908e+00 1.012894e+00 1.926997e+00 1.860765e+00 2.100518e+00 2.137975e+00 2.212512e+00 5.000000e-02 1.250315e-01 1.366234e-01 2.052470e-01 3.493789e-01 2.455458e-01 5.206695e-01 2.137843e-01 4.835840e-01 3.647783e-01 4.841392e-01 4.168510e-01 5.535399e-01 5.000000e-02
<GCONST> 8.137597e+01
<STATE> 10
<MEAN> 39
 -3.596744e+00 -9.109787e+00 -1.927460e+00 -2.867074e+00 5.033404e-02 -5.374742e+00 4.917804e-01 -2.455228e+00 4.317386e+00 2.527058e+00 4.234899e+00 -4.360619e+00 7.213712e-02 -8.872910e-01 -3.138424e-01 -1.237842e-01 1.511213e-01 4.904567e-01 7.001361e-01 4.491770e-01 -4.972523e-02 -3.852517e-01 -2.309392e-01 2.093289e-01 2.059343e-01 -3.711208e-02 1.169557e-01 -6.465901e-02 -1.847157e-01 -3.293436e-01 -4.258883e-01 -3.570617e-01 -2.251220e-01 -7.954103e-02 -8.713198e-02 1.815034e-01 2.826757e-02 2.174090e-01 4.948290e-03
<VARIANCE> 39
 4.322062e+00 3.819302e+00 6.735533e+00 8.777394e+00 4.893175e+00 5.456970e+00 9.264517e+00 1.246399e+01 2.335706e+01 1.993775e+01 8.303039e+00 9.516989e+00 5.000000e-02 3.376066e-01 2.756196e-01 7.958483e-01 1.563685e+00 1.658188e+00 1.775479e+00 1.222109e+00 1.308451e+00 3.618515e+00 1.112789e+00 9.882756e-01 1.219975e+00 5.000000e-02 8.032016e-02 7.246792e-02 1.668662e-01 2.370900e-01 1.603510e-01 2.345265e-01 2.910400e-01 3.516134e-01 8.553413e-01 3.424238e-01 2.256662e-01 2.602956e-01 5.000000e-02
<GCONST> 7.109470e+01
<TRANSP> 11
 0.000000e+00 1.000000e+00 0.000000e+00 0.000000e+00 0.000000e+00 0.000000e+00 0.000000e+00 0.000000e+00 0.000000e+00 0.000000e+00 0.000000e+00
 0.000000e+00 7.618604e-01 2.381396e-01 0.000000e+00 0.000000e+00 0.000000e+00 0.000000e+00 0.000000e+00 0.000000e+00 0.000000e+00 0.000000e+00
 0.000000e+00 0.000000e+00 8.483410e-01 1.516590e-01 0.000000e+00 0.000000e+00 0.000000e+00 0.000000e+00 0.000000e+00 0.000000e+00 0.000000e+00
 0.000000e+00 0.000000e+00 0.000000e+00 8.149572e-01 1.850428e-01 0.000000e+00 0.000000e+00 0.000000e+00 0.000000e+00 0.000000e+00 0.000000e+00
 0.000000e+00 0.000000e+00 0.000000e+00 0.000000e+00 8.718424e-01 1.281576e-01 0.000000e+00 0.000000e+00 0.000000e+00 0.000000e+00 0.000000e+00
 0.000000e+00 0.000000e+00 0.000000e+00 0.000000e+00 0.000000e+00 7.221812e-01 2.778188e-01 0.000000e+00 0.000000e+00 0.000000e+00 0.000000e+00
 0.000000e+00 0.000000e+00 0.000000e+00 0.000000e+00 0.000000e+00 0.000000e+00 7.726715e-01 2.273286e-01 0.000000e+00 0.000000e+00 0.000000e+00
 0.000000e+00 0.000000e+00 0.000000e+00 0.000000e+00 0.000000e+00 0.000000e+00 0.000000e+00 8.214251e-01 1.785749e-01 0.000000e+00 0.000000e+00
 0.000000e+00 0.000000e+00 0.000000e+00 0.000000e+00 0.000000e+00 0.000000e+00 0.000000e+00 0.000000e+00 8.920695e-01 1.079305e-01 0.000000e+00
 0.000000e+00 0.000000e+00 0.000000e+00 0.000000e+00 0.000000e+00 0.000000e+00 0.000000e+00 0.000000e+00 0.000000e+00 7.459711e-01 2.540289e-01
 0.000000e+00 0.000000e+00 0.000000e+00 0.000000e+00 0.000000e+00 0.000000e+00 0.000000e+00 0.000000e+00 0.000000e+00 0.000000e+00 0.000000e+00
<ENDHMM>
