~o
<STREAMINFO> 1 39
<VECSIZE> 39<NULLD><MFCC_E_D_A><DIAGC>
~h "Mo^t"
<BEGINHMM>
<NUMSTATES> 39
<STATE> 2
<MEAN> 39
 -6.956172e+00 -9.935781e+00 -1.595734e+00 -2.394391e+00 3.957489e-01 -4.365412e+00 2.147784e+00 -1.855012e+00 5.407256e-01 -1.549497e+00 2.933567e+00 -2.533816e-01 -5.716327e-02 -2.234053e-02 2.806459e-01 1.693758e-01 -5.035636e-02 -6.589801e-01 -4.355541e-01 -2.766042e-01 -1.981863e-01 3.265539e-01 8.332561e-01 -1.291348e-01 -1.640573e-01 6.771047e-03 6.051577e-01 3.859034e-01 -3.034455e-01 -4.403597e-01 -2.212736e-01 -2.688066e-01 -3.628966e-01 -3.623235e-01 -2.520514e-01 -2.851227e-01 -4.101962e-01 -5.391677e-01 2.561162e-02
<VARIANCE> 39
 2.679601e+00 4.123059e+00 1.109626e+01 6.572271e+00 1.907276e+00 3.741339e+00 1.447151e+01 1.605756e+01 3.563079e+00 1.224721e+01 9.014127e+00 1.545817e+01 5.000000e-02 5.015637e-01 3.247536e-01 3.327242e-01 8.503945e-01 8.172393e-01 7.203741e-01 1.256712e+00 1.061598e+00 7.385406e-01 2.279688e+00 1.815420e+00 1.535835e+00 5.000000e-02 7.118792e-02 5.000000e-02 1.638867e-01 1.396783e-01 6.422444e-02 2.677353e-01 1.349627e-01 2.612818e-01 1.113142e-01 2.816434e-01 2.024276e-01 3.100642e-01 5.000000e-02
<GCONST> 6.068161e+01
<STATE> 3
<MEAN> 39
 -6.726983e+00 -8.882551e+00 -1.868150e+00 -2.851319e+00 -6.221580e-01 -4.647481e+00 1.597759e+00 -1.039607e+00 1.483611e+00 1.094235e+00 1.810964e+00 -2.798404e+00 -3.844785e-02 2.002333e+00 1.203255e+00 -1.043377e+00 -1.905645e+00 -7.657825e-01 -7.858450e-01 -1.407038e+00 -1.227033e+00 -6.690785e-01 -6.302415e-01 -8.891546e-01 -1.290885e+00 8.007456e-02 9.988726e-01 8.902870e-02 -4.396871e-01 -4.947933e-01 -9.709568e-02 -1.852100e-01 -4.217736e-01 -5.383022e-01 -2.347132e-01 -4.866999e-01 -3.207911e-01 -2.318243e-01 4.019445e-02
<VARIANCE> 39
 2.313736e+00 3.178941e+00 4.056794e+00 5.294119e+00 2.795048e+00 6.591685e+00 1.512662e+01 8.354266e+00 2.342808e+00 1.313761e+01 1.107765e+01 2.644908e+00 5.000000e-02 1.124438e+00 1.006317e-01 7.984152e-01 8.041341e-01 2.992159e-01 9.750307e-01 5.244641e-01 5.565459e-01 6.918505e-01 1.218467e+00 9.645376e-01 9.999047e-01 5.000000e-02 1.150854e-01 6.027557e-02 7.838038e-02 2.473418e-01 1.474103e-01 1.346497e-01 2.246350e-01 1.133113e-01 1.896980e-01 4.015974e-01 5.824980e-01 5.714415e-01 5.000000e-02
<GCONST> 5.683809e+01
<STATE> 4
<MEAN> 39
 -1.488800e-01 -5.602112e+00 -5.062291e+00 -8.309852e+00 -3.113334e+00 -8.535434e+00 -2.854834e+00 -6.724158e+00 -1.952797e+00 -4.552102e+00 -1.882230e+00 -6.164197e+00 2.147514e-01 3.319344e+00 7.755800e-01 -1.618505e+00 -1.758256e+00 -1.374733e+00 -1.454784e+00 -1.867744e+00 -1.904131e+00 -8.123809e-01 -8.096671e-01 -1.572494e+00 -2.327885e+00 1.338942e-01 2.677158e-01 -3.960323e-01 -1.647649e-01 2.008151e-01 -8.764218e-02 1.192142e-01 7.426370e-02 1.792264e-02 -9.583425e-02 1.093756e-01 1.408648e-01 2.312191e-01 1.226870e-02
<VARIANCE> 39
 1.399660e+01 1.494855e+00 7.025883e+00 3.501399e+00 6.771261e+00 1.369821e+00 7.306508e+00 1.079139e+01 7.404666e+00 4.252123e+00 5.450015e+00 1.315112e+01 5.000000e-02 1.251814e+00 1.533245e-01 1.453315e+00 9.749721e-01 7.019204e-01 1.005310e+00 2.175573e-01 1.055716e+00 1.288813e+00 6.953751e-01 2.232132e+00 3.758224e+00 5.000000e-02 1.095876e-01 5.000000e-02 1.599189e-01 5.000000e-02 8.748125e-02 1.240782e-01 2.705337e-01 1.622645e-01 1.439295e-01 1.416616e-01 1.662934e-01 1.876050e-01 5.000000e-02
<GCONST> 5.710085e+01
<STATE> 5
<MEAN> 39
 2.102421e+00 -5.464320e+00 -5.754482e+00 -9.992039e+00 -3.664011e+00 -7.249747e+00 -4.610025e+00 -7.940360e+00 -8.809088e-01 -1.995374e+00 -1.532159e+00 -7.491221e+00 3.341661e-01 3.076979e+00 -9.439639e-02 -1.450882e+00 -1.093831e+00 -8.305190e-01 -6.662161e-01 -1.634798e+00 -1.869601e+00 -6.783655e-01 -2.830014e-01 -6.784992e-01 -7.519832e-01 1.335181e-01 -2.937028e-01 -4.766542e-01 -3.679453e-01 2.869805e-03 1.326056e-01 6.627772e-01 4.202938e-01 4.353008e-01 5.844600e-02 -1.108128e-01 9.426324e-02 6.821564e-01 -2.765766e-03
<VARIANCE> 39
 1.832652e+01 1.375781e+00 7.679375e+00 3.526192e+00 7.129848e+00 1.908185e+01 7.691427e+00 1.240195e+01 2.827299e+01 1.409203e+01 5.323731e+00 2.306706e+01 5.000000e-02 4.474241e-01 4.781143e-01 3.213500e-01 5.878134e-01 4.888133e-01 6.358183e-01 1.711599e+00 6.270865e-01 8.598785e-01 6.861607e-01 1.618776e+00 1.054591e+00 5.000000e-02 2.186163e-01 5.000000e-02 4.620411e-01 3.341757e-01 1.940295e-01 2.855938e-01 4.872115e-01 6.369923e-01 1.492003e-01 1.512764e-01 2.255359e-01 3.438116e-01 5.000000e-02
<GCONST> 6.839044e+01
<STATE> 6
<MEAN> 39
 8.191399e+00 -6.858480e+00 -8.625765e+00 -9.495894e+00 -4.990273e+00 -9.872626e+00 -5.955130e+00 -9.465239e+00 -2.819027e+00 -3.413610e+00 -3.000431e+00 -8.302674e+00 5.459171e-01 2.042369e+00 -5.009506e-01 -1.590390e+00 -1.091810e+00 -1.303987e+00 6.999263e-02 -2.864791e-01 -7.987778e-01 -3.222413e-01 -6.295086e-01 -6.397023e-01 4.099002e-01 9.895197e-02 -1.099353e+00 -3.399191e-01 -5.560440e-01 -3.298610e-01 7.290573e-01 1.315342e+00 1.014083e+00 1.001748e+00 1.483670e-01 -4.047201e-03 4.049554e-01 6.522760e-01 -1.926023e-02
<VARIANCE> 39
 5.533774e+00 7.443918e+00 8.193748e+00 4.900388e+00 6.458375e+00 1.227556e+01 1.745103e+01 5.291781e+00 8.494976e+00 5.912429e+00 1.347077e+01 2.621165e+01 5.000000e-02 5.888805e-01 3.229242e-01 1.228426e+00 9.855741e-01 5.974375e-01 1.255855e+00 2.829616e+00 3.421208e+00 8.668897e-01 4.260115e-01 7.630822e-01 3.568608e-01 5.000000e-02 7.663877e-02 5.000000e-02 5.811125e-01 5.603034e-01 1.848371e-01 4.046002e-01 2.240539e-01 1.642689e-01 2.024999e-01 3.121400e-01 4.015779e-01 1.436588e-01 5.000000e-02
<GCONST> 6.880429e+01
<STATE> 7
<MEAN> 39
 9.017331e+00 -7.383447e+00 -9.186633e+00 -1.104187e+01 -7.291130e+00 -9.766120e+00 -6.981710e+00 -1.154826e+01 -3.541019e+00 -5.891774e+00 -4.617261e+00 -6.747140e+00 6.263388e-01 3.346072e-01 -1.010129e+00 -3.190834e+00 -2.495749e+00 7.886564e-01 3.086855e+00 1.171798e+00 1.389077e+00 -1.810111e-01 -9.656896e-01 -1.557592e-01 1.067327e+00 7.922509e-02 -1.207147e+00 -2.414567e-01 -1.016843e+00 -5.003149e-01 1.472430e+00 1.520568e+00 1.068937e+00 1.133280e+00 1.804811e-01 1.478160e-01 3.216581e-01 3.913359e-02 -7.949359e-03
<VARIANCE> 39
 6.522012e+00 8.149542e+00 7.339500e+00 9.144672e+00 5.967817e+00 2.389706e+01 3.052495e+01 2.840405e+01 4.013922e+01 6.676911e+00 4.176636e+00 1.709746e+01 5.000000e-02 5.710797e-01 3.031420e-01 3.195163e+00 2.728443e+00 1.131063e+00 4.210272e+00 4.649794e+00 2.949306e+00 1.147258e+00 1.736497e+00 1.050920e+00 1.112531e-01 5.000000e-02 1.034166e-01 1.524722e-01 5.036912e-02 2.949236e-01 2.391496e-01 3.709760e-01 2.073503e-01 3.879980e-01 3.758173e-01 1.345448e-01 1.236768e-01 1.802645e-01 5.000000e-02
<GCONST> 7.549840e+01
<STATE> 8
<MEAN> 39
 7.529624e+00 -9.795041e+00 -2.038081e+01 -2.039810e+01 -2.214103e+00 2.249763e+00 -1.874972e+00 -4.273907e+00 -2.614393e+00 -5.351607e+00 -2.833028e+00 -4.045732e+00 7.852498e-01 -2.030777e+00 -1.190084e+00 -4.999047e+00 -2.989681e+00 4.203106e+00 4.832693e+00 2.775532e+00 2.300717e+00 -3.496157e-01 -1.174921e-01 4.185847e-01 3.978865e-01 7.867499e-02 -7.141263e-01 1.097699e-01 5.300776e-01 5.675820e-01 5.105281e-01 -2.067066e-01 4.255161e-02 -3.466186e-01 -5.116878e-04 2.912991e-01 1.627879e-01 -2.339043e-01 -1.546642e-02
<VARIANCE> 39
 1.615587e+01 1.132832e+01 3.194050e+01 3.027387e+01 2.404151e+01 8.877366e+01 6.943320e+01 3.514063e+01 1.456869e+01 2.779895e+01 9.168320e+00 1.480349e+01 5.000000e-02 6.676608e-01 8.526161e-01 1.141968e+00 3.920086e+00 1.974281e+00 3.982992e+00 4.737912e+00 3.051838e+00 2.959949e+00 1.268837e+00 5.567455e-01 1.523197e+00 5.000000e-02 1.541408e-01 1.570801e-01 7.504421e-01 2.732701e-01 4.259008e-01 1.360488e+00 9.759260e-01 4.454067e-01 2.748739e-01 3.894279e-01 9.934520e-02 7.657990e-02 5.000000e-02
<GCONST> 9.418408e+01
<STATE> 9
<MEAN> 39
 1.341209e+00 -1.170636e+01 -2.513652e+01 -2.185831e+01 8.211706e+00 8.912696e+00 3.602097e+00 -7.290871e-01 -4.485662e+00 -4.936974e+00 -3.780930e-01 -3.522311e+00 8.745621e-01 -2.223128e+00 -4.620447e-01 -2.128319e+00 -5.717729e-01 3.120366e+00 2.622833e+00 2.047019e+00 9.618333e-02 2.400246e-01 -1.059852e-01 4.935143e-01 7.096367e-02 4.178199e-02 3.090396e-01 3.910024e-01 1.252023e+00 6.243560e-01 -1.195904e+00 -1.204170e+00 -7.532213e-01 -7.550421e-01 2.905517e-02 3.205283e-01 -3.139344e-02 -1.982834e-01 -1.535252e-02
<VARIANCE> 39
 1.637730e+01 9.330562e+00 1.316724e+01 2.993196e+01 2.402578e+01 1.255168e+01 7.481917e+01 4.142292e+01 1.175871e+01 7.347067e+00 1.072616e+01 6.724807e+01 5.000000e-02 6.931797e-01 1.192281e+00 3.950477e+00 1.658545e-01 2.231572e+00 9.056050e+00 1.463009e+00 2.792782e+00 9.938338e-01 1.247517e+00 5.789469e-01 9.059180e-01 5.000000e-02 5.000000e-02 1.069145e-01 2.720778e-01 4.203548e-01 2.106541e-01 2.285418e-01 1.343596e+00 1.040598e+00 6.736488e-01 3.621045e-01 6.209952e-02 2.739779e-01 5.000000e-02
<GCONST> 8.627077e+01
<STATE> 10
<MEAN> 39
 9.417076e-01 -1.121077e+01 -2.773062e+01 -2.105632e+01 7.430255e+00 8.667231e+00 4.068107e+00 -4.658237e+00 -3.559131e+00 -6.290545e+00 -4.352336e+00 -4.108474e+00 9.091610e-01 -1.103424e+00 -3.806484e-01 -5.661603e-01 -1.109895e+00 7.286078e-01 1.639694e+00 -7.626933e-01 7.431610e-01 -9.355257e-01 1.031228e+00 1.381176e-01 -3.753507e-01 3.023829e-02 4.982951e-01 3.663326e-01 9.663746e-01 3.302826e-03 -1.170456e+00 -1.130372e+00 -7.632471e-01 -1.289055e-02 -3.820135e-01 3.067931e-01 3.394828e-01 2.005385e-02 -1.028871e-02
<VARIANCE> 39
 1.669808e+01 3.540767e+00 1.076058e+01 2.664935e+01 3.014947e+01 4.914842e+00 4.135689e+01 2.643672e+01 4.003466e+00 9.947263e+00 1.458804e+01 4.885782e+01 5.000000e-02 9.827796e-01 9.295340e-01 6.464009e-01 1.607949e+00 7.659212e-01 2.502002e+00 7.852069e+00 6.163009e+00 3.088607e+00 4.652235e-01 3.301197e-01 9.373235e-01 5.000000e-02 1.016212e-01 6.875918e-02 6.987848e-01 1.441695e-01 2.056653e-01 8.700510e-01 5.522687e-01 4.550126e-01 2.886584e-01 2.516643e-01 1.255677e-01 2.271322e-01 5.000000e-02
<GCONST> 8.180469e+01
<STATE> 11
<MEAN> 39
 1.076501e+00 -1.184107e+01 -2.685745e+01 -2.101772e+01 5.645026e+00 1.133060e+01 4.393401e+00 -1.508101e+00 -4.033171e+00 -3.402143e+00 -1.721807e-01 -7.510347e+00 9.325244e-01 -4.786647e-01 2.351228e-01 3.317147e-01 -1.274451e+00 -5.381626e-01 -4.250120e-01 -6.500591e-02 4.950845e-01 -7.242075e-01 1.121388e+00 1.389472e+00 4.680274e-01 1.972566e-02 3.881855e-01 2.501942e-01 4.242387e-01 -1.247693e-01 -6.111863e-01 -1.025759e+00 -1.928585e-01 1.372870e-01 9.007697e-03 -1.336535e-01 2.462963e-01 2.082706e-01 -6.918618e-03
<VARIANCE> 39
 2.020781e+01 2.764220e+00 1.332713e+01 3.908633e+01 5.700818e+01 1.255576e+01 2.918043e+01 1.832996e+01 1.748512e+01 1.882978e+00 4.644189e+00 3.277195e+01 5.000000e-02 8.008697e-02 2.377609e-01 9.361105e-01 4.293793e-01 3.968862e-01 5.379660e-01 1.169186e+00 2.327076e+00 1.888813e+00 1.932462e+00 6.402820e-01 8.473557e-01 5.000000e-02 1.620683e-01 7.409870e-02 4.864032e-01 5.697531e-01 1.589919e-01 1.033733e+00 8.740500e-01 5.148257e-01 2.667320e-01 2.316417e-01 6.473094e-02 1.404995e-01 5.000000e-02
<GCONST> 7.381699e+01
<STATE> 12
<MEAN> 39
 -2.793349e+00 -9.933459e+00 -2.377802e+01 -2.836987e+01 8.055925e+00 9.961648e+00 -9.359620e-01 -3.626477e+00 -5.654026e+00 -2.548395e+00 1.039058e+00 -1.280639e-01 9.745381e-01 -1.064463e-01 2.314603e-01 -4.503895e-02 -7.326126e-01 -8.886232e-01 -3.825640e-01 -1.291690e-01 1.022410e+00 -8.274912e-01 5.060555e-01 7.576640e-01 -6.930390e-02 7.353519e-03 1.865191e-01 -5.750482e-02 3.616681e-02 3.186215e-01 -2.093139e-01 -8.906268e-02 9.323873e-02 1.856746e-01 2.547749e-01 -1.744008e-01 -9.674887e-02 -1.018199e-02 -3.326930e-03
<VARIANCE> 39
 1.412593e+01 2.831411e+00 1.473326e+01 2.584670e+01 2.692084e+01 7.689394e+00 3.417211e+01 2.046432e+01 1.230896e+01 9.638960e+00 8.454865e+00 3.502372e+01 5.000000e-02 2.724359e-01 4.211367e-01 7.447977e-01 1.487646e+00 5.445514e-01 1.912428e+00 8.002582e-01 6.116282e-01 3.049249e-01 3.670188e-01 5.480986e-01 4.492026e-01 5.000000e-02 6.921587e-02 9.229609e-02 1.416844e-01 2.548794e-01 1.577576e-01 1.000177e-01 6.042233e-01 4.524672e-01 3.089569e-01 3.292239e-01 7.647858e-02 1.635706e-01 5.000000e-02
<GCONST> 6.785556e+01
<STATE> 13
<MEAN> 39
 -7.856554e-02 -1.083655e+01 -2.818382e+01 -2.464500e+01 2.334322e+00 6.834964e+00 3.321769e+00 2.079551e+00 -7.550823e+00 -2.607180e+00 2.539681e+00 -4.995358e+00 9.733547e-01 -1.495104e-01 4.938126e-01 -3.853704e-01 4.657874e-01 -1.330750e+00 -3.827074e-01 5.051565e-01 4.166153e-01 9.721099e-01 -5.031432e-01 1.020147e+00 5.679781e-01 8.489315e-03 1.977569e-01 -5.909323e-03 4.074486e-01 2.834268e-01 -3.570120e-01 6.905809e-01 1.078524e-01 -1.235200e-01 4.728571e-01 1.634047e-02 -6.085259e-01 2.131532e-01 -2.670010e-03
<VARIANCE> 39
 9.695934e+00 4.134791e+00 2.279024e+01 1.431464e+01 3.931016e+01 2.929445e+01 2.137335e+01 2.091545e+01 2.683060e+01 5.230975e+00 7.825213e+00 2.396140e+01 5.000000e-02 5.728108e-01 2.880070e-01 1.441248e+00 3.230282e+00 7.344431e-01 1.941736e+00 2.406608e+00 2.171117e+00 8.446439e-01 1.631465e+00 7.853141e-01 6.686883e-01 5.000000e-02 5.000000e-02 5.000000e-02 3.419581e-01 2.907876e-01 2.031576e-01 5.161650e-01 2.077273e-01 3.333706e-01 3.189919e-01 2.414503e-01 1.628926e-01 5.795195e-02 5.000000e-02
<GCONST> 7.646793e+01
<STATE> 14
<MEAN> 39
 -5.654812e-01 -9.350389e+00 -2.684929e+01 -2.448151e+01 3.273690e+00 7.943272e+00 4.088550e+00 1.290219e+00 -4.512426e+00 -2.203158e+00 3.302039e+00 -2.846135e+00 9.808940e-01 4.484385e-01 3.282384e-01 1.027172e+00 1.472410e-01 -1.534092e+00 8.998275e-01 3.649803e-01 9.231213e-01 8.512025e-01 5.425085e-01 -4.193580e-01 8.279764e-01 4.817676e-03 1.534269e-01 -2.135306e-01 4.747498e-01 -1.141136e-01 -3.172978e-01 2.354762e-01 -1.776412e-01 2.385610e-01 -1.310546e-01 3.431552e-01 -7.439180e-01 7.766722e-02 -3.104128e-03
<VARIANCE> 39
 6.007747e+00 6.026073e+00 2.742192e+01 2.152559e+01 5.619907e+01 4.140425e+01 3.044045e+01 1.706563e+01 8.399858e+00 1.753809e+01 8.531180e-01 1.252240e+01 5.000000e-02 4.284925e-01 5.000000e-02 2.890198e-01 2.138512e+00 1.637954e+00 4.107363e+00 8.262472e-01 9.252787e-01 1.136123e+00 1.271729e+00 1.427596e+00 1.002700e+00 5.000000e-02 5.000000e-02 6.995302e-02 4.667545e-01 5.302735e-01 3.068940e-01 2.824943e-01 4.006793e-01 3.437297e-01 1.264571e-01 3.507833e-01 5.000000e-02 1.199425e-01 5.000000e-02
<GCONST> 7.235438e+01
<STATE> 15
<MEAN> 39
 5.814956e-01 -1.010332e+01 -2.454560e+01 -2.502620e+01 -9.386308e-01 9.958057e+00 4.789255e+00 3.191043e+00 -3.781137e+00 -1.166830e+00 2.636405e+00 -3.527033e+00 9.814184e-01 4.235545e-01 -3.852919e-01 1.548820e+00 -2.717284e-01 -2.245602e+00 4.213612e-01 -1.757026e-01 1.483373e+00 9.590298e-02 8.977510e-01 -1.473678e+00 6.357629e-01 4.522349e-04 -7.565812e-03 -2.368681e-01 2.143801e-01 -3.395521e-02 -1.536424e-01 -4.303411e-01 -2.957474e-01 2.576321e-01 -2.301539e-01 2.886674e-02 -5.899333e-01 4.972118e-03 -2.979880e-03
<VARIANCE> 39
 5.760707e+00 5.203648e+00 1.717931e+01 4.009653e+01 8.613764e+01 6.188322e+01 2.831936e+01 1.207011e+01 9.016706e+00 1.358746e+01 1.876370e+01 2.745432e+01 5.000000e-02 3.261102e-01 2.330265e-01 1.732503e+00 8.898454e-01 1.514313e+00 2.727883e+00 1.377936e+00 1.444405e+00 3.432556e-01 3.609872e-01 5.096151e-01 1.673644e+00 5.000000e-02 5.000000e-02 5.106273e-02 9.510298e-02 4.402309e-01 3.545031e-01 4.140742e-01 9.016673e-02 2.225698e-01 1.646709e-01 3.683980e-01 3.099101e-01 7.395508e-02 5.000000e-02
<GCONST> 7.425956e+01
<STATE> 16
<MEAN> 39
 6.294153e-01 -1.082752e+01 -2.268665e+01 -2.609731e+01 -3.501801e+00 1.035614e+01 2.542941e+00 5.113338e+00 -5.385630e+00 2.858973e-01 -1.778923e+00 -4.129657e-01 9.830358e-01 1.900916e-01 -3.586537e-01 1.403853e+00 -5.032061e-01 -1.619357e+00 -9.865373e-01 -4.388198e-01 1.718618e+00 -2.657689e-01 1.135759e+00 -1.965883e+00 7.989834e-01 -4.858978e-03 -7.413452e-02 1.197247e-01 -2.889842e-01 -1.866325e-02 3.114256e-01 -1.112105e+00 -4.668786e-02 2.348232e-03 -2.164829e-01 -3.059472e-02 -2.447660e-01 -1.642440e-02 -3.533133e-03
<VARIANCE> 39
 6.255822e+00 3.102664e+00 8.798307e+00 2.514648e+01 4.012281e+01 3.230917e+01 2.931778e+01 9.415715e+00 1.017355e+01 1.516772e+01 4.452313e+00 3.540792e+01 5.000000e-02 8.554800e-02 4.621482e-01 5.180826e-01 7.998305e-01 1.725435e+00 1.225798e+00 3.411808e-01 1.093642e+00 5.425045e-01 2.767270e+00 6.766472e-01 5.461373e-01 5.000000e-02 5.435516e-02 5.000000e-02 2.209466e-01 2.462233e-01 2.407366e-01 4.372783e-01 2.273106e-01 7.289158e-02 1.137006e-01 2.897576e-01 5.668439e-02 1.481320e-01 5.000000e-02
<GCONST> 6.564121e+01
<STATE> 17
<MEAN> 39
 5.407206e-01 -1.100056e+01 -2.005964e+01 -2.624934e+01 -4.965639e+00 6.829543e+00 2.622069e+00 8.102209e+00 -4.616929e+00 9.958746e-01 -2.543063e+00 -1.533128e+00 9.715037e-01 3.614573e-01 -3.040818e-02 1.003147e+00 1.177863e-01 -1.622056e+00 -2.323471e+00 -1.507793e-01 1.379479e+00 -7.347064e-02 3.073963e-01 -1.762424e+00 6.829149e-01 -7.683858e-03 4.044290e-02 2.099342e-01 -2.140961e-01 -1.008527e-02 5.521805e-01 -6.204026e-01 -2.350224e-02 -8.444035e-02 -9.233698e-02 -1.330615e-01 2.589350e-01 9.259319e-02 -4.289876e-03
<VARIANCE> 39
 4.585179e+00 6.249853e+00 9.797350e+00 2.163176e+01 3.901117e+01 3.684007e+01 2.417194e+01 1.149570e+01 1.402863e+01 5.137848e+00 1.411936e+00 4.977880e+01 5.000000e-02 2.528578e-01 1.923713e-01 5.180748e-01 1.928658e+00 9.705724e-01 9.945093e-01 4.191903e-01 1.486260e+00 5.433713e-01 1.519236e+00 7.933531e-01 1.505195e-01 5.000000e-02 5.206335e-02 7.139160e-02 5.000000e-02 1.443602e-01 1.725531e-01 1.865665e-01 2.641029e-01 1.299718e-01 2.039593e-01 1.351785e-01 1.644218e-01 2.013952e-01 5.000000e-02
<GCONST> 6.264732e+01
<STATE> 18
<MEAN> 39
 1.938001e+00 -1.112069e+01 -1.980400e+01 -2.576435e+01 -7.682612e+00 4.509815e+00 1.362445e+00 8.278192e+00 -4.802185e+00 6.871551e-01 -6.465925e+00 1.401679e+00 9.558384e-01 2.051135e-01 2.597582e-01 5.567260e-01 -5.681787e-01 -6.376640e-02 -2.874218e+00 -6.534610e-01 1.349478e+00 -6.285907e-01 7.304319e-01 -1.683418e+00 5.925389e-01 -1.737683e-02 -6.437747e-02 2.010916e-01 -8.922531e-02 -3.634118e-02 7.065768e-01 -3.173479e-01 4.289674e-01 7.623081e-02 -9.054270e-02 2.925543e-02 3.504378e-01 5.134726e-02 -3.853453e-03
<VARIANCE> 39
 4.496092e+00 5.590782e+00 1.189834e+01 3.409693e+01 5.263169e+01 3.304966e+01 3.864026e+01 3.198253e+01 1.828756e+01 1.011426e+01 1.610656e+01 2.906951e+01 5.000000e-02 5.083060e-01 2.544295e-01 6.090505e-01 1.735362e+00 1.879978e+00 9.179341e-01 1.297489e+00 8.514194e-01 1.725208e+00 3.087924e-01 6.870542e-01 6.595572e-01 5.000000e-02 5.000000e-02 6.787645e-02 6.036624e-02 5.000000e-02 6.465250e-02 1.602787e-01 2.102454e-01 3.482831e-01 4.042889e-01 2.216836e-01 2.387654e-01 1.328948e-01 5.000000e-02
<GCONST> 7.056850e+01
<STATE> 19
<MEAN> 39
 7.462602e-01 -9.689322e+00 -1.972677e+01 -2.941057e+01 -5.147212e+00 -2.082793e+00 -1.288222e-01 1.003202e+01 -7.215847e+00 3.217214e+00 -8.098019e+00 2.933449e+00 9.176735e-01 -1.750841e-04 6.135714e-01 4.770547e-01 -4.306770e-01 8.497525e-01 -3.160822e+00 1.128467e+00 1.627358e+00 -2.112634e-01 4.058636e-01 -4.891337e-01 9.672025e-01 -2.257682e-02 1.637176e-01 -2.235805e-01 3.353673e-03 4.615076e-01 2.748684e-01 2.134019e-01 8.957924e-01 -5.042302e-01 3.701799e-01 -3.811895e-01 6.191453e-01 -8.106758e-02 -6.513176e-03
<VARIANCE> 39
 4.318841e+00 7.287977e+00 7.744921e+00 4.962912e+01 3.970859e+01 2.686839e+01 5.613585e+01 2.940929e+01 3.659829e+00 4.859247e+00 1.319211e+01 4.014796e+01 5.000000e-02 7.356721e-01 1.491785e-01 2.584194e-01 3.241456e+00 6.316705e-01 9.209639e-01 2.420484e+00 6.513839e-01 2.423186e+00 3.583061e-01 3.301746e-01 1.025563e+00 5.000000e-02 1.237606e-01 1.507609e-01 5.000000e-02 4.774020e-01 2.158938e-01 1.534610e-01 4.391919e-01 3.630421e-01 6.815468e-02 1.114657e-01 5.552951e-02 2.102383e-01 5.000000e-02
<GCONST> 6.963531e+01
<STATE> 20
<MEAN> 39
 2.987624e+00 -9.701111e+00 -1.681273e+01 -2.495035e+01 -6.247670e+00 -5.842765e+00 5.253760e+00 1.524497e+01 -6.603205e+00 1.456936e+00 -7.945569e+00 1.962607e+00 9.086834e-01 3.870600e-01 -1.646329e-01 8.441755e-01 1.922345e-01 8.491771e-01 -2.468484e+00 1.880718e+00 -3.728511e-01 6.703837e-01 -2.461896e-01 -1.914802e-01 1.215697e+00 -2.967106e-02 1.319174e-01 -4.048806e-01 9.647223e-03 3.810113e-01 -2.771477e-01 5.300475e-01 2.908892e-02 -1.203720e+00 6.125878e-01 -3.330274e-01 3.567041e-01 -4.829991e-01 -1.286741e-02
<VARIANCE> 39
 5.509364e+00 4.321774e+00 1.688511e+01 6.348848e+01 3.545266e+01 2.988486e+01 1.472158e+01 1.352890e+01 1.654874e+01 7.050666e+00 2.120915e+01 2.814650e+01 5.000000e-02 3.116222e-01 8.668107e-01 2.303035e-01 6.591181e-01 2.666546e-01 6.184295e-01 2.596908e+00 2.737960e+00 2.575971e+00 1.864611e-01 1.402611e+00 9.302197e-01 5.000000e-02 1.310328e-01 7.306913e-02 7.221865e-02 8.680426e-01 3.209082e-01 2.242346e-01 3.118916e-01 7.853036e-02 4.939280e-01 1.350753e-01 2.176577e-01 3.085162e-01 5.000000e-02
<GCONST> 7.357877e+01
<STATE> 21
<MEAN> 39
 2.294883e+00 -1.089680e+01 -1.660757e+01 -2.767495e+01 -3.072273e+00 -1.125062e+01 1.048014e+01 1.108197e+01 -4.362382e+00 3.059532e+00 -9.217332e+00 6.362876e+00 8.241683e-01 1.181527e+00 -1.202053e+00 9.587483e-01 1.952046e+00 -6.592627e-01 -5.694371e-01 9.514862e-01 -2.722498e+00 1.575419e+00 -9.807107e-01 1.505001e+00 -1.279119e+00 -7.071619e-02 1.759441e-01 -1.989134e-02 -2.317484e-01 8.850422e-01 -4.474947e-01 1.245681e+00 -1.253445e+00 -8.109173e-01 2.278992e-02 -5.649114e-01 8.529534e-01 -9.224872e-01 -1.556728e-02
<VARIANCE> 39
 3.738181e+00 5.293637e+00 3.255745e+01 1.796758e+01 2.570035e+01 1.799817e+01 1.328656e+01 1.377779e+01 1.426571e+01 7.654741e+00 3.575808e+01 1.262392e+01 5.000000e-02 5.069447e-01 4.703322e-01 8.108216e-01 3.161276e+00 5.671659e-01 1.857120e+00 2.657037e+00 4.063884e-01 2.076132e+00 1.007130e+00 2.759686e+00 1.165156e+00 5.000000e-02 1.563029e-01 2.207524e-01 1.330930e-01 2.536578e-01 3.862565e-01 1.203633e-01 6.211348e-02 1.977140e-01 3.057261e-01 5.000000e-02 4.276745e-01 5.206004e-02 5.000000e-02
<GCONST> 7.353175e+01
<STATE> 22
<MEAN> 39
 4.233002e+00 -1.211742e+01 -1.497223e+01 -2.445228e+01 -4.196915e+00 -9.863929e+00 8.078387e+00 6.820087e+00 -1.081218e+00 5.950840e-01 -5.271624e+00 1.615212e+00 7.301179e-01 1.034045e+00 -8.742218e-01 -1.709160e-03 2.790211e+00 -9.086969e-01 7.249939e-01 -9.334052e-01 -2.997645e+00 1.373011e+00 -2.196480e+00 2.267481e+00 -2.011235e+00 -8.326092e-02 -8.571631e-02 2.366690e-01 -4.360142e-01 5.408108e-01 5.910540e-02 9.750270e-01 -9.516019e-01 -3.509147e-02 -3.615806e-01 -2.277175e-01 3.207386e-01 -3.357532e-01 -5.422793e-03
<VARIANCE> 39
 2.391322e+00 3.831558e+00 1.464067e+01 2.169083e+01 5.984330e+01 1.954047e+01 4.541076e+00 1.686060e+01 8.776243e+00 3.781617e+00 6.560341e+01 1.021443e+01 5.000000e-02 4.321463e-01 6.594124e-01 5.213180e-01 4.343043e+00 1.631335e+00 1.023399e+00 2.180589e+00 6.043043e-02 1.781658e+00 2.401869e-01 2.943965e+00 9.394593e-01 5.000000e-02 1.296065e-01 2.722600e-01 6.806175e-02 3.233868e-01 4.708108e-01 1.498872e-01 5.560939e-01 4.377137e-01 4.523219e-01 9.727328e-02 5.150715e-01 1.434110e-01 5.000000e-02
<GCONST> 7.334021e+01
<STATE> 23
<MEAN> 39
 5.577837e+00 -1.374786e+01 -1.655175e+01 -1.764537e+01 -6.006178e+00 -5.389274e+00 4.832244e+00 2.250771e+00 -2.667735e+00 -3.320813e+00 -8.083818e-01 -1.125552e+00 5.889415e-01 6.337644e-01 -2.364725e-01 -3.455646e-01 3.054008e+00 -3.215766e-01 1.312224e+00 -1.842583e+00 -2.829517e+00 2.664589e-01 -1.005540e+00 2.177299e+00 -1.369067e+00 -7.161468e-02 -3.788185e-01 3.514037e-01 -1.862995e-01 -4.807939e-01 5.918694e-01 3.339753e-01 -1.512239e-01 3.799545e-01 -2.218521e-01 5.446869e-01 -3.726757e-02 5.073692e-01 1.009565e-02
<VARIANCE> 39
 1.046304e+00 2.238569e+00 1.129722e+01 1.197817e+01 2.615192e+01 3.370777e+01 7.138033e+00 1.949192e+01 1.996841e+01 6.450003e+00 2.345779e+01 4.427147e+00 5.000000e-02 5.533856e-01 1.476774e+00 4.614988e-01 1.864539e+00 4.317125e+00 2.362430e-01 6.629779e-01 5.879892e-01 1.679703e+00 1.573446e+00 8.088356e-01 2.088283e+00 5.000000e-02 5.000000e-02 9.676418e-02 1.267472e-01 4.498666e-01 3.129858e-01 1.985795e-01 4.379632e-01 1.329961e-01 3.652941e-01 1.781802e-01 5.806006e-01 1.645966e-01 5.000000e-02
<GCONST> 7.099190e+01
<STATE> 24
<MEAN> 39
 6.320494e+00 -1.228262e+01 -1.796705e+01 -1.583982e+01 -5.363614e+00 -5.159226e+00 3.259013e+00 -1.006742e+00 2.111204e-01 -3.454307e+00 1.608181e+00 -7.857368e-01 5.212916e-01 -4.368690e-02 2.411267e-01 -2.563658e-01 1.783556e+00 1.520754e+00 1.628411e+00 -2.565162e-01 -1.315449e+00 4.669217e-01 -6.350452e-01 8.944828e-01 -4.603361e-01 -4.544521e-02 -3.703798e-01 -7.649258e-02 1.106313e-01 -5.238459e-01 3.790621e-01 -9.476666e-03 6.016479e-01 6.669898e-01 -1.566279e-01 5.144632e-01 -7.765687e-01 3.499208e-01 1.470851e-02
<VARIANCE> 39
 4.335576e+00 8.034307e+00 1.305321e+01 1.418862e+01 1.340400e+01 9.043604e+00 6.013418e+00 2.064367e+01 1.966758e+00 2.290873e+01 3.073801e+01 9.701085e+00 5.000000e-02 1.356267e-01 1.959408e-01 1.304180e+00 1.261471e+00 1.486640e+00 8.815353e-01 1.930981e+00 1.680583e+00 1.632611e+00 1.137147e+00 3.340966e+00 8.254121e-01 5.000000e-02 1.070297e-01 1.527936e-01 1.442070e-01 5.591847e-01 3.995017e-01 5.000000e-02 5.000000e-02 5.000000e-02 6.424526e-02 3.408328e-01 6.147883e-01 2.303317e-01 5.000000e-02
<GCONST> 6.822548e+01
<STATE> 25
<MEAN> 39
 5.427247e+00 -1.173262e+01 -1.604701e+01 -1.341615e+01 -3.465105e+00 -3.297640e+00 4.325688e+00 -3.593783e-01 1.365049e-01 -4.028118e+00 7.813576e-03 -2.351479e+00 4.697188e-01 -7.713687e-01 -4.746112e-01 -3.301447e-01 2.181672e-01 9.976501e-01 1.350387e+00 1.303399e-02 -9.460120e-01 4.008068e-01 5.761156e-01 7.868472e-01 -1.636796e-01 -3.369695e-02 -2.482698e-01 -1.204944e-01 5.589097e-02 -7.447200e-01 -2.042849e-01 -2.082997e-01 3.227593e-01 5.371720e-01 -2.007432e-01 3.228221e-01 -3.287716e-01 6.259741e-02 1.462130e-02
<VARIANCE> 39
 2.936910e+00 3.857370e+00 4.116769e+00 1.365504e+00 1.535205e+01 2.356466e+01 1.049937e+01 3.798485e+01 1.013992e+01 9.609897e+00 1.737881e+01 1.648154e+01 5.000000e-02 3.244322e-01 4.898803e-01 2.020843e+00 2.128627e+00 8.107020e-01 6.470850e-01 2.733591e-01 4.917105e-01 1.722052e+00 2.784814e+00 2.824476e+00 8.045394e-01 5.000000e-02 8.474035e-02 8.659698e-02 1.653986e-01 1.462507e-01 2.945584e-01 1.067638e-01 1.855458e-01 3.740525e-01 4.919073e-01 3.109895e-01 7.639714e-02 2.432962e-01 5.000000e-02
<GCONST> 6.769004e+01
<STATE> 26
<MEAN> 39
 3.469837e+00 -1.477994e+01 -1.797543e+01 -1.515226e+01 -6.020939e-01 -6.998441e-02 2.428559e+00 -3.997912e+00 -1.403450e+00 -1.169591e+00 3.759724e+00 -1.029956e+00 4.430664e-01 -5.876638e-01 -2.518500e-01 7.396454e-02 3.927359e-02 3.630339e-01 7.652453e-01 4.993542e-03 2.215213e-01 2.540922e-01 3.261059e-01 -1.593101e-01 -5.735884e-01 -1.580964e-02 -3.720622e-02 2.546174e-01 1.915066e-01 -1.558893e-01 -4.467190e-01 -3.554592e-01 4.324235e-02 7.041817e-01 -1.803744e-01 -1.731886e-01 -2.042641e-01 2.589301e-02 5.633748e-04
<VARIANCE> 39
 8.386800e-01 1.419080e+00 8.622473e+00 7.738232e+00 1.610467e+01 1.962205e+01 6.909287e+00 2.031703e+01 2.873240e+01 7.470895e+00 1.495326e+01 5.701788e+00 5.000000e-02 9.294385e-02 3.340273e-01 1.021194e+00 1.307221e+00 2.962824e-01 2.154985e-01 3.942815e-01 1.489727e+00 1.078383e+00 8.208017e-01 2.184116e+00 4.452400e-01 5.000000e-02 7.883564e-02 1.219068e-01 2.815210e-01 1.735311e-01 1.350657e-01 8.996589e-02 9.090144e-02 1.902522e-01 8.443172e-01 4.133820e-01 1.413817e-01 1.370525e-01 5.000000e-02
<GCONST> 5.983494e+01
<STATE> 27
<MEAN> 39
 3.979859e+00 -1.303527e+01 -1.682927e+01 -1.301137e+01 -2.848009e+00 -1.331071e+00 4.933872e+00 -1.772543e+00 1.686949e+00 -2.180748e+00 2.768421e-01 -4.002695e+00 4.322731e-01 -4.610175e-01 6.190094e-01 -1.207676e-01 -5.745406e-01 -3.056515e-01 1.660043e-01 4.896749e-01 1.208826e+00 -9.969660e-01 -4.484742e-01 4.062921e-01 1.351143e-01 -1.331555e-02 -6.921905e-02 2.391575e-01 1.668337e-01 -2.418796e-01 -1.584520e-01 -3.877928e-01 -8.838675e-02 4.298602e-01 -4.103743e-01 -3.805270e-01 -9.756784e-02 1.537388e-01 -1.859964e-03
<VARIANCE> 39
 1.615982e+00 6.581778e+00 1.233722e+01 1.591197e+01 1.661188e+01 1.181523e+01 1.423981e+01 1.048300e+01 1.104790e+01 8.706174e+00 1.592334e+01 4.628059e+00 5.000000e-02 4.913852e-01 1.529011e-01 6.795990e-01 3.699204e-01 1.578221e+00 7.667320e-01 6.152157e-01 1.948462e+00 3.877487e+00 6.134616e-01 1.190046e+00 6.009106e-01 5.000000e-02 5.905152e-02 9.079306e-02 7.623590e-01 7.942852e-01 1.730911e-01 5.000000e-02 1.758312e-01 1.083900e-01 5.182775e-01 4.271120e-01 3.552977e-01 7.280320e-02 5.000000e-02
<GCONST> 6.681657e+01
<STATE> 28
<MEAN> 39
 1.762493e+00 -1.221422e+01 -1.735469e+01 -1.647579e+01 -2.337478e+00 -6.660802e-01 3.857670e+00 3.272660e+00 -2.792628e+00 -3.383669e+00 3.982536e+00 -2.179845e+00 4.044981e-01 -9.951575e-01 8.741080e-01 1.305661e+00 -5.018375e-01 -3.320491e-01 -2.964801e-01 -2.924106e-01 1.845465e+00 -9.058206e-01 -7.602676e-01 -5.813693e-01 -5.036595e-01 -2.329596e-02 1.912818e-01 -6.889735e-02 2.716831e-01 2.579820e-01 -6.660430e-03 -2.576589e-01 6.843229e-02 -4.250909e-01 6.293855e-01 7.350159e-02 -3.834856e-01 -9.603702e-02 -8.609708e-04
<VARIANCE> 39
 5.997295e+00 8.451020e+00 5.068051e+00 9.090898e+00 9.772415e+00 1.067911e+01 1.519681e+01 4.869047e+01 1.692559e+01 1.581952e+01 7.617695e+00 1.857111e+01 5.000000e-02 6.873435e-01 3.050576e-01 2.848012e+00 1.768138e+00 2.236468e+00 4.164004e-01 2.130761e+00 1.951453e+00 6.247086e+00 2.925219e+00 6.974159e-01 9.756281e-01 5.000000e-02 1.612362e-01 1.431084e-01 1.602429e-01 9.192032e-02 8.494169e-02 5.608821e-02 1.885730e-01 4.625090e-01 9.483848e-01 2.561781e-01 2.275461e-01 2.732069e-01 5.000000e-02
<GCONST> 7.620533e+01
<STATE> 29
<MEAN> 39
 9.827144e-01 -1.090069e+01 -1.441045e+01 -1.527221e+01 -3.179435e+00 -1.600690e+00 3.434595e+00 3.657434e+00 -5.136648e+00 -4.543534e+00 9.587898e-01 -3.638935e+00 3.564594e-01 -4.544209e-01 8.365187e-02 9.220739e-01 4.694887e-02 -1.990455e-01 -5.459309e-01 -9.456226e-02 2.053706e-01 8.549231e-01 -2.649185e-02 -8.533396e-01 3.306132e-01 -2.561183e-02 2.148895e-01 -2.909139e-01 -1.286548e-01 2.735208e-01 4.398937e-02 1.460934e-01 1.912339e-01 -6.399490e-01 8.549181e-01 1.864209e-01 3.222240e-02 1.077269e-01 1.107786e-03
<VARIANCE> 39
 7.230265e+00 3.174653e+00 1.576810e+01 9.829384e+00 3.885785e+00 6.353442e+00 3.922627e+01 4.625852e+01 2.166352e+01 2.525160e+01 1.229261e+01 4.364914e+00 5.000000e-02 3.056485e-01 8.997950e-01 2.053818e+00 9.139579e-01 5.576298e-01 2.471685e-01 3.752263e-01 2.493268e-01 1.400551e+00 2.173926e-01 6.150698e-01 2.082283e+00 5.000000e-02 2.371911e-01 5.000000e-02 3.219610e-01 3.375162e-01 2.373308e-01 9.629045e-02 3.427603e-01 7.153146e-01 1.342146e+00 5.682873e-01 1.336942e-01 6.477170e-02 5.000000e-02
<GCONST> 6.905152e+01
<STATE> 30
<MEAN> 39
 1.273492e+00 -1.163545e+01 -1.375109e+01 -1.515653e+01 -3.530754e+00 -2.715350e+00 4.530681e+00 7.878427e-01 1.285567e+00 -3.613250e+00 -1.266082e+00 -2.568565e+00 3.331867e-01 -1.322212e-01 -7.632437e-02 5.796286e-01 7.440249e-01 -1.289349e-01 7.164555e-02 5.841899e-01 -5.696785e-01 1.447934e+00 -1.367012e-01 -1.130825e-01 1.822056e-02 -2.133095e-02 9.452382e-02 -1.363255e-01 -1.066519e-02 5.909392e-01 3.116893e-01 2.896774e-01 1.175704e-01 -4.473387e-01 -1.903976e-01 3.168175e-02 4.058824e-01 4.640462e-03 1.158380e-03
<VARIANCE> 39
 9.313641e-01 3.369323e+00 2.675604e+01 3.021959e+00 1.944279e+00 7.012052e+00 4.987569e+00 2.657305e+01 6.166663e+00 1.393190e+01 7.587121e+00 8.620847e+00 5.000000e-02 7.366492e-01 4.509357e-01 4.708224e-01 1.545752e+00 5.288521e-01 1.143889e+00 1.024354e+00 2.730107e+00 5.707972e+00 2.222134e+00 1.361009e+00 9.453108e-01 5.000000e-02 1.094068e-01 2.483386e-01 1.165150e+00 2.981874e-01 1.139280e-01 5.000000e-02 6.243051e-02 1.839311e-01 2.928508e-01 1.417608e-01 5.000000e-02 1.821693e-01 5.000000e-02
<GCONST> 6.407999e+01
<STATE> 31
<MEAN> 39
 1.054056e+00 -1.220575e+01 -1.382039e+01 -1.412516e+01 -3.427475e+00 -2.054422e+00 5.471157e+00 3.455355e+00 3.992014e+00 -3.284212e+00 -7.050270e-02 -3.552725e+00 3.196925e-01 2.284863e-01 -2.308400e-01 -7.754339e-02 1.263095e+00 3.015282e-01 3.691200e-01 7.738014e-01 -9.267461e-01 4.453569e-01 -1.757119e-01 3.961600e-01 -3.358825e-01 -1.180856e-02 -1.243570e-01 1.143896e-01 2.749076e-02 2.371461e-02 7.640415e-02 1.563733e-01 -8.954758e-03 2.124678e-02 -8.716107e-01 -1.967609e-01 3.216353e-01 -3.633484e-02 9.554323e-05
<VARIANCE> 39
 3.652634e+00 2.138134e+00 2.474202e+00 8.899706e+00 6.122850e+00 1.770931e+01 5.535257e+00 4.715722e+00 3.358679e+01 1.444561e+01 6.714896e+00 1.551121e+01 5.000000e-02 7.759341e-01 4.629406e-01 2.722492e+00 1.768461e+00 1.681311e-01 2.900265e-01 6.690279e-01 2.334504e+00 4.264030e+00 7.836506e-01 5.236771e-01 7.087541e-01 5.000000e-02 1.296958e-01 6.092492e-02 1.685062e-01 4.330549e-01 1.581955e-01 2.371532e-01 5.470933e-02 2.169216e-01 1.009507e+00 2.966250e-01 1.491670e-01 3.198027e-01 5.000000e-02
<GCONST> 6.538023e+01
<STATE> 32
<MEAN> 39
 6.223997e-01 -1.220589e+01 -1.371135e+01 -1.208345e+01 -2.403912e+00 2.989298e-03 5.563630e+00 -2.108934e+00 -1.160120e+00 -3.951571e+00 2.175002e+00 -3.471888e+00 2.705251e-01 -5.615294e-01 1.778314e-01 1.311085e+00 1.826243e+00 4.327081e-01 -1.395002e-01 1.525705e-01 -5.870655e-01 -6.839039e-01 2.340046e-02 5.775602e-01 -9.282107e-03 -2.685002e-02 -1.176605e-01 2.710501e-01 3.757446e-01 6.522359e-02 -2.522914e-02 -3.091768e-01 -1.651769e-01 3.090487e-01 -4.298419e-02 -1.839779e-02 -2.425226e-01 9.950157e-02 -6.445323e-03
<VARIANCE> 39
 5.303676e+00 7.079900e+00 7.226954e+00 6.898902e+00 3.006375e+00 1.431244e+01 8.095706e+00 8.131152e+00 9.724426e+00 1.992108e+00 1.180771e+01 1.364383e+01 5.000000e-02 1.452963e-01 4.590610e-01 2.225258e+00 1.336766e+00 3.456202e-01 6.561098e-01 8.121036e-01 4.499499e-01 1.651004e+00 8.161364e-01 6.175016e-01 1.047475e+00 5.000000e-02 8.645148e-02 2.056433e-01 2.181943e-01 3.520443e-01 5.000000e-02 2.121327e-01 6.095483e-02 1.402957e-01 4.577855e-01 1.624633e-01 1.141590e-01 1.003690e-01 5.000000e-02
<GCONST> 5.900234e+01
<STATE> 33
<MEAN> 39
 -3.237439e-01 -1.089685e+01 -9.543282e+00 -9.304505e+00 -1.595872e+00 -1.114480e+00 7.605158e+00 1.390920e+00 6.560434e-01 -4.697274e+00 1.840540e+00 -3.614783e+00 2.531950e-01 -7.045415e-01 3.141941e-01 1.021531e+00 5.210792e-01 3.414539e-01 -6.280731e-02 1.900197e-01 1.233017e-01 -3.560839e-01 -5.647271e-01 -4.307992e-01 -9.801812e-03 -3.512683e-02 -1.426672e-01 -3.218617e-02 -1.053545e-01 -3.000595e-01 -3.434495e-02 -2.490176e-01 -4.073506e-01 -1.109691e-01 1.109916e-01 7.623354e-02 -1.839578e-01 6.390058e-02 -5.290409e-03
<VARIANCE> 39
 2.993929e+00 3.803731e+00 1.503834e+01 1.543526e+01 6.621031e+00 4.445198e+00 4.947513e+00 9.315694e+00 3.280518e+00 9.377892e+00 2.631429e+00 6.167431e+00 5.000000e-02 1.953763e-01 1.401819e+00 1.096104e+00 1.462970e+00 5.767595e-01 1.699025e+00 2.259587e+00 4.919874e-01 1.456081e+00 8.889599e-01 6.722858e-01 4.930544e-01 5.000000e-02 5.000000e-02 1.403234e-01 6.341266e-01 4.341660e-01 1.777651e-01 5.742756e-02 1.877298e-01 1.002904e-01 8.618069e-02 1.708220e-01 1.626981e-01 1.128167e-01 5.000000e-02
<GCONST> 5.938964e+01
<STATE> 34
<MEAN> 39
 -7.436516e-01 -1.064269e+01 -9.804439e+00 -8.172257e+00 -1.232802e+00 -2.008461e+00 5.597303e+00 -6.079321e-01 -1.563338e+00 -5.604129e+00 -7.698024e-01 -3.190226e+00 1.844212e-01 -6.326063e-01 5.256039e-01 1.008293e+00 2.072130e-01 -8.817305e-02 -8.747378e-01 -6.730034e-01 -5.950601e-01 -1.804452e-01 -8.810608e-02 -3.471203e-01 1.436757e-01 -3.807144e-02 -9.151439e-02 6.291629e-02 -1.286696e-02 -1.960109e-01 4.331255e-02 1.278179e-01 -1.212174e-01 -2.151295e-02 1.158985e-01 2.346351e-01 5.174709e-01 2.247132e-01 -1.105119e-03
<VARIANCE> 39
 4.648960e+00 2.107048e+00 1.857228e+00 1.156963e+01 2.603042e+00 4.691673e+00 1.306249e+01 6.995584e+00 8.516809e+00 6.530370e+00 1.510172e+01 1.816018e+01 5.000000e-02 1.533823e-01 8.920097e-01 1.294178e+00 1.040074e+00 1.202148e+00 7.910776e-01 6.315466e-01 8.231846e-01 4.812319e-01 2.215216e-01 9.241877e-01 3.256379e-01 5.000000e-02 5.000000e-02 8.795495e-02 5.000000e-02 3.733831e-01 8.351162e-02 3.201772e-01 1.951933e-01 1.089106e-01 7.315820e-02 3.368554e-01 2.078393e-01 1.556173e-01 5.000000e-02
<GCONST> 5.483888e+01
<STATE> 35
<MEAN> 39
 -2.241126e+00 -1.013723e+01 -7.671584e+00 -8.832867e+00 -2.622100e+00 -2.756171e+00 5.065496e+00 -9.009843e-01 5.473333e-02 -6.660895e+00 -7.593655e-01 -3.377563e+00 1.253134e-01 -8.001691e-01 7.329757e-01 1.219567e+00 7.643676e-01 6.263474e-01 -1.794296e-01 -8.403223e-01 -5.097570e-01 -1.779695e-01 -1.099150e-01 8.332244e-01 5.064985e-01 -3.649968e-02 -3.041585e-02 -3.648200e-02 -5.691969e-02 1.156532e-01 2.536900e-01 1.285250e-01 5.054897e-02 8.595648e-02 1.692556e-01 3.321809e-01 4.120282e-01 7.943661e-02 1.714821e-03
<VARIANCE> 39
 2.400641e+00 1.131059e+01 4.196204e+00 3.477095e+00 5.990200e+00 1.351203e+01 7.129837e+00 4.713631e+00 4.030107e+00 1.761132e+01 1.704232e+01 5.726339e+00 5.000000e-02 3.260452e-01 3.499512e-01 9.440329e-01 1.092595e+00 6.749582e-01 5.487462e-01 4.273198e-01 6.045210e-01 3.442973e-01 1.027843e+00 1.665030e+00 5.180033e-01 5.000000e-02 5.000000e-02 2.807328e-01 1.622704e-01 5.000000e-02 1.693007e-01 2.926053e-01 6.199512e-02 1.457001e-01 1.201264e-01 1.869377e-01 1.807418e-01 8.934531e-02 5.000000e-02
<GCONST> 5.503588e+01
<STATE> 36
<MEAN> 39
 -3.474027e+00 -8.722152e+00 -4.732928e+00 -6.328845e+00 5.479908e-01 -3.818967e+00 3.337816e+00 -1.984113e+00 -4.447360e-01 -3.101329e+00 4.940790e+00 -1.481647e-01 7.864627e-02 -8.771977e-01 2.698726e-01 8.087230e-01 6.268802e-01 9.544973e-01 2.440763e-01 -2.875549e-01 -3.132845e-02 2.834511e-01 1.122520e+00 1.459771e+00 4.487770e-01 -3.280032e-02 9.969470e-02 -2.701469e-01 -4.938005e-01 -2.523134e-01 -2.047187e-01 1.904962e-01 2.080831e-01 1.676423e-01 1.893154e-01 -5.618457e-02 -5.120931e-01 -2.425648e-01 6.133212e-03
<VARIANCE> 39
 1.363354e+00 2.546949e+00 7.056093e+00 7.011029e+00 4.675951e+00 5.546696e+00 1.156804e+01 1.083321e+01 7.842008e+00 5.061895e+00 1.331880e+01 8.696015e+00 5.000000e-02 2.474326e-01 7.704529e-01 6.080495e-01 6.508139e-01 9.755772e-01 1.305124e+00 4.189912e-01 7.435321e-01 6.692520e-01 1.280372e+00 9.023001e-01 1.011021e+00 5.000000e-02 5.000000e-02 5.000000e-02 1.367189e-01 3.432983e-01 1.711786e-01 1.809697e-01 2.160300e-01 2.639994e-01 1.539734e-01 1.605670e-01 3.068742e-01 1.364317e-01 5.000000e-02
<GCONST> 5.833828e+01
<STATE> 37
<MEAN> 39
 -4.698890e+00 -8.640900e+00 -6.054920e+00 -6.762116e+00 1.308887e+00 -8.522022e-01 4.586717e+00 -1.521721e+00 -5.318992e-01 -3.741788e+00 3.086167e+00 -3.483196e+00 3.606312e-02 -6.206498e-01 -2.748168e-01 2.419344e-02 -4.203041e-02 -3.021248e-01 -3.172217e-01 -3.994806e-02 4.655170e-01 1.167340e+00 2.409463e-01 -8.435978e-01 2.791934e-01 -2.128287e-02 1.416128e-01 -2.344365e-01 -2.363600e-01 -1.676795e-01 -3.505472e-01 1.284491e-02 1.841691e-01 8.867319e-02 2.077472e-02 2.324827e-02 -3.238250e-01 1.083070e-01 4.103322e-03
<VARIANCE> 39
 1.128142e+00 7.825772e+00 6.098839e+00 2.178682e+00 1.274245e+01 4.575919e+00 5.934570e+00 1.134629e+01 5.367735e+00 1.057858e+01 2.525521e+01 3.652024e+00 5.000000e-02 1.843953e-01 8.643000e-02 4.012114e-01 1.134139e+00 7.582091e-01 1.029688e+00 7.037121e-01 1.591905e+00 8.268330e-01 9.320081e-01 1.410360e+00 7.497712e-01 5.000000e-02 5.000000e-02 7.202896e-02 7.031676e-02 1.346313e-01 1.698162e-01 2.128076e-01 1.083838e-01 9.073091e-02 1.720286e-01 1.620661e-01 1.948700e-01 1.368436e-01 5.000000e-02
<GCONST> 5.359570e+01
<STATE> 38
<MEAN> 39
 -4.904326e+00 -9.834220e+00 -6.522537e+00 -7.347552e+00 -1.492613e+00 -4.235741e+00 4.351193e+00 1.010295e+00 2.195712e+00 -3.316084e+00 2.320748e+00 -7.342337e-01 2.064937e-02 -2.933435e-01 -4.287188e-01 1.532918e-01 2.145471e-01 -3.730738e-02 2.019583e-01 7.388253e-02 -2.177930e-01 3.100811e-01 2.339440e-01 -4.732884e-01 5.545397e-02 -1.888298e-02 1.847704e-01 -9.602518e-03 9.230348e-02 2.396601e-01 2.244688e-01 1.407453e-01 -1.684442e-02 -4.066124e-01 -4.373075e-01 -8.582309e-02 7.367908e-02 -9.096360e-02 7.402758e-03
<VARIANCE> 39
 5.681701e-01 5.520101e-01 5.342696e+00 1.352268e+01 1.125478e+01 2.008298e+00 1.655335e+01 1.224937e+01 5.296772e+00 5.497426e+00 1.011587e+01 1.245428e+01 5.000000e-02 6.630791e-02 1.455503e-01 4.953367e-01 6.770163e-01 7.944506e-01 6.555680e-01 1.348659e+00 1.375332e+00 5.714760e-01 3.939104e-01 5.710193e-01 1.156704e+00 5.000000e-02 5.000000e-02 6.139608e-02 2.918878e-01 1.960458e-01 3.758732e-01 1.179294e-01 2.446623e-01 3.120062e-01 1.430774e-01 1.163819e-01 2.171306e-01 2.166065e-01 5.000000e-02
<GCONST> 5.328663e+01
<TRANSP> 39
 0.000000e+00 1.000000e+00 0.000000e+00 0.000000e+00 0.000000e+00 0.000000e+00 0.000000e+00 0.000000e+00 0.000000e+00 0.000000e+00 0.000000e+00 0.000000e+00 0.000000e+00 0.000000e+00 0.000000e+00 0.000000e+00 0.000000e+00 0.000000e+00 0.000000e+00 0.000000e+00 0.000000e+00 0.000000e+00 0.000000e+00 0.000000e+00 0.000000e+00 0.000000e+00 0.000000e+00 0.000000e+00 0.000000e+00 0.000000e+00 0.000000e+00 0.000000e+00 0.000000e+00 0.000000e+00 0.000000e+00 0.000000e+00 0.000000e+00 0.000000e+00 0.000000e+00
 0.000000e+00 5.000773e-01 4.999228e-01 0.000000e+00 0.000000e+00 0.000000e+00 0.000000e+00 0.000000e+00 0.000000e+00 0.000000e+00 0.000000e+00 0.000000e+00 0.000000e+00 0.000000e+00 0.000000e+00 0.000000e+00 0.000000e+00 0.000000e+00 0.000000e+00 0.000000e+00 0.000000e+00 0.000000e+00 0.000000e+00 0.000000e+00 0.000000e+00 0.000000e+00 0.000000e+00 0.000000e+00 0.000000e+00 0.000000e+00 0.000000e+00 0.000000e+00 0.000000e+00 0.000000e+00 0.000000e+00 0.000000e+00 0.000000e+00 0.000000e+00 0.000000e+00
 0.000000e+00 0.000000e+00 3.748833e-01 6.251168e-01 0.000000e+00 0.000000e+00 0.000000e+00 0.000000e+00 0.000000e+00 0.000000e+00 0.000000e+00 0.000000e+00 0.000000e+00 0.000000e+00 0.000000e+00 0.000000e+00 0.000000e+00 0.000000e+00 0.000000e+00 0.000000e+00 0.000000e+00 0.000000e+00 0.000000e+00 0.000000e+00 0.000000e+00 0.000000e+00 0.000000e+00 0.000000e+00 0.000000e+00 0.000000e+00 0.000000e+00 0.000000e+00 0.000000e+00 0.000000e+00 0.000000e+00 0.000000e+00 0.000000e+00 0.000000e+00 0.000000e+00
 0.000000e+00 0.000000e+00 0.000000e+00 1.666598e-01 8.333402e-01 0.000000e+00 0.000000e+00 0.000000e+00 0.000000e+00 0.000000e+00 0.000000e+00 0.000000e+00 0.000000e+00 0.000000e+00 0.000000e+00 0.000000e+00 0.000000e+00 0.000000e+00 0.000000e+00 0.000000e+00 0.000000e+00 0.000000e+00 0.000000e+00 0.000000e+00 0.000000e+00 0.000000e+00 0.000000e+00 0.000000e+00 0.000000e+00 0.000000e+00 0.000000e+00 0.000000e+00 0.000000e+00 0.000000e+00 0.000000e+00 0.000000e+00 0.000000e+00 0.000000e+00 0.000000e+00
 0.000000e+00 0.000000e+00 0.000000e+00 0.000000e+00 2.857156e-01 7.142845e-01 0.000000e+00 0.000000e+00 0.000000e+00 0.000000e+00 0.000000e+00 0.000000e+00 0.000000e+00 0.000000e+00 0.000000e+00 0.000000e+00 0.000000e+00 0.000000e+00 0.000000e+00 0.000000e+00 0.000000e+00 0.000000e+00 0.000000e+00 0.000000e+00 0.000000e+00 0.000000e+00 0.000000e+00 0.000000e+00 0.000000e+00 0.000000e+00 0.000000e+00 0.000000e+00 0.000000e+00 0.000000e+00 0.000000e+00 0.000000e+00 0.000000e+00 0.000000e+00 0.000000e+00
 0.000000e+00 0.000000e+00 0.000000e+00 0.000000e+00 0.000000e+00 1.666917e-01 8.333083e-01 0.000000e+00 0.000000e+00 0.000000e+00 0.000000e+00 0.000000e+00 0.000000e+00 0.000000e+00 0.000000e+00 0.000000e+00 0.000000e+00 0.000000e+00 0.000000e+00 0.000000e+00 0.000000e+00 0.000000e+00 0.000000e+00 0.000000e+00 0.000000e+00 0.000000e+00 0.000000e+00 0.000000e+00 0.000000e+00 0.000000e+00 0.000000e+00 0.000000e+00 0.000000e+00 0.000000e+00 0.000000e+00 0.000000e+00 0.000000e+00 0.000000e+00 0.000000e+00
 0.000000e+00 0.000000e+00 0.000000e+00 0.000000e+00 0.000000e+00 0.000000e+00 3.749708e-01 6.250292e-01 0.000000e+00 0.000000e+00 0.000000e+00 0.000000e+00 0.000000e+00 0.000000e+00 0.000000e+00 0.000000e+00 0.000000e+00 0.000000e+00 0.000000e+00 0.000000e+00 0.000000e+00 0.000000e+00 0.000000e+00 0.000000e+00 0.000000e+00 0.000000e+00 0.000000e+00 0.000000e+00 0.000000e+00 0.000000e+00 0.000000e+00 0.000000e+00 0.000000e+00 0.000000e+00 0.000000e+00 0.000000e+00 0.000000e+00 0.000000e+00 0.000000e+00
 0.000000e+00 0.000000e+00 0.000000e+00 0.000000e+00 0.000000e+00 0.000000e+00 0.000000e+00 4.444469e-01 5.555531e-01 0.000000e+00 0.000000e+00 0.000000e+00 0.000000e+00 0.000000e+00 0.000000e+00 0.000000e+00 0.000000e+00 0.000000e+00 0.000000e+00 0.000000e+00 0.000000e+00 0.000000e+00 0.000000e+00 0.000000e+00 0.000000e+00 0.000000e+00 0.000000e+00 0.000000e+00 0.000000e+00 0.000000e+00 0.000000e+00 0.000000e+00 0.000000e+00 0.000000e+00 0.000000e+00 0.000000e+00 0.000000e+00 0.000000e+00 0.000000e+00
 0.000000e+00 0.000000e+00 0.000000e+00 0.000000e+00 0.000000e+00 0.000000e+00 0.000000e+00 0.000000e+00 1.666791e-01 8.333209e-01 0.000000e+00 0.000000e+00 0.000000e+00 0.000000e+00 0.000000e+00 0.000000e+00 0.000000e+00 0.000000e+00 0.000000e+00 0.000000e+00 0.000000e+00 0.000000e+00 0.000000e+00 0.000000e+00 0.000000e+00 0.000000e+00 0.000000e+00 0.000000e+00 0.000000e+00 0.000000e+00 0.000000e+00 0.000000e+00 0.000000e+00 0.000000e+00 0.000000e+00 0.000000e+00 0.000000e+00 0.000000e+00 0.000000e+00
 0.000000e+00 0.000000e+00 0.000000e+00 0.000000e+00 0.000000e+00 0.000000e+00 0.000000e+00 0.000000e+00 0.000000e+00 1.666778e-01 8.333222e-01 0.000000e+00 0.000000e+00 0.000000e+00 0.000000e+00 0.000000e+00 0.000000e+00 0.000000e+00 0.000000e+00 0.000000e+00 0.000000e+00 0.000000e+00 0.000000e+00 0.000000e+00 0.000000e+00 0.000000e+00 0.000000e+00 0.000000e+00 0.000000e+00 0.000000e+00 0.000000e+00 0.000000e+00 0.000000e+00 0.000000e+00 0.000000e+00 0.000000e+00 0.000000e+00 0.000000e+00 0.000000e+00
 0.000000e+00 0.000000e+00 0.000000e+00 0.000000e+00 0.000000e+00 0.000000e+00 0.000000e+00 0.000000e+00 0.000000e+00 0.000000e+00 2.857164e-01 7.142835e-01 0.000000e+00 0.000000e+00 0.000000e+00 0.000000e+00 0.000000e+00 0.000000e+00 0.000000e+00 0.000000e+00 0.000000e+00 0.000000e+00 0.000000e+00 0.000000e+00 0.000000e+00 0.000000e+00 0.000000e+00 0.000000e+00 0.000000e+00 0.000000e+00 0.000000e+00 0.000000e+00 0.000000e+00 0.000000e+00 0.000000e+00 0.000000e+00 0.000000e+00 0.000000e+00 0.000000e+00
 0.000000e+00 0.000000e+00 0.000000e+00 0.000000e+00 0.000000e+00 0.000000e+00 0.000000e+00 0.000000e+00 0.000000e+00 0.000000e+00 0.000000e+00 5.185485e-01 4.814515e-01 0.000000e+00 0.000000e+00 0.000000e+00 0.000000e+00 0.000000e+00 0.000000e+00 0.000000e+00 0.000000e+00 0.000000e+00 0.000000e+00 0.000000e+00 0.000000e+00 0.000000e+00 0.000000e+00 0.000000e+00 0.000000e+00 0.000000e+00 0.000000e+00 0.000000e+00 0.000000e+00 0.000000e+00 0.000000e+00 0.000000e+00 0.000000e+00 0.000000e+00 0.000000e+00
 0.000000e+00 0.000000e+00 0.000000e+00 0.000000e+00 0.000000e+00 0.000000e+00 0.000000e+00 0.000000e+00 0.000000e+00 0.000000e+00 0.000000e+00 0.000000e+00 2.858653e-01 7.141346e-01 0.000000e+00 0.000000e+00 0.000000e+00 0.000000e+00 0.000000e+00 0.000000e+00 0.000000e+00 0.000000e+00 0.000000e+00 0.000000e+00 0.000000e+00 0.000000e+00 0.000000e+00 0.000000e+00 0.000000e+00 0.000000e+00 0.000000e+00 0.000000e+00 0.000000e+00 0.000000e+00 0.000000e+00 0.000000e+00 0.000000e+00 0.000000e+00 0.000000e+00
 0.000000e+00 0.000000e+00 0.000000e+00 0.000000e+00 0.000000e+00 0.000000e+00 0.000000e+00 0.000000e+00 0.000000e+00 0.000000e+00 0.000000e+00 0.000000e+00 0.000000e+00 0.000000e+00 1.000000e+00 0.000000e+00 0.000000e+00 0.000000e+00 0.000000e+00 0.000000e+00 0.000000e+00 0.000000e+00 0.000000e+00 0.000000e+00 0.000000e+00 0.000000e+00 0.000000e+00 0.000000e+00 0.000000e+00 0.000000e+00 0.000000e+00 0.000000e+00 0.000000e+00 0.000000e+00 0.000000e+00 0.000000e+00 0.000000e+00 0.000000e+00 0.000000e+00
 0.000000e+00 0.000000e+00 0.000000e+00 0.000000e+00 0.000000e+00 0.000000e+00 0.000000e+00 0.000000e+00 0.000000e+00 0.000000e+00 0.000000e+00 0.000000e+00 0.000000e+00 0.000000e+00 3.749845e-01 6.250156e-01 0.000000e+00 0.000000e+00 0.000000e+00 0.000000e+00 0.000000e+00 0.000000e+00 0.000000e+00 0.000000e+00 0.000000e+00 0.000000e+00 0.000000e+00 0.000000e+00 0.000000e+00 0.000000e+00 0.000000e+00 0.000000e+00 0.000000e+00 0.000000e+00 0.000000e+00 0.000000e+00 0.000000e+00 0.000000e+00 0.000000e+00
 0.000000e+00 0.000000e+00 0.000000e+00 0.000000e+00 0.000000e+00 0.000000e+00 0.000000e+00 0.000000e+00 0.000000e+00 0.000000e+00 0.000000e+00 0.000000e+00 0.000000e+00 0.000000e+00 0.000000e+00 1.668273e-01 8.331727e-01 0.000000e+00 0.000000e+00 0.000000e+00 0.000000e+00 0.000000e+00 0.000000e+00 0.000000e+00 0.000000e+00 0.000000e+00 0.000000e+00 0.000000e+00 0.000000e+00 0.000000e+00 0.000000e+00 0.000000e+00 0.000000e+00 0.000000e+00 0.000000e+00 0.000000e+00 0.000000e+00 0.000000e+00 0.000000e+00
 0.000000e+00 0.000000e+00 0.000000e+00 0.000000e+00 0.000000e+00 0.000000e+00 0.000000e+00 0.000000e+00 0.000000e+00 0.000000e+00 0.000000e+00 0.000000e+00 0.000000e+00 0.000000e+00 0.000000e+00 0.000000e+00 3.423801e-01 6.576200e-01 0.000000e+00 0.000000e+00 0.000000e+00 0.000000e+00 0.000000e+00 0.000000e+00 0.000000e+00 0.000000e+00 0.000000e+00 0.000000e+00 0.000000e+00 0.000000e+00 0.000000e+00 0.000000e+00 0.000000e+00 0.000000e+00 0.000000e+00 0.000000e+00 0.000000e+00 0.000000e+00 0.000000e+00
 0.000000e+00 0.000000e+00 0.000000e+00 0.000000e+00 0.000000e+00 0.000000e+00 0.000000e+00 0.000000e+00 0.000000e+00 0.000000e+00 0.000000e+00 0.000000e+00 0.000000e+00 0.000000e+00 0.000000e+00 0.000000e+00 0.000000e+00 2.866136e-01 7.133864e-01 0.000000e+00 0.000000e+00 0.000000e+00 0.000000e+00 0.000000e+00 0.000000e+00 0.000000e+00 0.000000e+00 0.000000e+00 0.000000e+00 0.000000e+00 0.000000e+00 0.000000e+00 0.000000e+00 0.000000e+00 0.000000e+00 0.000000e+00 0.000000e+00 0.000000e+00 0.000000e+00
 0.000000e+00 0.000000e+00 0.000000e+00 0.000000e+00 0.000000e+00 0.000000e+00 0.000000e+00 0.000000e+00 0.000000e+00 0.000000e+00 0.000000e+00 0.000000e+00 0.000000e+00 0.000000e+00 0.000000e+00 0.000000e+00 0.000000e+00 0.000000e+00 2.857302e-01 7.142698e-01 0.000000e+00 0.000000e+00 0.000000e+00 0.000000e+00 0.000000e+00 0.000000e+00 0.000000e+00 0.000000e+00 0.000000e+00 0.000000e+00 0.000000e+00 0.000000e+00 0.000000e+00 0.000000e+00 0.000000e+00 0.000000e+00 0.000000e+00 0.000000e+00 0.000000e+00
 0.000000e+00 0.000000e+00 0.000000e+00 0.000000e+00 0.000000e+00 0.000000e+00 0.000000e+00 0.000000e+00 0.000000e+00 0.000000e+00 0.000000e+00 0.000000e+00 0.000000e+00 0.000000e+00 0.000000e+00 0.000000e+00 0.000000e+00 0.000000e+00 0.000000e+00 4.999947e-01 5.000054e-01 0.000000e+00 0.000000e+00 0.000000e+00 0.000000e+00 0.000000e+00 0.000000e+00 0.000000e+00 0.000000e+00 0.000000e+00 0.000000e+00 0.000000e+00 0.000000e+00 0.000000e+00 0.000000e+00 0.000000e+00 0.000000e+00 0.000000e+00 0.000000e+00
 0.000000e+00 0.000000e+00 0.000000e+00 0.000000e+00 0.000000e+00 0.000000e+00 0.000000e+00 0.000000e+00 0.000000e+00 0.000000e+00 0.000000e+00 0.000000e+00 0.000000e+00 0.000000e+00 0.000000e+00 0.000000e+00 0.000000e+00 0.000000e+00 0.000000e+00 0.000000e+00 1.666711e-01 8.333290e-01 0.000000e+00 0.000000e+00 0.000000e+00 0.000000e+00 0.000000e+00 0.000000e+00 0.000000e+00 0.000000e+00 0.000000e+00 0.000000e+00 0.000000e+00 0.000000e+00 0.000000e+00 0.000000e+00 0.000000e+00 0.000000e+00 0.000000e+00
 0.000000e+00 0.000000e+00 0.000000e+00 0.000000e+00 0.000000e+00 0.000000e+00 0.000000e+00 0.000000e+00 0.000000e+00 0.000000e+00 0.000000e+00 0.000000e+00 0.000000e+00 0.000000e+00 0.000000e+00 0.000000e+00 0.000000e+00 0.000000e+00 0.000000e+00 0.000000e+00 0.000000e+00 0.000000e+00 1.000000e+00 0.000000e+00 0.000000e+00 0.000000e+00 0.000000e+00 0.000000e+00 0.000000e+00 0.000000e+00 0.000000e+00 0.000000e+00 0.000000e+00 0.000000e+00 0.000000e+00 0.000000e+00 0.000000e+00 0.000000e+00 0.000000e+00
 0.000000e+00 0.000000e+00 0.000000e+00 0.000000e+00 0.000000e+00 0.000000e+00 0.000000e+00 0.000000e+00 0.000000e+00 0.000000e+00 0.000000e+00 0.000000e+00 0.000000e+00 0.000000e+00 0.000000e+00 0.000000e+00 0.000000e+00 0.000000e+00 0.000000e+00 0.000000e+00 0.000000e+00 0.000000e+00 3.748877e-01 6.251122e-01 0.000000e+00 0.000000e+00 0.000000e+00 0.000000e+00 0.000000e+00 0.000000e+00 0.000000e+00 0.000000e+00 0.000000e+00 0.000000e+00 0.000000e+00 0.000000e+00 0.000000e+00 0.000000e+00 0.000000e+00
 0.000000e+00 0.000000e+00 0.000000e+00 0.000000e+00 0.000000e+00 0.000000e+00 0.000000e+00 0.000000e+00 0.000000e+00 0.000000e+00 0.000000e+00 0.000000e+00 0.000000e+00 0.000000e+00 0.000000e+00 0.000000e+00 0.000000e+00 0.000000e+00 0.000000e+00 0.000000e+00 0.000000e+00 0.000000e+00 0.000000e+00 1.669014e-01 8.330986e-01 0.000000e+00 0.000000e+00 0.000000e+00 0.000000e+00 0.000000e+00 0.000000e+00 0.000000e+00 0.000000e+00 0.000000e+00 0.000000e+00 0.000000e+00 0.000000e+00 0.000000e+00 0.000000e+00
 0.000000e+00 0.000000e+00 0.000000e+00 0.000000e+00 0.000000e+00 0.000000e+00 0.000000e+00 0.000000e+00 0.000000e+00 0.000000e+00 0.000000e+00 0.000000e+00 0.000000e+00 0.000000e+00 0.000000e+00 0.000000e+00 0.000000e+00 0.000000e+00 0.000000e+00 0.000000e+00 0.000000e+00 0.000000e+00 0.000000e+00 0.000000e+00 3.749944e-01 6.250056e-01 0.000000e+00 0.000000e+00 0.000000e+00 0.000000e+00 0.000000e+00 0.000000e+00 0.000000e+00 0.000000e+00 0.000000e+00 0.000000e+00 0.000000e+00 0.000000e+00 0.000000e+00
 0.000000e+00 0.000000e+00 0.000000e+00 0.000000e+00 0.000000e+00 0.000000e+00 0.000000e+00 0.000000e+00 0.000000e+00 0.000000e+00 0.000000e+00 0.000000e+00 0.000000e+00 0.000000e+00 0.000000e+00 0.000000e+00 0.000000e+00 0.000000e+00 0.000000e+00 0.000000e+00 0.000000e+00 0.000000e+00 0.000000e+00 0.000000e+00 0.000000e+00 3.750234e-01 6.249766e-01 0.000000e+00 0.000000e+00 0.000000e+00 0.000000e+00 0.000000e+00 0.000000e+00 0.000000e+00 0.000000e+00 0.000000e+00 0.000000e+00 0.000000e+00 0.000000e+00
 0.000000e+00 0.000000e+00 0.000000e+00 0.000000e+00 0.000000e+00 0.000000e+00 0.000000e+00 0.000000e+00 0.000000e+00 0.000000e+00 0.000000e+00 0.000000e+00 0.000000e+00 0.000000e+00 0.000000e+00 0.000000e+00 0.000000e+00 0.000000e+00 0.000000e+00 0.000000e+00 0.000000e+00 0.000000e+00 0.000000e+00 0.000000e+00 0.000000e+00 0.000000e+00 2.857020e-01 7.142981e-01 0.000000e+00 0.000000e+00 0.000000e+00 0.000000e+00 0.000000e+00 0.000000e+00 0.000000e+00 0.000000e+00 0.000000e+00 0.000000e+00 0.000000e+00
 0.000000e+00 0.000000e+00 0.000000e+00 0.000000e+00 0.000000e+00 0.000000e+00 0.000000e+00 0.000000e+00 0.000000e+00 0.000000e+00 0.000000e+00 0.000000e+00 0.000000e+00 0.000000e+00 0.000000e+00 0.000000e+00 0.000000e+00 0.000000e+00 0.000000e+00 0.000000e+00 0.000000e+00 0.000000e+00 0.000000e+00 0.000000e+00 0.000000e+00 0.000000e+00 0.000000e+00 2.857103e-01 7.142897e-01 0.000000e+00 0.000000e+00 0.000000e+00 0.000000e+00 0.000000e+00 0.000000e+00 0.000000e+00 0.000000e+00 0.000000e+00 0.000000e+00
 0.000000e+00 0.000000e+00 0.000000e+00 0.000000e+00 0.000000e+00 0.000000e+00 0.000000e+00 0.000000e+00 0.000000e+00 0.000000e+00 0.000000e+00 0.000000e+00 0.000000e+00 0.000000e+00 0.000000e+00 0.000000e+00 0.000000e+00 0.000000e+00 0.000000e+00 0.000000e+00 0.000000e+00 0.000000e+00 0.000000e+00 0.000000e+00 0.000000e+00 0.000000e+00 0.000000e+00 0.000000e+00 1.666451e-01 8.333549e-01 0.000000e+00 0.000000e+00 0.000000e+00 0.000000e+00 0.000000e+00 0.000000e+00 0.000000e+00 0.000000e+00 0.000000e+00
 0.000000e+00 0.000000e+00 0.000000e+00 0.000000e+00 0.000000e+00 0.000000e+00 0.000000e+00 0.000000e+00 0.000000e+00 0.000000e+00 0.000000e+00 0.000000e+00 0.000000e+00 0.000000e+00 0.000000e+00 0.000000e+00 0.000000e+00 0.000000e+00 0.000000e+00 0.000000e+00 0.000000e+00 0.000000e+00 0.000000e+00 0.000000e+00 0.000000e+00 0.000000e+00 0.000000e+00 0.000000e+00 0.000000e+00 2.859064e-01 7.140936e-01 0.000000e+00 0.000000e+00 0.000000e+00 0.000000e+00 0.000000e+00 0.000000e+00 0.000000e+00 0.000000e+00
 0.000000e+00 0.000000e+00 0.000000e+00 0.000000e+00 0.000000e+00 0.000000e+00 0.000000e+00 0.000000e+00 0.000000e+00 0.000000e+00 0.000000e+00 0.000000e+00 0.000000e+00 0.000000e+00 0.000000e+00 0.000000e+00 0.000000e+00 0.000000e+00 0.000000e+00 0.000000e+00 0.000000e+00 0.000000e+00 0.000000e+00 0.000000e+00 0.000000e+00 0.000000e+00 0.000000e+00 0.000000e+00 0.000000e+00 0.000000e+00 2.855853e-01 7.144147e-01 0.000000e+00 0.000000e+00 0.000000e+00 0.000000e+00 0.000000e+00 0.000000e+00 0.000000e+00
 0.000000e+00 0.000000e+00 0.000000e+00 0.000000e+00 0.000000e+00 0.000000e+00 0.000000e+00 0.000000e+00 0.000000e+00 0.000000e+00 0.000000e+00 0.000000e+00 0.000000e+00 0.000000e+00 0.000000e+00 0.000000e+00 0.000000e+00 0.000000e+00 0.000000e+00 0.000000e+00 0.000000e+00 0.000000e+00 0.000000e+00 0.000000e+00 0.000000e+00 0.000000e+00 0.000000e+00 0.000000e+00 0.000000e+00 0.000000e+00 0.000000e+00 3.749493e-01 6.250507e-01 0.000000e+00 0.000000e+00 0.000000e+00 0.000000e+00 0.000000e+00 0.000000e+00
 0.000000e+00 0.000000e+00 0.000000e+00 0.000000e+00 0.000000e+00 0.000000e+00 0.000000e+00 0.000000e+00 0.000000e+00 0.000000e+00 0.000000e+00 0.000000e+00 0.000000e+00 0.000000e+00 0.000000e+00 0.000000e+00 0.000000e+00 0.000000e+00 0.000000e+00 0.000000e+00 0.000000e+00 0.000000e+00 0.000000e+00 0.000000e+00 0.000000e+00 0.000000e+00 0.000000e+00 0.000000e+00 0.000000e+00 0.000000e+00 0.000000e+00 0.000000e+00 3.750103e-01 6.249897e-01 0.000000e+00 0.000000e+00 0.000000e+00 0.000000e+00 0.000000e+00
 0.000000e+00 0.000000e+00 0.000000e+00 0.000000e+00 0.000000e+00 0.000000e+00 0.000000e+00 0.000000e+00 0.000000e+00 0.000000e+00 0.000000e+00 0.000000e+00 0.000000e+00 0.000000e+00 0.000000e+00 0.000000e+00 0.000000e+00 0.000000e+00 0.000000e+00 0.000000e+00 0.000000e+00 0.000000e+00 0.000000e+00 0.000000e+00 0.000000e+00 0.000000e+00 0.000000e+00 0.000000e+00 0.000000e+00 0.000000e+00 0.000000e+00 0.000000e+00 0.000000e+00 1.666575e-01 8.333425e-01 0.000000e+00 0.000000e+00 0.000000e+00 0.000000e+00
 0.000000e+00 0.000000e+00 0.000000e+00 0.000000e+00 0.000000e+00 0.000000e+00 0.000000e+00 0.000000e+00 0.000000e+00 0.000000e+00 0.000000e+00 0.000000e+00 0.000000e+00 0.000000e+00 0.000000e+00 0.000000e+00 0.000000e+00 0.000000e+00 0.000000e+00 0.000000e+00 0.000000e+00 0.000000e+00 0.000000e+00 0.000000e+00 0.000000e+00 0.000000e+00 0.000000e+00 0.000000e+00 0.000000e+00 0.000000e+00 0.000000e+00 0.000000e+00 0.000000e+00 0.000000e+00 2.835458e-01 7.164543e-01 0.000000e+00 0.000000e+00 0.000000e+00
 0.000000e+00 0.000000e+00 0.000000e+00 0.000000e+00 0.000000e+00 0.000000e+00 0.000000e+00 0.000000e+00 0.000000e+00 0.000000e+00 0.000000e+00 0.000000e+00 0.000000e+00 0.000000e+00 0.000000e+00 0.000000e+00 0.000000e+00 0.000000e+00 0.000000e+00 0.000000e+00 0.000000e+00 0.000000e+00 0.000000e+00 0.000000e+00 0.000000e+00 0.000000e+00 0.000000e+00 0.000000e+00 0.000000e+00 0.000000e+00 0.000000e+00 0.000000e+00 0.000000e+00 0.000000e+00 0.000000e+00 2.878809e-01 7.121191e-01 0.000000e+00 0.000000e+00
 0.000000e+00 0.000000e+00 0.000000e+00 0.000000e+00 0.000000e+00 0.000000e+00 0.000000e+00 0.000000e+00 0.000000e+00 0.000000e+00 0.000000e+00 0.000000e+00 0.000000e+00 0.000000e+00 0.000000e+00 0.000000e+00 0.000000e+00 0.000000e+00 0.000000e+00 0.000000e+00 0.000000e+00 0.000000e+00 0.000000e+00 0.000000e+00 0.000000e+00 0.000000e+00 0.000000e+00 0.000000e+00 0.000000e+00 0.000000e+00 0.000000e+00 0.000000e+00 0.000000e+00 0.000000e+00 0.000000e+00 0.000000e+00 1.666730e-01 8.333271e-01 0.000000e+00
 0.000000e+00 0.000000e+00 0.000000e+00 0.000000e+00 0.000000e+00 0.000000e+00 0.000000e+00 0.000000e+00 0.000000e+00 0.000000e+00 0.000000e+00 0.000000e+00 0.000000e+00 0.000000e+00 0.000000e+00 0.000000e+00 0.000000e+00 0.000000e+00 0.000000e+00 0.000000e+00 0.000000e+00 0.000000e+00 0.000000e+00 0.000000e+00 0.000000e+00 0.000000e+00 0.000000e+00 0.000000e+00 0.000000e+00 0.000000e+00 0.000000e+00 0.000000e+00 0.000000e+00 0.000000e+00 0.000000e+00 0.000000e+00 0.000000e+00 1.666483e-01 8.333517e-01
 0.000000e+00 0.000000e+00 0.000000e+00 0.000000e+00 0.000000e+00 0.000000e+00 0.000000e+00 0.000000e+00 0.000000e+00 0.000000e+00 0.000000e+00 0.000000e+00 0.000000e+00 0.000000e+00 0.000000e+00 0.000000e+00 0.000000e+00 0.000000e+00 0.000000e+00 0.000000e+00 0.000000e+00 0.000000e+00 0.000000e+00 0.000000e+00 0.000000e+00 0.000000e+00 0.000000e+00 0.000000e+00 0.000000e+00 0.000000e+00 0.000000e+00 0.000000e+00 0.000000e+00 0.000000e+00 0.000000e+00 0.000000e+00 0.000000e+00 0.000000e+00 0.000000e+00
<ENDHMM>
