~o
<STREAMINFO> 1 13
<VECSIZE> 13<NULLD><MFCC_E><DIAGC>
~h "Muc"
<BEGINHMM>
<NUMSTATES> 38
<STATE> 2
<MEAN> 13
 -5.551635e+00 -8.931336e+00 -6.603383e-01 -7.420822e-01 7.561133e-02 -5.590924e+00 8.717381e-01 -4.457733e-01 8.549436e-01 -4.140212e+00 1.275548e+00 -6.863992e-01 3.572493e-02
<VARIANCE> 13
 2.412885e+00 5.733643e-01 1.608959e+00 4.451098e+00 5.111880e+00 4.340084e+00 7.100410e+00 1.107669e+01 1.283499e+01 1.643988e+01 7.016515e+00 3.957803e+00 5.000000e-02
<GCONST> 3.933029e+01
<STATE> 3
<MEAN> 13
 -6.016756e+00 -8.360769e+00 8.550200e-01 -6.717040e-01 2.890470e+00 -2.699059e+00 1.133172e+00 -1.449046e+00 -8.825135e-01 -3.278347e+00 2.879996e+00 -1.982702e+00 5.098180e-02
<VARIANCE> 13
 5.454081e+00 3.464399e+00 2.312407e+00 1.412642e+00 6.636004e+00 4.342756e+00 7.514779e+00 1.008578e+00 2.048467e+01 1.249574e+01 6.367827e+00 1.084936e+01 5.000000e-02
<GCONST> 4.018618e+01
<STATE> 4
<MEAN> 13
 -2.742050e+00 -6.958274e+00 -2.157182e+00 -5.193230e+00 -2.044394e+00 -6.446265e+00 -2.795451e+00 -3.817902e+00 -1.540560e+00 -2.791145e+00 1.536448e+00 -3.115502e+00 1.548566e-01
<VARIANCE> 13
 1.458382e+01 1.657700e+00 5.583049e+00 1.636207e+01 2.468734e+01 8.981009e+00 2.836032e+00 6.811810e+00 1.995767e+01 7.626646e+00 6.923078e+00 9.553076e+00 5.000000e-02
<GCONST> 4.617617e+01
<STATE> 5
<MEAN> 13
 3.020473e-02 -6.827231e+00 -3.632148e+00 -8.837358e+00 -5.647421e+00 -7.745230e+00 -4.788586e+00 -8.029081e+00 -2.400047e+00 -5.274227e+00 -1.981958e+00 -4.676720e+00 3.065563e-01
<VARIANCE> 13
 2.275011e+01 5.083178e+00 1.500706e+01 1.614038e+01 2.203541e+01 9.786633e+00 7.012637e+00 1.921317e+01 1.108541e+01 1.004110e+01 4.084556e+00 1.251814e+01 5.000000e-02
<GCONST> 5.006070e+01
<STATE> 6
<MEAN> 13
 3.990475e+00 -5.359825e+00 -4.807025e+00 -1.064642e+01 -6.192806e+00 -9.989812e+00 -7.268787e+00 -7.880415e+00 -4.229251e+00 -4.940205e+00 -1.104560e+00 -8.218606e+00 4.873623e-01
<VARIANCE> 13
 1.287992e+01 1.107605e+01 9.081257e+00 5.979231e+00 2.295291e+01 2.362463e+01 5.200468e+00 2.646726e+01 2.764613e+01 8.490803e+00 6.943078e+00 2.579763e+01 5.000000e-02
<GCONST> 5.171852e+01
<STATE> 7
<MEAN> 13
 7.391665e+00 -4.620289e+00 -6.673865e+00 -1.003418e+01 -9.447675e+00 -1.235703e+01 -7.757164e+00 -8.532269e+00 -3.365010e+00 -5.412454e+00 -4.152345e+00 -8.323642e+00 5.920492e-01
<VARIANCE> 13
 1.148879e+01 8.281044e+00 1.050323e+01 3.172565e+00 1.677538e+01 1.493541e+01 4.921561e+00 1.061545e+01 2.852236e+01 1.052777e+01 5.976840e+00 2.074477e+01 5.000000e-02
<GCONST> 4.896271e+01
<STATE> 8
<MEAN> 13
 8.642556e+00 -5.964176e+00 -7.726233e+00 -1.347808e+01 -9.973804e+00 -1.079026e+01 -1.026295e+01 -1.118863e+01 -3.066151e+00 -6.581645e+00 -6.612820e+00 -9.081502e+00 6.504990e-01
<VARIANCE> 13
 8.584057e+00 7.643476e+00 1.055379e+01 1.685501e+01 1.650719e+01 2.017253e+01 2.443797e+01 1.062353e+01 2.069767e+01 4.394575e+00 4.605624e+00 2.018817e+01 5.000000e-02
<GCONST> 5.067165e+01
<STATE> 9
<MEAN> 13
 9.115727e+00 -5.826088e+00 -1.084919e+01 -1.204126e+01 -1.078481e+01 -7.859682e+00 -8.494980e+00 -7.510581e+00 -4.165917e+00 -7.430888e+00 -6.176356e+00 -6.199986e+00 7.127831e-01
<VARIANCE> 13
 7.349114e+00 1.050718e+01 2.920382e+01 7.939639e+00 7.466755e+00 4.002101e+01 2.771492e+01 7.678017e+00 3.327811e+01 7.124318e-01 4.491439e+00 1.358021e+01 5.000000e-02
<GCONST> 4.902629e+01
<STATE> 10
<MEAN> 13
 7.240864e+00 -7.916985e+00 -1.616399e+01 -1.446349e+01 -4.854438e+00 -2.926594e-01 -6.083744e+00 -1.612620e+00 -4.317420e+00 -5.914532e+00 -5.924308e+00 -4.339195e+00 8.201644e-01
<VARIANCE> 13
 6.338694e+00 8.209794e+00 7.639509e+01 2.521143e+01 3.945135e+01 1.219548e+02 5.725256e+01 1.409773e+01 2.117275e+01 3.942148e+01 4.805491e+00 9.159530e+00 5.000000e-02
<GCONST> 5.809568e+01
<STATE> 11
<MEAN> 13
 3.696916e+00 -1.040330e+01 -2.353020e+01 -1.986627e+01 -2.799005e+00 6.495106e+00 -1.544035e+00 -3.506465e+00 -1.033359e+01 -6.305462e+00 -4.607170e+00 -5.826030e+00 9.045882e-01
<VARIANCE> 13
 3.606539e+01 9.587137e+00 4.664235e+01 4.574429e+01 5.614727e+01 9.609519e+01 4.272787e+01 1.041677e+01 8.773411e+00 9.049470e+00 6.772665e+00 4.099112e+01 5.000000e-02
<GCONST> 5.910027e+01
<STATE> 12
<MEAN> 13
 9.388675e-02 -1.060082e+01 -2.937458e+01 -2.054844e+01 3.212707e+00 1.071274e+01 -1.283025e-01 -9.518256e-01 -9.035937e+00 -3.382459e+00 -3.934478e+00 -6.627816e+00 9.572574e-01
<VARIANCE> 13
 3.108485e+01 8.267336e+00 2.787014e+01 6.869814e+01 1.762177e+01 8.114300e+00 5.180787e+01 5.154617e+00 9.113882e-02 6.060296e+00 2.198056e+01 2.986913e+01 5.000000e-02
<GCONST> 5.044654e+01
<STATE> 13
<MEAN> 13
 3.850690e-01 -9.616196e+00 -2.927710e+01 -1.987678e+01 4.973592e+00 1.016976e+01 2.136628e+00 1.984872e-02 -1.107081e+01 -2.760235e+00 -1.794523e+00 -1.007591e+01 9.718026e-01
<VARIANCE> 13
 1.730491e+01 9.926661e+00 3.840571e+01 5.241525e+01 1.756799e+00 9.111687e+00 2.204970e+01 5.138906e+00 9.215004e+00 1.928457e+01 2.354394e+01 5.212005e+01 5.000000e-02
<GCONST> 5.344603e+01
<STATE> 14
<MEAN> 13
 -2.293296e+00 -8.525542e+00 -2.224207e+01 -2.825768e+01 3.425415e+00 6.578405e+00 9.424623e-01 1.512260e+00 -6.960431e+00 -4.379802e+00 -2.677155e+00 -3.742672e+00 9.861320e-01
<VARIANCE> 13
 1.619848e+01 8.667510e+00 2.728913e+01 3.158081e+01 1.909381e+01 1.060730e+01 2.989327e+01 8.014313e+00 9.439667e+00 1.144683e+01 1.308284e+01 4.369403e+01 5.000000e-02
<GCONST> 5.442112e+01
<STATE> 15
<MEAN> 13
 -4.592849e-01 -8.966889e+00 -2.350529e+01 -2.745581e+01 3.276319e-01 3.622302e+00 4.883945e+00 5.395477e+00 -5.139351e+00 -3.235351e+00 -5.849788e-01 -1.177134e+00 9.863200e-01
<VARIANCE> 13
 2.550400e+01 1.856263e+01 3.745488e+01 2.970050e+01 4.332421e+01 1.680975e+01 2.349561e+01 2.244036e+01 8.171909e+00 1.519898e+01 1.741066e+01 3.161251e+01 5.000000e-02
<GCONST> 5.806187e+01
<STATE> 16
<MEAN> 13
 8.445691e-01 -9.510180e+00 -2.076104e+01 -2.757222e+01 -1.822480e+00 1.315037e-01 4.361043e+00 9.522042e+00 -4.558549e+00 -1.285098e+00 -3.152673e+00 5.480397e-01 9.710875e-01
<VARIANCE> 13
 1.366560e+01 1.697381e+01 6.441141e+01 4.050020e+01 4.263637e+01 3.149764e+01 2.666706e+01 6.015224e+01 4.121204e+00 7.809161e+00 6.136236e+01 4.943616e+01 5.000000e-02
<GCONST> 6.028167e+01
<STATE> 17
<MEAN> 13
 1.750871e+00 -1.008124e+01 -1.968030e+01 -2.512698e+01 -6.102158e+00 -1.191922e+00 9.033107e-01 1.166594e+01 -6.314569e+00 -2.339278e+00 -3.478867e+00 -2.090892e-01 9.335467e-01
<VARIANCE> 13
 6.755443e+00 9.290371e+00 5.404144e+01 1.970232e+01 3.696595e+01 1.467364e+01 4.759850e+00 5.343778e+01 9.778228e+00 5.197759e+00 5.331972e+01 1.680359e+01 5.000000e-02
<GCONST> 5.456756e+01
<STATE> 18
<MEAN> 13
 4.661639e+00 -1.290580e+01 -1.642592e+01 -2.158860e+01 -7.479210e+00 -1.799593e+00 4.143787e-01 4.606018e+00 -5.325832e+00 -2.980558e+00 -6.098473e+00 -1.765709e-01 8.429184e-01
<VARIANCE> 13
 8.421644e+00 6.809371e+00 5.128788e+01 2.338881e+01 3.182734e+01 7.004255e+00 1.566202e+01 8.684646e+01 4.034362e+00 7.352772e+00 3.215482e+01 1.469480e+01 5.000000e-02
<GCONST> 5.420570e+01
<STATE> 19
<MEAN> 13
 6.780770e+00 -1.367448e+01 -1.244747e+01 -1.573350e+01 -7.605934e+00 -2.382153e+00 -1.180523e+00 1.461267e+00 -5.176249e+00 -2.965323e+00 -2.417431e+00 -6.087167e-01 7.016186e-01
<VARIANCE> 13
 5.676568e+00 1.095359e+01 3.890778e+01 5.450413e+01 3.540102e+01 2.047345e+01 1.494717e+01 1.288161e+02 2.833897e+01 1.556637e+01 1.876819e+01 1.842365e+01 5.000000e-02
<GCONST> 5.877009e+01
<STATE> 20
<MEAN> 13
 5.543051e+00 -1.369042e+01 -1.540257e+01 -1.449001e+01 -3.886499e+00 -2.515385e+00 1.149133e+00 3.649216e-01 -5.102232e-01 -5.181299e+00 -2.861035e+00 -1.200056e+00 6.239938e-01
<VARIANCE> 13
 5.657590e+00 5.846991e+00 6.569407e+00 8.626165e+00 3.232367e+01 2.157195e+01 2.661893e+00 4.985024e+01 2.708483e+01 1.322409e+01 2.744012e+01 2.727262e+01 5.000000e-02
<GCONST> 5.236697e+01
<STATE> 21
<MEAN> 13
 6.256979e+00 -1.253046e+01 -1.618161e+01 -1.354322e+01 -2.762943e+00 -1.757263e+00 1.879573e+00 -2.907705e+00 -1.847518e+00 -5.484369e+00 -1.401077e+00 -3.905364e+00 5.470806e-01
<VARIANCE> 13
 5.764621e+00 3.756880e+00 1.026163e+01 6.506994e+00 6.196267e+00 1.854958e+01 5.366973e+00 1.195653e+01 2.355639e+01 2.984643e+01 2.772489e+01 3.020639e+01 5.000000e-02
<GCONST> 5.036507e+01
<STATE> 22
<MEAN> 13
 5.413391e+00 -1.152334e+01 -1.644086e+01 -1.337382e+01 -1.123119e+00 -6.170846e-01 5.095096e+00 -4.316784e+00 -4.208945e+00 -5.245245e+00 -2.219946e+00 -2.188866e+00 5.069321e-01
<VARIANCE> 13
 5.154841e+00 6.427856e+00 7.102993e+00 1.936652e+01 1.189984e+01 8.463745e+00 3.917171e+00 1.767072e+01 2.158249e+01 2.142847e+01 5.958787e+00 4.964530e+00 5.000000e-02
<GCONST> 4.769470e+01
<STATE> 23
<MEAN> 13
 4.388465e+00 -1.255252e+01 -1.680484e+01 -1.317482e+01 -2.574751e+00 2.259936e-01 5.945593e+00 -3.732296e+00 -2.065207e+00 -4.616354e+00 2.594909e+00 -2.812888e+00 4.803444e-01
<VARIANCE> 13
 3.010504e+00 5.610893e+00 9.504813e+00 1.061484e+01 3.439047e+00 9.918017e+00 1.236858e+01 1.361477e+01 1.185189e+01 1.316458e+01 3.856401e+00 1.056860e+01 5.000000e-02
<GCONST> 4.575105e+01
<STATE> 24
<MEAN> 13
 3.696536e+00 -1.182524e+01 -1.664177e+01 -1.339653e+01 -1.639938e+00 1.696469e+00 6.418893e+00 -6.878108e-01 1.089046e-01 -8.257420e-01 3.043715e+00 -1.297608e+00 4.471644e-01
<VARIANCE> 13
 1.082675e+00 1.243111e+00 5.587554e+00 1.512394e+01 6.393931e+00 5.076931e+00 1.100977e+01 7.842652e+00 2.255339e+00 2.725815e+00 1.706722e+01 5.419342e+00 5.000000e-02
<GCONST> 3.991216e+01
<STATE> 25
<MEAN> 13
 3.054410e+00 -1.292955e+01 -1.759463e+01 -1.429299e+01 -1.259976e+00 -1.467071e+00 5.185081e+00 -6.106606e-01 1.369406e+00 -6.210045e-01 2.708893e+00 -3.819480e+00 4.331109e-01
<VARIANCE> 13
 7.785611e-01 3.075544e+00 4.309186e+00 7.175574e+00 5.331039e+00 6.749222e+00 1.109194e+01 9.505532e+00 1.709103e+01 1.834736e+01 1.256543e+01 1.330354e+01 5.000000e-02
<GCONST> 4.430936e+01
<STATE> 26
<MEAN> 13
 3.620770e+00 -1.182103e+01 -1.533743e+01 -1.358029e+01 -1.032146e+00 -1.820408e-01 4.949439e+00 -3.092448e+00 -3.574373e+00 -5.482173e+00 2.951164e-01 -3.984948e+00 4.299870e-01
<VARIANCE> 13
 1.156693e+00 9.582205e-01 4.129809e+00 7.261615e+00 2.314508e+01 1.031104e+01 1.025756e+01 1.599451e+01 2.040406e+01 9.787632e+00 8.782673e+00 9.134726e+00 5.000000e-02
<GCONST> 4.465737e+01
<STATE> 27
<MEAN> 13
 2.927130e+00 -1.246937e+01 -1.281234e+01 -1.226263e+01 -4.256415e-02 -6.189671e-01 1.175904e+00 -4.453442e+00 -1.820506e+00 -3.772513e+00 1.371938e+00 -3.176272e+00 3.974360e-01
<VARIANCE> 13
 4.824371e+00 1.856030e+00 9.650882e+00 9.292500e+00 1.464948e+01 2.206441e+01 1.001179e+01 5.238747e+00 9.573795e+00 1.330781e+01 3.799912e+00 1.455740e+01 5.000000e-02
<GCONST> 4.618373e+01
<STATE> 28
<MEAN> 13
 1.858383e+00 -1.207461e+01 -1.306108e+01 -1.124497e+01 -1.550313e-02 -7.806723e-02 3.708909e+00 -3.987258e+00 -1.974056e+00 -4.269799e+00 3.435758e+00 -1.718320e+00 3.416571e-01
<VARIANCE> 13
 1.344788e+01 2.351438e+00 1.746576e+00 2.851254e+00 6.662214e+00 1.188286e+01 1.000607e+01 8.151710e+00 6.764788e+00 2.723072e+01 2.424660e+00 1.953721e+00 5.000000e-02
<GCONST> 4.150041e+01
<STATE> 29
<MEAN> 13
 1.193651e+00 -1.219321e+01 -1.225293e+01 -1.108022e+01 -1.210453e+00 -1.307919e+00 5.308366e+00 -2.638669e+00 -2.096143e+00 -3.807393e+00 2.624392e+00 -1.287229e+00 3.362305e-01
<VARIANCE> 13
 1.267183e+01 8.986634e+00 7.914868e+00 4.358381e+00 6.688955e+00 7.912000e+00 1.179543e+01 8.861687e+00 1.043573e+01 2.547807e+00 3.232002e+00 1.194291e+01 5.000000e-02
<GCONST> 4.472463e+01
<STATE> 30
<MEAN> 13
 7.975932e-01 -1.370921e+01 -1.524993e+01 -1.120818e+01 1.403894e+00 7.828607e-01 6.605472e+00 -8.355702e-01 -3.423079e+00 -5.122159e+00 -5.547712e-02 -1.864491e+00 3.473767e-01
<VARIANCE> 13
 2.313118e+00 4.705304e+00 3.736687e+00 6.899728e+00 1.078480e+01 1.048519e+01 6.703826e+00 1.269458e+01 8.895142e+00 4.612820e+00 7.175223e+00 3.352347e+00 5.000000e-02
<GCONST> 4.260023e+01
<STATE> 31
<MEAN> 13
 8.414611e-01 -1.329574e+01 -1.529380e+01 -1.124389e+01 4.276121e-01 7.998216e-01 8.244560e+00 1.003144e-01 -1.896898e+00 -3.889510e+00 2.543847e+00 -1.148149e+00 3.380667e-01
<VARIANCE> 13
 3.049214e+00 2.459489e+00 9.141272e-01 1.381172e+00 2.745436e+00 7.992290e+00 1.458519e+01 2.227585e+01 1.772208e+01 1.636828e+00 2.521626e+01 4.271152e+00 5.000000e-02
<GCONST> 4.006353e+01
<STATE> 32
<MEAN> 13
 2.479222e-01 -1.327878e+01 -1.514398e+01 -1.252998e+01 6.537981e-02 1.898409e+00 8.697564e+00 1.716437e-01 -1.476854e+00 -3.595072e+00 1.315297e+00 -6.907024e-01 3.057690e-01
<VARIANCE> 13
 1.171926e+00 6.788045e-01 3.241746e+00 5.603901e+00 9.959874e+00 1.615906e+01 7.130615e+00 2.631279e+01 1.540643e+01 7.107946e+00 2.243266e+01 2.425227e+00 5.000000e-02
<GCONST> 4.257541e+01
<STATE> 33
<MEAN> 13
 -1.231920e+00 -1.093494e+01 -1.131142e+01 -1.037441e+01 -1.074333e+00 -2.399766e+00 4.714236e+00 7.049770e-01 9.804143e-01 -2.932513e+00 3.115422e+00 1.411240e+00 2.340702e-01
<VARIANCE> 13
 1.615737e+00 1.541664e+00 7.810571e+00 5.766071e+00 3.563313e+00 1.131839e+01 8.493169e+00 2.159404e+01 1.597382e+01 2.748870e+00 1.113265e+01 6.990836e+00 5.000000e-02
<GCONST> 4.266222e+01
<STATE> 34
<MEAN> 13
 -4.117037e+00 -8.908038e+00 -6.351862e+00 -7.711126e+00 -9.121386e-01 -1.826843e+00 6.592973e+00 1.728445e-01 2.718125e+00 -7.635802e-01 5.517682e+00 -1.336772e+00 1.334768e-01
<VARIANCE> 13
 2.440629e+00 2.387604e+00 6.626890e+00 1.070776e+00 1.186488e+00 1.039427e+01 1.318922e+01 2.714328e+01 2.198185e+01 4.670031e+00 1.117724e+01 1.298028e+01 5.000000e-02
<GCONST> 4.262021e+01
<STATE> 35
<MEAN> 13
 -3.617533e+00 -8.391068e+00 -5.698494e+00 -6.712088e+00 5.211446e-02 -4.281230e+00 4.277447e+00 3.968328e-01 2.312961e+00 -1.817369e+00 5.228230e+00 -3.779665e-01 9.678206e-02
<VARIANCE> 13
 4.280893e+00 7.824566e-01 2.316146e+00 8.228124e-01 3.582772e+00 1.993136e+01 4.916282e+00 3.559386e+00 1.448560e+01 8.125184e+00 1.047597e+01 2.565120e+01 5.000000e-02
<GCONST> 4.024276e+01
<STATE> 36
<MEAN> 13
 -3.834584e+00 -9.410479e+00 -6.377240e+00 -8.311948e+00 -1.851191e+00 -2.940277e+00 5.117493e+00 -1.373793e+00 2.789689e-01 -3.399772e+00 2.951012e+00 -4.427818e+00 1.094564e-01
<VARIANCE> 13
 2.225068e+00 1.304424e+00 1.036133e+01 2.122434e+00 4.730314e+00 1.179178e+01 1.768885e+01 7.145504e+00 7.534253e+00 1.543842e+01 1.095689e+01 3.223428e+01 5.000000e-02
<GCONST> 4.453699e+01
<STATE> 37
<MEAN> 13
 -4.448895e+00 -9.206734e+00 -5.620854e+00 -5.242925e+00 9.711134e-01 -2.857041e+00 5.468729e+00 -2.794669e+00 2.352808e+00 -2.196285e+00 3.418382e+00 -1.131684e+00 7.891840e-02
<VARIANCE> 13
 1.943233e+00 2.040803e+00 6.220628e+00 2.332520e+00 7.208776e+00 1.190914e+01 7.907911e+00 6.310781e+00 1.909174e+01 3.688475e+00 8.072652e+00 2.229897e+01 5.000000e-02
<GCONST> 4.275941e+01
<TRANSP> 38
 0.000000e+00 1.000000e+00 0.000000e+00 0.000000e+00 0.000000e+00 0.000000e+00 0.000000e+00 0.000000e+00 0.000000e+00 0.000000e+00 0.000000e+00 0.000000e+00 0.000000e+00 0.000000e+00 0.000000e+00 0.000000e+00 0.000000e+00 0.000000e+00 0.000000e+00 0.000000e+00 0.000000e+00 0.000000e+00 0.000000e+00 0.000000e+00 0.000000e+00 0.000000e+00 0.000000e+00 0.000000e+00 0.000000e+00 0.000000e+00 0.000000e+00 0.000000e+00 0.000000e+00 0.000000e+00 0.000000e+00 0.000000e+00 0.000000e+00 0.000000e+00
 0.000000e+00 4.444437e-01 5.555563e-01 0.000000e+00 0.000000e+00 0.000000e+00 0.000000e+00 0.000000e+00 0.000000e+00 0.000000e+00 0.000000e+00 0.000000e+00 0.000000e+00 0.000000e+00 0.000000e+00 0.000000e+00 0.000000e+00 0.000000e+00 0.000000e+00 0.000000e+00 0.000000e+00 0.000000e+00 0.000000e+00 0.000000e+00 0.000000e+00 0.000000e+00 0.000000e+00 0.000000e+00 0.000000e+00 0.000000e+00 0.000000e+00 0.000000e+00 0.000000e+00 0.000000e+00 0.000000e+00 0.000000e+00 0.000000e+00 0.000000e+00
 0.000000e+00 0.000000e+00 0.000000e+00 1.000000e+00 0.000000e+00 0.000000e+00 0.000000e+00 0.000000e+00 0.000000e+00 0.000000e+00 0.000000e+00 0.000000e+00 0.000000e+00 0.000000e+00 0.000000e+00 0.000000e+00 0.000000e+00 0.000000e+00 0.000000e+00 0.000000e+00 0.000000e+00 0.000000e+00 0.000000e+00 0.000000e+00 0.000000e+00 0.000000e+00 0.000000e+00 0.000000e+00 0.000000e+00 0.000000e+00 0.000000e+00 0.000000e+00 0.000000e+00 0.000000e+00 0.000000e+00 0.000000e+00 0.000000e+00 0.000000e+00
 0.000000e+00 0.000000e+00 0.000000e+00 0.000000e+00 1.000000e+00 0.000000e+00 0.000000e+00 0.000000e+00 0.000000e+00 0.000000e+00 0.000000e+00 0.000000e+00 0.000000e+00 0.000000e+00 0.000000e+00 0.000000e+00 0.000000e+00 0.000000e+00 0.000000e+00 0.000000e+00 0.000000e+00 0.000000e+00 0.000000e+00 0.000000e+00 0.000000e+00 0.000000e+00 0.000000e+00 0.000000e+00 0.000000e+00 0.000000e+00 0.000000e+00 0.000000e+00 0.000000e+00 0.000000e+00 0.000000e+00 0.000000e+00 0.000000e+00 0.000000e+00
 0.000000e+00 0.000000e+00 0.000000e+00 0.000000e+00 0.000000e+00 1.000000e+00 0.000000e+00 0.000000e+00 0.000000e+00 0.000000e+00 0.000000e+00 0.000000e+00 0.000000e+00 0.000000e+00 0.000000e+00 0.000000e+00 0.000000e+00 0.000000e+00 0.000000e+00 0.000000e+00 0.000000e+00 0.000000e+00 0.000000e+00 0.000000e+00 0.000000e+00 0.000000e+00 0.000000e+00 0.000000e+00 0.000000e+00 0.000000e+00 0.000000e+00 0.000000e+00 0.000000e+00 0.000000e+00 0.000000e+00 0.000000e+00 0.000000e+00 0.000000e+00
 0.000000e+00 0.000000e+00 0.000000e+00 0.000000e+00 0.000000e+00 0.000000e+00 1.000000e+00 0.000000e+00 0.000000e+00 0.000000e+00 0.000000e+00 0.000000e+00 0.000000e+00 0.000000e+00 0.000000e+00 0.000000e+00 0.000000e+00 0.000000e+00 0.000000e+00 0.000000e+00 0.000000e+00 0.000000e+00 0.000000e+00 0.000000e+00 0.000000e+00 0.000000e+00 0.000000e+00 0.000000e+00 0.000000e+00 0.000000e+00 0.000000e+00 0.000000e+00 0.000000e+00 0.000000e+00 0.000000e+00 0.000000e+00 0.000000e+00 0.000000e+00
 0.000000e+00 0.000000e+00 0.000000e+00 0.000000e+00 0.000000e+00 0.000000e+00 0.000000e+00 1.000000e+00 0.000000e+00 0.000000e+00 0.000000e+00 0.000000e+00 0.000000e+00 0.000000e+00 0.000000e+00 0.000000e+00 0.000000e+00 0.000000e+00 0.000000e+00 0.000000e+00 0.000000e+00 0.000000e+00 0.000000e+00 0.000000e+00 0.000000e+00 0.000000e+00 0.000000e+00 0.000000e+00 0.000000e+00 0.000000e+00 0.000000e+00 0.000000e+00 0.000000e+00 0.000000e+00 0.000000e+00 0.000000e+00 0.000000e+00 0.000000e+00
 0.000000e+00 0.000000e+00 0.000000e+00 0.000000e+00 0.000000e+00 0.000000e+00 0.000000e+00 0.000000e+00 1.000000e+00 0.000000e+00 0.000000e+00 0.000000e+00 0.000000e+00 0.000000e+00 0.000000e+00 0.000000e+00 0.000000e+00 0.000000e+00 0.000000e+00 0.000000e+00 0.000000e+00 0.000000e+00 0.000000e+00 0.000000e+00 0.000000e+00 0.000000e+00 0.000000e+00 0.000000e+00 0.000000e+00 0.000000e+00 0.000000e+00 0.000000e+00 0.000000e+00 0.000000e+00 0.000000e+00 0.000000e+00 0.000000e+00 0.000000e+00
 0.000000e+00 0.000000e+00 0.000000e+00 0.000000e+00 0.000000e+00 0.000000e+00 0.000000e+00 0.000000e+00 0.000000e+00 1.000000e+00 0.000000e+00 0.000000e+00 0.000000e+00 0.000000e+00 0.000000e+00 0.000000e+00 0.000000e+00 0.000000e+00 0.000000e+00 0.000000e+00 0.000000e+00 0.000000e+00 0.000000e+00 0.000000e+00 0.000000e+00 0.000000e+00 0.000000e+00 0.000000e+00 0.000000e+00 0.000000e+00 0.000000e+00 0.000000e+00 0.000000e+00 0.000000e+00 0.000000e+00 0.000000e+00 0.000000e+00 0.000000e+00
 0.000000e+00 0.000000e+00 0.000000e+00 0.000000e+00 0.000000e+00 0.000000e+00 0.000000e+00 0.000000e+00 0.000000e+00 0.000000e+00 1.000000e+00 0.000000e+00 0.000000e+00 0.000000e+00 0.000000e+00 0.000000e+00 0.000000e+00 0.000000e+00 0.000000e+00 0.000000e+00 0.000000e+00 0.000000e+00 0.000000e+00 0.000000e+00 0.000000e+00 0.000000e+00 0.000000e+00 0.000000e+00 0.000000e+00 0.000000e+00 0.000000e+00 0.000000e+00 0.000000e+00 0.000000e+00 0.000000e+00 0.000000e+00 0.000000e+00 0.000000e+00
 0.000000e+00 0.000000e+00 0.000000e+00 0.000000e+00 0.000000e+00 0.000000e+00 0.000000e+00 0.000000e+00 0.000000e+00 0.000000e+00 0.000000e+00 1.000000e+00 0.000000e+00 0.000000e+00 0.000000e+00 0.000000e+00 0.000000e+00 0.000000e+00 0.000000e+00 0.000000e+00 0.000000e+00 0.000000e+00 0.000000e+00 0.000000e+00 0.000000e+00 0.000000e+00 0.000000e+00 0.000000e+00 0.000000e+00 0.000000e+00 0.000000e+00 0.000000e+00 0.000000e+00 0.000000e+00 0.000000e+00 0.000000e+00 0.000000e+00 0.000000e+00
 0.000000e+00 0.000000e+00 0.000000e+00 0.000000e+00 0.000000e+00 0.000000e+00 0.000000e+00 0.000000e+00 0.000000e+00 0.000000e+00 0.000000e+00 0.000000e+00 1.000000e+00 0.000000e+00 0.000000e+00 0.000000e+00 0.000000e+00 0.000000e+00 0.000000e+00 0.000000e+00 0.000000e+00 0.000000e+00 0.000000e+00 0.000000e+00 0.000000e+00 0.000000e+00 0.000000e+00 0.000000e+00 0.000000e+00 0.000000e+00 0.000000e+00 0.000000e+00 0.000000e+00 0.000000e+00 0.000000e+00 0.000000e+00 0.000000e+00 0.000000e+00
 0.000000e+00 0.000000e+00 0.000000e+00 0.000000e+00 0.000000e+00 0.000000e+00 0.000000e+00 0.000000e+00 0.000000e+00 0.000000e+00 0.000000e+00 0.000000e+00 1.667503e-01 8.332497e-01 0.000000e+00 0.000000e+00 0.000000e+00 0.000000e+00 0.000000e+00 0.000000e+00 0.000000e+00 0.000000e+00 0.000000e+00 0.000000e+00 0.000000e+00 0.000000e+00 0.000000e+00 0.000000e+00 0.000000e+00 0.000000e+00 0.000000e+00 0.000000e+00 0.000000e+00 0.000000e+00 0.000000e+00 0.000000e+00 0.000000e+00 0.000000e+00
 0.000000e+00 0.000000e+00 0.000000e+00 0.000000e+00 0.000000e+00 0.000000e+00 0.000000e+00 0.000000e+00 0.000000e+00 0.000000e+00 0.000000e+00 0.000000e+00 0.000000e+00 2.856382e-01 7.143618e-01 0.000000e+00 0.000000e+00 0.000000e+00 0.000000e+00 0.000000e+00 0.000000e+00 0.000000e+00 0.000000e+00 0.000000e+00 0.000000e+00 0.000000e+00 0.000000e+00 0.000000e+00 0.000000e+00 0.000000e+00 0.000000e+00 0.000000e+00 0.000000e+00 0.000000e+00 0.000000e+00 0.000000e+00 0.000000e+00 0.000000e+00
 0.000000e+00 0.000000e+00 0.000000e+00 0.000000e+00 0.000000e+00 0.000000e+00 0.000000e+00 0.000000e+00 0.000000e+00 0.000000e+00 0.000000e+00 0.000000e+00 0.000000e+00 0.000000e+00 0.000000e+00 1.000000e+00 0.000000e+00 0.000000e+00 0.000000e+00 0.000000e+00 0.000000e+00 0.000000e+00 0.000000e+00 0.000000e+00 0.000000e+00 0.000000e+00 0.000000e+00 0.000000e+00 0.000000e+00 0.000000e+00 0.000000e+00 0.000000e+00 0.000000e+00 0.000000e+00 0.000000e+00 0.000000e+00 0.000000e+00 0.000000e+00
 0.000000e+00 0.000000e+00 0.000000e+00 0.000000e+00 0.000000e+00 0.000000e+00 0.000000e+00 0.000000e+00 0.000000e+00 0.000000e+00 0.000000e+00 0.000000e+00 0.000000e+00 0.000000e+00 0.000000e+00 0.000000e+00 1.000000e+00 0.000000e+00 0.000000e+00 0.000000e+00 0.000000e+00 0.000000e+00 0.000000e+00 0.000000e+00 0.000000e+00 0.000000e+00 0.000000e+00 0.000000e+00 0.000000e+00 0.000000e+00 0.000000e+00 0.000000e+00 0.000000e+00 0.000000e+00 0.000000e+00 0.000000e+00 0.000000e+00 0.000000e+00
 0.000000e+00 0.000000e+00 0.000000e+00 0.000000e+00 0.000000e+00 0.000000e+00 0.000000e+00 0.000000e+00 0.000000e+00 0.000000e+00 0.000000e+00 0.000000e+00 0.000000e+00 0.000000e+00 0.000000e+00 0.000000e+00 1.662088e-01 8.337912e-01 0.000000e+00 0.000000e+00 0.000000e+00 0.000000e+00 0.000000e+00 0.000000e+00 0.000000e+00 0.000000e+00 0.000000e+00 0.000000e+00 0.000000e+00 0.000000e+00 0.000000e+00 0.000000e+00 0.000000e+00 0.000000e+00 0.000000e+00 0.000000e+00 0.000000e+00 0.000000e+00
 0.000000e+00 0.000000e+00 0.000000e+00 0.000000e+00 0.000000e+00 0.000000e+00 0.000000e+00 0.000000e+00 0.000000e+00 0.000000e+00 0.000000e+00 0.000000e+00 0.000000e+00 0.000000e+00 0.000000e+00 0.000000e+00 0.000000e+00 0.000000e+00 1.000000e+00 0.000000e+00 0.000000e+00 0.000000e+00 0.000000e+00 0.000000e+00 0.000000e+00 0.000000e+00 0.000000e+00 0.000000e+00 0.000000e+00 0.000000e+00 0.000000e+00 0.000000e+00 0.000000e+00 0.000000e+00 0.000000e+00 0.000000e+00 0.000000e+00 0.000000e+00
 0.000000e+00 0.000000e+00 0.000000e+00 0.000000e+00 0.000000e+00 0.000000e+00 0.000000e+00 0.000000e+00 0.000000e+00 0.000000e+00 0.000000e+00 0.000000e+00 0.000000e+00 0.000000e+00 0.000000e+00 0.000000e+00 0.000000e+00 0.000000e+00 1.648009e-01 8.351991e-01 0.000000e+00 0.000000e+00 0.000000e+00 0.000000e+00 0.000000e+00 0.000000e+00 0.000000e+00 0.000000e+00 0.000000e+00 0.000000e+00 0.000000e+00 0.000000e+00 0.000000e+00 0.000000e+00 0.000000e+00 0.000000e+00 0.000000e+00 0.000000e+00
 0.000000e+00 0.000000e+00 0.000000e+00 0.000000e+00 0.000000e+00 0.000000e+00 0.000000e+00 0.000000e+00 0.000000e+00 0.000000e+00 0.000000e+00 0.000000e+00 0.000000e+00 0.000000e+00 0.000000e+00 0.000000e+00 0.000000e+00 0.000000e+00 0.000000e+00 1.689363e-01 8.310637e-01 0.000000e+00 0.000000e+00 0.000000e+00 0.000000e+00 0.000000e+00 0.000000e+00 0.000000e+00 0.000000e+00 0.000000e+00 0.000000e+00 0.000000e+00 0.000000e+00 0.000000e+00 0.000000e+00 0.000000e+00 0.000000e+00 0.000000e+00
 0.000000e+00 0.000000e+00 0.000000e+00 0.000000e+00 0.000000e+00 0.000000e+00 0.000000e+00 0.000000e+00 0.000000e+00 0.000000e+00 0.000000e+00 0.000000e+00 0.000000e+00 0.000000e+00 0.000000e+00 0.000000e+00 0.000000e+00 0.000000e+00 0.000000e+00 0.000000e+00 0.000000e+00 1.000000e+00 0.000000e+00 0.000000e+00 0.000000e+00 0.000000e+00 0.000000e+00 0.000000e+00 0.000000e+00 0.000000e+00 0.000000e+00 0.000000e+00 0.000000e+00 0.000000e+00 0.000000e+00 0.000000e+00 0.000000e+00 0.000000e+00
 0.000000e+00 0.000000e+00 0.000000e+00 0.000000e+00 0.000000e+00 0.000000e+00 0.000000e+00 0.000000e+00 0.000000e+00 0.000000e+00 0.000000e+00 0.000000e+00 0.000000e+00 0.000000e+00 0.000000e+00 0.000000e+00 0.000000e+00 0.000000e+00 0.000000e+00 0.000000e+00 0.000000e+00 0.000000e+00 1.000000e+00 0.000000e+00 0.000000e+00 0.000000e+00 0.000000e+00 0.000000e+00 0.000000e+00 0.000000e+00 0.000000e+00 0.000000e+00 0.000000e+00 0.000000e+00 0.000000e+00 0.000000e+00 0.000000e+00 0.000000e+00
 0.000000e+00 0.000000e+00 0.000000e+00 0.000000e+00 0.000000e+00 0.000000e+00 0.000000e+00 0.000000e+00 0.000000e+00 0.000000e+00 0.000000e+00 0.000000e+00 0.000000e+00 0.000000e+00 0.000000e+00 0.000000e+00 0.000000e+00 0.000000e+00 0.000000e+00 0.000000e+00 0.000000e+00 0.000000e+00 0.000000e+00 1.000000e+00 0.000000e+00 0.000000e+00 0.000000e+00 0.000000e+00 0.000000e+00 0.000000e+00 0.000000e+00 0.000000e+00 0.000000e+00 0.000000e+00 0.000000e+00 0.000000e+00 0.000000e+00 0.000000e+00
 0.000000e+00 0.000000e+00 0.000000e+00 0.000000e+00 0.000000e+00 0.000000e+00 0.000000e+00 0.000000e+00 0.000000e+00 0.000000e+00 0.000000e+00 0.000000e+00 0.000000e+00 0.000000e+00 0.000000e+00 0.000000e+00 0.000000e+00 0.000000e+00 0.000000e+00 0.000000e+00 0.000000e+00 0.000000e+00 0.000000e+00 0.000000e+00 1.000000e+00 0.000000e+00 0.000000e+00 0.000000e+00 0.000000e+00 0.000000e+00 0.000000e+00 0.000000e+00 0.000000e+00 0.000000e+00 0.000000e+00 0.000000e+00 0.000000e+00 0.000000e+00
 0.000000e+00 0.000000e+00 0.000000e+00 0.000000e+00 0.000000e+00 0.000000e+00 0.000000e+00 0.000000e+00 0.000000e+00 0.000000e+00 0.000000e+00 0.000000e+00 0.000000e+00 0.000000e+00 0.000000e+00 0.000000e+00 0.000000e+00 0.000000e+00 0.000000e+00 0.000000e+00 0.000000e+00 0.000000e+00 0.000000e+00 0.000000e+00 1.662456e-01 8.337544e-01 0.000000e+00 0.000000e+00 0.000000e+00 0.000000e+00 0.000000e+00 0.000000e+00 0.000000e+00 0.000000e+00 0.000000e+00 0.000000e+00 0.000000e+00 0.000000e+00
 0.000000e+00 0.000000e+00 0.000000e+00 0.000000e+00 0.000000e+00 0.000000e+00 0.000000e+00 0.000000e+00 0.000000e+00 0.000000e+00 0.000000e+00 0.000000e+00 0.000000e+00 0.000000e+00 0.000000e+00 0.000000e+00 0.000000e+00 0.000000e+00 0.000000e+00 0.000000e+00 0.000000e+00 0.000000e+00 0.000000e+00 0.000000e+00 0.000000e+00 1.671382e-01 8.328618e-01 0.000000e+00 0.000000e+00 0.000000e+00 0.000000e+00 0.000000e+00 0.000000e+00 0.000000e+00 0.000000e+00 0.000000e+00 0.000000e+00 0.000000e+00
 0.000000e+00 0.000000e+00 0.000000e+00 0.000000e+00 0.000000e+00 0.000000e+00 0.000000e+00 0.000000e+00 0.000000e+00 0.000000e+00 0.000000e+00 0.000000e+00 0.000000e+00 0.000000e+00 0.000000e+00 0.000000e+00 0.000000e+00 0.000000e+00 0.000000e+00 0.000000e+00 0.000000e+00 0.000000e+00 0.000000e+00 0.000000e+00 0.000000e+00 0.000000e+00 0.000000e+00 1.000000e+00 0.000000e+00 0.000000e+00 0.000000e+00 0.000000e+00 0.000000e+00 0.000000e+00 0.000000e+00 0.000000e+00 0.000000e+00 0.000000e+00
 0.000000e+00 0.000000e+00 0.000000e+00 0.000000e+00 0.000000e+00 0.000000e+00 0.000000e+00 0.000000e+00 0.000000e+00 0.000000e+00 0.000000e+00 0.000000e+00 0.000000e+00 0.000000e+00 0.000000e+00 0.000000e+00 0.000000e+00 0.000000e+00 0.000000e+00 0.000000e+00 0.000000e+00 0.000000e+00 0.000000e+00 0.000000e+00 0.000000e+00 0.000000e+00 0.000000e+00 0.000000e+00 1.000000e+00 0.000000e+00 0.000000e+00 0.000000e+00 0.000000e+00 0.000000e+00 0.000000e+00 0.000000e+00 0.000000e+00 0.000000e+00
 0.000000e+00 0.000000e+00 0.000000e+00 0.000000e+00 0.000000e+00 0.000000e+00 0.000000e+00 0.000000e+00 0.000000e+00 0.000000e+00 0.000000e+00 0.000000e+00 0.000000e+00 0.000000e+00 0.000000e+00 0.000000e+00 0.000000e+00 0.000000e+00 0.000000e+00 0.000000e+00 0.000000e+00 0.000000e+00 0.000000e+00 0.000000e+00 0.000000e+00 0.000000e+00 0.000000e+00 0.000000e+00 0.000000e+00 1.000000e+00 0.000000e+00 0.000000e+00 0.000000e+00 0.000000e+00 0.000000e+00 0.000000e+00 0.000000e+00 0.000000e+00
 0.000000e+00 0.000000e+00 0.000000e+00 0.000000e+00 0.000000e+00 0.000000e+00 0.000000e+00 0.000000e+00 0.000000e+00 0.000000e+00 0.000000e+00 0.000000e+00 0.000000e+00 0.000000e+00 0.000000e+00 0.000000e+00 0.000000e+00 0.000000e+00 0.000000e+00 0.000000e+00 0.000000e+00 0.000000e+00 0.000000e+00 0.000000e+00 0.000000e+00 0.000000e+00 0.000000e+00 0.000000e+00 0.000000e+00 0.000000e+00 1.000000e+00 0.000000e+00 0.000000e+00 0.000000e+00 0.000000e+00 0.000000e+00 0.000000e+00 0.000000e+00
 0.000000e+00 0.000000e+00 0.000000e+00 0.000000e+00 0.000000e+00 0.000000e+00 0.000000e+00 0.000000e+00 0.000000e+00 0.000000e+00 0.000000e+00 0.000000e+00 0.000000e+00 0.000000e+00 0.000000e+00 0.000000e+00 0.000000e+00 0.000000e+00 0.000000e+00 0.000000e+00 0.000000e+00 0.000000e+00 0.000000e+00 0.000000e+00 0.000000e+00 0.000000e+00 0.000000e+00 0.000000e+00 0.000000e+00 0.000000e+00 0.000000e+00 1.000000e+00 0.000000e+00 0.000000e+00 0.000000e+00 0.000000e+00 0.000000e+00 0.000000e+00
 0.000000e+00 0.000000e+00 0.000000e+00 0.000000e+00 0.000000e+00 0.000000e+00 0.000000e+00 0.000000e+00 0.000000e+00 0.000000e+00 0.000000e+00 0.000000e+00 0.000000e+00 0.000000e+00 0.000000e+00 0.000000e+00 0.000000e+00 0.000000e+00 0.000000e+00 0.000000e+00 0.000000e+00 0.000000e+00 0.000000e+00 0.000000e+00 0.000000e+00 0.000000e+00 0.000000e+00 0.000000e+00 0.000000e+00 0.000000e+00 0.000000e+00 1.666616e-01 8.333383e-01 0.000000e+00 0.000000e+00 0.000000e+00 0.000000e+00 0.000000e+00
 0.000000e+00 0.000000e+00 0.000000e+00 0.000000e+00 0.000000e+00 0.000000e+00 0.000000e+00 0.000000e+00 0.000000e+00 0.000000e+00 0.000000e+00 0.000000e+00 0.000000e+00 0.000000e+00 0.000000e+00 0.000000e+00 0.000000e+00 0.000000e+00 0.000000e+00 0.000000e+00 0.000000e+00 0.000000e+00 0.000000e+00 0.000000e+00 0.000000e+00 0.000000e+00 0.000000e+00 0.000000e+00 0.000000e+00 0.000000e+00 0.000000e+00 0.000000e+00 0.000000e+00 1.000000e+00 0.000000e+00 0.000000e+00 0.000000e+00 0.000000e+00
 0.000000e+00 0.000000e+00 0.000000e+00 0.000000e+00 0.000000e+00 0.000000e+00 0.000000e+00 0.000000e+00 0.000000e+00 0.000000e+00 0.000000e+00 0.000000e+00 0.000000e+00 0.000000e+00 0.000000e+00 0.000000e+00 0.000000e+00 0.000000e+00 0.000000e+00 0.000000e+00 0.000000e+00 0.000000e+00 0.000000e+00 0.000000e+00 0.000000e+00 0.000000e+00 0.000000e+00 0.000000e+00 0.000000e+00 0.000000e+00 0.000000e+00 0.000000e+00 0.000000e+00 0.000000e+00 1.000000e+00 0.000000e+00 0.000000e+00 0.000000e+00
 0.000000e+00 0.000000e+00 0.000000e+00 0.000000e+00 0.000000e+00 0.000000e+00 0.000000e+00 0.000000e+00 0.000000e+00 0.000000e+00 0.000000e+00 0.000000e+00 0.000000e+00 0.000000e+00 0.000000e+00 0.000000e+00 0.000000e+00 0.000000e+00 0.000000e+00 0.000000e+00 0.000000e+00 0.000000e+00 0.000000e+00 0.000000e+00 0.000000e+00 0.000000e+00 0.000000e+00 0.000000e+00 0.000000e+00 0.000000e+00 0.000000e+00 0.000000e+00 0.000000e+00 0.000000e+00 0.000000e+00 1.000000e+00 0.000000e+00 0.000000e+00
 0.000000e+00 0.000000e+00 0.000000e+00 0.000000e+00 0.000000e+00 0.000000e+00 0.000000e+00 0.000000e+00 0.000000e+00 0.000000e+00 0.000000e+00 0.000000e+00 0.000000e+00 0.000000e+00 0.000000e+00 0.000000e+00 0.000000e+00 0.000000e+00 0.000000e+00 0.000000e+00 0.000000e+00 0.000000e+00 0.000000e+00 0.000000e+00 0.000000e+00 0.000000e+00 0.000000e+00 0.000000e+00 0.000000e+00 0.000000e+00 0.000000e+00 0.000000e+00 0.000000e+00 0.000000e+00 0.000000e+00 0.000000e+00 1.000000e+00 0.000000e+00
 0.000000e+00 0.000000e+00 0.000000e+00 0.000000e+00 0.000000e+00 0.000000e+00 0.000000e+00 0.000000e+00 0.000000e+00 0.000000e+00 0.000000e+00 0.000000e+00 0.000000e+00 0.000000e+00 0.000000e+00 0.000000e+00 0.000000e+00 0.000000e+00 0.000000e+00 0.000000e+00 0.000000e+00 0.000000e+00 0.000000e+00 0.000000e+00 0.000000e+00 0.000000e+00 0.000000e+00 0.000000e+00 0.000000e+00 0.000000e+00 0.000000e+00 0.000000e+00 0.000000e+00 0.000000e+00 0.000000e+00 0.000000e+00 0.000000e+00 1.000000e+00
 0.000000e+00 0.000000e+00 0.000000e+00 0.000000e+00 0.000000e+00 0.000000e+00 0.000000e+00 0.000000e+00 0.000000e+00 0.000000e+00 0.000000e+00 0.000000e+00 0.000000e+00 0.000000e+00 0.000000e+00 0.000000e+00 0.000000e+00 0.000000e+00 0.000000e+00 0.000000e+00 0.000000e+00 0.000000e+00 0.000000e+00 0.000000e+00 0.000000e+00 0.000000e+00 0.000000e+00 0.000000e+00 0.000000e+00 0.000000e+00 0.000000e+00 0.000000e+00 0.000000e+00 0.000000e+00 0.000000e+00 0.000000e+00 0.000000e+00 0.000000e+00
<ENDHMM>
