~o
<STREAMINFO> 1 39
<VECSIZE> 39<NULLD><MFCC_E_D_A><DIAGC>
~h "Nawm"
<BEGINHMM>
<NUMSTATES> 13
<STATE> 2
<MEAN> 39
 -6.658115e+00 -9.307063e+00 -2.201206e+00 -2.311563e+00 -3.384485e-02 -4.187866e+00 1.485323e+00 -2.032240e+00 1.162632e+00 -3.375507e+00 1.474922e+00 -2.195049e+00 -2.414281e-02 3.590624e-01 4.073531e-01 -4.710575e-01 -1.010305e+00 -4.573541e-01 -2.344027e-01 -4.340300e-02 1.520159e-02 -1.916922e-01 -4.854835e-01 -3.895769e-01 -8.333380e-02 2.720463e-02 3.170494e-01 1.029799e-01 -2.773120e-01 -3.766102e-01 -1.000947e-01 -1.295265e-01 -4.428329e-02 3.692042e-03 -1.076548e-01 -1.653902e-01 -2.134800e-01 -1.804094e-01 1.943832e-02
<VARIANCE> 39
 3.542338e+00 4.296429e+00 1.099279e+01 1.116074e+01 1.077197e+01 8.469525e+00 6.736013e+00 1.377516e+01 1.498507e+01 1.585150e+01 1.457022e+01 7.459430e+00 5.000000e-02 1.467493e+00 8.041973e-01 1.717070e+00 3.508211e+00 1.847279e+00 1.476753e+00 8.607250e-01 1.493609e+00 1.737616e+00 1.922568e+00 2.014053e+00 7.779099e-01 5.000000e-02 2.344520e-01 1.449765e-01 3.957169e-01 3.343613e-01 3.074516e-01 2.906636e-01 2.094434e-01 3.298507e-01 2.868808e-01 4.398050e-01 3.682111e-01 1.763323e-01 5.000000e-02
<GCONST> 7.899975e+01
<STATE> 3
<MEAN> 39
 3.390974e+00 -8.814960e+00 -8.275702e+00 -1.272774e+01 -5.324151e+00 -7.993973e+00 9.485933e-01 -3.005107e+00 -4.226023e+00 -1.049685e+01 -3.799981e+00 -5.894968e+00 4.662061e-01 5.170495e-01 -2.057991e+00 -2.053751e+00 5.248982e-01 -5.993870e-01 -1.047029e+00 1.212572e+00 -1.103311e-02 -3.746510e-02 -2.284244e+00 -7.765847e-01 -7.604520e-01 1.162484e-01 -1.196493e+00 -7.689867e-01 -1.889077e-01 1.396642e+00 3.495734e-01 1.217365e-01 7.773503e-01 -1.277202e-01 5.157776e-01 -8.674864e-02 5.570366e-01 5.109032e-01 -7.510756e-03
<VARIANCE> 39
 3.103014e+01 2.416289e+01 1.992447e+01 2.437000e+01 3.041641e+01 2.093740e+01 1.622300e+01 9.744496e+00 2.877981e+01 1.384092e+01 8.343040e+00 3.961894e+00 5.000000e-02 7.366771e+00 4.229173e+00 1.646267e+00 6.803528e+00 3.203283e+00 7.134253e-01 4.176408e+00 1.392816e+00 1.352455e+00 2.007679e+00 1.938421e+00 1.407196e+00 5.000000e-02 7.741767e-01 4.661689e-01 3.661692e-01 5.384102e-01 7.489263e-01 3.124426e-01 5.048782e-01 3.698131e-01 1.865699e-01 4.001319e-01 2.579391e-01 9.899893e-02 5.000000e-02
<GCONST> 9.490858e+01
<STATE> 4
<MEAN> 39
 -7.233129e+00 -1.766770e+01 -1.674908e+01 -2.530821e+00 -3.325458e+00 -7.949089e+00 1.100219e+01 -4.812012e+00 5.860488e-01 -1.778629e+01 -2.478542e+00 -3.033229e+00 7.907361e-01 -2.478759e+00 -2.278524e+00 -1.605654e+00 2.494045e+00 5.533009e-01 1.389589e+00 1.835963e+00 -1.768079e-01 8.834013e-01 -1.447622e+00 1.224973e+00 1.305884e+00 8.286256e-02 3.082827e-01 3.400277e-01 5.850605e-01 -2.979245e-01 2.418165e-01 4.028598e-01 -7.720327e-01 3.021450e-01 -1.304932e-04 4.182941e-01 1.558078e-01 -5.612749e-02 -1.449155e-02
<VARIANCE> 39
 2.785838e+01 5.951356e+01 2.471696e+01 3.739842e+01 1.274981e+01 2.590223e+01 4.292495e+01 2.645327e+01 6.068222e+00 2.181956e+01 2.094528e+01 1.851617e+01 5.000000e-02 2.869789e+00 3.580814e+00 3.962291e+00 3.024956e+00 3.232973e+00 3.047778e+00 3.886327e+00 2.708718e+00 2.325842e+00 1.851775e+00 2.260511e+00 1.302029e+00 5.000000e-02 5.890539e-01 1.392131e+00 5.562844e-01 6.899553e-01 3.948756e-01 6.559469e-01 6.308881e-01 4.431265e-01 3.015841e-01 1.415304e-01 4.378029e-01 5.568236e-01 5.000000e-02
<GCONST> 1.042618e+02
<STATE> 5
<MEAN> 39
 -1.154414e+01 -2.416875e+01 -1.786104e+01 1.242414e+00 1.496863e+00 -3.425098e+00 8.256113e+00 -2.500792e+00 4.661607e+00 -1.956433e+01 1.537878e+00 -1.266834e+00 9.781467e-01 9.759332e-02 -3.047898e-01 -1.888988e-02 -2.091904e-01 1.037421e+00 1.541073e-02 -1.079213e+00 -5.954706e-02 6.797860e-01 -1.027390e-01 1.836748e-01 -6.345114e-01 3.552782e-03 3.185110e-01 1.516879e-01 1.334005e-01 -3.264399e-01 -9.765469e-02 -2.236708e-01 -2.211685e-01 -2.239171e-01 7.215015e-02 8.196971e-02 -1.558238e-01 -3.047230e-01 -9.783952e-03
<VARIANCE> 39
 1.476234e+01 3.963381e+00 2.469086e+01 1.640362e+01 1.542009e+01 2.989893e+01 2.670857e+01 1.439709e+01 2.216184e+01 2.212729e+01 1.250443e+01 1.554944e+01 5.000000e-02 4.222742e-01 3.692405e-01 6.367165e-01 6.692877e-01 8.607785e-01 8.833220e-01 8.216000e-01 2.166525e+00 1.287955e+00 9.018429e-01 7.838717e-01 1.099524e+00 5.000000e-02 7.801247e-02 7.449663e-02 1.483587e-01 2.771506e-01 3.025272e-01 3.010377e-01 2.394904e-01 4.214514e-01 2.954807e-01 2.338842e-01 1.947912e-01 1.924599e-01 5.000000e-02
<GCONST> 7.492188e+01
<STATE> 6
<MEAN> 39
 -7.409021e+00 -2.467316e+01 -1.663150e+01 -2.681697e+00 6.861392e+00 -4.694818e+00 1.142256e+00 -5.607197e+00 9.377983e+00 -2.002611e+01 2.426725e+00 -9.820889e+00 9.055761e-01 2.148622e+00 3.598997e-01 1.133792e+00 -2.114059e+00 -2.067722e+00 -1.520077e+00 -1.363265e+00 -6.723161e-01 1.152569e+00 1.240205e+00 -3.041996e-01 -1.290125e+00 -4.268862e-02 5.351130e-01 -9.357827e-03 4.866774e-01 3.053211e-02 -1.483869e+00 -3.470106e-01 3.323615e-01 3.799970e-01 -5.148116e-01 6.564475e-01 -2.315114e-01 8.574577e-01 -7.104755e-03
<VARIANCE> 39
 1.060235e+01 1.399506e+00 2.743514e+01 2.126919e+01 7.994189e+00 2.333782e+01 2.556469e+01 1.189953e+01 2.488530e+01 2.127520e+01 4.728751e+00 1.757717e+01 5.000000e-02 8.298538e-01 4.531689e-01 1.027027e+00 1.356941e+00 6.143040e+00 1.702533e+00 1.462394e+00 2.844555e+00 1.621668e+00 1.691048e+00 1.413722e+00 1.649561e+00 5.000000e-02 6.610616e-02 1.174403e-01 2.071136e-01 4.296763e-01 1.652843e-01 3.449163e-01 1.711359e-01 4.278328e-01 4.710735e-01 1.876619e-01 1.688362e-01 3.163399e-01 5.000000e-02
<GCONST> 8.026523e+01
<STATE> 7
<MEAN> 39
 2.700027e+00 -2.379992e+01 -1.033140e+01 -6.448561e+00 -9.072376e+00 -1.056452e+01 -9.287956e-01 -5.283281e+00 8.584890e+00 -1.259963e+01 -1.318262e+00 -5.466261e+00 7.364396e-01 2.060546e+00 -3.785707e-01 1.639335e+00 -1.227172e-01 -2.567795e+00 8.555149e-02 -5.280311e-01 9.303194e-01 -1.493842e+00 1.966767e+00 -1.089481e+00 1.465233e+00 -2.969733e-02 -5.371025e-01 -1.966879e-02 -3.428024e-01 3.672754e-01 1.022380e+00 5.497402e-01 1.725274e-01 1.894158e-02 -1.604127e-01 -2.605918e-01 1.437736e-01 -8.018745e-02 8.138187e-03
<VARIANCE> 39
 1.539342e+01 1.037212e+01 1.790484e+01 1.403375e+01 2.162976e+01 1.652735e+01 1.574057e+01 4.337545e+01 3.464828e+01 2.730545e+01 1.773410e+01 2.586354e+01 5.000000e-02 1.129466e+00 6.379964e-01 1.441967e+00 6.492248e-01 4.825285e+00 2.043137e+00 6.717899e-01 3.726990e+00 2.330045e+00 1.928574e+00 1.343798e+00 1.754355e+00 5.000000e-02 9.065076e-02 2.468703e-01 1.941088e-01 2.250093e-01 3.587303e-01 3.366700e-01 1.442250e-01 1.051771e+00 6.556615e-01 4.190949e-01 3.402171e-01 7.219418e-01 5.000000e-02
<GCONST> 9.022215e+01
<STATE> 8
<MEAN> 39
 6.136349e+00 -2.319911e+01 -7.435523e+00 -4.330338e+00 -9.112327e+00 -8.534519e+00 -2.048390e+00 -3.701313e+00 3.441646e+00 -9.555745e+00 -4.228016e+00 -4.524849e+00 6.334215e-01 8.457498e-02 4.430963e-01 9.844565e-02 5.133029e-01 5.403900e-01 -6.116243e-02 1.408694e-01 1.507975e-02 -6.357044e-01 -4.314385e-01 -2.065251e-01 -2.783332e-01 -1.915013e-02 -1.287488e-01 6.543316e-03 -8.035508e-02 1.350234e-01 1.486493e-01 -5.088836e-02 1.016239e-01 2.495036e-02 -7.873952e-02 -2.589175e-01 -4.619391e-02 -1.294260e-01 -1.330308e-03
<VARIANCE> 39
 6.712296e+00 7.149351e+00 7.460519e+00 8.953490e+00 1.777211e+01 1.673933e+01 7.568010e+00 1.097797e+01 2.084432e+01 1.493386e+01 8.870491e+00 1.399793e+01 5.000000e-02 2.101434e-01 4.400905e-01 8.483640e-01 1.129855e+00 5.679687e-01 2.209532e+00 9.277883e-01 1.139820e+00 1.631493e+00 1.921427e+00 9.491308e-01 1.407712e+00 5.000000e-02 5.000000e-02 9.148817e-02 1.478029e-01 3.263109e-01 1.554162e-01 4.350002e-01 1.851244e-01 2.532197e-01 3.910702e-01 3.556233e-01 1.992494e-01 2.216451e-01 5.000000e-02
<GCONST> 7.146646e+01
<STATE> 9
<MEAN> 39
 5.000365e+00 -2.105638e+01 -7.642894e+00 1.835497e+00 -2.750068e+00 -7.772690e+00 1.258483e+00 -1.805430e+00 -2.633783e+00 -1.535898e+01 -7.143490e+00 -7.412164e+00 4.800009e-01 -7.581373e-01 1.451393e-02 -2.075139e-01 1.335184e+00 1.446633e+00 4.489296e-01 9.113665e-01 4.007098e-01 -5.227186e-01 -4.099476e-01 -3.244591e-01 4.111379e-01 -3.710485e-02 -2.014678e-01 -1.333887e-01 -1.922422e-01 -4.133244e-01 -1.326099e-01 -7.488967e-02 -1.657457e-01 4.105755e-02 5.210205e-01 6.652747e-01 5.489550e-01 7.008318e-01 -2.692893e-03
<VARIANCE> 39
 2.444961e+00 3.974216e+00 2.231688e+01 1.154656e+01 1.652065e+01 1.954592e+01 7.962183e+00 9.851813e+00 1.342504e+01 1.984555e+01 1.784394e+01 5.990137e+00 5.000000e-02 2.245129e-01 2.613916e-01 9.391017e-01 1.403599e+00 8.799509e-01 1.106836e+00 7.374596e-01 1.124434e+00 1.634498e+00 1.970246e+00 2.101007e+00 1.989108e+00 5.000000e-02 5.000000e-02 8.545571e-02 2.837841e-01 2.856574e-01 2.746015e-01 4.094786e-01 1.581956e-01 2.026878e-01 2.088348e-01 3.372457e-01 3.891503e-01 1.354069e-01 5.000000e-02
<GCONST> 7.154907e+01
<STATE> 10
<MEAN> 39
 4.094061e-01 -2.296366e+01 -1.065939e+01 1.820065e+00 3.872159e-01 -7.610252e+00 2.301138e+00 1.793800e-01 -6.754428e-01 -9.958500e+00 -1.681180e+00 -9.442411e-01 3.324586e-01 -7.562063e-01 -1.217154e-01 -5.283201e-01 -4.769753e-01 3.753235e-01 -9.246186e-02 -2.705301e-01 4.299554e-02 3.646500e-01 1.300140e+00 1.368113e+00 1.002790e+00 -2.528515e-02 2.019802e-01 3.120942e-01 3.485301e-01 -8.934766e-02 -1.227836e-01 6.559084e-02 -1.500120e-01 -2.100619e-01 -9.228009e-02 -1.502180e-01 -1.832277e-01 -3.027260e-01 3.962095e-03
<VARIANCE> 39
 3.259075e+00 6.430431e+00 8.851421e+00 7.510600e+00 1.123948e+01 6.278197e+00 5.742230e+00 7.921168e+00 7.892255e+00 1.462875e+01 1.458622e+01 8.674946e+00 5.000000e-02 3.782684e-01 1.004003e+00 1.589561e+00 8.008225e-01 1.261703e+00 1.048066e+00 1.011908e+00 8.986618e-01 9.945441e-01 1.632953e+00 1.440121e+00 1.753039e+00 5.000000e-02 5.017455e-02 1.924032e-01 2.103019e-01 2.169078e-01 3.032608e-01 1.724867e-01 2.626643e-01 1.277636e-01 1.274718e-01 2.239916e-01 2.814932e-01 2.201247e-01 5.000000e-02
<GCONST> 6.805108e+01
<STATE> 11
<MEAN> 39
 -1.376919e+00 -1.909925e+01 -8.518432e+00 5.878209e-02 1.183561e+00 -7.230046e+00 9.495440e-01 -1.242529e+00 -3.163223e-01 -8.230390e+00 5.759411e-01 5.158507e-01 2.227278e-01 -6.741107e-01 7.631095e-01 5.718054e-01 -3.888924e-02 2.406892e-02 2.420368e-01 1.225671e-01 3.674383e-01 5.639281e-01 1.317963e-01 -1.334699e-01 2.704962e-01 -3.375505e-02 -1.502303e-01 -4.086978e-03 -1.718379e-02 9.493980e-02 3.206534e-02 1.014764e-01 8.704869e-02 1.650826e-01 2.356157e-01 6.694501e-02 -8.983405e-02 -3.976919e-02 -5.849473e-03
<VARIANCE> 39
 3.127792e+00 4.418938e+00 2.886053e+00 4.174304e+00 6.188754e+00 1.324587e+01 1.426776e+01 1.070788e+01 7.550329e+00 1.154995e+01 1.041626e+01 5.181830e+00 5.000000e-02 5.880653e-01 7.355320e-01 5.674846e-01 9.929019e-01 9.584432e-01 1.229023e+00 1.516096e+00 1.318949e+00 1.006637e+00 1.577698e+00 1.304959e+00 6.592505e-01 5.000000e-02 9.213419e-02 1.557986e-01 9.631851e-02 1.596818e-01 1.604205e-01 2.290279e-01 3.370583e-01 3.207018e-01 1.449968e-01 4.254135e-01 3.531911e-01 1.174620e-01 5.000000e-02
<GCONST> 6.553928e+01
<STATE> 12
<MEAN> 39
 -5.710915e+00 -1.525299e+01 -5.145246e+00 1.054636e+00 1.779936e+00 -5.090470e+00 6.979495e-01 7.284530e-01 4.725840e+00 -5.194288e+00 -5.806015e-02 8.284594e-01 1.432141e-02 -2.527097e-01 1.319274e+00 9.842981e-01 -3.529822e-01 -8.520690e-03 4.991797e-02 -4.846808e-01 -3.393029e-01 3.896794e-01 7.814727e-01 1.888290e-01 -5.081627e-01 -2.351314e-02 3.502434e-01 1.322856e-02 -6.025387e-03 -1.487907e-01 -8.986501e-02 -2.641600e-01 -3.319748e-02 -1.605258e-01 -5.066178e-01 -1.275152e-01 2.232294e-01 -7.070062e-02 1.681535e-02
<VARIANCE> 39
 9.085607e-01 5.664632e+00 6.154896e+00 3.931355e+00 5.822710e+00 1.044709e+01 1.044863e+01 7.452867e+00 7.626584e+00 1.051216e+01 8.221566e+00 9.969550e+00 5.000000e-02 3.645269e-01 4.698139e-01 7.258500e-01 5.671403e-01 5.654865e-01 1.044988e+00 1.079716e+00 7.002333e-01 1.083566e+00 1.224815e+00 9.488249e-01 6.062796e-01 5.000000e-02 5.000000e-02 8.588874e-02 1.433890e-01 1.445401e-01 1.594474e-01 2.028289e-01 2.325412e-01 1.423048e-01 1.122638e-01 1.877964e-01 2.622878e-01 2.360323e-01 5.000000e-02
<GCONST> 5.823235e+01
<TRANSP> 13
 0.000000e+00 1.000000e+00 0.000000e+00 0.000000e+00 0.000000e+00 0.000000e+00 0.000000e+00 0.000000e+00 0.000000e+00 0.000000e+00 0.000000e+00 0.000000e+00 0.000000e+00
 0.000000e+00 8.649188e-01 1.350812e-01 0.000000e+00 0.000000e+00 0.000000e+00 0.000000e+00 0.000000e+00 0.000000e+00 0.000000e+00 0.000000e+00 0.000000e+00 0.000000e+00
 0.000000e+00 0.000000e+00 7.247213e-01 2.752787e-01 0.000000e+00 0.000000e+00 0.000000e+00 0.000000e+00 0.000000e+00 0.000000e+00 0.000000e+00 0.000000e+00 0.000000e+00
 0.000000e+00 0.000000e+00 0.000000e+00 7.342446e-01 2.657553e-01 0.000000e+00 0.000000e+00 0.000000e+00 0.000000e+00 0.000000e+00 0.000000e+00 0.000000e+00 0.000000e+00
 0.000000e+00 0.000000e+00 0.000000e+00 0.000000e+00 8.718863e-01 1.281137e-01 0.000000e+00 0.000000e+00 0.000000e+00 0.000000e+00 0.000000e+00 0.000000e+00 0.000000e+00
 0.000000e+00 0.000000e+00 0.000000e+00 0.000000e+00 0.000000e+00 6.662395e-01 3.337605e-01 0.000000e+00 0.000000e+00 0.000000e+00 0.000000e+00 0.000000e+00 0.000000e+00
 0.000000e+00 0.000000e+00 0.000000e+00 0.000000e+00 0.000000e+00 0.000000e+00 7.477697e-01 2.522304e-01 0.000000e+00 0.000000e+00 0.000000e+00 0.000000e+00 0.000000e+00
 0.000000e+00 0.000000e+00 0.000000e+00 0.000000e+00 0.000000e+00 0.000000e+00 0.000000e+00 8.841646e-01 1.158354e-01 0.000000e+00 0.000000e+00 0.000000e+00 0.000000e+00
 0.000000e+00 0.000000e+00 0.000000e+00 0.000000e+00 0.000000e+00 0.000000e+00 0.000000e+00 0.000000e+00 7.346514e-01 2.653485e-01 0.000000e+00 0.000000e+00 0.000000e+00
 0.000000e+00 0.000000e+00 0.000000e+00 0.000000e+00 0.000000e+00 0.000000e+00 0.000000e+00 0.000000e+00 0.000000e+00 7.839494e-01 2.160506e-01 0.000000e+00 0.000000e+00
 0.000000e+00 0.000000e+00 0.000000e+00 0.000000e+00 0.000000e+00 0.000000e+00 0.000000e+00 0.000000e+00 0.000000e+00 0.000000e+00 8.215674e-01 1.784326e-01 0.000000e+00
 0.000000e+00 0.000000e+00 0.000000e+00 0.000000e+00 0.000000e+00 0.000000e+00 0.000000e+00 0.000000e+00 0.000000e+00 0.000000e+00 0.000000e+00 7.222989e-01 2.777011e-01
 0.000000e+00 0.000000e+00 0.000000e+00 0.000000e+00 0.000000e+00 0.000000e+00 0.000000e+00 0.000000e+00 0.000000e+00 0.000000e+00 0.000000e+00 0.000000e+00 0.000000e+00
<ENDHMM>
