~o
<STREAMINFO> 1 39
<VECSIZE> 39<NULLD><MFCC_E_D_A><DIAGC>
~h "Ngay"
<BEGINHMM>
<NUMSTATES> 27
<STATE> 2
<MEAN> 39
 -4.377967e+00 -7.631728e+00 -1.611841e+00 -3.643060e+00 7.959203e-01 -2.910256e+00 3.564268e+00 -8.761389e-01 1.561062e+00 -4.514376e+00 -7.687115e-01 -3.656601e+00 6.577305e-02 5.991477e-01 -2.294134e-01 -4.392717e-01 -7.334929e-01 -3.060817e-01 -2.400133e-01 1.599780e-01 -1.511887e-01 -8.274108e-01 -6.979545e-01 -9.613288e-01 -4.904855e-01 3.915424e-02 2.918397e-01 -1.243423e-01 -3.288946e-01 -5.256613e-01 -1.831562e-01 -3.285960e-01 -2.528069e-01 -2.105697e-01 -4.102602e-01 -8.578429e-02 -3.572942e-03 -4.247499e-02 1.923630e-02
<VARIANCE> 39
 2.435186e+00 3.294935e+00 5.596839e+00 1.327744e+01 1.070614e+01 6.236922e+00 7.164840e+00 6.282323e+00 1.499818e+01 5.383672e+00 1.197243e+01 7.471820e+00 5.000000e-02 1.196816e+00 5.866894e-01 5.664333e-01 2.286855e+00 1.194970e+00 1.449979e+00 9.150271e-01 6.649582e-01 4.454312e+00 1.883474e+00 9.807311e-01 1.000183e+00 5.000000e-02 1.109583e-01 2.039423e-01 1.820641e-01 4.369550e-01 2.894982e-01 1.171177e-01 1.827430e-01 1.507365e-01 5.152580e-01 3.119174e-01 5.018622e-01 2.051098e-01 5.000000e-02
<GCONST> 7.064204e+01
<STATE> 3
<MEAN> 39
 4.836465e-01 -7.974637e+00 -5.325743e+00 -1.012319e+01 -1.817919e+00 -5.809623e+00 2.222489e+00 -2.777410e+00 -4.137435e+00 -8.240205e+00 -3.680929e+00 -6.767839e+00 3.221698e-01 1.840318e+00 -2.973949e-01 -1.460519e+00 -2.747217e+00 -6.821547e-01 -9.595297e-01 -6.439621e-01 -7.418505e-01 -1.731068e+00 -6.822346e-01 -1.151990e+00 -8.372457e-01 1.093058e-01 -4.711644e-01 -2.522591e-01 1.152516e-01 3.130658e-01 -1.938963e-01 -6.053802e-02 4.670268e-01 -1.287591e-01 4.971649e-01 4.181215e-01 3.339837e-02 1.342980e-01 6.161949e-03
<VARIANCE> 39
 2.157774e+01 1.027240e+01 6.791869e+00 4.440376e+01 9.035619e+00 1.394074e+01 2.844729e+00 9.394377e+00 4.259514e+01 2.773948e+01 9.746347e+00 9.521065e+00 5.361216e-02 2.506801e+00 1.427377e+00 2.060991e+00 4.804701e+00 3.311546e+00 1.169070e+00 1.177592e+00 1.282830e+00 1.165927e+00 1.596712e+00 3.222957e+00 9.430082e-01 5.000000e-02 8.084216e-01 6.023810e-02 4.563883e-01 7.733019e-01 2.623134e-01 2.438904e-01 2.985326e-01 2.075771e-01 5.417256e-01 2.935623e-01 2.192514e-01 1.946848e-01 5.000000e-02
<GCONST> 8.607682e+01
<STATE> 4
<MEAN> 39
 3.339520e+00 -8.784589e+00 -7.420489e+00 -1.126022e+01 -2.122205e+00 -8.742481e+00 4.728508e-01 -4.212419e+00 -4.500858e+00 -6.756222e+00 -5.188189e+00 -6.047781e+00 4.666871e-01 -2.835682e-01 -1.102410e+00 -4.692729e-02 9.537695e-02 -1.016564e+00 -2.073780e+00 2.569877e+00 -1.417689e+00 -5.049797e-01 7.800798e-01 -8.392143e-01 1.364173e-01 8.447768e-02 -1.047614e+00 -2.625079e-01 4.391215e-01 6.038374e-01 2.458153e-01 -2.932712e-03 1.234540e+00 1.224755e-01 2.733357e-01 5.127072e-02 1.163673e-03 -3.281986e-03 -8.167379e-03
<VARIANCE> 39
 5.493322e+01 6.102804e+00 4.233066e+01 5.809056e+01 2.398689e+01 2.105125e+01 7.110797e+00 5.883491e+00 2.219671e+01 2.070931e+01 3.651680e+01 3.457110e+01 8.012054e-02 4.484339e+00 2.165412e-01 5.244058e+00 2.310874e+00 1.842093e+00 2.946892e+00 4.689315e+00 1.356679e+00 1.348566e+00 1.387311e+00 2.629141e+00 1.440774e+00 5.000000e-02 1.312266e+00 7.616502e-02 5.510725e-01 7.748743e-01 3.688334e-01 4.293635e-01 4.620069e-01 2.714932e-01 3.324482e-01 4.650663e-01 7.563684e-01 5.422148e-01 5.000000e-02
<GCONST> 9.814794e+01
<STATE> 5
<MEAN> 39
 -3.397506e+00 -1.319335e+01 -3.764291e+00 -1.364398e+01 -2.876390e+00 -1.558573e+01 1.403687e+01 -7.521484e+00 -5.777761e+00 -3.615722e+00 -8.871475e+00 -8.052443e+00 6.428336e-01 -2.558793e+00 -1.349868e+00 -2.657415e-01 -3.960146e-02 1.671003e-01 1.118060e-01 2.921128e+00 4.728855e-02 -1.610859e-02 -7.138609e-01 -3.494104e-01 -3.861212e-01 5.500585e-02 2.455430e-01 5.173470e-02 -8.988011e-01 6.540338e-01 3.584651e-01 8.781710e-01 -8.519732e-01 2.816427e-01 3.088651e-01 -9.665549e-01 5.454470e-01 2.768447e-01 -7.302308e-03
<VARIANCE> 39
 3.088411e+01 1.780297e+01 5.591936e+01 5.401841e+01 2.517085e+01 6.324371e+01 1.771491e+01 1.261139e+01 1.605173e+01 2.166895e+01 1.971990e+01 3.142902e+01 5.000000e-02 9.062952e+00 3.909115e-01 2.676087e+00 2.502093e+00 2.835224e+00 2.424966e+00 3.487163e+00 8.116183e-01 1.193810e+00 1.980739e+00 2.882214e+00 3.691660e+00 5.000000e-02 6.418425e-01 1.724968e-01 4.899225e-01 6.059331e-01 2.618815e-01 9.416812e-01 7.148628e-01 2.698083e-01 4.781535e-01 1.184185e-01 1.439724e-01 7.819767e-01 5.000000e-02
<GCONST> 9.991918e+01
<STATE> 6
<MEAN> 39
 -5.409606e+00 -1.300468e+01 -7.685217e+00 -8.915745e+00 -6.245187e+00 -2.929352e+00 1.140204e+01 -6.787694e+00 -5.992696e-01 -9.337253e+00 -9.106387e+00 -8.758613e+00 6.309533e-01 -1.472718e+00 -8.980638e-01 -2.438794e+00 1.233849e+00 9.128048e-01 9.622661e-01 1.202371e+00 -6.751020e-02 5.921953e-01 -2.524227e+00 4.185139e-01 8.597513e-02 6.138891e-02 1.480693e-01 -2.989917e-01 -2.507200e-01 6.530634e-01 6.261181e-01 -7.178101e-01 -1.378007e-01 -7.890539e-02 -1.203310e-01 -1.672026e-01 3.880365e-01 5.385989e-01 -2.340730e-03
<VARIANCE> 39
 3.383038e+01 6.238887e+00 2.038193e+01 1.342046e+01 2.232029e+01 6.041288e+01 3.193328e+01 1.325813e+01 4.289210e+01 1.269241e+01 1.286737e+01 1.360709e+01 5.000000e-02 4.276015e+00 1.368922e+00 6.889442e-01 4.277945e+00 2.462127e+00 5.535758e+00 4.124208e+00 1.807013e+00 3.253541e+00 1.991994e-01 1.753279e+00 3.575526e+00 5.000000e-02 1.855732e+00 9.130005e-02 2.208321e-01 1.472752e-01 2.438778e-01 3.894129e-01 1.183170e+00 5.474644e-01 6.306335e-01 1.016554e-01 1.321571e-01 1.015225e-01 5.000000e-02
<GCONST> 9.219612e+01
<STATE> 7
<MEAN> 39
 -8.217390e+00 -1.864385e+01 -1.618995e+01 -2.269194e+00 4.033156e-01 -1.035736e+01 1.672930e+01 -8.023644e+00 -2.564126e+00 -1.627685e+01 -4.669236e+00 -4.164154e+00 8.746890e-01 1.024750e-01 -2.047109e+00 -1.967122e+00 2.610711e+00 1.301789e+00 -1.249036e+00 5.154307e-02 -1.131767e+00 1.008803e+00 -1.184841e+00 6.386991e-01 1.432180e+00 4.423988e-02 3.402986e-01 1.299933e-01 4.544406e-01 -4.246680e-01 -1.683924e-01 2.395274e-01 -8.015450e-01 4.008954e-02 2.416001e-01 8.284561e-01 -3.363535e-01 -1.627189e-01 -9.325617e-03
<VARIANCE> 39
 9.966207e+00 6.570850e+00 2.205387e+01 4.163843e+01 3.618991e+01 7.146091e+01 1.097457e+01 1.802393e+01 3.547974e+01 1.504238e+01 9.524341e+00 1.376041e+01 5.000000e-02 6.749447e-02 2.211538e-01 1.295665e+00 1.383109e+00 6.258917e-01 1.538479e+00 1.060383e+00 2.056023e+00 1.684698e+00 1.699818e+00 4.951057e-01 7.831307e-01 5.000000e-02 1.933487e-01 8.483332e-02 2.793967e-01 3.646489e-01 1.165244e-01 3.885161e-01 2.211712e-01 6.429310e-01 3.503364e-01 8.180138e-02 1.235799e-01 2.180490e-01 5.000000e-02
<GCONST> 7.661400e+01
<STATE> 8
<MEAN> 39
 -8.465422e+00 -2.382485e+01 -1.726221e+01 7.290224e-01 9.015344e-01 -1.038047e+01 1.324809e+01 -9.800135e+00 1.009015e+00 -1.561235e+01 -3.003213e+00 -1.837301e+00 9.649591e-01 -2.567289e-01 -1.129968e+00 -3.515292e-01 4.658975e-01 9.394519e-01 3.890584e-01 -1.711996e+00 8.898112e-01 4.961675e-01 1.074930e+00 -3.469689e-03 3.113728e-01 1.674595e-02 -5.250509e-02 3.552679e-01 3.347975e-01 -5.021185e-01 -1.919378e-01 3.285816e-01 -6.136559e-02 3.684686e-01 -3.822059e-02 3.914052e-01 -2.213871e-01 -2.601282e-01 -7.960876e-03
<VARIANCE> 39
 8.937037e+00 7.289095e+00 7.481294e+00 2.946022e+01 2.174065e+01 4.365665e+01 1.253730e+01 2.367681e+01 1.739975e+01 1.465371e+01 1.180807e+01 1.185945e+01 5.000000e-02 1.404589e-01 1.980981e-01 2.587037e+00 1.207634e+00 4.060996e-01 1.040815e+00 6.084858e-01 1.504441e+00 6.019258e-01 8.029519e-01 7.031019e-01 4.185245e-01 5.000000e-02 5.000000e-02 5.000000e-02 8.295818e-02 7.258063e-02 5.141801e-02 9.474979e-02 1.375794e-01 3.094763e-01 2.367593e-01 3.016907e-01 5.752667e-02 8.736775e-02 5.000000e-02
<GCONST> 6.243446e+01
<STATE> 9
<MEAN> 39
 -7.551642e+00 -2.440650e+01 -1.985779e+01 -1.284944e+00 6.391491e+00 -1.211057e+01 9.928415e+00 -5.517448e+00 -1.054564e+00 -1.159256e+01 -5.135701e+00 -2.000046e+00 9.773762e-01 2.653769e-02 -2.075173e-01 -2.102369e-01 3.602062e-01 5.032032e-02 8.000546e-01 -9.692858e-01 3.762564e-01 8.468746e-01 2.379711e-01 -2.897195e-01 9.639243e-02 6.518248e-03 6.484974e-02 2.197131e-01 3.227339e-01 -6.498581e-03 -3.004024e-01 -1.027616e-02 3.520223e-01 9.739332e-03 -9.044249e-02 -1.837294e-01 1.116712e-01 3.539854e-02 -3.359325e-03
<VARIANCE> 39
 1.201305e+01 7.331022e+00 7.906616e+00 1.004134e+01 3.507762e+01 3.336511e+01 7.807773e+00 5.911535e+00 2.400204e+01 1.591240e+01 1.141033e+01 1.518157e+01 5.000000e-02 2.976277e-01 3.475802e-01 6.530323e-01 6.005783e-01 5.601370e-01 5.553271e-01 5.703172e-01 6.660956e-01 5.694972e-01 5.199202e-01 2.767937e-01 4.741902e-01 5.000000e-02 5.693981e-02 5.000000e-02 9.899434e-02 8.327559e-02 7.621755e-02 1.696588e-01 1.187136e-01 1.661629e-01 5.601902e-02 1.297065e-01 5.000000e-02 1.031426e-01 5.000000e-02
<GCONST> 5.582576e+01
<STATE> 10
<MEAN> 39
 -9.482141e+00 -2.419633e+01 -1.662043e+01 2.664523e+00 4.633371e+00 -5.638960e+00 1.095425e+01 -6.755009e+00 6.056738e+00 -1.187389e+01 -5.098830e+00 6.242012e-01 9.845275e-01 1.057622e-01 -2.203401e-01 9.153776e-01 8.272127e-02 -2.373545e-01 2.724522e-01 -1.227516e-01 8.742607e-01 1.879029e-01 7.487668e-01 2.251239e-01 7.137582e-01 2.408918e-03 -1.054192e-01 -6.915873e-02 9.909157e-02 -4.470140e-01 -4.136994e-01 -2.777795e-01 2.244266e-01 8.563047e-02 -6.535279e-01 -2.442901e-01 -1.520421e-02 -2.510343e-01 -5.172463e-03
<VARIANCE> 39
 5.851709e+00 6.257275e+00 1.242645e+01 7.239150e+00 2.393250e+01 2.670555e+01 9.658980e+00 5.551634e+00 1.902157e+01 6.734550e+00 2.677298e+00 1.875783e+01 5.000000e-02 1.044426e-01 1.148315e-01 2.071134e-01 5.373449e-01 8.887169e-01 3.975425e-01 6.621708e-01 1.796340e-01 9.249074e-01 2.087498e-01 1.793421e-01 2.923678e-01 5.000000e-02 5.000000e-02 5.000000e-02 1.150126e-01 1.035874e-01 9.139593e-02 1.075109e-01 7.675871e-02 9.636051e-02 6.492186e-02 7.826826e-02 5.000000e-02 7.087882e-02 5.000000e-02
<GCONST> 4.474409e+01
<STATE> 11
<MEAN> 39
 -8.182620e+00 -2.528918e+01 -1.701382e+01 5.690873e-01 2.739732e+00 -9.454725e+00 9.154636e+00 -3.858300e+00 1.801651e+00 -1.102444e+01 -4.942556e+00 1.534254e-02 9.731979e-01 -2.436327e-01 -2.705733e-01 1.063020e+00 -5.728039e-01 -1.029493e+00 -3.559879e-01 7.289756e-01 6.358958e-01 -9.299194e-01 -5.956484e-01 2.489544e-01 -2.401380e-01 -8.754662e-03 -1.631826e-01 1.987472e-01 2.550782e-02 -1.186518e-01 -2.214382e-01 1.332180e-01 4.794442e-01 -1.008308e-01 -1.633723e-01 -3.232839e-01 -6.933798e-02 -2.254458e-01 -2.688388e-03
<VARIANCE> 39
 9.867066e+00 4.811578e+00 1.710713e+01 1.225825e+01 2.544728e+01 3.114330e+01 2.665748e+00 1.063561e+01 2.447435e+01 1.036899e+01 7.616654e+00 1.661324e+01 5.000000e-02 1.283465e-01 8.374821e-02 3.936271e-01 8.571132e-01 2.518791e-01 3.671230e-01 2.083615e-01 4.972503e-01 5.748661e-01 1.401070e-01 5.190873e-01 4.221955e-01 5.000000e-02 5.000000e-02 5.000000e-02 5.000000e-02 9.497338e-02 5.000000e-02 7.085370e-02 1.509165e-01 5.000000e-02 9.229957e-02 7.076938e-02 1.392131e-01 8.755272e-02 5.000000e-02
<GCONST> 4.667905e+01
<STATE> 12
<MEAN> 39
 -9.079062e+00 -2.400173e+01 -1.462282e+01 -2.145015e-01 -8.754709e-01 -8.387667e+00 1.183265e+01 -1.748459e+00 -1.323670e+00 -1.357215e+01 -4.708274e+00 -1.356961e+00 9.452081e-01 -5.292535e-01 8.414054e-01 5.624784e-01 -4.896062e-01 -2.061123e+00 8.804581e-01 1.232064e+00 5.178629e-01 -8.490648e-01 -2.552260e-01 -5.423145e-01 -6.794379e-01 -1.519160e-02 5.796754e-02 2.509959e-01 -1.031294e-02 -1.913671e-01 -1.431082e-01 2.128360e-01 1.312074e-01 -1.998678e-01 3.718042e-01 5.417309e-01 -2.035391e-01 -2.522205e-01 -3.704746e-03
<VARIANCE> 39
 6.129138e+00 1.210242e+01 1.816739e+01 2.290546e+01 3.530689e+01 4.576498e+01 4.842166e+00 1.792973e+01 8.129236e+00 1.745874e+01 1.038060e+01 1.898614e+01 5.000000e-02 1.456431e-01 7.305691e-01 1.275768e-01 9.062460e-01 3.742177e-01 4.070014e-01 5.667011e-01 2.222926e-01 8.510568e-01 1.451367e+00 1.180738e+00 8.204877e-01 5.000000e-02 5.000000e-02 9.273183e-02 6.335133e-02 1.216297e-01 1.519538e-01 6.990524e-02 5.992383e-02 5.230137e-02 2.664923e-01 3.346708e-01 2.438082e-01 1.049979e-01 5.000000e-02
<GCONST> 6.031379e+01
<STATE> 13
<MEAN> 39
 -1.086210e+01 -2.268455e+01 -9.700874e+00 -3.755411e+00 -7.206807e+00 -2.827583e+00 1.661194e+01 -3.135755e+00 4.900178e-01 -1.276594e+01 -5.705798e+00 -4.525701e+00 9.084651e-01 4.282922e-02 6.522503e-01 1.311979e+00 -1.907493e+00 -1.433531e+00 3.136052e-01 1.047214e+00 -7.673937e-01 1.124369e+00 1.903511e+00 -2.663020e-01 -1.013456e+00 -2.438556e-02 1.765880e-01 -1.211853e-01 2.155054e-02 -3.357531e-01 3.838651e-02 -4.927729e-01 -6.036409e-01 -3.735962e-01 4.333131e-01 7.637878e-01 -4.799160e-02 1.453547e-01 -5.439455e-04
<VARIANCE> 39
 3.500162e+00 9.258631e+00 2.771638e+01 1.639557e+01 2.156961e+01 2.649736e+01 4.107784e+00 1.884511e+01 2.334628e+01 2.045635e+01 5.684184e+00 1.075140e+01 5.000000e-02 9.215052e-02 1.033577e-01 3.225345e-01 1.274105e+00 2.580097e-01 8.690335e-01 9.497715e-01 5.382473e-01 1.840928e+00 2.268398e+00 9.418275e-01 5.273970e-01 5.000000e-02 5.000000e-02 1.050135e-01 6.485453e-02 1.145549e-01 9.712251e-02 1.345986e-01 9.964362e-02 9.037124e-02 1.914575e-01 3.422821e-01 8.098606e-02 1.199786e-01 5.000000e-02
<GCONST> 5.972856e+01
<STATE> 14
<MEAN> 39
 -1.024604e+01 -2.100200e+01 -4.872482e+00 -1.180153e+01 -1.352336e+01 -4.561350e+00 1.353524e+01 -7.832233e+00 5.287074e+00 -6.049917e+00 -7.704022e+00 -4.909528e+00 8.318235e-01 2.887349e-01 7.302094e-01 5.857451e-01 -1.369208e+00 -1.179017e+00 -4.087124e-01 -9.101009e-01 -3.147800e-01 3.229787e-01 2.296874e+00 -1.199926e+00 3.693766e-01 -2.494501e-02 7.327119e-02 3.356233e-02 -5.593704e-02 2.430380e-01 2.997616e-01 -4.301594e-02 -2.742759e-01 4.568809e-01 -1.815446e-01 1.206880e-01 2.199336e-03 3.734485e-01 -5.947222e-05
<VARIANCE> 39
 2.587807e+00 7.873700e+00 3.034423e+01 3.710357e+01 3.507629e+01 8.702621e+00 2.111002e+01 2.479296e+01 3.441558e+01 2.192611e+01 1.233048e+01 1.748849e+01 5.000000e-02 7.786541e-02 2.468704e-01 2.962967e-01 1.285215e+00 1.147206e+00 1.085988e+00 1.121444e+00 1.265848e+00 2.357203e+00 3.605682e+00 5.557883e-01 1.250514e+00 5.000000e-02 5.000000e-02 5.000000e-02 7.047566e-02 2.291284e-01 1.051535e-01 2.439176e-01 4.317105e-01 7.862542e-02 7.610846e-01 4.907848e-01 2.405428e-01 1.892899e-01 5.000000e-02
<GCONST> 7.290332e+01
<STATE> 15
<MEAN> 39
 -9.685312e+00 -1.811157e+01 -7.907720e+00 -1.186513e+01 -1.089255e+01 -6.979658e+00 1.443036e+01 -4.443747e+00 3.882265e+00 2.014533e+00 -9.219433e+00 -4.651383e+00 7.771515e-01 4.996856e-01 6.133882e-01 6.925913e-01 -1.484656e+00 -8.318088e-01 -9.034979e-01 -1.265577e+00 5.165617e-01 1.047995e+00 2.631395e+00 -4.039421e-01 9.867246e-01 -1.683615e-02 2.681356e-01 -2.657888e-01 -5.182433e-03 1.477138e-01 9.318051e-02 -2.378825e-01 -3.973016e-01 4.036933e-03 -4.011660e-01 -1.019682e+00 2.595686e-01 2.217650e-01 4.912614e-04
<VARIANCE> 39
 5.104892e+00 5.092264e+00 5.550651e+01 3.907676e+01 2.429923e+01 2.679525e+01 1.531889e+01 9.860017e+00 2.193047e+01 5.947193e+00 8.499226e+00 1.885748e+01 5.000000e-02 2.329695e-01 2.976385e-01 4.524138e-01 1.489359e+00 1.150445e+00 1.208104e+00 1.277554e+00 5.167915e-01 2.046651e+00 3.947511e+00 7.128367e-01 5.992497e-01 5.000000e-02 5.000000e-02 6.450649e-02 9.970748e-02 7.410483e-02 1.388796e-01 5.631312e-02 7.772951e-02 1.521105e-01 3.298627e-01 4.012905e-01 1.806291e-01 2.439968e-01 5.000000e-02
<GCONST> 6.808588e+01
<STATE> 16
<MEAN> 39
 -5.614127e+00 -1.846445e+01 -6.454505e+00 -1.315431e+01 -1.311017e+01 -1.034782e+01 9.026543e+00 -2.437912e+00 3.113269e+00 4.111662e+00 -1.033194e+01 -1.047437e+00 7.439025e-01 1.664142e+00 -3.244532e-01 8.933893e-01 -2.956744e-01 1.345765e-01 -3.989663e-01 -1.345324e+00 6.729837e-02 -5.346182e-01 -1.257455e+00 8.010905e-01 4.432143e-01 -2.744011e-02 2.489560e-01 -1.554195e-01 -8.620945e-02 5.546048e-01 4.946473e-01 3.848063e-01 2.213471e-01 -1.602103e-01 -2.077963e-01 -8.763291e-01 3.850544e-01 -3.110247e-01 -4.374631e-03
<VARIANCE> 39
 6.803716e+00 3.783257e+00 4.064736e+01 1.366942e+01 1.079123e+01 1.638748e+01 2.649498e+01 1.842746e+01 5.420765e+00 1.290024e+01 1.379725e+01 1.724036e+01 5.000000e-02 3.798539e-01 3.188136e-01 5.770901e-01 2.146894e+00 2.289651e+00 5.897094e-01 5.826331e-01 1.961877e+00 1.547645e+00 1.282293e+00 1.504677e+00 8.920890e-01 5.000000e-02 5.000000e-02 8.519957e-02 2.268960e-01 1.507180e-01 1.207478e-01 6.497700e-02 1.413072e-01 2.582860e-01 1.472070e-01 5.601038e-01 2.746634e-01 1.601141e-01 5.000000e-02
<GCONST> 7.024828e+01
<STATE> 17
<MEAN> 39
 -9.860406e-01 -2.012537e+01 -3.324149e+00 -1.062856e+01 -1.193533e+01 -7.473226e+00 6.558146e+00 -4.295983e+00 1.515584e+00 -3.877563e+00 -7.676413e+00 -2.048433e+00 6.068589e-01 1.217695e+00 -6.434212e-01 3.239100e-01 9.639144e-01 1.000837e+00 2.922333e-02 -7.939767e-01 -8.157427e-01 -6.405309e-01 -1.238092e+00 8.694831e-01 -7.219189e-01 -3.266485e-02 -3.666618e-01 -3.393261e-02 -1.505034e-02 1.239671e-01 -2.270019e-01 1.069333e-01 2.804881e-01 -4.234559e-02 7.736703e-02 5.277995e-01 6.334937e-02 5.947826e-02 1.510425e-03
<VARIANCE> 39
 1.404878e+01 7.494209e+00 3.068103e+01 2.069559e+01 3.234403e+01 3.737827e+01 3.076126e+01 2.210437e+01 1.559979e+01 7.898318e+00 1.280732e+01 8.000269e+00 5.000000e-02 7.103871e-01 8.061081e-01 1.593632e+00 1.215002e+00 4.497446e-01 4.591273e-01 1.271936e+00 1.849447e+00 1.701284e+00 1.157717e+00 4.450106e-01 1.013684e+00 5.000000e-02 1.292408e-01 9.328529e-02 1.600999e-01 1.020934e-01 4.035289e-01 2.203262e-01 3.432673e-01 6.456177e-01 2.633925e-01 1.979505e-01 2.653601e-01 2.813845e-01 5.000000e-02
<GCONST> 7.811866e+01
<STATE> 18
<MEAN> 39
 9.134993e-02 -2.012811e+01 -3.125299e+00 -1.073136e+01 -1.014319e+01 -9.005357e+00 5.738567e+00 -4.826147e+00 1.626429e+00 -1.754133e+00 -5.544809e+00 -2.144118e+00 5.989559e-01 7.805265e-01 -6.892856e-01 4.490896e-01 7.474274e-01 -3.690334e-01 7.560723e-01 2.090305e-01 4.226809e-01 -8.301889e-01 1.586961e-01 1.289806e+00 5.440791e-01 -2.725828e-02 -2.656493e-01 -1.398346e-01 -2.041712e-01 1.086899e-02 -3.180308e-01 3.109050e-01 3.213165e-01 2.733400e-01 -1.323736e-01 1.728343e-01 -5.506328e-02 -3.359631e-02 1.304709e-03
<VARIANCE> 39
 2.510648e+01 9.744822e+00 3.077389e+01 4.783642e+01 1.149743e+01 2.147985e+01 2.987327e+00 1.974960e+01 8.018544e+00 9.650483e+00 5.060442e+00 2.375088e+01 5.000000e-02 1.182591e+00 1.824278e-01 1.160611e+00 8.490363e-01 1.524535e+00 8.689142e-01 4.035055e+00 1.031666e+00 6.640695e-01 1.816609e+00 6.950904e-01 1.286885e+00 5.000000e-02 1.819010e-01 1.332241e-01 1.016566e-01 1.279454e-01 1.074175e-01 2.299678e-01 1.403644e-01 3.913058e-01 2.812671e-01 2.094299e-01 1.959530e-01 4.964786e-01 5.000000e-02
<GCONST> 7.461713e+01
<STATE> 19
<MEAN> 39
 -1.604020e-02 -2.246694e+01 -3.484099e+00 -9.116333e+00 -1.142073e+01 -6.144425e+00 8.182220e+00 -3.079155e+00 -1.690097e+00 -1.994495e+00 -2.711792e+00 -1.777830e+00 5.152269e-01 5.798428e-02 -8.351920e-01 -6.176253e-02 1.253202e+00 -6.263716e-02 8.065572e-01 -3.307908e-01 1.642144e-01 -6.670380e-01 -6.217403e-01 1.352531e-02 -6.317267e-01 -2.923004e-02 -8.787363e-02 2.324722e-01 2.814918e-02 3.136130e-01 3.998505e-01 -1.558924e-01 -3.474488e-01 5.273037e-02 3.153929e-01 -3.871555e-01 -5.341762e-01 -3.201167e-01 1.101311e-03
<VARIANCE> 39
 2.976627e+01 7.493783e+00 1.831154e+01 5.420205e+01 8.069635e+00 1.081559e+01 1.920182e+01 1.518831e+01 7.783099e+00 3.306924e+01 1.596879e+01 7.940059e+00 5.000000e-02 2.701408e+00 5.508246e-01 3.149203e-01 8.559881e-01 1.543053e+00 1.845695e+00 2.558135e+00 1.320938e+00 9.682552e-01 1.983560e+00 1.231344e+00 2.334152e+00 5.000000e-02 2.214209e-01 8.145797e-02 5.000000e-02 3.238517e-01 3.963568e-01 1.579233e-01 5.124732e-01 2.018119e-01 1.216922e-01 9.501624e-01 4.040380e-01 1.880234e-01 5.000000e-02
<GCONST> 8.068119e+01
<STATE> 20
<MEAN> 39
 3.190797e-01 -2.384795e+01 -2.218071e+00 -5.726490e+00 -1.146189e+01 -4.771002e+00 4.758419e+00 -2.812587e+00 -8.319820e-01 -4.608521e+00 -5.228383e+00 -3.352499e+00 4.669338e-01 2.341474e-01 6.027750e-01 1.058685e-01 1.123538e+00 9.147924e-01 1.677085e-01 -3.874383e-01 6.479937e-01 3.990640e-02 -6.198728e-01 -1.599473e-01 -5.719517e-01 -1.934803e-02 -5.210617e-02 4.083282e-01 -2.353056e-01 6.001861e-03 4.374658e-01 -4.201797e-01 3.889337e-01 -7.363303e-02 5.458582e-02 8.532110e-02 1.253435e-01 1.391984e-01 -1.117914e-03
<VARIANCE> 39
 1.634178e+01 7.884315e+00 1.331823e+01 4.530002e+01 3.304946e+01 1.575829e+01 1.638200e+01 9.475008e+00 4.918597e+00 4.648854e+00 1.396689e+01 7.632400e+00 5.000000e-02 7.827489e-01 3.805174e-01 3.431823e-01 5.072756e+00 1.659582e+00 8.629850e-01 1.315873e+00 1.241642e+00 1.528685e+00 3.545693e+00 1.803530e+00 3.009506e-01 5.000000e-02 1.774983e-01 7.932082e-02 6.005606e-02 3.269697e-01 3.409301e-01 1.218255e-01 3.278791e-01 1.393567e-01 3.167678e-01 2.523231e-01 2.160967e-01 1.916847e-01 5.000000e-02
<GCONST> 7.415138e+01
<STATE> 21
<MEAN> 39
 1.996820e+00 -2.013307e+01 -3.249658e+00 -2.977251e+00 -8.223475e+00 -6.037459e+00 6.368350e+00 -2.544127e+00 -2.645999e+00 -6.784142e+00 -4.922137e+00 -5.036709e+00 4.385960e-01 -2.145350e-01 7.698605e-01 -7.768753e-01 1.918159e+00 1.966570e+00 -3.425161e-01 7.288813e-01 6.805068e-01 -7.295731e-02 -1.195514e+00 5.333615e-02 -4.974188e-01 -3.630338e-02 -2.632462e-01 -1.159996e-01 -1.599209e-01 -3.530210e-01 -4.493804e-02 -7.710066e-02 -2.493679e-01 9.837230e-02 2.064443e-01 2.366215e-01 8.781484e-02 2.657765e-01 -4.892408e-03
<VARIANCE> 39
 1.043602e+01 9.295071e+00 1.849596e+01 2.324088e+01 3.194299e+01 1.572430e+01 9.764043e+00 5.551184e+00 1.052668e+01 1.047904e+01 1.417014e+01 1.594021e+01 5.000000e-02 1.262760e-01 2.986515e-01 3.268431e-01 1.482820e+00 8.732647e-01 2.924353e-01 6.278701e-01 2.765677e-01 2.087521e+00 2.992546e+00 3.475602e+00 2.289217e+00 5.000000e-02 6.002500e-02 1.210631e-01 7.673141e-02 4.610875e-01 4.470622e-01 1.727677e-01 1.514033e-01 7.681518e-02 2.642585e-01 5.287870e-01 2.577362e-01 9.875932e-02 5.000000e-02
<GCONST> 6.953163e+01
<STATE> 22
<MEAN> 39
 -6.338884e-01 -2.080802e+01 -5.442514e+00 4.178444e-01 -4.460392e+00 -8.089811e+00 4.569684e+00 -1.398458e+00 1.562077e-01 -6.566129e+00 -4.569285e+00 -4.311818e+00 3.170078e-01 -9.906086e-01 8.560578e-02 -7.739292e-01 1.597084e-01 7.431899e-01 -6.008989e-01 -7.197403e-01 -8.847659e-02 -2.652113e-01 7.112998e-02 4.776479e-01 1.292502e+00 -4.346203e-02 -1.945442e-01 -5.308358e-02 2.458894e-01 -1.806049e-01 -1.735145e-01 3.167985e-01 1.697071e-01 1.113187e-02 -1.587241e-01 3.063039e-02 1.196142e-01 2.267825e-01 -4.837842e-03
<VARIANCE> 39
 1.063475e+01 1.626764e+01 1.034920e+01 9.960160e+00 1.940696e+01 1.124957e+01 1.108381e+01 1.409194e+01 1.344557e+01 1.148431e+01 2.360531e+01 3.919043e+01 5.000000e-02 4.388229e-01 7.502732e-01 8.593871e-01 2.768153e-01 1.839184e+00 1.298648e+00 5.142702e-01 1.064218e+00 7.440511e-01 1.049479e+00 1.635796e+00 1.422047e+00 5.000000e-02 5.220723e-02 1.326531e-01 1.833752e-01 1.771435e-01 2.106768e-01 1.693119e-01 2.067051e-01 3.759018e-01 2.584943e-01 3.860703e-01 5.077035e-01 6.140260e-01 5.000000e-02
<GCONST> 7.534512e+01
<STATE> 23
<MEAN> 39
 -3.562873e+00 -1.909624e+01 -6.383880e+00 -5.560909e-01 -2.236290e+00 -5.824897e+00 5.441075e+00 -4.640093e-01 -4.229681e+00 -8.558927e+00 -2.665084e+00 -1.750641e+00 1.865789e-01 -1.002475e+00 8.073932e-01 9.478135e-01 2.938137e-01 2.369865e-01 8.879495e-01 4.439622e-01 2.481025e-01 6.441612e-01 5.649122e-02 2.488396e-01 7.901309e-02 -4.751121e-02 2.871343e-01 4.591554e-01 2.416547e-01 -1.596277e-01 -3.011157e-01 2.118590e-02 5.601037e-02 -1.532894e-01 3.755017e-01 3.193695e-01 1.569490e-01 -1.145669e-01 6.924324e-03
<VARIANCE> 39
 6.632952e+00 9.974334e+00 6.187743e+00 7.018127e+00 1.292597e+01 3.849713e+00 1.739287e+01 1.505405e+01 4.413690e+00 3.029908e+00 6.174240e+00 1.547026e+01 5.000000e-02 3.655786e-01 9.333272e-01 6.299563e-01 1.242101e+00 1.462691e+00 7.982863e-01 1.200180e+00 3.652833e+00 9.289453e-01 2.776798e-01 9.911137e-01 1.624744e+00 5.000000e-02 5.000000e-02 5.000000e-02 1.650089e-01 9.185633e-02 2.869740e-01 7.240289e-02 1.692377e-01 5.922178e-01 1.235523e-01 2.490344e-01 4.185768e-01 3.638481e-01 5.000000e-02
<GCONST> 6.499634e+01
<STATE> 24
<MEAN> 39
 -5.429576e+00 -1.725709e+01 -4.098723e+00 6.693554e-01 -3.173825e+00 -6.924281e+00 6.010921e+00 1.230010e+00 1.658338e+00 -5.537284e+00 -1.456358e+00 -2.284149e-02 8.338241e-02 1.073072e-02 1.867334e+00 8.471556e-01 -3.697952e-01 3.683318e-01 -2.213076e-01 -3.207780e-01 9.998989e-02 2.590670e-01 4.980600e-01 7.938466e-01 3.635833e-01 -2.430602e-02 1.730364e-01 1.324746e-01 1.207177e-01 -1.181484e-01 1.718386e-01 9.169725e-02 -2.013875e-01 -2.591111e-01 -4.142917e-01 -6.040812e-02 7.271000e-02 -5.287563e-02 8.488483e-03
<VARIANCE> 39
 1.531739e+00 1.407237e+01 2.659985e+00 4.058323e+00 9.662027e+00 7.857758e+00 9.603027e+00 1.325377e+01 7.551634e+00 2.676585e+00 1.228037e+01 9.900551e+00 5.000000e-02 1.037349e-01 4.613976e-01 4.311292e-01 6.896425e-01 2.891244e-01 6.433464e-01 6.417948e-01 2.215874e+00 1.584910e+00 1.385095e+00 1.991291e+00 8.391322e-01 5.000000e-02 5.000000e-02 1.849600e-01 2.172902e-01 1.946492e-01 9.520418e-02 2.725842e-01 1.735455e-01 3.936345e-01 1.439002e-01 8.414324e-02 2.192483e-01 1.158453e-01 5.000000e-02
<GCONST> 5.857168e+01
<STATE> 25
<MEAN> 39
 -4.019482e+00 -1.177699e+01 -8.358240e-01 -5.532355e-01 -9.591894e-01 -5.423270e+00 4.435291e+00 -1.058691e+00 -6.776072e-01 -5.818079e+00 6.394547e-01 5.185726e-01 9.297962e-02 -1.485147e-01 9.819882e-01 4.949543e-01 -2.958358e-01 8.352083e-01 1.386119e+00 7.021945e-03 1.022420e-01 -3.225204e-01 -6.833284e-02 7.026606e-01 1.212632e-01 -1.103313e-02 -2.398786e-01 -5.817930e-01 -4.225980e-01 7.180228e-02 -5.544308e-03 1.515337e-01 1.678484e-02 -7.079256e-03 -1.542749e-02 3.748007e-02 -1.325380e-01 -1.965836e-01 -2.912865e-03
<VARIANCE> 39
 1.832116e+00 8.593331e+00 7.012803e+00 7.165815e+00 4.839941e+00 1.180214e+01 1.894835e+00 1.139688e+01 3.365429e+00 8.840047e+00 1.195775e+01 6.689281e+00 5.000000e-02 3.149092e-01 1.381971e+00 1.056240e+00 1.000187e-01 1.156717e+00 4.631556e-01 8.220103e-01 6.539928e-01 4.494682e-01 4.278726e-01 8.186349e-01 4.445345e-01 5.000000e-02 5.000000e-02 1.220671e-01 9.783905e-02 1.481910e-01 1.260769e-01 1.753706e-01 5.000000e-02 4.011213e-01 2.171069e-01 3.379260e-01 2.284525e-01 1.232717e-01 5.000000e-02
<GCONST> 5.403639e+01
<STATE> 26
<MEAN> 39
 -5.629669e+00 -1.167342e+01 -2.056842e+00 -1.598025e+00 3.677469e-01 -2.397826e+00 4.940941e+00 -5.793643e-01 -1.308528e+00 -5.135064e+00 2.233196e+00 4.379378e-01 3.554293e-02 -7.696828e-01 -7.117892e-02 -4.900214e-01 -1.073142e-01 1.933493e-01 5.643623e-01 -1.187692e-01 -6.586865e-01 -2.040598e-01 7.284276e-01 3.821450e-01 -2.212000e-01 -2.782432e-02 1.223447e-02 -1.896025e-01 -1.354647e-01 1.645787e-01 -2.729395e-01 -5.938810e-01 -6.949072e-02 -9.702206e-02 2.965100e-01 2.542382e-01 -1.766237e-01 -1.140398e-01 -8.653635e-04
<VARIANCE> 39
 6.904118e-01 2.263582e+00 1.382637e+01 2.031244e+00 9.182971e+00 7.175651e+00 8.913708e+00 1.470791e+01 2.028048e+00 7.912687e+00 6.847445e+00 3.114577e+00 5.000000e-02 9.678820e-02 7.256602e-01 5.388061e-01 9.624276e-01 4.042329e-01 1.111645e+00 3.249449e-01 2.112693e+00 1.071954e+00 8.999814e-01 5.899207e-01 1.464165e-01 5.000000e-02 5.000000e-02 1.081366e-01 2.277122e-01 7.987576e-02 1.869050e-01 8.998010e-02 5.000000e-02 8.850685e-02 5.000000e-02 1.426377e-01 1.166265e-01 5.000000e-02 5.000000e-02
<GCONST> 4.557716e+01
<TRANSP> 27
 0.000000e+00 1.000000e+00 0.000000e+00 0.000000e+00 0.000000e+00 0.000000e+00 0.000000e+00 0.000000e+00 0.000000e+00 0.000000e+00 0.000000e+00 0.000000e+00 0.000000e+00 0.000000e+00 0.000000e+00 0.000000e+00 0.000000e+00 0.000000e+00 0.000000e+00 0.000000e+00 0.000000e+00 0.000000e+00 0.000000e+00 0.000000e+00 0.000000e+00 0.000000e+00 0.000000e+00
 0.000000e+00 6.873659e-01 3.126340e-01 0.000000e+00 0.000000e+00 0.000000e+00 0.000000e+00 0.000000e+00 0.000000e+00 0.000000e+00 0.000000e+00 0.000000e+00 0.000000e+00 0.000000e+00 0.000000e+00 0.000000e+00 0.000000e+00 0.000000e+00 0.000000e+00 0.000000e+00 0.000000e+00 0.000000e+00 0.000000e+00 0.000000e+00 0.000000e+00 0.000000e+00 0.000000e+00
 0.000000e+00 0.000000e+00 4.442362e-01 5.557638e-01 0.000000e+00 0.000000e+00 0.000000e+00 0.000000e+00 0.000000e+00 0.000000e+00 0.000000e+00 0.000000e+00 0.000000e+00 0.000000e+00 0.000000e+00 0.000000e+00 0.000000e+00 0.000000e+00 0.000000e+00 0.000000e+00 0.000000e+00 0.000000e+00 0.000000e+00 0.000000e+00 0.000000e+00 0.000000e+00 0.000000e+00
 0.000000e+00 0.000000e+00 0.000000e+00 5.458202e-01 4.541798e-01 0.000000e+00 0.000000e+00 0.000000e+00 0.000000e+00 0.000000e+00 0.000000e+00 0.000000e+00 0.000000e+00 0.000000e+00 0.000000e+00 0.000000e+00 0.000000e+00 0.000000e+00 0.000000e+00 0.000000e+00 0.000000e+00 0.000000e+00 0.000000e+00 0.000000e+00 0.000000e+00 0.000000e+00 0.000000e+00
 0.000000e+00 0.000000e+00 0.000000e+00 0.000000e+00 4.998727e-01 5.001273e-01 0.000000e+00 0.000000e+00 0.000000e+00 0.000000e+00 0.000000e+00 0.000000e+00 0.000000e+00 0.000000e+00 0.000000e+00 0.000000e+00 0.000000e+00 0.000000e+00 0.000000e+00 0.000000e+00 0.000000e+00 0.000000e+00 0.000000e+00 0.000000e+00 0.000000e+00 0.000000e+00 0.000000e+00
 0.000000e+00 0.000000e+00 0.000000e+00 0.000000e+00 0.000000e+00 5.456495e-01 4.543505e-01 0.000000e+00 0.000000e+00 0.000000e+00 0.000000e+00 0.000000e+00 0.000000e+00 0.000000e+00 0.000000e+00 0.000000e+00 0.000000e+00 0.000000e+00 0.000000e+00 0.000000e+00 0.000000e+00 0.000000e+00 0.000000e+00 0.000000e+00 0.000000e+00 0.000000e+00 0.000000e+00
 0.000000e+00 0.000000e+00 0.000000e+00 0.000000e+00 0.000000e+00 0.000000e+00 6.427938e-01 3.572062e-01 0.000000e+00 0.000000e+00 0.000000e+00 0.000000e+00 0.000000e+00 0.000000e+00 0.000000e+00 0.000000e+00 0.000000e+00 0.000000e+00 0.000000e+00 0.000000e+00 0.000000e+00 0.000000e+00 0.000000e+00 0.000000e+00 0.000000e+00 0.000000e+00 0.000000e+00
 0.000000e+00 0.000000e+00 0.000000e+00 0.000000e+00 0.000000e+00 0.000000e+00 0.000000e+00 4.997498e-01 5.002502e-01 0.000000e+00 0.000000e+00 0.000000e+00 0.000000e+00 0.000000e+00 0.000000e+00 0.000000e+00 0.000000e+00 0.000000e+00 0.000000e+00 0.000000e+00 0.000000e+00 0.000000e+00 0.000000e+00 0.000000e+00 0.000000e+00 0.000000e+00 0.000000e+00
 0.000000e+00 0.000000e+00 0.000000e+00 0.000000e+00 0.000000e+00 0.000000e+00 0.000000e+00 0.000000e+00 6.667790e-01 3.332210e-01 0.000000e+00 0.000000e+00 0.000000e+00 0.000000e+00 0.000000e+00 0.000000e+00 0.000000e+00 0.000000e+00 0.000000e+00 0.000000e+00 0.000000e+00 0.000000e+00 0.000000e+00 0.000000e+00 0.000000e+00 0.000000e+00 0.000000e+00
 0.000000e+00 0.000000e+00 0.000000e+00 0.000000e+00 0.000000e+00 0.000000e+00 0.000000e+00 0.000000e+00 0.000000e+00 4.446257e-01 5.553743e-01 0.000000e+00 0.000000e+00 0.000000e+00 0.000000e+00 0.000000e+00 0.000000e+00 0.000000e+00 0.000000e+00 0.000000e+00 0.000000e+00 0.000000e+00 0.000000e+00 0.000000e+00 0.000000e+00 0.000000e+00 0.000000e+00
 0.000000e+00 0.000000e+00 0.000000e+00 0.000000e+00 0.000000e+00 0.000000e+00 0.000000e+00 0.000000e+00 0.000000e+00 0.000000e+00 4.446912e-01 5.553088e-01 0.000000e+00 0.000000e+00 0.000000e+00 0.000000e+00 0.000000e+00 0.000000e+00 0.000000e+00 0.000000e+00 0.000000e+00 0.000000e+00 0.000000e+00 0.000000e+00 0.000000e+00 0.000000e+00 0.000000e+00
 0.000000e+00 0.000000e+00 0.000000e+00 0.000000e+00 0.000000e+00 0.000000e+00 0.000000e+00 0.000000e+00 0.000000e+00 0.000000e+00 0.000000e+00 6.670598e-01 3.329402e-01 0.000000e+00 0.000000e+00 0.000000e+00 0.000000e+00 0.000000e+00 0.000000e+00 0.000000e+00 0.000000e+00 0.000000e+00 0.000000e+00 0.000000e+00 0.000000e+00 0.000000e+00 0.000000e+00
 0.000000e+00 0.000000e+00 0.000000e+00 0.000000e+00 0.000000e+00 0.000000e+00 0.000000e+00 0.000000e+00 0.000000e+00 0.000000e+00 0.000000e+00 0.000000e+00 5.835797e-01 4.164203e-01 0.000000e+00 0.000000e+00 0.000000e+00 0.000000e+00 0.000000e+00 0.000000e+00 0.000000e+00 0.000000e+00 0.000000e+00 0.000000e+00 0.000000e+00 0.000000e+00 0.000000e+00
 0.000000e+00 0.000000e+00 0.000000e+00 0.000000e+00 0.000000e+00 0.000000e+00 0.000000e+00 0.000000e+00 0.000000e+00 0.000000e+00 0.000000e+00 0.000000e+00 0.000000e+00 6.248524e-01 3.751476e-01 0.000000e+00 0.000000e+00 0.000000e+00 0.000000e+00 0.000000e+00 0.000000e+00 0.000000e+00 0.000000e+00 0.000000e+00 0.000000e+00 0.000000e+00 0.000000e+00
 0.000000e+00 0.000000e+00 0.000000e+00 0.000000e+00 0.000000e+00 0.000000e+00 0.000000e+00 0.000000e+00 0.000000e+00 0.000000e+00 0.000000e+00 0.000000e+00 0.000000e+00 0.000000e+00 5.705260e-01 4.294741e-01 0.000000e+00 0.000000e+00 0.000000e+00 0.000000e+00 0.000000e+00 0.000000e+00 0.000000e+00 0.000000e+00 0.000000e+00 0.000000e+00 0.000000e+00
 0.000000e+00 0.000000e+00 0.000000e+00 0.000000e+00 0.000000e+00 0.000000e+00 0.000000e+00 0.000000e+00 0.000000e+00 0.000000e+00 0.000000e+00 0.000000e+00 0.000000e+00 0.000000e+00 0.000000e+00 6.157034e-01 3.842966e-01 0.000000e+00 0.000000e+00 0.000000e+00 0.000000e+00 0.000000e+00 0.000000e+00 0.000000e+00 0.000000e+00 0.000000e+00 0.000000e+00
 0.000000e+00 0.000000e+00 0.000000e+00 0.000000e+00 0.000000e+00 0.000000e+00 0.000000e+00 0.000000e+00 0.000000e+00 0.000000e+00 0.000000e+00 0.000000e+00 0.000000e+00 0.000000e+00 0.000000e+00 0.000000e+00 5.000612e-01 4.999388e-01 0.000000e+00 0.000000e+00 0.000000e+00 0.000000e+00 0.000000e+00 0.000000e+00 0.000000e+00 0.000000e+00 0.000000e+00
 0.000000e+00 0.000000e+00 0.000000e+00 0.000000e+00 0.000000e+00 0.000000e+00 0.000000e+00 0.000000e+00 0.000000e+00 0.000000e+00 0.000000e+00 0.000000e+00 0.000000e+00 0.000000e+00 0.000000e+00 0.000000e+00 0.000000e+00 5.453392e-01 4.546608e-01 0.000000e+00 0.000000e+00 0.000000e+00 0.000000e+00 0.000000e+00 0.000000e+00 0.000000e+00 0.000000e+00
 0.000000e+00 0.000000e+00 0.000000e+00 0.000000e+00 0.000000e+00 0.000000e+00 0.000000e+00 0.000000e+00 0.000000e+00 0.000000e+00 0.000000e+00 0.000000e+00 0.000000e+00 0.000000e+00 0.000000e+00 0.000000e+00 0.000000e+00 0.000000e+00 5.834017e-01 4.165983e-01 0.000000e+00 0.000000e+00 0.000000e+00 0.000000e+00 0.000000e+00 0.000000e+00 0.000000e+00
 0.000000e+00 0.000000e+00 0.000000e+00 0.000000e+00 0.000000e+00 0.000000e+00 0.000000e+00 0.000000e+00 0.000000e+00 0.000000e+00 0.000000e+00 0.000000e+00 0.000000e+00 0.000000e+00 0.000000e+00 0.000000e+00 0.000000e+00 0.000000e+00 0.000000e+00 5.454428e-01 4.545572e-01 0.000000e+00 0.000000e+00 0.000000e+00 0.000000e+00 0.000000e+00 0.000000e+00
 0.000000e+00 0.000000e+00 0.000000e+00 0.000000e+00 0.000000e+00 0.000000e+00 0.000000e+00 0.000000e+00 0.000000e+00 0.000000e+00 0.000000e+00 0.000000e+00 0.000000e+00 0.000000e+00 0.000000e+00 0.000000e+00 0.000000e+00 0.000000e+00 0.000000e+00 0.000000e+00 4.993748e-01 5.006252e-01 0.000000e+00 0.000000e+00 0.000000e+00 0.000000e+00 0.000000e+00
 0.000000e+00 0.000000e+00 0.000000e+00 0.000000e+00 0.000000e+00 0.000000e+00 0.000000e+00 0.000000e+00 0.000000e+00 0.000000e+00 0.000000e+00 0.000000e+00 0.000000e+00 0.000000e+00 0.000000e+00 0.000000e+00 0.000000e+00 0.000000e+00 0.000000e+00 0.000000e+00 0.000000e+00 6.666946e-01 3.333054e-01 0.000000e+00 0.000000e+00 0.000000e+00 0.000000e+00
 0.000000e+00 0.000000e+00 0.000000e+00 0.000000e+00 0.000000e+00 0.000000e+00 0.000000e+00 0.000000e+00 0.000000e+00 0.000000e+00 0.000000e+00 0.000000e+00 0.000000e+00 0.000000e+00 0.000000e+00 0.000000e+00 0.000000e+00 0.000000e+00 0.000000e+00 0.000000e+00 0.000000e+00 0.000000e+00 5.455012e-01 4.544987e-01 0.000000e+00 0.000000e+00 0.000000e+00
 0.000000e+00 0.000000e+00 0.000000e+00 0.000000e+00 0.000000e+00 0.000000e+00 0.000000e+00 0.000000e+00 0.000000e+00 0.000000e+00 0.000000e+00 0.000000e+00 0.000000e+00 0.000000e+00 0.000000e+00 0.000000e+00 0.000000e+00 0.000000e+00 0.000000e+00 0.000000e+00 0.000000e+00 0.000000e+00 0.000000e+00 6.153367e-01 3.846633e-01 0.000000e+00 0.000000e+00
 0.000000e+00 0.000000e+00 0.000000e+00 0.000000e+00 0.000000e+00 0.000000e+00 0.000000e+00 0.000000e+00 0.000000e+00 0.000000e+00 0.000000e+00 0.000000e+00 0.000000e+00 0.000000e+00 0.000000e+00 0.000000e+00 0.000000e+00 0.000000e+00 0.000000e+00 0.000000e+00 0.000000e+00 0.000000e+00 0.000000e+00 0.000000e+00 5.000147e-01 4.999853e-01 0.000000e+00
 0.000000e+00 0.000000e+00 0.000000e+00 0.000000e+00 0.000000e+00 0.000000e+00 0.000000e+00 0.000000e+00 0.000000e+00 0.000000e+00 0.000000e+00 0.000000e+00 0.000000e+00 0.000000e+00 0.000000e+00 0.000000e+00 0.000000e+00 0.000000e+00 0.000000e+00 0.000000e+00 0.000000e+00 0.000000e+00 0.000000e+00 0.000000e+00 0.000000e+00 4.444511e-01 5.555490e-01
 0.000000e+00 0.000000e+00 0.000000e+00 0.000000e+00 0.000000e+00 0.000000e+00 0.000000e+00 0.000000e+00 0.000000e+00 0.000000e+00 0.000000e+00 0.000000e+00 0.000000e+00 0.000000e+00 0.000000e+00 0.000000e+00 0.000000e+00 0.000000e+00 0.000000e+00 0.000000e+00 0.000000e+00 0.000000e+00 0.000000e+00 0.000000e+00 0.000000e+00 0.000000e+00 0.000000e+00
<ENDHMM>
