~o
<STREAMINFO> 1 13
<VECSIZE> 13<NULLD><MFCC_E><DIAGC>
~h "Nhanh"
<BEGINHMM>
<NUMSTATES> 38
<STATE> 2
<MEAN> 13
 -7.571675e+00 -1.020250e+01 1.915469e+00 -3.306766e+00 -1.736855e+00 1.586431e+00 2.869326e-01 -3.995232e+00 8.930644e+00 -2.756746e+00 -2.736075e+00 2.917850e+00 1.896029e-02
<VARIANCE> 13
 1.810570e+00 2.181624e+00 7.478590e+00 5.819794e+00 4.574816e+00 1.219014e+01 1.788310e+01 1.619979e+01 2.219544e+01 1.067601e+01 1.408187e+01 2.100228e+01 5.000000e-02
<GCONST> 4.689115e+01
<STATE> 3
<MEAN> 13
 -5.808458e+00 -8.198534e+00 -1.639440e+00 -2.029057e+00 -5.665812e-01 -3.991258e+00 1.181741e+00 -3.878072e+00 2.487852e+00 -3.200890e+00 -2.422609e-01 -2.285592e+00 5.622616e-02
<VARIANCE> 13
 6.497244e+00 5.056756e+00 4.379180e+00 5.188446e+00 3.188556e+00 9.663672e+00 8.912153e+00 7.869270e+00 1.769308e+01 1.639560e+01 1.633396e+01 4.460560e+00 5.000000e-02
<GCONST> 4.514910e+01
<STATE> 4
<MEAN> 13
 4.126705e+00 -5.887678e+00 -8.124625e+00 -1.216924e+01 -5.307669e+00 -7.926847e+00 -3.767844e-01 -4.579925e+00 -5.248265e+00 -8.076264e+00 -3.328859e+00 -5.017966e+00 4.189338e-01
<VARIANCE> 13
 2.048183e+01 2.656486e+00 1.127312e+01 1.192501e+01 1.436787e+01 1.705710e+01 5.476309e+00 9.077688e+00 1.972943e+01 6.251309e+00 5.730632e+00 9.353000e+00 5.000000e-02
<GCONST> 4.799851e+01
<STATE> 5
<MEAN> 13
 5.989132e+00 -8.097596e+00 -9.457126e+00 -1.022159e+01 -5.710222e+00 -6.615804e+00 9.787650e-01 -5.948868e+00 -2.651652e+00 -5.429951e+00 -5.234556e+00 -6.146339e+00 4.934090e-01
<VARIANCE> 13
 3.036142e+01 6.059556e-01 1.105613e+01 9.982198e-01 1.142501e+01 6.096402e+00 6.663483e+00 5.346428e+00 1.266723e+01 5.533159e+00 3.452202e+00 6.138928e+00 5.000000e-02
<GCONST> 4.133011e+01
<STATE> 6
<MEAN> 13
 7.326522e+00 -1.040556e+01 -1.156331e+01 -1.013464e+01 -5.653131e+00 -1.226000e+01 -8.704809e-01 -6.007752e+00 -4.049605e+00 -7.762261e+00 -7.926953e+00 -4.796524e+00 6.089877e-01
<VARIANCE> 13
 1.950625e+01 7.289445e+00 1.889585e+01 7.413742e+00 4.368478e+00 4.488189e+01 3.837696e+00 8.142492e+00 1.445360e+01 6.423885e+00 8.185868e+00 1.138326e+01 5.000000e-02
<GCONST> 4.858205e+01
<STATE> 7
<MEAN> 13
 -3.071748e+00 -1.131522e+01 -2.043298e+00 -1.854586e+01 -4.916572e+00 -4.749356e+00 -2.071139e+00 -4.400271e+00 -2.876395e+00 -4.230092e+00 -9.249656e+00 -3.799140e+00 6.365539e-01
<VARIANCE> 13
 3.125526e+01 1.892030e+01 5.063551e+01 2.520282e+01 1.921007e+01 9.476060e+01 8.725771e+00 1.937460e+01 6.306740e+01 2.113839e+01 2.087674e+01 1.455668e+01 5.000000e-02
<GCONST> 5.997971e+01
<STATE> 8
<MEAN> 13
 -8.857251e+00 -1.411589e+01 -5.263425e+00 -1.420411e+01 -7.712783e+00 -5.430413e+00 6.479549e+00 -5.797620e+00 -5.559370e-01 -7.216938e+00 -7.343229e+00 -1.125892e+01 7.582292e-01
<VARIANCE> 13
 1.297412e+01 1.031815e+01 1.948228e+01 6.428559e+00 3.936936e+01 7.774568e+01 1.089785e+01 2.172048e+01 2.987087e+01 6.660973e+00 1.842813e+01 1.927600e+01 5.000000e-02
<GCONST> 5.528294e+01
<STATE> 9
<MEAN> 13
 -1.140509e+01 -1.902671e+01 -4.813563e+00 -1.250034e+01 -5.767181e+00 9.781256e-02 9.622030e+00 -2.447612e+00 -1.999947e+00 -1.000551e+01 -6.161656e+00 -1.337452e+01 8.262338e-01
<VARIANCE> 13
 1.275016e+00 6.544396e+00 1.966412e+01 6.295620e+00 5.178083e+01 3.540057e+01 2.132980e+01 9.386139e-01 2.524815e+01 7.273912e+00 1.670592e+01 1.454526e+01 5.000000e-02
<GCONST> 4.905346e+01
<STATE> 10
<MEAN> 13
 -1.234479e+01 -2.264701e+01 -5.762208e+00 -1.137102e+01 -3.410341e+00 2.249451e+00 1.036128e+01 -4.265886e-01 -1.299714e+00 -1.029001e+01 -3.322684e+00 -9.298356e+00 8.929893e-01
<VARIANCE> 13
 3.688009e+00 1.698395e+01 1.545271e+01 1.005227e+01 2.661673e+01 3.795539e+01 1.812800e+01 6.113718e+00 2.644421e+01 4.637275e+00 1.371901e+01 2.079663e+01 5.000000e-02
<GCONST> 5.216829e+01
<STATE> 11
<MEAN> 13
 -9.904524e+00 -2.189910e+01 -1.360935e+01 -4.675320e+00 2.011974e+00 -7.603661e+00 1.382485e+01 -1.365614e+00 -5.366937e+00 -1.651048e+01 1.884122e+00 -7.924125e+00 9.563470e-01
<VARIANCE> 13
 4.503877e+00 7.974807e+00 2.807838e+01 1.503335e+01 1.904211e+01 3.592014e+01 1.009059e+01 1.044696e+01 1.211599e+01 8.227840e+00 1.609217e+01 1.405632e+01 5.000000e-02
<GCONST> 5.173248e+01
<STATE> 12
<MEAN> 13
 -1.155263e+01 -2.409058e+01 -9.237765e+00 -4.809476e+00 -1.841036e+00 -3.743174e+00 9.711422e+00 -1.830622e+00 -3.409050e+00 -1.672746e+01 -1.298630e+00 -3.909997e+00 9.652645e-01
<VARIANCE> 13
 4.962182e+00 3.971477e+00 2.796708e+01 7.534073e+00 1.103926e+01 5.508945e+01 2.874456e+00 1.718969e+01 2.672265e+01 2.849879e+00 1.041631e+01 1.364654e+01 5.000000e-02
<GCONST> 4.882835e+01
<STATE> 13
<MEAN> 13
 -1.209203e+01 -2.488940e+01 -9.644817e+00 -5.257843e+00 -4.096262e+00 -4.662123e+00 7.554041e+00 -2.346538e-01 -1.701748e+00 -1.731993e+01 -1.186343e-01 -1.781229e+00 9.777665e-01
<VARIANCE> 13
 6.926009e+00 6.059502e+00 6.363514e+00 7.354860e+00 8.031481e+00 1.776922e+01 3.353607e+00 2.136429e+01 1.169420e+01 3.018586e+00 9.656959e+00 2.659312e+00 5.000000e-02
<GCONST> 4.452175e+01
<STATE> 14
<MEAN> 13
 -9.717504e+00 -2.444185e+01 -9.844363e+00 -5.299007e+00 -4.099444e+00 -7.557765e+00 8.544346e+00 4.940954e+00 -2.484896e+00 -1.733256e+01 2.528325e+00 -1.013216e-01 9.557058e-01
<VARIANCE> 13
 9.570398e+00 6.426492e+00 1.751650e+01 1.081898e+01 8.496900e+00 5.950783e+01 7.270604e+00 1.872528e+01 1.925177e+01 1.032839e+01 1.711739e+01 1.592254e+00 5.000000e-02
<GCONST> 4.999749e+01
<STATE> 15
<MEAN> 13
 -9.478500e+00 -2.498058e+01 -5.909809e+00 -1.027183e+01 -4.998077e+00 -6.418030e+00 4.809268e+00 5.659968e+00 -1.119030e+00 -1.594456e+01 3.656157e-01 2.083675e+00 9.138214e-01
<VARIANCE> 13
 2.315502e+01 1.018486e+01 7.120510e+00 8.717824e+00 5.184126e+00 5.507968e+01 4.639525e+00 3.048046e+01 1.461342e+01 4.825047e+00 1.215349e+01 1.129815e+01 5.000000e-02
<GCONST> 5.027224e+01
<STATE> 16
<MEAN> 13
 -8.477415e+00 -2.240015e+01 -4.419541e+00 -1.177958e+01 -1.214844e+00 -8.532850e+00 2.983729e+00 2.021303e+00 -3.936296e+00 -1.608358e+01 -5.277114e+00 2.685891e-02 8.867316e-01
<VARIANCE> 13
 4.111277e+01 1.326979e+01 2.418010e+00 1.766736e+01 2.863803e+01 3.043640e+01 2.227161e+00 1.294008e+01 2.384780e+01 1.575606e+01 1.247958e+01 2.842864e+00 5.000000e-02
<GCONST> 5.058239e+01
<STATE> 17
<MEAN> 13
 3.504092e+00 -2.141748e+01 -3.939461e+00 -1.188081e+01 -1.073173e+01 -1.005750e+01 -2.562957e+00 -1.695242e+00 -3.584077e+00 -1.342363e+01 -3.370927e+00 -6.808835e+00 7.828358e-01
<VARIANCE> 13
 1.491282e+01 4.682257e+00 6.707471e+00 5.139800e+00 1.816418e+01 4.999086e+00 3.354822e+00 5.094826e+00 2.086624e+01 9.736373e+00 8.539151e+00 1.105960e+01 5.000000e-02
<GCONST> 4.589220e+01
<STATE> 18
<MEAN> 13
 3.335630e+00 -2.391724e+01 3.398491e-01 -1.084410e+01 -1.368642e+01 -6.176872e+00 -1.566134e+00 -1.179502e+00 -3.091360e+00 -1.369743e+01 -2.239773e+00 -3.218750e+00 7.379377e-01
<VARIANCE> 13
 8.324011e+00 2.438131e+00 1.266337e+01 3.419217e+00 2.332529e+01 4.836819e+01 8.807068e-01 1.342629e+01 8.021603e+00 1.429717e+01 6.701225e+00 3.412056e+00 5.000000e-02
<GCONST> 4.504554e+01
<STATE> 19
<MEAN> 13
 4.654734e+00 -2.412747e+01 -1.747003e+00 -9.285653e+00 -1.486707e+01 -9.372093e+00 -3.464478e+00 -1.495492e+00 -3.482080e+00 -1.554233e+01 -3.434964e+00 -5.913528e+00 7.367965e-01
<VARIANCE> 13
 7.654587e+00 2.144918e+00 1.236988e+01 4.759451e+00 6.472203e+00 1.013217e+01 2.412341e+00 7.421286e+00 2.385550e+00 4.294290e+00 7.160222e+00 4.834777e+00 5.000000e-02
<GCONST> 4.070975e+01
<STATE> 20
<MEAN> 13
 6.520396e+00 -2.194150e+01 -4.966127e+00 -7.725999e+00 -1.688358e+01 -9.935467e+00 1.216907e+00 -1.390887e+00 -5.850841e+00 -1.351767e+01 -1.753363e+00 -7.549901e+00 7.397332e-01
<VARIANCE> 13
 5.661391e+00 1.232946e+01 2.140985e+01 6.316551e+00 9.567799e+00 4.676826e+00 4.217878e+00 7.717459e+00 5.400647e+00 6.682140e+00 9.020872e+00 8.507525e+00 5.000000e-02
<GCONST> 4.525964e+01
<STATE> 21
<MEAN> 13
 7.024353e+00 -2.083006e+01 -4.198044e+00 -7.582780e+00 -1.495195e+01 -6.672161e+00 2.257248e+00 -3.300574e+00 -3.144091e+00 -9.118237e+00 -2.479732e+00 -7.672953e+00 6.966187e-01
<VARIANCE> 13
 7.050162e+00 1.002711e+01 1.381588e+01 3.651117e+00 1.095349e+01 1.583204e+01 1.551608e+01 8.592916e+00 9.102162e+00 1.556391e+01 1.142437e+01 5.646913e+00 5.000000e-02
<GCONST> 4.824470e+01
<STATE> 22
<MEAN> 13
 4.943900e+00 -2.181994e+01 -1.605784e+00 -1.043427e+01 -1.240445e+01 -4.054228e+00 -2.265584e+00 -4.544151e-01 -1.480162e+00 -1.518613e+01 -4.294919e+00 -5.310369e+00 6.518610e-01
<VARIANCE> 13
 6.374074e+00 1.293987e+01 1.075222e+01 1.383356e+01 1.216171e+01 4.876751e+00 5.906850e+00 2.953246e+00 1.206353e+01 1.875634e+01 1.142032e+01 4.325594e-01 5.000000e-02
<GCONST> 4.427230e+01
<STATE> 23
<MEAN> 13
 5.608174e+00 -1.873199e+01 -3.136130e+00 -4.917852e+00 -1.022940e+01 -7.400249e+00 1.712618e+00 -2.750125e+00 -6.830364e+00 -1.410375e+01 -2.792232e+00 -8.520980e+00 5.823189e-01
<VARIANCE> 13
 3.500163e+00 1.441737e+01 1.216889e+01 4.343357e+01 2.212768e+01 4.468007e+00 3.889019e+01 8.217448e+00 8.921666e+00 3.238779e+00 6.887486e+00 1.159993e+01 5.000000e-02
<GCONST> 4.919320e+01
<STATE> 24
<MEAN> 13
 3.647892e+00 -2.066291e+01 -3.478020e+00 -5.955654e+00 -9.396643e+00 -5.037214e+00 2.668596e+00 6.816733e-01 -5.551073e+00 -1.657985e+01 -3.955222e+00 -5.877505e+00 5.461329e-01
<VARIANCE> 13
 5.570667e+00 1.433996e+01 1.829751e+01 2.595474e+01 6.211261e+00 1.684551e+01 3.277970e+01 8.528162e+00 6.771069e+00 1.849205e+01 1.050995e+01 9.002353e-01 5.000000e-02
<GCONST> 4.880121e+01
<STATE> 25
<MEAN> 13
 2.811621e+00 -2.067094e+01 -1.964374e+00 -4.927137e+00 -1.100868e+01 -9.415988e+00 -2.365763e-01 3.527291e-01 -3.130842e+00 -1.365240e+01 -4.660357e+00 -6.611734e+00 5.091378e-01
<VARIANCE> 13
 8.233188e+00 5.953677e+00 9.288986e+00 3.810437e+01 9.748827e+00 1.172810e+01 3.352422e+01 2.178406e+01 1.169882e+01 1.056882e+01 2.823004e+00 1.112477e+01 5.000000e-02
<GCONST> 5.025496e+01
<STATE> 26
<MEAN> 13
 2.741227e+00 -1.833214e+01 -1.256203e+00 -2.373858e+00 -8.621544e+00 -6.477079e+00 3.135337e+00 1.988210e+00 -2.036527e+00 -1.143437e+01 -3.525670e+00 -6.914235e+00 4.557377e-01
<VARIANCE> 13
 1.352566e+01 6.708607e+00 8.897307e+00 1.457943e+01 2.712694e+01 8.174269e+00 2.364466e+01 3.026196e+00 6.423928e+00 1.754322e+01 1.589245e+01 9.348136e+00 5.000000e-02
<GCONST> 4.966769e+01
<STATE> 27
<MEAN> 13
 -2.937363e-01 -1.661353e+01 -4.528603e+00 -1.814654e+00 -3.480835e+00 -2.859943e+00 5.261779e+00 -1.368620e-02 -4.969993e+00 -9.986504e+00 2.382556e+00 3.065364e-01 2.933927e-01
<VARIANCE> 13
 2.184525e+01 1.293809e+01 8.747113e+00 7.888027e+00 2.065841e+01 4.274173e+00 2.523963e+01 2.021444e+00 2.295936e+01 2.769181e+01 4.066336e+01 4.593690e+01 5.282684e-02
<GCONST> 5.323030e+01
<STATE> 28
<MEAN> 13
 -4.804766e-01 -1.787257e+01 -4.712355e+00 -1.905751e+00 -4.882653e+00 -8.477699e+00 4.189885e+00 3.866242e+00 -3.479212e+00 -1.209656e+01 1.288896e+00 -2.867233e+00 3.400013e-01
<VARIANCE> 13
 1.751055e+01 6.894024e+00 1.303680e+01 1.518130e+01 2.489774e+00 8.509198e+00 3.309409e+01 1.447438e+01 5.024671e+00 4.244487e+01 4.488363e+01 2.967089e+01 5.000000e-02
<GCONST> 5.275985e+01
<STATE> 29
<MEAN> 13
 -6.226690e-01 -1.686718e+01 -1.161807e+00 -1.475056e+00 -3.956865e+00 -5.750229e+00 4.631330e+00 3.352811e+00 -4.803604e+00 -1.155056e+01 -7.282575e-04 -2.849494e+00 3.098484e-01
<VARIANCE> 13
 1.500452e+01 9.664110e+00 8.291913e+00 9.339308e+00 9.000344e-01 2.640435e+00 2.010034e+01 5.911858e+00 3.592102e+01 3.650901e+01 2.655058e+01 3.260288e+00 5.000000e-02
<GCONST> 4.750602e+01
<STATE> 30
<MEAN> 13
 -2.176764e+00 -1.556934e+01 -1.165519e+00 7.565221e-01 -2.473686e+00 -7.191412e+00 3.979339e+00 -2.290410e+00 -6.876954e+00 -9.671616e+00 1.209965e+00 -2.114921e+00 2.347749e-01
<VARIANCE> 13
 9.312247e+00 1.349002e+01 6.177119e+00 1.411372e+01 1.310372e+01 8.185225e+00 2.646194e+01 2.461094e+01 9.465086e+00 1.343797e+01 5.485532e+00 1.384894e+01 5.000000e-02
<GCONST> 5.052809e+01
<STATE> 31
<MEAN> 13
 -3.082219e+00 -1.927094e+01 -4.228402e+00 6.161106e-01 -1.908674e+00 -4.048083e+00 6.108424e+00 -9.698586e-01 -3.832520e+00 -7.069055e+00 2.023675e+00 -3.029255e-02 2.404210e-01
<VARIANCE> 13
 4.263753e+00 2.091940e+01 1.984547e+00 1.108715e+01 1.229922e+01 1.690068e+01 5.097061e+00 1.101147e+01 8.523994e+00 9.896912e+00 2.417652e+01 6.584278e+00 5.000000e-02
<GCONST> 4.734834e+01
<STATE> 32
<MEAN> 13
 -3.144026e+00 -1.851205e+01 -2.312626e+00 1.051596e+00 -4.664557e+00 -8.744567e+00 4.345630e+00 1.259795e+00 -1.498459e+00 -4.997400e+00 4.010679e+00 -1.352788e-01 2.455614e-01
<VARIANCE> 13
 7.993272e+00 2.049002e+01 4.123388e+00 3.488782e+00 6.760471e+00 1.639612e+01 2.475732e+00 7.628224e+00 2.966012e+00 1.029806e+01 5.613502e+00 2.953746e+00 5.000000e-02
<GCONST> 4.253539e+01
<STATE> 33
<MEAN> 13
 -3.966266e+00 -1.479917e+01 -2.383022e+00 -4.238350e-01 -2.863940e+00 -7.074111e+00 8.554649e+00 4.316052e+00 -7.298592e-01 -6.394499e+00 1.293241e+00 -9.267625e-01 1.397647e-01
<VARIANCE> 13
 2.617165e+00 1.190279e+01 4.487210e+00 4.229502e+00 9.342692e+00 3.463639e+01 8.413308e+00 1.155360e+01 1.222205e+01 5.990884e+00 4.603865e+00 4.017336e+00 5.000000e-02
<GCONST> 4.484616e+01
<STATE> 34
<MEAN> 13
 -5.191614e+00 -1.497048e+01 -2.404693e+00 8.291988e-01 -2.315384e+00 -8.129288e+00 3.310439e+00 2.112767e+00 -6.941804e-01 -6.562770e+00 1.120287e+00 2.957463e-01 1.060236e-01
<VARIANCE> 13
 1.346148e+00 2.401223e+01 1.202031e+01 6.927713e+00 8.607571e+00 4.510528e+00 4.446683e+00 2.172034e+01 1.457376e+01 1.121177e+01 1.688306e+01 1.116609e+01 5.000000e-02
<GCONST> 4.735945e+01
<STATE> 35
<MEAN> 13
 -4.671927e+00 -1.104534e+01 -2.922567e+00 -2.488187e+00 -2.251607e+00 -5.479546e+00 1.044805e+00 -1.569547e+00 1.057967e+00 -2.809436e+00 1.572807e+00 -2.821301e+00 6.955950e-02
<VARIANCE> 13
 2.421006e+00 6.717047e+00 3.634640e+00 5.164429e+00 7.888907e+00 3.542517e+00 5.223951e+00 5.888820e+00 5.560514e+00 8.664022e+00 4.031502e+00 2.151142e+01 5.000000e-02
<GCONST> 4.171201e+01
<STATE> 36
<MEAN> 13
 -5.349080e+00 -1.222816e+01 -1.903966e+00 -2.908824e+00 -1.201938e+00 -4.630070e+00 2.892675e+00 3.811044e-01 -6.481357e-01 -5.180097e+00 -2.420351e-02 8.767189e-01 1.393292e-02
<VARIANCE> 13
 1.019969e+00 5.509314e+00 4.080341e+00 1.011006e+01 1.153970e+01 1.225599e+00 2.296133e+00 1.606725e+00 1.611764e+01 7.499696e+00 4.154234e+00 1.445413e+01 5.000000e-02
<GCONST> 3.918713e+01
<STATE> 37
<MEAN> 13
 -6.374760e+00 -1.252766e+01 -2.241156e+00 -1.764534e+00 -2.482396e+00 -4.223355e+00 2.969351e+00 1.470942e+00 -1.021351e-01 -6.271118e+00 8.586578e-01 4.243866e-01 5.023933e-04
<VARIANCE> 13
 1.800634e-01 9.905518e-01 6.706281e+00 6.727856e+00 5.154887e+00 1.145668e+01 4.767089e+00 7.355470e+00 1.677717e+01 1.195587e+01 1.765299e+01 6.729911e+00 5.000000e-02
<GCONST> 4.069644e+01
<TRANSP> 38
 0.000000e+00 1.000000e+00 0.000000e+00 0.000000e+00 0.000000e+00 0.000000e+00 0.000000e+00 0.000000e+00 0.000000e+00 0.000000e+00 0.000000e+00 0.000000e+00 0.000000e+00 0.000000e+00 0.000000e+00 0.000000e+00 0.000000e+00 0.000000e+00 0.000000e+00 0.000000e+00 0.000000e+00 0.000000e+00 0.000000e+00 0.000000e+00 0.000000e+00 0.000000e+00 0.000000e+00 0.000000e+00 0.000000e+00 0.000000e+00 0.000000e+00 0.000000e+00 0.000000e+00 0.000000e+00 0.000000e+00 0.000000e+00 0.000000e+00 0.000000e+00
 0.000000e+00 8.214040e-01 1.785960e-01 0.000000e+00 0.000000e+00 0.000000e+00 0.000000e+00 0.000000e+00 0.000000e+00 0.000000e+00 0.000000e+00 0.000000e+00 0.000000e+00 0.000000e+00 0.000000e+00 0.000000e+00 0.000000e+00 0.000000e+00 0.000000e+00 0.000000e+00 0.000000e+00 0.000000e+00 0.000000e+00 0.000000e+00 0.000000e+00 0.000000e+00 0.000000e+00 0.000000e+00 0.000000e+00 0.000000e+00 0.000000e+00 0.000000e+00 0.000000e+00 0.000000e+00 0.000000e+00 0.000000e+00 0.000000e+00 0.000000e+00
 0.000000e+00 0.000000e+00 6.668033e-01 3.331967e-01 0.000000e+00 0.000000e+00 0.000000e+00 0.000000e+00 0.000000e+00 0.000000e+00 0.000000e+00 0.000000e+00 0.000000e+00 0.000000e+00 0.000000e+00 0.000000e+00 0.000000e+00 0.000000e+00 0.000000e+00 0.000000e+00 0.000000e+00 0.000000e+00 0.000000e+00 0.000000e+00 0.000000e+00 0.000000e+00 0.000000e+00 0.000000e+00 0.000000e+00 0.000000e+00 0.000000e+00 0.000000e+00 0.000000e+00 0.000000e+00 0.000000e+00 0.000000e+00 0.000000e+00 0.000000e+00
 0.000000e+00 0.000000e+00 0.000000e+00 3.720129e-01 6.279871e-01 0.000000e+00 0.000000e+00 0.000000e+00 0.000000e+00 0.000000e+00 0.000000e+00 0.000000e+00 0.000000e+00 0.000000e+00 0.000000e+00 0.000000e+00 0.000000e+00 0.000000e+00 0.000000e+00 0.000000e+00 0.000000e+00 0.000000e+00 0.000000e+00 0.000000e+00 0.000000e+00 0.000000e+00 0.000000e+00 0.000000e+00 0.000000e+00 0.000000e+00 0.000000e+00 0.000000e+00 0.000000e+00 0.000000e+00 0.000000e+00 0.000000e+00 0.000000e+00 0.000000e+00
 0.000000e+00 0.000000e+00 0.000000e+00 0.000000e+00 2.799762e-01 7.200238e-01 0.000000e+00 0.000000e+00 0.000000e+00 0.000000e+00 0.000000e+00 0.000000e+00 0.000000e+00 0.000000e+00 0.000000e+00 0.000000e+00 0.000000e+00 0.000000e+00 0.000000e+00 0.000000e+00 0.000000e+00 0.000000e+00 0.000000e+00 0.000000e+00 0.000000e+00 0.000000e+00 0.000000e+00 0.000000e+00 0.000000e+00 0.000000e+00 0.000000e+00 0.000000e+00 0.000000e+00 0.000000e+00 0.000000e+00 0.000000e+00 0.000000e+00 0.000000e+00
 0.000000e+00 0.000000e+00 0.000000e+00 0.000000e+00 0.000000e+00 2.951370e-01 7.048630e-01 0.000000e+00 0.000000e+00 0.000000e+00 0.000000e+00 0.000000e+00 0.000000e+00 0.000000e+00 0.000000e+00 0.000000e+00 0.000000e+00 0.000000e+00 0.000000e+00 0.000000e+00 0.000000e+00 0.000000e+00 0.000000e+00 0.000000e+00 0.000000e+00 0.000000e+00 0.000000e+00 0.000000e+00 0.000000e+00 0.000000e+00 0.000000e+00 0.000000e+00 0.000000e+00 0.000000e+00 0.000000e+00 0.000000e+00 0.000000e+00 0.000000e+00
 0.000000e+00 0.000000e+00 0.000000e+00 0.000000e+00 0.000000e+00 0.000000e+00 3.734049e-01 6.265950e-01 0.000000e+00 0.000000e+00 0.000000e+00 0.000000e+00 0.000000e+00 0.000000e+00 0.000000e+00 0.000000e+00 0.000000e+00 0.000000e+00 0.000000e+00 0.000000e+00 0.000000e+00 0.000000e+00 0.000000e+00 0.000000e+00 0.000000e+00 0.000000e+00 0.000000e+00 0.000000e+00 0.000000e+00 0.000000e+00 0.000000e+00 0.000000e+00 0.000000e+00 0.000000e+00 0.000000e+00 0.000000e+00 0.000000e+00 0.000000e+00
 0.000000e+00 0.000000e+00 0.000000e+00 0.000000e+00 0.000000e+00 0.000000e+00 0.000000e+00 3.744946e-01 6.255054e-01 0.000000e+00 0.000000e+00 0.000000e+00 0.000000e+00 0.000000e+00 0.000000e+00 0.000000e+00 0.000000e+00 0.000000e+00 0.000000e+00 0.000000e+00 0.000000e+00 0.000000e+00 0.000000e+00 0.000000e+00 0.000000e+00 0.000000e+00 0.000000e+00 0.000000e+00 0.000000e+00 0.000000e+00 0.000000e+00 0.000000e+00 0.000000e+00 0.000000e+00 0.000000e+00 0.000000e+00 0.000000e+00 0.000000e+00
 0.000000e+00 0.000000e+00 0.000000e+00 0.000000e+00 0.000000e+00 0.000000e+00 0.000000e+00 0.000000e+00 1.823914e-18 1.000000e+00 0.000000e+00 0.000000e+00 0.000000e+00 0.000000e+00 0.000000e+00 0.000000e+00 0.000000e+00 0.000000e+00 0.000000e+00 0.000000e+00 0.000000e+00 0.000000e+00 0.000000e+00 0.000000e+00 0.000000e+00 0.000000e+00 0.000000e+00 0.000000e+00 0.000000e+00 0.000000e+00 0.000000e+00 0.000000e+00 0.000000e+00 0.000000e+00 0.000000e+00 0.000000e+00 0.000000e+00 0.000000e+00
 0.000000e+00 0.000000e+00 0.000000e+00 0.000000e+00 0.000000e+00 0.000000e+00 0.000000e+00 0.000000e+00 0.000000e+00 2.859825e-01 7.140176e-01 0.000000e+00 0.000000e+00 0.000000e+00 0.000000e+00 0.000000e+00 0.000000e+00 0.000000e+00 0.000000e+00 0.000000e+00 0.000000e+00 0.000000e+00 0.000000e+00 0.000000e+00 0.000000e+00 0.000000e+00 0.000000e+00 0.000000e+00 0.000000e+00 0.000000e+00 0.000000e+00 0.000000e+00 0.000000e+00 0.000000e+00 0.000000e+00 0.000000e+00 0.000000e+00 0.000000e+00
 0.000000e+00 0.000000e+00 0.000000e+00 0.000000e+00 0.000000e+00 0.000000e+00 0.000000e+00 0.000000e+00 0.000000e+00 0.000000e+00 6.160490e-01 3.839510e-01 0.000000e+00 0.000000e+00 0.000000e+00 0.000000e+00 0.000000e+00 0.000000e+00 0.000000e+00 0.000000e+00 0.000000e+00 0.000000e+00 0.000000e+00 0.000000e+00 0.000000e+00 0.000000e+00 0.000000e+00 0.000000e+00 0.000000e+00 0.000000e+00 0.000000e+00 0.000000e+00 0.000000e+00 0.000000e+00 0.000000e+00 0.000000e+00 0.000000e+00 0.000000e+00
 0.000000e+00 0.000000e+00 0.000000e+00 0.000000e+00 0.000000e+00 0.000000e+00 0.000000e+00 0.000000e+00 0.000000e+00 0.000000e+00 0.000000e+00 0.000000e+00 1.000000e+00 0.000000e+00 0.000000e+00 0.000000e+00 0.000000e+00 0.000000e+00 0.000000e+00 0.000000e+00 0.000000e+00 0.000000e+00 0.000000e+00 0.000000e+00 0.000000e+00 0.000000e+00 0.000000e+00 0.000000e+00 0.000000e+00 0.000000e+00 0.000000e+00 0.000000e+00 0.000000e+00 0.000000e+00 0.000000e+00 0.000000e+00 0.000000e+00 0.000000e+00
 0.000000e+00 0.000000e+00 0.000000e+00 0.000000e+00 0.000000e+00 0.000000e+00 0.000000e+00 0.000000e+00 0.000000e+00 0.000000e+00 0.000000e+00 0.000000e+00 3.747934e-01 6.252066e-01 0.000000e+00 0.000000e+00 0.000000e+00 0.000000e+00 0.000000e+00 0.000000e+00 0.000000e+00 0.000000e+00 0.000000e+00 0.000000e+00 0.000000e+00 0.000000e+00 0.000000e+00 0.000000e+00 0.000000e+00 0.000000e+00 0.000000e+00 0.000000e+00 0.000000e+00 0.000000e+00 0.000000e+00 0.000000e+00 0.000000e+00 0.000000e+00
 0.000000e+00 0.000000e+00 0.000000e+00 0.000000e+00 0.000000e+00 0.000000e+00 0.000000e+00 0.000000e+00 0.000000e+00 0.000000e+00 0.000000e+00 0.000000e+00 0.000000e+00 2.870749e-01 7.129251e-01 0.000000e+00 0.000000e+00 0.000000e+00 0.000000e+00 0.000000e+00 0.000000e+00 0.000000e+00 0.000000e+00 0.000000e+00 0.000000e+00 0.000000e+00 0.000000e+00 0.000000e+00 0.000000e+00 0.000000e+00 0.000000e+00 0.000000e+00 0.000000e+00 0.000000e+00 0.000000e+00 0.000000e+00 0.000000e+00 0.000000e+00
 0.000000e+00 0.000000e+00 0.000000e+00 0.000000e+00 0.000000e+00 0.000000e+00 0.000000e+00 0.000000e+00 0.000000e+00 0.000000e+00 0.000000e+00 0.000000e+00 0.000000e+00 0.000000e+00 3.720374e-01 6.279626e-01 0.000000e+00 0.000000e+00 0.000000e+00 0.000000e+00 0.000000e+00 0.000000e+00 0.000000e+00 0.000000e+00 0.000000e+00 0.000000e+00 0.000000e+00 0.000000e+00 0.000000e+00 0.000000e+00 0.000000e+00 0.000000e+00 0.000000e+00 0.000000e+00 0.000000e+00 0.000000e+00 0.000000e+00 0.000000e+00
 0.000000e+00 0.000000e+00 0.000000e+00 0.000000e+00 0.000000e+00 0.000000e+00 0.000000e+00 0.000000e+00 0.000000e+00 0.000000e+00 0.000000e+00 0.000000e+00 0.000000e+00 0.000000e+00 0.000000e+00 4.462347e-01 5.537653e-01 0.000000e+00 0.000000e+00 0.000000e+00 0.000000e+00 0.000000e+00 0.000000e+00 0.000000e+00 0.000000e+00 0.000000e+00 0.000000e+00 0.000000e+00 0.000000e+00 0.000000e+00 0.000000e+00 0.000000e+00 0.000000e+00 0.000000e+00 0.000000e+00 0.000000e+00 0.000000e+00 0.000000e+00
 0.000000e+00 0.000000e+00 0.000000e+00 0.000000e+00 0.000000e+00 0.000000e+00 0.000000e+00 0.000000e+00 0.000000e+00 0.000000e+00 0.000000e+00 0.000000e+00 0.000000e+00 0.000000e+00 0.000000e+00 0.000000e+00 3.750075e-01 6.249925e-01 0.000000e+00 0.000000e+00 0.000000e+00 0.000000e+00 0.000000e+00 0.000000e+00 0.000000e+00 0.000000e+00 0.000000e+00 0.000000e+00 0.000000e+00 0.000000e+00 0.000000e+00 0.000000e+00 0.000000e+00 0.000000e+00 0.000000e+00 0.000000e+00 0.000000e+00 0.000000e+00
 0.000000e+00 0.000000e+00 0.000000e+00 0.000000e+00 0.000000e+00 0.000000e+00 0.000000e+00 0.000000e+00 0.000000e+00 0.000000e+00 0.000000e+00 0.000000e+00 0.000000e+00 0.000000e+00 0.000000e+00 0.000000e+00 0.000000e+00 3.749719e-01 6.250281e-01 0.000000e+00 0.000000e+00 0.000000e+00 0.000000e+00 0.000000e+00 0.000000e+00 0.000000e+00 0.000000e+00 0.000000e+00 0.000000e+00 0.000000e+00 0.000000e+00 0.000000e+00 0.000000e+00 0.000000e+00 0.000000e+00 0.000000e+00 0.000000e+00 0.000000e+00
 0.000000e+00 0.000000e+00 0.000000e+00 0.000000e+00 0.000000e+00 0.000000e+00 0.000000e+00 0.000000e+00 0.000000e+00 0.000000e+00 0.000000e+00 0.000000e+00 0.000000e+00 0.000000e+00 0.000000e+00 0.000000e+00 0.000000e+00 0.000000e+00 2.588772e-22 1.000000e+00 0.000000e+00 0.000000e+00 0.000000e+00 0.000000e+00 0.000000e+00 0.000000e+00 0.000000e+00 0.000000e+00 0.000000e+00 0.000000e+00 0.000000e+00 0.000000e+00 0.000000e+00 0.000000e+00 0.000000e+00 0.000000e+00 0.000000e+00 0.000000e+00
 0.000000e+00 0.000000e+00 0.000000e+00 0.000000e+00 0.000000e+00 0.000000e+00 0.000000e+00 0.000000e+00 0.000000e+00 0.000000e+00 0.000000e+00 0.000000e+00 0.000000e+00 0.000000e+00 0.000000e+00 0.000000e+00 0.000000e+00 0.000000e+00 0.000000e+00 4.426537e-01 5.573463e-01 0.000000e+00 0.000000e+00 0.000000e+00 0.000000e+00 0.000000e+00 0.000000e+00 0.000000e+00 0.000000e+00 0.000000e+00 0.000000e+00 0.000000e+00 0.000000e+00 0.000000e+00 0.000000e+00 0.000000e+00 0.000000e+00 0.000000e+00
 0.000000e+00 0.000000e+00 0.000000e+00 0.000000e+00 0.000000e+00 0.000000e+00 0.000000e+00 0.000000e+00 0.000000e+00 0.000000e+00 0.000000e+00 0.000000e+00 0.000000e+00 0.000000e+00 0.000000e+00 0.000000e+00 0.000000e+00 0.000000e+00 0.000000e+00 0.000000e+00 5.843445e-01 4.156555e-01 0.000000e+00 0.000000e+00 0.000000e+00 0.000000e+00 0.000000e+00 0.000000e+00 0.000000e+00 0.000000e+00 0.000000e+00 0.000000e+00 0.000000e+00 0.000000e+00 0.000000e+00 0.000000e+00 0.000000e+00 0.000000e+00
 0.000000e+00 0.000000e+00 0.000000e+00 0.000000e+00 0.000000e+00 0.000000e+00 0.000000e+00 0.000000e+00 0.000000e+00 0.000000e+00 0.000000e+00 0.000000e+00 0.000000e+00 0.000000e+00 0.000000e+00 0.000000e+00 0.000000e+00 0.000000e+00 0.000000e+00 0.000000e+00 0.000000e+00 2.856545e-01 7.143455e-01 0.000000e+00 0.000000e+00 0.000000e+00 0.000000e+00 0.000000e+00 0.000000e+00 0.000000e+00 0.000000e+00 0.000000e+00 0.000000e+00 0.000000e+00 0.000000e+00 0.000000e+00 0.000000e+00 0.000000e+00
 0.000000e+00 0.000000e+00 0.000000e+00 0.000000e+00 0.000000e+00 0.000000e+00 0.000000e+00 0.000000e+00 0.000000e+00 0.000000e+00 0.000000e+00 0.000000e+00 0.000000e+00 0.000000e+00 0.000000e+00 0.000000e+00 0.000000e+00 0.000000e+00 0.000000e+00 0.000000e+00 0.000000e+00 0.000000e+00 2.857092e-01 7.142909e-01 0.000000e+00 0.000000e+00 0.000000e+00 0.000000e+00 0.000000e+00 0.000000e+00 0.000000e+00 0.000000e+00 0.000000e+00 0.000000e+00 0.000000e+00 0.000000e+00 0.000000e+00 0.000000e+00
 0.000000e+00 0.000000e+00 0.000000e+00 0.000000e+00 0.000000e+00 0.000000e+00 0.000000e+00 0.000000e+00 0.000000e+00 0.000000e+00 0.000000e+00 0.000000e+00 0.000000e+00 0.000000e+00 0.000000e+00 0.000000e+00 0.000000e+00 0.000000e+00 0.000000e+00 0.000000e+00 0.000000e+00 0.000000e+00 0.000000e+00 2.857039e-01 7.142961e-01 0.000000e+00 0.000000e+00 0.000000e+00 0.000000e+00 0.000000e+00 0.000000e+00 0.000000e+00 0.000000e+00 0.000000e+00 0.000000e+00 0.000000e+00 0.000000e+00 0.000000e+00
 0.000000e+00 0.000000e+00 0.000000e+00 0.000000e+00 0.000000e+00 0.000000e+00 0.000000e+00 0.000000e+00 0.000000e+00 0.000000e+00 0.000000e+00 0.000000e+00 0.000000e+00 0.000000e+00 0.000000e+00 0.000000e+00 0.000000e+00 0.000000e+00 0.000000e+00 0.000000e+00 0.000000e+00 0.000000e+00 0.000000e+00 0.000000e+00 0.000000e+00 1.000000e+00 0.000000e+00 0.000000e+00 0.000000e+00 0.000000e+00 0.000000e+00 0.000000e+00 0.000000e+00 0.000000e+00 0.000000e+00 0.000000e+00 0.000000e+00 0.000000e+00
 0.000000e+00 0.000000e+00 0.000000e+00 0.000000e+00 0.000000e+00 0.000000e+00 0.000000e+00 0.000000e+00 0.000000e+00 0.000000e+00 0.000000e+00 0.000000e+00 0.000000e+00 0.000000e+00 0.000000e+00 0.000000e+00 0.000000e+00 0.000000e+00 0.000000e+00 0.000000e+00 0.000000e+00 0.000000e+00 0.000000e+00 0.000000e+00 0.000000e+00 0.000000e+00 1.000000e+00 0.000000e+00 0.000000e+00 0.000000e+00 0.000000e+00 0.000000e+00 0.000000e+00 0.000000e+00 0.000000e+00 0.000000e+00 0.000000e+00 0.000000e+00
 0.000000e+00 0.000000e+00 0.000000e+00 0.000000e+00 0.000000e+00 0.000000e+00 0.000000e+00 0.000000e+00 0.000000e+00 0.000000e+00 0.000000e+00 0.000000e+00 0.000000e+00 0.000000e+00 0.000000e+00 0.000000e+00 0.000000e+00 0.000000e+00 0.000000e+00 0.000000e+00 0.000000e+00 0.000000e+00 0.000000e+00 0.000000e+00 0.000000e+00 0.000000e+00 3.749540e-01 6.250461e-01 0.000000e+00 0.000000e+00 0.000000e+00 0.000000e+00 0.000000e+00 0.000000e+00 0.000000e+00 0.000000e+00 0.000000e+00 0.000000e+00
 0.000000e+00 0.000000e+00 0.000000e+00 0.000000e+00 0.000000e+00 0.000000e+00 0.000000e+00 0.000000e+00 0.000000e+00 0.000000e+00 0.000000e+00 0.000000e+00 0.000000e+00 0.000000e+00 0.000000e+00 0.000000e+00 0.000000e+00 0.000000e+00 0.000000e+00 0.000000e+00 0.000000e+00 0.000000e+00 0.000000e+00 0.000000e+00 0.000000e+00 0.000000e+00 0.000000e+00 1.699828e-01 8.300172e-01 0.000000e+00 0.000000e+00 0.000000e+00 0.000000e+00 0.000000e+00 0.000000e+00 0.000000e+00 0.000000e+00 0.000000e+00
 0.000000e+00 0.000000e+00 0.000000e+00 0.000000e+00 0.000000e+00 0.000000e+00 0.000000e+00 0.000000e+00 0.000000e+00 0.000000e+00 0.000000e+00 0.000000e+00 0.000000e+00 0.000000e+00 0.000000e+00 0.000000e+00 0.000000e+00 0.000000e+00 0.000000e+00 0.000000e+00 0.000000e+00 0.000000e+00 0.000000e+00 0.000000e+00 0.000000e+00 0.000000e+00 0.000000e+00 0.000000e+00 3.731415e-01 6.268585e-01 0.000000e+00 0.000000e+00 0.000000e+00 0.000000e+00 0.000000e+00 0.000000e+00 0.000000e+00 0.000000e+00
 0.000000e+00 0.000000e+00 0.000000e+00 0.000000e+00 0.000000e+00 0.000000e+00 0.000000e+00 0.000000e+00 0.000000e+00 0.000000e+00 0.000000e+00 0.000000e+00 0.000000e+00 0.000000e+00 0.000000e+00 0.000000e+00 0.000000e+00 0.000000e+00 0.000000e+00 0.000000e+00 0.000000e+00 0.000000e+00 0.000000e+00 0.000000e+00 0.000000e+00 0.000000e+00 0.000000e+00 0.000000e+00 0.000000e+00 3.793471e-01 6.206529e-01 0.000000e+00 0.000000e+00 0.000000e+00 0.000000e+00 0.000000e+00 0.000000e+00 0.000000e+00
 0.000000e+00 0.000000e+00 0.000000e+00 0.000000e+00 0.000000e+00 0.000000e+00 0.000000e+00 0.000000e+00 0.000000e+00 0.000000e+00 0.000000e+00 0.000000e+00 0.000000e+00 0.000000e+00 0.000000e+00 0.000000e+00 0.000000e+00 0.000000e+00 0.000000e+00 0.000000e+00 0.000000e+00 0.000000e+00 0.000000e+00 0.000000e+00 0.000000e+00 0.000000e+00 0.000000e+00 0.000000e+00 0.000000e+00 0.000000e+00 4.996215e-01 5.003784e-01 0.000000e+00 0.000000e+00 0.000000e+00 0.000000e+00 0.000000e+00 0.000000e+00
 0.000000e+00 0.000000e+00 0.000000e+00 0.000000e+00 0.000000e+00 0.000000e+00 0.000000e+00 0.000000e+00 0.000000e+00 0.000000e+00 0.000000e+00 0.000000e+00 0.000000e+00 0.000000e+00 0.000000e+00 0.000000e+00 0.000000e+00 0.000000e+00 0.000000e+00 0.000000e+00 0.000000e+00 0.000000e+00 0.000000e+00 0.000000e+00 0.000000e+00 0.000000e+00 0.000000e+00 0.000000e+00 0.000000e+00 0.000000e+00 0.000000e+00 2.829074e-01 7.170926e-01 0.000000e+00 0.000000e+00 0.000000e+00 0.000000e+00 0.000000e+00
 0.000000e+00 0.000000e+00 0.000000e+00 0.000000e+00 0.000000e+00 0.000000e+00 0.000000e+00 0.000000e+00 0.000000e+00 0.000000e+00 0.000000e+00 0.000000e+00 0.000000e+00 0.000000e+00 0.000000e+00 0.000000e+00 0.000000e+00 0.000000e+00 0.000000e+00 0.000000e+00 0.000000e+00 0.000000e+00 0.000000e+00 0.000000e+00 0.000000e+00 0.000000e+00 0.000000e+00 0.000000e+00 0.000000e+00 0.000000e+00 0.000000e+00 0.000000e+00 4.469335e-01 5.530666e-01 0.000000e+00 0.000000e+00 0.000000e+00 0.000000e+00
 0.000000e+00 0.000000e+00 0.000000e+00 0.000000e+00 0.000000e+00 0.000000e+00 0.000000e+00 0.000000e+00 0.000000e+00 0.000000e+00 0.000000e+00 0.000000e+00 0.000000e+00 0.000000e+00 0.000000e+00 0.000000e+00 0.000000e+00 0.000000e+00 0.000000e+00 0.000000e+00 0.000000e+00 0.000000e+00 0.000000e+00 0.000000e+00 0.000000e+00 0.000000e+00 0.000000e+00 0.000000e+00 0.000000e+00 0.000000e+00 0.000000e+00 0.000000e+00 0.000000e+00 5.009580e-01 4.990421e-01 0.000000e+00 0.000000e+00 0.000000e+00
 0.000000e+00 0.000000e+00 0.000000e+00 0.000000e+00 0.000000e+00 0.000000e+00 0.000000e+00 0.000000e+00 0.000000e+00 0.000000e+00 0.000000e+00 0.000000e+00 0.000000e+00 0.000000e+00 0.000000e+00 0.000000e+00 0.000000e+00 0.000000e+00 0.000000e+00 0.000000e+00 0.000000e+00 0.000000e+00 0.000000e+00 0.000000e+00 0.000000e+00 0.000000e+00 0.000000e+00 0.000000e+00 0.000000e+00 0.000000e+00 0.000000e+00 0.000000e+00 0.000000e+00 0.000000e+00 4.394753e-01 5.605247e-01 0.000000e+00 0.000000e+00
 0.000000e+00 0.000000e+00 0.000000e+00 0.000000e+00 0.000000e+00 0.000000e+00 0.000000e+00 0.000000e+00 0.000000e+00 0.000000e+00 0.000000e+00 0.000000e+00 0.000000e+00 0.000000e+00 0.000000e+00 0.000000e+00 0.000000e+00 0.000000e+00 0.000000e+00 0.000000e+00 0.000000e+00 0.000000e+00 0.000000e+00 0.000000e+00 0.000000e+00 0.000000e+00 0.000000e+00 0.000000e+00 0.000000e+00 0.000000e+00 0.000000e+00 0.000000e+00 0.000000e+00 0.000000e+00 0.000000e+00 1.563197e-05 9.999844e-01 0.000000e+00
 0.000000e+00 0.000000e+00 0.000000e+00 0.000000e+00 0.000000e+00 0.000000e+00 0.000000e+00 0.000000e+00 0.000000e+00 0.000000e+00 0.000000e+00 0.000000e+00 0.000000e+00 0.000000e+00 0.000000e+00 0.000000e+00 0.000000e+00 0.000000e+00 0.000000e+00 0.000000e+00 0.000000e+00 0.000000e+00 0.000000e+00 0.000000e+00 0.000000e+00 0.000000e+00 0.000000e+00 0.000000e+00 0.000000e+00 0.000000e+00 0.000000e+00 0.000000e+00 0.000000e+00 0.000000e+00 0.000000e+00 0.000000e+00 2.856564e-01 7.143437e-01
 0.000000e+00 0.000000e+00 0.000000e+00 0.000000e+00 0.000000e+00 0.000000e+00 0.000000e+00 0.000000e+00 0.000000e+00 0.000000e+00 0.000000e+00 0.000000e+00 0.000000e+00 0.000000e+00 0.000000e+00 0.000000e+00 0.000000e+00 0.000000e+00 0.000000e+00 0.000000e+00 0.000000e+00 0.000000e+00 0.000000e+00 0.000000e+00 0.000000e+00 0.000000e+00 0.000000e+00 0.000000e+00 0.000000e+00 0.000000e+00 0.000000e+00 0.000000e+00 0.000000e+00 0.000000e+00 0.000000e+00 0.000000e+00 0.000000e+00 0.000000e+00
<ENDHMM>
