~o
<STREAMINFO> 1 39
<VECSIZE> 39<NULLD><MFCC_E_D_A><DIAGC>
~h "Sil"
<BEGINHMM>
<NUMSTATES> 13
<STATE> 2
<MEAN> 39
 -5.749311e+00 -9.766225e+00 -2.222224e+00 -1.917090e+00 1.633987e+00 -3.669775e+00 1.724059e+00 -1.766760e+00 4.563211e-01 -3.172594e+00 1.698272e+00 -1.798611e+00 -2.688536e-02 -1.519670e-01 -1.746726e-02 -2.076643e-02 1.993553e-02 -2.680775e-02 1.534436e-02 3.972798e-02 5.742494e-02 1.599265e-02 5.626047e-02 4.870802e-02 6.138454e-03 -6.119530e-03 1.098278e-02 -2.492353e-02 -2.616875e-02 -7.795676e-03 -2.656320e-02 -2.354564e-02 1.520886e-02 2.712740e-02 3.799495e-02 2.981068e-02 1.070068e-02 1.427593e-02 9.941988e-04
<VARIANCE> 39
 2.509395e+00 4.953599e+00 7.183164e+00 6.388835e+00 9.149102e+00 1.052477e+01 1.055950e+01 1.160176e+01 1.225183e+01 1.122624e+01 9.444240e+00 1.022686e+01 5.000000e-02 2.603291e-01 4.179320e-01 5.635015e-01 6.595669e-01 8.204244e-01 9.944542e-01 1.111315e+00 1.170557e+00 1.201953e+00 1.136267e+00 1.050557e+00 9.838167e-01 5.000000e-02 5.000000e-02 7.924405e-02 9.998279e-02 1.325174e-01 1.562579e-01 1.994734e-01 2.102791e-01 2.203178e-01 2.216641e-01 2.156561e-01 1.966057e-01 1.940946e-01 5.000000e-02
<GCONST> 6.240088e+01
<STATE> 3
<MEAN> 39
 -7.336110e+00 -1.054882e+01 -3.006081e+00 -2.207215e+00 5.477226e-01 -4.130069e+00 2.457508e+00 -6.914622e-01 2.029893e+00 -1.805273e+00 2.291719e+00 -9.753839e-01 -7.834812e-02 2.588207e-01 3.871947e-01 3.745153e-01 7.152020e-02 4.365610e-02 -1.488811e-01 -1.696511e-01 -1.376520e-01 -4.143203e-02 -3.648388e-02 1.326992e-02 -3.779873e-02 1.034838e-02 2.259378e-01 1.820045e-01 1.936972e-01 3.293392e-02 9.559354e-02 4.462170e-04 -1.118519e-01 -1.606755e-01 -1.448214e-01 -1.133550e-01 -4.849275e-02 -9.748171e-02 8.020780e-03
<VARIANCE> 39
 1.686238e+00 3.188850e+00 5.080277e+00 5.972035e+00 8.824538e+00 1.052811e+01 1.007499e+01 1.230228e+01 1.396670e+01 1.301592e+01 1.149564e+01 1.081232e+01 5.000000e-02 3.261912e-01 3.541749e-01 5.728202e-01 5.622702e-01 7.808174e-01 9.718289e-01 9.616832e-01 1.206579e+00 1.380396e+00 1.344380e+00 1.186205e+00 1.133402e+00 5.000000e-02 5.000000e-02 5.604339e-02 9.540992e-02 1.128016e-01 1.521968e-01 1.951567e-01 1.922276e-01 2.304258e-01 2.628116e-01 2.688295e-01 2.468577e-01 2.166754e-01 5.000000e-02
<GCONST> 6.203659e+01
<STATE> 4
<MEAN> 39
 -4.475688e+00 -7.686950e+00 -5.268965e-02 -1.665338e+00 1.383882e+00 -4.427974e+00 9.684117e-01 -2.658318e+00 5.479757e-01 -2.611027e+00 2.345434e+00 -2.160865e+00 3.712050e-02 2.054194e-02 -7.886046e-03 3.655140e-02 4.522725e-02 2.826157e-02 2.084201e-02 -2.730990e-02 -3.528971e-02 -7.269544e-02 -6.625102e-02 -5.273354e-02 -6.580197e-02 3.485178e-04 -1.841348e-01 -1.623950e-01 -1.648790e-01 -2.620383e-02 -4.723272e-02 2.332406e-02 7.160430e-02 9.241506e-02 3.726444e-02 1.515692e-02 -1.454841e-03 5.819755e-02 -7.095025e-03
<VARIANCE> 39
 1.477400e+00 2.478519e+00 4.115425e+00 5.041333e+00 5.923784e+00 7.485077e+00 8.154822e+00 9.100938e+00 1.002066e+01 1.043587e+01 9.950298e+00 8.946459e+00 5.000000e-02 3.621421e-01 4.203349e-01 5.722752e-01 5.434257e-01 6.652102e-01 8.132869e-01 9.082435e-01 1.023549e+00 1.059651e+00 1.127530e+00 1.074039e+00 1.029019e+00 5.000000e-02 5.000000e-02 6.481569e-02 9.312443e-02 1.144818e-01 1.300788e-01 1.696946e-01 1.850884e-01 2.034906e-01 2.197564e-01 2.342932e-01 2.286019e-01 2.249416e-01 5.000000e-02
<GCONST> 5.749865e+01
<STATE> 5
<MEAN> 39
 -7.214545e+00 -9.791754e+00 -2.078893e+00 -1.747075e+00 9.602669e-01 -4.004529e+00 2.204886e+00 -1.080036e+00 1.241375e+00 -2.444430e+00 2.145919e+00 -1.452059e+00 -7.598965e-02 -8.745874e-02 1.806216e-02 -2.482508e-02 -4.339797e-02 -4.615410e-02 -5.635478e-02 -3.307368e-02 -1.298416e-02 1.648511e-02 2.631820e-02 4.547523e-02 7.262152e-02 -2.961697e-03 1.602343e-01 1.289332e-01 1.165022e-01 -2.117285e-03 2.647698e-02 -3.810824e-02 -8.027076e-02 -1.011673e-01 -5.078410e-02 -2.808489e-02 -7.848162e-04 -4.043210e-02 6.051920e-03
<VARIANCE> 39
 1.562938e+00 2.286777e+00 3.738821e+00 5.106439e+00 7.739292e+00 9.067250e+00 9.150029e+00 1.230593e+01 1.267841e+01 1.131937e+01 1.115384e+01 1.007904e+01 5.000000e-02 3.233945e-01 3.021542e-01 4.167667e-01 4.870116e-01 7.141535e-01 8.981330e-01 1.029708e+00 1.366268e+00 1.297628e+00 1.201727e+00 1.201138e+00 1.131168e+00 5.000000e-02 5.000000e-02 5.003814e-02 7.487767e-02 9.837340e-02 1.497292e-01 1.829989e-01 2.003200e-01 2.709783e-01 2.665663e-01 2.476754e-01 2.489481e-01 2.340566e-01 5.000000e-02
<GCONST> 5.933131e+01
<STATE> 6
<MEAN> 39
 -5.000786e+00 -7.556937e+00 -2.760423e-01 -2.243586e+00 8.176797e-01 -5.432194e+00 -1.614900e-01 -3.637404e+00 -1.760313e-01 -3.201313e+00 2.188210e+00 -1.656415e+00 7.079164e-03 6.711975e-01 5.276974e-01 5.361493e-01 1.106950e-01 2.305504e-01 1.096112e-02 -1.355855e-01 -2.718315e-01 -1.885910e-01 -2.381608e-01 -6.545778e-02 -2.203593e-01 2.675602e-02 -1.486736e-01 -1.853740e-01 -1.159807e-01 8.804587e-02 6.481468e-02 1.934504e-01 2.780862e-01 2.840062e-01 1.666377e-01 7.413414e-02 9.182545e-03 -2.476090e-02 -4.963548e-03
<VARIANCE> 39
 1.730349e+00 1.907779e+00 4.129311e+00 5.145635e+00 6.188103e+00 7.083015e+00 7.314121e+00 9.082175e+00 9.223790e+00 1.103330e+01 1.080083e+01 8.845242e+00 5.000000e-02 1.950824e-01 2.247936e-01 3.730459e-01 4.674257e-01 7.482134e-01 8.873280e-01 1.096430e+00 1.204249e+00 1.107078e+00 1.157768e+00 1.041192e+00 9.781283e-01 5.000000e-02 5.000000e-02 5.000000e-02 8.059574e-02 1.020288e-01 1.360009e-01 1.654321e-01 1.893801e-01 2.212105e-01 2.073627e-01 2.444774e-01 2.355853e-01 2.200256e-01 5.000000e-02
<GCONST> 5.565967e+01
<STATE> 7
<MEAN> 39
 -4.986754e+00 -7.796845e+00 -2.298189e-01 -1.426911e+00 1.659006e+00 -4.093014e+00 1.552899e+00 -2.185791e+00 4.405888e-01 -2.881467e+00 2.403095e+00 -2.268479e+00 1.552500e-02 -1.550200e-01 -1.681200e-01 -1.493835e-01 -1.946296e-02 -4.544388e-02 4.337957e-02 9.173630e-02 1.418295e-01 8.075162e-02 8.002797e-02 3.211083e-02 1.954867e-02 -6.492577e-03 -1.073330e-01 -7.252994e-02 -8.440290e-02 -3.420548e-02 -6.392226e-02 -2.861352e-02 -1.543418e-03 2.296373e-02 2.167932e-02 3.656407e-02 8.323506e-03 4.880131e-02 -4.001716e-03
<VARIANCE> 39
 1.887844e+00 2.489366e+00 4.368501e+00 5.109296e+00 6.397101e+00 7.754612e+00 8.445159e+00 9.155544e+00 9.738222e+00 9.021207e+00 8.914588e+00 8.051669e+00 5.000000e-02 2.054744e-01 2.537877e-01 4.432362e-01 5.916291e-01 7.417513e-01 8.888798e-01 9.538639e-01 1.039823e+00 9.695293e-01 1.031409e+00 1.029042e+00 8.885369e-01 5.000000e-02 5.000000e-02 5.100935e-02 8.824011e-02 1.172652e-01 1.487021e-01 1.799340e-01 1.905101e-01 2.096848e-01 2.005004e-01 2.090637e-01 2.066744e-01 1.830271e-01 5.000000e-02
<GCONST> 5.570729e+01
<STATE> 8
<MEAN> 39
 -7.147285e+00 -9.576443e+00 -1.979748e+00 -1.916188e+00 8.181421e-01 -4.051558e+00 2.125044e+00 -1.146068e+00 1.140001e+00 -2.479768e+00 2.214244e+00 -1.515154e+00 -6.865890e-02 2.098491e-02 7.679915e-02 6.446949e-02 1.502640e-02 1.403981e-02 -1.499887e-02 -1.479680e-02 -3.478659e-02 -1.468458e-02 9.250759e-03 5.680763e-02 4.575363e-02 1.966921e-03 1.523883e-01 1.225861e-01 1.299818e-01 1.954711e-02 3.817770e-02 -3.472639e-02 -8.302779e-02 -1.101062e-01 -5.457918e-02 -3.819412e-02 2.514025e-03 -3.424411e-02 5.561359e-03
<VARIANCE> 39
 1.938885e+00 3.063078e+00 4.799381e+00 6.357599e+00 8.356245e+00 1.127139e+01 1.084419e+01 1.166315e+01 1.292910e+01 1.168663e+01 1.183237e+01 9.951658e+00 5.000000e-02 3.840126e-01 3.922437e-01 5.696404e-01 6.343252e-01 8.114269e-01 1.089072e+00 1.136754e+00 1.217762e+00 1.229829e+00 1.281009e+00 1.281607e+00 9.824682e-01 5.000000e-02 5.644409e-02 7.056704e-02 1.053969e-01 1.396517e-01 1.747234e-01 2.351758e-01 2.337176e-01 2.498423e-01 2.529315e-01 2.619417e-01 2.722952e-01 1.977458e-01 5.000000e-02
<GCONST> 6.362436e+01
<STATE> 9
<MEAN> 39
 -4.291873e+00 -7.118127e+00 5.667748e-01 -1.532901e+00 1.305337e+00 -4.721347e+00 8.198304e-01 -2.874848e+00 6.468212e-01 -2.404970e+00 2.905337e+00 -1.947786e+00 4.981544e-02 1.601689e-01 1.378789e-02 7.121637e-02 1.655897e-03 -6.009088e-03 -5.056212e-02 -1.570154e-01 -1.952906e-01 -1.770230e-01 -1.576390e-01 -1.282674e-01 -1.356616e-01 4.077553e-03 -2.304646e-01 -2.121474e-01 -2.147367e-01 -2.761624e-02 -3.683464e-02 5.971313e-02 9.289698e-02 1.255837e-01 1.241683e-03 -3.597295e-02 -7.540293e-02 7.097105e-03 -9.578275e-03
<VARIANCE> 39
 1.422483e+00 2.009278e+00 3.662550e+00 4.545724e+00 5.172889e+00 7.104737e+00 8.896067e+00 8.977598e+00 9.549468e+00 1.025704e+01 9.735151e+00 8.074018e+00 5.000000e-02 3.416090e-01 3.732322e-01 5.475941e-01 6.036648e-01 6.102124e-01 8.356218e-01 9.889945e-01 1.068119e+00 1.055773e+00 1.128396e+00 1.137503e+00 8.864244e-01 5.000000e-02 5.000000e-02 5.000000e-02 8.432976e-02 1.214600e-01 1.170797e-01 1.625836e-01 2.015823e-01 2.128133e-01 2.088841e-01 2.421809e-01 2.418540e-01 1.836228e-01 5.000000e-02
<GCONST> 5.610260e+01
<STATE> 10
<MEAN> 39
 -6.115564e+00 -9.302379e+00 -1.549408e+00 -2.072140e+00 8.509612e-01 -4.865034e+00 5.604247e-01 -2.880542e+00 -5.102900e-01 -3.947075e+00 1.395303e+00 -2.177684e+00 -4.411528e-02 -6.068236e-01 -4.113865e-01 -4.383472e-01 4.900582e-03 -9.771049e-02 1.790074e-01 4.021381e-01 4.127501e-01 2.266892e-01 1.719877e-01 -2.275809e-02 1.423047e-01 -2.274817e-02 -6.572936e-03 9.834352e-02 7.609788e-02 4.602561e-02 3.675597e-02 9.176749e-02 1.696918e-01 1.733468e-01 2.484355e-01 2.350829e-01 1.628498e-01 9.232696e-02 2.322939e-03
<VARIANCE> 39
 1.758829e+00 2.474449e+00 3.867564e+00 5.617474e+00 6.586823e+00 8.480506e+00 8.185640e+00 8.842557e+00 1.051100e+01 9.072636e+00 9.419989e+00 9.299487e+00 5.000000e-02 1.689485e-01 2.435625e-01 4.001428e-01 5.480386e-01 6.994625e-01 9.382645e-01 9.663767e-01 1.024420e+00 1.211562e+00 1.222498e+00 1.119428e+00 9.071913e-01 5.000000e-02 5.000000e-02 5.000000e-02 7.273579e-02 1.165657e-01 1.402674e-01 1.874469e-01 1.848492e-01 1.984520e-01 2.195253e-01 2.099424e-01 2.072651e-01 1.815010e-01 5.000000e-02
<GCONST> 5.578051e+01
<STATE> 11
<MEAN> 39
 -7.624929e+00 -9.707565e+00 -2.056725e+00 -1.805792e+00 8.854164e-01 -3.559363e+00 3.044092e+00 -2.541625e-01 2.140961e+00 -1.622364e+00 2.574886e+00 -1.266663e+00 -8.316524e-02 6.161062e-03 1.226802e-01 8.461098e-02 2.361108e-03 3.724057e-02 3.224035e-02 4.297505e-02 7.489339e-02 1.286293e-01 1.051845e-01 6.071277e-02 2.261028e-02 1.664027e-03 2.176225e-01 1.477697e-01 1.405435e-01 2.391915e-05 3.325972e-02 -1.249820e-01 -2.201537e-01 -2.402992e-01 -2.114696e-01 -1.728743e-01 -8.276169e-02 -9.372012e-02 7.125968e-03
<VARIANCE> 39
 1.298894e+00 2.167197e+00 3.802501e+00 5.348410e+00 7.722928e+00 9.728519e+00 8.257888e+00 1.090047e+01 1.061690e+01 1.078912e+01 1.072556e+01 9.373229e+00 5.000000e-02 2.508841e-01 2.167538e-01 3.585331e-01 5.074664e-01 7.051851e-01 1.072067e+00 1.046541e+00 1.282980e+00 1.206891e+00 1.273204e+00 1.112371e+00 1.009586e+00 5.000000e-02 5.000000e-02 5.000000e-02 7.883915e-02 1.059420e-01 1.544275e-01 2.162910e-01 1.824154e-01 2.241991e-01 2.231789e-01 2.454663e-01 2.288830e-01 2.054808e-01 5.000000e-02
<GCONST> 5.751905e+01
<STATE> 12
<MEAN> 39
 -5.698238e+00 -8.146473e+00 -6.448416e-01 -1.586262e+00 1.331990e+00 -4.264557e+00 1.553567e+00 -2.035046e+00 3.221449e-01 -2.705895e+00 2.328805e+00 -2.113460e+00 -8.421014e-03 7.957590e-02 4.590201e-02 3.822365e-02 1.628924e-02 2.397380e-02 -1.589904e-02 -3.735519e-02 -5.302798e-02 -5.703460e-02 -3.808830e-02 -1.962435e-02 -1.004096e-02 3.487696e-03 -3.800954e-02 -2.490300e-02 -5.204628e-02 -1.565782e-02 -2.604720e-02 -1.243501e-03 2.192195e-02 2.669374e-02 1.869036e-02 1.233007e-02 -1.008209e-02 4.676969e-03 -1.165423e-04
<VARIANCE> 39
 2.820389e+00 3.030541e+00 4.783814e+00 5.600956e+00 7.154668e+00 8.635217e+00 9.318845e+00 1.091614e+01 1.075175e+01 1.069046e+01 1.031474e+01 9.528081e+00 5.000000e-02 3.767940e-01 3.511964e-01 5.308806e-01 6.054670e-01 8.135220e-01 9.404612e-01 1.018560e+00 1.226091e+00 1.208136e+00 1.242021e+00 1.180633e+00 1.138815e+00 5.000000e-02 7.671119e-02 7.284115e-02 1.101666e-01 1.368555e-01 1.648439e-01 1.937509e-01 2.018033e-01 2.404295e-01 2.406186e-01 2.508839e-01 2.438795e-01 2.309718e-01 5.000000e-02
<GCONST> 6.216544e+01
<TRANSP> 13
 0.000000e+00 1.000000e+00 0.000000e+00 0.000000e+00 0.000000e+00 0.000000e+00 0.000000e+00 0.000000e+00 0.000000e+00 0.000000e+00 0.000000e+00 0.000000e+00 0.000000e+00
 0.000000e+00 8.658059e-01 1.341942e-01 0.000000e+00 0.000000e+00 0.000000e+00 0.000000e+00 0.000000e+00 0.000000e+00 0.000000e+00 0.000000e+00 0.000000e+00 0.000000e+00
 0.000000e+00 0.000000e+00 6.804187e-01 3.195813e-01 0.000000e+00 0.000000e+00 0.000000e+00 0.000000e+00 0.000000e+00 0.000000e+00 0.000000e+00 0.000000e+00 0.000000e+00
 0.000000e+00 0.000000e+00 0.000000e+00 8.283160e-01 1.716840e-01 0.000000e+00 0.000000e+00 0.000000e+00 0.000000e+00 0.000000e+00 0.000000e+00 0.000000e+00 0.000000e+00
 0.000000e+00 0.000000e+00 0.000000e+00 0.000000e+00 8.525445e-01 1.474555e-01 0.000000e+00 0.000000e+00 0.000000e+00 0.000000e+00 0.000000e+00 0.000000e+00 0.000000e+00
 0.000000e+00 0.000000e+00 0.000000e+00 0.000000e+00 0.000000e+00 5.073752e-01 4.926248e-01 0.000000e+00 0.000000e+00 0.000000e+00 0.000000e+00 0.000000e+00 0.000000e+00
 0.000000e+00 0.000000e+00 0.000000e+00 0.000000e+00 0.000000e+00 0.000000e+00 8.442809e-01 1.557191e-01 0.000000e+00 0.000000e+00 0.000000e+00 0.000000e+00 0.000000e+00
 0.000000e+00 0.000000e+00 0.000000e+00 0.000000e+00 0.000000e+00 0.000000e+00 0.000000e+00 8.388836e-01 1.611163e-01 0.000000e+00 0.000000e+00 0.000000e+00 0.000000e+00
 0.000000e+00 0.000000e+00 0.000000e+00 0.000000e+00 0.000000e+00 0.000000e+00 0.000000e+00 0.000000e+00 7.553462e-01 2.446539e-01 0.000000e+00 0.000000e+00 0.000000e+00
 0.000000e+00 0.000000e+00 0.000000e+00 0.000000e+00 0.000000e+00 0.000000e+00 0.000000e+00 0.000000e+00 0.000000e+00 6.370460e-01 3.629540e-01 0.000000e+00 0.000000e+00
 0.000000e+00 0.000000e+00 0.000000e+00 0.000000e+00 0.000000e+00 0.000000e+00 0.000000e+00 0.000000e+00 0.000000e+00 0.000000e+00 7.363122e-01 2.636879e-01 0.000000e+00
 0.000000e+00 0.000000e+00 0.000000e+00 0.000000e+00 0.000000e+00 0.000000e+00 0.000000e+00 0.000000e+00 0.000000e+00 0.000000e+00 0.000000e+00 9.047983e-01 9.520172e-02
 0.000000e+00 0.000000e+00 0.000000e+00 0.000000e+00 0.000000e+00 0.000000e+00 0.000000e+00 0.000000e+00 0.000000e+00 0.000000e+00 0.000000e+00 0.000000e+00 0.000000e+00
<ENDHMM>
