~o
<STREAMINFO> 1 39
<VECSIZE> 39<NULLD><MFCC_E_D_A><DIAGC>
~h "Tai"
<BEGINHMM>
<NUMSTATES> 14
<STATE> 2
<MEAN> 39
 -7.429787e+00 -4.553560e+00 -3.294355e+00 7.004756e-01 3.850222e-01 -3.649468e+00 7.674041e-01 -1.668214e+00 -1.138086e-01 -2.431721e+00 2.800926e+00 -2.539438e+00 5.996579e-03 -9.215028e-01 8.583354e-01 -1.254365e+00 -4.852208e-02 2.004931e-01 -6.306187e-01 2.475019e-01 2.547793e-02 1.906102e-01 -4.398771e-01 1.672656e-01 3.211797e-02 3.976682e-02 -6.059243e-02 -3.274034e-01 -3.727803e-01 -3.301041e-01 2.834266e-01 -1.968764e-01 3.240861e-01 2.235415e-01 1.946566e-01 -2.255823e-01 -2.381780e-01 -4.164695e-02 2.490130e-02
<VARIANCE> 39
 1.641259e+01 3.727599e+01 3.128618e+01 1.012289e+01 1.858149e+01 1.240162e+01 1.683224e+01 1.355720e+01 1.026465e+01 1.042842e+01 1.048530e+01 1.098706e+01 5.000000e-02 3.533664e+00 4.240483e+00 4.674498e+00 2.012185e+00 3.272081e+00 2.023449e+00 1.881465e+00 1.712243e+00 1.468245e+00 1.315102e+00 8.139470e-01 1.107848e+00 5.000000e-02 5.708006e-01 1.506821e+00 1.367901e+00 3.607561e-01 6.033660e-01 3.072997e-01 2.879302e-01 3.811325e-01 2.281486e-01 2.949302e-01 3.257219e-01 2.372240e-01 5.000000e-02
<GCONST> 9.370646e+01
<STATE> 3
<MEAN> 39
 -1.187994e+01 -8.547900e+00 -1.464195e+01 -6.457067e+00 4.747350e+00 -9.296573e+00 6.627500e+00 2.517277e+00 3.878732e+00 -9.426641e+00 -1.908065e+00 -9.666220e-01 5.930402e-01 4.552911e-01 -5.011390e+00 -2.842300e+00 -2.112757e+00 1.027292e+00 -5.110853e-01 1.794153e+00 2.104563e-01 5.517986e-01 -1.778517e+00 -2.272356e+00 7.768534e-01 1.665175e-01 3.019283e-01 -6.384144e-01 3.783153e-01 5.183576e-01 9.590751e-02 5.822726e-01 -3.725952e-01 -9.458404e-01 -4.350334e-01 5.091271e-01 3.308862e-01 3.251773e-03 -1.250672e-02
<VARIANCE> 39
 3.908305e+01 9.481519e+01 3.619149e+01 5.512808e+01 2.182339e+01 3.631431e+01 2.286903e+01 1.866391e+01 1.543384e+01 1.943809e+01 3.532292e+01 5.074219e+00 6.122930e-02 2.032618e+00 4.271459e+00 7.547012e+00 4.858517e+00 2.940562e+00 4.374894e+00 1.746495e+00 5.035251e+00 2.177415e+00 1.227354e+00 2.208695e+00 5.329026e-01 5.000000e-02 8.031852e-01 2.156193e+00 1.434515e+00 1.445937e+00 5.517725e-01 5.763955e-01 5.080017e-01 4.373322e-01 3.698114e-01 4.214140e-01 1.127364e+00 1.563926e-01 5.000000e-02
<GCONST> 1.090049e+02
<STATE> 4
<MEAN> 39
 -1.067858e+01 -2.467935e+01 -1.829470e+01 -6.947540e+00 1.264229e+01 -6.384546e+00 8.103084e+00 -4.992589e+00 3.318965e+00 -7.934728e+00 -1.946184e+00 -1.402582e+00 9.525812e-01 -5.503832e-01 -1.084589e+00 -3.866484e-03 5.589127e-01 1.845402e+00 6.986124e-01 -5.131875e-01 -1.704075e+00 1.495920e-01 1.124745e+00 5.194907e-01 -1.053625e+00 1.847553e-02 -3.614870e-02 9.652625e-01 2.737153e-01 2.210496e-02 -3.844239e-01 -1.216199e-01 -1.966136e-01 1.641687e-01 1.302119e-01 7.554818e-02 -7.513507e-02 -2.193782e-01 -2.567995e-02
<VARIANCE> 39
 1.037508e+01 7.444396e+00 9.278255e+00 6.387930e+00 3.758168e+01 2.992599e+01 2.061741e+01 7.333990e+00 1.977009e+01 1.058188e+01 6.100206e+00 1.099286e+01 5.000000e-02 7.994694e-01 2.655146e+00 1.554858e+00 1.171975e+00 2.349379e+00 9.755214e-01 6.776876e-01 1.044586e+00 1.230786e+00 1.100870e+00 1.049817e+00 9.473045e-01 5.000000e-02 1.950218e-01 3.972669e-01 5.681673e-01 2.496315e-01 4.532182e-01 1.232250e-01 2.826250e-01 2.548734e-01 3.427255e-01 5.634590e-01 3.113884e-01 2.874567e-01 5.000000e-02
<GCONST> 8.076212e+01
<STATE> 5
<MEAN> 39
 -9.818742e+00 -2.307841e+01 -1.907057e+01 -4.629783e+00 1.327893e+01 -3.868647e+00 6.683376e+00 -1.055293e+01 4.543180e+00 -6.325062e+00 -3.787673e+00 -4.182535e+00 8.726877e-01 1.855491e-01 3.687963e-01 -1.733656e-01 3.065046e-01 -3.759176e-01 3.957083e-01 -2.833012e-02 -1.453725e-01 2.268852e-01 -6.467316e-02 -2.000557e-01 2.424085e-01 -9.946609e-03 -1.122514e-01 -1.264557e-01 6.864402e-02 -9.296910e-02 -5.920276e-02 -4.659579e-02 1.910025e-02 2.735022e-01 -3.258877e-02 -2.650448e-02 1.192888e-01 1.831168e-01 5.637290e-03
<VARIANCE> 39
 2.374180e+01 8.485352e+00 1.197753e+01 1.170764e+01 4.856723e+01 5.031672e+01 2.594932e+01 8.397307e+00 1.364873e+01 1.467227e+01 7.533820e+00 7.798207e+00 5.000000e-02 1.391631e+00 6.158939e-01 1.304492e+00 7.765980e-01 7.481538e-01 4.940339e-01 7.237532e-01 1.213581e+00 1.005414e+00 1.228870e+00 5.675236e-01 3.433949e-01 5.000000e-02 3.198821e-01 1.602495e-01 2.795174e-01 2.230692e-01 1.315580e-01 1.120015e-01 1.470546e-01 1.416294e-01 1.908795e-01 1.987438e-01 9.171285e-02 1.300776e-01 5.000000e-02
<GCONST> 7.127160e+01
<STATE> 6
<MEAN> 39
 -1.332714e+01 -2.385222e+01 -1.906660e+01 -5.073353e+00 1.146663e+01 -2.854504e+00 5.378566e+00 -7.458145e+00 4.666636e+00 -5.929338e+00 -2.812455e+00 -9.335324e-01 9.458684e-01 -4.453111e-01 -8.717243e-01 6.027540e-01 -2.456243e-01 -1.045741e+00 -1.848224e-01 -2.199745e-01 1.074894e+00 -8.145694e-01 3.109532e-01 3.621668e-01 7.440760e-01 2.336015e-02 4.141198e-01 -1.785033e-02 1.598508e-01 1.190362e-01 -4.931309e-01 -2.517413e-02 1.991649e-01 1.844530e-01 -3.813077e-01 -8.055203e-02 -1.585081e-01 7.716765e-02 -5.006860e-03
<VARIANCE> 39
 8.823318e+00 4.659904e+00 6.770911e+00 6.595714e+00 2.351702e+01 3.249985e+01 1.210294e+01 1.188359e+01 1.852411e+01 3.044812e+00 6.208637e+00 7.137065e+00 5.000000e-02 2.398113e+00 1.986276e-01 3.916801e-01 1.328791e+00 1.387208e+00 8.693205e-01 7.207324e-01 4.797001e-01 5.881795e-01 4.374384e-01 4.151641e-01 7.071092e-01 5.000000e-02 2.278754e-01 1.338675e-01 1.737394e-01 1.384645e-01 1.073193e-01 1.258162e-01 1.853121e-01 7.062661e-02 8.995589e-02 1.287269e-01 1.016035e-01 1.037187e-01 5.000000e-02
<GCONST> 5.991467e+01
<STATE> 7
<MEAN> 39
 -8.324079e+00 -2.687055e+01 -1.487700e+01 -4.587071e+00 7.292826e-01 -3.471901e+00 9.238509e+00 -1.635041e+00 -3.755845e+00 -7.280293e+00 -3.607161e+00 3.089130e-01 9.502921e-01 8.751451e-01 3.971624e-01 1.253307e+00 -6.412098e-01 -2.428771e+00 -3.159432e-01 1.562042e+00 9.297372e-01 -1.537973e+00 -5.093227e-01 -8.253191e-01 -4.517585e-01 -1.574434e-02 -1.210290e-01 3.871368e-01 1.501969e-01 -4.050325e-01 2.706047e-01 -1.433932e-01 1.169116e-01 -1.523442e-01 4.701733e-01 1.631452e-01 -2.335036e-01 -2.875293e-01 -6.572985e-03
<VARIANCE> 39
 3.626199e+01 1.944168e+01 1.898311e+01 7.938087e+00 4.375995e+01 1.669137e+01 1.877349e+01 1.387348e+01 2.670660e+01 1.039505e+01 9.860049e+00 8.608589e+00 5.000000e-02 1.469264e+00 1.531917e+00 1.026173e+00 1.726071e+00 1.419133e+00 2.580632e+00 1.881163e+00 1.433651e+00 1.952083e+00 1.095586e+00 6.877327e-01 1.408431e+00 5.000000e-02 2.791762e-01 8.110705e-02 1.830799e-01 2.015948e-01 3.307360e-01 3.939236e-01 3.821538e-01 2.180032e-01 5.774130e-01 2.295264e-01 1.148943e-01 2.968838e-01 5.000000e-02
<GCONST> 8.387889e+01
<STATE> 8
<MEAN> 39
 -7.641901e+00 -1.954548e+01 -7.470095e+00 -1.330115e+01 -5.709083e+00 -6.246688e+00 1.262517e+01 8.840216e-01 -1.596972e+00 -5.445984e+00 -9.251213e+00 -9.261806e-01 8.087875e-01 5.069497e-01 1.142349e+00 1.425112e+00 -1.627174e+00 1.080168e-01 -9.046389e-01 -9.919375e-01 -2.237937e-01 1.724678e+00 1.202265e+00 -4.288787e-01 7.960011e-01 -3.980514e-02 9.119453e-02 -2.484385e-01 -1.232580e-01 2.605321e-01 4.189928e-01 -2.096318e-02 -4.619410e-01 -3.697268e-01 9.988714e-02 1.013141e-01 2.914463e-01 3.025040e-01 -1.906777e-03
<VARIANCE> 39
 1.333335e+01 2.276421e+01 1.093386e+01 1.070931e+01 2.591296e+01 2.971790e+01 4.101713e+01 5.080570e+00 1.841602e+01 1.810653e+01 1.202664e+01 1.506009e+01 5.000000e-02 2.596804e-01 4.839502e-01 4.029412e-01 8.947814e-01 8.365003e-01 1.837779e+00 3.002775e+00 8.159838e-01 1.551934e+00 9.221495e-01 1.371464e+00 1.122657e+00 5.000000e-02 5.000000e-02 1.175411e-01 8.000879e-02 1.588919e-01 1.321273e-01 3.263141e-01 7.970353e-01 1.186713e-01 3.547527e-01 1.857436e-01 1.855610e-01 3.107329e-01 5.000000e-02
<GCONST> 7.460812e+01
<STATE> 9
<MEAN> 39
 -3.389992e+00 -1.962224e+01 -2.686103e+00 -1.655471e+01 -1.206733e+00 -1.039423e+01 7.830404e+00 -3.118905e+00 2.508242e+00 -1.778202e+00 -9.362740e+00 2.772955e+00 6.147441e-01 8.962925e-01 -1.013333e+00 4.089415e-01 5.884345e-01 4.933729e-02 5.985298e-01 -1.076900e+00 -6.714911e-01 -5.781395e-01 -6.083980e-01 -2.931980e-01 1.629966e-01 -3.978886e-02 5.652285e-03 -3.081161e-01 -3.384118e-01 6.403574e-01 -4.098705e-01 5.100811e-01 5.120492e-02 2.828201e-01 -3.044112e-01 -4.584685e-01 1.794313e-01 -2.211125e-01 -4.717800e-04
<VARIANCE> 39
 1.061488e+01 9.050104e+00 1.025276e+01 1.482700e+01 1.509516e+01 3.552154e+01 2.600860e+01 1.344422e+01 1.490094e+01 1.025744e+01 2.690722e+01 7.203282e+00 5.000000e-02 3.166284e-01 1.365044e+00 9.347293e-01 2.272872e+00 2.548306e+00 1.792616e+00 2.171801e+00 1.714092e+00 2.179964e+00 1.675278e+00 1.138352e+00 6.654893e-01 5.000000e-02 5.000000e-02 1.341542e-01 1.086376e-01 1.988764e-01 2.178960e-01 3.110202e-01 4.418254e-01 3.218203e-01 6.037887e-01 1.894214e-01 2.572430e-01 1.026495e-01 5.000000e-02
<GCONST> 7.919875e+01
<STATE> 10
<MEAN> 39
 1.251596e-01 -2.541923e+01 -5.356962e+00 -6.544346e+00 -5.184707e+00 -3.767704e+00 3.738860e+00 -2.407140e+00 3.714246e-01 -6.349988e+00 -6.721325e+00 1.681798e+00 4.251819e-01 4.871178e-01 -6.057544e-02 -9.125273e-01 2.495291e+00 1.230714e-01 7.615982e-01 2.786297e-01 6.717657e-01 2.345501e-01 -2.899127e-01 1.638313e+00 -3.798115e-01 -2.735781e-02 -3.939865e-02 6.081541e-01 9.053247e-02 -1.575147e-01 4.123871e-01 -5.127829e-01 3.316676e-01 -1.612612e-02 -2.400866e-02 2.301823e-01 6.412029e-02 -9.638523e-02 5.158052e-03
<VARIANCE> 39
 1.930949e+00 4.455400e+00 3.107491e+01 2.672577e+01 6.670569e+00 2.586107e+01 2.026802e+01 1.989684e+01 1.434285e+01 1.018246e+01 1.594960e+01 1.008883e+01 5.000000e-02 2.632975e-01 1.220339e+00 7.116403e-01 2.415174e+00 1.019806e+00 3.259655e+00 1.560631e+00 1.961055e+00 9.211701e-01 8.488107e-01 1.435721e+00 8.900179e-01 5.000000e-02 5.000000e-02 7.797523e-02 2.511176e-01 4.246018e-01 1.566438e-01 4.695851e-01 3.653428e-01 3.223847e-01 3.116494e-01 1.803895e-01 3.681481e-01 1.437318e-01 5.000000e-02
<GCONST> 7.615243e+01
<STATE> 11
<MEAN> 39
 2.041231e+00 -2.037865e+01 -5.900764e+00 1.459592e-01 -2.178583e+00 -4.533384e+00 6.397030e+00 -8.352171e-01 -4.365965e-01 -8.136801e+00 -1.675449e+00 -2.496955e-01 3.580030e-01 1.280569e-01 8.781202e-01 -2.297976e-01 6.294441e-01 4.786309e-01 -3.801653e-01 -2.515532e-01 -8.488490e-02 -5.304967e-01 -1.791106e-01 3.378958e-01 -1.451354e-01 -1.697142e-02 -1.637510e-01 -6.033619e-02 1.439032e-01 -2.134731e-01 2.278300e-03 4.645855e-02 -3.198254e-01 -8.169477e-02 4.448136e-02 1.825636e-01 -3.152687e-02 1.098186e-01 -1.038976e-03
<VARIANCE> 39
 2.065852e+00 7.517578e+00 1.697935e+01 4.901037e+00 5.509174e+00 7.732479e+00 7.242280e+00 9.382203e+00 1.266780e+01 1.144942e+01 9.600938e+00 6.779374e+00 5.000000e-02 2.200223e-01 5.062348e-01 9.834433e-01 1.055343e+00 7.069904e-01 1.001289e+00 1.206543e+00 1.021121e+00 8.833382e-01 1.688000e+00 1.370166e+00 9.783984e-01 5.000000e-02 5.000000e-02 8.672468e-02 1.938045e-01 3.339733e-01 8.427527e-02 1.582731e-01 1.089464e-01 2.519251e-01 1.776779e-01 3.391652e-01 3.589144e-01 1.744953e-01 5.000000e-02
<GCONST> 6.370523e+01
<STATE> 12
<MEAN> 39
 2.682300e-01 -1.672773e+01 -5.019062e+00 1.677196e+00 7.647812e-01 -6.207838e+00 1.750725e+00 -1.639247e+00 -7.686096e-01 -6.193117e+00 1.359639e-02 1.753043e-01 2.242799e-01 -4.932903e-01 7.806820e-01 5.830971e-01 -1.975511e-01 3.293211e-01 1.875536e-01 -2.579918e-01 4.726678e-02 3.138069e-01 1.041481e-01 6.282993e-02 2.875719e-02 -2.077743e-02 -4.485370e-02 8.107974e-02 -7.150292e-03 -1.978008e-01 -5.531519e-02 1.802570e-01 2.666904e-01 -2.224672e-02 -5.868880e-02 -1.321696e-01 -4.897454e-02 -1.528797e-02 -1.160939e-03
<VARIANCE> 39
 3.904857e+00 9.542335e+00 1.536187e+01 5.892715e+00 8.230893e+00 1.512649e+01 6.526829e+00 1.322517e+01 1.788472e+01 7.681639e+00 8.991562e+00 3.612847e+00 5.000000e-02 2.634186e-01 8.810176e-01 1.256847e+00 7.570828e-01 7.497796e-01 1.772555e+00 8.592488e-01 1.737371e+00 2.289045e+00 6.075956e-01 1.312329e+00 3.076250e-01 5.000000e-02 5.247245e-02 1.763688e-01 2.161120e-01 1.148850e-01 1.540240e-01 2.917045e-01 7.455514e-02 3.408072e-01 5.000384e-01 8.838947e-02 3.380037e-01 6.993291e-02 5.000000e-02
<GCONST> 6.507937e+01
<STATE> 13
<MEAN> 39
 -2.838027e+00 -1.116084e+01 -2.578941e+00 -1.034825e+00 2.478851e+00 -3.357201e+00 2.708039e+00 -2.310102e+00 -8.873454e-01 -6.129736e+00 1.491420e+00 -2.297737e-01 8.402117e-02 -7.813990e-01 7.362042e-01 4.570593e-01 -2.911257e-01 2.358499e-01 2.785226e-01 4.576827e-02 -7.062158e-02 3.465927e-01 4.764835e-01 7.856231e-01 2.148285e-01 -3.736514e-02 2.267019e-02 -3.481432e-01 -1.488016e-01 2.186417e-01 -1.334791e-01 -3.094926e-01 -2.740048e-01 8.094007e-02 2.661698e-01 1.060223e-01 -1.426381e-01 1.323509e-01 1.440506e-03
<VARIANCE> 39
 2.313334e+00 6.042900e+00 8.378172e+00 5.665539e+00 5.870731e+00 1.005664e+01 1.173107e+01 7.177859e+00 2.405572e+01 9.361353e+00 8.038272e+00 3.164101e+00 5.000000e-02 2.791819e-01 6.998239e-01 5.830910e-01 7.884578e-01 2.774729e-01 9.893261e-01 1.047903e+00 5.934312e-01 1.664980e+00 4.397368e-01 9.648671e-01 3.481264e-01 5.000000e-02 5.000000e-02 5.000000e-02 6.964564e-02 1.235935e-01 5.000000e-02 1.408655e-01 1.319698e-01 1.224782e-01 3.683612e-01 1.271601e-01 2.580857e-01 1.256696e-01 5.000000e-02
<GCONST> 5.445484e+01
<TRANSP> 14
 0.000000e+00 1.000000e+00 0.000000e+00 0.000000e+00 0.000000e+00 0.000000e+00 0.000000e+00 0.000000e+00 0.000000e+00 0.000000e+00 0.000000e+00 0.000000e+00 0.000000e+00 0.000000e+00
 0.000000e+00 8.437469e-01 1.562531e-01 0.000000e+00 0.000000e+00 0.000000e+00 0.000000e+00 0.000000e+00 0.000000e+00 0.000000e+00 0.000000e+00 0.000000e+00 0.000000e+00 0.000000e+00
 0.000000e+00 0.000000e+00 7.222667e-01 2.777333e-01 0.000000e+00 0.000000e+00 0.000000e+00 0.000000e+00 0.000000e+00 0.000000e+00 0.000000e+00 0.000000e+00 0.000000e+00 0.000000e+00
 0.000000e+00 0.000000e+00 0.000000e+00 7.824150e-01 2.175850e-01 0.000000e+00 0.000000e+00 0.000000e+00 0.000000e+00 0.000000e+00 0.000000e+00 0.000000e+00 0.000000e+00 0.000000e+00
 0.000000e+00 0.000000e+00 0.000000e+00 0.000000e+00 8.572307e-01 1.427693e-01 0.000000e+00 0.000000e+00 0.000000e+00 0.000000e+00 0.000000e+00 0.000000e+00 0.000000e+00 0.000000e+00
 0.000000e+00 0.000000e+00 0.000000e+00 0.000000e+00 0.000000e+00 7.618526e-01 2.381475e-01 0.000000e+00 0.000000e+00 0.000000e+00 0.000000e+00 0.000000e+00 0.000000e+00 0.000000e+00
 0.000000e+00 0.000000e+00 0.000000e+00 0.000000e+00 0.000000e+00 0.000000e+00 8.068505e-01 1.931495e-01 0.000000e+00 0.000000e+00 0.000000e+00 0.000000e+00 0.000000e+00 0.000000e+00
 0.000000e+00 0.000000e+00 0.000000e+00 0.000000e+00 0.000000e+00 0.000000e+00 0.000000e+00 7.889224e-01 2.110776e-01 0.000000e+00 0.000000e+00 0.000000e+00 0.000000e+00 0.000000e+00
 0.000000e+00 0.000000e+00 0.000000e+00 0.000000e+00 0.000000e+00 0.000000e+00 0.000000e+00 0.000000e+00 8.033289e-01 1.966711e-01 0.000000e+00 0.000000e+00 0.000000e+00 0.000000e+00
 0.000000e+00 0.000000e+00 0.000000e+00 0.000000e+00 0.000000e+00 0.000000e+00 0.000000e+00 0.000000e+00 0.000000e+00 7.640799e-01 2.359201e-01 0.000000e+00 0.000000e+00 0.000000e+00
 0.000000e+00 0.000000e+00 0.000000e+00 0.000000e+00 0.000000e+00 0.000000e+00 0.000000e+00 0.000000e+00 0.000000e+00 0.000000e+00 8.321285e-01 1.678715e-01 0.000000e+00 0.000000e+00
 0.000000e+00 0.000000e+00 0.000000e+00 0.000000e+00 0.000000e+00 0.000000e+00 0.000000e+00 0.000000e+00 0.000000e+00 0.000000e+00 0.000000e+00 8.434133e-01 1.565867e-01 0.000000e+00
 0.000000e+00 0.000000e+00 0.000000e+00 0.000000e+00 0.000000e+00 0.000000e+00 0.000000e+00 0.000000e+00 0.000000e+00 0.000000e+00 0.000000e+00 0.000000e+00 7.236619e-01 2.763381e-01
 0.000000e+00 0.000000e+00 0.000000e+00 0.000000e+00 0.000000e+00 0.000000e+00 0.000000e+00 0.000000e+00 0.000000e+00 0.000000e+00 0.000000e+00 0.000000e+00 0.000000e+00 0.000000e+00
<ENDHMM>
