~o
<STREAMINFO> 1 39
<VECSIZE> 39<NULLD><MFCC_E_D_A><DIAGC>
~h "Tawng"
<BEGINHMM>
<NUMSTATES> 10
<STATE> 2
<MEAN> 39
 -8.774863e+00 -7.352347e+00 -2.755274e+00 -2.813077e+00 1.469145e+00 -2.026246e+00 1.687783e+00 -5.194311e-01 1.524306e+00 -2.907362e+00 3.278404e+00 -3.934723e-01 -1.155547e-02 -8.877970e-01 -5.413910e-01 -2.144855e+00 -9.490424e-01 3.543606e-02 -1.666123e-01 9.915823e-01 6.774884e-01 3.242642e-01 -1.149028e+00 -9.438150e-01 -1.752247e-01 9.889385e-02 8.135171e-02 -6.411912e-01 -6.634395e-01 -4.602147e-02 2.416750e-02 -2.836038e-01 2.750454e-01 3.245058e-02 -2.378251e-02 -3.940405e-01 -3.990625e-01 -9.983631e-02 3.989314e-02
<VARIANCE> 39
 2.483442e+01 2.277866e+01 1.528347e+01 1.893358e+01 1.748323e+01 2.695023e+01 9.277534e+00 7.510786e+00 1.447202e+01 1.194351e+01 7.662399e+00 1.208997e+01 5.000000e-02 2.219364e+00 4.490338e+00 6.398131e+00 1.814716e+00 2.354836e+00 4.604118e+00 1.601688e+00 8.673713e-01 2.390672e+00 1.937706e+00 1.910636e+00 1.908879e+00 5.000000e-02 6.386561e-01 1.279124e+00 9.256574e-01 4.447179e-01 4.925135e-01 6.960926e-01 2.661348e-01 2.128421e-01 5.634975e-01 1.912792e-01 1.802923e-01 2.686342e-01 5.000000e-02
<GCONST> 9.477991e+01
<STATE> 3
<MEAN> 39
 -9.811676e+00 -2.180038e+01 -1.994608e+01 -5.809866e+00 1.659642e+00 -5.804396e+00 7.673368e+00 1.274157e+00 5.300854e-01 -1.143160e+01 -4.785707e+00 -1.387122e+00 8.645858e-01 4.141609e-01 -3.605270e+00 -1.687514e+00 1.052801e+00 1.547505e+00 5.918227e-01 -8.812127e-02 -7.086502e-01 -6.979234e-01 -4.482251e-01 -3.893136e-01 -1.527220e-01 1.204042e-01 7.074470e-02 7.475619e-01 1.388253e+00 3.600435e-01 4.676874e-01 5.327758e-01 -6.262614e-01 -3.911956e-01 2.142864e-01 6.990972e-01 7.034510e-01 -1.850388e-01 -5.089907e-02
<VARIANCE> 39
 8.054214e+00 2.547669e+01 1.450564e+01 1.801107e+01 2.878935e+01 3.743871e+01 3.357996e+01 1.316548e+01 1.269998e+01 7.187747e+00 1.635914e+01 8.295659e+00 5.000000e-02 1.554274e+00 6.250097e+00 8.301382e+00 1.373421e+00 2.547168e+00 2.794621e+00 2.099742e+00 1.508605e+00 9.499673e-01 3.274529e+00 3.023788e+00 8.540134e-01 5.000000e-02 2.355541e-01 7.661757e-01 5.420792e-01 3.549454e-01 6.043024e-01 5.961763e-01 3.659656e-01 3.133276e-01 3.818604e-01 3.379709e-01 2.917017e-01 1.882909e-01 5.000000e-02
<GCONST> 9.448859e+01
<STATE> 4
<MEAN> 39
 -8.784151e+00 -2.699017e+01 -1.597857e+01 -3.445928e+00 8.011696e+00 -1.622064e+00 3.150673e+00 -1.794877e+00 3.523182e+00 -1.416609e+01 -1.613602e+00 -4.815201e+00 9.562904e-01 1.525025e-01 -7.563720e-03 5.473107e-01 -3.901393e-01 2.058458e-01 1.504267e-01 -7.263432e-01 -1.126965e-01 4.402712e-01 -1.280108e+00 8.990811e-02 -3.659481e-01 -1.087681e-02 7.004005e-02 1.660482e-01 7.875884e-02 -1.525662e-01 -1.704610e-01 -1.327193e-01 -1.030817e-01 8.184019e-02 -6.634780e-02 -7.694006e-02 -7.117945e-02 8.452319e-02 -7.148263e-03
<VARIANCE> 39
 6.807805e+00 8.098037e+00 2.164794e+01 1.772379e+01 2.933516e+01 3.052627e+01 1.321172e+01 1.239649e+01 2.235200e+01 3.836604e+01 1.096979e+01 1.721879e+01 5.000000e-02 2.599853e-01 7.146960e-01 3.383127e-01 9.555690e-01 1.072072e+00 8.345600e-01 1.083869e+00 1.134493e+00 1.214535e+00 2.393692e+00 1.091479e+00 9.209035e-01 5.000000e-02 7.009313e-02 1.241079e-01 9.997433e-02 1.058688e-01 2.307409e-01 1.494566e-01 1.633999e-01 2.013808e-01 1.963756e-01 5.596078e-01 1.676105e-01 1.513557e-01 5.000000e-02
<GCONST> 7.293945e+01
<STATE> 5
<MEAN> 39
 -3.137705e+00 -2.540546e+01 -7.318535e+00 -8.649119e+00 6.598750e+00 -2.250310e+00 -6.639580e+00 -1.951160e+00 1.686834e+00 -1.925522e+01 -2.690010e+00 -5.190143e+00 7.007732e-01 1.867171e+00 -2.168030e-01 1.831539e+00 -3.783920e-01 -1.339434e+00 -1.292391e-01 -1.002373e+00 -1.071363e-01 -1.272271e+00 2.255263e+00 -2.984705e-01 7.596196e-02 -4.293157e-02 4.514598e-02 -1.263686e-01 -2.478531e-01 1.353570e-01 -4.135062e-01 1.993413e-01 4.068332e-01 -1.677247e-01 -6.179992e-02 3.584689e-01 -7.506982e-02 -9.109181e-02 4.552923e-03
<VARIANCE> 39
 1.579950e+01 1.144245e+01 4.446178e+01 1.457543e+01 2.005910e+01 2.831543e+01 2.517283e+01 2.723015e+01 1.918191e+01 4.913339e+01 1.226984e+01 1.612437e+01 5.000000e-02 5.254978e-01 9.700866e-01 1.548843e+00 1.153277e+00 2.322707e+00 9.720486e-01 3.083260e+00 1.797857e+00 2.705486e+00 3.894837e+00 8.340638e-01 2.270683e+00 5.000000e-02 2.319807e-01 2.494799e-01 4.948022e-01 1.344012e-01 2.347871e-01 1.567891e-01 5.156814e-01 3.643702e-01 6.999565e-01 1.372183e+00 2.197769e-01 4.894958e-01 5.000000e-02
<GCONST> 9.199268e+01
<STATE> 6
<MEAN> 39
 3.483635e+00 -2.520325e+01 -4.771767e+00 -8.810732e+00 -2.665377e+00 -2.296845e+00 -6.581633e+00 -5.370258e+00 -3.100971e+00 -1.325349e+01 -4.631902e+00 -5.617557e+00 5.613894e-01 4.513395e-01 4.196790e-01 -7.191091e-01 8.907582e-01 -6.821001e-01 -3.356600e-01 5.048908e-01 -3.343870e-01 -3.315586e-01 -2.241364e-01 -2.803507e-01 6.494590e-02 -1.513338e-02 -1.438940e-01 1.165884e-01 -1.409221e-01 1.884017e-01 3.617787e-01 -1.072764e-01 1.973902e-01 1.513480e-01 9.458338e-02 -1.035905e-01 8.797590e-02 3.625292e-02 -1.603142e-04
<VARIANCE> 39
 3.073900e+00 2.240239e+00 1.011239e+01 3.192951e+01 1.307719e+01 6.924022e+00 1.130647e+01 1.345070e+01 1.838275e+01 3.523554e+01 1.682128e+01 1.767952e+01 5.000000e-02 3.298814e-01 2.629209e-01 1.180051e+00 1.625534e+00 2.225197e+00 1.229366e+00 1.222541e+00 2.345036e+00 1.745767e+00 1.472395e+00 1.609157e+00 1.278013e+00 5.000000e-02 9.640766e-02 5.876403e-02 1.973775e-01 2.517060e-01 2.126459e-01 1.510423e-01 3.095791e-01 4.311485e-01 4.648871e-01 5.568613e-01 3.544160e-01 3.218980e-01 5.000000e-02
<GCONST> 7.687687e+01
<STATE> 7
<MEAN> 39
 3.947968e+00 -2.070460e+01 -9.335536e+00 -6.429335e-01 -5.453438e-01 -5.674883e+00 -5.316181e-01 -3.536780e+00 -2.907938e+00 -1.150017e+01 -4.614824e+00 -4.748530e+00 3.892530e-01 -3.390541e-01 4.438458e-01 -6.169249e-02 5.204726e-01 6.813401e-01 1.709258e-01 6.363478e-01 4.176286e-01 4.465145e-01 5.893036e-01 4.264590e-01 3.753761e-01 -2.441626e-02 -8.848446e-02 -8.221102e-02 8.565583e-02 -7.228229e-02 -6.328759e-04 3.329566e-02 -1.459425e-01 1.111686e-01 1.969455e-01 2.748523e-02 -3.252050e-02 1.690043e-02 -1.372431e-04
<VARIANCE> 39
 9.106815e+00 7.717758e+00 5.694102e+00 7.391031e+00 1.724659e+01 1.508362e+01 8.651828e+00 1.419222e+01 1.087787e+01 1.185022e+01 1.775080e+01 2.058763e+01 5.000000e-02 2.133493e-01 7.023451e-01 6.106093e-01 1.055806e+00 7.274237e-01 9.096648e-01 1.039308e+00 1.469630e+00 2.560763e+00 2.058213e+00 1.909234e+00 2.420974e+00 5.000000e-02 5.000000e-02 1.388774e-01 1.732605e-01 1.950597e-01 1.939480e-01 2.036304e-01 1.982228e-01 3.046352e-01 4.438559e-01 2.538498e-01 3.328108e-01 5.543723e-01 5.000000e-02
<GCONST> 7.441136e+01
<STATE> 8
<MEAN> 39
 -7.560306e-01 -1.949633e+01 -8.890896e+00 1.735137e+00 2.287975e+00 -4.726126e+00 3.797377e-01 -1.365436e+00 1.297621e+00 -7.713577e+00 -1.651676e+00 -5.804394e-01 1.987066e-01 -5.267952e-01 4.853539e-01 4.008566e-01 -8.025183e-02 5.036486e-03 -2.145073e-01 -2.135484e-01 -5.517434e-02 1.822938e-01 2.204465e-01 1.048257e-01 2.819116e-01 -2.310006e-02 -8.139472e-02 1.691235e-01 1.284710e-01 -1.341572e-01 1.492427e-02 7.363612e-02 -1.473440e-04 -1.484459e-01 -1.495602e-01 -1.596380e-02 2.623677e-02 -5.331288e-02 -3.562517e-03
<VARIANCE> 39
 7.389430e+00 9.853629e+00 1.467357e+01 8.987972e+00 7.849203e+00 1.830302e+01 6.324175e+00 1.144147e+01 1.835375e+01 7.688197e+00 1.373807e+01 1.204969e+01 5.000000e-02 1.104317e+00 1.631608e+00 1.533571e+00 1.048737e+00 9.203746e-01 1.368782e+00 5.883424e-01 1.554340e+00 2.092508e+00 1.181528e+00 1.225948e+00 1.043007e+00 5.000000e-02 2.483278e-01 2.531422e-01 2.180312e-01 1.837702e-01 1.894466e-01 2.986234e-01 1.465022e-01 3.910590e-01 5.035552e-01 2.673883e-01 2.738401e-01 2.241339e-01 5.000000e-02
<GCONST> 7.701250e+01
<STATE> 9
<MEAN> 39
 -5.465826e+00 -1.228587e+01 -3.436123e+00 -6.228766e-01 3.592882e+00 -3.526899e+00 7.906962e-01 -2.716373e+00 1.221679e+00 -4.836599e+00 1.020404e-03 -1.380812e+00 -4.229148e-02 -9.694400e-01 6.539742e-01 4.703951e-01 -3.155698e-01 -1.217755e-01 2.740171e-01 3.091954e-01 -2.781228e-02 6.604242e-02 3.545035e-01 2.554677e-01 -2.925839e-01 -4.620450e-02 2.106882e-01 -3.715833e-01 -2.913910e-01 1.401450e-01 -2.409398e-01 -1.909188e-01 -5.613078e-02 1.894898e-01 3.160997e-02 -2.299511e-01 -6.591169e-03 2.811759e-01 1.007305e-02
<VARIANCE> 39
 2.865207e+00 2.858839e+00 7.054744e+00 4.941564e+00 5.682660e+00 1.223955e+01 6.226258e+00 6.754407e+00 1.195149e+01 1.367792e+01 5.672626e+00 4.958634e+00 5.000000e-02 3.323023e-01 9.732189e-01 9.605514e-01 9.499400e-01 1.024342e+00 1.253169e+00 4.135339e-01 4.583731e-01 1.642306e+00 1.253428e+00 4.991143e-01 1.328398e+00 5.000000e-02 7.333245e-02 1.099622e-01 1.872928e-01 1.805706e-01 1.233018e-01 2.881421e-01 6.315110e-02 5.601805e-02 2.901178e-01 1.981965e-01 1.719440e-01 2.971131e-01 5.000000e-02
<GCONST> 5.941713e+01
<TRANSP> 10
 0.000000e+00 1.000000e+00 0.000000e+00 0.000000e+00 0.000000e+00 0.000000e+00 0.000000e+00 0.000000e+00 0.000000e+00 0.000000e+00
 0.000000e+00 8.275871e-01 1.724129e-01 0.000000e+00 0.000000e+00 0.000000e+00 0.000000e+00 0.000000e+00 0.000000e+00 0.000000e+00
 0.000000e+00 0.000000e+00 7.344381e-01 2.655619e-01 0.000000e+00 0.000000e+00 0.000000e+00 0.000000e+00 0.000000e+00 0.000000e+00
 0.000000e+00 0.000000e+00 0.000000e+00 9.073851e-01 9.261489e-02 0.000000e+00 0.000000e+00 0.000000e+00 0.000000e+00 0.000000e+00
 0.000000e+00 0.000000e+00 0.000000e+00 0.000000e+00 8.071879e-01 1.928121e-01 0.000000e+00 0.000000e+00 0.000000e+00 0.000000e+00
 0.000000e+00 0.000000e+00 0.000000e+00 0.000000e+00 0.000000e+00 8.569283e-01 1.430717e-01 0.000000e+00 0.000000e+00 0.000000e+00
 0.000000e+00 0.000000e+00 0.000000e+00 0.000000e+00 0.000000e+00 0.000000e+00 8.847560e-01 1.152441e-01 0.000000e+00 0.000000e+00
 0.000000e+00 0.000000e+00 0.000000e+00 0.000000e+00 0.000000e+00 0.000000e+00 0.000000e+00 8.911737e-01 1.088263e-01 0.000000e+00
 0.000000e+00 0.000000e+00 0.000000e+00 0.000000e+00 0.000000e+00 0.000000e+00 0.000000e+00 0.000000e+00 7.616164e-01 2.383836e-01
 0.000000e+00 0.000000e+00 0.000000e+00 0.000000e+00 0.000000e+00 0.000000e+00 0.000000e+00 0.000000e+00 0.000000e+00 0.000000e+00
<ENDHMM>
