~o
<STREAMINFO> 1 39
<VECSIZE> 39<NULLD><MFCC_E_D_A><DIAGC>
~h "Tie^p"
<BEGINHMM>
<NUMSTATES> 38
<STATE> 2
<MEAN> 39
 -6.302036e+00 -7.969025e+00 -5.345857e-01 -7.441264e-01 1.071500e+00 -4.139569e+00 8.592460e-01 -1.840477e+00 2.169179e+00 -3.932985e+00 2.174402e+00 -1.160973e+00 -5.249123e-03 -2.730188e-01 6.474246e-01 -9.895899e-01 3.366416e-01 -1.232650e-01 -9.057409e-03 -1.499791e-01 -2.591817e-01 -6.571738e-01 -1.010939e+00 2.355723e-01 -3.899435e-01 2.369453e-02 -1.523574e-01 5.443741e-02 -5.850425e-01 -2.859064e-01 -3.881741e-01 -3.099973e-01 3.847710e-01 3.805661e-03 4.984425e-02 1.019398e-01 8.833674e-02 3.849655e-02 3.817438e-02
<VARIANCE> 39
 2.266509e+00 3.948889e+00 5.065786e+00 8.189551e+00 1.223045e+01 1.111948e+01 3.390048e+00 1.199615e+01 6.625589e+00 1.562434e+01 1.387789e+01 4.598763e+00 5.000000e-02 8.577546e-01 9.587579e-01 1.222953e+00 1.406316e+00 1.332901e+00 5.758466e-01 2.046818e+00 9.406035e-01 6.213263e-01 1.291250e+00 7.916221e-01 9.153352e-01 5.000000e-02 8.126514e-02 2.770034e-01 4.834721e-01 6.280676e-01 3.661814e-01 3.135220e-01 2.602148e-01 3.962216e-01 6.336381e-02 4.650883e-01 3.193885e-01 2.043079e-01 5.000000e-02
<GCONST> 7.053969e+01
<STATE> 3
<MEAN> 39
 -7.264698e+00 -3.484102e+00 -2.411982e+00 9.237961e-01 -6.916750e-01 -2.661100e+00 -2.494050e+00 -2.215003e+00 -5.088405e-01 -4.751583e+00 6.310852e-01 -5.820816e+00 5.062740e-03 -2.635020e-01 2.897336e-01 -2.334600e+00 -8.128089e-01 -9.126466e-01 -1.756272e+00 1.725846e+00 2.046501e-01 -4.676606e-01 -9.713046e-02 5.256176e-01 4.403793e-01 1.253012e-01 1.716039e-01 -9.263410e-01 4.597235e-02 -1.083480e+00 -9.582538e-01 -9.784984e-01 5.194153e-01 3.571977e-01 4.809282e-01 8.886861e-01 1.692781e-01 5.500185e-01 4.712065e-02
<VARIANCE> 39
 1.597298e+01 1.523578e+01 8.303856e+00 1.194403e+01 2.633474e+01 1.461836e+01 1.624437e+01 1.769687e+00 4.878423e+00 4.440543e+00 1.798540e+01 1.204513e+01 5.000000e-02 9.026657e-01 1.416357e+00 6.076622e+00 4.510915e+00 2.507833e+00 2.830950e+00 1.102494e+00 5.208691e+00 2.473069e-01 2.589393e+00 1.594732e+00 1.370615e+00 5.000000e-02 4.786369e-01 5.012660e-02 6.293893e-01 1.563658e-01 1.271887e+00 1.882128e-01 2.584091e-01 2.672854e-01 5.890917e-02 3.393163e-01 3.166703e-01 2.327263e-01 5.000000e-02
<GCONST> 8.147660e+01
<STATE> 4
<MEAN> 39
 -6.498281e+00 -6.452790e+00 -8.037778e+00 -9.788384e-01 -7.326043e-01 -8.467213e+00 6.656220e+00 -3.671573e+00 6.736404e-01 -4.086157e+00 4.910614e+00 -9.955652e-01 3.189841e-01 2.120171e-01 -1.640614e+00 -1.376882e+00 -2.894687e+00 -3.302739e+00 -3.057894e+00 1.398182e+00 6.162730e-01 6.231143e-01 1.596774e+00 9.475651e-01 1.146012e+00 1.809734e-01 -2.147159e-01 -6.704395e-01 7.361318e-01 -9.158664e-01 -7.889605e-01 2.846012e-02 -4.744972e-01 5.020964e-01 5.644819e-01 9.753016e-01 -5.499973e-01 -1.140633e-01 4.403970e-03
<VARIANCE> 39
 7.465021e+00 6.878232e+00 6.010420e+01 1.433025e+01 5.917918e+01 4.290892e+01 2.270615e+01 3.938009e+01 1.435483e+00 1.131030e+01 1.078249e+01 1.154900e+01 6.737118e-02 1.839323e+00 4.671094e-01 7.631541e+00 1.657437e+00 7.826671e+00 3.731217e+00 1.563485e+00 3.003728e+00 1.808364e-01 5.690534e-01 2.497161e+00 6.715124e-01 5.000000e-02 1.797999e-01 1.970257e-01 9.347788e-01 5.614270e-01 1.201550e+00 8.664784e-01 2.634312e-01 1.908130e+00 7.419596e-02 1.447568e+00 2.397940e-01 3.777413e-01 5.000000e-02
<GCONST> 9.221705e+01
<STATE> 5
<MEAN> 39
 -7.389124e+00 -8.599472e+00 -6.346543e+00 -6.463074e+00 -6.593157e+00 -9.637247e+00 2.200105e+00 -2.229225e+00 2.183670e+00 -3.252715e+00 3.912528e+00 4.407310e-01 4.964580e-01 -8.716703e-01 -2.150486e+00 -6.671572e-01 -2.760940e+00 -3.669605e+00 -1.902295e+00 2.412482e-01 7.026045e-01 1.965805e+00 2.496414e+00 -9.793248e-01 2.723712e-01 1.283240e-01 -1.337237e-01 -1.482322e-01 7.134010e-01 1.340612e-01 1.703104e-01 4.990067e-01 -3.655485e-02 2.124723e-01 2.182699e-01 7.144322e-01 -4.188786e-01 -1.167748e-01 -2.903289e-02
<VARIANCE> 39
 1.201767e+01 1.601294e+01 6.594063e+01 2.049680e+01 8.818661e+01 8.450182e+01 1.625072e+01 1.117519e+01 7.245969e+00 1.668475e+01 3.511151e+01 1.478978e+01 1.254924e-01 3.091431e-01 4.800481e-01 2.695640e+00 4.195457e+00 1.040490e+01 8.599795e+00 2.196515e+00 6.594182e+00 2.234763e-01 5.571634e+00 1.741904e+00 3.590604e+00 5.000000e-02 3.290396e-01 3.233153e-01 1.311200e+00 5.655960e-02 1.037119e+00 5.242670e-01 1.524877e-01 8.278246e-02 1.566410e-01 9.841278e-01 5.348938e-01 4.104219e-01 5.000000e-02
<GCONST> 9.777215e+01
<STATE> 6
<MEAN> 39
 -8.592157e+00 -1.458819e+01 -6.799660e+00 -1.373100e+01 -1.682755e+01 -1.648825e+01 5.589161e+00 3.581686e+00 5.251146e+00 7.074097e+00 6.067886e-01 -1.035178e+00 8.112271e-01 -6.807262e-01 -1.713333e+00 1.438642e+00 -2.576546e+00 -1.982785e+00 -2.907463e-01 4.222656e-01 1.428895e+00 9.174469e-01 4.025955e+00 -1.443399e+00 -1.221871e-01 6.500015e-02 2.081365e-01 5.803207e-01 6.527916e-01 8.298852e-01 1.275290e+00 1.101844e+00 -6.078183e-02 -7.428063e-01 -4.420889e-01 -5.730683e-01 9.410120e-02 -2.152651e-01 -4.885959e-02
<VARIANCE> 39
 3.184693e+00 4.184309e+00 2.369417e+01 3.291470e+01 4.371720e+01 7.773752e+01 4.240136e+01 2.231958e+01 3.791840e+00 3.697699e+01 1.972528e+01 1.549714e+01 1.228048e-01 1.151729e+00 1.824731e+00 9.139104e-01 1.874488e+00 6.251295e+00 2.320847e+00 1.183694e+00 1.772038e+00 6.869509e-01 6.493452e+00 2.213570e+00 3.322640e+00 5.000000e-02 5.000000e-02 1.605758e-01 7.322302e-01 2.732401e-01 5.968025e-01 6.459528e-01 1.100718e-01 4.566905e-01 5.158598e-02 5.952291e-01 4.459824e-01 4.550596e-01 5.000000e-02
<GCONST> 9.121856e+01
<STATE> 7
<MEAN> 39
 -9.501244e+00 -1.354670e+01 -3.244123e+00 -1.152707e+01 -1.049505e+01 -8.773782e+00 3.608214e+00 -4.437788e-01 6.803538e+00 6.617629e+00 1.622951e+00 2.556602e+00 5.405604e-01 4.444216e-02 -2.090103e-01 1.559481e+00 -1.030654e+00 -1.831432e-01 7.217696e-01 6.758102e-01 -4.385436e-01 -1.434031e-01 1.208199e+00 -1.957539e-01 -1.002827e-01 2.617443e-02 3.229020e-01 5.509793e-01 1.856581e-01 5.057761e-01 7.169968e-01 4.329674e-01 -4.213037e-02 -2.566791e-01 -4.303120e-01 -1.053379e+00 -1.204926e-01 -5.160016e-01 -1.618711e-02
<VARIANCE> 39
 1.473230e+00 8.542521e+00 3.137249e+01 4.402318e+01 6.865283e+01 1.110484e+02 4.803279e+01 2.727107e+01 1.333272e+01 6.365860e+01 1.905611e+01 3.332182e+01 2.649000e-01 2.884604e-01 2.286495e+00 1.135649e+00 5.593837e-01 8.420252e-01 9.203131e-01 9.217992e-01 2.131101e-01 1.315808e+00 7.051132e+00 1.822470e+00 1.886928e+00 5.000000e-02 7.318588e-02 2.667461e-01 2.966667e-01 1.597680e-01 5.654839e-01 7.603648e-01 1.322374e-01 2.116556e-01 1.461331e-01 6.339633e-01 3.940024e-01 5.560530e-01 5.000000e-02
<GCONST> 8.884247e+01
<STATE> 8
<MEAN> 39
 -8.205380e+00 -1.264121e+01 -3.565486e-01 -1.302495e+01 -1.043540e+01 -9.406122e+00 4.439301e+00 2.294453e-01 4.252909e+00 7.107242e+00 -9.052053e-01 -2.962836e-01 6.380335e-01 1.521823e-02 2.764576e-01 9.311624e-01 -5.316707e-01 2.541168e-01 5.692680e-01 2.239748e-02 -7.517608e-02 1.023594e-01 -1.629197e-01 -7.660058e-01 -4.757371e-01 7.034445e-03 -8.078657e-02 1.760524e-01 -2.865935e-01 1.632596e-01 1.121515e-01 1.954163e-01 -3.160524e-01 -1.501127e-01 -1.273587e-01 -8.073053e-01 1.738513e-01 1.836775e-01 -1.407558e-02
<VARIANCE> 39
 5.474878e+00 2.021449e+01 2.198648e+01 6.318747e+01 7.884068e+01 7.346133e+01 3.755660e+01 2.086646e+01 6.751047e+00 8.058572e+01 2.710843e+01 5.880220e+00 2.077179e-01 5.623888e-01 7.382342e-01 1.109612e+00 3.938048e-01 1.775362e-01 1.145375e+00 7.417530e-01 4.740211e-01 1.428853e-01 1.800031e+00 6.802574e-01 6.013525e-01 5.000000e-02 5.000000e-02 2.914082e-01 5.000000e-02 1.082956e-01 2.331046e-01 2.114380e-01 8.592861e-02 5.740520e-02 1.723529e-01 1.048733e+00 1.730173e-01 2.159152e-01 5.000000e-02
<GCONST> 7.339189e+01
<STATE> 9
<MEAN> 39
 -8.888158e+00 -1.332400e+01 -1.415059e+00 -1.509070e+01 -1.269091e+01 -1.052917e+01 5.651001e+00 -3.672603e-02 5.467103e+00 6.520145e+00 -6.331076e-02 -1.212133e+00 7.178571e-01 4.338206e-02 1.422708e-01 6.072392e-01 -4.093278e-01 -3.127469e-01 8.986470e-01 -3.677725e-01 -2.018845e-01 -4.915768e-01 -8.888253e-01 -3.704780e-01 -5.508386e-01 -7.751277e-04 1.756204e-02 1.257853e-01 -2.867088e-01 2.323199e-01 1.852117e-01 -1.142686e-01 -1.409310e-02 -1.022436e-01 -2.431767e-01 -4.340768e-01 -1.937464e-01 -1.843368e-01 -3.464237e-03
<VARIANCE> 39
 6.367525e+00 1.737308e+01 1.614611e+01 3.703414e+01 5.577475e+01 9.337810e+01 5.410244e+01 2.082912e+01 3.289672e+00 7.064148e+01 1.898563e+01 6.642950e+00 1.860642e-01 1.193504e-01 3.109417e-01 1.039487e+00 4.206627e-01 1.798231e-01 3.154108e-01 1.076239e+00 3.880932e-01 4.141352e-01 6.933983e-01 1.175186e+00 4.368913e-01 5.000000e-02 5.000000e-02 1.624852e-01 9.498969e-02 5.000000e-02 1.245785e-01 2.728623e-01 1.397048e-01 5.000000e-02 5.000000e-02 8.050047e-01 1.572499e-01 8.988026e-02 5.000000e-02
<GCONST> 6.521645e+01
<STATE> 10
<MEAN> 39
 -9.598628e+00 -1.332620e+01 -9.536765e-01 -1.780671e+01 -1.543519e+01 -9.610912e+00 5.369012e+00 1.015638e+00 3.267666e+00 7.117745e+00 -1.845727e+00 -2.217311e+00 8.250291e-01 1.167675e-01 -7.341937e-02 5.193358e-01 -5.292197e-01 4.947928e-01 3.144880e-01 1.982733e-01 -8.115428e-01 -7.674687e-01 -8.728426e-01 -9.585230e-01 -5.826427e-01 -3.445442e-03 6.052626e-02 -1.665255e-01 -1.801055e-01 1.373635e-01 1.448785e-01 -2.264087e-01 1.206255e-01 -1.052321e-01 -1.511222e-02 2.957592e-02 -2.409255e-01 -1.057284e-01 -1.593226e-03
<VARIANCE> 39
 1.092031e+01 1.245989e+01 7.655738e+00 3.598917e+01 3.993654e+01 6.926437e+01 3.507093e+01 2.825229e+01 1.212277e+01 2.960027e+01 1.887505e+01 1.327328e+01 1.086990e-01 1.285882e-01 2.103534e-01 1.677020e-01 7.704083e-01 1.206651e+00 1.565180e+00 6.260591e-01 6.097698e-01 8.955718e-01 7.226194e-01 9.593191e-01 6.122574e-01 5.000000e-02 8.897781e-02 9.455059e-02 2.583311e-01 5.000000e-02 9.649166e-02 1.907259e-01 1.402199e-01 1.407532e-01 5.000000e-02 4.210875e-01 5.000000e-02 5.000000e-02 5.000000e-02
<GCONST> 6.637782e+01
<STATE> 11
<MEAN> 39
 -7.724727e+00 -1.217015e+01 2.601794e-01 -1.297799e+01 -9.251307e+00 -7.694793e+00 3.916692e+00 -3.804417e+00 4.030107e+00 1.294931e+00 -2.552315e+00 -1.684380e+00 5.738582e-01 -8.249053e-03 -1.479039e-01 8.322767e-02 -1.467955e-01 -9.836973e-02 2.755726e-01 1.473179e-01 -3.349035e-01 -2.127855e-01 -6.882631e-01 -8.096529e-01 -5.492189e-01 -3.391151e-03 -2.423020e-02 2.854989e-02 -1.088737e-01 1.645288e-01 -7.904317e-02 1.865976e-01 1.100281e-01 1.552024e-01 1.475726e-01 1.698910e-01 1.868532e-01 -3.091499e-02 -2.057526e-03
<VARIANCE> 39
 9.226067e+00 1.182764e+01 7.827442e+00 6.824074e+01 1.051140e+02 5.073697e+01 3.845892e+01 2.286158e+01 1.073263e+01 6.811885e+01 4.937643e+00 1.733894e+01 2.029121e-01 1.345480e-01 2.482169e-01 1.528981e-01 2.285024e-01 1.305962e+00 1.993213e+00 1.751965e-01 6.631317e-01 3.236905e-01 1.239478e+00 9.684005e-01 6.509195e-01 5.000000e-02 5.000000e-02 5.000000e-02 1.140166e-01 8.767934e-02 1.212949e-01 9.818492e-02 1.017365e-01 1.478232e-01 1.039925e-01 9.506027e-02 1.119768e-01 5.000000e-02 5.000000e-02
<GCONST> 6.311849e+01
<STATE> 12
<MEAN> 39
 -7.768612e+00 -1.233406e+01 2.914275e-01 -1.294899e+01 -9.508938e+00 -6.916569e+00 4.840962e+00 -3.647970e+00 3.978607e+00 1.823855e+00 -3.338798e+00 -2.645211e+00 5.928904e-01 -3.858730e-01 -9.488519e-02 8.132865e-02 3.615338e-01 1.595601e-01 9.543335e-01 6.328722e-01 -1.137570e-01 5.948206e-01 6.948487e-02 -9.670962e-01 -4.506147e-01 -1.147284e-02 -3.467304e-02 -4.736784e-02 -2.779216e-02 2.029843e-01 3.204576e-01 -1.821548e-02 2.737000e-02 1.523727e-01 -5.788442e-02 -3.213626e-02 -6.630736e-02 2.212186e-01 -5.144418e-03
<VARIANCE> 39
 7.952468e+00 1.464569e+01 1.376932e+01 8.401792e+01 7.858114e+01 6.212731e+01 3.451932e+01 2.605464e+01 1.827225e+01 6.272908e+01 1.564177e+01 2.982233e+01 1.807701e-01 5.202285e-01 2.469488e-01 5.584917e-01 1.927663e-01 3.203515e-01 5.330206e-01 4.346588e-01 9.423028e-01 1.361989e+00 9.048673e-01 6.554493e-01 3.159229e-01 5.000000e-02 5.585205e-02 5.000000e-02 5.000000e-02 5.000000e-02 1.874043e-01 2.221615e-01 5.000000e-02 1.482173e-01 2.067263e-01 1.046470e-01 1.558865e-01 9.841578e-02 5.000000e-02
<GCONST> 6.799741e+01
<STATE> 13
<MEAN> 39
 -9.743130e+00 -1.528243e+01 -8.478220e-01 -1.837919e+01 -1.401058e+01 -8.972649e+00 8.263482e+00 2.115612e-01 4.038649e+00 6.110510e+00 -5.955919e+00 -5.852301e+00 8.274584e-01 2.041665e-01 -3.094202e-01 1.634052e-01 2.752294e-01 7.160134e-01 5.739970e-01 2.864419e-01 1.885103e-02 -5.518990e-01 -9.818873e-01 -9.625097e-01 -6.929238e-02 -1.450896e-02 2.551847e-01 -9.281129e-02 4.267536e-03 9.818001e-02 1.851657e-01 -4.122824e-01 -1.155012e-01 -5.432028e-03 -2.721671e-01 -3.078831e-01 2.767437e-01 1.461439e-01 -1.629887e-03
<VARIANCE> 39
 1.153483e+00 6.740066e+00 3.229925e+01 4.245274e+01 3.028015e+01 5.671198e+01 2.259638e+01 5.392677e+00 3.334109e+01 1.516947e+01 1.329924e+01 2.579813e+01 1.016927e-01 3.139155e-01 6.359712e-01 3.369184e-01 3.443816e-01 5.585929e-01 7.480257e-01 9.820434e-01 9.120328e-01 1.219906e+00 2.729737e-01 8.619281e-01 6.822254e-01 5.000000e-02 5.000000e-02 5.465645e-02 5.917089e-02 5.000000e-02 1.634538e-01 3.325374e-01 5.000000e-02 1.797827e-01 1.309626e-01 2.317059e-01 6.130507e-02 1.122586e-01 5.000000e-02
<GCONST> 6.278762e+01
<STATE> 14
<MEAN> 39
 -8.252108e+00 -1.284946e+01 6.181294e-01 -1.062000e+01 -7.067143e+00 -4.396167e+00 7.008725e+00 -3.044281e-01 2.020706e+00 1.262313e+00 -5.687609e+00 -3.484760e+00 5.823613e-01 5.312410e-01 -4.215369e-01 1.228385e-01 6.635612e-01 6.025625e-01 -5.391153e-01 1.657738e-01 1.795053e-02 -6.365265e-01 -6.570323e-01 2.581014e-01 7.359232e-03 -1.242949e-02 2.146493e-01 -2.434941e-01 5.021413e-02 -2.763837e-01 -2.334542e-01 -3.842581e-01 -4.094715e-01 -3.189673e-01 3.471967e-01 -7.847327e-02 2.498598e-01 1.611425e-01 -2.952189e-03
<VARIANCE> 39
 1.484497e+00 2.513370e+01 2.091390e+01 1.080628e+02 8.610259e+01 4.623106e+01 2.645753e+01 1.258821e+01 4.096419e+01 3.443676e+01 3.541875e+01 2.847442e+01 1.989686e-01 3.008398e-01 7.135867e-01 1.913026e-01 1.090938e+00 1.567771e+00 2.336182e+00 5.702096e-01 9.993269e-01 9.964047e-01 3.003655e+00 1.090644e+00 9.847427e-01 5.000000e-02 8.240952e-02 5.000000e-02 1.310672e-01 1.346018e-01 2.922068e-01 1.319336e-01 1.665734e-01 2.242507e-01 3.558401e-01 1.522284e-01 2.620397e-01 7.524646e-02 5.000000e-02
<GCONST> 7.956277e+01
<STATE> 15
<MEAN> 39
 -8.437980e+00 -1.464389e+01 -5.551801e-01 -1.370852e+01 -1.155351e+01 -8.453044e+00 7.021421e+00 -3.476465e+00 4.358759e+00 1.240390e+00 -4.837109e+00 -2.917184e+00 6.414381e-01 6.441296e-01 -8.238527e-01 5.853764e-02 -3.350127e-01 5.244175e-01 -6.258865e-01 -8.608116e-01 -8.179616e-01 1.714535e-01 -1.340664e+00 -4.239801e-01 6.063353e-02 -2.619464e-02 2.548360e-01 -5.474271e-02 1.511714e-01 1.474754e-01 1.705472e-01 3.942678e-02 -3.551574e-01 1.646529e-01 8.028431e-02 3.251086e-02 3.316713e-02 -1.471066e-01 -9.071576e-03
<VARIANCE> 39
 2.635940e+00 1.722108e+01 2.103251e+01 1.100326e+02 5.875255e+01 3.143555e+01 1.901336e+01 2.857960e+01 4.535495e+01 1.021084e+01 2.982076e+01 5.629378e+01 1.649474e-01 1.196363e+00 3.421007e-01 3.126750e-01 6.589685e-01 2.713530e+00 2.829813e+00 8.042549e-01 8.059830e-01 1.693723e+00 1.177915e+00 2.046548e-01 2.123340e+00 5.000000e-02 5.000000e-02 1.785648e-01 2.085842e-01 2.930651e-01 1.606362e-01 5.294667e-01 2.231146e-01 4.640644e-01 4.704673e-01 3.360109e-01 4.227874e-01 3.391755e-01 5.000000e-02
<GCONST> 8.578545e+01
<STATE> 16
<MEAN> 39
 -6.094496e+00 -1.757328e+01 1.154483e+00 -1.546125e+01 -9.567006e+00 -9.766575e+00 4.559577e+00 -3.134661e+00 1.703703e+00 -1.384400e+00 -7.055214e+00 -3.538119e+00 6.165493e-01 1.243317e+00 -2.987435e-01 8.889378e-01 6.165682e-01 7.880891e-01 1.305396e-01 -1.145601e+00 -3.260565e-01 9.827993e-02 -4.167533e-01 4.720733e-01 -4.623004e-01 -4.368531e-02 1.405881e-01 3.263025e-01 3.453753e-01 6.063660e-01 -2.677594e-01 7.550465e-01 1.043962e-01 3.074711e-01 4.075378e-02 6.233594e-01 5.579495e-01 -8.930591e-02 -6.343178e-03
<VARIANCE> 39
 1.383669e+01 3.272992e+01 2.313297e+01 9.908433e+01 3.032041e+01 4.110841e+01 4.225442e+01 1.742599e+01 5.289327e+01 1.589846e+01 1.804506e+01 4.312346e+01 1.573432e-01 6.188876e-01 4.391909e-01 4.197606e+00 1.975902e+00 1.610231e+00 3.286425e+00 1.782773e+00 3.387761e+00 3.230263e+00 1.792478e+00 2.921940e+00 2.374390e+00 5.000000e-02 2.200282e-01 2.305608e-01 1.047271e-01 2.301942e-01 3.412151e-01 8.090917e-01 6.298953e-01 8.570770e-02 5.113591e-01 3.533255e-01 1.051362e-01 5.605066e-01 5.000000e-02
<GCONST> 9.732591e+01
<STATE> 17
<MEAN> 39
 -5.428603e+00 -1.452643e+01 2.404744e+00 -1.062093e+01 -5.723291e+00 -6.270346e+00 3.947494e+00 -3.545963e+00 3.940166e+00 -5.571700e-01 -4.308867e+00 -5.141961e+00 4.333998e-01 8.655768e-01 -5.358091e-02 5.680398e-01 1.222508e+00 1.949777e-02 5.625140e-01 -2.722110e-01 5.295585e-01 -3.227381e-01 6.577585e-02 1.709403e+00 -5.054504e-01 -2.695867e-03 -2.428536e-01 -1.397790e-02 -1.732755e-01 -4.712657e-02 -1.077585e+00 -1.107723e-01 -7.504925e-02 -2.683642e-02 1.165708e-01 2.281447e-01 4.724813e-01 5.426326e-01 1.691915e-02
<VARIANCE> 39
 9.798225e+00 3.113534e+01 2.781678e+01 8.082524e+01 5.094075e+01 6.903743e+01 2.407950e+01 1.247849e+01 1.683375e+01 6.404569e+00 2.149206e+01 2.851919e+01 1.516908e-01 1.256294e+00 1.562161e+00 2.752413e+00 2.134470e+00 7.450854e-01 4.570229e+00 2.682359e+00 1.202382e+00 2.453803e+00 1.366201e+00 2.669272e+00 1.683499e+00 5.000000e-02 2.830486e-01 7.946379e-02 3.704406e-01 3.787720e-01 4.107478e-01 9.281462e-01 8.661840e-01 4.766352e-01 2.855666e-01 1.470951e-01 4.265125e-01 2.692248e-01 5.000000e-02
<GCONST> 9.681944e+01
<STATE> 18
<MEAN> 39
 -4.604626e+00 -1.616041e+01 2.559625e-01 -9.351398e+00 -8.396909e+00 -8.263523e+00 3.729846e+00 -2.966370e+00 3.345165e+00 -3.340617e-01 -2.129436e-01 -5.741168e+00 5.949388e-01 7.087595e-01 -5.817638e-01 6.448972e-01 1.503439e-01 -2.925969e+00 -3.853889e-02 -9.842110e-01 -7.659273e-02 2.572727e-01 6.885337e-01 1.548962e+00 9.992478e-01 1.077394e-02 -1.226260e-01 -2.414351e-02 1.640736e-01 -5.482652e-01 -9.094484e-01 1.171838e-01 4.759061e-01 -3.369439e-01 9.291570e-02 4.460175e-01 -4.203825e-01 2.763096e-01 3.961714e-03
<VARIANCE> 39
 2.077692e+01 2.710781e+01 4.635926e+01 4.292269e+01 2.586528e+01 5.315547e+01 2.282715e+01 3.014201e+01 1.221968e+01 1.730965e+01 3.894625e+01 9.804286e+00 5.000000e-02 3.242390e+00 1.238118e+00 3.697171e+00 6.942318e+00 2.130955e+00 1.011603e+01 3.566069e+00 2.533797e-01 1.367367e+00 8.610499e-01 1.826219e+00 1.038288e+00 5.000000e-02 1.354062e-01 3.184611e-01 5.881230e-01 6.282898e-01 4.313987e-01 5.601776e-01 7.158848e-01 6.250888e-01 3.361055e-01 5.875310e-01 6.236845e-01 1.679827e-01 5.000000e-02
<GCONST> 9.984451e+01
<STATE> 19
<MEAN> 39
 -3.917251e+00 -1.758315e+01 2.776134e+00 -1.403016e+01 -1.575303e+01 -1.132988e+01 3.041562e+00 -1.119196e+00 3.333267e+00 1.665406e+00 8.159094e-01 -3.580673e+00 6.845790e-01 7.264653e-01 -7.595670e-01 1.132901e+00 -7.009315e-01 -3.024028e+00 5.112796e-01 5.554389e-01 -5.869422e-01 3.659411e-01 1.565501e+00 -6.060727e-02 6.140731e-01 3.644752e-03 -6.427487e-02 2.940330e-01 -5.291186e-02 2.284088e-01 5.245339e-01 3.073505e-01 4.541343e-01 -3.359484e-01 -1.156109e-02 -1.573019e-01 -5.968520e-01 -2.506058e-01 -1.222006e-02
<VARIANCE> 39
 3.497186e+01 1.811814e+01 5.084055e+01 1.395860e+01 3.497767e+01 7.577677e+01 1.010610e+01 2.131185e+01 9.313710e+00 7.749983e+00 2.351996e+01 6.460532e+00 5.000000e-02 1.408800e+00 2.164023e+00 6.873344e-01 8.533631e+00 1.598575e+00 5.178618e+00 6.616042e+00 3.139266e+00 1.985235e+00 5.128168e+00 2.764381e+00 1.795536e+00 5.000000e-02 2.324285e-01 2.439823e-01 5.274075e-01 6.981534e-01 3.662415e-01 1.246523e+00 3.528605e-01 3.548131e-01 3.195158e-01 1.686818e-01 4.788898e-01 5.211631e-02 5.000000e-02
<GCONST> 9.687531e+01
<STATE> 20
<MEAN> 39
 -1.397093e+00 -1.903836e+01 6.598830e+00 -1.282473e+01 -1.913452e+01 -4.240771e+00 5.625211e+00 -3.101191e+00 3.310035e+00 3.559263e+00 -1.783064e+00 -2.885834e+00 5.699517e-01 4.715408e-01 5.337486e-01 3.991065e-01 7.123263e-01 -1.137455e+00 7.136909e-01 9.140760e-01 -9.899948e-01 2.138821e-01 1.884664e-01 -2.129795e-01 2.747021e-01 -2.753194e-02 -2.626990e-01 2.517112e-01 -3.813497e-01 2.496343e-02 9.926211e-01 -3.950764e-01 -2.130430e-01 -4.821230e-02 8.825323e-02 -4.385711e-01 -2.920887e-01 -3.211197e-01 2.688101e-03
<VARIANCE> 39
 1.973681e+01 5.030619e+00 2.378999e+01 1.060815e+01 1.568262e+01 3.961412e+01 1.938015e+01 1.224921e+01 1.207984e+01 1.286901e+01 1.543766e+01 4.023902e+00 5.000000e-02 2.323085e-01 7.853581e-01 9.533957e-01 2.677909e+00 9.881353e-01 2.222977e+00 4.398043e+00 2.741969e+00 2.639364e-01 1.979421e+00 1.192297e+00 1.294834e+00 5.000000e-02 1.707199e-01 2.392055e-01 8.424221e-02 4.434583e-01 2.170103e-01 3.713096e-01 1.024860e+00 5.398253e-01 3.243013e-01 3.653440e-01 2.906913e-01 1.588515e-01 5.000000e-02
<GCONST> 8.138946e+01
<STATE> 21
<MEAN> 39
 -5.507201e+00 -1.583092e+01 2.797576e+00 -1.445940e+01 -1.938665e+01 -1.029175e+01 6.732331e+00 -5.697117e+00 5.757705e+00 5.641006e+00 -2.979069e-01 -4.776158e+00 7.588696e-01 7.158527e-02 7.567831e-01 3.941891e-01 3.824034e-01 1.872973e-01 8.680218e-01 3.049843e-01 -1.330697e-03 3.975680e-02 -7.268074e-01 -3.783403e-01 -1.304938e-01 -1.939837e-02 -1.341797e-01 5.897693e-02 -2.176818e-01 6.168161e-02 5.851078e-01 5.436867e-02 -1.419910e-01 1.325454e-01 -1.170825e-01 -3.156776e-01 1.449156e-01 -1.472930e-01 -4.560617e-03
<VARIANCE> 39
 3.906572e+01 6.984829e+00 1.930875e+01 1.638710e+01 1.741706e+01 3.246674e+01 2.214639e+01 9.421405e+00 2.808672e+01 2.106661e+01 5.686383e+00 1.500473e+01 6.005699e-02 5.532445e-02 3.124007e-01 7.369174e-01 1.161933e+00 2.339954e+00 1.420409e+00 1.209774e+00 1.862811e+00 2.629846e+00 1.240011e+00 6.405689e-01 9.771479e-01 5.000000e-02 7.947750e-02 1.667605e-01 1.511193e-01 3.015245e-01 4.058404e-01 1.703211e-01 8.477179e-01 3.132137e-01 3.947495e-01 4.135841e-01 5.000000e-02 3.029271e-01 5.000000e-02
<GCONST> 7.784856e+01
<STATE> 22
<MEAN> 39
 -1.466075e+00 -1.660560e+01 7.731876e+00 -1.064026e+01 -1.605487e+01 -2.850773e+00 5.704018e+00 -4.432111e+00 3.777744e+00 1.753446e-01 -2.707786e+00 -3.438886e+00 4.939435e-01 -1.850736e-01 2.742707e-01 -4.038256e-01 6.652379e-01 1.262748e+00 -7.316653e-02 -1.225116e+00 -7.342775e-01 6.100668e-01 -4.794125e-01 4.365763e-01 -6.054375e-01 -3.318870e-02 -1.279566e-01 6.136619e-03 -3.569202e-01 -1.671960e-01 -2.479307e-02 -2.077842e-01 2.327207e-02 1.862441e-01 3.014596e-02 4.055929e-01 3.166095e-01 -3.105917e-01 1.209492e-03
<VARIANCE> 39
 1.785575e+01 7.429465e+00 5.992252e+00 1.854907e+01 2.157848e+01 7.687488e+00 1.809981e+01 1.278592e+01 1.272625e+01 1.319571e+01 9.533945e+00 4.038592e+00 5.000000e-02 2.124048e-01 2.522791e-01 9.613983e-02 7.226979e-01 1.399495e+00 1.051318e+00 3.672706e+00 2.577602e+00 3.016468e+00 1.403608e+00 8.309826e-01 9.981461e-01 5.000000e-02 5.000000e-02 5.841283e-02 1.048266e-01 2.380218e-01 6.395146e-01 2.728259e-01 8.324125e-01 8.203604e-01 1.388220e-01 3.013508e-01 2.551005e-01 2.692423e-01 5.000000e-02
<GCONST> 7.240892e+01
<STATE> 23
<MEAN> 39
 -1.294420e+00 -1.551569e+01 4.622594e+00 -9.595765e+00 -1.533997e+01 -4.798289e+00 2.757379e+00 -6.445156e+00 4.581778e+00 8.478887e-01 -1.704810e+00 -6.250892e+00 4.650050e-01 -3.969677e-01 4.604847e-01 -1.124113e+00 3.425822e-01 4.266101e-01 3.811587e-01 4.984859e-01 5.253910e-01 2.511784e-01 6.429284e-01 7.674870e-01 -6.597422e-01 -3.330718e-02 -1.094859e-01 -4.000397e-04 -2.073413e-01 -4.188775e-01 -4.209615e-01 -2.280014e-01 4.943891e-01 3.539976e-01 -2.474673e-01 3.437042e-01 -1.402775e-01 -1.368722e-01 3.012720e-03
<VARIANCE> 39
 2.505832e+01 1.732406e+00 1.757748e+01 3.609268e+01 1.342483e+01 4.051392e+01 1.102965e+01 1.220845e+01 1.181394e+01 5.666424e+00 2.764425e+00 5.638442e+00 5.000000e-02 2.098003e-01 5.874417e-01 5.228609e-01 7.665877e-01 3.524556e+00 2.464822e+00 4.064216e+00 3.708353e+00 1.008257e+00 1.296537e+00 1.255670e+00 1.279912e+00 5.000000e-02 8.738602e-02 5.000000e-02 6.755526e-02 1.499155e-01 3.992856e-01 2.861356e-01 4.419783e-01 4.612151e-01 3.941824e-01 2.855790e-01 8.075068e-02 2.620895e-01 5.000000e-02
<GCONST> 7.384939e+01
<STATE> 24
<MEAN> 39
 -4.185267e+00 -1.549647e+01 2.837958e+00 -1.194008e+01 -1.598881e+01 -5.544916e+00 6.253465e+00 -4.428956e+00 4.506752e+00 3.126762e+00 3.179965e-01 -6.774525e+00 5.541053e-01 3.736586e-02 1.709238e-01 -7.910421e-01 -2.559575e-01 1.158534e-01 1.458758e-02 1.761076e-01 -2.257015e-01 -3.871768e-01 4.287509e-01 -2.493040e-01 -1.064589e+00 -1.939440e-02 2.373064e-01 -1.405073e-01 1.427650e-01 -1.535256e-01 -1.255173e-01 -3.814987e-01 7.201674e-03 2.452313e-01 -5.959187e-02 8.279355e-02 -3.462587e-01 4.175791e-01 3.395637e-03
<VARIANCE> 39
 2.646895e+01 3.582118e+00 8.105595e+00 4.403897e+01 4.750718e+00 8.961668e+00 1.389216e+01 9.402991e+00 8.945831e+00 7.862288e+00 2.103310e+01 3.106346e+01 7.347433e-02 5.780409e-01 1.999005e+00 7.066535e-01 9.595226e-01 1.572199e+00 1.276518e+00 7.568761e-01 9.187244e-01 4.680897e-01 1.719187e+00 1.404042e+00 1.489592e+00 5.000000e-02 7.204960e-02 5.000000e-02 5.459386e-02 1.782055e-01 2.805203e-01 3.604415e-01 9.069375e-01 3.935229e-01 2.618788e-01 1.566873e-01 1.561286e-01 5.587916e-01 5.000000e-02
<GCONST> 7.426033e+01
<STATE> 25
<MEAN> 39
 -1.984940e+00 -1.443416e+01 1.361629e+00 -1.138023e+01 -1.352976e+01 -4.752728e+00 5.966557e+00 -4.735365e+00 2.814079e+00 2.037140e+00 -3.029014e+00 -8.930755e+00 4.694288e-01 4.252477e-01 6.508966e-02 -1.089625e-01 -8.192771e-02 3.965123e-01 -1.173747e+00 5.872810e-02 8.416275e-01 -1.929045e-01 4.122539e-01 -3.995775e-01 4.366000e-01 -2.799116e-02 6.004260e-02 -2.329924e-01 2.833594e-01 2.110841e-01 -1.150557e-01 -2.134001e-01 -1.042435e-01 1.404827e-01 6.225189e-02 -1.385676e-01 2.305128e-01 6.110848e-01 -2.889849e-03
<VARIANCE> 39
 1.852534e+01 2.528860e+01 8.311021e+00 1.597225e+01 1.295672e+01 1.021027e+01 1.331087e+01 8.956421e+00 7.042066e+00 5.075047e+00 1.901711e+01 1.432991e+01 6.525575e-02 1.905993e+00 3.039609e+00 6.616203e-01 8.018208e-01 1.438402e+00 2.739757e+00 3.479236e+00 8.413635e-01 2.898059e-01 1.376061e-01 1.279968e+00 3.039763e+00 5.000000e-02 1.127673e-01 1.741266e-01 1.137520e-01 1.581275e-01 5.988179e-01 5.307230e-01 4.462153e-01 4.695590e-01 1.011260e-01 1.118571e-01 9.731168e-02 1.580304e-01 5.000000e-02
<GCONST> 7.523466e+01
<STATE> 26
<MEAN> 39
 -1.246090e+00 -1.751331e+01 2.494246e+00 -1.297344e+01 -1.513628e+01 -1.048286e+01 3.572037e+00 -3.755684e+00 2.997294e+00 2.595629e+00 -4.339218e+00 -6.470057e+00 4.788178e-01 6.021092e-01 1.578875e-02 4.642381e-02 1.186281e+00 -9.554709e-01 -1.076221e-01 1.537568e-01 5.928054e-01 5.373682e-02 5.501189e-02 5.666991e-01 8.806192e-01 -4.367407e-02 -2.411004e-01 2.121975e-01 2.354942e-01 4.198933e-01 -7.257707e-02 8.818482e-01 2.665219e-01 -2.812445e-01 1.934558e-02 -1.115992e-01 4.069882e-01 -1.069054e-01 -2.341745e-03
<VARIANCE> 39
 3.707304e+00 5.608838e+01 5.974734e+00 2.541205e+01 1.583666e+01 3.942463e+01 9.796755e+00 7.986118e+00 5.304202e+00 4.659451e+00 1.827899e+01 4.027642e+00 5.646829e-02 1.368719e+00 5.105137e-01 4.641365e-01 2.961535e+00 2.440275e+00 4.917500e+00 2.524743e+00 1.315044e+00 8.734058e-01 1.932962e-01 8.349565e-01 1.105824e+00 5.000000e-02 1.308060e-01 5.078746e-01 5.927709e-02 3.672899e-01 8.179623e-01 6.052514e-01 2.634290e-01 1.872149e-01 9.758691e-02 5.000000e-02 9.977319e-02 4.916349e-01 5.000000e-02
<GCONST> 7.467155e+01
<STATE> 27
<MEAN> 39
 -2.112495e-01 -1.622729e+01 3.020059e+00 -7.650280e+00 -1.769253e+01 -5.879251e+00 7.595065e+00 -1.864879e+00 3.379913e+00 3.529099e+00 3.826039e-01 -4.371932e+00 3.409254e-01 -3.904260e-01 2.965477e-01 5.649469e-01 6.053899e-01 1.494311e-02 1.245736e+00 1.115576e+00 2.716973e-01 2.620369e-01 2.078308e-01 8.326486e-01 6.497387e-01 -3.309915e-02 -1.379985e-01 1.902197e-01 -1.356753e-02 -1.533323e-01 7.364522e-01 2.380271e-02 -4.874932e-01 -4.581289e-01 -1.254821e-01 -8.538692e-02 -2.232263e-02 9.596028e-02 2.270999e-03
<VARIANCE> 39
 1.211038e+00 1.620166e+01 1.266648e+01 5.768913e+00 1.957880e+01 8.071942e+00 9.223692e+00 6.564811e+00 1.259917e+01 1.644297e+00 1.690645e+01 9.673575e+00 5.000000e-02 1.424488e-01 8.964767e-01 1.854271e-01 1.513793e+00 1.381560e+00 1.543201e+00 6.702757e-01 1.311548e+00 2.621630e+00 5.248049e-01 9.030824e-01 6.730093e-01 5.000000e-02 5.000000e-02 6.830362e-02 5.000000e-02 1.977033e-01 2.682317e-01 5.697075e-01 4.924251e-01 3.712043e-01 3.596886e-01 1.030102e-01 1.094595e-01 1.461238e-01 5.000000e-02
<GCONST> 6.306809e+01
<STATE> 28
<MEAN> 39
 -2.010151e+00 -1.426326e+01 3.906240e+00 -7.534259e+00 -1.487909e+01 -4.413942e+00 6.680274e+00 -3.277441e+00 4.721679e+00 2.346481e+00 1.557898e-01 -3.089149e+00 2.761160e-01 -2.145864e-01 9.857249e-01 -4.183759e-01 5.120257e-01 1.856140e+00 2.402037e-02 -1.213879e+00 -1.153788e+00 -1.079654e+00 -4.354182e-01 2.364787e-01 7.365564e-01 -1.688977e-02 -7.433417e-02 6.783814e-02 -1.816872e-01 3.597612e-03 2.345747e-01 -3.419028e-01 -2.144956e-01 7.725163e-02 -1.387770e-01 6.799118e-02 -1.483759e-01 -2.464330e-01 -1.174847e-03
<VARIANCE> 39
 3.709481e+00 9.547959e+00 1.206059e+01 4.182954e+00 3.020580e+01 8.636058e+00 3.014471e+01 2.083422e+01 3.556005e+01 1.808841e+01 1.645612e+01 7.400878e+00 5.000000e-02 1.522068e-01 4.424323e-01 1.075638e-01 1.737305e+00 1.668338e+00 1.667977e+00 1.317773e+00 2.017733e+00 3.643543e+00 1.204524e+00 1.126786e+00 8.757373e-01 5.000000e-02 5.000000e-02 1.733680e-01 1.441838e-01 1.243401e-01 4.593970e-01 3.309407e-01 5.556230e-01 5.144807e-01 8.221213e-01 2.241952e-01 2.188512e-01 2.215592e-01 5.000000e-02
<GCONST> 7.592237e+01
<STATE> 29
<MEAN> 39
 -7.706177e-01 -1.363551e+01 3.200731e+00 -6.894144e+00 -1.436284e+01 -5.323850e+00 3.283778e+00 -7.486821e+00 -5.137649e-01 4.519864e+00 -4.167672e-01 -3.248893e+00 3.094927e-01 -6.553178e-01 6.037882e-01 -5.435397e-01 5.993510e-02 7.396510e-01 -7.602503e-01 -2.539082e-01 -2.322841e-02 -2.040283e-01 5.148602e-01 4.858290e-01 7.650258e-02 -3.646834e-02 -1.516356e-01 2.562612e-02 -7.021956e-02 1.028912e-02 8.377192e-02 -1.287269e-01 1.107336e-01 5.057346e-01 6.146763e-01 -1.508529e-02 1.235434e-01 -2.474577e-01 -8.358825e-03
<VARIANCE> 39
 2.837374e+00 2.190224e+01 3.013000e+00 2.735596e+01 3.538372e+01 1.280175e+01 1.479665e+01 2.258814e+01 1.775889e+01 1.824510e+01 1.642880e+01 3.194721e+00 5.000000e-02 1.306816e-01 8.395700e-01 8.847753e-01 1.835574e+00 2.947707e+00 1.753156e+00 1.667271e+00 2.050060e+00 1.968757e+00 9.737676e-01 1.051295e+00 5.154427e-01 5.000000e-02 5.000000e-02 1.225548e-01 7.175554e-02 4.018946e-01 5.857129e-01 2.661976e-01 2.706142e-01 3.435401e-01 3.747580e-01 3.129412e-01 2.543158e-01 5.000000e-02 5.000000e-02
<GCONST> 7.470193e+01
<STATE> 30
<MEAN> 39
 -3.215361e+00 -1.159464e+01 1.333173e+00 -6.010652e+00 -1.010549e+01 -5.509312e+00 5.543869e+00 -2.536384e+00 4.333695e+00 3.781635e+00 1.397717e+00 -3.029986e+00 1.817130e-01 -8.111371e-01 7.461841e-01 -3.204364e-01 6.813030e-01 1.732708e+00 -9.216266e-02 -5.578314e-01 1.050717e+00 7.937936e-01 1.955465e-01 1.232727e+00 -3.518239e-01 -5.256908e-02 4.712452e-02 -1.529567e-01 6.403860e-02 2.634602e-01 1.169038e-02 1.472895e-01 -1.474016e-02 8.576392e-02 5.257699e-02 -9.936006e-02 1.905331e-02 -8.999693e-02 1.728853e-03
<VARIANCE> 39
 3.011307e+00 1.685567e+01 7.690309e+00 2.231544e+01 3.850092e+01 2.004341e+01 1.420527e+01 2.188749e+01 1.064012e+01 1.606146e+01 1.081764e+01 5.326656e+00 5.000000e-02 5.000000e-02 6.164777e-01 7.988427e-01 6.240876e-01 2.567262e+00 1.633978e+00 1.895929e+00 9.850116e-01 6.984084e-01 1.582872e+00 1.578169e+00 3.883359e-01 5.000000e-02 5.000000e-02 1.339330e-01 1.689462e-01 3.171344e-01 3.221501e-01 4.003746e-01 3.146436e-01 3.347006e-01 2.335444e-01 1.791440e-01 1.593675e-01 1.868304e-01 5.000000e-02
<GCONST> 7.191927e+01
<STATE> 31
<MEAN> 39
 -4.322993e+00 -1.054481e+01 1.055999e+00 -5.505428e+00 -7.976098e+00 -7.026070e+00 3.237947e+00 -2.512749e+00 3.368299e+00 2.777542e+00 3.977328e+00 -3.541885e+00 9.450163e-02 -3.872555e-01 3.682204e-01 -1.210445e-02 1.103959e+00 1.572031e+00 -1.461657e-01 -1.067209e-01 5.577256e-01 1.078494e-01 -1.866312e-01 2.711551e-01 -4.999391e-01 -2.446559e-02 2.464579e-01 -2.634253e-01 1.643876e-01 3.178734e-02 -4.822632e-01 6.959433e-02 2.931503e-01 -1.896434e-01 -2.459008e-01 -1.400333e-01 -4.950230e-01 -2.506093e-02 1.423094e-02
<VARIANCE> 39
 1.016562e+00 5.279707e+00 9.685933e+00 3.849327e+00 1.896164e+01 1.892641e+01 3.910741e+00 1.342567e+01 8.141760e+00 1.665171e+01 1.051699e+01 3.001226e+00 5.000000e-02 2.986590e-01 4.291114e-01 3.112173e-01 7.225410e-01 1.765940e+00 1.167353e+00 1.202016e+00 2.066451e+00 1.570484e+00 1.173854e+00 5.406400e-01 1.179042e+00 5.000000e-02 5.750863e-02 5.000000e-02 9.547908e-02 1.432867e-01 5.033470e-01 4.363553e-01 1.982848e-01 1.625890e-01 2.374223e-01 3.357751e-01 2.373917e-01 2.534094e-01 5.000000e-02
<GCONST> 6.400848e+01
<STATE> 32
<MEAN> 39
 -3.295043e+00 -1.158950e+01 1.013823e+00 -3.579813e+00 -6.272274e+00 -5.786310e+00 5.313073e+00 -2.119624e+00 3.912820e+00 4.176425e+00 4.624966e+00 -2.358563e+00 1.419306e-01 -1.724623e-01 2.385770e-01 -8.754043e-02 3.709002e-01 9.756690e-01 4.877638e-01 2.170112e-01 5.754565e-02 -1.591479e-02 -7.474188e-01 -2.295944e-01 4.782641e-01 -1.141531e-02 -8.221722e-02 3.791947e-02 -8.596604e-02 -3.126316e-01 -5.268649e-01 -1.578514e-01 -7.425283e-02 -2.861969e-01 -1.106225e-01 -1.501111e-01 -3.125114e-01 2.292345e-02 -2.112003e-03
<VARIANCE> 39
 6.896280e+00 6.755854e+00 7.704793e+00 7.836426e+00 1.984993e+01 1.494884e+01 1.828891e+01 3.913839e+00 8.324836e+00 1.690265e+01 1.002945e+01 1.734353e+01 5.000000e-02 5.395669e-01 2.658936e-01 3.052602e-01 7.615077e-01 3.167919e+00 1.457626e+00 1.180019e+00 2.943488e-01 7.539421e-01 2.257685e+00 8.147982e-01 2.000362e+00 5.000000e-02 1.176214e-01 5.000000e-02 5.000000e-02 5.213306e-02 3.904456e-01 3.444017e-01 1.637899e-01 8.507494e-02 1.831700e-01 1.162986e-01 1.964956e-01 2.948800e-01 5.000000e-02
<GCONST> 6.473050e+01
<STATE> 33
<MEAN> 39
 -5.512150e+00 -1.005212e+01 1.634797e+00 -3.374655e+00 -6.385709e+00 -5.205634e+00 4.782029e+00 -1.436082e+00 3.819817e+00 3.486908e+00 1.869111e+00 -5.744224e+00 5.127095e-02 -3.425400e-01 1.742994e-01 -1.197236e-01 4.744733e-01 -5.982627e-01 -8.123376e-01 8.339235e-02 -2.858000e-01 -2.664313e-01 -5.782520e-01 -1.002214e+00 -4.680992e-01 -2.167300e-02 1.225059e-01 9.383480e-02 2.269524e-02 -1.317740e-02 1.587532e-01 9.174030e-02 -5.423865e-02 -1.952506e-01 6.680058e-02 3.908314e-02 -4.993523e-03 7.283790e-02 3.433759e-03
<VARIANCE> 39
 2.589562e+00 2.879848e+00 6.797035e+00 2.307492e+00 6.364051e+00 1.581185e+01 7.030314e+00 4.948012e+00 1.066808e+01 1.855732e+01 1.498749e+01 6.143097e+00 5.000000e-02 3.840463e-01 1.870407e-01 3.839480e-01 8.618374e-01 8.245123e-01 1.213931e+00 9.084359e-01 6.461194e-01 1.351685e+00 1.003493e+00 9.679099e-01 5.384015e-01 5.000000e-02 5.000000e-02 6.265662e-02 5.000000e-02 6.455812e-02 3.461567e-01 2.315316e-01 2.421657e-01 2.248072e-01 1.659309e-01 3.668391e-01 1.472128e-01 3.311119e-01 5.000000e-02
<GCONST> 5.804852e+01
<STATE> 34
<MEAN> 39
 -5.335147e+00 -1.028140e+01 6.619620e-01 -3.243399e+00 -6.316432e+00 -6.250233e+00 3.441501e+00 -4.428264e+00 1.464463e+00 9.157371e-02 1.107763e+00 -3.230096e+00 3.061807e-02 -2.662640e-01 1.610032e-01 -2.240833e-01 1.371481e-01 1.879636e-01 7.595296e-02 -3.888054e-01 -6.672115e-01 1.628846e-01 -7.690788e-01 -6.846425e-01 -2.040697e-01 -2.155133e-02 8.180164e-02 -2.029038e-02 -3.113525e-03 -7.295595e-02 3.766314e-01 2.046965e-01 2.333243e-02 2.708091e-01 2.671485e-01 3.403594e-01 1.985294e-01 4.253916e-03 3.451765e-03
<VARIANCE> 39
 2.519756e+00 2.919104e+00 1.509737e+00 4.674094e+00 6.840125e+00 1.112398e+01 1.191178e+01 3.163643e+00 5.012239e+00 8.792184e+00 8.764216e+00 3.286512e+01 5.000000e-02 4.000110e-01 1.302467e-01 1.736957e-01 1.442176e-01 6.633952e-01 3.947603e-01 7.173656e-01 9.192596e-01 1.297886e+00 2.719891e-01 1.385169e+00 1.808415e+00 5.000000e-02 5.000000e-02 5.000000e-02 5.000000e-02 1.491347e-01 8.420993e-02 2.109969e-01 2.356980e-01 1.911711e-01 3.672797e-01 3.894339e-01 1.132316e-01 3.447117e-01 5.000000e-02
<GCONST> 5.232043e+01
<STATE> 35
<MEAN> 39
 -5.504031e+00 -8.947039e+00 2.888718e-01 -2.755944e+00 -4.695032e+00 -6.225390e+00 3.831248e+00 -3.401848e+00 4.105465e+00 2.263773e-01 2.140807e-01 -4.533944e+00 2.147288e-03 -2.968106e-01 3.172249e-01 -7.624726e-02 3.343699e-01 1.222706e+00 6.865026e-01 3.593382e-02 6.437783e-01 8.356715e-01 1.169871e+00 1.730471e-01 -4.526267e-02 -1.044865e-02 -6.301545e-02 -1.911376e-01 -1.046553e-01 -2.169123e-01 -4.106796e-02 1.991149e-01 -1.018222e-01 1.007235e-01 -2.662977e-01 1.969027e-01 4.745984e-01 2.323322e-01 -5.218836e-04
<VARIANCE> 39
 2.443880e+00 6.883628e+00 5.206991e+00 4.796605e+00 6.512128e+00 6.055584e+00 2.030390e+00 5.096906e+00 3.567619e+00 4.492712e+00 1.444205e+00 6.512311e+00 5.000000e-02 9.313668e-02 1.596819e-01 5.730276e-02 1.109182e-01 6.421763e-01 7.812048e-01 4.065603e-01 8.543632e-01 1.044903e+00 1.039935e+00 5.355901e-01 7.792040e-01 5.000000e-02 5.000000e-02 5.000000e-02 5.000000e-02 7.786472e-02 1.876016e-01 1.768471e-01 5.000000e-02 1.450057e-01 3.265954e-01 1.302399e-01 1.570124e-01 1.752883e-01 5.000000e-02
<GCONST> 4.133035e+01
<STATE> 36
<MEAN> 39
 -6.238192e+00 -9.130425e+00 8.200570e-01 -2.805503e+00 -4.283461e+00 -5.825779e+00 2.997733e+00 -1.534501e+00 5.909526e+00 4.506568e+00 8.145972e-01 -4.806094e+00 -1.773148e-02 -1.768213e-01 -1.644869e-01 -2.308064e-01 -3.607097e-01 4.942889e-01 4.454313e-01 -5.853912e-01 1.903621e-01 -3.933685e-01 5.814819e-01 9.849995e-01 5.788346e-01 -1.294516e-02 5.780681e-03 -1.135139e-01 -2.127507e-02 -1.694806e-01 -3.120975e-01 -7.669507e-02 5.349357e-02 -1.712557e-01 -4.956246e-01 -5.719361e-01 1.177319e-01 1.015313e-01 1.023628e-03
<VARIANCE> 39
 6.666566e-01 7.892679e+00 5.238979e+00 3.952919e+00 5.013743e+00 9.852401e+00 3.926569e+00 6.856398e+00 7.590962e+00 1.267253e+01 6.388700e+00 3.115660e+00 5.000000e-02 5.858584e-02 1.731462e-01 5.000000e-02 4.472509e-01 1.405970e-01 8.153953e-01 9.097081e-01 4.299878e-01 5.862725e-01 5.077783e-01 1.549560e+00 7.928261e-01 5.000000e-02 5.000000e-02 6.674858e-02 7.469337e-02 7.618684e-02 2.675390e-01 1.999724e-01 9.410582e-02 1.125640e-01 1.147461e-01 1.803151e-01 1.711316e-01 1.482934e-01 5.000000e-02
<GCONST> 4.373047e+01
<STATE> 37
<MEAN> 39
 -6.977528e+00 -9.522963e+00 3.281945e-01 -2.704099e+00 -2.937422e+00 -3.952906e+00 2.151307e+00 -2.351069e+00 3.365986e+00 4.478316e+00 5.302779e+00 -2.860373e+00 -3.454001e-02 -3.359557e-01 -1.977471e-01 -3.158916e-01 -4.537742e-01 1.129966e-01 5.447446e-01 2.901995e-01 -2.092061e-01 -9.569885e-01 -1.118400e+00 4.222739e-01 3.801406e-02 -1.055717e-02 1.830143e-01 8.191112e-02 8.901913e-02 1.958833e-02 -2.852412e-01 -3.409015e-01 3.640804e-02 -5.105940e-02 -1.094318e-01 -5.310782e-01 -4.080980e-01 -1.460271e-01 7.029219e-03
<VARIANCE> 39
 2.468474e+00 4.906566e+00 1.604402e+00 1.707388e+00 4.068992e+00 7.047421e+00 5.294061e+00 9.436211e+00 7.214934e+00 9.868220e+00 7.543661e+00 1.604904e+01 5.000000e-02 5.000000e-02 3.856032e-01 3.546889e-01 2.403242e-01 1.287939e+00 5.034897e-01 5.406662e-01 4.098352e-01 1.378168e+00 4.780566e-01 5.079165e-01 2.039785e-01 5.000000e-02 5.000000e-02 5.000000e-02 5.000000e-02 6.610861e-02 5.000000e-02 1.620908e-01 2.122637e-01 1.076268e-01 1.133943e-01 5.000000e-02 1.713437e-01 1.106592e-01 5.000000e-02
<GCONST> 4.204939e+01
<TRANSP> 38
 0.000000e+00 1.000000e+00 0.000000e+00 0.000000e+00 0.000000e+00 0.000000e+00 0.000000e+00 0.000000e+00 0.000000e+00 0.000000e+00 0.000000e+00 0.000000e+00 0.000000e+00 0.000000e+00 0.000000e+00 0.000000e+00 0.000000e+00 0.000000e+00 0.000000e+00 0.000000e+00 0.000000e+00 0.000000e+00 0.000000e+00 0.000000e+00 0.000000e+00 0.000000e+00 0.000000e+00 0.000000e+00 0.000000e+00 0.000000e+00 0.000000e+00 0.000000e+00 0.000000e+00 0.000000e+00 0.000000e+00 0.000000e+00 0.000000e+00 0.000000e+00
 0.000000e+00 5.833348e-01 4.166652e-01 0.000000e+00 0.000000e+00 0.000000e+00 0.000000e+00 0.000000e+00 0.000000e+00 0.000000e+00 0.000000e+00 0.000000e+00 0.000000e+00 0.000000e+00 0.000000e+00 0.000000e+00 0.000000e+00 0.000000e+00 0.000000e+00 0.000000e+00 0.000000e+00 0.000000e+00 0.000000e+00 0.000000e+00 0.000000e+00 0.000000e+00 0.000000e+00 0.000000e+00 0.000000e+00 0.000000e+00 0.000000e+00 0.000000e+00 0.000000e+00 0.000000e+00 0.000000e+00 0.000000e+00 0.000000e+00 0.000000e+00
 0.000000e+00 0.000000e+00 1.666756e-01 8.333244e-01 0.000000e+00 0.000000e+00 0.000000e+00 0.000000e+00 0.000000e+00 0.000000e+00 0.000000e+00 0.000000e+00 0.000000e+00 0.000000e+00 0.000000e+00 0.000000e+00 0.000000e+00 0.000000e+00 0.000000e+00 0.000000e+00 0.000000e+00 0.000000e+00 0.000000e+00 0.000000e+00 0.000000e+00 0.000000e+00 0.000000e+00 0.000000e+00 0.000000e+00 0.000000e+00 0.000000e+00 0.000000e+00 0.000000e+00 0.000000e+00 0.000000e+00 0.000000e+00 0.000000e+00 0.000000e+00
 0.000000e+00 0.000000e+00 0.000000e+00 2.857302e-01 7.142698e-01 0.000000e+00 0.000000e+00 0.000000e+00 0.000000e+00 0.000000e+00 0.000000e+00 0.000000e+00 0.000000e+00 0.000000e+00 0.000000e+00 0.000000e+00 0.000000e+00 0.000000e+00 0.000000e+00 0.000000e+00 0.000000e+00 0.000000e+00 0.000000e+00 0.000000e+00 0.000000e+00 0.000000e+00 0.000000e+00 0.000000e+00 0.000000e+00 0.000000e+00 0.000000e+00 0.000000e+00 0.000000e+00 0.000000e+00 0.000000e+00 0.000000e+00 0.000000e+00 0.000000e+00
 0.000000e+00 0.000000e+00 0.000000e+00 0.000000e+00 3.749733e-01 6.250267e-01 0.000000e+00 0.000000e+00 0.000000e+00 0.000000e+00 0.000000e+00 0.000000e+00 0.000000e+00 0.000000e+00 0.000000e+00 0.000000e+00 0.000000e+00 0.000000e+00 0.000000e+00 0.000000e+00 0.000000e+00 0.000000e+00 0.000000e+00 0.000000e+00 0.000000e+00 0.000000e+00 0.000000e+00 0.000000e+00 0.000000e+00 0.000000e+00 0.000000e+00 0.000000e+00 0.000000e+00 0.000000e+00 0.000000e+00 0.000000e+00 0.000000e+00 0.000000e+00
 0.000000e+00 0.000000e+00 0.000000e+00 0.000000e+00 0.000000e+00 2.857167e-01 7.142833e-01 0.000000e+00 0.000000e+00 0.000000e+00 0.000000e+00 0.000000e+00 0.000000e+00 0.000000e+00 0.000000e+00 0.000000e+00 0.000000e+00 0.000000e+00 0.000000e+00 0.000000e+00 0.000000e+00 0.000000e+00 0.000000e+00 0.000000e+00 0.000000e+00 0.000000e+00 0.000000e+00 0.000000e+00 0.000000e+00 0.000000e+00 0.000000e+00 0.000000e+00 0.000000e+00 0.000000e+00 0.000000e+00 0.000000e+00 0.000000e+00 0.000000e+00
 0.000000e+00 0.000000e+00 0.000000e+00 0.000000e+00 0.000000e+00 0.000000e+00 2.857431e-01 7.142569e-01 0.000000e+00 0.000000e+00 0.000000e+00 0.000000e+00 0.000000e+00 0.000000e+00 0.000000e+00 0.000000e+00 0.000000e+00 0.000000e+00 0.000000e+00 0.000000e+00 0.000000e+00 0.000000e+00 0.000000e+00 0.000000e+00 0.000000e+00 0.000000e+00 0.000000e+00 0.000000e+00 0.000000e+00 0.000000e+00 0.000000e+00 0.000000e+00 0.000000e+00 0.000000e+00 0.000000e+00 0.000000e+00 0.000000e+00 0.000000e+00
 0.000000e+00 0.000000e+00 0.000000e+00 0.000000e+00 0.000000e+00 0.000000e+00 0.000000e+00 3.750302e-01 6.249698e-01 0.000000e+00 0.000000e+00 0.000000e+00 0.000000e+00 0.000000e+00 0.000000e+00 0.000000e+00 0.000000e+00 0.000000e+00 0.000000e+00 0.000000e+00 0.000000e+00 0.000000e+00 0.000000e+00 0.000000e+00 0.000000e+00 0.000000e+00 0.000000e+00 0.000000e+00 0.000000e+00 0.000000e+00 0.000000e+00 0.000000e+00 0.000000e+00 0.000000e+00 0.000000e+00 0.000000e+00 0.000000e+00 0.000000e+00
 0.000000e+00 0.000000e+00 0.000000e+00 0.000000e+00 0.000000e+00 0.000000e+00 0.000000e+00 0.000000e+00 2.845803e-01 7.154197e-01 0.000000e+00 0.000000e+00 0.000000e+00 0.000000e+00 0.000000e+00 0.000000e+00 0.000000e+00 0.000000e+00 0.000000e+00 0.000000e+00 0.000000e+00 0.000000e+00 0.000000e+00 0.000000e+00 0.000000e+00 0.000000e+00 0.000000e+00 0.000000e+00 0.000000e+00 0.000000e+00 0.000000e+00 0.000000e+00 0.000000e+00 0.000000e+00 0.000000e+00 0.000000e+00 0.000000e+00 0.000000e+00
 0.000000e+00 0.000000e+00 0.000000e+00 0.000000e+00 0.000000e+00 0.000000e+00 0.000000e+00 0.000000e+00 0.000000e+00 1.731526e-01 8.268474e-01 0.000000e+00 0.000000e+00 0.000000e+00 0.000000e+00 0.000000e+00 0.000000e+00 0.000000e+00 0.000000e+00 0.000000e+00 0.000000e+00 0.000000e+00 0.000000e+00 0.000000e+00 0.000000e+00 0.000000e+00 0.000000e+00 0.000000e+00 0.000000e+00 0.000000e+00 0.000000e+00 0.000000e+00 0.000000e+00 0.000000e+00 0.000000e+00 0.000000e+00 0.000000e+00 0.000000e+00
 0.000000e+00 0.000000e+00 0.000000e+00 0.000000e+00 0.000000e+00 0.000000e+00 0.000000e+00 0.000000e+00 0.000000e+00 0.000000e+00 4.419068e-01 5.580931e-01 0.000000e+00 0.000000e+00 0.000000e+00 0.000000e+00 0.000000e+00 0.000000e+00 0.000000e+00 0.000000e+00 0.000000e+00 0.000000e+00 0.000000e+00 0.000000e+00 0.000000e+00 0.000000e+00 0.000000e+00 0.000000e+00 0.000000e+00 0.000000e+00 0.000000e+00 0.000000e+00 0.000000e+00 0.000000e+00 0.000000e+00 0.000000e+00 0.000000e+00 0.000000e+00
 0.000000e+00 0.000000e+00 0.000000e+00 0.000000e+00 0.000000e+00 0.000000e+00 0.000000e+00 0.000000e+00 0.000000e+00 0.000000e+00 0.000000e+00 2.862222e-01 7.137777e-01 0.000000e+00 0.000000e+00 0.000000e+00 0.000000e+00 0.000000e+00 0.000000e+00 0.000000e+00 0.000000e+00 0.000000e+00 0.000000e+00 0.000000e+00 0.000000e+00 0.000000e+00 0.000000e+00 0.000000e+00 0.000000e+00 0.000000e+00 0.000000e+00 0.000000e+00 0.000000e+00 0.000000e+00 0.000000e+00 0.000000e+00 0.000000e+00 0.000000e+00
 0.000000e+00 0.000000e+00 0.000000e+00 0.000000e+00 0.000000e+00 0.000000e+00 0.000000e+00 0.000000e+00 0.000000e+00 0.000000e+00 0.000000e+00 0.000000e+00 3.763494e-01 6.236506e-01 0.000000e+00 0.000000e+00 0.000000e+00 0.000000e+00 0.000000e+00 0.000000e+00 0.000000e+00 0.000000e+00 0.000000e+00 0.000000e+00 0.000000e+00 0.000000e+00 0.000000e+00 0.000000e+00 0.000000e+00 0.000000e+00 0.000000e+00 0.000000e+00 0.000000e+00 0.000000e+00 0.000000e+00 0.000000e+00 0.000000e+00 0.000000e+00
 0.000000e+00 0.000000e+00 0.000000e+00 0.000000e+00 0.000000e+00 0.000000e+00 0.000000e+00 0.000000e+00 0.000000e+00 0.000000e+00 0.000000e+00 0.000000e+00 0.000000e+00 3.741699e-01 6.258301e-01 0.000000e+00 0.000000e+00 0.000000e+00 0.000000e+00 0.000000e+00 0.000000e+00 0.000000e+00 0.000000e+00 0.000000e+00 0.000000e+00 0.000000e+00 0.000000e+00 0.000000e+00 0.000000e+00 0.000000e+00 0.000000e+00 0.000000e+00 0.000000e+00 0.000000e+00 0.000000e+00 0.000000e+00 0.000000e+00 0.000000e+00
 0.000000e+00 0.000000e+00 0.000000e+00 0.000000e+00 0.000000e+00 0.000000e+00 0.000000e+00 0.000000e+00 0.000000e+00 0.000000e+00 0.000000e+00 0.000000e+00 0.000000e+00 0.000000e+00 2.866089e-01 7.133911e-01 0.000000e+00 0.000000e+00 0.000000e+00 0.000000e+00 0.000000e+00 0.000000e+00 0.000000e+00 0.000000e+00 0.000000e+00 0.000000e+00 0.000000e+00 0.000000e+00 0.000000e+00 0.000000e+00 0.000000e+00 0.000000e+00 0.000000e+00 0.000000e+00 0.000000e+00 0.000000e+00 0.000000e+00 0.000000e+00
 0.000000e+00 0.000000e+00 0.000000e+00 0.000000e+00 0.000000e+00 0.000000e+00 0.000000e+00 0.000000e+00 0.000000e+00 0.000000e+00 0.000000e+00 0.000000e+00 0.000000e+00 0.000000e+00 0.000000e+00 3.733153e-01 6.266847e-01 0.000000e+00 0.000000e+00 0.000000e+00 0.000000e+00 0.000000e+00 0.000000e+00 0.000000e+00 0.000000e+00 0.000000e+00 0.000000e+00 0.000000e+00 0.000000e+00 0.000000e+00 0.000000e+00 0.000000e+00 0.000000e+00 0.000000e+00 0.000000e+00 0.000000e+00 0.000000e+00 0.000000e+00
 0.000000e+00 0.000000e+00 0.000000e+00 0.000000e+00 0.000000e+00 0.000000e+00 0.000000e+00 0.000000e+00 0.000000e+00 0.000000e+00 0.000000e+00 0.000000e+00 0.000000e+00 0.000000e+00 0.000000e+00 0.000000e+00 2.863099e-01 7.136901e-01 0.000000e+00 0.000000e+00 0.000000e+00 0.000000e+00 0.000000e+00 0.000000e+00 0.000000e+00 0.000000e+00 0.000000e+00 0.000000e+00 0.000000e+00 0.000000e+00 0.000000e+00 0.000000e+00 0.000000e+00 0.000000e+00 0.000000e+00 0.000000e+00 0.000000e+00 0.000000e+00
 0.000000e+00 0.000000e+00 0.000000e+00 0.000000e+00 0.000000e+00 0.000000e+00 0.000000e+00 0.000000e+00 0.000000e+00 0.000000e+00 0.000000e+00 0.000000e+00 0.000000e+00 0.000000e+00 0.000000e+00 0.000000e+00 0.000000e+00 2.857168e-01 7.142832e-01 0.000000e+00 0.000000e+00 0.000000e+00 0.000000e+00 0.000000e+00 0.000000e+00 0.000000e+00 0.000000e+00 0.000000e+00 0.000000e+00 0.000000e+00 0.000000e+00 0.000000e+00 0.000000e+00 0.000000e+00 0.000000e+00 0.000000e+00 0.000000e+00 0.000000e+00
 0.000000e+00 0.000000e+00 0.000000e+00 0.000000e+00 0.000000e+00 0.000000e+00 0.000000e+00 0.000000e+00 0.000000e+00 0.000000e+00 0.000000e+00 0.000000e+00 0.000000e+00 0.000000e+00 0.000000e+00 0.000000e+00 0.000000e+00 0.000000e+00 1.670797e-01 8.329203e-01 0.000000e+00 0.000000e+00 0.000000e+00 0.000000e+00 0.000000e+00 0.000000e+00 0.000000e+00 0.000000e+00 0.000000e+00 0.000000e+00 0.000000e+00 0.000000e+00 0.000000e+00 0.000000e+00 0.000000e+00 0.000000e+00 0.000000e+00 0.000000e+00
 0.000000e+00 0.000000e+00 0.000000e+00 0.000000e+00 0.000000e+00 0.000000e+00 0.000000e+00 0.000000e+00 0.000000e+00 0.000000e+00 0.000000e+00 0.000000e+00 0.000000e+00 0.000000e+00 0.000000e+00 0.000000e+00 0.000000e+00 0.000000e+00 0.000000e+00 2.852966e-01 7.147034e-01 0.000000e+00 0.000000e+00 0.000000e+00 0.000000e+00 0.000000e+00 0.000000e+00 0.000000e+00 0.000000e+00 0.000000e+00 0.000000e+00 0.000000e+00 0.000000e+00 0.000000e+00 0.000000e+00 0.000000e+00 0.000000e+00 0.000000e+00
 0.000000e+00 0.000000e+00 0.000000e+00 0.000000e+00 0.000000e+00 0.000000e+00 0.000000e+00 0.000000e+00 0.000000e+00 0.000000e+00 0.000000e+00 0.000000e+00 0.000000e+00 0.000000e+00 0.000000e+00 0.000000e+00 0.000000e+00 0.000000e+00 0.000000e+00 0.000000e+00 5.454702e-01 4.545297e-01 0.000000e+00 0.000000e+00 0.000000e+00 0.000000e+00 0.000000e+00 0.000000e+00 0.000000e+00 0.000000e+00 0.000000e+00 0.000000e+00 0.000000e+00 0.000000e+00 0.000000e+00 0.000000e+00 0.000000e+00 0.000000e+00
 0.000000e+00 0.000000e+00 0.000000e+00 0.000000e+00 0.000000e+00 0.000000e+00 0.000000e+00 0.000000e+00 0.000000e+00 0.000000e+00 0.000000e+00 0.000000e+00 0.000000e+00 0.000000e+00 0.000000e+00 0.000000e+00 0.000000e+00 0.000000e+00 0.000000e+00 0.000000e+00 0.000000e+00 2.858035e-01 7.141965e-01 0.000000e+00 0.000000e+00 0.000000e+00 0.000000e+00 0.000000e+00 0.000000e+00 0.000000e+00 0.000000e+00 0.000000e+00 0.000000e+00 0.000000e+00 0.000000e+00 0.000000e+00 0.000000e+00 0.000000e+00
 0.000000e+00 0.000000e+00 0.000000e+00 0.000000e+00 0.000000e+00 0.000000e+00 0.000000e+00 0.000000e+00 0.000000e+00 0.000000e+00 0.000000e+00 0.000000e+00 0.000000e+00 0.000000e+00 0.000000e+00 0.000000e+00 0.000000e+00 0.000000e+00 0.000000e+00 0.000000e+00 0.000000e+00 0.000000e+00 1.666627e-01 8.333372e-01 0.000000e+00 0.000000e+00 0.000000e+00 0.000000e+00 0.000000e+00 0.000000e+00 0.000000e+00 0.000000e+00 0.000000e+00 0.000000e+00 0.000000e+00 0.000000e+00 0.000000e+00 0.000000e+00
 0.000000e+00 0.000000e+00 0.000000e+00 0.000000e+00 0.000000e+00 0.000000e+00 0.000000e+00 0.000000e+00 0.000000e+00 0.000000e+00 0.000000e+00 0.000000e+00 0.000000e+00 0.000000e+00 0.000000e+00 0.000000e+00 0.000000e+00 0.000000e+00 0.000000e+00 0.000000e+00 0.000000e+00 0.000000e+00 0.000000e+00 3.741769e-01 6.258230e-01 0.000000e+00 0.000000e+00 0.000000e+00 0.000000e+00 0.000000e+00 0.000000e+00 0.000000e+00 0.000000e+00 0.000000e+00 0.000000e+00 0.000000e+00 0.000000e+00 0.000000e+00
 0.000000e+00 0.000000e+00 0.000000e+00 0.000000e+00 0.000000e+00 0.000000e+00 0.000000e+00 0.000000e+00 0.000000e+00 0.000000e+00 0.000000e+00 0.000000e+00 0.000000e+00 0.000000e+00 0.000000e+00 0.000000e+00 0.000000e+00 0.000000e+00 0.000000e+00 0.000000e+00 0.000000e+00 0.000000e+00 0.000000e+00 0.000000e+00 2.858692e-01 7.141308e-01 0.000000e+00 0.000000e+00 0.000000e+00 0.000000e+00 0.000000e+00 0.000000e+00 0.000000e+00 0.000000e+00 0.000000e+00 0.000000e+00 0.000000e+00 0.000000e+00
 0.000000e+00 0.000000e+00 0.000000e+00 0.000000e+00 0.000000e+00 0.000000e+00 0.000000e+00 0.000000e+00 0.000000e+00 0.000000e+00 0.000000e+00 0.000000e+00 0.000000e+00 0.000000e+00 0.000000e+00 0.000000e+00 0.000000e+00 0.000000e+00 0.000000e+00 0.000000e+00 0.000000e+00 0.000000e+00 0.000000e+00 0.000000e+00 0.000000e+00 2.866555e-01 7.133445e-01 0.000000e+00 0.000000e+00 0.000000e+00 0.000000e+00 0.000000e+00 0.000000e+00 0.000000e+00 0.000000e+00 0.000000e+00 0.000000e+00 0.000000e+00
 0.000000e+00 0.000000e+00 0.000000e+00 0.000000e+00 0.000000e+00 0.000000e+00 0.000000e+00 0.000000e+00 0.000000e+00 0.000000e+00 0.000000e+00 0.000000e+00 0.000000e+00 0.000000e+00 0.000000e+00 0.000000e+00 0.000000e+00 0.000000e+00 0.000000e+00 0.000000e+00 0.000000e+00 0.000000e+00 0.000000e+00 0.000000e+00 0.000000e+00 0.000000e+00 3.749679e-01 6.250321e-01 0.000000e+00 0.000000e+00 0.000000e+00 0.000000e+00 0.000000e+00 0.000000e+00 0.000000e+00 0.000000e+00 0.000000e+00 0.000000e+00
 0.000000e+00 0.000000e+00 0.000000e+00 0.000000e+00 0.000000e+00 0.000000e+00 0.000000e+00 0.000000e+00 0.000000e+00 0.000000e+00 0.000000e+00 0.000000e+00 0.000000e+00 0.000000e+00 0.000000e+00 0.000000e+00 0.000000e+00 0.000000e+00 0.000000e+00 0.000000e+00 0.000000e+00 0.000000e+00 0.000000e+00 0.000000e+00 0.000000e+00 0.000000e+00 0.000000e+00 4.443798e-01 5.556202e-01 0.000000e+00 0.000000e+00 0.000000e+00 0.000000e+00 0.000000e+00 0.000000e+00 0.000000e+00 0.000000e+00 0.000000e+00
 0.000000e+00 0.000000e+00 0.000000e+00 0.000000e+00 0.000000e+00 0.000000e+00 0.000000e+00 0.000000e+00 0.000000e+00 0.000000e+00 0.000000e+00 0.000000e+00 0.000000e+00 0.000000e+00 0.000000e+00 0.000000e+00 0.000000e+00 0.000000e+00 0.000000e+00 0.000000e+00 0.000000e+00 0.000000e+00 0.000000e+00 0.000000e+00 0.000000e+00 0.000000e+00 0.000000e+00 0.000000e+00 2.859350e-01 7.140650e-01 0.000000e+00 0.000000e+00 0.000000e+00 0.000000e+00 0.000000e+00 0.000000e+00 0.000000e+00 0.000000e+00
 0.000000e+00 0.000000e+00 0.000000e+00 0.000000e+00 0.000000e+00 0.000000e+00 0.000000e+00 0.000000e+00 0.000000e+00 0.000000e+00 0.000000e+00 0.000000e+00 0.000000e+00 0.000000e+00 0.000000e+00 0.000000e+00 0.000000e+00 0.000000e+00 0.000000e+00 0.000000e+00 0.000000e+00 0.000000e+00 0.000000e+00 0.000000e+00 0.000000e+00 0.000000e+00 0.000000e+00 0.000000e+00 0.000000e+00 2.880209e-01 7.119790e-01 0.000000e+00 0.000000e+00 0.000000e+00 0.000000e+00 0.000000e+00 0.000000e+00 0.000000e+00
 0.000000e+00 0.000000e+00 0.000000e+00 0.000000e+00 0.000000e+00 0.000000e+00 0.000000e+00 0.000000e+00 0.000000e+00 0.000000e+00 0.000000e+00 0.000000e+00 0.000000e+00 0.000000e+00 0.000000e+00 0.000000e+00 0.000000e+00 0.000000e+00 0.000000e+00 0.000000e+00 0.000000e+00 0.000000e+00 0.000000e+00 0.000000e+00 0.000000e+00 0.000000e+00 0.000000e+00 0.000000e+00 0.000000e+00 0.000000e+00 3.729725e-01 6.270275e-01 0.000000e+00 0.000000e+00 0.000000e+00 0.000000e+00 0.000000e+00 0.000000e+00
 0.000000e+00 0.000000e+00 0.000000e+00 0.000000e+00 0.000000e+00 0.000000e+00 0.000000e+00 0.000000e+00 0.000000e+00 0.000000e+00 0.000000e+00 0.000000e+00 0.000000e+00 0.000000e+00 0.000000e+00 0.000000e+00 0.000000e+00 0.000000e+00 0.000000e+00 0.000000e+00 0.000000e+00 0.000000e+00 0.000000e+00 0.000000e+00 0.000000e+00 0.000000e+00 0.000000e+00 0.000000e+00 0.000000e+00 0.000000e+00 0.000000e+00 3.752203e-01 6.247797e-01 0.000000e+00 0.000000e+00 0.000000e+00 0.000000e+00 0.000000e+00
 0.000000e+00 0.000000e+00 0.000000e+00 0.000000e+00 0.000000e+00 0.000000e+00 0.000000e+00 0.000000e+00 0.000000e+00 0.000000e+00 0.000000e+00 0.000000e+00 0.000000e+00 0.000000e+00 0.000000e+00 0.000000e+00 0.000000e+00 0.000000e+00 0.000000e+00 0.000000e+00 0.000000e+00 0.000000e+00 0.000000e+00 0.000000e+00 0.000000e+00 0.000000e+00 0.000000e+00 0.000000e+00 0.000000e+00 0.000000e+00 0.000000e+00 0.000000e+00 1.669979e-01 8.330021e-01 0.000000e+00 0.000000e+00 0.000000e+00 0.000000e+00
 0.000000e+00 0.000000e+00 0.000000e+00 0.000000e+00 0.000000e+00 0.000000e+00 0.000000e+00 0.000000e+00 0.000000e+00 0.000000e+00 0.000000e+00 0.000000e+00 0.000000e+00 0.000000e+00 0.000000e+00 0.000000e+00 0.000000e+00 0.000000e+00 0.000000e+00 0.000000e+00 0.000000e+00 0.000000e+00 0.000000e+00 0.000000e+00 0.000000e+00 0.000000e+00 0.000000e+00 0.000000e+00 0.000000e+00 0.000000e+00 0.000000e+00 0.000000e+00 0.000000e+00 3.747965e-01 6.252034e-01 0.000000e+00 0.000000e+00 0.000000e+00
 0.000000e+00 0.000000e+00 0.000000e+00 0.000000e+00 0.000000e+00 0.000000e+00 0.000000e+00 0.000000e+00 0.000000e+00 0.000000e+00 0.000000e+00 0.000000e+00 0.000000e+00 0.000000e+00 0.000000e+00 0.000000e+00 0.000000e+00 0.000000e+00 0.000000e+00 0.000000e+00 0.000000e+00 0.000000e+00 0.000000e+00 0.000000e+00 0.000000e+00 0.000000e+00 0.000000e+00 0.000000e+00 0.000000e+00 0.000000e+00 0.000000e+00 0.000000e+00 0.000000e+00 0.000000e+00 3.749512e-01 6.250488e-01 0.000000e+00 0.000000e+00
 0.000000e+00 0.000000e+00 0.000000e+00 0.000000e+00 0.000000e+00 0.000000e+00 0.000000e+00 0.000000e+00 0.000000e+00 0.000000e+00 0.000000e+00 0.000000e+00 0.000000e+00 0.000000e+00 0.000000e+00 0.000000e+00 0.000000e+00 0.000000e+00 0.000000e+00 0.000000e+00 0.000000e+00 0.000000e+00 0.000000e+00 0.000000e+00 0.000000e+00 0.000000e+00 0.000000e+00 0.000000e+00 0.000000e+00 0.000000e+00 0.000000e+00 0.000000e+00 0.000000e+00 0.000000e+00 0.000000e+00 1.667570e-01 8.332430e-01 0.000000e+00
 0.000000e+00 0.000000e+00 0.000000e+00 0.000000e+00 0.000000e+00 0.000000e+00 0.000000e+00 0.000000e+00 0.000000e+00 0.000000e+00 0.000000e+00 0.000000e+00 0.000000e+00 0.000000e+00 0.000000e+00 0.000000e+00 0.000000e+00 0.000000e+00 0.000000e+00 0.000000e+00 0.000000e+00 0.000000e+00 0.000000e+00 0.000000e+00 0.000000e+00 0.000000e+00 0.000000e+00 0.000000e+00 0.000000e+00 0.000000e+00 0.000000e+00 0.000000e+00 0.000000e+00 0.000000e+00 0.000000e+00 0.000000e+00 1.666696e-01 8.333304e-01
 0.000000e+00 0.000000e+00 0.000000e+00 0.000000e+00 0.000000e+00 0.000000e+00 0.000000e+00 0.000000e+00 0.000000e+00 0.000000e+00 0.000000e+00 0.000000e+00 0.000000e+00 0.000000e+00 0.000000e+00 0.000000e+00 0.000000e+00 0.000000e+00 0.000000e+00 0.000000e+00 0.000000e+00 0.000000e+00 0.000000e+00 0.000000e+00 0.000000e+00 0.000000e+00 0.000000e+00 0.000000e+00 0.000000e+00 0.000000e+00 0.000000e+00 0.000000e+00 0.000000e+00 0.000000e+00 0.000000e+00 0.000000e+00 0.000000e+00 0.000000e+00
<ENDHMM>
