~o
<STREAMINFO> 1 39
<VECSIZE> 39<NULLD><MFCC_E_D_A><DIAGC>
~h "To"
<BEGINHMM>
<NUMSTATES> 47
<STATE> 2
<MEAN> 39
 -7.476067e+00 -8.575589e+00 -3.414596e+00 -2.032558e+00 2.343998e+00 -3.892332e+00 1.479415e+00 -4.656404e+00 2.613981e+00 -4.584795e+00 4.564513e-02 -7.280308e-02 -9.369525e-02 4.925429e-02 1.354388e-01 -3.909344e-01 -6.652910e-02 4.926544e-01 9.763347e-02 -2.354561e-01 -2.917612e-01 7.985814e-01 1.411226e-01 1.010014e-01 -1.599579e-01 2.907225e-03 -1.933981e-02 8.825683e-02 -5.175209e-02 -2.795160e-01 -1.820695e-01 -1.218738e-02 3.625998e-02 6.464605e-01 2.324492e-01 2.085738e-01 2.653437e-01 -9.105890e-02 1.526993e-02
<VARIANCE> 39
 1.042424e+01 1.753337e+01 2.481669e+01 7.302365e+00 1.177631e+01 3.967503e+01 1.641744e+01 1.307124e+01 2.541584e+01 8.072337e+00 6.967219e+00 1.032779e+01 5.000000e-02 5.841177e-01 1.844527e+00 4.503905e-01 5.906090e-01 1.058582e+00 1.203736e+00 1.188864e+00 1.315601e+00 5.879251e-01 1.421999e+00 6.538095e-01 3.836528e-01 5.000000e-02 3.784833e-01 5.825016e-01 5.909539e-01 1.206377e-01 1.401605e-01 6.328193e-01 2.242774e-01 1.724144e-01 1.403557e-01 1.450617e-01 5.000000e-02 1.413173e-01 5.000000e-02
<GCONST> 7.341642e+01
<STATE> 3
<MEAN> 39
 -6.870662e+00 -9.463257e+00 -2.862095e+00 -2.366829e+00 4.044565e-01 -4.312513e+00 -1.340917e-03 -1.614257e+00 4.396600e+00 -3.574261e+00 1.426867e+00 -1.956718e+00 -8.549667e-02 -2.071491e-01 6.138666e-01 9.966218e-02 -5.861534e-01 3.284248e-01 -2.204480e-01 4.765455e-01 8.947600e-01 3.904062e-01 6.628154e-01 9.294719e-01 -7.322865e-01 3.459686e-02 -1.895031e-01 1.815695e-01 -7.014354e-01 -3.817572e-01 3.363033e-01 -5.179339e-01 4.462304e-01 1.112367e-01 -4.512464e-01 -2.412746e-01 -3.636073e-01 -1.811461e-01 4.252516e-02
<VARIANCE> 39
 2.691898e+00 1.119114e+00 9.946676e+00 6.389359e+00 2.858756e+00 1.973335e+01 1.380432e+01 1.695672e+01 4.484004e+00 1.472033e+01 2.252159e+01 4.689195e+00 5.000000e-02 2.142900e+00 1.772948e+00 2.384562e+00 5.303584e-01 1.029287e+00 1.497782e+00 9.944686e-01 7.202558e-01 1.145117e+00 6.869950e-01 3.048662e-01 4.475606e-01 5.000000e-02 9.395799e-02 1.650824e-01 8.464761e-01 1.528573e-01 5.000000e-02 4.893599e-01 2.327481e-01 3.623817e-01 9.277503e-02 1.700392e-01 1.896001e-01 1.218098e-01 5.000000e-02
<GCONST> 6.540769e+01
<STATE> 4
<MEAN> 39
 -7.957173e+00 -5.956913e+00 -3.037400e+00 -4.902624e+00 2.897810e+00 -5.454065e+00 2.621111e+00 -2.514350e+00 2.420419e+00 -3.846759e+00 2.229361e+00 -2.089484e+00 3.815010e-02 -6.695805e-01 -2.580492e-01 -3.964787e+00 -2.218459e+00 1.041884e+00 -2.256195e+00 1.267059e+00 8.126616e-01 -1.451060e-01 -4.720928e-01 -9.851624e-01 -8.295748e-01 1.771196e-01 2.042413e-01 -1.150321e+00 -1.266770e+00 1.381699e-02 1.694581e-01 1.927513e-02 2.988457e-01 -6.040863e-02 2.652752e-03 -3.213305e-01 -5.363768e-01 1.676470e-02 4.669761e-02
<VARIANCE> 39
 1.439966e+01 6.033368e+00 2.252403e+01 2.985536e+01 8.820580e+00 2.847230e+01 2.088320e+01 1.899996e+01 2.225896e+01 8.576547e+00 4.719452e+00 1.892512e+01 5.000000e-02 1.951156e+00 3.317740e+00 7.905916e+00 8.524309e-01 7.577829e-01 4.158742e+00 5.872007e-01 1.472540e+00 1.377631e+00 8.984072e-01 1.846362e+00 2.366603e+00 5.000000e-02 3.189044e-01 5.574914e-01 4.387146e-01 4.666991e-01 2.708142e-01 7.794920e-01 3.223131e-01 3.218799e-01 3.949002e-01 4.072950e-01 1.560646e-01 2.135709e-01 5.000000e-02
<GCONST> 8.902184e+01
<STATE> 5
<MEAN> 39
 -7.017871e+00 -8.809485e+00 -1.140504e+01 -8.639842e+00 4.247505e+00 -1.006402e+01 4.625053e+00 -5.170346e-01 3.967179e+00 -3.026465e+00 -1.253227e+00 -6.104954e+00 4.620923e-01 -9.553101e-02 -2.448561e+00 -4.704747e+00 -8.845257e-01 1.064753e+00 -9.449359e-01 1.590676e+00 9.229866e-01 -9.224750e-02 -1.058768e+00 -1.515153e+00 -5.490821e-01 2.036954e-01 2.502244e-01 -9.388433e-01 8.587192e-02 6.690986e-01 1.762473e-02 8.173273e-01 -7.407309e-02 -8.143644e-01 -1.041030e-01 -2.454477e-01 1.639062e-01 1.706621e-01 -1.937173e-02
<VARIANCE> 39
 3.633328e+01 1.535621e+01 8.163719e+01 2.884031e+01 2.333634e+01 4.246151e+01 3.691555e+01 8.027000e+00 1.335823e+01 8.590522e+00 3.163591e+01 1.152891e+01 8.959986e-02 1.081790e+00 6.776140e+00 7.273390e+00 1.510661e+00 3.296155e+00 4.140306e+00 2.227741e+00 3.074522e+00 3.176180e+00 1.682728e+00 2.330217e-01 1.060975e+00 5.000000e-02 6.587570e-01 9.586537e-01 1.081550e+00 1.501640e-01 2.483596e-01 1.287270e+00 3.838794e-01 1.419505e-01 6.012410e-01 3.222687e-01 8.709480e-01 4.870800e-01 5.000000e-02
<GCONST> 1.009728e+02
<STATE> 6
<MEAN> 39
 -9.150737e+00 -1.364418e+01 -2.061136e+01 -9.079468e+00 4.397865e+00 -8.981593e+00 7.822090e+00 3.421184e+00 3.630997e+00 -7.399569e+00 -4.395716e+00 -2.643794e+00 6.825628e-01 5.015774e-01 -3.987228e+00 -3.805095e+00 2.216380e-01 1.305727e+00 3.947152e-01 1.436368e+00 -1.579916e+00 -2.503666e-01 -1.656242e+00 -9.863567e-01 -3.564937e-01 1.377823e-01 5.238274e-01 -7.841210e-02 1.408551e+00 5.980673e-01 7.543348e-02 1.157399e+00 -6.913247e-01 -1.235444e+00 -2.171941e-01 4.986759e-01 7.049088e-01 -2.546104e-01 -5.191472e-02
<VARIANCE> 39
 1.738195e+01 6.608431e+01 7.729706e+01 1.990309e+01 1.596572e+01 3.665948e+01 1.782253e+01 5.401508e+01 4.152842e+01 1.617549e+01 1.572857e+01 7.526680e+00 8.112200e-02 1.701777e+00 5.407117e+00 1.620197e+00 1.631916e+00 2.740197e+00 5.093090e+00 2.640922e+00 2.003841e+00 4.042729e+00 1.913396e+00 3.055019e+00 1.916256e+00 5.000000e-02 3.409124e-01 1.199581e+00 7.277765e-01 1.075339e-01 2.625631e-01 1.136000e+00 1.206855e-01 1.173619e+00 6.588553e-01 4.170715e-01 3.518920e-01 9.472809e-02 5.000000e-02
<GCONST> 1.020922e+02
<STATE> 7
<MEAN> 39
 -7.464101e+00 -1.680512e+01 -1.714259e+01 -4.735318e+00 6.405600e+00 -7.481671e+00 5.796414e+00 -4.211446e+00 1.675510e+00 -8.721229e+00 -1.277152e+00 -4.148296e+00 5.899922e-01 8.001410e-01 -1.750592e+00 -3.890893e-01 8.534970e-01 5.247624e-01 1.632337e+00 -7.053804e-01 -2.199460e+00 -1.604795e-01 7.005010e-01 1.091244e+00 -9.788721e-01 2.618799e-02 1.882707e-01 6.770184e-01 1.224225e+00 -2.651065e-01 -1.186466e-02 4.977952e-01 -3.257474e-01 -1.786459e-02 2.044032e-01 1.047916e+00 5.970531e-01 -2.263609e-01 -3.762188e-02
<VARIANCE> 39
 4.290338e+00 9.026359e+01 7.818089e+01 2.783164e+01 3.639446e+01 3.980070e+01 3.773715e+01 1.973292e+00 1.944549e+01 1.039219e+01 1.361164e+01 1.634763e+01 1.966119e-01 2.317663e+00 3.983509e+00 3.336688e-01 1.290288e-01 2.459819e+00 4.749056e+00 1.243734e+00 9.037923e+00 1.702794e+00 1.176813e+00 1.165685e+00 1.115646e+00 5.000000e-02 5.000000e-02 1.008610e+00 3.725633e-01 9.618220e-02 4.183378e-01 8.841367e-01 4.275627e-01 2.511860e-01 9.109204e-01 5.000000e-02 2.467401e-01 2.654819e-01 5.000000e-02
<GCONST> 8.956212e+01
<STATE> 8
<MEAN> 39
 -5.401613e+00 -1.863238e+01 -1.911843e+01 -6.373396e+00 8.028186e+00 -5.017427e+00 5.791990e+00 -6.831859e+00 3.198401e+00 -5.752223e+00 2.973678e-01 -5.639500e+00 7.341340e-01 1.148316e+00 -8.794465e-01 4.546188e-01 -5.247358e-01 1.030902e+00 2.574369e+00 -3.621181e-01 -1.785212e+00 -2.833135e-01 2.054961e+00 1.446945e+00 -1.467252e+00 2.021747e-02 -1.563402e-01 9.710023e-01 7.198414e-01 -5.557263e-01 -1.467818e-01 1.322233e-01 8.259688e-02 3.986913e-01 1.165108e-01 5.663444e-01 9.938051e-02 -7.617065e-02 -2.049553e-02
<VARIANCE> 39
 3.428766e-01 6.059642e+01 7.537257e+01 1.682742e+01 4.421436e+01 3.486670e+01 3.741740e+01 2.543095e+00 1.644195e+01 9.312591e+00 1.009513e+01 9.990178e+00 1.732911e-01 4.618948e-01 6.669286e-01 5.000000e-02 3.807555e-01 8.540122e-02 3.084232e+00 9.285902e-01 6.447650e+00 4.213362e+00 8.002777e-01 5.158363e-01 4.229427e-01 5.000000e-02 1.494660e-01 6.169912e-01 6.156469e-02 1.046722e-01 4.278040e-01 2.148834e-01 2.594685e-01 2.317763e-01 1.181912e-01 2.139078e-01 1.025502e-01 5.202017e-01 5.000000e-02
<GCONST> 7.142826e+01
<STATE> 9
<MEAN> 39
 -4.064891e+00 -2.020215e+01 -1.954591e+01 -9.327703e+00 8.999691e+00 -1.811680e-01 6.322429e+00 -7.200058e+00 1.902754e+00 -8.526528e-01 1.105343e+00 -8.408747e+00 7.794427e-01 3.898142e-01 5.349426e-02 3.923513e-01 -1.093499e+00 7.131478e-01 1.675057e+00 5.025703e-01 -7.881209e-01 4.155625e-02 1.597053e+00 7.112855e-01 -8.335156e-01 8.819716e-03 -3.665750e-01 3.768804e-01 -2.282745e-01 -2.727786e-01 -1.714393e-01 -5.982226e-01 3.160531e-01 2.392368e-01 3.309811e-03 -5.224575e-01 -3.112195e-01 3.757733e-01 6.429020e-04
<VARIANCE> 39
 7.753473e+00 3.205556e+01 5.763169e+01 2.240329e+01 3.039186e+01 1.828549e+01 2.398863e+01 3.603613e+01 2.337874e+01 2.627938e+01 7.447484e+00 1.138038e+01 1.695661e-01 5.371877e-01 4.554457e-01 6.282806e-01 5.934868e-01 4.446609e-01 1.343739e+00 6.875149e-01 6.102902e-01 1.097460e+00 1.524623e+00 6.147606e-01 1.544905e+00 5.000000e-02 1.247807e-01 1.498441e-01 2.083270e-01 2.597641e-01 1.303021e-01 1.923463e-01 1.116234e-01 5.147675e-01 2.516482e-01 4.925556e-01 1.027282e-01 1.826787e-01 5.000000e-02
<GCONST> 7.771560e+01
<STATE> 10
<MEAN> 39
 -4.213567e+00 -1.837214e+01 -1.773785e+01 -9.345984e+00 1.015008e+01 1.587495e-01 6.526694e+00 -9.612597e+00 3.248164e+00 -5.562182e-01 2.231999e+00 -9.480539e+00 7.620897e-01 -2.161250e-01 3.963836e-01 -4.246947e-01 -1.447631e+00 4.640324e-01 4.480924e-02 1.077412e+00 -1.311440e+00 -1.839783e-01 -8.549238e-02 2.124219e-01 -7.542105e-02 2.305437e-02 -1.528720e-01 -1.639482e-01 -5.255172e-01 -9.570846e-02 -3.515376e-01 -5.266175e-01 2.492173e-02 8.890232e-02 -1.812585e-01 -6.073126e-01 -2.646041e-01 5.274997e-01 1.264823e-02
<VARIANCE> 39
 4.217410e+00 3.669146e+01 9.515458e+01 5.123394e+01 2.556656e+01 3.421473e+01 2.957338e+01 1.053601e+01 1.273605e+01 2.426691e+01 1.507688e+01 2.715756e+00 1.800615e-01 6.330064e-01 5.000000e-02 4.280721e-01 1.333954e+00 1.540201e+00 5.136656e-01 5.718257e-01 2.439834e-01 5.910131e-01 2.809374e+00 1.036701e+00 3.498159e-01 5.000000e-02 5.000000e-02 9.589101e-02 1.095038e+00 3.012191e-01 3.456725e-01 5.000000e-02 5.000000e-02 5.000000e-02 1.222696e-01 1.624494e-01 9.654960e-02 2.949331e-01 5.000000e-02
<GCONST> 6.876541e+01
<STATE> 11
<MEAN> 39
 -5.695926e+00 -1.783907e+01 -1.781260e+01 -1.352613e+01 9.029564e+00 7.123321e-01 8.228388e+00 -9.743320e+00 2.537138e+00 -9.103326e-01 2.007850e+00 -7.884629e+00 7.639713e-01 -1.917305e-01 -5.462657e-01 -1.733146e+00 -1.485588e+00 -4.892082e-01 -3.620648e-01 6.469194e-01 -5.952691e-01 -4.902151e-01 -7.259163e-01 -7.015811e-01 9.015982e-01 5.994140e-02 1.555687e-02 -3.696584e-01 -1.890300e-01 1.791786e-01 -1.089398e-01 -1.406127e-03 -3.178467e-01 2.099053e-01 1.243393e-01 -2.834513e-01 -2.337787e-02 3.595656e-02 8.132820e-03
<VARIANCE> 39
 7.829933e+00 3.618175e+01 6.895614e+01 3.608436e+01 5.665847e+01 3.110902e+01 1.718962e+01 2.444616e+01 1.126442e+01 2.030912e+01 7.921749e+00 2.428438e+01 1.427263e-01 4.325409e-01 2.756418e+00 8.850320e+00 1.685594e+00 2.726484e+00 1.126594e+00 3.188963e-01 4.920941e-01 2.673744e-01 2.169073e+00 2.715110e+00 7.741444e-01 5.000000e-02 5.000000e-02 1.792680e-01 5.726614e-01 1.574904e-01 3.759707e-01 1.291210e-01 5.687356e-02 9.746514e-02 1.763049e-01 2.008039e-01 1.356355e-01 1.926489e-01 5.000000e-02
<GCONST> 8.143239e+01
<STATE> 12
<MEAN> 39
 -3.984157e+00 -2.032666e+01 -2.444212e+01 -1.263248e+01 1.052722e+01 -4.330103e-01 1.011992e+01 -1.178147e+01 -2.574778e-01 -2.711293e+00 -2.635154e-01 -7.351804e+00 9.405678e-01 6.286888e-02 -6.420736e-01 -3.621881e-01 -8.724707e-01 4.351581e-02 4.398540e-01 -4.203201e-01 -2.816059e-01 -4.503294e-02 -3.405693e-01 5.460149e-01 4.010948e-01 3.794402e-02 6.786459e-02 -5.375643e-02 4.695682e-01 5.320079e-02 2.558050e-01 1.847910e-01 -3.557340e-01 2.293548e-01 5.679367e-02 1.551093e-01 2.843200e-01 -3.553245e-01 -7.436200e-03
<VARIANCE> 39
 6.240372e+00 7.299134e+00 1.985476e+01 2.111243e+01 8.380714e+01 4.706474e+01 2.847147e+01 2.844183e+01 9.256261e+00 1.223852e+01 4.805672e+01 1.490773e+01 5.000000e-02 2.475495e-01 2.566536e+00 5.457281e+00 1.102035e+00 7.757196e-02 1.156384e+00 4.593132e-01 6.613074e-01 1.026932e+00 1.708399e+00 1.434872e+00 9.532761e-01 5.000000e-02 5.000000e-02 5.000000e-02 7.954597e-01 1.874043e-01 7.618538e-01 3.284365e-01 2.169807e-01 1.102950e-01 6.460733e-02 3.431208e-01 6.130978e-01 1.830679e-01 5.000000e-02
<GCONST> 7.843215e+01
<STATE> 13
<MEAN> 39
 -6.861849e+00 -2.247570e+01 -2.187509e+01 -1.637059e+01 8.983460e+00 -5.775665e-01 8.079205e+00 -1.043191e+01 3.596533e+00 -4.489786e+00 1.541035e+00 -7.985354e+00 9.421915e-01 -6.616510e-02 -5.933353e-01 3.997054e-01 -8.589399e-01 1.099764e+00 9.811853e-01 -2.676353e-01 -3.675122e-01 1.288558e-01 3.348780e-02 7.586910e-01 -8.747707e-01 2.501437e-02 2.707151e-01 3.641438e-01 6.163887e-01 2.450456e-01 3.576517e-01 2.001516e-01 -1.476446e-01 -2.026251e-02 -1.595399e-01 3.226616e-01 1.290964e-01 -3.474748e-01 -1.849471e-02
<VARIANCE> 39
 1.886395e+01 3.728483e+00 9.236407e+00 3.133658e+01 5.127017e+01 2.982111e+01 7.521894e+00 3.428296e+01 7.426984e+00 1.758769e+01 3.159422e+01 1.426046e+01 5.000000e-02 2.668937e-01 1.500063e+00 1.673445e+00 8.545564e-01 4.164999e+00 1.558909e+00 1.140215e+00 8.760527e-01 7.974312e-01 1.157782e+00 2.790007e+00 4.678391e-01 5.000000e-02 1.461734e-01 1.043082e-01 1.241575e+00 2.020302e-01 3.150906e-01 3.095111e-01 5.000000e-02 8.089619e-02 5.000000e-02 4.909890e-01 5.985233e-01 2.132126e-01 5.000000e-02
<GCONST> 7.880714e+01
<STATE> 14
<MEAN> 39
 -3.675650e+00 -2.014017e+01 -2.139532e+01 -1.521460e+01 1.215086e+01 4.367494e+00 8.155420e+00 -1.104085e+01 9.339540e-01 -1.711938e+00 4.375641e+00 -8.313386e+00 9.747877e-01 6.001860e-01 1.052253e-01 2.490608e-01 -1.996271e-01 9.138963e-01 2.284197e-01 -2.999710e-01 -1.237451e-01 -6.568117e-01 -1.042922e-02 2.089079e-01 -9.503477e-01 5.601118e-04 7.624865e-02 9.310256e-02 -1.052525e-01 4.503660e-02 -1.335310e-01 -2.569007e-01 -3.947268e-02 7.354657e-02 -3.017371e-01 1.636745e-01 -1.999552e-01 -9.615733e-02 -5.926293e-03
<VARIANCE> 39
 9.292257e+00 3.952372e+00 9.983120e+00 1.592262e+01 4.282362e+01 1.917345e+01 5.026172e+00 2.051387e+01 1.339469e+01 7.197773e+00 9.567589e+00 5.695013e+00 5.000000e-02 5.077189e-01 7.405229e-01 1.026790e+00 1.341756e+00 8.507730e-01 6.938352e-01 2.083511e-01 5.136507e-01 5.305339e-01 9.979865e-01 1.552610e+00 5.104232e-01 5.000000e-02 6.455906e-02 5.000000e-02 8.325368e-02 1.766258e-01 1.679405e-01 1.152123e-01 7.520561e-02 1.147018e-01 1.084834e-01 3.060963e-01 1.008252e-01 1.472985e-01 5.000000e-02
<GCONST> 6.071872e+01
<STATE> 15
<MEAN> 39
 -3.433446e+00 -2.283025e+01 -2.132395e+01 -1.698939e+01 1.287582e+01 4.429272e-01 7.216519e+00 -1.155003e+01 -4.651177e-02 -2.425660e+00 2.284066e+00 -1.098075e+01 9.620095e-01 3.422811e-01 -2.732163e-01 -3.359587e-02 -8.246132e-01 1.593593e-01 4.890264e-02 -7.736939e-01 -2.710930e-01 -7.435501e-01 4.031565e-01 -9.164809e-02 -8.844991e-01 -2.391902e-03 -4.267663e-02 1.826207e-01 -1.346439e-01 2.835058e-01 -3.345728e-01 6.942475e-02 1.114221e-01 6.746276e-02 2.276930e-01 7.739006e-03 -2.840182e-01 3.389933e-01 -3.234281e-03
<VARIANCE> 39
 8.961272e+00 9.445395e+00 2.020840e+01 1.803181e+01 2.363235e+01 1.171754e+01 6.109439e+00 3.824363e+01 1.592773e+01 3.191331e+00 1.328329e+01 8.008986e+00 5.000000e-02 1.063480e+00 1.026223e+00 8.548017e-01 2.073760e+00 5.085257e-01 1.804215e+00 6.201822e-01 3.975576e-01 7.032329e-01 3.112359e+00 8.009400e-01 7.498836e-01 5.000000e-02 5.000000e-02 5.000000e-02 8.643832e-02 8.273664e-02 2.355989e-01 5.000000e-02 1.753239e-01 5.883011e-02 6.115217e-02 7.128537e-02 3.270414e-01 5.000000e-02 5.000000e-02
<GCONST> 6.265059e+01
<STATE> 16
<MEAN> 39
 -3.905704e+00 -2.048876e+01 -2.084876e+01 -1.706693e+01 1.221186e+01 4.086711e+00 6.140619e+00 -1.285565e+01 -1.776280e-01 -1.514640e+00 1.763772e+00 -1.053170e+01 9.557747e-01 4.123989e-01 3.698280e-01 2.785415e-01 2.585317e-01 3.499472e-02 8.170866e-01 -1.281613e-01 9.492321e-02 -6.769837e-04 3.340856e-01 -4.576461e-03 -6.537943e-02 -4.464280e-03 6.232735e-02 -8.323300e-02 9.511083e-02 2.186188e-02 -1.448014e-01 1.464796e-01 1.141650e-01 1.399776e-01 2.055545e-01 1.038295e-01 2.025859e-02 2.205071e-01 -1.158322e-03
<VARIANCE> 39
 9.498974e+00 1.307430e+01 2.939443e+01 5.946185e+00 2.964068e+01 3.336981e+01 7.095058e+00 2.746133e+01 3.094375e+01 2.029647e+01 1.644769e+01 7.724925e+00 5.000000e-02 5.000000e-02 2.571603e-01 1.506195e-01 3.127498e-01 3.168479e-01 5.022194e-01 5.470801e-01 2.594556e-01 4.570728e-01 4.154163e-01 2.765698e-01 8.386516e-02 5.000000e-02 6.904939e-02 1.673136e-01 5.000000e-02 3.245477e-01 5.000000e-02 8.476400e-02 1.097170e-01 6.602238e-02 1.386643e-01 1.888400e-01 1.417871e-01 8.899407e-02 5.000000e-02
<GCONST> 5.251860e+01
<STATE> 17
<MEAN> 39
 -2.159948e+00 -1.973103e+01 -2.269818e+01 -1.671768e+01 1.533016e+01 1.179850e+00 8.064585e+00 -1.142244e+01 -1.478946e+00 -2.494523e+00 5.131629e+00 -1.215083e+01 9.459739e-01 4.551403e-01 8.969617e-02 1.375128e-01 -2.114537e-01 1.356080e-01 2.896161e-01 -2.786948e-02 2.608568e-01 2.845154e-01 3.022659e-01 -2.798728e-01 3.761434e-01 -8.939262e-03 6.945789e-02 -9.793174e-02 3.302145e-03 -1.108139e-01 1.830572e-02 -6.946175e-03 -1.098845e-02 1.338297e-01 4.575282e-02 1.244340e-01 -1.648438e-02 2.614449e-01 -2.947106e-04
<VARIANCE> 39
 7.541532e+00 1.249230e+01 2.387095e+01 1.000106e+01 5.070457e+01 2.772066e+01 1.784016e+01 2.751617e+01 1.785591e+01 1.330564e+01 2.890839e+01 7.769101e+00 5.000000e-02 1.416570e-01 3.089002e-01 3.414139e-01 5.783911e-01 5.390363e-01 2.121244e+00 5.586140e-01 1.764149e-01 1.546092e-01 5.467653e-01 6.681777e-01 4.229807e-01 5.000000e-02 5.000000e-02 5.179789e-02 5.000000e-02 1.814319e-01 6.616227e-02 5.000000e-02 5.000000e-02 1.002454e-01 1.046409e-01 1.792271e-01 6.710539e-02 5.935932e-02 5.000000e-02
<GCONST> 5.520351e+01
<STATE> 18
<MEAN> 39
 -2.128451e+00 -2.198453e+01 -1.766197e+01 -1.864985e+01 1.101850e+01 7.326862e+00 5.341757e+00 -1.067280e+01 9.963551e-01 6.771729e-01 2.380802e-01 -9.597827e+00 9.290933e-01 7.210591e-01 -2.456630e-01 1.977328e-01 -3.611252e-01 -1.598274e-01 4.578613e-01 -2.771640e-01 7.859852e-01 -4.499009e-01 9.198411e-01 -7.692023e-02 4.163249e-01 -4.744188e-03 -9.014156e-02 1.590906e-02 -2.806300e-01 -1.322868e-01 1.007537e-01 -4.264802e-01 -4.757926e-02 -4.353468e-03 -1.111080e-01 -2.329784e-01 2.002528e-01 -2.857165e-02 1.231998e-04
<VARIANCE> 39
 6.619533e+00 1.683901e+01 4.932011e+01 2.016943e+01 3.794902e+01 2.107826e+01 1.220949e+01 2.645071e+01 1.733883e+01 1.483357e+01 9.759202e+00 4.739069e+00 5.000000e-02 1.549780e-01 3.251488e-01 4.114798e-01 1.146241e+00 3.122262e-01 7.346236e-01 8.009699e-02 1.267033e+00 9.637627e-01 9.197813e-01 4.281623e-01 4.697312e-01 5.000000e-02 5.000000e-02 5.000000e-02 9.684826e-02 5.551489e-02 1.579739e-01 1.523151e-01 2.031261e-01 1.162403e-01 8.034201e-02 1.993527e-01 8.206865e-02 5.000000e-02 5.000000e-02
<GCONST> 5.860761e+01
<STATE> 19
<MEAN> 39
 -7.055255e-01 -2.068856e+01 -2.109765e+01 -1.702390e+01 1.336659e+01 3.432116e+00 6.536438e+00 -1.131127e+01 -6.929677e-01 3.428059e-01 2.991432e+00 -9.325924e+00 9.307652e-01 1.528763e-01 -2.638992e-02 -6.344361e-01 -7.960201e-01 2.158971e-01 -6.344081e-01 -3.699499e-01 -4.733937e-02 -9.481897e-02 6.195201e-02 3.156346e-01 1.142537e-01 -5.167409e-03 -1.079373e-01 6.022741e-02 -4.072151e-02 -6.522575e-02 7.859372e-02 -1.716821e-01 -8.288717e-02 -7.281835e-02 3.910574e-02 -4.194504e-01 -2.130764e-01 -1.214655e-01 -1.427196e-03
<VARIANCE> 39
 3.359596e+00 1.076350e+01 2.789099e+01 2.670880e+01 3.994577e+01 5.349815e+01 2.002345e+01 5.054041e+01 4.497642e+00 2.120145e+01 2.010190e+01 7.096049e+00 5.000000e-02 1.463542e-01 3.450753e-01 1.862667e-01 1.851444e-01 3.980808e-01 9.152836e-01 8.446765e-01 9.921395e-01 6.967320e-01 4.826838e-01 3.105892e-01 1.025527e+00 5.000000e-02 5.000000e-02 5.000000e-02 5.000000e-02 2.763730e-01 1.826379e-01 3.766542e-01 2.093983e-01 1.728331e-01 5.000000e-02 2.233661e-01 1.030464e-01 5.121532e-02 5.000000e-02
<GCONST> 6.121527e+01
<STATE> 20
<MEAN> 39
 -5.280257e-01 -2.205668e+01 -2.014356e+01 -1.901509e+01 1.267148e+01 5.116405e+00 4.101495e+00 -8.578776e+00 -3.747933e-01 1.648288e+00 2.071598e+00 -8.768071e+00 9.334223e-01 2.418289e-01 2.308319e-01 -4.282127e-02 -7.710683e-01 7.397277e-01 -6.133078e-01 -8.833678e-03 -1.369146e-01 -1.974814e-01 -1.102921e+00 4.078414e-02 4.744020e-02 -7.808582e-03 7.591324e-02 -6.723829e-02 1.172038e-01 2.294400e-01 -3.210131e-01 1.722764e-01 -4.447253e-02 -1.756968e-01 5.422331e-02 -1.933822e-01 -3.767846e-01 1.164770e-01 -2.327639e-03
<VARIANCE> 39
 1.933846e+00 2.660698e+01 3.105956e+01 2.411804e+01 3.796743e+01 2.345783e+01 2.879001e+01 3.947342e+01 7.279653e+00 3.635420e+00 1.140355e+01 1.480619e+01 5.000000e-02 9.221932e-02 2.356497e-01 5.202082e-01 4.262686e-01 1.118236e+00 1.907189e+00 2.703525e+00 9.834344e-01 9.280012e-01 6.530401e-01 1.235272e-01 2.056790e-01 5.000000e-02 5.000000e-02 6.032596e-02 5.000000e-02 1.680999e-01 1.678247e-01 1.513266e-01 1.632700e-01 1.297246e-01 5.000000e-02 7.883270e-02 1.428310e-01 2.325371e-01 5.000000e-02
<GCONST> 6.065693e+01
<STATE> 21
<MEAN> 39
 -3.522089e-01 -2.085215e+01 -2.100314e+01 -1.993851e+01 1.403546e+01 2.921417e+00 5.890876e+00 -1.047384e+01 -9.233274e-01 -2.623362e+00 2.471913e+00 -9.340652e+00 9.083418e-01 4.744067e-01 1.005116e-02 1.572203e-01 3.519146e-01 -6.002153e-01 3.657103e-01 -5.775318e-01 2.194510e-01 4.828564e-02 -4.459197e-01 -1.049797e+00 5.566946e-01 -1.278972e-02 1.592928e-01 -7.231556e-02 1.052038e-02 5.619949e-01 -4.308647e-01 3.335821e-01 -7.118069e-02 -1.646485e-01 2.377220e-01 4.678616e-02 -5.193459e-01 1.710796e-01 -3.056572e-03
<VARIANCE> 39
 1.608610e+00 2.998083e+01 4.058126e+01 2.218088e+01 2.216832e+01 3.307249e+01 2.744266e+01 5.035468e+01 9.906474e+00 3.870773e+00 3.062476e+01 5.418260e+00 5.000000e-02 1.713677e-01 4.044280e-01 2.468091e-01 9.944028e-01 4.677169e-01 2.836824e+00 1.026049e+00 1.620897e+00 2.286980e-01 1.133980e+00 3.459919e-01 7.015643e-01 5.000000e-02 5.000000e-02 8.159206e-02 1.372332e-01 5.000000e-02 2.919244e-01 5.224527e-02 3.279333e-01 1.548250e-01 5.000000e-02 9.203530e-02 3.067133e-01 5.000000e-02 5.000000e-02
<GCONST> 6.270141e+01
<STATE> 22
<MEAN> 39
 3.237884e-01 -2.066537e+01 -2.195366e+01 -1.897429e+01 1.353315e+01 4.048191e+00 3.904468e+00 -9.304387e+00 -1.617804e+00 -8.320500e-01 1.570024e+00 -8.230850e+00 9.019248e-01 6.354234e-01 -3.070448e-01 5.650825e-02 7.728195e-01 -9.844901e-01 9.247217e-01 -5.440897e-01 -5.258660e-01 4.907162e-01 -3.193786e-01 -1.781747e+00 6.315964e-01 -1.474803e-02 1.353324e-01 -6.917983e-02 3.196578e-02 2.868444e-01 -1.351090e-01 8.132936e-02 1.288649e-01 -4.664580e-02 2.020802e-01 5.328423e-02 6.022126e-02 7.490617e-02 -3.102968e-03
<VARIANCE> 39
 1.708832e+00 1.945442e+01 2.318018e+01 1.518273e+01 1.888512e+01 1.748901e+01 3.234575e+01 3.250327e+01 1.694763e+01 6.681294e+00 1.228920e+01 1.343333e+01 5.000000e-02 2.297427e-01 4.770700e-01 1.932917e-01 5.741894e-01 2.498788e+00 1.156816e+00 8.384969e-01 7.410416e-01 4.980309e-01 2.417500e-01 2.999161e+00 5.525324e-01 5.000000e-02 5.000000e-02 5.000000e-02 5.622070e-02 1.646754e-01 1.116376e-01 9.723645e-02 2.155193e-01 1.971103e-01 1.115054e-01 6.697979e-02 2.461464e-01 5.000000e-02 5.000000e-02
<GCONST> 6.156543e+01
<STATE> 23
<MEAN> 39
 1.994642e+00 -2.254611e+01 -2.025837e+01 -1.883013e+01 9.576307e+00 4.797891e+00 2.855217e+00 -1.246440e+01 4.488304e-01 -2.779876e+00 -4.679451e+00 -7.312050e+00 8.435777e-01 9.646688e-01 -7.158224e-02 -2.800155e-01 1.364775e+00 -8.689829e-01 2.167304e-01 2.657350e-02 -3.052797e-01 9.670412e-01 -4.316023e-01 -7.048693e-01 6.751269e-01 -2.288122e-02 -7.981154e-02 1.049114e-01 1.183402e-01 -5.298534e-02 2.928810e-02 1.903472e-01 5.899133e-04 3.478978e-01 -1.168852e-01 2.669786e-01 6.048907e-01 -1.980350e-01 -1.601604e-03
<VARIANCE> 39
 1.133785e+00 1.795814e+01 3.480029e+01 9.595802e+00 3.338919e+01 2.115810e+01 1.505709e+01 3.489431e+01 1.058693e+01 4.571922e+00 1.055964e+01 9.418107e+00 5.000000e-02 1.635454e-01 2.100890e-01 4.675075e-01 9.331295e-01 1.134981e+00 1.971721e+00 3.912839e-01 7.144331e-01 6.774331e-01 7.706773e-01 1.659757e+00 2.785744e-01 5.000000e-02 5.000000e-02 5.208057e-02 1.547074e-01 9.768818e-02 3.283519e-01 4.130740e-01 5.000000e-02 2.596623e-01 1.223230e-01 1.000258e-01 3.158318e-01 2.299207e-01 5.000000e-02
<GCONST> 6.321663e+01
<STATE> 24
<MEAN> 39
 3.402984e+00 -2.078534e+01 -2.278026e+01 -1.402453e+01 1.076853e+01 4.565691e+00 7.054471e+00 -1.242089e+01 1.783369e+00 -4.031658e+00 -1.186829e+00 -6.998745e+00 8.215596e-01 5.971398e-01 -2.960118e-02 1.260869e-01 1.425153e-01 -1.140378e+00 4.619477e-01 -8.095267e-01 1.120649e+00 -3.984218e-01 2.800472e-01 7.408695e-01 4.278832e-01 -2.403431e-02 -1.642500e-01 6.583157e-02 2.430737e-01 -4.424942e-01 3.050058e-01 -1.371663e-01 -3.178838e-01 5.827102e-01 -4.357569e-01 1.490548e-01 2.362735e-01 -2.863982e-01 -2.368852e-03
<VARIANCE> 39
 2.701030e+00 1.064239e+01 2.074787e+01 5.488649e+00 2.209930e+01 4.448315e+01 3.334975e+01 3.744993e+01 3.028368e+01 2.883658e+01 4.713235e+00 1.196677e+01 5.000000e-02 1.317289e-01 1.685163e-01 6.582600e-01 3.400821e-01 1.213294e+00 6.716639e-01 8.742967e-01 1.631306e+00 5.978621e-01 4.864763e-01 1.116014e+00 6.627972e-01 5.000000e-02 5.000000e-02 8.659738e-02 3.786477e-01 2.929235e-01 5.821919e-01 8.609097e-01 2.139581e-01 3.237052e-01 6.919478e-02 2.855801e-01 8.158399e-01 1.024002e-01 5.000000e-02
<GCONST> 7.151022e+01
<STATE> 25
<MEAN> 39
 3.436418e+00 -2.158003e+01 -1.998246e+01 -1.696514e+01 6.965378e+00 6.878140e+00 6.718408e-01 -9.481313e+00 1.094879e+00 -1.968331e+00 -1.197114e+00 -6.239810e+00 7.730649e-01 2.119526e-01 -8.890257e-02 1.191018e+00 1.752251e-01 -1.351065e-02 1.076464e+00 -8.213887e-01 9.699704e-01 -4.386957e-01 4.642474e-01 -1.110625e-01 -4.067833e-01 -2.800074e-02 -2.051160e-01 -4.201960e-02 1.561551e-01 3.513393e-02 2.736831e-01 -3.263945e-01 1.334244e-01 1.491798e-01 -5.860076e-02 8.499932e-02 3.985672e-02 -1.194569e-01 -5.041355e-03
<VARIANCE> 39
 4.007108e+00 1.051182e+01 2.190137e+01 2.385979e+01 1.838672e+01 1.627590e+01 2.585066e+01 3.286628e+01 1.083175e+01 8.395383e+00 1.603928e+01 3.011768e+00 5.000000e-02 2.188762e-01 1.066021e+00 3.647960e+00 2.305559e+00 2.286752e+00 3.698459e+00 1.894179e+00 3.265947e+00 4.870545e-01 1.881395e+00 2.073904e+00 2.769826e-01 5.000000e-02 5.000000e-02 5.000000e-02 1.580997e-01 2.786129e-01 1.541212e-01 2.828697e-01 2.291216e-01 1.798436e-01 2.007056e-01 2.073364e-01 4.340923e-01 9.788759e-02 5.000000e-02
<GCONST> 7.573932e+01
<STATE> 26
<MEAN> 39
 3.200256e+00 -2.341353e+01 -1.801438e+01 -1.783678e+01 9.749442e+00 8.810348e+00 7.479396e-01 -5.779128e+00 -8.492576e-01 -6.794949e-01 -1.259855e+00 -6.253716e+00 8.272869e-01 1.983750e-01 4.875203e-02 2.809694e-01 -7.783484e-02 -2.137999e-01 -5.353301e-01 -1.333437e-02 2.735546e-01 2.214907e-02 -5.272316e-01 1.673222e-01 -1.953313e-01 -3.280019e-02 -5.342883e-02 8.859779e-02 -1.548067e-01 2.682687e-01 -4.080134e-02 -3.621980e-01 -6.389206e-02 -1.887766e-01 2.378734e-01 -1.978072e-01 8.187676e-02 1.185302e-01 -6.300749e-03
<VARIANCE> 39
 3.364031e+00 1.069072e+01 9.728283e+00 1.370379e+01 1.172045e+01 2.109065e+01 9.405204e+00 1.709081e+01 1.577483e+01 6.782752e+00 2.139047e+01 3.016404e+00 5.000000e-02 4.236574e-01 2.749923e-01 9.258603e-01 2.407824e+00 1.075336e+00 7.169767e-01 1.495423e+00 2.492351e+00 7.774426e-01 1.223225e+00 2.314092e+00 3.434262e-01 5.000000e-02 5.000000e-02 8.302128e-02 1.557841e-01 1.225240e-01 2.602965e-01 4.179314e-01 7.883450e-02 5.105381e-01 8.132033e-02 5.000000e-02 3.042340e-01 8.353516e-02 5.000000e-02
<GCONST> 6.597066e+01
<STATE> 27
<MEAN> 39
 4.449553e+00 -2.083964e+01 -1.969303e+01 -1.508845e+01 1.062595e+01 5.264198e+00 2.859854e+00 -7.415504e+00 -7.559097e-01 -3.626576e+00 -2.053247e+00 -8.241139e+00 6.832831e-01 1.073860e-01 6.266054e-02 1.847286e-01 1.185054e+00 -8.024582e-02 -8.606192e-01 -9.613122e-01 7.472886e-01 3.468664e-01 4.789567e-02 3.063057e-01 1.106957e-01 -4.873789e-02 5.177239e-02 1.922892e-01 -1.558336e-01 5.581723e-01 -5.900756e-02 -9.367400e-02 -3.817735e-02 -3.799623e-01 9.781115e-02 -1.880796e-01 3.124077e-02 3.737176e-01 -3.227111e-03
<VARIANCE> 39
 6.181951e+00 5.896787e+00 3.890022e+01 1.805037e+01 1.908151e+01 1.285096e+01 1.680027e+01 1.395853e+01 2.432980e+01 1.202454e+01 2.528974e+01 1.153981e+01 5.000000e-02 1.139110e-01 2.292895e-01 1.664523e-01 1.206132e+00 8.916470e-01 1.060415e+00 1.475812e+00 2.627943e+00 1.776103e+00 1.008312e+00 2.781596e+00 5.617427e-01 5.000000e-02 1.507384e-01 1.296181e-01 3.801337e-01 3.552342e-01 5.332690e-01 2.571027e-01 1.661793e-01 5.887673e-01 1.117001e-01 2.789765e-01 3.516326e-01 2.184743e-01 5.000000e-02
<GCONST> 7.594853e+01
<STATE> 28
<MEAN> 39
 3.581729e+00 -2.211542e+01 -1.767453e+01 -1.343283e+01 6.787880e+00 3.654990e+00 -6.934236e-01 -5.257475e+00 1.527284e+00 -1.021977e+00 1.844785e+00 -6.342932e+00 5.898290e-01 3.127303e-01 5.490318e-01 -1.828750e-01 1.827805e+00 -2.036265e-01 -7.860414e-01 -4.459948e-01 5.064375e-01 1.422029e-02 -8.680736e-01 2.014868e-02 7.646718e-01 -4.453259e-02 9.363917e-02 2.347616e-01 -2.953165e-01 1.136120e-01 2.164390e-01 2.684610e-01 2.051540e-01 -5.006384e-01 -3.318595e-01 -4.850148e-01 -4.877797e-01 3.068600e-01 5.104893e-03
<VARIANCE> 39
 4.966460e+00 2.519136e+00 2.120056e+01 2.874961e+01 2.054967e+01 2.548057e+01 2.033464e+01 1.712665e+01 1.666365e+01 1.000474e+01 1.426917e+01 6.857396e+00 5.000000e-02 9.340873e-01 6.322202e-01 8.143540e-01 7.546250e-01 1.978172e+00 1.205591e+00 1.497574e+00 2.548873e+00 1.824478e+00 1.709674e+00 9.657640e-01 7.282732e-01 5.000000e-02 7.048911e-02 7.042661e-02 2.209765e-01 6.184101e-01 2.732194e-01 3.122662e-01 3.458363e-01 3.544489e-01 3.893074e-01 3.595279e-01 6.683404e-01 7.002114e-02 5.000000e-02
<GCONST> 7.853906e+01
<STATE> 29
<MEAN> 39
 5.297443e+00 -1.919636e+01 -1.889077e+01 -1.044942e+01 9.149799e+00 3.552620e+00 -9.757973e-01 -6.561409e+00 -6.464322e-01 -4.762828e+00 -2.381956e+00 -6.451188e+00 5.417352e-01 2.316508e-01 8.198088e-01 2.647504e-01 1.830997e+00 1.980007e-01 2.082361e-01 -3.935023e-01 -9.345356e-01 -6.425396e-01 -1.356764e+00 -6.629071e-01 1.254083e+00 -3.651925e-02 -6.395920e-02 -3.229926e-03 -1.833212e-02 -1.557521e-01 1.926082e-02 1.772224e-01 4.662085e-01 -1.119425e-01 -1.914802e-01 2.537279e-01 1.922840e-01 -1.399694e-02 7.357703e-03
<VARIANCE> 39
 5.351505e+00 1.087189e+01 1.149926e+01 3.313731e+01 1.807725e+01 4.185337e+00 8.090940e+00 1.415428e+01 9.510612e+00 2.664981e+01 1.302285e+01 9.342243e+00 5.000000e-02 2.235846e-01 3.180085e-01 2.524215e+00 3.324732e-01 1.577240e+00 1.219775e+00 1.540166e+00 1.460344e+00 6.681759e-01 1.199223e+00 2.292565e+00 8.520974e-01 5.000000e-02 1.452591e-01 1.030491e-01 6.798917e-02 5.664813e-01 2.729537e-01 6.969114e-02 2.378545e-01 3.918630e-01 3.079406e-01 1.652060e-01 1.832416e-01 3.400989e-01 5.000000e-02
<GCONST> 7.164655e+01
<STATE> 30
<MEAN> 39
 4.368064e+00 -1.969333e+01 -1.951866e+01 -8.993155e+00 9.221928e+00 4.660162e+00 -5.450651e-01 -8.030126e+00 -3.628750e-02 -7.151441e+00 -2.454343e+00 -2.029851e+00 5.329113e-01 1.742756e-01 7.160128e-01 -4.468017e-01 8.667853e-01 2.323149e-01 -1.166225e-01 5.652730e-01 -1.851261e-01 -6.881183e-01 -1.593180e-01 4.736215e-01 8.489332e-01 -2.449195e-02 -9.248172e-02 -1.379382e-01 2.663892e-01 -4.414258e-01 -3.203730e-01 -8.338349e-02 1.712171e-01 2.671652e-01 2.045128e-01 7.963287e-01 3.722892e-01 -3.851626e-01 3.066927e-03
<VARIANCE> 39
 6.453187e+00 1.017623e+01 8.699902e+00 8.960978e+00 3.884113e+00 1.301843e+01 1.050167e+01 3.900699e+00 1.652680e+01 7.415112e+00 1.538148e+01 1.422666e+01 5.000000e-02 7.959702e-01 3.287639e-01 1.730855e+00 5.580283e+00 1.133765e+00 5.541257e-01 1.028526e+00 9.127808e-01 9.800084e-01 1.339727e+00 2.611045e+00 1.938689e+00 5.000000e-02 1.486522e-01 1.825402e-01 3.981134e-01 1.603297e-01 2.977388e-01 9.143721e-02 3.820379e-01 1.628283e-01 2.018416e-01 2.379881e-01 4.344661e-01 2.445850e-01 5.000000e-02
<GCONST> 7.333983e+01
<STATE> 31
<MEAN> 39
 5.240607e+00 -1.834287e+01 -1.988214e+01 -7.656976e+00 8.559362e+00 3.914742e+00 7.703135e-01 -8.512241e+00 -3.480575e+00 -4.247496e+00 1.294762e+00 -2.755443e+00 4.764554e-01 6.486540e-02 3.197898e-01 4.382910e-01 4.267201e-01 -6.248029e-01 -7.612834e-01 2.625130e-01 4.306433e-01 -2.019921e-02 1.352980e+00 6.600970e-01 -1.823596e-01 -2.183608e-02 -1.983073e-01 -2.976428e-01 1.066916e-01 -4.101588e-01 -2.251578e-01 1.846609e-04 7.072233e-02 2.052688e-01 4.390990e-01 3.356449e-01 -1.942437e-01 -4.423395e-01 1.875963e-03
<VARIANCE> 39
 4.454617e+00 1.690629e+00 8.758504e-01 1.528687e+01 7.687607e+00 1.310935e+01 8.351513e+00 3.140147e+00 1.249743e+01 6.255716e+00 1.016711e+01 1.083613e+01 5.000000e-02 5.766692e-01 6.156216e-01 5.868049e-01 6.146060e-01 3.707343e-01 2.150820e-01 1.459435e+00 1.166168e+00 4.602124e-01 1.792959e+00 9.909582e-01 2.122793e+00 5.000000e-02 5.117265e-02 5.696302e-02 7.651486e-01 6.042400e-01 1.240328e-01 1.225858e-01 1.249067e-01 2.369430e-01 3.540242e-01 8.470315e-02 4.045621e-01 1.819980e-01 5.000000e-02
<GCONST> 6.031162e+01
<STATE> 32
<MEAN> 39
 5.351007e+00 -1.766234e+01 -1.748143e+01 -7.355528e+00 7.276381e+00 3.041816e+00 9.593177e-01 -6.764117e+00 -9.187363e-01 -2.572467e+00 1.807115e-02 -3.629445e+00 4.600087e-01 -4.459025e-01 -1.200024e-01 2.183869e-01 -1.762969e-01 -7.810080e-01 -6.562383e-02 6.194877e-01 1.255066e-01 3.417118e-01 7.802667e-01 -1.548652e-01 -3.167995e-01 -2.410892e-02 -2.275721e-01 -2.553704e-01 -2.232514e-01 -3.025715e-01 -4.984346e-02 1.234932e-01 -9.589059e-02 5.843972e-02 1.502356e-01 -3.743040e-01 -2.087051e-01 4.154770e-02 -3.385279e-04
<VARIANCE> 39
 4.484955e+00 4.425449e+00 3.443269e+00 6.370452e+00 2.935546e+00 7.139467e+00 6.404039e+00 1.458204e+01 1.626042e+01 1.790797e+01 1.011375e+01 1.521992e+01 5.000000e-02 1.759799e-01 7.330199e-01 2.715664e+00 8.133255e-01 4.498681e-01 1.027644e+00 6.821192e-01 6.018161e-01 2.890588e+00 1.234117e+00 1.497288e+00 7.922893e-01 5.000000e-02 5.172068e-02 8.784049e-02 3.764425e-01 2.337267e-01 1.206522e-01 5.000000e-02 1.238398e-01 2.770874e-01 2.139107e-01 1.724878e-01 2.018560e-01 3.726674e-01 5.000000e-02
<GCONST> 6.338671e+01
<STATE> 33
<MEAN> 39
 3.135115e+00 -1.943072e+01 -1.850248e+01 -8.566037e+00 6.335214e+00 3.590577e+00 3.947176e+00 -7.156534e+00 -6.633356e-01 -3.212189e+00 -1.419070e+00 -4.517202e+00 4.166594e-01 -8.093444e-01 -5.199252e-01 -4.137391e-01 -6.199415e-01 -9.307103e-01 2.086069e-02 2.854694e-01 4.950623e-01 7.329612e-01 -2.507347e-02 -1.652046e-01 -2.196140e-02 -2.394563e-02 7.835791e-03 1.852274e-02 2.642575e-02 1.615223e-01 2.272764e-01 -1.836261e-01 -3.397639e-01 7.002170e-02 -1.028558e-01 -2.681312e-01 1.464693e-01 2.688358e-01 -2.165746e-03
<VARIANCE> 39
 2.597189e+00 1.586424e+00 2.832525e+01 4.042631e+00 1.672334e+01 9.194714e-01 2.352623e+00 8.042796e+00 4.631531e+01 1.140535e+01 4.520257e+00 1.533089e+01 5.000000e-02 1.149340e-01 4.543620e-01 2.425562e+00 5.578659e-01 7.542371e-01 3.185290e-01 9.700658e-01 1.591880e+00 4.217637e-01 1.402044e+00 1.091999e+00 6.893353e-01 5.000000e-02 5.000000e-02 5.000000e-02 5.153084e-01 1.731797e-01 1.082923e-01 5.000000e-02 5.000000e-02 7.748619e-02 9.764095e-01 1.507996e-01 1.638173e-01 7.340314e-02 5.000000e-02
<GCONST> 5.506051e+01
<STATE> 34
<MEAN> 39
 2.780905e+00 -1.955065e+01 -2.069398e+01 -9.395361e+00 5.459133e+00 5.107875e+00 2.434418e+00 -5.922144e+00 5.281138e-01 -2.099723e+00 4.730576e-01 -3.681336e+00 3.668706e-01 -7.010071e-01 -4.569439e-01 2.272768e-01 -2.239107e-02 -1.796731e-01 -2.723710e-02 -2.317041e-01 7.148087e-01 4.363945e-01 -1.878780e-01 5.150447e-01 6.215529e-01 -3.221316e-02 1.619070e-01 2.252203e-01 4.021862e-01 5.260305e-01 4.240068e-01 -2.144299e-01 -9.665962e-02 -6.997272e-02 -2.086186e-01 4.254029e-02 7.014617e-02 -7.789768e-02 -7.601070e-05
<VARIANCE> 39
 1.132027e+00 2.905822e+00 2.883033e+01 2.315923e+00 1.684121e+01 9.505354e+00 1.010265e+01 6.136877e+00 2.182428e+01 1.967906e+01 8.670684e+00 3.280996e+00 5.000000e-02 7.381620e-02 1.076455e-01 8.494018e-01 8.318656e-01 2.466649e-01 4.933642e-01 5.590275e-01 1.671679e+00 2.275637e+00 1.029734e+00 7.869479e-01 6.601317e-01 5.000000e-02 5.000000e-02 5.838604e-02 6.224223e-01 1.492875e-01 1.661451e-01 1.196014e-01 2.264078e-01 1.225758e-01 4.216621e-01 2.367533e-01 1.218203e-01 1.600371e-01 5.000000e-02
<GCONST> 5.757855e+01
<STATE> 35
<MEAN> 39
 2.140734e+00 -1.952572e+01 -1.758019e+01 -9.015123e+00 5.269077e+00 2.297077e+00 5.405727e-01 -6.033445e+00 6.286056e-02 -4.415173e+00 -5.278445e-01 -1.726447e+00 3.448806e-01 -1.042672e-01 4.136996e-01 5.999862e-01 8.433269e-01 3.777138e-01 -9.534715e-01 -2.542775e-01 1.132941e-01 -2.353116e-02 1.517884e-01 8.283173e-02 -3.398990e-02 -2.348072e-02 1.877713e-01 3.183564e-01 1.999182e-01 2.678291e-01 3.398184e-01 1.122052e-01 5.336603e-02 -1.750815e-01 -1.733401e-01 2.598566e-01 -2.329296e-02 -3.531792e-01 3.278562e-03
<VARIANCE> 39
 2.412054e+00 2.020605e+00 9.442712e+00 3.118375e+00 7.024195e+00 3.993841e+00 1.304103e+01 1.387238e+01 1.782036e+01 1.525656e+01 5.235027e+00 7.460969e+00 5.000000e-02 1.126900e-01 5.860463e-01 3.084625e+00 8.446756e-01 1.089951e+00 6.828393e-01 1.638361e+00 1.355102e+00 3.206749e+00 1.528596e+00 2.078389e-01 6.153426e-01 5.000000e-02 5.000000e-02 5.000000e-02 2.590722e-01 5.389618e-02 5.000000e-02 7.265570e-02 1.852952e-01 2.422627e-01 3.460573e-01 1.602919e-01 1.941223e-01 1.515777e-01 5.000000e-02
<GCONST> 5.833244e+01
<STATE> 36
<MEAN> 39
 1.955300e+00 -1.891340e+01 -1.699228e+01 -5.694528e+00 6.310803e+00 -7.484341e-01 1.267829e+00 -5.029089e+00 6.441594e-01 -2.132578e+00 4.196729e-01 -2.697227e+00 3.069023e-01 -1.014346e-01 3.978059e-01 7.122717e-01 1.221477e+00 1.269292e+00 3.774821e-01 4.051097e-01 -4.564937e-01 -3.909971e-01 1.953947e-01 -4.907474e-02 -7.481900e-01 -1.679755e-02 5.726016e-02 1.450998e-01 -1.295791e-01 -2.326919e-01 1.149386e-02 4.805871e-01 1.959028e-02 -1.731683e-01 -2.630132e-01 5.442616e-02 -3.127961e-02 -2.872253e-01 6.472346e-03
<VARIANCE> 39
 1.563308e+00 5.215773e+00 9.871848e+00 1.759474e+01 1.461472e+01 1.940630e+01 6.191336e+00 1.752968e+01 5.953324e+00 1.517098e+01 1.063297e+01 5.358901e+00 5.000000e-02 1.517486e-01 3.925941e-01 2.716988e-01 2.714103e-01 3.540065e-01 4.838182e-01 8.022717e-01 2.772485e-01 5.209571e-01 2.292242e-01 8.792560e-01 1.902293e-01 5.000000e-02 5.000000e-02 8.391699e-02 5.573604e-01 2.367968e-01 6.718485e-02 1.451139e-01 1.603933e-01 4.525927e-01 4.789009e-01 3.634716e-01 1.305635e-01 5.000000e-02 5.000000e-02
<GCONST> 5.468572e+01
<STATE> 37
<MEAN> 39
 2.078587e+00 -1.773473e+01 -1.595298e+01 -5.418698e+00 8.280632e+00 3.928460e+00 2.531348e+00 -6.293377e+00 2.293634e-02 -1.860816e+00 9.150399e-02 -5.004300e+00 2.865098e-01 -1.843667e-02 7.351118e-01 2.964906e-01 9.197657e-02 2.961119e-01 5.542541e-01 -3.492340e-01 -1.765799e-01 -6.783477e-01 4.700849e-01 1.101435e-01 -7.980507e-01 -6.339349e-03 1.422486e-02 5.429588e-02 1.294808e-02 -2.643785e-01 -3.768721e-01 -1.075132e-01 -2.481484e-01 -4.460871e-02 -9.039209e-02 -1.371315e-01 1.757071e-01 1.836655e-01 2.853294e-03
<VARIANCE> 39
 3.170148e+00 6.761887e+00 1.664269e+01 4.916634e+00 1.136143e+01 8.884626e+00 9.894184e+00 1.465174e+01 2.033299e+01 1.629947e+01 9.717197e+00 8.660750e+00 5.000000e-02 2.241486e-01 4.407578e-01 1.341822e+00 1.038967e+00 2.626715e-01 8.384356e-01 5.506411e-01 1.566257e+00 8.335447e-01 1.166598e+00 9.149899e-01 4.240534e-01 5.000000e-02 5.000000e-02 1.320535e-01 2.556792e-01 1.567491e-01 1.461475e-01 2.770765e-01 1.596718e-01 2.514302e-01 2.093848e-01 1.835948e-01 1.501151e-01 5.000000e-02 5.000000e-02
<GCONST> 6.255884e+01
<STATE> 38
<MEAN> 39
 2.378890e+00 -1.619609e+01 -1.617652e+01 -6.977385e+00 7.482849e+00 2.542426e+00 -1.134372e+00 -6.208176e+00 -2.053803e+00 -1.353377e+00 -7.615146e-01 -6.107557e+00 2.929102e-01 -9.628010e-02 6.665990e-01 7.437538e-01 -3.386458e-03 -4.969585e-01 -6.548090e-01 -8.928580e-01 -4.689008e-01 -8.677706e-01 -1.414932e-01 7.419568e-01 -1.795914e-01 -7.090708e-03 -2.084261e-02 -1.362669e-01 2.838273e-01 2.020067e-01 -1.948697e-01 -2.206064e-01 5.453619e-02 3.088439e-02 2.781681e-01 -3.477821e-01 2.019138e-02 5.700555e-01 -3.041019e-03
<VARIANCE> 39
 1.107907e+00 9.327870e+00 3.171253e+01 8.675283e+00 1.089915e+01 1.590786e+01 1.619322e+01 8.806392e+00 2.270206e+00 5.469903e+00 6.859425e+00 1.314215e+01 5.000000e-02 2.038622e-01 5.245281e-01 1.365567e+00 8.222728e-01 8.513222e-01 1.559245e+00 6.302848e-01 1.271104e+00 3.647365e-01 2.607055e+00 6.171336e-01 1.833370e-01 5.000000e-02 5.000000e-02 8.735505e-02 1.977492e-01 1.537645e-01 2.207749e-01 2.114732e-01 7.207496e-02 2.904121e-01 2.885347e-01 2.646973e-01 2.255568e-01 5.000000e-02 5.000000e-02
<GCONST> 6.057681e+01
<STATE> 39
<MEAN> 39
 1.716915e+00 -1.578940e+01 -1.412257e+01 -5.483783e+00 6.643661e+00 2.070358e+00 4.538871e-02 -6.850031e+00 -2.034234e+00 -1.815747e+00 2.717367e+00 -5.573805e+00 2.627348e-01 -4.468712e-02 4.276102e-01 1.346054e+00 7.971807e-01 -3.375298e-01 -2.178878e-01 -1.871728e-01 -8.322927e-02 3.255208e-01 -5.544268e-01 1.676855e-01 8.331419e-01 -1.594927e-02 -4.587149e-02 -1.342778e-01 8.964912e-03 -3.100229e-03 -4.622055e-02 -2.524406e-02 1.281054e-01 1.272362e-01 3.452466e-01 -8.867992e-02 -1.654177e-01 3.753896e-01 -3.416422e-03
<VARIANCE> 39
 1.420845e+00 4.086166e+00 1.733938e+01 5.330648e+00 6.807071e+00 5.236238e+00 8.002481e+00 2.134031e+01 4.515199e+00 1.311279e+01 5.111285e+00 3.041018e+00 5.000000e-02 1.430908e-01 5.745499e-01 1.377030e+00 7.131025e-01 1.788255e+00 1.249056e+00 2.763117e-01 8.866793e-01 9.865301e-01 1.398707e+00 1.303004e+00 7.958409e-01 5.000000e-02 5.000000e-02 8.065463e-02 1.924506e-01 2.456530e-01 1.585061e-01 1.868503e-01 1.470419e-01 1.700421e-01 9.741281e-02 4.280138e-01 2.566454e-01 1.704229e-01 5.000000e-02
<GCONST> 5.967255e+01
<STATE> 40
<MEAN> 39
 2.449487e+00 -1.490836e+01 -1.165330e+01 -3.358429e+00 7.596213e+00 3.221250e+00 3.652871e-01 -7.088656e+00 -6.779485e-01 -2.866680e+00 3.926997e-01 -2.844184e+00 2.479238e-01 -1.662092e-01 1.873437e-01 8.423959e-01 1.741166e-02 -5.731464e-01 -3.207481e-01 -2.695740e-01 4.523462e-02 5.364357e-01 -4.443527e-01 -1.498407e-01 1.218545e+00 -1.776038e-02 -1.756191e-01 -5.350701e-04 -3.924578e-01 -4.050795e-01 9.001327e-02 -7.706231e-02 -1.365809e-02 -4.740022e-02 -7.830340e-02 1.570000e-01 5.673357e-02 -1.694214e-01 -3.377540e-03
<VARIANCE> 39
 5.342048e-01 4.670095e+00 2.338797e+01 1.697014e+00 1.456545e+01 4.068871e+00 4.904822e+00 1.146319e+01 6.070419e+00 1.287311e+01 1.033956e+01 2.407612e+01 5.000000e-02 2.828275e-01 1.647239e-01 7.717336e-01 1.018487e+00 7.541163e-01 3.360747e-01 1.378246e+00 7.515579e-02 2.461289e-01 8.773466e-01 1.516088e+00 2.040807e+00 5.000000e-02 6.780987e-02 1.929207e-01 3.285812e-01 1.454036e-01 3.574843e-01 1.586793e-01 5.000000e-02 2.884110e-01 3.823224e-01 3.430828e-01 2.378495e-01 1.571005e-01 5.000000e-02
<GCONST> 5.811729e+01
<STATE> 41
<MEAN> 39
 9.516980e-01 -1.578362e+01 -1.233537e+01 -4.643358e+00 5.448617e+00 1.854478e+00 2.858522e-01 -4.995478e+00 -1.352937e+00 -4.353565e+00 3.560291e-01 -6.932259e-01 2.033476e-01 -5.077038e-01 4.730995e-01 8.432478e-02 -5.972716e-01 -3.207406e-01 -3.058849e-01 -2.380072e-01 2.420964e-01 4.981492e-01 -7.380196e-02 2.737710e-01 5.652264e-01 -2.893141e-02 -2.120727e-01 1.706165e-01 -1.490721e-01 -1.984674e-01 3.061447e-01 -4.898144e-02 -6.854364e-02 -1.556987e-01 -7.914292e-02 3.656687e-01 1.192687e-01 -4.353332e-01 -5.203834e-03
<VARIANCE> 39
 1.843841e+00 3.922698e+00 1.931922e+01 1.044046e+01 8.614003e+00 8.458250e+00 1.981083e+01 2.037787e+01 9.430010e+00 1.598914e+01 2.500657e+01 2.618089e+01 5.000000e-02 8.563858e-01 1.470136e+00 1.146017e+00 1.205103e+00 5.580001e-01 3.458132e-01 1.132499e+00 3.849591e-01 9.265618e-01 1.243380e+00 8.308203e-01 8.895431e-01 5.000000e-02 5.000000e-02 7.164872e-02 3.875359e-01 1.526464e-01 2.576053e-01 5.000000e-02 1.020375e-01 1.530395e-01 1.781192e-01 2.015000e-01 3.484247e-01 2.080474e-01 5.000000e-02
<GCONST> 6.675908e+01
<STATE> 42
<MEAN> 39
 1.262794e+00 -1.489704e+01 -1.182782e+01 -5.104605e+00 5.893438e+00 8.458248e-01 -1.664327e+00 -8.038609e+00 2.926608e-01 -1.147976e+00 4.282389e+00 -1.909658e+00 2.030432e-01 -1.008831e+00 3.873312e-01 -1.410572e-01 -5.427228e-01 3.715661e-01 -4.320464e-01 -1.814921e-01 -6.029259e-01 -3.551128e-02 4.472075e-01 4.623338e-01 -7.852163e-02 -3.313498e-02 -4.117671e-01 1.981505e-02 8.185805e-02 4.241699e-02 1.259456e-01 3.694066e-01 3.965632e-01 1.659777e-01 -1.292288e-01 -6.061316e-02 -3.573804e-01 -2.253400e-01 -1.422568e-02
<VARIANCE> 39
 7.300795e+00 6.117628e+00 8.984236e+00 6.546283e+00 7.275539e+00 3.552427e+00 1.595138e+01 5.505154e+00 2.267107e+01 2.323293e+00 1.255572e+01 2.416002e+01 5.000000e-02 5.095425e-01 7.790866e-01 9.949591e-01 3.437535e-01 6.946366e-01 3.549698e-01 7.616406e-01 8.625562e-01 1.336145e+00 9.596969e-01 1.421197e+00 1.159148e+00 5.000000e-02 1.187662e-01 1.985293e-01 3.888476e-01 1.610242e-01 1.340067e-01 2.573048e-01 2.074623e-01 1.086489e-01 2.629867e-01 1.487849e-01 2.747437e-01 2.414832e-01 5.000000e-02
<GCONST> 6.526896e+01
<STATE> 43
<MEAN> 39
 -1.747700e+00 -1.232512e+01 -1.150403e+01 -6.317841e+00 7.216408e+00 -3.496018e-02 -9.412917e-01 -7.071954e+00 -1.704438e-01 -3.361476e+00 1.211134e+00 -2.489537e+00 7.805288e-02 -1.442043e+00 4.165863e-01 1.092468e+00 3.675321e-01 3.926620e-01 7.436774e-01 8.210629e-01 2.650449e-01 -1.217684e-01 -7.578287e-02 -7.101679e-01 8.981771e-02 -5.994921e-02 5.087807e-02 -6.752791e-02 4.536681e-01 4.511574e-01 -9.175245e-02 3.000436e-01 2.428924e-01 2.864986e-01 -1.145250e-01 4.229486e-02 1.124978e-01 1.474537e-01 1.800963e-03
<VARIANCE> 39
 2.930320e+00 1.217115e+00 1.602156e+00 8.374482e+00 1.088887e+01 9.608307e+00 1.243970e+01 1.395938e+01 1.522025e+01 1.526555e+01 1.245045e+01 2.494317e+01 5.000000e-02 2.857316e-01 5.808750e-01 1.455107e+00 5.355113e-01 5.140633e-01 1.785649e+00 7.548014e-01 3.434443e-01 1.178388e+00 9.410048e-01 8.373880e-01 5.149859e-01 5.000000e-02 5.000000e-02 1.598619e-01 1.927650e-01 1.097483e-01 1.234457e-01 7.805897e-02 6.497076e-02 1.395853e-01 1.484441e-01 1.703920e-01 6.932108e-02 1.304401e-01 5.000000e-02
<GCONST> 5.692014e+01
<STATE> 44
<MEAN> 39
 -4.418719e+00 -1.371247e+01 -7.912008e+00 -5.004349e+00 6.954041e+00 3.775902e+00 5.184022e-01 -6.835125e+00 -1.011845e+00 -3.585432e+00 -1.677831e-01 -1.931308e+00 -1.270492e-02 -1.036657e+00 7.979859e-01 1.899585e+00 9.760757e-01 1.679645e-01 8.123725e-01 8.891425e-01 9.592921e-01 -1.722407e-01 -2.433326e-02 9.503657e-03 3.823504e-01 -4.332419e-02 3.571655e-01 1.786625e-01 3.293736e-02 6.386880e-02 -2.559636e-01 -4.799088e-01 -1.938289e-01 9.785299e-03 1.336508e-01 1.539185e-01 3.616842e-01 1.517394e-01 1.319821e-02
<VARIANCE> 39
 2.002798e+00 5.159027e+00 1.807892e+01 7.544062e+00 1.160499e+00 2.864555e+01 2.526778e+00 7.932464e+00 7.548254e+00 8.950714e+00 8.571865e+00 5.555500e+00 5.000000e-02 1.984280e-01 7.680561e-01 1.395677e+00 1.213336e+00 4.303971e-01 1.444067e+00 7.778965e-01 9.390371e-01 5.152733e-01 9.843311e-01 6.816238e-01 7.237971e-01 5.000000e-02 5.000000e-02 1.763519e-01 4.400430e-01 2.308664e-01 1.432654e-01 5.241444e-01 1.558294e-01 1.028298e-01 1.346747e-01 2.639070e-01 9.559482e-02 1.985018e-01 5.000000e-02
<GCONST> 5.994722e+01
<STATE> 45
<MEAN> 39
 -4.852807e+00 -1.228911e+01 -7.757142e+00 -2.793791e+00 8.484374e+00 4.114547e+00 2.566051e+00 -5.900302e+00 -1.710918e+00 -2.457984e+00 2.291685e+00 -1.513450e+00 -1.983818e-02 -3.779860e-01 8.774090e-01 1.237532e+00 5.034696e-01 -2.802345e-01 -3.067953e-01 -1.086465e-01 4.666608e-01 4.532762e-02 2.887210e-01 6.587754e-01 1.254419e-01 -1.902929e-02 2.943164e-01 7.193618e-02 -1.686031e-01 -1.644490e-01 -3.550225e-01 -4.827462e-01 -2.991358e-01 -1.235760e-01 3.422049e-01 1.427865e-01 2.099951e-01 -4.688459e-02 9.918576e-03
<VARIANCE> 39
 2.397003e-01 7.610182e+00 3.853027e+01 9.820763e+00 6.301648e+00 1.234743e+01 1.324299e+01 1.786835e+00 6.847270e+00 1.240735e+01 1.532883e+01 9.069741e+00 5.000000e-02 1.844960e-01 8.514623e-01 3.038997e-01 3.811625e-01 6.891919e-01 1.529476e+00 1.201956e+00 4.702193e-01 3.773052e-01 1.042496e-01 3.644470e-01 8.048956e-01 5.000000e-02 7.259377e-02 1.870541e-01 5.608799e-01 1.801073e-01 5.000000e-02 2.214886e-01 1.120014e-01 1.312010e-01 1.014805e-01 3.486174e-01 1.487324e-01 1.641691e-01 5.000000e-02
<GCONST> 5.476633e+01
<STATE> 46
<MEAN> 39
 -5.265346e+00 -9.362232e+00 -4.298479e+00 -4.183397e+00 6.420429e+00 1.210873e+00 2.289206e+00 -3.392382e+00 1.720575e-01 -1.830834e+00 1.331370e+00 -8.776759e-01 -5.852697e-02 -1.739948e-01 7.520958e-01 7.276769e-01 2.340758e-01 -1.031095e+00 -1.080098e+00 6.679583e-02 4.483284e-02 6.750905e-01 1.209760e+00 7.408502e-01 4.137073e-01 -1.061657e-02 2.373605e-01 -2.159123e-01 -2.950992e-01 -4.872114e-02 -6.948745e-02 -1.810379e-01 -1.746655e-01 -3.112635e-01 1.476125e-01 1.039811e-01 1.113385e-01 -1.491720e-02 1.073879e-02
<VARIANCE> 39
 2.443300e-01 1.393185e+00 1.309458e+01 5.794073e-01 1.239556e+01 4.862274e+00 6.343624e+00 6.345447e+00 7.907938e+00 1.524915e+01 2.214060e+01 6.917789e+00 5.000000e-02 1.062985e-01 6.846306e-01 1.923408e+00 4.298197e-01 2.995112e-01 1.605623e+00 5.083964e-01 1.198866e+00 2.131826e-01 1.732898e+00 3.740287e-01 4.564807e-01 5.000000e-02 5.134863e-02 7.059562e-02 2.014090e-01 1.117894e-01 1.487688e-01 5.000000e-02 8.829922e-02 5.283570e-02 5.000000e-02 1.826323e-01 1.496371e-01 8.851061e-02 5.000000e-02
<GCONST> 4.575309e+01
<TRANSP> 47
 0.000000e+00 1.000000e+00 0.000000e+00 0.000000e+00 0.000000e+00 0.000000e+00 0.000000e+00 0.000000e+00 0.000000e+00 0.000000e+00 0.000000e+00 0.000000e+00 0.000000e+00 0.000000e+00 0.000000e+00 0.000000e+00 0.000000e+00 0.000000e+00 0.000000e+00 0.000000e+00 0.000000e+00 0.000000e+00 0.000000e+00 0.000000e+00 0.000000e+00 0.000000e+00 0.000000e+00 0.000000e+00 0.000000e+00 0.000000e+00 0.000000e+00 0.000000e+00 0.000000e+00 0.000000e+00 0.000000e+00 0.000000e+00 0.000000e+00 0.000000e+00 0.000000e+00 0.000000e+00 0.000000e+00 0.000000e+00 0.000000e+00 0.000000e+00 0.000000e+00 0.000000e+00 0.000000e+00
 0.000000e+00 4.999990e-01 5.000010e-01 0.000000e+00 0.000000e+00 0.000000e+00 0.000000e+00 0.000000e+00 0.000000e+00 0.000000e+00 0.000000e+00 0.000000e+00 0.000000e+00 0.000000e+00 0.000000e+00 0.000000e+00 0.000000e+00 0.000000e+00 0.000000e+00 0.000000e+00 0.000000e+00 0.000000e+00 0.000000e+00 0.000000e+00 0.000000e+00 0.000000e+00 0.000000e+00 0.000000e+00 0.000000e+00 0.000000e+00 0.000000e+00 0.000000e+00 0.000000e+00 0.000000e+00 0.000000e+00 0.000000e+00 0.000000e+00 0.000000e+00 0.000000e+00 0.000000e+00 0.000000e+00 0.000000e+00 0.000000e+00 0.000000e+00 0.000000e+00 0.000000e+00 0.000000e+00
 0.000000e+00 0.000000e+00 2.857033e-01 7.142967e-01 0.000000e+00 0.000000e+00 0.000000e+00 0.000000e+00 0.000000e+00 0.000000e+00 0.000000e+00 0.000000e+00 0.000000e+00 0.000000e+00 0.000000e+00 0.000000e+00 0.000000e+00 0.000000e+00 0.000000e+00 0.000000e+00 0.000000e+00 0.000000e+00 0.000000e+00 0.000000e+00 0.000000e+00 0.000000e+00 0.000000e+00 0.000000e+00 0.000000e+00 0.000000e+00 0.000000e+00 0.000000e+00 0.000000e+00 0.000000e+00 0.000000e+00 0.000000e+00 0.000000e+00 0.000000e+00 0.000000e+00 0.000000e+00 0.000000e+00 0.000000e+00 0.000000e+00 0.000000e+00 0.000000e+00 0.000000e+00 0.000000e+00
 0.000000e+00 0.000000e+00 0.000000e+00 4.444406e-01 5.555595e-01 0.000000e+00 0.000000e+00 0.000000e+00 0.000000e+00 0.000000e+00 0.000000e+00 0.000000e+00 0.000000e+00 0.000000e+00 0.000000e+00 0.000000e+00 0.000000e+00 0.000000e+00 0.000000e+00 0.000000e+00 0.000000e+00 0.000000e+00 0.000000e+00 0.000000e+00 0.000000e+00 0.000000e+00 0.000000e+00 0.000000e+00 0.000000e+00 0.000000e+00 0.000000e+00 0.000000e+00 0.000000e+00 0.000000e+00 0.000000e+00 0.000000e+00 0.000000e+00 0.000000e+00 0.000000e+00 0.000000e+00 0.000000e+00 0.000000e+00 0.000000e+00 0.000000e+00 0.000000e+00 0.000000e+00 0.000000e+00
 0.000000e+00 0.000000e+00 0.000000e+00 0.000000e+00 0.000000e+00 1.000000e+00 0.000000e+00 0.000000e+00 0.000000e+00 0.000000e+00 0.000000e+00 0.000000e+00 0.000000e+00 0.000000e+00 0.000000e+00 0.000000e+00 0.000000e+00 0.000000e+00 0.000000e+00 0.000000e+00 0.000000e+00 0.000000e+00 0.000000e+00 0.000000e+00 0.000000e+00 0.000000e+00 0.000000e+00 0.000000e+00 0.000000e+00 0.000000e+00 0.000000e+00 0.000000e+00 0.000000e+00 0.000000e+00 0.000000e+00 0.000000e+00 0.000000e+00 0.000000e+00 0.000000e+00 0.000000e+00 0.000000e+00 0.000000e+00 0.000000e+00 0.000000e+00 0.000000e+00 0.000000e+00 0.000000e+00
 0.000000e+00 0.000000e+00 0.000000e+00 0.000000e+00 0.000000e+00 2.857185e-01 7.142816e-01 0.000000e+00 0.000000e+00 0.000000e+00 0.000000e+00 0.000000e+00 0.000000e+00 0.000000e+00 0.000000e+00 0.000000e+00 0.000000e+00 0.000000e+00 0.000000e+00 0.000000e+00 0.000000e+00 0.000000e+00 0.000000e+00 0.000000e+00 0.000000e+00 0.000000e+00 0.000000e+00 0.000000e+00 0.000000e+00 0.000000e+00 0.000000e+00 0.000000e+00 0.000000e+00 0.000000e+00 0.000000e+00 0.000000e+00 0.000000e+00 0.000000e+00 0.000000e+00 0.000000e+00 0.000000e+00 0.000000e+00 0.000000e+00 0.000000e+00 0.000000e+00 0.000000e+00 0.000000e+00
 0.000000e+00 0.000000e+00 0.000000e+00 0.000000e+00 0.000000e+00 0.000000e+00 1.666643e-01 8.333357e-01 0.000000e+00 0.000000e+00 0.000000e+00 0.000000e+00 0.000000e+00 0.000000e+00 0.000000e+00 0.000000e+00 0.000000e+00 0.000000e+00 0.000000e+00 0.000000e+00 0.000000e+00 0.000000e+00 0.000000e+00 0.000000e+00 0.000000e+00 0.000000e+00 0.000000e+00 0.000000e+00 0.000000e+00 0.000000e+00 0.000000e+00 0.000000e+00 0.000000e+00 0.000000e+00 0.000000e+00 0.000000e+00 0.000000e+00 0.000000e+00 0.000000e+00 0.000000e+00 0.000000e+00 0.000000e+00 0.000000e+00 0.000000e+00 0.000000e+00 0.000000e+00 0.000000e+00
 0.000000e+00 0.000000e+00 0.000000e+00 0.000000e+00 0.000000e+00 0.000000e+00 0.000000e+00 1.282722e-39 1.000000e+00 0.000000e+00 0.000000e+00 0.000000e+00 0.000000e+00 0.000000e+00 0.000000e+00 0.000000e+00 0.000000e+00 0.000000e+00 0.000000e+00 0.000000e+00 0.000000e+00 0.000000e+00 0.000000e+00 0.000000e+00 0.000000e+00 0.000000e+00 0.000000e+00 0.000000e+00 0.000000e+00 0.000000e+00 0.000000e+00 0.000000e+00 0.000000e+00 0.000000e+00 0.000000e+00 0.000000e+00 0.000000e+00 0.000000e+00 0.000000e+00 0.000000e+00 0.000000e+00 0.000000e+00 0.000000e+00 0.000000e+00 0.000000e+00 0.000000e+00 0.000000e+00
 0.000000e+00 0.000000e+00 0.000000e+00 0.000000e+00 0.000000e+00 0.000000e+00 0.000000e+00 0.000000e+00 5.811483e-01 4.188517e-01 0.000000e+00 0.000000e+00 0.000000e+00 0.000000e+00 0.000000e+00 0.000000e+00 0.000000e+00 0.000000e+00 0.000000e+00 0.000000e+00 0.000000e+00 0.000000e+00 0.000000e+00 0.000000e+00 0.000000e+00 0.000000e+00 0.000000e+00 0.000000e+00 0.000000e+00 0.000000e+00 0.000000e+00 0.000000e+00 0.000000e+00 0.000000e+00 0.000000e+00 0.000000e+00 0.000000e+00 0.000000e+00 0.000000e+00 0.000000e+00 0.000000e+00 0.000000e+00 0.000000e+00 0.000000e+00 0.000000e+00 0.000000e+00 0.000000e+00
 0.000000e+00 0.000000e+00 0.000000e+00 0.000000e+00 0.000000e+00 0.000000e+00 0.000000e+00 0.000000e+00 0.000000e+00 0.000000e+00 1.000000e+00 0.000000e+00 0.000000e+00 0.000000e+00 0.000000e+00 0.000000e+00 0.000000e+00 0.000000e+00 0.000000e+00 0.000000e+00 0.000000e+00 0.000000e+00 0.000000e+00 0.000000e+00 0.000000e+00 0.000000e+00 0.000000e+00 0.000000e+00 0.000000e+00 0.000000e+00 0.000000e+00 0.000000e+00 0.000000e+00 0.000000e+00 0.000000e+00 0.000000e+00 0.000000e+00 0.000000e+00 0.000000e+00 0.000000e+00 0.000000e+00 0.000000e+00 0.000000e+00 0.000000e+00 0.000000e+00 0.000000e+00 0.000000e+00
 0.000000e+00 0.000000e+00 0.000000e+00 0.000000e+00 0.000000e+00 0.000000e+00 0.000000e+00 0.000000e+00 0.000000e+00 0.000000e+00 3.738888e-01 6.261112e-01 0.000000e+00 0.000000e+00 0.000000e+00 0.000000e+00 0.000000e+00 0.000000e+00 0.000000e+00 0.000000e+00 0.000000e+00 0.000000e+00 0.000000e+00 0.000000e+00 0.000000e+00 0.000000e+00 0.000000e+00 0.000000e+00 0.000000e+00 0.000000e+00 0.000000e+00 0.000000e+00 0.000000e+00 0.000000e+00 0.000000e+00 0.000000e+00 0.000000e+00 0.000000e+00 0.000000e+00 0.000000e+00 0.000000e+00 0.000000e+00 0.000000e+00 0.000000e+00 0.000000e+00 0.000000e+00 0.000000e+00
 0.000000e+00 0.000000e+00 0.000000e+00 0.000000e+00 0.000000e+00 0.000000e+00 0.000000e+00 0.000000e+00 0.000000e+00 0.000000e+00 0.000000e+00 2.680702e-01 7.319298e-01 0.000000e+00 0.000000e+00 0.000000e+00 0.000000e+00 0.000000e+00 0.000000e+00 0.000000e+00 0.000000e+00 0.000000e+00 0.000000e+00 0.000000e+00 0.000000e+00 0.000000e+00 0.000000e+00 0.000000e+00 0.000000e+00 0.000000e+00 0.000000e+00 0.000000e+00 0.000000e+00 0.000000e+00 0.000000e+00 0.000000e+00 0.000000e+00 0.000000e+00 0.000000e+00 0.000000e+00 0.000000e+00 0.000000e+00 0.000000e+00 0.000000e+00 0.000000e+00 0.000000e+00 0.000000e+00
 0.000000e+00 0.000000e+00 0.000000e+00 0.000000e+00 0.000000e+00 0.000000e+00 0.000000e+00 0.000000e+00 0.000000e+00 0.000000e+00 0.000000e+00 0.000000e+00 2.866454e-01 7.133545e-01 0.000000e+00 0.000000e+00 0.000000e+00 0.000000e+00 0.000000e+00 0.000000e+00 0.000000e+00 0.000000e+00 0.000000e+00 0.000000e+00 0.000000e+00 0.000000e+00 0.000000e+00 0.000000e+00 0.000000e+00 0.000000e+00 0.000000e+00 0.000000e+00 0.000000e+00 0.000000e+00 0.000000e+00 0.000000e+00 0.000000e+00 0.000000e+00 0.000000e+00 0.000000e+00 0.000000e+00 0.000000e+00 0.000000e+00 0.000000e+00 0.000000e+00 0.000000e+00 0.000000e+00
 0.000000e+00 0.000000e+00 0.000000e+00 0.000000e+00 0.000000e+00 0.000000e+00 0.000000e+00 0.000000e+00 0.000000e+00 0.000000e+00 0.000000e+00 0.000000e+00 0.000000e+00 3.088112e-01 6.911888e-01 0.000000e+00 0.000000e+00 0.000000e+00 0.000000e+00 0.000000e+00 0.000000e+00 0.000000e+00 0.000000e+00 0.000000e+00 0.000000e+00 0.000000e+00 0.000000e+00 0.000000e+00 0.000000e+00 0.000000e+00 0.000000e+00 0.000000e+00 0.000000e+00 0.000000e+00 0.000000e+00 0.000000e+00 0.000000e+00 0.000000e+00 0.000000e+00 0.000000e+00 0.000000e+00 0.000000e+00 0.000000e+00 0.000000e+00 0.000000e+00 0.000000e+00 0.000000e+00
 0.000000e+00 0.000000e+00 0.000000e+00 0.000000e+00 0.000000e+00 0.000000e+00 0.000000e+00 0.000000e+00 0.000000e+00 0.000000e+00 0.000000e+00 0.000000e+00 0.000000e+00 0.000000e+00 2.857842e-01 7.142159e-01 0.000000e+00 0.000000e+00 0.000000e+00 0.000000e+00 0.000000e+00 0.000000e+00 0.000000e+00 0.000000e+00 0.000000e+00 0.000000e+00 0.000000e+00 0.000000e+00 0.000000e+00 0.000000e+00 0.000000e+00 0.000000e+00 0.000000e+00 0.000000e+00 0.000000e+00 0.000000e+00 0.000000e+00 0.000000e+00 0.000000e+00 0.000000e+00 0.000000e+00 0.000000e+00 0.000000e+00 0.000000e+00 0.000000e+00 0.000000e+00 0.000000e+00
 0.000000e+00 0.000000e+00 0.000000e+00 0.000000e+00 0.000000e+00 0.000000e+00 0.000000e+00 0.000000e+00 0.000000e+00 0.000000e+00 0.000000e+00 0.000000e+00 0.000000e+00 0.000000e+00 0.000000e+00 3.361716e-01 6.638284e-01 0.000000e+00 0.000000e+00 0.000000e+00 0.000000e+00 0.000000e+00 0.000000e+00 0.000000e+00 0.000000e+00 0.000000e+00 0.000000e+00 0.000000e+00 0.000000e+00 0.000000e+00 0.000000e+00 0.000000e+00 0.000000e+00 0.000000e+00 0.000000e+00 0.000000e+00 0.000000e+00 0.000000e+00 0.000000e+00 0.000000e+00 0.000000e+00 0.000000e+00 0.000000e+00 0.000000e+00 0.000000e+00 0.000000e+00 0.000000e+00
 0.000000e+00 0.000000e+00 0.000000e+00 0.000000e+00 0.000000e+00 0.000000e+00 0.000000e+00 0.000000e+00 0.000000e+00 0.000000e+00 0.000000e+00 0.000000e+00 0.000000e+00 0.000000e+00 0.000000e+00 0.000000e+00 3.306409e-01 6.693591e-01 0.000000e+00 0.000000e+00 0.000000e+00 0.000000e+00 0.000000e+00 0.000000e+00 0.000000e+00 0.000000e+00 0.000000e+00 0.000000e+00 0.000000e+00 0.000000e+00 0.000000e+00 0.000000e+00 0.000000e+00 0.000000e+00 0.000000e+00 0.000000e+00 0.000000e+00 0.000000e+00 0.000000e+00 0.000000e+00 0.000000e+00 0.000000e+00 0.000000e+00 0.000000e+00 0.000000e+00 0.000000e+00 0.000000e+00
 0.000000e+00 0.000000e+00 0.000000e+00 0.000000e+00 0.000000e+00 0.000000e+00 0.000000e+00 0.000000e+00 0.000000e+00 0.000000e+00 0.000000e+00 0.000000e+00 0.000000e+00 0.000000e+00 0.000000e+00 0.000000e+00 0.000000e+00 4.443580e-01 5.556421e-01 0.000000e+00 0.000000e+00 0.000000e+00 0.000000e+00 0.000000e+00 0.000000e+00 0.000000e+00 0.000000e+00 0.000000e+00 0.000000e+00 0.000000e+00 0.000000e+00 0.000000e+00 0.000000e+00 0.000000e+00 0.000000e+00 0.000000e+00 0.000000e+00 0.000000e+00 0.000000e+00 0.000000e+00 0.000000e+00 0.000000e+00 0.000000e+00 0.000000e+00 0.000000e+00 0.000000e+00 0.000000e+00
 0.000000e+00 0.000000e+00 0.000000e+00 0.000000e+00 0.000000e+00 0.000000e+00 0.000000e+00 0.000000e+00 0.000000e+00 0.000000e+00 0.000000e+00 0.000000e+00 0.000000e+00 0.000000e+00 0.000000e+00 0.000000e+00 0.000000e+00 0.000000e+00 1.669421e-01 8.330578e-01 0.000000e+00 0.000000e+00 0.000000e+00 0.000000e+00 0.000000e+00 0.000000e+00 0.000000e+00 0.000000e+00 0.000000e+00 0.000000e+00 0.000000e+00 0.000000e+00 0.000000e+00 0.000000e+00 0.000000e+00 0.000000e+00 0.000000e+00 0.000000e+00 0.000000e+00 0.000000e+00 0.000000e+00 0.000000e+00 0.000000e+00 0.000000e+00 0.000000e+00 0.000000e+00 0.000000e+00
 0.000000e+00 0.000000e+00 0.000000e+00 0.000000e+00 0.000000e+00 0.000000e+00 0.000000e+00 0.000000e+00 0.000000e+00 0.000000e+00 0.000000e+00 0.000000e+00 0.000000e+00 0.000000e+00 0.000000e+00 0.000000e+00 0.000000e+00 0.000000e+00 0.000000e+00 3.749585e-01 6.250415e-01 0.000000e+00 0.000000e+00 0.000000e+00 0.000000e+00 0.000000e+00 0.000000e+00 0.000000e+00 0.000000e+00 0.000000e+00 0.000000e+00 0.000000e+00 0.000000e+00 0.000000e+00 0.000000e+00 0.000000e+00 0.000000e+00 0.000000e+00 0.000000e+00 0.000000e+00 0.000000e+00 0.000000e+00 0.000000e+00 0.000000e+00 0.000000e+00 0.000000e+00 0.000000e+00
 0.000000e+00 0.000000e+00 0.000000e+00 0.000000e+00 0.000000e+00 0.000000e+00 0.000000e+00 0.000000e+00 0.000000e+00 0.000000e+00 0.000000e+00 0.000000e+00 0.000000e+00 0.000000e+00 0.000000e+00 0.000000e+00 0.000000e+00 0.000000e+00 0.000000e+00 0.000000e+00 0.000000e+00 1.000000e+00 0.000000e+00 0.000000e+00 0.000000e+00 0.000000e+00 0.000000e+00 0.000000e+00 0.000000e+00 0.000000e+00 0.000000e+00 0.000000e+00 0.000000e+00 0.000000e+00 0.000000e+00 0.000000e+00 0.000000e+00 0.000000e+00 0.000000e+00 0.000000e+00 0.000000e+00 0.000000e+00 0.000000e+00 0.000000e+00 0.000000e+00 0.000000e+00 0.000000e+00
 0.000000e+00 0.000000e+00 0.000000e+00 0.000000e+00 0.000000e+00 0.000000e+00 0.000000e+00 0.000000e+00 0.000000e+00 0.000000e+00 0.000000e+00 0.000000e+00 0.000000e+00 0.000000e+00 0.000000e+00 0.000000e+00 0.000000e+00 0.000000e+00 0.000000e+00 0.000000e+00 0.000000e+00 3.749372e-01 6.250628e-01 0.000000e+00 0.000000e+00 0.000000e+00 0.000000e+00 0.000000e+00 0.000000e+00 0.000000e+00 0.000000e+00 0.000000e+00 0.000000e+00 0.000000e+00 0.000000e+00 0.000000e+00 0.000000e+00 0.000000e+00 0.000000e+00 0.000000e+00 0.000000e+00 0.000000e+00 0.000000e+00 0.000000e+00 0.000000e+00 0.000000e+00 0.000000e+00
 0.000000e+00 0.000000e+00 0.000000e+00 0.000000e+00 0.000000e+00 0.000000e+00 0.000000e+00 0.000000e+00 0.000000e+00 0.000000e+00 0.000000e+00 0.000000e+00 0.000000e+00 0.000000e+00 0.000000e+00 0.000000e+00 0.000000e+00 0.000000e+00 0.000000e+00 0.000000e+00 0.000000e+00 0.000000e+00 2.857900e-01 7.142100e-01 0.000000e+00 0.000000e+00 0.000000e+00 0.000000e+00 0.000000e+00 0.000000e+00 0.000000e+00 0.000000e+00 0.000000e+00 0.000000e+00 0.000000e+00 0.000000e+00 0.000000e+00 0.000000e+00 0.000000e+00 0.000000e+00 0.000000e+00 0.000000e+00 0.000000e+00 0.000000e+00 0.000000e+00 0.000000e+00 0.000000e+00
 0.000000e+00 0.000000e+00 0.000000e+00 0.000000e+00 0.000000e+00 0.000000e+00 0.000000e+00 0.000000e+00 0.000000e+00 0.000000e+00 0.000000e+00 0.000000e+00 0.000000e+00 0.000000e+00 0.000000e+00 0.000000e+00 0.000000e+00 0.000000e+00 0.000000e+00 0.000000e+00 0.000000e+00 0.000000e+00 0.000000e+00 2.857033e-01 7.142968e-01 0.000000e+00 0.000000e+00 0.000000e+00 0.000000e+00 0.000000e+00 0.000000e+00 0.000000e+00 0.000000e+00 0.000000e+00 0.000000e+00 0.000000e+00 0.000000e+00 0.000000e+00 0.000000e+00 0.000000e+00 0.000000e+00 0.000000e+00 0.000000e+00 0.000000e+00 0.000000e+00 0.000000e+00 0.000000e+00
 0.000000e+00 0.000000e+00 0.000000e+00 0.000000e+00 0.000000e+00 0.000000e+00 0.000000e+00 0.000000e+00 0.000000e+00 0.000000e+00 0.000000e+00 0.000000e+00 0.000000e+00 0.000000e+00 0.000000e+00 0.000000e+00 0.000000e+00 0.000000e+00 0.000000e+00 0.000000e+00 0.000000e+00 0.000000e+00 0.000000e+00 0.000000e+00 2.857124e-01 7.142876e-01 0.000000e+00 0.000000e+00 0.000000e+00 0.000000e+00 0.000000e+00 0.000000e+00 0.000000e+00 0.000000e+00 0.000000e+00 0.000000e+00 0.000000e+00 0.000000e+00 0.000000e+00 0.000000e+00 0.000000e+00 0.000000e+00 0.000000e+00 0.000000e+00 0.000000e+00 0.000000e+00 0.000000e+00
 0.000000e+00 0.000000e+00 0.000000e+00 0.000000e+00 0.000000e+00 0.000000e+00 0.000000e+00 0.000000e+00 0.000000e+00 0.000000e+00 0.000000e+00 0.000000e+00 0.000000e+00 0.000000e+00 0.000000e+00 0.000000e+00 0.000000e+00 0.000000e+00 0.000000e+00 0.000000e+00 0.000000e+00 0.000000e+00 0.000000e+00 0.000000e+00 0.000000e+00 3.750205e-01 6.249796e-01 0.000000e+00 0.000000e+00 0.000000e+00 0.000000e+00 0.000000e+00 0.000000e+00 0.000000e+00 0.000000e+00 0.000000e+00 0.000000e+00 0.000000e+00 0.000000e+00 0.000000e+00 0.000000e+00 0.000000e+00 0.000000e+00 0.000000e+00 0.000000e+00 0.000000e+00 0.000000e+00
 0.000000e+00 0.000000e+00 0.000000e+00 0.000000e+00 0.000000e+00 0.000000e+00 0.000000e+00 0.000000e+00 0.000000e+00 0.000000e+00 0.000000e+00 0.000000e+00 0.000000e+00 0.000000e+00 0.000000e+00 0.000000e+00 0.000000e+00 0.000000e+00 0.000000e+00 0.000000e+00 0.000000e+00 0.000000e+00 0.000000e+00 0.000000e+00 0.000000e+00 0.000000e+00 2.857154e-01 7.142847e-01 0.000000e+00 0.000000e+00 0.000000e+00 0.000000e+00 0.000000e+00 0.000000e+00 0.000000e+00 0.000000e+00 0.000000e+00 0.000000e+00 0.000000e+00 0.000000e+00 0.000000e+00 0.000000e+00 0.000000e+00 0.000000e+00 0.000000e+00 0.000000e+00 0.000000e+00
 0.000000e+00 0.000000e+00 0.000000e+00 0.000000e+00 0.000000e+00 0.000000e+00 0.000000e+00 0.000000e+00 0.000000e+00 0.000000e+00 0.000000e+00 0.000000e+00 0.000000e+00 0.000000e+00 0.000000e+00 0.000000e+00 0.000000e+00 0.000000e+00 0.000000e+00 0.000000e+00 0.000000e+00 0.000000e+00 0.000000e+00 0.000000e+00 0.000000e+00 0.000000e+00 0.000000e+00 2.857100e-01 7.142900e-01 0.000000e+00 0.000000e+00 0.000000e+00 0.000000e+00 0.000000e+00 0.000000e+00 0.000000e+00 0.000000e+00 0.000000e+00 0.000000e+00 0.000000e+00 0.000000e+00 0.000000e+00 0.000000e+00 0.000000e+00 0.000000e+00 0.000000e+00 0.000000e+00
 0.000000e+00 0.000000e+00 0.000000e+00 0.000000e+00 0.000000e+00 0.000000e+00 0.000000e+00 0.000000e+00 0.000000e+00 0.000000e+00 0.000000e+00 0.000000e+00 0.000000e+00 0.000000e+00 0.000000e+00 0.000000e+00 0.000000e+00 0.000000e+00 0.000000e+00 0.000000e+00 0.000000e+00 0.000000e+00 0.000000e+00 0.000000e+00 0.000000e+00 0.000000e+00 0.000000e+00 0.000000e+00 2.849686e-01 7.150313e-01 0.000000e+00 0.000000e+00 0.000000e+00 0.000000e+00 0.000000e+00 0.000000e+00 0.000000e+00 0.000000e+00 0.000000e+00 0.000000e+00 0.000000e+00 0.000000e+00 0.000000e+00 0.000000e+00 0.000000e+00 0.000000e+00 0.000000e+00
 0.000000e+00 0.000000e+00 0.000000e+00 0.000000e+00 0.000000e+00 0.000000e+00 0.000000e+00 0.000000e+00 0.000000e+00 0.000000e+00 0.000000e+00 0.000000e+00 0.000000e+00 0.000000e+00 0.000000e+00 0.000000e+00 0.000000e+00 0.000000e+00 0.000000e+00 0.000000e+00 0.000000e+00 0.000000e+00 0.000000e+00 0.000000e+00 0.000000e+00 0.000000e+00 0.000000e+00 0.000000e+00 0.000000e+00 3.755700e-01 6.244300e-01 0.000000e+00 0.000000e+00 0.000000e+00 0.000000e+00 0.000000e+00 0.000000e+00 0.000000e+00 0.000000e+00 0.000000e+00 0.000000e+00 0.000000e+00 0.000000e+00 0.000000e+00 0.000000e+00 0.000000e+00 0.000000e+00
 0.000000e+00 0.000000e+00 0.000000e+00 0.000000e+00 0.000000e+00 0.000000e+00 0.000000e+00 0.000000e+00 0.000000e+00 0.000000e+00 0.000000e+00 0.000000e+00 0.000000e+00 0.000000e+00 0.000000e+00 0.000000e+00 0.000000e+00 0.000000e+00 0.000000e+00 0.000000e+00 0.000000e+00 0.000000e+00 0.000000e+00 0.000000e+00 0.000000e+00 0.000000e+00 0.000000e+00 0.000000e+00 0.000000e+00 0.000000e+00 0.000000e+00 1.000000e+00 0.000000e+00 0.000000e+00 0.000000e+00 0.000000e+00 0.000000e+00 0.000000e+00 0.000000e+00 0.000000e+00 0.000000e+00 0.000000e+00 0.000000e+00 0.000000e+00 0.000000e+00 0.000000e+00 0.000000e+00
 0.000000e+00 0.000000e+00 0.000000e+00 0.000000e+00 0.000000e+00 0.000000e+00 0.000000e+00 0.000000e+00 0.000000e+00 0.000000e+00 0.000000e+00 0.000000e+00 0.000000e+00 0.000000e+00 0.000000e+00 0.000000e+00 0.000000e+00 0.000000e+00 0.000000e+00 0.000000e+00 0.000000e+00 0.000000e+00 0.000000e+00 0.000000e+00 0.000000e+00 0.000000e+00 0.000000e+00 0.000000e+00 0.000000e+00 0.000000e+00 0.000000e+00 5.454537e-01 4.545464e-01 0.000000e+00 0.000000e+00 0.000000e+00 0.000000e+00 0.000000e+00 0.000000e+00 0.000000e+00 0.000000e+00 0.000000e+00 0.000000e+00 0.000000e+00 0.000000e+00 0.000000e+00 0.000000e+00
 0.000000e+00 0.000000e+00 0.000000e+00 0.000000e+00 0.000000e+00 0.000000e+00 0.000000e+00 0.000000e+00 0.000000e+00 0.000000e+00 0.000000e+00 0.000000e+00 0.000000e+00 0.000000e+00 0.000000e+00 0.000000e+00 0.000000e+00 0.000000e+00 0.000000e+00 0.000000e+00 0.000000e+00 0.000000e+00 0.000000e+00 0.000000e+00 0.000000e+00 0.000000e+00 0.000000e+00 0.000000e+00 0.000000e+00 0.000000e+00 0.000000e+00 0.000000e+00 8.169140e-32 1.000000e+00 0.000000e+00 0.000000e+00 0.000000e+00 0.000000e+00 0.000000e+00 0.000000e+00 0.000000e+00 0.000000e+00 0.000000e+00 0.000000e+00 0.000000e+00 0.000000e+00 0.000000e+00
 0.000000e+00 0.000000e+00 0.000000e+00 0.000000e+00 0.000000e+00 0.000000e+00 0.000000e+00 0.000000e+00 0.000000e+00 0.000000e+00 0.000000e+00 0.000000e+00 0.000000e+00 0.000000e+00 0.000000e+00 0.000000e+00 0.000000e+00 0.000000e+00 0.000000e+00 0.000000e+00 0.000000e+00 0.000000e+00 0.000000e+00 0.000000e+00 0.000000e+00 0.000000e+00 0.000000e+00 0.000000e+00 0.000000e+00 0.000000e+00 0.000000e+00 0.000000e+00 0.000000e+00 2.853747e-01 7.146254e-01 0.000000e+00 0.000000e+00 0.000000e+00 0.000000e+00 0.000000e+00 0.000000e+00 0.000000e+00 0.000000e+00 0.000000e+00 0.000000e+00 0.000000e+00 0.000000e+00
 0.000000e+00 0.000000e+00 0.000000e+00 0.000000e+00 0.000000e+00 0.000000e+00 0.000000e+00 0.000000e+00 0.000000e+00 0.000000e+00 0.000000e+00 0.000000e+00 0.000000e+00 0.000000e+00 0.000000e+00 0.000000e+00 0.000000e+00 0.000000e+00 0.000000e+00 0.000000e+00 0.000000e+00 0.000000e+00 0.000000e+00 0.000000e+00 0.000000e+00 0.000000e+00 0.000000e+00 0.000000e+00 0.000000e+00 0.000000e+00 0.000000e+00 0.000000e+00 0.000000e+00 0.000000e+00 3.752598e-01 6.247402e-01 0.000000e+00 0.000000e+00 0.000000e+00 0.000000e+00 0.000000e+00 0.000000e+00 0.000000e+00 0.000000e+00 0.000000e+00 0.000000e+00 0.000000e+00
 0.000000e+00 0.000000e+00 0.000000e+00 0.000000e+00 0.000000e+00 0.000000e+00 0.000000e+00 0.000000e+00 0.000000e+00 0.000000e+00 0.000000e+00 0.000000e+00 0.000000e+00 0.000000e+00 0.000000e+00 0.000000e+00 0.000000e+00 0.000000e+00 0.000000e+00 0.000000e+00 0.000000e+00 0.000000e+00 0.000000e+00 0.000000e+00 0.000000e+00 0.000000e+00 0.000000e+00 0.000000e+00 0.000000e+00 0.000000e+00 0.000000e+00 0.000000e+00 0.000000e+00 0.000000e+00 0.000000e+00 0.000000e+00 1.000000e+00 0.000000e+00 0.000000e+00 0.000000e+00 0.000000e+00 0.000000e+00 0.000000e+00 0.000000e+00 0.000000e+00 0.000000e+00 0.000000e+00
 0.000000e+00 0.000000e+00 0.000000e+00 0.000000e+00 0.000000e+00 0.000000e+00 0.000000e+00 0.000000e+00 0.000000e+00 0.000000e+00 0.000000e+00 0.000000e+00 0.000000e+00 0.000000e+00 0.000000e+00 0.000000e+00 0.000000e+00 0.000000e+00 0.000000e+00 0.000000e+00 0.000000e+00 0.000000e+00 0.000000e+00 0.000000e+00 0.000000e+00 0.000000e+00 0.000000e+00 0.000000e+00 0.000000e+00 0.000000e+00 0.000000e+00 0.000000e+00 0.000000e+00 0.000000e+00 0.000000e+00 0.000000e+00 4.999994e-01 5.000006e-01 0.000000e+00 0.000000e+00 0.000000e+00 0.000000e+00 0.000000e+00 0.000000e+00 0.000000e+00 0.000000e+00 0.000000e+00
 0.000000e+00 0.000000e+00 0.000000e+00 0.000000e+00 0.000000e+00 0.000000e+00 0.000000e+00 0.000000e+00 0.000000e+00 0.000000e+00 0.000000e+00 0.000000e+00 0.000000e+00 0.000000e+00 0.000000e+00 0.000000e+00 0.000000e+00 0.000000e+00 0.000000e+00 0.000000e+00 0.000000e+00 0.000000e+00 0.000000e+00 0.000000e+00 0.000000e+00 0.000000e+00 0.000000e+00 0.000000e+00 0.000000e+00 0.000000e+00 0.000000e+00 0.000000e+00 0.000000e+00 0.000000e+00 0.000000e+00 0.000000e+00 0.000000e+00 0.000000e+00 1.000000e+00 0.000000e+00 0.000000e+00 0.000000e+00 0.000000e+00 0.000000e+00 0.000000e+00 0.000000e+00 0.000000e+00
 0.000000e+00 0.000000e+00 0.000000e+00 0.000000e+00 0.000000e+00 0.000000e+00 0.000000e+00 0.000000e+00 0.000000e+00 0.000000e+00 0.000000e+00 0.000000e+00 0.000000e+00 0.000000e+00 0.000000e+00 0.000000e+00 0.000000e+00 0.000000e+00 0.000000e+00 0.000000e+00 0.000000e+00 0.000000e+00 0.000000e+00 0.000000e+00 0.000000e+00 0.000000e+00 0.000000e+00 0.000000e+00 0.000000e+00 0.000000e+00 0.000000e+00 0.000000e+00 0.000000e+00 0.000000e+00 0.000000e+00 0.000000e+00 0.000000e+00 0.000000e+00 5.000006e-01 4.999994e-01 0.000000e+00 0.000000e+00 0.000000e+00 0.000000e+00 0.000000e+00 0.000000e+00 0.000000e+00
 0.000000e+00 0.000000e+00 0.000000e+00 0.000000e+00 0.000000e+00 0.000000e+00 0.000000e+00 0.000000e+00 0.000000e+00 0.000000e+00 0.000000e+00 0.000000e+00 0.000000e+00 0.000000e+00 0.000000e+00 0.000000e+00 0.000000e+00 0.000000e+00 0.000000e+00 0.000000e+00 0.000000e+00 0.000000e+00 0.000000e+00 0.000000e+00 0.000000e+00 0.000000e+00 0.000000e+00 0.000000e+00 0.000000e+00 0.000000e+00 0.000000e+00 0.000000e+00 0.000000e+00 0.000000e+00 0.000000e+00 0.000000e+00 0.000000e+00 0.000000e+00 0.000000e+00 0.000000e+00 1.000000e+00 0.000000e+00 0.000000e+00 0.000000e+00 0.000000e+00 0.000000e+00 0.000000e+00
 0.000000e+00 0.000000e+00 0.000000e+00 0.000000e+00 0.000000e+00 0.000000e+00 0.000000e+00 0.000000e+00 0.000000e+00 0.000000e+00 0.000000e+00 0.000000e+00 0.000000e+00 0.000000e+00 0.000000e+00 0.000000e+00 0.000000e+00 0.000000e+00 0.000000e+00 0.000000e+00 0.000000e+00 0.000000e+00 0.000000e+00 0.000000e+00 0.000000e+00 0.000000e+00 0.000000e+00 0.000000e+00 0.000000e+00 0.000000e+00 0.000000e+00 0.000000e+00 0.000000e+00 0.000000e+00 0.000000e+00 0.000000e+00 0.000000e+00 0.000000e+00 0.000000e+00 0.000000e+00 1.666693e-01 8.333307e-01 0.000000e+00 0.000000e+00 0.000000e+00 0.000000e+00 0.000000e+00
 0.000000e+00 0.000000e+00 0.000000e+00 0.000000e+00 0.000000e+00 0.000000e+00 0.000000e+00 0.000000e+00 0.000000e+00 0.000000e+00 0.000000e+00 0.000000e+00 0.000000e+00 0.000000e+00 0.000000e+00 0.000000e+00 0.000000e+00 0.000000e+00 0.000000e+00 0.000000e+00 0.000000e+00 0.000000e+00 0.000000e+00 0.000000e+00 0.000000e+00 0.000000e+00 0.000000e+00 0.000000e+00 0.000000e+00 0.000000e+00 0.000000e+00 0.000000e+00 0.000000e+00 0.000000e+00 0.000000e+00 0.000000e+00 0.000000e+00 0.000000e+00 0.000000e+00 0.000000e+00 0.000000e+00 4.444517e-01 5.555484e-01 0.000000e+00 0.000000e+00 0.000000e+00 0.000000e+00
 0.000000e+00 0.000000e+00 0.000000e+00 0.000000e+00 0.000000e+00 0.000000e+00 0.000000e+00 0.000000e+00 0.000000e+00 0.000000e+00 0.000000e+00 0.000000e+00 0.000000e+00 0.000000e+00 0.000000e+00 0.000000e+00 0.000000e+00 0.000000e+00 0.000000e+00 0.000000e+00 0.000000e+00 0.000000e+00 0.000000e+00 0.000000e+00 0.000000e+00 0.000000e+00 0.000000e+00 0.000000e+00 0.000000e+00 0.000000e+00 0.000000e+00 0.000000e+00 0.000000e+00 0.000000e+00 0.000000e+00 0.000000e+00 0.000000e+00 0.000000e+00 0.000000e+00 0.000000e+00 0.000000e+00 0.000000e+00 3.749875e-01 6.250126e-01 0.000000e+00 0.000000e+00 0.000000e+00
 0.000000e+00 0.000000e+00 0.000000e+00 0.000000e+00 0.000000e+00 0.000000e+00 0.000000e+00 0.000000e+00 0.000000e+00 0.000000e+00 0.000000e+00 0.000000e+00 0.000000e+00 0.000000e+00 0.000000e+00 0.000000e+00 0.000000e+00 0.000000e+00 0.000000e+00 0.000000e+00 0.000000e+00 0.000000e+00 0.000000e+00 0.000000e+00 0.000000e+00 0.000000e+00 0.000000e+00 0.000000e+00 0.000000e+00 0.000000e+00 0.000000e+00 0.000000e+00 0.000000e+00 0.000000e+00 0.000000e+00 0.000000e+00 0.000000e+00 0.000000e+00 0.000000e+00 0.000000e+00 0.000000e+00 0.000000e+00 0.000000e+00 2.857168e-01 7.142832e-01 0.000000e+00 0.000000e+00
 0.000000e+00 0.000000e+00 0.000000e+00 0.000000e+00 0.000000e+00 0.000000e+00 0.000000e+00 0.000000e+00 0.000000e+00 0.000000e+00 0.000000e+00 0.000000e+00 0.000000e+00 0.000000e+00 0.000000e+00 0.000000e+00 0.000000e+00 0.000000e+00 0.000000e+00 0.000000e+00 0.000000e+00 0.000000e+00 0.000000e+00 0.000000e+00 0.000000e+00 0.000000e+00 0.000000e+00 0.000000e+00 0.000000e+00 0.000000e+00 0.000000e+00 0.000000e+00 0.000000e+00 0.000000e+00 0.000000e+00 0.000000e+00 0.000000e+00 0.000000e+00 0.000000e+00 0.000000e+00 0.000000e+00 0.000000e+00 0.000000e+00 0.000000e+00 1.666643e-01 8.333356e-01 0.000000e+00
 0.000000e+00 0.000000e+00 0.000000e+00 0.000000e+00 0.000000e+00 0.000000e+00 0.000000e+00 0.000000e+00 0.000000e+00 0.000000e+00 0.000000e+00 0.000000e+00 0.000000e+00 0.000000e+00 0.000000e+00 0.000000e+00 0.000000e+00 0.000000e+00 0.000000e+00 0.000000e+00 0.000000e+00 0.000000e+00 0.000000e+00 0.000000e+00 0.000000e+00 0.000000e+00 0.000000e+00 0.000000e+00 0.000000e+00 0.000000e+00 0.000000e+00 0.000000e+00 0.000000e+00 0.000000e+00 0.000000e+00 0.000000e+00 0.000000e+00 0.000000e+00 0.000000e+00 0.000000e+00 0.000000e+00 0.000000e+00 0.000000e+00 0.000000e+00 0.000000e+00 0.000000e+00 1.000000e+00
 0.000000e+00 0.000000e+00 0.000000e+00 0.000000e+00 0.000000e+00 0.000000e+00 0.000000e+00 0.000000e+00 0.000000e+00 0.000000e+00 0.000000e+00 0.000000e+00 0.000000e+00 0.000000e+00 0.000000e+00 0.000000e+00 0.000000e+00 0.000000e+00 0.000000e+00 0.000000e+00 0.000000e+00 0.000000e+00 0.000000e+00 0.000000e+00 0.000000e+00 0.000000e+00 0.000000e+00 0.000000e+00 0.000000e+00 0.000000e+00 0.000000e+00 0.000000e+00 0.000000e+00 0.000000e+00 0.000000e+00 0.000000e+00 0.000000e+00 0.000000e+00 0.000000e+00 0.000000e+00 0.000000e+00 0.000000e+00 0.000000e+00 0.000000e+00 0.000000e+00 0.000000e+00 0.000000e+00
<ENDHMM>
