~o
<STREAMINFO> 1 39
<VECSIZE> 39<NULLD><MFCC_E_D_A><DIAGC>
~h "To*i"
<BEGINHMM>
<NUMSTATES> 12
<STATE> 2
<MEAN> 39
 -7.417238e+00 -7.923040e+00 -3.834848e+00 -3.961475e+00 7.594780e-01 -5.360857e+00 1.532077e+00 2.366226e-01 2.431952e+00 -3.621415e+00 7.934954e-01 -1.490515e+00 1.482055e-01 -2.941671e-01 -1.083370e+00 -2.532762e+00 -1.444422e+00 -2.675098e-01 -1.393842e+00 1.212348e+00 9.305884e-01 1.116456e+00 -1.233072e+00 -1.079600e+00 -4.928096e-01 1.405143e-01 9.764587e-02 -7.479257e-01 -7.071010e-01 -2.866414e-01 6.587186e-02 -3.895084e-01 3.375022e-01 -1.856846e-01 1.891735e-01 -2.125965e-01 -2.351871e-01 -2.061306e-01 3.026490e-02
<VARIANCE> 39
 1.434969e+01 1.181638e+01 2.870603e+01 2.648302e+01 1.330610e+01 1.919590e+01 1.578516e+01 2.593261e+01 2.267867e+01 1.228949e+01 1.528379e+01 1.046949e+01 9.430861e-02 1.533466e+00 5.499894e+00 5.582385e+00 2.859594e+00 1.756341e+00 2.516083e+00 1.457003e+00 2.076985e+00 4.693422e+00 9.637526e-01 1.895450e+00 1.353327e+00 5.000000e-02 3.646084e-01 7.866669e-01 6.535235e-01 5.057252e-01 3.725621e-01 2.886444e-01 1.935358e-01 7.950336e-01 9.764383e-01 1.885698e-01 3.178632e-01 2.408653e-01 5.000000e-02
<GCONST> 9.658198e+01
<STATE> 3
<MEAN> 39
 -6.226789e+00 -2.204856e+01 -1.851741e+01 -1.034134e+01 2.463381e+00 -1.309389e+01 1.002074e+01 -6.411985e-01 6.830559e+00 -9.476483e+00 -4.835176e+00 -5.049643e+00 8.989912e-01 7.167316e-01 -2.585181e+00 -9.258515e-01 -2.671649e-01 2.142502e+00 -1.112448e-01 1.057940e+00 -2.001719e+00 -1.025802e+00 2.513898e-01 -3.664459e-01 -9.189942e-01 6.865994e-02 -2.822586e-02 9.975436e-01 1.047279e+00 2.345920e-01 2.341567e-01 7.524138e-01 -6.250123e-01 -2.673405e-01 -3.520649e-01 7.367437e-01 2.615260e-01 1.226453e-01 -4.457073e-02
<VARIANCE> 39
 1.099344e+01 1.552023e+01 2.946993e+01 2.451975e+01 3.006604e+01 1.330799e+01 2.079575e+01 7.977683e+00 2.744812e+01 9.045155e+00 1.133669e+01 3.753070e+00 5.000000e-02 1.083698e+00 4.138278e+00 4.136693e+00 1.701395e+00 1.426539e+00 1.692475e+00 2.494000e+00 1.245414e+00 1.380867e+00 2.794892e+00 2.279399e+00 6.120285e-01 5.000000e-02 2.401858e-01 3.371344e-01 5.707234e-01 5.008952e-01 7.745749e-01 2.113817e-01 1.785065e-01 3.234264e-01 8.914638e-01 1.629451e-01 4.975928e-01 1.556979e-01 5.000000e-02
<GCONST> 8.901652e+01
<STATE> 4
<MEAN> 39
 -3.939633e+00 -2.196618e+01 -1.873750e+01 -1.376120e+01 9.877278e+00 -8.915012e+00 7.951558e+00 -6.663986e+00 7.633577e+00 -1.805929e+00 -7.660068e+00 -7.506894e+00 9.700024e-01 2.512253e-01 2.196940e-01 -1.597687e-03 -7.445936e-01 2.995785e-01 8.195293e-01 -1.081814e+00 1.538677e-01 1.009628e+00 1.237247e+00 -1.049221e+00 -3.981643e-01 5.917212e-03 -6.985823e-02 5.714172e-02 3.064511e-02 3.596230e-02 -2.790634e-01 -4.836892e-02 -3.867725e-02 4.107075e-01 7.274959e-02 -2.929711e-01 -8.098724e-02 4.312440e-02 -2.756833e-03
<VARIANCE> 39
 4.518326e+00 1.111639e+01 2.986052e+01 1.824235e+01 1.996362e+01 1.594354e+01 3.413863e+01 7.455399e+00 2.257723e+01 2.539618e+01 1.039731e+01 4.913225e+00 5.000000e-02 1.943933e-01 2.090345e-01 4.333786e-01 6.780760e-01 1.026236e+00 3.251188e-01 1.747139e+00 1.727534e+00 7.879294e-01 1.171978e+00 9.178252e-01 2.901285e-01 5.000000e-02 5.000000e-02 8.214445e-02 9.584235e-02 1.507207e-01 1.414145e-01 9.137088e-02 4.414829e-01 1.796644e-01 4.047157e-01 3.307174e-01 2.332337e-01 6.027089e-02 5.000000e-02
<GCONST> 6.577935e+01
<STATE> 5
<MEAN> 39
 -4.261597e+00 -2.109846e+01 -1.599018e+01 -1.817833e+01 5.982979e+00 -4.461150e+00 3.416836e+00 -8.371493e-01 8.632504e+00 -2.193312e+00 -1.306377e+01 -6.722493e+00 9.447953e-01 -1.014299e-01 1.974425e-01 3.133521e-01 -9.322477e-02 -1.022505e+00 -6.736215e-01 6.067582e-01 6.373333e-01 -9.785641e-01 -1.027316e+00 -6.259586e-02 1.019072e+00 -1.526239e-02 7.109166e-03 -6.230301e-02 7.546079e-02 1.544869e-01 -1.680486e-01 -4.679529e-01 2.311424e-01 -1.644368e-02 -6.017157e-02 5.136418e-03 2.742332e-01 1.625823e-01 -2.068424e-03
<VARIANCE> 39
 4.859499e+00 1.422998e+01 2.860522e+01 1.781309e+01 1.682637e+01 3.792938e+01 3.874155e+01 1.438671e+01 2.261253e+01 1.463821e+01 9.388464e+00 1.106345e+01 5.000000e-02 2.224300e-01 1.384334e+00 7.116727e-01 1.036502e+00 1.802249e+00 3.271825e+00 9.850884e-01 1.480769e+00 1.491940e+00 1.255300e+00 6.704283e-01 5.340230e-01 5.000000e-02 5.000000e-02 2.977028e-01 1.029283e-01 1.726706e-01 3.099828e-01 4.706731e-01 2.827988e-01 3.562865e-01 4.996291e-01 2.026953e-01 1.540144e-01 1.515900e-01 5.000000e-02
<GCONST> 7.815239e+01
<STATE> 6
<MEAN> 39
 -4.232032e+00 -2.047175e+01 -1.386783e+01 -1.460252e+01 -1.935258e+00 -1.777082e+01 1.105107e+01 2.604915e+00 5.358658e+00 -5.144482e+00 -8.819924e+00 -3.091165e+00 8.649774e-01 -8.321971e-02 3.041708e-02 1.525481e+00 -9.877855e-02 -1.465136e+00 -1.759068e+00 1.407907e+00 1.550609e-01 -1.654541e-01 9.386095e-01 1.019588e+00 -1.627807e+00 -6.317294e-03 -7.815970e-02 9.484003e-02 2.603742e-01 -4.831719e-01 3.661634e-01 7.283418e-01 -9.759168e-02 -5.338889e-01 -2.598415e-01 4.515357e-01 -3.662325e-01 -6.966192e-01 -1.378434e-03
<VARIANCE> 39
 5.947282e+00 6.724103e+00 3.770766e+01 1.976103e+01 2.932060e+01 5.228449e+01 3.755146e+01 1.793405e+01 4.593714e+00 1.708565e+01 1.775589e+01 2.070481e+01 5.000000e-02 1.167807e-01 5.488265e-01 3.014041e-01 1.674718e+00 1.169239e+00 3.542984e+00 2.377896e+00 1.900831e+00 1.145167e+00 2.102470e+00 1.751503e+00 4.374088e+00 5.000000e-02 5.000000e-02 1.147847e-01 5.267185e-02 2.262221e-01 3.291278e-01 3.970559e-01 3.076317e-01 3.621534e-01 3.076764e-01 4.527948e-01 4.483584e-01 6.654439e-01 5.000000e-02
<GCONST> 8.252286e+01
<STATE> 7
<MEAN> 39
 -6.436648e+00 -2.055650e+01 -3.917912e+00 -2.063831e+01 -3.730261e+00 -1.639010e+01 1.227468e+01 -1.506106e+00 2.536995e+00 1.734565e+00 -1.080493e+01 -9.947052e+00 7.554911e-01 -3.772568e-01 -1.266040e-01 1.440659e+00 -9.945011e-01 -1.221475e-01 9.170706e-01 -9.406167e-01 -8.293552e-01 1.743435e-01 1.476650e+00 -5.413809e-01 1.179355e+00 -4.555200e-02 3.685014e-01 -1.222842e-01 -5.493610e-01 5.373810e-01 -2.074902e-01 2.984426e-01 -5.093066e-01 2.821932e-01 4.768257e-01 -2.599278e-01 1.789926e-01 7.288573e-01 -7.569820e-03
<VARIANCE> 39
 1.156656e+01 1.208936e+01 3.103829e+01 1.840298e+01 1.237077e+01 4.205124e+01 2.313291e+01 1.808007e+01 3.514614e+01 1.949654e+01 1.418710e+01 2.717223e+01 5.000000e-02 1.046934e+00 1.669025e+00 2.065781e+00 1.789561e+00 7.599257e-01 1.590058e+00 2.017694e+00 3.121295e+00 4.605898e+00 1.645448e+00 2.066331e+00 3.873526e+00 5.000000e-02 3.730951e-01 3.032863e-01 3.968978e-01 7.285363e-01 2.047191e-01 4.682977e-01 4.425097e-01 5.271397e-01 7.447147e-01 7.284756e-01 3.118529e-01 8.225846e-01 5.000000e-02
<GCONST> 9.756084e+01
<STATE> 8
<MEAN> 39
 -9.310194e-01 -2.328611e+01 -5.485325e+00 -1.537062e+01 -7.639896e+00 -7.655465e+00 3.492623e+00 -1.927332e+00 6.246886e+00 1.787741e+00 -1.095038e+01 -2.437487e+00 4.875624e-01 2.135480e+00 -6.215258e-01 -1.660285e+00 3.415979e+00 -5.653479e-01 2.026332e+00 -1.230650e+00 3.365863e-01 3.609011e-01 -2.267586e+00 4.877970e-01 -2.475718e-01 -4.861032e-02 -1.949213e-01 2.193230e-01 -4.200909e-02 2.010152e-01 4.298110e-01 -4.601058e-01 4.586451e-01 1.755497e-02 -3.893065e-01 -2.137909e-01 1.701498e-01 -4.851319e-01 7.896554e-03
<VARIANCE> 39
 1.469952e+01 9.001261e+00 1.524618e+01 4.755082e+01 1.678740e+01 3.523785e+01 1.957612e+01 1.582153e+01 1.334074e+01 3.175655e+01 1.676105e+01 1.355752e+01 5.000000e-02 9.829788e-01 1.637675e+00 1.110648e+00 2.503696e+00 3.570052e+00 3.653554e+00 2.813677e+00 2.287226e+00 1.299939e+00 1.413911e+00 1.400054e+00 1.906912e+00 5.000000e-02 4.823311e-01 3.562509e-01 4.324879e-01 1.085905e+00 4.571415e-01 8.066506e-01 4.120155e-01 4.805883e-01 1.839060e-01 1.164611e+00 2.435139e-01 4.163836e-01 5.000000e-02
<GCONST> 9.631049e+01
<STATE> 9
<MEAN> 39
 2.014235e+00 -2.323562e+01 -1.105363e+01 -5.947912e+00 -6.896528e+00 -7.816351e+00 3.688456e+00 3.280580e-01 5.154655e+00 -2.874017e+00 -7.187506e+00 -4.716093e+00 3.519683e-01 7.562725e-03 8.093956e-01 -3.369632e-01 1.185624e+00 8.732334e-01 -7.737825e-01 1.218585e-01 3.113485e-01 -3.590760e-01 4.222514e-01 9.293936e-01 -2.978587e-01 -2.347868e-02 -1.660294e-01 1.641546e-01 4.222143e-01 -3.615795e-01 1.427709e-01 6.921849e-02 2.405084e-02 -9.160223e-02 1.269144e-01 2.679840e-01 -5.797304e-02 9.982777e-02 2.528060e-03
<VARIANCE> 39
 2.762331e+00 9.067765e+00 1.428718e+01 7.727260e+00 9.652786e+00 1.110962e+01 2.474091e+00 1.624862e+01 8.608846e+00 9.163980e+00 5.216424e+00 7.384259e+00 5.000000e-02 2.533632e-01 7.084805e-01 1.254648e+00 4.879250e-01 5.149550e-01 1.222949e+00 6.496827e-01 1.272904e+00 8.987381e-01 1.315011e+00 7.616593e-01 4.833080e-01 5.000000e-02 7.932553e-02 1.298858e-01 1.627359e-01 1.030165e-01 1.445821e-01 4.396698e-01 7.970865e-02 3.336074e-01 1.602991e-01 5.199057e-01 1.311974e-01 7.190256e-02 5.000000e-02
<GCONST> 6.111522e+01
<STATE> 10
<MEAN> 39
 1.179043e+00 -1.767331e+01 -8.810240e+00 -2.765045e+00 -1.393307e+00 -6.505596e+00 2.719853e+00 1.150617e-01 3.615737e+00 -2.561507e+00 -4.400228e+00 -5.076845e+00 2.417799e-01 -4.685613e-01 6.523148e-01 2.601936e-01 5.527615e-03 4.806673e-01 4.732851e-01 -2.972077e-02 8.753145e-02 -1.868572e-01 -1.276546e-01 2.043795e-01 1.900702e-01 -2.383587e-02 -1.386299e-01 -1.179585e-02 2.450134e-02 -9.177163e-02 -1.174505e-01 6.684261e-02 -2.957247e-02 -1.482303e-05 2.278091e-02 4.663672e-02 -4.506189e-02 9.303984e-02 -3.685465e-03
<VARIANCE> 39
 4.022938e+00 8.904059e+00 1.046314e+01 5.938289e+00 1.360517e+01 8.406090e+00 1.152999e+01 1.234021e+01 1.327764e+01 1.226679e+01 1.066095e+01 6.857880e+00 5.000000e-02 5.826787e-01 6.852940e-01 8.713704e-01 6.840966e-01 1.340724e+00 1.166294e+00 1.114362e+00 1.673439e+00 1.492820e+00 1.940848e+00 9.388704e-01 6.600962e-01 5.000000e-02 1.165519e-01 1.474783e-01 1.583758e-01 1.825082e-01 3.450886e-01 2.279128e-01 3.251331e-01 3.833252e-01 3.056527e-01 4.402124e-01 2.236853e-01 1.090842e-01 5.000000e-02
<GCONST> 7.174885e+01
<STATE> 11
<MEAN> 39
 -3.557368e+00 -1.272013e+01 -5.264858e+00 -2.970829e+00 -2.581396e-02 -4.005227e+00 1.852586e+00 2.587211e-01 3.524272e+00 -2.342245e+00 -3.169142e+00 -2.909039e+00 1.875389e-02 -8.110194e-01 6.700180e-01 7.529297e-01 2.017204e-01 -9.916206e-02 1.068440e-02 -2.407720e-01 -4.653123e-01 -1.512953e-01 2.341422e-01 3.550519e-01 3.405997e-01 -3.513802e-02 2.267972e-01 -3.094108e-02 3.395262e-02 7.412735e-02 4.888794e-02 -2.166296e-01 7.766273e-02 -1.850789e-02 -1.021641e-01 -1.212670e-01 7.879893e-02 -2.400972e-01 1.025021e-02
<VARIANCE> 39
 2.999234e+00 2.582908e+00 3.487411e+00 2.676678e+00 3.964012e+00 1.245580e+01 1.883494e+01 9.823619e+00 1.854540e+01 9.833386e+00 1.166354e+01 4.267898e+00 5.000000e-02 2.621710e-01 5.867547e-01 7.285251e-01 7.002473e-01 9.862024e-01 1.102776e+00 3.493279e+00 2.079851e+00 2.077811e+00 1.112285e+00 1.437214e+00 5.785701e-01 5.000000e-02 6.550121e-02 1.092679e-01 1.476032e-01 6.620234e-02 1.036386e-01 2.535048e-01 5.043997e-01 3.522620e-01 3.945046e-01 2.070262e-01 2.171324e-01 1.302041e-01 5.000000e-02
<GCONST> 6.437407e+01
<TRANSP> 12
 0.000000e+00 1.000000e+00 0.000000e+00 0.000000e+00 0.000000e+00 0.000000e+00 0.000000e+00 0.000000e+00 0.000000e+00 0.000000e+00 0.000000e+00 0.000000e+00
 0.000000e+00 8.148070e-01 1.851930e-01 0.000000e+00 0.000000e+00 0.000000e+00 0.000000e+00 0.000000e+00 0.000000e+00 0.000000e+00 0.000000e+00 0.000000e+00
 0.000000e+00 0.000000e+00 7.220263e-01 2.779737e-01 0.000000e+00 0.000000e+00 0.000000e+00 0.000000e+00 0.000000e+00 0.000000e+00 0.000000e+00 0.000000e+00
 0.000000e+00 0.000000e+00 0.000000e+00 8.607269e-01 1.392731e-01 0.000000e+00 0.000000e+00 0.000000e+00 0.000000e+00 0.000000e+00 0.000000e+00 0.000000e+00
 0.000000e+00 0.000000e+00 0.000000e+00 0.000000e+00 8.579799e-01 1.420201e-01 0.000000e+00 0.000000e+00 0.000000e+00 0.000000e+00 0.000000e+00 0.000000e+00
 0.000000e+00 0.000000e+00 0.000000e+00 0.000000e+00 0.000000e+00 7.715517e-01 2.284483e-01 0.000000e+00 0.000000e+00 0.000000e+00 0.000000e+00 0.000000e+00
 0.000000e+00 0.000000e+00 0.000000e+00 0.000000e+00 0.000000e+00 0.000000e+00 8.078557e-01 1.921443e-01 0.000000e+00 0.000000e+00 0.000000e+00 0.000000e+00
 0.000000e+00 0.000000e+00 0.000000e+00 0.000000e+00 0.000000e+00 0.000000e+00 0.000000e+00 7.616596e-01 2.383404e-01 0.000000e+00 0.000000e+00 0.000000e+00
 0.000000e+00 0.000000e+00 0.000000e+00 0.000000e+00 0.000000e+00 0.000000e+00 0.000000e+00 0.000000e+00 7.496755e-01 2.503245e-01 0.000000e+00 0.000000e+00
 0.000000e+00 0.000000e+00 0.000000e+00 0.000000e+00 0.000000e+00 0.000000e+00 0.000000e+00 0.000000e+00 0.000000e+00 8.864426e-01 1.135574e-01 0.000000e+00
 0.000000e+00 0.000000e+00 0.000000e+00 0.000000e+00 0.000000e+00 0.000000e+00 0.000000e+00 0.000000e+00 0.000000e+00 0.000000e+00 7.501850e-01 2.498150e-01
 0.000000e+00 0.000000e+00 0.000000e+00 0.000000e+00 0.000000e+00 0.000000e+00 0.000000e+00 0.000000e+00 0.000000e+00 0.000000e+00 0.000000e+00 0.000000e+00
<ENDHMM>
