~o
<STREAMINFO> 1 39
<VECSIZE> 39<NULLD><MFCC_E_D_A><DIAGC>
~h "Tru*o*c"
<BEGINHMM>
<NUMSTATES> 27
<STATE> 2
<MEAN> 39
 -6.721684e+00 -8.298292e+00 8.606395e-01 -2.388040e+00 1.180291e+00 -2.037724e+00 4.099803e-01 -7.738373e-01 3.503982e+00 -3.793244e+00 2.586016e+00 7.021882e-01 -2.806567e-02 1.971270e-02 1.863269e-01 3.054030e-01 1.863475e-01 8.696106e-02 -1.307027e-01 -4.777445e-01 -7.925875e-02 -3.230241e-01 1.765012e-01 6.648979e-01 1.059013e-01 3.869293e-03 -2.101570e-01 -1.996154e-01 -4.710382e-04 -4.474162e-01 -1.252512e-01 -5.364662e-03 -4.686672e-01 -1.649236e-01 -6.786289e-02 -1.707135e-01 1.391041e-01 -2.565338e-01 1.958994e-02
<VARIANCE> 39
 3.659214e+00 3.349578e+00 3.424719e+00 6.529062e+00 1.026607e+01 1.431437e+01 2.132565e+01 3.298270e+00 2.232174e+01 9.566554e+00 1.154059e+01 1.380724e+01 5.000000e-02 5.000000e-02 1.641540e-01 1.940017e-01 1.952440e-01 3.547878e-01 8.433495e-01 4.411389e-01 9.275838e-01 7.124671e-01 1.146287e+00 5.611249e-01 1.022593e+00 5.000000e-02 1.312966e-01 5.000000e-02 5.000000e-02 2.573495e-01 2.393440e-01 4.854381e-01 3.380954e-01 1.675299e-01 1.687610e-01 9.136140e-02 1.059089e-01 3.135335e-01 5.000000e-02
<GCONST> 5.506757e+01
<STATE> 3
<MEAN> 39
 -5.276546e+00 -8.021801e+00 3.155329e+00 -1.651712e+00 1.475597e+00 -2.586061e+00 -3.145721e+00 -2.869655e+00 3.334185e+00 -3.895679e+00 3.594975e+00 -4.518332e-01 2.445221e-02 -8.429376e-01 -3.362745e-01 2.309878e-01 -1.112271e+00 -5.281013e-02 3.798915e-01 -1.146713e+00 -5.639332e-01 -3.460281e-01 -5.110062e-01 2.832625e-01 -6.173509e-01 6.014973e-02 -4.154397e-01 -5.546980e-03 -3.090361e-01 -6.190690e-01 -3.870652e-01 -1.312460e-01 1.248377e-01 1.948865e-01 1.563865e-01 -2.540873e-01 -1.446392e-02 -1.370118e-02 2.068049e-02
<VARIANCE> 39
 3.869755e+00 2.722117e+00 6.759192e+00 4.442638e+00 6.467925e+00 6.055322e+00 1.592357e+01 9.107594e+00 2.456128e+01 1.435916e+01 7.273540e+00 1.032941e+01 5.000000e-02 2.408492e+00 4.918904e-01 6.428507e-01 3.110388e+00 1.143778e+00 1.999565e+00 1.990666e+00 1.558195e+00 1.863935e+00 2.143081e+00 6.629474e-01 1.216614e+00 5.000000e-02 2.830244e-01 7.409912e-02 1.761734e-01 3.306671e-01 3.051792e-01 4.266300e-01 2.414009e-01 3.657798e-01 2.813051e-01 3.671000e-01 1.634224e-01 2.142271e-01 5.000000e-02
<GCONST> 7.447208e+01
<STATE> 4
<MEAN> 39
 -1.395214e+01 -1.028703e+01 7.830602e-01 -1.212926e+01 6.941325e-01 -4.803867e-01 -6.120296e+00 -5.117893e+00 -1.501754e-01 -6.796459e+00 5.221974e+00 -3.151651e+00 4.688807e-01 -2.169868e+00 1.816137e-01 -1.384137e+00 -3.474227e+00 -2.615570e+00 -1.802403e+00 9.175020e-02 8.643429e-01 5.636399e-01 -9.756809e-01 2.533996e-01 -1.002944e-01 1.620106e-01 1.324418e+00 -5.377052e-01 -4.453878e-02 4.444342e-01 -7.559365e-01 -1.608098e+00 1.079111e+00 1.202293e+00 6.731047e-01 9.707448e-01 -3.264279e-01 3.438471e-01 -8.257930e-03
<VARIANCE> 39
 3.085939e+01 8.769767e+00 1.479177e+01 2.000448e+01 1.655051e+01 4.980189e+01 1.480736e+01 1.269863e+01 1.574071e+01 3.946876e+01 8.979573e+00 1.427838e+01 5.000000e-02 4.256648e+00 9.664813e-01 1.724733e+00 1.474641e+00 3.323686e+00 6.111161e+00 1.210903e+00 1.736043e+00 1.371485e+00 2.189179e+00 6.445272e-01 7.287239e-01 5.000000e-02 7.671975e-01 2.556926e-01 3.440380e-01 3.520526e-01 5.450462e-01 1.190652e+00 4.355574e-01 4.316642e-01 4.165068e-01 1.444826e+00 1.966775e-01 1.638990e-01 5.000000e-02
<GCONST> 9.387712e+01
<STATE> 5
<MEAN> 39
 -1.311580e+01 -7.259647e+00 -2.506982e+00 -1.322602e+01 -7.619864e+00 -9.916143e+00 -1.585730e+00 1.930443e-01 2.191824e+00 -6.585108e+00 5.491765e+00 -2.385844e+00 6.248783e-01 2.607373e+00 -2.745113e+00 -2.998953e-01 -1.235420e+00 -2.941178e+00 -5.171739e+00 2.526534e+00 3.622717e+00 2.165698e+00 1.875902e+00 -8.302656e-01 5.972731e-01 8.641494e-02 1.217907e+00 -9.502295e-01 5.407782e-01 4.268170e-01 1.116033e+00 -2.074423e-01 2.833879e-01 4.270135e-01 3.413100e-01 1.012478e+00 -5.278203e-01 1.911897e-01 -2.688065e-02
<VARIANCE> 39
 2.750120e+01 2.245624e+01 2.665473e+01 8.318954e+00 3.036186e+01 6.474931e+01 1.111663e+01 1.663193e+01 1.684582e+01 9.092874e+00 1.450286e+01 6.475731e+00 6.839269e-02 3.476457e+00 2.269816e+00 2.757427e+00 7.523170e-01 3.098828e+00 8.675545e+00 8.344463e-01 3.052488e+00 2.711031e+00 5.388068e+00 2.929538e+00 1.654281e+00 5.000000e-02 7.223831e-01 4.175968e-01 1.145775e-01 2.525188e-01 5.572520e-01 8.500490e-01 2.643103e-01 5.827004e-01 1.694888e-01 5.083724e-01 1.423216e-01 5.226596e-02 5.000000e-02
<GCONST> 9.377797e+01
<STATE> 6
<MEAN> 39
 -4.602921e+00 -2.003856e+01 -1.934542e-01 -1.693665e+01 -9.698767e+00 -2.106593e+01 2.070745e+00 9.568892e+00 8.176763e+00 2.757362e+00 2.346387e+00 -1.630903e+00 8.184019e-01 1.909782e+00 -2.690760e+00 2.841647e-01 -1.414208e+00 1.561897e+00 -2.044902e+00 8.011103e-01 2.545599e+00 1.855927e+00 2.813326e+00 -1.575800e+00 7.050570e-01 4.778173e-02 -8.280228e-01 8.114491e-01 -3.825599e-01 1.436984e-01 1.522808e+00 1.658362e+00 -7.182053e-01 -1.193815e+00 -4.781519e-01 -5.812290e-01 -3.597138e-01 -1.085122e-01 -2.445515e-02
<VARIANCE> 39
 9.192285e+00 1.948835e+01 2.643036e+01 1.622784e+01 2.136742e+01 6.534048e+01 2.367717e+01 2.562402e+01 1.529529e+01 2.670498e+01 3.729802e+01 2.023545e+01 9.270754e-02 2.448729e+00 3.947751e+00 7.398028e-01 1.128748e+00 3.774255e+00 3.708958e+00 1.221276e+00 3.834014e+00 1.841783e+00 3.381083e+00 2.593528e+00 6.137231e-01 5.000000e-02 1.847570e-01 2.492384e-01 3.926666e-01 1.013720e-01 5.872903e-01 5.707215e-01 1.495001e-01 2.557028e-01 3.553778e-01 6.451579e-01 2.037421e-01 1.647145e-01 5.000000e-02
<GCONST> 9.388374e+01
<STATE> 7
<MEAN> 39
 -4.432153e+00 -1.963775e+01 -3.316929e+00 -1.957104e+01 -7.310585e-01 -1.940448e+01 3.851683e+00 8.924572e+00 1.055651e+01 3.734442e+00 -1.096354e+00 -1.185014e+00 8.515690e-01 -6.286931e-02 -3.221454e-01 -1.710268e+00 -9.920192e-01 2.336828e+00 1.245611e+00 -9.677428e-01 -5.723665e-01 -5.284565e-02 5.127525e-01 -2.473778e+00 3.083318e-01 4.343656e-03 -3.336895e-01 4.839896e-01 -3.583120e-01 4.644398e-01 -5.676710e-01 9.169431e-01 -7.897388e-01 -2.743724e-01 -7.482784e-01 -2.241012e-01 -1.482020e-01 4.549813e-02 -9.250958e-03
<VARIANCE> 39
 6.633317e+00 1.860060e+01 4.660495e+01 2.292088e+01 2.120728e+01 8.515009e+01 9.591960e+00 1.781951e+01 2.455869e+01 1.580815e+01 5.510487e+01 2.510845e+01 9.459086e-02 4.000454e-01 8.017267e-01 1.070860e+00 3.436519e-01 1.659250e+00 6.158921e-01 5.040659e-01 3.627732e-01 2.549275e+00 1.026555e+00 1.331452e+00 2.785746e-01 5.000000e-02 1.609399e-01 2.412396e-01 1.715045e-01 1.260968e-01 2.996948e-01 4.866104e-01 9.583326e-02 2.287330e-01 3.002799e-01 3.247009e-01 3.442371e-01 2.898920e-01 5.000000e-02
<GCONST> 7.964593e+01
<STATE> 8
<MEAN> 39
 -6.770404e+00 -1.236546e+01 -2.280632e-01 -9.883104e+00 6.080701e-01 -3.454730e+00 -4.309313e+00 1.093207e+00 6.236343e+00 -6.011272e+00 -9.464709e-01 1.483263e+00 2.477910e-01 2.351760e-02 -8.678672e-02 -5.719315e-01 1.290463e-01 4.279822e-01 7.048373e-01 -6.188670e-01 6.477562e-02 -5.660974e-01 1.952899e-01 -8.854977e-01 1.033968e-01 1.897605e-03 -1.419506e-02 6.758861e-02 8.916248e-02 1.977957e-01 -2.637972e-01 1.629185e-01 -4.415625e-02 1.397801e-01 -4.946839e-02 4.734412e-02 2.277035e-01 -3.012632e-02 -1.905406e-03
<VARIANCE> 39
 6.734720e+00 4.503099e+01 3.115217e+01 7.097904e+01 7.855961e+00 1.072389e+02 8.438077e+00 3.595988e+01 1.229864e+01 6.588433e+01 3.586673e+01 1.023753e+01 2.029255e-01 7.268485e-01 7.249624e-01 1.014508e+00 1.320097e+00 2.267365e-01 3.096079e+00 1.802194e+00 4.611075e-01 1.503644e+00 1.811745e+00 3.269435e+00 1.072610e+00 5.000000e-02 1.410395e-01 1.957104e-01 7.129259e-02 3.522186e-01 1.518081e-01 3.461258e-01 7.052743e-02 7.081279e-02 2.707399e-01 2.697695e-01 5.816756e-01 1.203970e-01 5.000000e-02
<GCONST> 8.313539e+01
<STATE> 9
<MEAN> 39
 -4.381427e+00 -2.079151e+01 -8.046813e+00 -1.960343e+01 9.689596e-01 -1.165822e+01 -4.272484e+00 1.015564e+01 5.580069e+00 8.003419e+00 -1.030170e+01 1.968187e+00 8.653448e-01 -3.889325e-02 7.237923e-01 -1.028689e+00 1.104526e+00 -4.407484e-01 2.349258e+00 -1.474478e+00 1.359119e-01 -3.727967e-01 5.370737e-01 -2.925303e-02 -5.862234e-01 -5.652669e-04 4.946971e-03 4.022145e-01 1.050109e-01 2.319636e-01 -2.569405e-01 -1.792934e-01 4.063546e-01 -4.917911e-01 7.504897e-01 -5.764453e-01 7.983094e-01 -1.001989e+00 2.671649e-03
<VARIANCE> 39
 3.402423e+00 1.758744e+01 5.441757e+01 3.745265e+01 2.177639e+01 6.749162e+01 1.211849e+01 3.351402e+01 1.088005e+01 4.434800e+01 3.438713e+01 7.185524e+00 8.770836e-02 3.902289e-01 9.234799e-01 1.328712e+00 4.366988e-01 3.665661e-01 9.423073e-01 6.189571e-01 1.033933e+00 1.630427e+00 2.392497e+00 2.913100e+00 2.273908e+00 5.000000e-02 5.963656e-02 7.536289e-02 1.906782e-01 1.922902e-01 1.345165e-01 1.221146e-01 1.019127e-01 2.927845e-01 1.337549e-01 2.863362e-01 3.841733e-01 1.359152e-01 5.000000e-02
<GCONST> 7.758294e+01
<STATE> 10
<MEAN> 39
 -4.777976e+00 -1.657549e+01 -1.079026e+01 -1.519034e+01 -9.305649e-01 -8.797499e+00 -4.964394e+00 7.224551e+00 8.159603e+00 3.935151e+00 -4.341197e+00 -4.175274e+00 8.031036e-01 -1.394518e-01 8.223553e-01 -1.072367e+00 6.622114e-01 -1.902813e-01 1.132677e+00 -3.030658e-02 -2.024669e+00 1.953076e+00 -1.559332e+00 5.575454e-01 -2.827711e+00 1.471213e-03 1.065540e-01 -2.271075e-01 1.439870e-02 -3.736968e-01 -6.601408e-02 -2.919127e-01 2.147480e-01 -1.002145e-01 2.265251e-01 -2.248361e-01 -1.347184e-01 -4.593109e-01 4.315179e-03
<VARIANCE> 39
 3.264061e+00 1.764395e+01 5.937193e+01 3.095321e+01 1.265298e+01 4.499303e+01 8.332600e+00 1.352057e+01 1.354063e+01 5.403785e+01 3.614319e+01 1.525784e+01 1.358789e-01 5.186026e-02 1.249030e+00 9.262091e-01 9.853688e-01 5.631152e-01 8.073138e-01 1.026214e+00 3.993549e+00 1.513023e+00 1.208197e+00 3.020276e+00 1.077842e+00 5.000000e-02 9.205583e-02 3.461936e-01 1.317880e-01 5.000000e-02 1.484139e-01 2.005265e-01 5.000000e-02 2.970600e-01 1.223039e-01 3.115052e-01 9.245580e-02 5.000000e-02 5.000000e-02
<GCONST> 7.397684e+01
<STATE> 11
<MEAN> 39
 -5.828276e+00 -1.120622e+01 -2.500159e+00 -8.946170e+00 8.659451e-01 -1.463899e+00 -4.012638e+00 1.766782e+00 8.004682e+00 -3.634651e+00 -1.262977e+00 -2.558543e+00 3.287306e-01 2.146627e-01 4.207803e-01 -5.685368e-01 2.707784e-02 -2.335949e-01 2.051585e-01 -1.527142e-01 -3.122739e-01 5.780893e-01 -3.254673e-01 2.124622e-01 -1.002678e+00 1.118640e-02 8.097484e-04 -8.421137e-02 8.450647e-02 -1.072849e-01 7.561222e-02 -3.539154e-02 1.407437e-01 2.337194e-01 -3.441206e-01 3.001674e-02 4.492208e-02 2.278345e-01 -3.914092e-03
<VARIANCE> 39
 4.418159e+00 2.784675e+01 6.962175e+01 3.415162e+01 1.219030e+01 4.644911e+01 1.903092e+01 1.532251e+01 2.393592e+01 6.075171e+01 2.506003e+01 2.654297e+01 2.075213e-01 6.058155e-01 8.076482e-01 8.197870e-01 5.241023e-01 5.158032e-01 1.904508e+00 1.006398e+00 1.469335e+00 1.772642e+00 1.125917e+00 5.969039e-01 3.268449e+00 5.000000e-02 1.616099e-01 5.000000e-02 5.000000e-02 9.714783e-02 7.757516e-02 1.470845e-01 3.139988e-01 3.900234e-01 1.754536e-01 2.184932e-01 3.318240e-01 5.000000e-02 5.000000e-02
<GCONST> 7.859032e+01
<STATE> 12
<MEAN> 39
 -3.785029e+00 -1.616154e+01 -1.384066e+01 -1.694901e+01 -2.302702e+00 -3.065617e+00 -6.623468e+00 4.932316e+00 1.195950e+01 1.891628e+00 -5.925541e+00 -1.207717e+01 9.017932e-01 4.282333e-01 2.052677e-01 -1.852934e-01 -6.094314e-01 2.311417e-01 1.091888e+00 8.500313e-01 2.909322e-01 -9.506965e-01 -5.637636e-01 -4.701734e-02 -8.782114e-01 -1.173748e-02 1.513899e-01 -2.648935e-01 4.308107e-01 -2.239676e-01 3.731333e-01 -4.892355e-01 1.970377e-01 6.244760e-02 -6.656945e-01 2.684117e-01 -3.014559e-01 8.676605e-01 -8.951324e-03
<VARIANCE> 39
 1.851143e+00 6.301589e+00 2.303155e+01 2.126308e+01 1.216917e+01 4.339460e+01 4.430253e+01 2.033046e+01 2.949016e+01 3.775565e+01 3.585108e+01 4.752245e+01 6.513263e-02 5.117995e-01 5.399286e-01 6.055434e-01 8.916275e-01 8.351400e-01 1.505019e+00 2.266765e+00 1.091633e+00 1.493398e+00 9.764273e-01 1.647830e+00 2.359778e+00 5.000000e-02 5.510667e-02 1.188657e-01 1.090214e-01 2.382166e-01 1.356208e-01 2.365110e-01 5.428981e-01 3.057182e-01 4.265015e-01 9.613856e-02 2.519269e-01 3.695517e-01 5.000000e-02
<GCONST> 8.061765e+01
<STATE> 13
<MEAN> 39
 -4.096066e+00 -1.512624e+01 -9.381672e+00 -1.626498e+01 7.419766e-01 -2.585733e+00 -1.945696e+00 5.469065e+00 5.161728e+00 1.042318e+00 -5.534799e+00 -6.982237e+00 6.476424e-01 2.953441e-01 -4.618178e-01 6.523042e-01 -4.341064e-01 1.044562e+00 -9.656905e-01 -2.471500e-01 -9.966226e-01 -1.139261e+00 4.172769e-01 -5.627393e-01 2.026157e-01 -1.888003e-02 -6.621051e-03 -2.292301e-02 9.764420e-02 2.361656e-01 -1.214185e-01 -4.051859e-01 -7.084661e-01 -2.817989e-01 1.844326e-01 1.726854e-01 6.388657e-02 1.244279e-01 7.072200e-03
<VARIANCE> 39
 1.369925e+01 2.119039e+01 5.911687e+01 6.276771e+01 1.435683e+01 9.208418e+00 1.268782e+01 1.100442e+01 1.704042e+01 2.700760e+01 7.176771e+01 5.621368e+01 1.973927e-01 1.850932e+00 4.112799e-01 9.686691e-01 1.679663e+00 1.768184e+00 7.285122e-01 2.760803e+00 8.647235e-01 1.726509e+00 5.321799e-01 1.241645e+00 2.386831e+00 5.000000e-02 3.056600e-01 5.000000e-02 2.080153e-01 6.567271e-01 3.778808e-01 4.143569e-01 3.052346e-01 2.409568e-01 8.771753e-02 7.988126e-02 1.811455e-01 3.120843e-01 5.000000e-02
<GCONST> 8.608025e+01
<STATE> 14
<MEAN> 39
 -1.032181e+01 -1.308973e+01 -6.006484e+00 -1.648236e+01 6.618400e-01 -2.591125e+00 -4.698315e+00 1.461332e+00 3.533175e+00 7.445429e-02 -2.426349e+00 -6.515662e+00 6.694142e-01 -7.653682e-02 -1.086830e-01 4.056204e-01 -7.953593e-01 -1.227752e+00 -1.724035e+00 -8.783970e-01 -2.694087e-01 -5.487444e-01 1.696935e-01 3.729150e-01 1.824063e-02 5.174027e-02 9.475345e-01 -1.103769e-01 1.664650e-02 7.775897e-01 -7.936082e-01 -8.336874e-01 2.361868e-01 3.902770e-01 3.511303e-01 -1.318817e-01 3.075010e-01 1.365517e-01 -1.496390e-02
<VARIANCE> 39
 1.481205e+02 4.444859e+01 5.211283e+01 4.545243e+01 3.128187e+01 2.111731e+01 1.804445e+01 9.428802e+00 2.797746e+01 2.044588e+01 8.946496e+01 4.336748e+01 6.603286e-02 1.003044e+01 3.619451e-01 1.462579e+00 4.391661e+00 7.679503e+00 5.029670e+00 7.775486e-01 4.179210e-01 8.914319e-01 9.860252e-01 5.609152e-01 2.842261e+00 5.000000e-02 1.655182e+00 2.875254e-01 2.329445e-01 4.451400e-01 4.008397e-01 4.744864e-01 5.367617e-02 1.298336e-01 3.427228e-01 2.359154e-01 2.456813e-01 3.177727e-01 5.000000e-02
<GCONST> 9.708946e+01
<STATE> 15
<MEAN> 39
 -1.510835e+00 -1.643684e+01 -6.751880e+00 -1.845546e+01 -1.822273e+00 -1.142768e+01 -5.489133e+00 3.010553e+00 4.589515e+00 2.544784e+00 -5.159651e+00 -7.640659e+00 7.687322e-01 2.341326e+00 -9.584847e-01 3.035562e-01 2.130510e+00 -1.153482e+00 -2.333439e+00 5.353648e-02 2.962825e-01 5.317593e-01 1.593132e-01 4.098083e-01 8.142706e-01 -3.627538e-02 -3.353175e-01 -6.357693e-02 -4.090253e-01 6.534495e-01 -2.704272e-01 4.439099e-01 4.410920e-01 2.226428e-01 4.474643e-01 -2.456384e-01 3.906085e-02 7.894933e-02 -7.429441e-03
<VARIANCE> 39
 3.162055e+01 1.358785e+01 3.284026e+01 1.947829e+01 1.405542e+02 2.313716e+01 1.964292e+01 7.033936e+00 5.839183e+00 2.098324e+01 5.616930e+01 9.772039e+00 5.000000e-02 2.385902e+00 2.210554e+00 2.930217e+00 4.069298e+00 2.400849e+00 2.313026e+00 6.436306e-01 2.595691e+00 4.210232e+00 7.990222e-01 2.475031e+00 3.658727e+00 5.000000e-02 4.431444e-01 2.175840e-01 3.451601e-01 7.734755e-01 2.007183e+00 3.700812e-01 3.387861e-01 1.469888e-01 3.482701e-01 1.198207e-01 3.514327e-01 2.740183e-01 5.000000e-02
<GCONST> 9.665756e+01
<STATE> 16
<MEAN> 39
 3.188482e+00 -1.914667e+01 -9.818583e+00 -1.021472e+01 -5.807506e+00 -1.419492e+01 -4.735664e+00 3.340149e+00 6.554583e+00 1.097175e+00 -4.727030e+00 -6.266624e+00 6.262577e-01 2.304975e-01 -4.762098e-01 -1.366880e-01 2.306236e+00 -1.394610e+00 -1.125853e+00 9.818598e-01 3.407089e-01 1.039375e+00 -6.959820e-01 2.283662e-01 6.599453e-01 -5.138331e-02 -4.741848e-01 9.059822e-02 -1.024342e-01 -3.650288e-01 2.602752e-01 6.180023e-01 3.016501e-01 -2.176858e-01 1.622246e-01 3.359194e-02 6.591350e-02 -1.758837e-01 6.292823e-03
<VARIANCE> 39
 2.471584e+01 3.724709e+00 2.337963e+01 2.810683e+01 3.825367e+01 1.881866e+01 1.241616e+01 7.460855e+00 1.117928e+01 9.651772e+00 8.545350e+00 6.737078e+00 5.000000e-02 1.124221e+00 7.988256e-01 2.208334e+00 5.640851e+00 4.113016e+00 1.291499e+00 1.553522e+00 3.628872e-01 7.640297e-01 1.085320e+00 3.207613e+00 6.706640e-01 5.000000e-02 1.442746e-01 1.458716e-01 5.019416e-01 3.242334e-01 1.896004e-01 3.155638e-01 2.665944e-01 3.592981e-01 3.917522e-01 2.014596e-01 6.297980e-02 4.027771e-01 5.000000e-02
<GCONST> 8.058053e+01
<STATE> 17
<MEAN> 39
 1.225207e-01 -2.011216e+01 -9.112498e+00 -1.112010e+01 -5.973772e+00 -1.410711e+01 -1.653047e+00 4.523962e+00 8.765938e+00 1.950260e+00 -6.435004e+00 -3.203201e+00 6.820852e-01 8.148220e-02 -2.011591e-01 -5.306948e-01 8.404677e-01 -1.277987e-02 1.229608e+00 1.174051e-01 -4.593953e-01 3.048919e-01 1.193866e+00 -2.563908e-01 1.028330e+00 -1.625731e-02 -1.518340e-01 3.009676e-01 1.641126e-01 -4.111498e-01 2.838064e-01 3.587418e-01 -4.378082e-01 -9.286709e-02 -1.845547e-02 1.112046e-01 4.664358e-02 -4.282438e-01 5.908829e-03
<VARIANCE> 39
 2.570615e+01 3.682272e+00 6.659436e+00 5.675242e+01 4.206029e+00 7.154300e+00 7.102206e+00 1.203072e+00 7.350922e+00 2.357473e+01 2.164380e+01 1.106671e+01 5.270875e-02 3.191930e-01 4.934505e-01 6.584364e-01 1.009325e+00 1.763903e+00 1.143625e+00 3.330392e+00 1.315439e+00 9.177485e-01 3.068428e+00 2.966963e+00 1.408875e+00 5.000000e-02 1.207944e-01 1.397223e-01 2.410080e-01 6.382862e-01 4.879500e-01 1.812706e-01 3.263583e-01 1.574741e-01 4.090466e-01 8.333525e-01 2.894557e-01 4.957542e-01 5.000000e-02
<GCONST> 7.743381e+01
<STATE> 18
<MEAN> 39
 1.340349e+00 -1.850014e+01 -1.003597e+01 -7.708423e+00 -5.921438e+00 -1.019913e+01 -3.210496e+00 1.869926e+00 1.133708e+01 2.994984e+00 -5.499338e+00 -5.445693e+00 6.009771e-01 -1.280863e-01 8.097397e-01 3.251572e-01 3.310952e-01 6.506940e-01 1.355161e+00 -4.034461e-01 -6.691167e-01 1.706060e-01 -1.120580e+00 5.594831e-01 -8.452623e-01 -2.191134e-02 4.079223e-02 6.109763e-02 1.292719e-02 -3.275551e-01 3.955266e-01 -8.771485e-02 -2.494371e-01 2.100641e-01 -4.946929e-01 -1.434470e-01 -1.600775e-01 2.739930e-02 -2.943957e-03
<VARIANCE> 39
 1.225958e+01 5.096658e+00 9.054581e+00 4.017377e+01 7.628375e+00 2.063155e+01 1.573547e+01 8.274505e+00 2.362223e+01 1.625281e+01 3.554048e+01 1.027690e+01 6.705597e-02 2.018072e-01 7.822196e-01 1.779047e+00 2.905197e-01 8.822055e-01 5.269543e-01 1.440482e+00 4.208987e-01 2.985651e+00 1.681627e+00 1.077483e+00 1.826404e+00 5.000000e-02 5.000000e-02 1.691404e-01 2.710096e-01 5.000000e-02 1.055502e-01 2.728869e-01 4.365355e-01 3.159699e-01 6.324056e-01 4.052508e-01 2.887183e-01 3.993835e-01 5.000000e-02
<GCONST> 7.518789e+01
<STATE> 19
<MEAN> 39
 1.605467e+00 -1.711336e+01 -9.218406e+00 -8.182399e+00 -4.231436e-01 -5.540362e+00 -3.887289e+00 1.838179e+00 6.970269e+00 -9.166332e-01 -4.642828e+00 -5.660803e+00 5.068366e-01 1.167612e-01 4.740342e-02 -9.110133e-02 -3.421104e-01 1.644491e+00 -3.505745e-01 -8.540318e-01 7.877383e-01 -8.900034e-01 6.287981e-01 -2.482878e-01 8.863192e-02 -3.270733e-02 -4.448226e-02 -3.946210e-02 -2.151409e-01 7.419948e-02 -5.169324e-01 -6.024786e-01 -2.018376e-01 1.990916e-01 1.394224e-01 5.057871e-01 -7.797112e-02 -1.375405e-01 7.158793e-04
<VARIANCE> 39
 6.440689e+00 8.709661e+00 6.031121e+00 6.872729e+01 2.057200e+01 1.170609e+01 1.989156e+01 1.144541e+01 1.224326e+01 1.866662e+01 1.961746e+01 2.099016e+01 5.663526e-02 5.290117e-01 4.362178e-01 7.635387e-01 7.253584e-01 1.950751e+00 1.737006e+00 2.038904e+00 3.703148e-01 7.115995e+00 1.458482e+00 1.150796e+00 1.341534e+00 5.000000e-02 6.461219e-02 1.849678e-01 1.961502e-01 5.211509e-01 7.296985e-01 1.497062e-01 1.785055e-01 2.322828e-01 7.044971e-01 2.394677e-01 1.936674e-01 2.618361e-01 5.000000e-02
<GCONST> 8.002312e+01
<STATE> 20
<MEAN> 39
 1.686271e+00 -1.743899e+01 -1.102099e+01 -7.998402e+00 -3.447820e+00 -1.076007e+01 -9.010310e+00 7.001697e+00 7.449992e+00 5.263481e+00 -5.975652e+00 -8.031084e+00 4.762600e-01 1.481100e-01 1.601670e-02 -3.591960e-01 8.923156e-01 -1.460935e+00 -1.003972e+00 1.081476e+00 6.882792e-01 1.511265e+00 -1.654275e-01 2.481230e-01 -3.706155e-01 -2.881478e-02 -7.263186e-02 -8.626671e-02 1.488330e-01 -1.295931e-01 -2.497780e-02 9.067743e-02 6.544952e-01 -5.391333e-01 2.460108e-01 -6.010913e-01 9.895153e-02 2.573976e-01 -6.573285e-04
<VARIANCE> 39
 3.770569e+00 3.992737e+00 2.255407e+00 3.112357e+01 2.375185e+01 2.373081e+01 5.516877e+01 1.789778e+01 6.502083e+01 1.069452e+01 2.914174e+01 7.570125e+00 5.000000e-02 4.803245e-01 1.104482e+00 3.146667e-01 4.110518e+00 2.854012e+00 1.583922e+00 8.359311e+00 2.465859e+00 7.704180e+00 1.862652e+00 1.327210e+00 7.831650e-01 5.000000e-02 7.159267e-02 1.332081e-01 8.263787e-02 4.823418e-01 1.162066e+00 3.154679e-01 1.483700e+00 4.412182e-01 2.690128e+00 3.190970e-01 2.832130e-01 1.648836e-01 5.000000e-02
<GCONST> 8.916478e+01
<STATE> 21
<MEAN> 39
 1.916944e+00 -1.809965e+01 -1.089029e+01 -5.574790e+00 -3.665633e+00 -1.148255e+01 -3.474191e+00 2.234450e+00 1.056945e+01 -4.098061e-01 -3.186182e+00 -6.444275e+00 3.286065e-01 -5.416053e-01 6.725166e-01 4.873360e-01 1.508926e-01 5.193936e-01 5.369650e-01 7.771739e-02 -1.396695e+00 -9.834874e-01 -8.447546e-01 7.577461e-01 6.550708e-01 -3.714170e-02 3.189721e-02 4.324302e-01 4.793016e-01 2.505730e-01 2.709980e-01 5.956700e-01 4.369187e-02 -3.838547e-02 -5.675287e-01 1.897327e-01 9.965925e-02 2.245856e-01 1.449211e-03
<VARIANCE> 39
 2.386492e+00 8.021921e+00 2.029474e+00 3.767139e+00 1.110156e+01 3.309459e+00 7.703050e+00 1.432339e+01 6.881062e+00 3.800946e+00 1.269547e+01 2.917483e+00 5.000000e-02 3.494277e-01 6.611721e-01 5.446606e-01 6.472666e-01 8.229430e-01 8.397881e-01 8.178687e-01 8.171906e-01 7.486041e-01 1.102278e+00 1.058314e+00 5.550166e-01 5.000000e-02 7.010429e-02 1.222126e-01 5.615437e-02 5.000000e-02 2.072398e-01 1.590067e-01 8.693131e-01 1.937556e-01 3.676569e-01 2.933207e-01 2.886978e-01 6.309291e-02 5.000000e-02
<GCONST> 5.679339e+01
<STATE> 22
<MEAN> 39
 1.431710e+00 -1.360667e+01 -6.563413e+00 -3.693422e+00 -1.410942e+00 -8.439752e+00 -1.778608e+00 3.711013e-01 6.908987e+00 -9.295989e-01 -1.789829e+00 -3.873228e+00 2.597717e-01 -7.713510e-02 1.063379e+00 1.268531e+00 3.525413e-01 6.727774e-01 8.860004e-01 8.649736e-01 -1.745080e-01 -5.389584e-01 3.502100e-01 3.869509e-01 2.918155e-01 -1.851141e-02 -5.083492e-02 -3.078188e-01 -2.418145e-01 -7.110029e-02 -2.981204e-02 -1.527651e-01 7.602939e-02 3.601446e-01 2.566937e-01 1.870168e-01 -1.118640e-01 -1.812376e-01 2.271433e-03
<VARIANCE> 39
 6.103785e+00 5.532150e+00 7.892399e+00 3.457747e+00 6.166627e+00 5.085423e+00 5.352510e+00 7.101255e+00 6.915843e+00 4.975966e+00 4.857188e+00 1.671010e+00 5.000000e-02 3.147558e-01 5.916559e-01 5.173025e-01 1.909736e-01 9.558826e-01 1.255401e+00 2.005264e+00 1.816984e+00 7.102921e-01 6.020662e-01 7.646227e-01 3.586129e-01 5.000000e-02 6.950784e-02 1.136165e-01 1.382451e-01 7.845457e-02 9.084409e-02 1.682096e-01 1.760509e-01 3.611942e-01 8.067604e-02 9.619901e-02 2.112903e-01 5.000000e-02 5.000000e-02
<GCONST> 5.185752e+01
<STATE> 23
<MEAN> 39
 1.227729e+00 -1.392790e+01 -7.186428e+00 -4.309112e+00 -1.134871e+00 -6.932931e+00 1.467287e+00 2.495183e+00 8.192575e+00 4.318417e-01 -1.063254e+00 -4.379600e+00 2.369380e-01 -8.233999e-01 4.161942e-01 5.194838e-02 4.022767e-02 3.671350e-01 3.388828e-01 5.647754e-02 -4.031581e-02 -6.336170e-01 -7.919851e-02 -1.449475e-01 1.294374e-01 -3.073481e-02 -1.784470e-01 1.367420e-01 3.315757e-02 -8.064982e-02 -7.175271e-02 -2.369396e-01 -5.710309e-01 -3.271343e-01 -1.289291e-01 -1.958414e-01 1.406240e-02 -1.699846e-02 -2.414128e-03
<VARIANCE> 39
 2.272976e+00 7.406513e+00 5.306079e+00 3.169627e+00 8.170865e+00 1.646439e+01 1.587839e+01 9.911909e+00 1.419493e+01 7.589829e+00 6.016599e+00 4.731317e+00 5.000000e-02 2.171687e-01 8.201388e-01 9.879546e-01 6.481295e-01 5.470702e-01 1.267347e+00 1.641665e+00 2.443873e+00 7.340505e-01 2.586657e-01 1.221115e+00 6.499470e-01 5.000000e-02 5.000000e-02 9.219281e-02 1.550356e-01 5.000000e-02 1.164046e-01 2.203245e-01 3.177288e-01 2.646761e-01 1.190720e-01 5.013373e-02 2.589082e-01 8.328871e-02 5.000000e-02
<GCONST> 5.794783e+01
<STATE> 24
<MEAN> 39
 -1.756008e+00 -1.199085e+01 -6.189661e+00 -4.346090e+00 2.770215e-01 -7.989496e+00 -2.678783e+00 1.039199e-01 5.752341e+00 -1.561253e+00 -1.612471e+00 -3.737097e+00 1.476656e-01 -6.380922e-01 6.077111e-01 4.506058e-01 -1.098586e-01 1.828350e-01 1.557497e-01 3.061624e-01 2.487098e-01 4.488476e-01 -8.122622e-02 2.438391e-01 -2.561664e-01 -1.826219e-02 -1.576820e-02 -9.065750e-02 8.921228e-02 1.049146e-01 -1.454073e-01 2.662715e-02 3.315965e-01 3.377951e-01 4.630552e-01 2.905713e-01 9.982193e-02 -1.898303e-01 -3.456533e-04
<VARIANCE> 39
 4.925797e+00 5.017821e+00 9.290776e+00 9.583208e+00 1.400555e+01 1.230674e+01 1.620944e+01 1.805330e+01 2.930134e+01 1.043000e+01 1.550852e+01 1.018829e+01 5.000000e-02 5.629249e-01 6.237526e-01 1.279860e+00 8.045595e-01 2.694291e-01 1.538217e+00 2.013319e+00 1.631662e+00 1.589267e+00 1.175397e+00 7.520501e-01 4.376905e-01 5.000000e-02 1.460063e-01 1.348225e-01 8.459910e-02 2.090215e-01 1.326913e-01 2.255613e-01 2.467942e-01 5.248998e-01 3.667799e-01 2.426280e-01 2.725601e-01 9.448299e-02 5.000000e-02
<GCONST> 7.121075e+01
<STATE> 25
<MEAN> 39
 -3.516621e+00 -1.087249e+01 -4.551132e+00 -3.951719e+00 -1.275262e+00 -6.994214e+00 6.686459e-01 7.426742e-01 6.542000e+00 1.021763e+00 -4.182243e-01 -6.233309e+00 9.590667e-02 -1.241888e+00 4.450289e-01 9.015664e-01 5.118355e-01 1.268086e-03 6.718844e-01 4.208619e-01 2.290513e-01 1.478515e-01 3.837935e-01 8.478844e-01 -1.609533e-01 -4.836509e-02 1.426007e-01 -2.022656e-02 -5.101034e-02 9.636202e-02 1.198395e-01 7.808630e-02 -2.566248e-01 -4.972177e-02 -2.111811e-01 -2.687137e-01 -1.260731e-01 2.346052e-01 -6.172801e-04
<VARIANCE> 39
 5.582725e+00 4.362720e+00 2.747071e+01 1.452553e+01 3.363663e+00 1.649691e+01 1.163111e+01 9.785624e+00 2.057276e+01 9.102145e+00 3.183103e+00 6.976607e+00 5.000000e-02 4.366290e-01 5.140836e-01 9.365702e-01 6.585211e-01 1.230425e+00 4.917237e-01 6.417742e-01 4.767531e+00 4.989896e+00 2.754686e+00 1.495500e+00 1.281398e+00 5.000000e-02 1.984042e-01 1.027518e-01 3.730139e-01 9.315398e-02 6.623627e-02 2.417343e-01 2.380933e-01 4.939329e-01 4.252013e-01 2.909637e-01 1.257136e-01 1.180342e-01 5.000000e-02
<GCONST> 7.103746e+01
<STATE> 26
<MEAN> 39
 -5.017931e+00 -9.886588e+00 -3.381848e+00 -3.228585e+00 3.598754e-02 -5.450449e+00 8.263474e-01 3.284854e+00 9.198038e+00 -4.053757e-02 9.335487e-01 -5.458305e+00 4.552780e-03 3.615328e-02 4.016959e-01 6.474584e-01 8.639809e-01 4.576660e-01 3.181368e-01 -5.743064e-01 -5.319359e-01 2.736074e-02 3.653517e-03 2.692371e-02 3.791002e-01 -8.454598e-03 3.978538e-01 -1.001381e-01 -1.361832e-01 3.044794e-02 1.163217e-01 -2.680179e-01 -1.894398e-01 -4.861264e-01 -3.719994e-01 -6.266123e-02 -2.499021e-01 1.692381e-01 1.365675e-02
<VARIANCE> 39
 1.874419e+00 3.373368e+00 5.768921e+00 8.436752e+00 1.045765e+01 9.326940e+00 6.899546e+00 2.254632e+01 2.105982e+01 7.171514e+00 6.899434e+00 5.152165e+00 5.000000e-02 3.553963e-01 4.994337e-01 1.808395e+00 1.263886e+00 7.662915e-01 7.685803e-01 7.764745e-01 1.125295e+00 5.397238e-01 8.077806e-01 2.382808e-01 4.218107e-01 5.000000e-02 8.375736e-02 9.852754e-02 1.831701e-01 1.845119e-01 1.337190e-01 8.080076e-02 7.847941e-02 5.644698e-01 4.921969e-01 3.097544e-01 1.611260e-01 1.286181e-01 5.000000e-02
<GCONST> 6.035419e+01
<TRANSP> 27
 0.000000e+00 1.000000e+00 0.000000e+00 0.000000e+00 0.000000e+00 0.000000e+00 0.000000e+00 0.000000e+00 0.000000e+00 0.000000e+00 0.000000e+00 0.000000e+00 0.000000e+00 0.000000e+00 0.000000e+00 0.000000e+00 0.000000e+00 0.000000e+00 0.000000e+00 0.000000e+00 0.000000e+00 0.000000e+00 0.000000e+00 0.000000e+00 0.000000e+00 0.000000e+00 0.000000e+00
 0.000000e+00 5.456504e-01 4.543496e-01 0.000000e+00 0.000000e+00 0.000000e+00 0.000000e+00 0.000000e+00 0.000000e+00 0.000000e+00 0.000000e+00 0.000000e+00 0.000000e+00 0.000000e+00 0.000000e+00 0.000000e+00 0.000000e+00 0.000000e+00 0.000000e+00 0.000000e+00 0.000000e+00 0.000000e+00 0.000000e+00 0.000000e+00 0.000000e+00 0.000000e+00 0.000000e+00
 0.000000e+00 0.000000e+00 7.373647e-01 2.626353e-01 0.000000e+00 0.000000e+00 0.000000e+00 0.000000e+00 0.000000e+00 0.000000e+00 0.000000e+00 0.000000e+00 0.000000e+00 0.000000e+00 0.000000e+00 0.000000e+00 0.000000e+00 0.000000e+00 0.000000e+00 0.000000e+00 0.000000e+00 0.000000e+00 0.000000e+00 0.000000e+00 0.000000e+00 0.000000e+00 0.000000e+00
 0.000000e+00 0.000000e+00 0.000000e+00 4.417715e-01 5.582284e-01 0.000000e+00 0.000000e+00 0.000000e+00 0.000000e+00 0.000000e+00 0.000000e+00 0.000000e+00 0.000000e+00 0.000000e+00 0.000000e+00 0.000000e+00 0.000000e+00 0.000000e+00 0.000000e+00 0.000000e+00 0.000000e+00 0.000000e+00 0.000000e+00 0.000000e+00 0.000000e+00 0.000000e+00 0.000000e+00
 0.000000e+00 0.000000e+00 0.000000e+00 0.000000e+00 3.750074e-01 6.249927e-01 0.000000e+00 0.000000e+00 0.000000e+00 0.000000e+00 0.000000e+00 0.000000e+00 0.000000e+00 0.000000e+00 0.000000e+00 0.000000e+00 0.000000e+00 0.000000e+00 0.000000e+00 0.000000e+00 0.000000e+00 0.000000e+00 0.000000e+00 0.000000e+00 0.000000e+00 0.000000e+00 0.000000e+00
 0.000000e+00 0.000000e+00 0.000000e+00 0.000000e+00 0.000000e+00 5.000935e-01 4.999065e-01 0.000000e+00 0.000000e+00 0.000000e+00 0.000000e+00 0.000000e+00 0.000000e+00 0.000000e+00 0.000000e+00 0.000000e+00 0.000000e+00 0.000000e+00 0.000000e+00 0.000000e+00 0.000000e+00 0.000000e+00 0.000000e+00 0.000000e+00 0.000000e+00 0.000000e+00 0.000000e+00
 0.000000e+00 0.000000e+00 0.000000e+00 0.000000e+00 0.000000e+00 0.000000e+00 5.014227e-01 4.985773e-01 0.000000e+00 0.000000e+00 0.000000e+00 0.000000e+00 0.000000e+00 0.000000e+00 0.000000e+00 0.000000e+00 0.000000e+00 0.000000e+00 0.000000e+00 0.000000e+00 0.000000e+00 0.000000e+00 0.000000e+00 0.000000e+00 0.000000e+00 0.000000e+00 0.000000e+00
 0.000000e+00 0.000000e+00 0.000000e+00 0.000000e+00 0.000000e+00 0.000000e+00 0.000000e+00 6.428432e-01 3.571568e-01 0.000000e+00 0.000000e+00 0.000000e+00 0.000000e+00 0.000000e+00 0.000000e+00 0.000000e+00 0.000000e+00 0.000000e+00 0.000000e+00 0.000000e+00 0.000000e+00 0.000000e+00 0.000000e+00 0.000000e+00 0.000000e+00 0.000000e+00 0.000000e+00
 0.000000e+00 0.000000e+00 0.000000e+00 0.000000e+00 0.000000e+00 0.000000e+00 0.000000e+00 0.000000e+00 5.818673e-01 4.181327e-01 0.000000e+00 0.000000e+00 0.000000e+00 0.000000e+00 0.000000e+00 0.000000e+00 0.000000e+00 0.000000e+00 0.000000e+00 0.000000e+00 0.000000e+00 0.000000e+00 0.000000e+00 0.000000e+00 0.000000e+00 0.000000e+00 0.000000e+00
 0.000000e+00 0.000000e+00 0.000000e+00 0.000000e+00 0.000000e+00 0.000000e+00 0.000000e+00 0.000000e+00 0.000000e+00 2.869453e-01 7.130547e-01 0.000000e+00 0.000000e+00 0.000000e+00 0.000000e+00 0.000000e+00 0.000000e+00 0.000000e+00 0.000000e+00 0.000000e+00 0.000000e+00 0.000000e+00 0.000000e+00 0.000000e+00 0.000000e+00 0.000000e+00 0.000000e+00
 0.000000e+00 0.000000e+00 0.000000e+00 0.000000e+00 0.000000e+00 0.000000e+00 0.000000e+00 0.000000e+00 0.000000e+00 0.000000e+00 5.833184e-01 4.166816e-01 0.000000e+00 0.000000e+00 0.000000e+00 0.000000e+00 0.000000e+00 0.000000e+00 0.000000e+00 0.000000e+00 0.000000e+00 0.000000e+00 0.000000e+00 0.000000e+00 0.000000e+00 0.000000e+00 0.000000e+00
 0.000000e+00 0.000000e+00 0.000000e+00 0.000000e+00 0.000000e+00 0.000000e+00 0.000000e+00 0.000000e+00 0.000000e+00 0.000000e+00 0.000000e+00 6.430550e-01 3.569451e-01 0.000000e+00 0.000000e+00 0.000000e+00 0.000000e+00 0.000000e+00 0.000000e+00 0.000000e+00 0.000000e+00 0.000000e+00 0.000000e+00 0.000000e+00 0.000000e+00 0.000000e+00 0.000000e+00
 0.000000e+00 0.000000e+00 0.000000e+00 0.000000e+00 0.000000e+00 0.000000e+00 0.000000e+00 0.000000e+00 0.000000e+00 0.000000e+00 0.000000e+00 0.000000e+00 5.451560e-01 4.548440e-01 0.000000e+00 0.000000e+00 0.000000e+00 0.000000e+00 0.000000e+00 0.000000e+00 0.000000e+00 0.000000e+00 0.000000e+00 0.000000e+00 0.000000e+00 0.000000e+00 0.000000e+00
 0.000000e+00 0.000000e+00 0.000000e+00 0.000000e+00 0.000000e+00 0.000000e+00 0.000000e+00 0.000000e+00 0.000000e+00 0.000000e+00 0.000000e+00 0.000000e+00 0.000000e+00 3.786339e-01 6.213661e-01 0.000000e+00 0.000000e+00 0.000000e+00 0.000000e+00 0.000000e+00 0.000000e+00 0.000000e+00 0.000000e+00 0.000000e+00 0.000000e+00 0.000000e+00 0.000000e+00
 0.000000e+00 0.000000e+00 0.000000e+00 0.000000e+00 0.000000e+00 0.000000e+00 0.000000e+00 0.000000e+00 0.000000e+00 0.000000e+00 0.000000e+00 0.000000e+00 0.000000e+00 0.000000e+00 4.978206e-01 5.021795e-01 0.000000e+00 0.000000e+00 0.000000e+00 0.000000e+00 0.000000e+00 0.000000e+00 0.000000e+00 0.000000e+00 0.000000e+00 0.000000e+00 0.000000e+00
 0.000000e+00 0.000000e+00 0.000000e+00 0.000000e+00 0.000000e+00 0.000000e+00 0.000000e+00 0.000000e+00 0.000000e+00 0.000000e+00 0.000000e+00 0.000000e+00 0.000000e+00 0.000000e+00 0.000000e+00 5.831711e-01 4.168289e-01 0.000000e+00 0.000000e+00 0.000000e+00 0.000000e+00 0.000000e+00 0.000000e+00 0.000000e+00 0.000000e+00 0.000000e+00 0.000000e+00
 0.000000e+00 0.000000e+00 0.000000e+00 0.000000e+00 0.000000e+00 0.000000e+00 0.000000e+00 0.000000e+00 0.000000e+00 0.000000e+00 0.000000e+00 0.000000e+00 0.000000e+00 0.000000e+00 0.000000e+00 0.000000e+00 5.452331e-01 4.547670e-01 0.000000e+00 0.000000e+00 0.000000e+00 0.000000e+00 0.000000e+00 0.000000e+00 0.000000e+00 0.000000e+00 0.000000e+00
 0.000000e+00 0.000000e+00 0.000000e+00 0.000000e+00 0.000000e+00 0.000000e+00 0.000000e+00 0.000000e+00 0.000000e+00 0.000000e+00 0.000000e+00 0.000000e+00 0.000000e+00 0.000000e+00 0.000000e+00 0.000000e+00 0.000000e+00 6.154160e-01 3.845840e-01 0.000000e+00 0.000000e+00 0.000000e+00 0.000000e+00 0.000000e+00 0.000000e+00 0.000000e+00 0.000000e+00
 0.000000e+00 0.000000e+00 0.000000e+00 0.000000e+00 0.000000e+00 0.000000e+00 0.000000e+00 0.000000e+00 0.000000e+00 0.000000e+00 0.000000e+00 0.000000e+00 0.000000e+00 0.000000e+00 0.000000e+00 0.000000e+00 0.000000e+00 0.000000e+00 5.001795e-01 4.998205e-01 0.000000e+00 0.000000e+00 0.000000e+00 0.000000e+00 0.000000e+00 0.000000e+00 0.000000e+00
 0.000000e+00 0.000000e+00 0.000000e+00 0.000000e+00 0.000000e+00 0.000000e+00 0.000000e+00 0.000000e+00 0.000000e+00 0.000000e+00 0.000000e+00 0.000000e+00 0.000000e+00 0.000000e+00 0.000000e+00 0.000000e+00 0.000000e+00 0.000000e+00 0.000000e+00 5.454969e-01 4.545031e-01 0.000000e+00 0.000000e+00 0.000000e+00 0.000000e+00 0.000000e+00 0.000000e+00
 0.000000e+00 0.000000e+00 0.000000e+00 0.000000e+00 0.000000e+00 0.000000e+00 0.000000e+00 0.000000e+00 0.000000e+00 0.000000e+00 0.000000e+00 0.000000e+00 0.000000e+00 0.000000e+00 0.000000e+00 0.000000e+00 0.000000e+00 0.000000e+00 0.000000e+00 0.000000e+00 5.838218e-01 4.161783e-01 0.000000e+00 0.000000e+00 0.000000e+00 0.000000e+00 0.000000e+00
 0.000000e+00 0.000000e+00 0.000000e+00 0.000000e+00 0.000000e+00 0.000000e+00 0.000000e+00 0.000000e+00 0.000000e+00 0.000000e+00 0.000000e+00 0.000000e+00 0.000000e+00 0.000000e+00 0.000000e+00 0.000000e+00 0.000000e+00 0.000000e+00 0.000000e+00 0.000000e+00 0.000000e+00 5.858487e-01 4.141513e-01 0.000000e+00 0.000000e+00 0.000000e+00 0.000000e+00
 0.000000e+00 0.000000e+00 0.000000e+00 0.000000e+00 0.000000e+00 0.000000e+00 0.000000e+00 0.000000e+00 0.000000e+00 0.000000e+00 0.000000e+00 0.000000e+00 0.000000e+00 0.000000e+00 0.000000e+00 0.000000e+00 0.000000e+00 0.000000e+00 0.000000e+00 0.000000e+00 0.000000e+00 0.000000e+00 5.418436e-01 4.581564e-01 0.000000e+00 0.000000e+00 0.000000e+00
 0.000000e+00 0.000000e+00 0.000000e+00 0.000000e+00 0.000000e+00 0.000000e+00 0.000000e+00 0.000000e+00 0.000000e+00 0.000000e+00 0.000000e+00 0.000000e+00 0.000000e+00 0.000000e+00 0.000000e+00 0.000000e+00 0.000000e+00 0.000000e+00 0.000000e+00 0.000000e+00 0.000000e+00 0.000000e+00 0.000000e+00 6.144536e-01 3.855464e-01 0.000000e+00 0.000000e+00
 0.000000e+00 0.000000e+00 0.000000e+00 0.000000e+00 0.000000e+00 0.000000e+00 0.000000e+00 0.000000e+00 0.000000e+00 0.000000e+00 0.000000e+00 0.000000e+00 0.000000e+00 0.000000e+00 0.000000e+00 0.000000e+00 0.000000e+00 0.000000e+00 0.000000e+00 0.000000e+00 0.000000e+00 0.000000e+00 0.000000e+00 0.000000e+00 4.461029e-01 5.538971e-01 0.000000e+00
 0.000000e+00 0.000000e+00 0.000000e+00 0.000000e+00 0.000000e+00 0.000000e+00 0.000000e+00 0.000000e+00 0.000000e+00 0.000000e+00 0.000000e+00 0.000000e+00 0.000000e+00 0.000000e+00 0.000000e+00 0.000000e+00 0.000000e+00 0.000000e+00 0.000000e+00 0.000000e+00 0.000000e+00 0.000000e+00 0.000000e+00 0.000000e+00 0.000000e+00 3.752600e-01 6.247400e-01
 0.000000e+00 0.000000e+00 0.000000e+00 0.000000e+00 0.000000e+00 0.000000e+00 0.000000e+00 0.000000e+00 0.000000e+00 0.000000e+00 0.000000e+00 0.000000e+00 0.000000e+00 0.000000e+00 0.000000e+00 0.000000e+00 0.000000e+00 0.000000e+00 0.000000e+00 0.000000e+00 0.000000e+00 0.000000e+00 0.000000e+00 0.000000e+00 0.000000e+00 0.000000e+00 0.000000e+00
<ENDHMM>
