~o
<STREAMINFO> 1 26
<VECSIZE> 26<NULLD><MFCC_E_D><DIAGC>
~h "Tu*o*i"
<BEGINHMM>
<NUMSTATES> 32
<STATE> 2
<MEAN> 26
 -5.395574e+00 -9.334805e+00 -1.951037e+00 -2.311435e+00 2.056260e+00 -5.731753e+00 2.790215e+00 -1.612499e+00 1.280838e-02 -1.836526e+00 3.294686e+00 -1.541320e+00 3.651839e-02 -6.808435e-01 6.759803e-02 8.995473e-02 -1.926752e-01 -3.815454e-02 3.865270e-01 3.044384e-01 9.559000e-01 3.440336e-01 -6.862189e-01 -3.625461e-01 -4.649491e-01 2.239233e-02
<VARIANCE> 26
 7.226898e-01 8.717088e-01 1.264146e+00 3.213156e+00 4.174156e+00 9.787263e+00 5.093503e+00 8.124452e+00 6.651993e+00 8.267612e+00 5.702907e+00 7.748285e+00 5.000000e-02 4.119387e-01 1.542775e-01 4.407154e-01 1.448481e+00 2.249752e+00 1.220058e+00 8.414237e-01 6.615505e-01 6.323814e-01 3.600509e+00 1.347209e+00 8.627775e-01 5.000000e-02
<GCONST> 5.615388e+01
<STATE> 3
<MEAN> 26
 -7.861280e+00 -8.209395e+00 -9.598601e-01 -1.436064e+00 1.521456e+00 -3.392003e+00 2.821554e+00 5.314320e-01 5.616133e-01 -4.832468e+00 1.180258e+00 -2.982456e+00 5.880897e-02 -9.832655e-01 -3.445001e-01 -2.620036e+00 -1.602874e+00 -1.649031e+00 -2.065904e+00 4.740226e-01 8.164595e-01 1.298651e+00 -7.771078e-01 -4.893821e-01 4.479979e-01 1.508617e-01
<VARIANCE> 26
 3.919590e+00 3.590568e+00 1.151541e+01 1.540914e+01 2.007136e+01 1.501829e+01 8.638211e+00 3.605000e+00 9.491772e+00 2.137715e+01 1.510953e+01 7.248454e+00 5.000000e-02 1.858020e+00 3.123480e-01 1.226107e+00 2.347003e+00 7.267187e-01 6.998339e+00 1.422631e+00 2.669199e+00 1.429201e+00 3.711679e-01 1.693522e+00 1.680199e+00 5.000000e-02
<GCONST> 7.265757e+01
<STATE> 4
<MEAN> 26
 -9.823458e+00 -1.038881e+01 -1.064085e+01 -7.690216e+00 -3.907654e+00 -1.202414e+01 3.706305e+00 9.853695e-01 5.159093e+00 -7.939303e+00 1.220768e+00 -1.294625e+00 5.873230e-01 3.374728e-01 -1.622884e+00 -3.542564e+00 -3.506538e+00 -3.343332e+00 -5.268209e+00 -7.596787e-01 9.141054e-01 3.211313e+00 1.907098e-02 -1.218383e+00 9.700596e-01 2.393945e-01
<VARIANCE> 26
 2.402380e+01 3.207543e+00 1.429146e+01 2.966735e+01 2.035037e+01 5.661369e+01 1.936665e+01 3.787382e+01 1.975664e+01 3.023846e+01 2.686415e+01 2.157592e+01 5.000000e-02 4.892340e-01 4.079598e-01 1.006743e+00 1.465344e+00 8.164616e-01 1.546868e+00 1.298792e+00 2.924577e+00 1.973507e+00 1.619856e+00 1.564204e+00 3.984610e-01 5.000000e-02
<GCONST> 7.962449e+01
<STATE> 5
<MEAN> 26
 -5.515918e+00 -1.360190e+01 -1.439912e+01 -1.225019e+01 -1.122425e+01 -2.202514e+01 9.352558e-01 5.232466e+00 1.044913e+01 -2.378193e+00 -2.294389e+00 1.259203e+00 8.795007e-01 1.179543e+00 -1.383016e+00 -1.169508e+00 -1.567578e+00 -1.734109e+00 -1.932201e+00 -1.536854e+00 5.546870e-01 2.489636e+00 2.866235e+00 -2.347892e+00 7.215312e-02 1.075217e-01
<VARIANCE> 26
 1.047298e+01 2.381073e+00 2.098914e+01 1.863138e+01 9.690097e+00 2.269514e+01 2.145821e+01 5.741113e+01 1.442971e+01 1.293677e+01 1.703616e+01 1.072653e+01 5.000000e-02 4.003330e-01 4.027550e-01 4.805324e-01 2.176213e+00 2.547408e+00 7.201204e+00 5.990755e-01 2.975476e+00 5.432324e-01 3.358590e+00 1.509175e+00 1.982042e+00 5.000000e-02
<GCONST> 7.732975e+01
<STATE> 6
<MEAN> 26
 -6.518562e+00 -1.584129e+01 -1.263181e+01 -1.544870e+01 -5.777298e+00 -1.879638e+01 -3.047478e+00 3.115307e+00 1.390156e+01 -3.058875e-01 -7.173489e+00 3.546890e-01 9.374772e-01 7.741717e-01 -2.247103e-01 -6.061441e-01 -1.167106e+00 2.442753e+00 6.890668e-01 -1.850422e+00 -5.714117e-01 1.228679e+00 2.328356e+00 -1.699037e+00 -5.972103e-01 2.665530e-02
<VARIANCE> 26
 7.548450e+00 3.880333e+00 9.772328e+00 1.387906e+01 1.253704e+01 2.041717e+01 1.390254e+01 2.998229e+01 1.264287e+01 1.822823e+01 1.654699e+01 3.931425e+00 5.000000e-02 4.682558e-01 8.410237e-01 3.435471e-01 6.256760e-01 8.495585e-01 1.842179e+00 6.826547e-01 6.673774e-01 1.982643e+00 2.043426e+00 6.885073e-01 1.185712e+00 5.000000e-02
<GCONST> 6.966224e+01
<STATE> 7
<MEAN> 26
 -2.599730e+00 -1.482594e+01 -1.634455e+01 -1.672625e+01 -3.333898e+00 -1.799269e+01 -5.670589e+00 1.852182e+00 1.467370e+01 7.892204e+00 -7.981029e+00 -2.541924e+00 9.584439e-01 1.102002e+00 4.205076e-01 -1.300166e-01 -1.803266e+00 1.727530e+00 1.337561e+00 -2.077004e+00 -5.201597e-01 8.747681e-02 3.067479e+00 -4.687524e-01 -9.801338e-01 8.738237e-03
<VARIANCE> 26
 1.300319e+01 2.144354e+00 9.083894e+00 8.047522e+00 1.361480e+01 1.215012e+01 1.209265e+01 6.106673e+01 2.338888e+01 4.138750e+01 1.145642e+01 8.968527e+00 5.000000e-02 2.175898e-01 4.532276e-01 1.147892e-01 5.200913e-01 3.093416e-01 8.179818e-01 1.286640e+00 2.400398e+00 5.083802e-01 3.032261e+00 1.200688e+00 9.687402e-02 5.000000e-02
<GCONST> 6.553367e+01
<STATE> 8
<MEAN> 26
 -1.217562e+00 -1.284617e+01 -1.570093e+01 -1.908545e+01 -1.021463e+00 -1.619374e+01 -7.118927e+00 1.582916e+00 1.365965e+01 1.064809e+01 -7.174040e+00 -3.899298e+00 9.717819e-01 5.348370e-01 8.568609e-01 4.141144e-01 -1.792669e+00 9.094008e-01 6.056502e-01 1.116417e-01 -9.204559e-02 -1.554063e+00 1.718180e+00 9.826996e-01 -2.448757e-01 6.231260e-03
<VARIANCE> 26
 2.105432e+01 3.797057e+00 7.839434e+00 8.920853e+00 2.110063e+01 3.987847e+00 1.770590e+00 1.932632e+01 1.951660e+01 6.777869e+01 9.207805e+00 5.208288e+00 5.000000e-02 5.000000e-02 1.203041e-01 1.215520e-01 4.491141e-01 6.030774e-01 1.098773e+00 2.315128e+00 7.415017e+00 1.774853e+00 2.864521e-01 8.626118e-01 4.696396e-01 5.000000e-02
<GCONST> 6.227544e+01
<STATE> 9
<MEAN> 26
 -2.757355e+00 -1.343288e+01 -1.182888e+01 -2.325779e+01 -2.911959e-01 -1.244586e+01 -9.491383e+00 4.169051e+00 1.025651e+01 1.188864e+01 -7.195938e+00 -1.132593e+00 9.699497e-01 2.251346e-01 -3.214769e-03 4.405805e-01 -1.114416e+00 3.226350e-01 6.477842e-01 1.661802e-02 -8.196027e-02 -8.740916e-01 1.880085e+00 3.707617e-01 3.536870e-01 8.002775e-03
<VARIANCE> 26
 6.982831e+00 3.837323e+00 7.349566e+00 7.056153e+00 9.659937e+00 3.768709e+01 2.477761e+01 1.978806e+01 1.736048e+01 3.317377e+01 7.276977e+00 8.034789e+00 5.000000e-02 9.874612e-02 4.822309e-01 7.539656e-02 2.195791e-01 2.767716e-01 1.061637e+00 3.052535e+00 1.222893e+00 1.048962e+00 2.632254e+00 6.594010e-01 1.127631e-01 5.000000e-02
<GCONST> 6.291052e+01
<STATE> 10
<MEAN> 26
 3.617223e-01 -1.204735e+01 -1.483581e+01 -2.299701e+01 3.295579e-01 -1.659876e+01 -3.211986e+00 1.467585e+00 8.797294e+00 1.479882e+01 -5.009934e+00 -3.690003e+00 9.844782e-01 -2.285840e-01 5.073681e-02 9.165300e-02 -1.503561e-01 6.044199e-01 3.146411e-01 1.295435e+00 -7.804383e-01 9.241363e-01 -9.471843e-01 2.993343e-01 -1.574278e-01 -1.127645e-03
<VARIANCE> 26
 1.320873e+01 4.021743e+00 1.584994e+01 2.101580e+01 1.395203e+01 3.608908e+01 5.377357e+01 2.398481e+01 2.781271e+01 3.097898e+01 8.095709e+00 7.136959e+00 5.000000e-02 3.117379e-01 9.215599e-01 8.796682e-01 6.316060e-01 1.024651e+00 1.253858e+00 1.857617e+00 5.754243e-01 5.522720e-01 7.615563e-01 1.352905e+00 4.082239e-01 5.000000e-02
<GCONST> 7.279605e+01
<STATE> 11
<MEAN> 26
 -3.967496e+00 -1.254036e+01 -1.379433e+01 -2.239322e+01 3.149008e-01 -1.120334e+01 -6.321507e+00 -1.986073e-01 1.488392e+01 7.041920e+00 -5.910295e+00 -2.985915e+00 9.838929e-01 -1.621058e-01 -1.135516e-01 -3.140637e-01 7.195324e-01 -2.857025e-01 -8.193579e-02 4.928826e-01 7.497438e-01 1.567522e-01 -1.123229e+00 -8.708722e-02 -3.862354e-01 5.374441e-04
<VARIANCE> 26
 6.679004e+00 1.876040e+00 8.213147e+00 1.404344e+01 3.547483e+00 2.125103e+01 2.178149e+01 6.799086e+00 1.237300e+01 3.030600e+01 3.535139e+00 1.147764e+01 5.000000e-02 1.214178e-01 3.347225e-01 7.011275e-02 3.417170e-01 6.891646e-01 1.052672e+00 9.047814e-01 8.196831e-01 8.879235e-01 1.623288e+00 6.908531e-01 2.967610e-01 5.000000e-02
<GCONST> 5.924656e+01
<STATE> 12
<MEAN> 26
 -3.253867e+00 -1.259408e+01 -1.389320e+01 -2.078080e+01 3.631344e-01 -1.279136e+01 -2.753580e+00 2.645478e+00 1.375428e+01 8.334934e+00 -5.634911e+00 -2.829523e+00 9.774897e-01 -3.203457e-01 -4.888535e-01 -5.113055e-01 2.105107e+00 -5.670628e-01 -1.244528e+00 8.927564e-01 4.165840e-01 5.359580e-01 -2.321701e+00 -9.310836e-01 -3.233842e-01 -5.043592e-03
<VARIANCE> 26
 1.325065e+01 2.133928e+00 1.149205e+01 8.007816e+00 1.106510e+01 5.926905e+01 5.197997e+01 3.916034e+00 1.224825e+01 3.484072e+01 6.244549e+00 8.746197e+00 5.000000e-02 5.803675e-02 4.826630e-01 5.069038e-01 9.881239e-02 3.456303e-01 5.584168e-02 5.672626e-01 1.136220e+00 2.681914e+00 2.902502e+00 3.391477e-01 9.893218e-01 5.000000e-02
<GCONST> 6.151987e+01
<STATE> 13
<MEAN> 26
 -1.718739e+00 -1.426374e+01 -1.631678e+01 -1.608607e+01 3.362068e-01 -1.920257e+01 -6.806324e-01 4.254652e+00 1.122960e+01 5.472417e+00 -7.451974e+00 -4.794398e+00 9.749800e-01 -6.590821e-01 -6.120829e-01 -1.524741e-01 2.467666e+00 -2.252428e+00 -3.494808e-01 -4.175427e-01 9.261087e-01 -8.157023e-01 -2.528461e+00 -1.079065e-01 8.626574e-01 -3.515960e-03
<VARIANCE> 26
 1.154103e+01 1.173204e+00 7.564745e+00 1.470870e+01 6.630807e+00 4.026357e+01 4.107634e+01 8.597881e+00 3.773429e+01 4.172165e+01 3.029412e+00 1.048431e+01 5.000000e-02 4.133814e-01 5.955434e-01 9.376848e-01 1.575826e-01 6.962724e-01 8.078967e-01 2.844600e+00 1.623250e+00 1.098273e+00 2.085473e+00 1.098169e+00 7.443180e-01 5.000000e-02
<GCONST> 6.965266e+01
<STATE> 14
<MEAN> 26
 -4.200030e+00 -1.543795e+01 -1.545513e+01 -1.204390e+01 -6.437286e+00 -1.760580e+01 -6.680080e-01 3.061668e+00 1.070683e+01 -2.053805e+00 -6.144272e+00 -3.445848e+00 9.613923e-01 -3.017863e-01 -5.290473e-01 1.210882e+00 1.104073e+00 -2.178904e+00 -1.957781e+00 1.461869e+00 5.156019e-01 -1.957598e+00 -1.053565e+00 1.630565e+00 9.728704e-01 1.170405e-03
<VARIANCE> 26
 3.658943e+00 2.886622e+00 1.137232e+01 1.934874e+01 1.946905e+00 2.919961e+01 3.590332e+01 1.461920e+01 5.307087e+01 5.657065e+01 1.859302e+01 1.103869e+01 5.000000e-02 2.200447e-01 2.602525e-01 2.328999e-01 9.951531e-01 1.442569e+00 9.022961e-01 5.824874e-01 5.406302e-01 9.636963e-01 1.944522e+00 7.093440e-01 6.508548e-01 5.000000e-02
<GCONST> 6.782054e+01
<STATE> 15
<MEAN> 26
 -5.320914e+00 -1.558811e+01 -1.019272e+01 -1.360760e+01 -1.043204e+01 -1.974156e+01 1.400937e-01 4.340824e+00 7.036003e+00 1.210019e+00 -3.475771e+00 9.160502e-02 9.698572e-01 -2.254729e-01 -1.741483e-01 2.347415e+00 4.627962e-01 -2.849433e+00 -1.881315e+00 1.578896e+00 -5.586406e-01 -3.117099e+00 1.485409e+00 1.916249e+00 1.493430e-01 -7.010921e-03
<VARIANCE> 26
 3.593106e+00 1.525584e+00 1.200393e+01 1.042707e+01 7.013245e+00 2.394407e+01 2.802971e+01 1.018407e+01 1.796931e+01 1.753985e+01 9.247324e+00 5.852347e+00 5.000000e-02 5.000000e-02 6.798027e-02 3.509817e-01 6.985146e-01 6.265724e-01 7.127903e-01 2.272078e+00 1.571414e+00 1.613531e+00 3.138865e-01 1.297996e+00 1.218904e+00 5.000000e-02
<GCONST> 6.200129e+01
<STATE> 16
<MEAN> 26
 -3.682170e+00 -1.622815e+01 -8.896988e+00 -1.028116e+01 -1.503089e+01 -2.476576e+01 7.825178e+00 9.568227e-01 1.022840e+00 4.624403e+00 1.623301e+00 5.143352e-01 9.500876e-01 1.604155e-01 -3.305651e-02 2.184705e+00 -5.727552e-01 -1.771061e+00 -3.258161e-01 8.912862e-01 -1.559152e+00 -8.616966e-01 2.721060e+00 -7.009705e-02 1.986892e-01 -1.436114e-02
<VARIANCE> 26
 5.328739e+00 2.628716e+00 2.694199e+01 1.197533e+01 1.423325e+01 2.329579e+01 7.986952e+01 5.720441e+01 2.145542e+01 3.944531e+01 6.015553e+00 8.087389e+00 5.000000e-02 1.035893e-01 1.041518e-01 1.585170e+00 5.105184e-01 8.456720e-01 2.412533e+00 1.671123e+00 2.651001e+00 3.192596e+00 3.919768e-01 1.355507e+00 1.466649e+00 5.000000e-02
<GCONST> 7.343797e+01
<STATE> 17
<MEAN> 26
 -4.642656e+00 -1.566297e+01 -7.907397e-01 -1.528053e+01 -1.601626e+01 -2.159403e+01 3.200618e+00 1.822521e+00 3.124830e-01 1.202248e+01 -3.542529e+00 -1.510985e+00 9.095399e-01 3.158092e-01 -5.899289e-01 2.244211e+00 -1.859164e+00 7.098839e-02 1.165425e+00 2.414642e-01 -1.365165e+00 -5.691697e-01 2.329823e+00 -2.555951e+00 -3.004233e-01 -2.992330e-02
<VARIANCE> 26
 1.035765e+01 1.600955e+00 1.180652e+01 3.835331e+00 9.624458e+00 5.498370e+01 4.148857e+01 3.025316e+01 1.435273e+01 3.785182e+01 1.182536e+01 1.318486e+01 5.000000e-02 1.906747e-01 9.521739e-02 3.942337e-01 7.359871e-01 1.916957e-01 1.246922e+00 2.131905e+00 1.586834e+00 2.086744e+00 8.112808e-01 8.477381e-01 3.639855e+00 5.000000e-02
<GCONST> 6.936255e+01
<STATE> 18
<MEAN> 26
 -4.245859e+00 -1.745155e+01 8.823668e-01 -1.830702e+01 -1.511884e+01 -2.016147e+01 5.265923e+00 -3.916392e+00 1.213069e+00 1.497292e+01 -6.925511e+00 -2.736410e-01 8.506948e-01 1.018567e+00 -3.805456e-01 1.399724e+00 -1.589287e+00 5.346583e-01 1.351574e+00 -7.366251e-01 -1.307994e+00 -9.078615e-01 5.316189e-01 -2.556425e+00 6.681989e-01 -3.234005e-02
<VARIANCE> 26
 6.556134e+00 5.000000e-02 1.450226e+01 1.203636e+00 1.107987e+00 4.127112e+01 1.991613e+01 1.889927e+01 4.031460e+01 1.600005e+01 1.537844e+01 2.959189e+01 5.000000e-02 1.878729e-01 1.112571e-01 6.234530e-01 3.196900e-01 1.952479e-01 3.916534e-01 2.721459e+00 2.496236e+00 7.154545e-01 2.178113e+00 1.577837e+00 8.661574e-01 5.000000e-02
<GCONST> 6.050107e+01
<STATE> 19
<MEAN> 26
 -1.645560e+00 -1.728025e+01 2.370195e+00 -1.989161e+01 -1.570622e+01 -1.782871e+01 1.879253e+00 -4.381803e+00 -9.245984e-01 1.280828e+01 -1.187931e+01 3.706435e-01 8.078655e-01 1.339915e+00 -1.767613e-01 7.164435e-01 -2.327703e-01 8.903728e-01 9.960543e-01 -1.058673e+00 5.506015e-01 7.760412e-01 -1.375040e+00 -1.100410e+00 9.065708e-01 -4.054623e-02
<VARIANCE> 26
 1.263771e+01 1.377928e+00 1.826780e+01 7.215802e+00 9.245819e+00 4.372647e+01 1.273383e+01 1.382757e+01 5.373197e+00 2.372332e+01 4.176763e+01 1.932321e+01 5.000000e-02 3.376396e-01 4.158473e-01 2.718202e-01 1.041441e+00 2.783908e-01 4.220645e+00 3.029407e+00 2.695865e+00 1.783305e+00 1.236333e+00 1.040905e+00 1.493257e+00 5.000000e-02
<GCONST> 7.251417e+01
<STATE> 20
<MEAN> 26
 1.480267e-01 -1.857397e+01 3.229920e+00 -1.841366e+01 -1.153809e+01 -1.655937e+01 1.499815e+00 -7.669958e-01 3.362509e+00 8.144290e+00 -1.010022e+01 3.536532e+00 7.086504e-01 9.447362e-01 -1.254497e-01 -3.022097e-01 1.865301e+00 6.087669e-01 1.007023e+00 -5.957422e-01 6.207845e-02 6.193122e-01 -3.112063e+00 5.340829e-02 -3.567675e-01 -5.348410e-02
<VARIANCE> 26
 7.784818e+00 3.408630e+00 9.183304e+00 1.177455e+01 3.080588e+00 3.112634e+01 6.653518e+00 2.988789e+00 3.428332e+01 2.307497e+01 1.715408e+01 4.444726e+00 5.000000e-02 2.754733e-01 7.453084e-01 5.584834e-01 2.087308e+00 8.376917e-01 1.681605e+00 1.061322e+00 2.845770e+00 3.872763e+00 5.750846e-01 4.996604e+00 1.968856e+00 5.000000e-02
<GCONST> 7.142076e+01
<STATE> 21
<MEAN> 26
 1.361632e+00 -1.818074e+01 7.073723e-01 -1.130072e+01 -1.239605e+01 -1.515622e+01 -2.578324e+00 -3.816090e+00 4.469566e+00 2.230637e+00 -1.031862e+01 -6.243862e-01 5.473435e-01 4.648639e-01 7.790383e-01 -1.277331e+00 1.587459e+00 1.063445e+00 -1.974065e-01 -1.114811e+00 -2.767926e-01 -3.915123e-01 -8.899372e-01 1.256613e+00 -1.255065e+00 -4.684595e-02
<VARIANCE> 26
 9.572180e+00 4.944345e+00 5.176208e+00 4.169837e+01 4.533752e+00 3.317711e+01 6.005665e+00 1.026263e+01 5.350587e+01 2.729501e+01 2.362811e+01 3.697243e+00 5.000000e-02 1.113034e-01 3.318800e-01 5.639121e-01 6.988784e-01 1.101201e+00 1.159220e+00 6.155078e-01 1.354126e+00 5.567060e-01 5.520005e+00 5.744605e+00 5.128203e-01 5.000000e-02
<GCONST> 6.995160e+01
<STATE> 22
<MEAN> 26
 3.795854e+00 -1.530114e+01 -1.503969e+00 -1.126225e+01 -1.055671e+01 -1.624840e+01 2.233572e-01 -1.884921e+00 -1.126238e+00 1.294300e+00 -9.762211e+00 -3.988186e+00 5.735272e-01 4.317551e-01 2.448469e-01 -6.285954e-01 2.659702e+00 8.340279e-01 1.767903e+00 -4.131478e-01 -6.754358e-01 9.635431e-02 -2.070045e+00 1.227338e+00 -1.350803e+00 -5.141187e-02
<VARIANCE> 26
 8.327305e+00 1.034314e+00 2.335073e+01 3.958755e+01 8.792750e+00 2.774773e+01 8.147165e+00 6.580407e+00 3.378461e+01 2.854393e+01 3.735077e+01 7.381749e+00 5.000000e-02 4.303792e-01 2.327263e-01 3.784493e-01 2.640427e+00 1.440844e+00 2.370622e+00 2.479432e+00 1.428258e+00 2.234071e+00 2.009569e+00 1.388041e+00 6.313015e-01 5.000000e-02
<GCONST> 7.430624e+01
<STATE> 23
<MEAN> 26
 2.796760e+00 -1.633266e+01 -2.193371e+00 -4.568508e+00 -7.466211e+00 -1.150281e+01 -3.687044e+00 -3.174634e+00 2.870549e+00 -1.442122e+00 -3.214692e+00 -2.644867e+00 4.325558e-01 -3.360362e-02 -8.675487e-02 -8.085304e-01 1.374130e+00 -3.680077e-01 -3.716185e-01 -4.736986e-03 1.325191e+00 3.400858e-01 -1.098821e+00 1.175338e+00 3.511621e-01 -2.626849e-02
<VARIANCE> 26
 2.732598e+00 6.366875e+00 1.766620e+01 1.156317e+01 1.918456e+01 6.110556e+00 1.295671e+01 1.792045e+01 1.865612e+01 6.335089e+00 2.790339e+01 8.194007e+00 5.000000e-02 3.812937e-01 5.535427e-01 9.943269e-01 2.820078e+00 1.363437e+00 2.332519e+00 2.740156e+00 1.303194e+00 3.895137e-01 1.346167e+00 2.744023e+00 7.730097e-01 5.000000e-02
<GCONST> 7.239691e+01
<STATE> 24
<MEAN> 26
 2.631462e+00 -1.524148e+01 -3.323572e+00 -5.441355e+00 -1.136088e+01 -1.496443e+01 -1.651297e+00 -9.852429e-01 2.117031e+00 -3.823301e+00 -4.845978e+00 -3.435137e+00 4.178282e-01 -4.406874e-01 5.324879e-01 -5.335210e-01 1.224278e-01 -1.457670e-01 -1.138143e+00 5.643063e-02 9.361820e-01 7.500553e-01 4.961455e-01 8.919457e-01 8.040226e-01 -2.068880e-02
<VARIANCE> 26
 1.471096e+00 1.949213e+01 8.172225e+00 1.052745e+01 1.485598e+01 6.134768e+00 3.085900e+01 1.126442e+01 2.102833e+01 1.692898e+00 5.415916e+00 1.818167e+01 5.000000e-02 1.713164e-01 4.562972e-01 3.676579e-01 1.354210e+00 8.752276e-01 5.994129e-01 5.533401e-01 1.410348e+00 5.660142e-01 3.163049e-01 3.202601e+00 3.486325e+00 5.000000e-02
<GCONST> 6.468296e+01
<STATE> 25
<MEAN> 26
 1.683797e+00 -1.493903e+01 -4.761450e+00 -4.338575e+00 -9.168043e+00 -1.616734e+01 -6.925905e-01 2.470855e+00 4.136615e+00 -6.765706e-01 6.779963e-01 -5.496236e-01 3.887549e-01 -6.575729e-01 7.254416e-01 -4.453886e-01 -2.375375e-01 1.001531e+00 4.981224e-01 8.655020e-01 6.035729e-02 1.190534e-01 1.105196e+00 1.526263e+00 5.674821e-01 -2.644261e-02
<VARIANCE> 26
 1.848912e+00 2.591164e+00 1.380924e+01 3.703560e+00 3.907156e+00 1.333833e+01 1.439002e+01 1.363761e+01 1.904529e+01 4.205185e+00 2.043603e+01 8.595906e+00 5.000000e-02 1.584824e-01 5.353222e-01 1.014688e+00 1.433152e+00 1.547284e+00 5.891139e-01 1.946876e+00 1.572101e+00 2.789746e-01 1.320639e+00 2.280864e+00 1.747699e+00 5.000000e-02
<GCONST> 6.539702e+01
<STATE> 26
<MEAN> 26
 3.286011e-01 -1.330510e+01 -6.242971e+00 -6.255361e+00 -8.234429e+00 -1.363300e+01 -1.046195e-01 -4.028243e-02 4.260257e+00 1.916911e+00 2.011499e+00 3.022112e-02 3.120472e-01 -4.771005e-01 9.310486e-01 3.125304e-02 -2.508492e-01 8.319205e-01 1.542554e+00 4.434486e-01 -1.653006e-01 -5.341960e-02 1.206627e+00 1.594492e+00 9.026695e-02 -2.245664e-02
<VARIANCE> 26
 8.375378e+00 1.779255e+00 1.244611e+01 2.254383e+01 3.838310e+00 2.869115e+00 1.793752e+01 9.115796e+00 2.638770e+01 1.115206e+01 1.554603e+01 2.414482e+01 5.000000e-02 2.263165e-01 3.035900e-01 3.727675e-01 1.665998e-01 7.103333e-01 3.679894e-01 3.355636e-01 8.555781e-01 1.007965e+00 3.709538e-01 1.581722e+00 4.160131e-01 5.000000e-02
<GCONST> 5.979127e+01
<STATE> 27
<MEAN> 26
 1.044141e+00 -1.144268e+01 -4.961637e+00 -5.564016e+00 -6.283337e+00 -1.149850e+01 1.469213e+00 3.643365e-01 3.561477e+00 2.658469e+00 3.226615e+00 -1.324696e-01 3.311459e-01 3.295762e-01 4.634272e-01 2.576008e-01 -5.922319e-02 8.085792e-01 1.269408e+00 -3.253343e-01 -6.186550e-01 -1.770961e-01 1.750896e-01 4.291120e-01 -1.826006e-01 -3.105027e-03
<VARIANCE> 26
 3.488061e+00 1.389604e+01 5.675210e+00 1.069996e+01 8.252889e+00 4.707073e+00 8.032949e+00 6.038749e+00 9.927271e+00 1.435025e+01 4.077041e+00 1.577433e+00 5.000000e-02 9.376912e-01 9.010623e-01 3.958703e-01 4.173590e-01 1.886230e-01 1.417946e+00 1.656620e+00 7.163554e-01 8.291136e-01 1.479478e+00 6.613923e-01 5.649162e-01 5.000000e-02
<GCONST> 6.024546e+01
<STATE> 28
<MEAN> 26
 1.171263e+00 -1.227134e+01 -4.929723e+00 -6.724101e+00 -5.480740e+00 -1.019650e+01 -2.414354e+00 -1.083408e+00 3.913227e+00 1.090313e+00 2.121278e+00 -2.161936e+00 3.198788e-01 -1.305557e+00 -2.721613e-01 -1.502993e-01 2.478701e-02 9.800221e-01 5.526340e-02 -9.462000e-01 -1.475820e-01 6.583958e-01 -7.001033e-02 -9.757616e-02 -4.556532e-01 -5.381223e-02
<VARIANCE> 26
 6.233568e+00 1.660533e+01 6.314893e+00 2.667686e+00 6.134323e+00 8.504704e+00 3.751153e+00 6.295078e+00 9.972774e+00 8.866035e+00 1.363731e+01 7.721714e+00 5.000000e-02 1.057563e+00 9.506699e-01 7.739802e-02 5.681809e-01 1.141789e+00 1.263911e+00 3.816210e-01 5.335155e-01 2.095248e+00 9.475431e-01 7.245914e-01 3.824064e-01 5.000000e-02
<GCONST> 6.057126e+01
<STATE> 29
<MEAN> 26
 -3.102225e+00 -1.173831e+01 -4.695598e+00 -4.873361e+00 -3.725683e+00 -1.131845e+01 -2.147370e+00 4.606182e-01 6.390097e+00 2.431978e+00 3.988647e+00 -6.375653e-01 1.374048e-01 -1.208698e+00 5.179998e-01 4.209188e-01 6.458050e-01 6.021891e-01 -8.404541e-01 -1.285679e-01 4.460109e-01 3.878038e-01 3.303667e-01 8.644211e-01 2.317655e-01 -5.770496e-02
<VARIANCE> 26
 6.224630e+00 6.512533e+00 5.711507e-01 1.052580e+01 9.772395e+00 2.087421e+01 3.067466e+00 1.356827e+01 1.551852e+01 7.371375e+00 4.604202e+00 5.893405e+00 5.000000e-02 8.137040e-01 4.327386e-01 5.667200e-01 7.356803e-01 1.385513e+00 7.794746e-01 2.395103e-01 1.276662e+00 1.374009e+00 1.311752e+00 1.026237e+00 3.539112e-01 5.000000e-02
<GCONST> 6.092609e+01
<STATE> 30
<MEAN> 26
 -4.300817e+00 -1.202642e+01 -3.887600e+00 -3.501196e+00 -2.683393e+00 -1.290940e+01 -3.732249e+00 -9.204119e-01 4.385790e+00 2.136667e+00 4.731864e+00 -1.805552e+00 8.000420e-02 -1.217870e+00 2.307933e-01 3.591341e-01 3.042346e-01 5.461245e-01 1.218769e+00 1.020634e+00 -3.338258e-01 -1.924318e-01 -2.697534e-01 8.894451e-02 2.370182e-01 -5.959867e-02
<VARIANCE> 26
 2.614465e+00 4.275602e+00 9.481454e-01 9.242670e+00 2.631831e+00 1.093961e+01 5.512129e+00 1.503231e+01 7.610077e+00 8.714436e+00 8.799119e+00 1.289249e+01 5.000000e-02 1.130289e-01 1.100080e-01 2.547966e-01 1.838301e-01 9.821250e-01 1.306411e+00 6.340480e-01 7.144650e-01 2.910779e+00 9.172263e-01 1.018987e+00 3.983306e-01 5.000000e-02
<GCONST> 5.517029e+01
<STATE> 31
<MEAN> 26
 -5.661893e+00 -1.087802e+01 -2.899004e+00 -4.674964e+00 -3.024247e+00 -7.596646e+00 2.415089e+00 -1.092555e+00 3.437179e+00 4.431977e-01 3.740200e+00 -3.218659e-01 -2.489740e-03 -8.599170e-01 1.374317e-01 6.885348e-02 3.026979e-01 4.653707e-01 1.274895e+00 1.303199e+00 1.058569e+00 7.930089e-01 -1.340134e-01 -6.986359e-02 3.863264e-01 -2.980090e-02
<VARIANCE> 26
 1.279379e+00 3.497499e+00 5.533772e-01 9.163136e+00 3.351601e+00 6.219562e+00 9.273387e+00 1.689765e+00 7.247884e+00 5.669509e+00 1.753479e+01 4.249172e+00 5.000000e-02 1.094658e-01 4.112323e-01 5.000000e-02 3.119217e-01 4.335722e-01 9.927384e-01 3.283378e-01 8.900676e-01 1.243336e+00 1.113207e+00 1.607429e-01 9.532843e-01 5.000000e-02
<GCONST> 4.784546e+01
<TRANSP> 32
 0.000000e+00 1.000000e+00 0.000000e+00 0.000000e+00 0.000000e+00 0.000000e+00 0.000000e+00 0.000000e+00 0.000000e+00 0.000000e+00 0.000000e+00 0.000000e+00 0.000000e+00 0.000000e+00 0.000000e+00 0.000000e+00 0.000000e+00 0.000000e+00 0.000000e+00 0.000000e+00 0.000000e+00 0.000000e+00 0.000000e+00 0.000000e+00 0.000000e+00 0.000000e+00 0.000000e+00 0.000000e+00 0.000000e+00 0.000000e+00 0.000000e+00 0.000000e+00
 0.000000e+00 5.000178e-01 4.999822e-01 0.000000e+00 0.000000e+00 0.000000e+00 0.000000e+00 0.000000e+00 0.000000e+00 0.000000e+00 0.000000e+00 0.000000e+00 0.000000e+00 0.000000e+00 0.000000e+00 0.000000e+00 0.000000e+00 0.000000e+00 0.000000e+00 0.000000e+00 0.000000e+00 0.000000e+00 0.000000e+00 0.000000e+00 0.000000e+00 0.000000e+00 0.000000e+00 0.000000e+00 0.000000e+00 0.000000e+00 0.000000e+00 0.000000e+00
 0.000000e+00 0.000000e+00 4.442220e-01 5.557780e-01 0.000000e+00 0.000000e+00 0.000000e+00 0.000000e+00 0.000000e+00 0.000000e+00 0.000000e+00 0.000000e+00 0.000000e+00 0.000000e+00 0.000000e+00 0.000000e+00 0.000000e+00 0.000000e+00 0.000000e+00 0.000000e+00 0.000000e+00 0.000000e+00 0.000000e+00 0.000000e+00 0.000000e+00 0.000000e+00 0.000000e+00 0.000000e+00 0.000000e+00 0.000000e+00 0.000000e+00 0.000000e+00
 0.000000e+00 0.000000e+00 0.000000e+00 3.752555e-01 6.247445e-01 0.000000e+00 0.000000e+00 0.000000e+00 0.000000e+00 0.000000e+00 0.000000e+00 0.000000e+00 0.000000e+00 0.000000e+00 0.000000e+00 0.000000e+00 0.000000e+00 0.000000e+00 0.000000e+00 0.000000e+00 0.000000e+00 0.000000e+00 0.000000e+00 0.000000e+00 0.000000e+00 0.000000e+00 0.000000e+00 0.000000e+00 0.000000e+00 0.000000e+00 0.000000e+00 0.000000e+00
 0.000000e+00 0.000000e+00 0.000000e+00 0.000000e+00 3.747251e-01 6.252749e-01 0.000000e+00 0.000000e+00 0.000000e+00 0.000000e+00 0.000000e+00 0.000000e+00 0.000000e+00 0.000000e+00 0.000000e+00 0.000000e+00 0.000000e+00 0.000000e+00 0.000000e+00 0.000000e+00 0.000000e+00 0.000000e+00 0.000000e+00 0.000000e+00 0.000000e+00 0.000000e+00 0.000000e+00 0.000000e+00 0.000000e+00 0.000000e+00 0.000000e+00 0.000000e+00
 0.000000e+00 0.000000e+00 0.000000e+00 0.000000e+00 0.000000e+00 5.001473e-01 4.998527e-01 0.000000e+00 0.000000e+00 0.000000e+00 0.000000e+00 0.000000e+00 0.000000e+00 0.000000e+00 0.000000e+00 0.000000e+00 0.000000e+00 0.000000e+00 0.000000e+00 0.000000e+00 0.000000e+00 0.000000e+00 0.000000e+00 0.000000e+00 0.000000e+00 0.000000e+00 0.000000e+00 0.000000e+00 0.000000e+00 0.000000e+00 0.000000e+00 0.000000e+00
 0.000000e+00 0.000000e+00 0.000000e+00 0.000000e+00 0.000000e+00 0.000000e+00 2.857694e-01 7.142306e-01 0.000000e+00 0.000000e+00 0.000000e+00 0.000000e+00 0.000000e+00 0.000000e+00 0.000000e+00 0.000000e+00 0.000000e+00 0.000000e+00 0.000000e+00 0.000000e+00 0.000000e+00 0.000000e+00 0.000000e+00 0.000000e+00 0.000000e+00 0.000000e+00 0.000000e+00 0.000000e+00 0.000000e+00 0.000000e+00 0.000000e+00 0.000000e+00
 0.000000e+00 0.000000e+00 0.000000e+00 0.000000e+00 0.000000e+00 0.000000e+00 0.000000e+00 3.749096e-01 6.250905e-01 0.000000e+00 0.000000e+00 0.000000e+00 0.000000e+00 0.000000e+00 0.000000e+00 0.000000e+00 0.000000e+00 0.000000e+00 0.000000e+00 0.000000e+00 0.000000e+00 0.000000e+00 0.000000e+00 0.000000e+00 0.000000e+00 0.000000e+00 0.000000e+00 0.000000e+00 0.000000e+00 0.000000e+00 0.000000e+00 0.000000e+00
 0.000000e+00 0.000000e+00 0.000000e+00 0.000000e+00 0.000000e+00 0.000000e+00 0.000000e+00 0.000000e+00 3.750031e-01 6.249970e-01 0.000000e+00 0.000000e+00 0.000000e+00 0.000000e+00 0.000000e+00 0.000000e+00 0.000000e+00 0.000000e+00 0.000000e+00 0.000000e+00 0.000000e+00 0.000000e+00 0.000000e+00 0.000000e+00 0.000000e+00 0.000000e+00 0.000000e+00 0.000000e+00 0.000000e+00 0.000000e+00 0.000000e+00 0.000000e+00
 0.000000e+00 0.000000e+00 0.000000e+00 0.000000e+00 0.000000e+00 0.000000e+00 0.000000e+00 0.000000e+00 0.000000e+00 4.445180e-01 5.554820e-01 0.000000e+00 0.000000e+00 0.000000e+00 0.000000e+00 0.000000e+00 0.000000e+00 0.000000e+00 0.000000e+00 0.000000e+00 0.000000e+00 0.000000e+00 0.000000e+00 0.000000e+00 0.000000e+00 0.000000e+00 0.000000e+00 0.000000e+00 0.000000e+00 0.000000e+00 0.000000e+00 0.000000e+00
 0.000000e+00 0.000000e+00 0.000000e+00 0.000000e+00 0.000000e+00 0.000000e+00 0.000000e+00 0.000000e+00 0.000000e+00 0.000000e+00 5.833433e-01 4.166567e-01 0.000000e+00 0.000000e+00 0.000000e+00 0.000000e+00 0.000000e+00 0.000000e+00 0.000000e+00 0.000000e+00 0.000000e+00 0.000000e+00 0.000000e+00 0.000000e+00 0.000000e+00 0.000000e+00 0.000000e+00 0.000000e+00 0.000000e+00 0.000000e+00 0.000000e+00 0.000000e+00
 0.000000e+00 0.000000e+00 0.000000e+00 0.000000e+00 0.000000e+00 0.000000e+00 0.000000e+00 0.000000e+00 0.000000e+00 0.000000e+00 0.000000e+00 1.666247e-01 8.333753e-01 0.000000e+00 0.000000e+00 0.000000e+00 0.000000e+00 0.000000e+00 0.000000e+00 0.000000e+00 0.000000e+00 0.000000e+00 0.000000e+00 0.000000e+00 0.000000e+00 0.000000e+00 0.000000e+00 0.000000e+00 0.000000e+00 0.000000e+00 0.000000e+00 0.000000e+00
 0.000000e+00 0.000000e+00 0.000000e+00 0.000000e+00 0.000000e+00 0.000000e+00 0.000000e+00 0.000000e+00 0.000000e+00 0.000000e+00 0.000000e+00 0.000000e+00 3.749929e-01 6.250072e-01 0.000000e+00 0.000000e+00 0.000000e+00 0.000000e+00 0.000000e+00 0.000000e+00 0.000000e+00 0.000000e+00 0.000000e+00 0.000000e+00 0.000000e+00 0.000000e+00 0.000000e+00 0.000000e+00 0.000000e+00 0.000000e+00 0.000000e+00 0.000000e+00
 0.000000e+00 0.000000e+00 0.000000e+00 0.000000e+00 0.000000e+00 0.000000e+00 0.000000e+00 0.000000e+00 0.000000e+00 0.000000e+00 0.000000e+00 0.000000e+00 0.000000e+00 3.749927e-01 6.250073e-01 0.000000e+00 0.000000e+00 0.000000e+00 0.000000e+00 0.000000e+00 0.000000e+00 0.000000e+00 0.000000e+00 0.000000e+00 0.000000e+00 0.000000e+00 0.000000e+00 0.000000e+00 0.000000e+00 0.000000e+00 0.000000e+00 0.000000e+00
 0.000000e+00 0.000000e+00 0.000000e+00 0.000000e+00 0.000000e+00 0.000000e+00 0.000000e+00 0.000000e+00 0.000000e+00 0.000000e+00 0.000000e+00 0.000000e+00 0.000000e+00 0.000000e+00 4.448103e-01 5.551897e-01 0.000000e+00 0.000000e+00 0.000000e+00 0.000000e+00 0.000000e+00 0.000000e+00 0.000000e+00 0.000000e+00 0.000000e+00 0.000000e+00 0.000000e+00 0.000000e+00 0.000000e+00 0.000000e+00 0.000000e+00 0.000000e+00
 0.000000e+00 0.000000e+00 0.000000e+00 0.000000e+00 0.000000e+00 0.000000e+00 0.000000e+00 0.000000e+00 0.000000e+00 0.000000e+00 0.000000e+00 0.000000e+00 0.000000e+00 0.000000e+00 0.000000e+00 4.996990e-01 5.003010e-01 0.000000e+00 0.000000e+00 0.000000e+00 0.000000e+00 0.000000e+00 0.000000e+00 0.000000e+00 0.000000e+00 0.000000e+00 0.000000e+00 0.000000e+00 0.000000e+00 0.000000e+00 0.000000e+00 0.000000e+00
 0.000000e+00 0.000000e+00 0.000000e+00 0.000000e+00 0.000000e+00 0.000000e+00 0.000000e+00 0.000000e+00 0.000000e+00 0.000000e+00 0.000000e+00 0.000000e+00 0.000000e+00 0.000000e+00 0.000000e+00 0.000000e+00 4.444552e-01 5.555448e-01 0.000000e+00 0.000000e+00 0.000000e+00 0.000000e+00 0.000000e+00 0.000000e+00 0.000000e+00 0.000000e+00 0.000000e+00 0.000000e+00 0.000000e+00 0.000000e+00 0.000000e+00 0.000000e+00
 0.000000e+00 0.000000e+00 0.000000e+00 0.000000e+00 0.000000e+00 0.000000e+00 0.000000e+00 0.000000e+00 0.000000e+00 0.000000e+00 0.000000e+00 0.000000e+00 0.000000e+00 0.000000e+00 0.000000e+00 0.000000e+00 0.000000e+00 1.670279e-01 8.329722e-01 0.000000e+00 0.000000e+00 0.000000e+00 0.000000e+00 0.000000e+00 0.000000e+00 0.000000e+00 0.000000e+00 0.000000e+00 0.000000e+00 0.000000e+00 0.000000e+00 0.000000e+00
 0.000000e+00 0.000000e+00 0.000000e+00 0.000000e+00 0.000000e+00 0.000000e+00 0.000000e+00 0.000000e+00 0.000000e+00 0.000000e+00 0.000000e+00 0.000000e+00 0.000000e+00 0.000000e+00 0.000000e+00 0.000000e+00 0.000000e+00 0.000000e+00 4.445019e-01 5.554981e-01 0.000000e+00 0.000000e+00 0.000000e+00 0.000000e+00 0.000000e+00 0.000000e+00 0.000000e+00 0.000000e+00 0.000000e+00 0.000000e+00 0.000000e+00 0.000000e+00
 0.000000e+00 0.000000e+00 0.000000e+00 0.000000e+00 0.000000e+00 0.000000e+00 0.000000e+00 0.000000e+00 0.000000e+00 0.000000e+00 0.000000e+00 0.000000e+00 0.000000e+00 0.000000e+00 0.000000e+00 0.000000e+00 0.000000e+00 0.000000e+00 0.000000e+00 4.442129e-01 5.557870e-01 0.000000e+00 0.000000e+00 0.000000e+00 0.000000e+00 0.000000e+00 0.000000e+00 0.000000e+00 0.000000e+00 0.000000e+00 0.000000e+00 0.000000e+00
 0.000000e+00 0.000000e+00 0.000000e+00 0.000000e+00 0.000000e+00 0.000000e+00 0.000000e+00 0.000000e+00 0.000000e+00 0.000000e+00 0.000000e+00 0.000000e+00 0.000000e+00 0.000000e+00 0.000000e+00 0.000000e+00 0.000000e+00 0.000000e+00 0.000000e+00 0.000000e+00 3.751207e-01 6.248793e-01 0.000000e+00 0.000000e+00 0.000000e+00 0.000000e+00 0.000000e+00 0.000000e+00 0.000000e+00 0.000000e+00 0.000000e+00 0.000000e+00
 0.000000e+00 0.000000e+00 0.000000e+00 0.000000e+00 0.000000e+00 0.000000e+00 0.000000e+00 0.000000e+00 0.000000e+00 0.000000e+00 0.000000e+00 0.000000e+00 0.000000e+00 0.000000e+00 0.000000e+00 0.000000e+00 0.000000e+00 0.000000e+00 0.000000e+00 0.000000e+00 0.000000e+00 5.018257e-01 4.981743e-01 0.000000e+00 0.000000e+00 0.000000e+00 0.000000e+00 0.000000e+00 0.000000e+00 0.000000e+00 0.000000e+00 0.000000e+00
 0.000000e+00 0.000000e+00 0.000000e+00 0.000000e+00 0.000000e+00 0.000000e+00 0.000000e+00 0.000000e+00 0.000000e+00 0.000000e+00 0.000000e+00 0.000000e+00 0.000000e+00 0.000000e+00 0.000000e+00 0.000000e+00 0.000000e+00 0.000000e+00 0.000000e+00 0.000000e+00 0.000000e+00 0.000000e+00 5.449467e-01 4.550532e-01 0.000000e+00 0.000000e+00 0.000000e+00 0.000000e+00 0.000000e+00 0.000000e+00 0.000000e+00 0.000000e+00
 0.000000e+00 0.000000e+00 0.000000e+00 0.000000e+00 0.000000e+00 0.000000e+00 0.000000e+00 0.000000e+00 0.000000e+00 0.000000e+00 0.000000e+00 0.000000e+00 0.000000e+00 0.000000e+00 0.000000e+00 0.000000e+00 0.000000e+00 0.000000e+00 0.000000e+00 0.000000e+00 0.000000e+00 0.000000e+00 0.000000e+00 4.428298e-01 5.571703e-01 0.000000e+00 0.000000e+00 0.000000e+00 0.000000e+00 0.000000e+00 0.000000e+00 0.000000e+00
 0.000000e+00 0.000000e+00 0.000000e+00 0.000000e+00 0.000000e+00 0.000000e+00 0.000000e+00 0.000000e+00 0.000000e+00 0.000000e+00 0.000000e+00 0.000000e+00 0.000000e+00 0.000000e+00 0.000000e+00 0.000000e+00 0.000000e+00 0.000000e+00 0.000000e+00 0.000000e+00 0.000000e+00 0.000000e+00 0.000000e+00 0.000000e+00 4.444655e-01 5.555344e-01 0.000000e+00 0.000000e+00 0.000000e+00 0.000000e+00 0.000000e+00 0.000000e+00
 0.000000e+00 0.000000e+00 0.000000e+00 0.000000e+00 0.000000e+00 0.000000e+00 0.000000e+00 0.000000e+00 0.000000e+00 0.000000e+00 0.000000e+00 0.000000e+00 0.000000e+00 0.000000e+00 0.000000e+00 0.000000e+00 0.000000e+00 0.000000e+00 0.000000e+00 0.000000e+00 0.000000e+00 0.000000e+00 0.000000e+00 0.000000e+00 0.000000e+00 0.000000e+00 1.000000e+00 0.000000e+00 0.000000e+00 0.000000e+00 0.000000e+00 0.000000e+00
 0.000000e+00 0.000000e+00 0.000000e+00 0.000000e+00 0.000000e+00 0.000000e+00 0.000000e+00 0.000000e+00 0.000000e+00 0.000000e+00 0.000000e+00 0.000000e+00 0.000000e+00 0.000000e+00 0.000000e+00 0.000000e+00 0.000000e+00 0.000000e+00 0.000000e+00 0.000000e+00 0.000000e+00 0.000000e+00 0.000000e+00 0.000000e+00 0.000000e+00 0.000000e+00 4.458958e-01 5.541041e-01 0.000000e+00 0.000000e+00 0.000000e+00 0.000000e+00
 0.000000e+00 0.000000e+00 0.000000e+00 0.000000e+00 0.000000e+00 0.000000e+00 0.000000e+00 0.000000e+00 0.000000e+00 0.000000e+00 0.000000e+00 0.000000e+00 0.000000e+00 0.000000e+00 0.000000e+00 0.000000e+00 0.000000e+00 0.000000e+00 0.000000e+00 0.000000e+00 0.000000e+00 0.000000e+00 0.000000e+00 0.000000e+00 0.000000e+00 0.000000e+00 0.000000e+00 4.423819e-01 5.576181e-01 0.000000e+00 0.000000e+00 0.000000e+00
 0.000000e+00 0.000000e+00 0.000000e+00 0.000000e+00 0.000000e+00 0.000000e+00 0.000000e+00 0.000000e+00 0.000000e+00 0.000000e+00 0.000000e+00 0.000000e+00 0.000000e+00 0.000000e+00 0.000000e+00 0.000000e+00 0.000000e+00 0.000000e+00 0.000000e+00 0.000000e+00 0.000000e+00 0.000000e+00 0.000000e+00 0.000000e+00 0.000000e+00 0.000000e+00 0.000000e+00 0.000000e+00 3.757690e-01 6.242310e-01 0.000000e+00 0.000000e+00
 0.000000e+00 0.000000e+00 0.000000e+00 0.000000e+00 0.000000e+00 0.000000e+00 0.000000e+00 0.000000e+00 0.000000e+00 0.000000e+00 0.000000e+00 0.000000e+00 0.000000e+00 0.000000e+00 0.000000e+00 0.000000e+00 0.000000e+00 0.000000e+00 0.000000e+00 0.000000e+00 0.000000e+00 0.000000e+00 0.000000e+00 0.000000e+00 0.000000e+00 0.000000e+00 0.000000e+00 0.000000e+00 0.000000e+00 3.749706e-01 6.250294e-01 0.000000e+00
 0.000000e+00 0.000000e+00 0.000000e+00 0.000000e+00 0.000000e+00 0.000000e+00 0.000000e+00 0.000000e+00 0.000000e+00 0.000000e+00 0.000000e+00 0.000000e+00 0.000000e+00 0.000000e+00 0.000000e+00 0.000000e+00 0.000000e+00 0.000000e+00 0.000000e+00 0.000000e+00 0.000000e+00 0.000000e+00 0.000000e+00 0.000000e+00 0.000000e+00 0.000000e+00 0.000000e+00 0.000000e+00 0.000000e+00 0.000000e+00 0.000000e+00 1.000000e+00
 0.000000e+00 0.000000e+00 0.000000e+00 0.000000e+00 0.000000e+00 0.000000e+00 0.000000e+00 0.000000e+00 0.000000e+00 0.000000e+00 0.000000e+00 0.000000e+00 0.000000e+00 0.000000e+00 0.000000e+00 0.000000e+00 0.000000e+00 0.000000e+00 0.000000e+00 0.000000e+00 0.000000e+00 0.000000e+00 0.000000e+00 0.000000e+00 0.000000e+00 0.000000e+00 0.000000e+00 0.000000e+00 0.000000e+00 0.000000e+00 0.000000e+00 0.000000e+00
<ENDHMM>
