~o
<STREAMINFO> 1 26
<VECSIZE> 26<NULLD><MFCC_E_D><DIAGC>
~h "Vao"
<BEGINHMM>
<NUMSTATES> 32
<STATE> 2
<MEAN> 26
 -4.073226e+00 -7.645681e+00 4.534301e-01 -1.932694e+00 1.189252e+00 -4.954577e+00 2.042556e+00 -1.451404e+00 5.850434e-01 -1.456085e+00 3.187261e+00 -2.047371e+00 5.829964e-02 8.547375e-01 2.193372e-01 -1.157943e+00 -1.304686e+00 -1.086231e+00 -8.527358e-01 -1.695669e-02 3.090295e-01 -5.709873e-01 -3.531432e-01 -1.053916e+00 -1.056162e+00 2.273543e-02
<VARIANCE> 26
 2.155945e+00 4.421896e+00 6.357020e+00 6.802806e+00 7.002517e+00 7.016197e+00 4.609360e+00 1.360214e+01 6.466539e+00 6.545805e+00 6.110016e+00 8.352394e+00 5.000000e-02 5.361452e-01 1.925486e-01 1.249444e+00 8.522930e-01 1.094073e+00 1.008114e+00 9.934279e-01 1.522277e+00 8.831459e-01 5.486752e-01 1.073816e+00 6.751491e-01 5.000000e-02
<GCONST> 6.078337e+01
<STATE> 3
<MEAN> 26
 2.008312e-01 -6.227015e+00 -4.672650e+00 -5.567687e+00 -2.754695e+00 -7.603193e+00 -1.102772e+00 -1.596458e+00 -1.962896e+00 -4.989641e+00 -1.541718e+00 -6.181365e+00 1.727922e-01 1.091094e+00 3.747736e-02 -1.431990e+00 1.548473e-01 -8.276072e-01 -1.069839e+00 -9.736401e-01 -2.757116e-01 -1.048783e+00 -9.311163e-01 -1.258117e+00 -1.311891e+00 5.533464e-02
<VARIANCE> 26
 1.166421e+01 9.432328e+00 1.163333e+01 1.747298e+01 1.110598e+01 8.180467e+00 1.226998e+01 8.067313e+00 1.035445e+01 9.328701e+00 4.005026e+00 2.598699e+00 5.000000e-02 1.683445e+00 1.455392e+00 5.357392e-01 1.039203e+00 2.151841e+00 2.626428e+00 3.182581e-01 2.230690e+00 1.582820e+00 9.454312e-01 9.138055e-01 8.512007e-01 5.000000e-02
<GCONST> 6.967749e+01
<STATE> 4
<MEAN> 26
 5.333680e-01 -7.601707e+00 -6.454225e+00 -2.657357e+00 -2.511644e+00 -1.101348e+01 -1.101906e+00 -2.594131e+00 -4.636126e+00 -6.253133e+00 -2.211780e+00 -8.355505e+00 2.879916e-01 3.825384e-02 -1.194818e+00 -1.254207e+00 3.010593e-01 4.718523e-01 -6.908316e-02 3.041524e-01 1.063417e-01 3.638187e-01 4.201670e-01 -3.314760e-01 -2.463599e-01 5.383268e-02
<VARIANCE> 26
 2.239682e+01 1.511172e+01 4.296885e+00 1.343176e+01 1.932017e+01 3.555103e+01 8.177783e+00 6.401386e+00 1.855288e+01 1.864020e+01 1.199301e+01 1.162449e+01 5.145777e-02 3.233428e-01 1.192190e+00 3.424043e+00 3.125567e+00 8.583752e-01 2.075497e+00 8.064898e-01 1.340429e+00 1.858975e+00 1.101053e+00 1.780811e+00 5.087056e-01 5.000000e-02
<GCONST> 7.566548e+01
<STATE> 5
<MEAN> 26
 1.891271e+00 -1.160847e+01 -1.058458e+01 -5.214339e+00 -1.886922e+00 -7.292877e+00 -3.559009e-01 -4.452581e-01 1.735992e+00 -2.154022e+00 -3.549359e+00 -7.126526e+00 4.656522e-01 4.484791e-01 -3.179093e+00 -3.420868e+00 -1.782582e+00 2.332395e-01 7.633356e-01 2.214422e+00 9.004101e-01 1.817317e+00 1.568129e+00 -2.229740e+00 1.047929e+00 1.496979e-01
<VARIANCE> 26
 2.484425e+01 1.997822e+01 3.120157e+01 6.329755e+00 3.834571e+00 1.513756e+01 9.188315e+00 1.076598e+01 1.070400e+01 1.660585e+01 3.494635e+01 8.522499e+00 5.000000e-02 1.033791e+00 9.995951e-01 4.567029e+00 1.550269e+00 3.000550e+00 2.861913e+00 4.203764e+00 1.160033e+00 1.911448e+00 9.972908e-01 9.642631e-01 1.220744e+00 5.000000e-02
<GCONST> 7.935184e+01
<STATE> 6
<MEAN> 26
 2.219838e-01 -1.928433e+01 -1.916637e+01 -1.016278e+01 -1.478410e+00 -8.004988e+00 6.172157e+00 4.297435e-01 2.382615e+00 -3.423091e-01 -9.699471e+00 -5.193182e+00 8.010731e-01 -1.212084e+00 -2.892209e+00 -3.544922e+00 1.436468e-01 1.440167e+00 4.937826e-01 3.913073e+00 -5.466750e-01 -1.893619e-01 -1.090082e+00 -1.896683e+00 2.139203e+00 1.324542e-01
<VARIANCE> 26
 9.854538e+00 2.876229e+00 5.214164e+01 2.219767e+01 2.172913e+01 1.457402e+01 5.024247e+01 2.852190e+01 2.561570e+01 1.925191e+01 9.930051e+00 8.311309e+00 5.000000e-02 1.464535e+00 1.048082e+00 1.888929e+00 1.812915e+00 1.663803e+00 2.538645e+00 6.397492e-01 2.475597e+00 1.479616e+00 2.950763e+00 1.439048e+00 1.561685e+00 5.000000e-02
<GCONST> 8.167469e+01
<STATE> 7
<MEAN> 26
 -2.592511e+00 -2.199332e+01 -2.232578e+01 -4.798372e+00 2.836230e+00 -5.849323e+00 1.385879e+01 -3.083525e+00 1.328830e+00 -6.223482e+00 -9.505383e+00 7.268792e-01 9.305129e-01 -1.714916e+00 -1.345838e+00 -8.072231e-01 1.899514e+00 1.526756e+00 1.395033e+00 1.260241e+00 -1.481865e+00 -9.037982e-01 -1.079577e+00 9.237065e-01 1.758048e+00 4.774418e-02
<VARIANCE> 26
 1.270154e+01 1.928432e+00 7.809952e+00 2.674624e+01 1.405705e+01 8.299913e+00 1.812424e+01 5.016081e+01 2.266411e+01 1.141208e+01 1.297068e+01 7.443809e+00 5.000000e-02 4.891636e-01 5.322204e-01 2.350788e+00 1.598646e+00 1.245009e+00 1.694922e-01 1.416981e+00 7.640793e-01 7.659432e-01 6.268662e-01 9.615601e-01 8.591912e-01 5.000000e-02
<GCONST> 6.960809e+01
<STATE> 8
<MEAN> 26
 -3.576123e+00 -2.309957e+01 -2.267014e+01 -9.252461e-01 5.359777e+00 -3.638600e+00 9.909852e+00 -3.336803e+00 -2.919935e+00 -3.702961e+00 -8.484698e+00 9.848542e-01 9.649585e-01 -3.510206e-01 -7.154832e-01 -3.369164e-01 1.427969e+00 7.921778e-01 6.618256e-01 -6.840355e-01 -2.059351e+00 1.423140e-01 4.534380e-01 5.609215e-01 7.354654e-01 1.511779e-02
<VARIANCE> 26
 2.002876e+01 1.657928e+00 7.986066e+00 2.024302e+01 6.410037e+00 1.118381e+01 1.217655e+01 3.991874e+01 2.762560e+01 1.225999e+01 1.213275e+01 5.212162e+00 5.000000e-02 3.069593e-01 9.217416e-02 6.692985e-01 1.107532e+00 6.697446e-01 4.031116e-01 3.649315e-01 9.036738e-01 7.612212e-01 6.806298e-01 2.081038e+00 7.953513e-01 5.000000e-02
<GCONST> 6.437534e+01
<STATE> 9
<MEAN> 26
 -3.336841e+00 -2.560706e+01 -2.382601e+01 4.818657e-01 4.775515e+00 -2.395596e+00 1.125645e+01 -1.140354e+01 2.066659e+00 -4.638315e+00 -6.229214e+00 3.611192e+00 9.910173e-01 1.604314e-01 -4.457994e-01 -1.371178e-01 6.237343e-01 4.301147e-02 6.876796e-01 -4.708728e-01 -7.897778e-01 1.076341e+00 -2.109952e-01 1.579035e-01 7.100003e-01 6.367495e-03
<VARIANCE> 26
 2.127350e+01 1.694548e+00 1.598595e+00 3.459853e+01 5.453734e+00 9.337129e+00 1.703279e+01 3.700821e+01 3.577580e+01 2.159386e+01 2.450178e+01 7.373426e+00 5.000000e-02 2.562415e-01 1.762343e-01 4.341599e-01 2.922010e-01 9.936575e-02 2.333635e-01 2.320263e-01 1.109635e+00 5.274879e-01 3.620644e-01 5.909160e-01 1.974621e-01 5.000000e-02
<GCONST> 5.752698e+01
<STATE> 10
<MEAN> 26
 -2.909685e+00 -2.521673e+01 -2.369562e+01 9.615814e-01 6.828173e+00 -2.606192e+00 9.242492e+00 -1.038231e+01 9.953860e-01 -4.192135e+00 -8.224309e+00 3.245340e+00 9.944122e-01 -3.957289e-01 2.938499e-01 -8.208992e-02 -2.400722e-01 1.982321e-01 2.777107e-01 -3.541464e-01 -4.322547e-01 2.467058e-01 -2.044453e-01 -5.165548e-01 3.055988e-01 9.521766e-04
<VARIANCE> 26
 1.184927e+01 2.668646e+00 2.432765e+00 1.956022e+01 5.608452e+00 6.013159e+00 4.606105e+00 3.767645e+01 2.093931e+01 2.076262e+01 2.475121e+01 2.804193e+00 5.000000e-02 2.661419e-01 2.813566e-01 2.273414e-01 3.642991e-01 9.334896e-01 5.049193e-01 1.252543e+00 5.153155e-01 7.655596e-01 1.034978e+00 3.259140e-01 5.884549e-01 5.000000e-02
<GCONST> 5.994204e+01
<STATE> 11
<MEAN> 26
 -5.547666e+00 -2.427935e+01 -2.249234e+01 -7.602053e-01 4.962553e+00 1.808084e-01 6.168559e+00 -8.399940e+00 3.089484e+00 -4.922356e+00 -7.820539e+00 4.183809e+00 9.873559e-01 2.169737e-01 -8.372776e-02 7.694204e-01 -2.659780e-01 -1.970512e-01 6.972551e-01 -6.826609e-01 2.056750e-01 2.599873e-01 -6.041629e-01 1.381254e-02 -2.635328e-01 -3.627546e-03
<VARIANCE> 26
 2.117628e+01 2.894178e+00 4.081543e+00 2.305550e+01 1.303855e+01 4.208109e+00 2.329464e+01 6.333026e+01 2.293521e+01 2.426134e+01 2.222593e+01 1.079432e+01 5.000000e-02 7.790715e-02 1.733716e-01 8.254961e-02 2.916715e-01 2.383557e-01 3.634265e-01 9.357212e-01 1.002685e+00 1.192926e+00 1.325037e+00 1.880905e-01 6.346916e-01 5.000000e-02
<GCONST> 6.134809e+01
<STATE> 12
<MEAN> 26
 -5.947042e+00 -2.537085e+01 -2.046371e+01 -2.280756e+00 5.847016e+00 4.844328e-01 7.792147e+00 -1.089008e+01 6.288280e+00 -7.480974e+00 -8.369970e+00 5.276941e+00 9.610166e-01 -1.981954e-01 7.478565e-03 1.569531e-02 -8.814407e-02 1.097895e-01 9.753661e-02 -5.523482e-02 2.489894e-01 1.477197e-01 4.442585e-01 -8.154959e-01 3.168437e-01 -9.268478e-03
<VARIANCE> 26
 1.644771e+01 3.426893e+00 4.048605e+00 1.637845e+01 6.097939e+00 7.864954e+00 1.656230e+01 4.302048e+01 2.891117e+01 1.268331e+01 1.038948e+01 9.489143e+00 5.000000e-02 2.158860e-01 5.467284e-01 2.008980e-01 7.058003e-01 7.903655e-01 4.957673e-01 4.016957e-01 7.644930e-01 1.747389e+00 1.116868e+00 6.173430e-01 4.264216e-01 5.000000e-02
<GCONST> 6.408043e+01
<STATE> 13
<MEAN> 26
 -5.046791e+00 -2.463606e+01 -2.232679e+01 -1.471986e-01 4.545839e+00 1.344727e+00 6.433674e+00 -8.335323e+00 2.270782e+00 -3.122537e+00 -1.184383e+01 4.304474e+00 9.593034e-01 9.247120e-02 -5.857793e-01 -1.079573e+00 -3.071440e-01 -5.964928e-01 2.309784e-01 -7.760826e-01 -1.341055e-01 -1.277759e-01 6.186827e-01 -3.359015e-01 -5.718685e-01 -6.253414e-03
<VARIANCE> 26
 2.640686e+01 4.328646e+00 8.006259e+00 1.829699e+01 5.617738e+00 5.087466e+00 1.773736e+01 2.524262e+01 4.225064e+01 8.372952e+00 9.622843e+00 6.409343e+00 5.000000e-02 1.083363e-01 1.295743e-01 2.086491e-01 4.433759e-01 6.810964e-01 1.687572e+00 2.266991e-01 2.294943e-01 6.369157e-01 5.452189e-01 3.629440e-01 3.842243e-01 5.000000e-02
<GCONST> 5.847568e+01
<STATE> 14
<MEAN> 26
 -3.742377e+00 -2.692323e+01 -2.457957e+01 -2.568510e+00 4.959167e+00 6.116624e-01 6.267901e+00 -1.290536e+01 7.723752e+00 -4.714595e+00 -9.694384e+00 3.747939e+00 9.398931e-01 2.603137e-01 -4.264806e-01 -4.187609e-01 -5.921208e-01 -7.104315e-01 2.893892e-01 1.346973e-01 -3.995426e-01 6.035149e-01 2.033102e-01 2.019370e-01 -4.242296e-01 -7.200805e-03
<VARIANCE> 26
 1.770121e+01 3.001713e+00 4.905895e+00 2.550216e+01 9.386727e+00 2.052191e+01 1.652015e+01 7.178697e+01 8.728104e+01 2.182123e+01 1.454209e+01 6.213529e+00 5.000000e-02 5.539731e-02 1.469345e-01 6.555355e-01 2.932515e-01 9.152591e-02 1.189592e+00 6.170078e-01 5.414567e-01 9.501759e-01 1.331318e+00 5.030222e-01 5.903965e-01 5.000000e-02
<GCONST> 6.423728e+01
<STATE> 15
<MEAN> 26
 -8.322817e-01 -2.831158e+01 -2.476660e+01 -1.789920e-01 8.229975e-01 3.859639e+00 4.426527e+00 -7.546137e+00 3.667536e-01 -2.936022e+00 -1.050805e+01 1.912625e+00 9.510687e-01 5.423401e-01 -1.363407e-01 2.278911e-01 -8.346148e-01 -2.050776e-01 2.245062e-01 2.180393e-01 -3.998234e-01 3.111926e-01 7.701768e-01 -7.520358e-02 1.057760e-01 -1.044088e-02
<VARIANCE> 26
 2.070580e+01 7.859492e+00 5.833130e+00 1.512707e+01 9.099922e+00 1.077057e+01 2.393417e+01 3.987490e+01 6.477203e+01 1.197010e+01 1.156318e+01 7.816457e+00 5.000000e-02 2.102498e-01 4.317551e-01 4.572593e-01 2.159538e-01 1.900209e-01 2.544922e-01 3.933383e-01 3.911320e-01 2.193084e-01 4.418828e-01 6.035764e-01 3.387875e-01 5.000000e-02
<GCONST> 6.043229e+01
<STATE> 16
<MEAN> 26
 -2.363327e+00 -2.626542e+01 -2.280647e+01 -4.529961e+00 4.532720e+00 2.059014e+00 8.561619e+00 -1.426327e+01 8.705767e+00 -2.167692e+00 -1.033130e+01 2.464177e+00 8.883464e-01 6.358143e-01 5.862489e-01 3.492324e-01 -3.780015e-01 3.565731e-01 1.329388e-01 -1.218856e-01 2.708898e-01 -1.117829e+00 1.683130e+00 -4.689049e-01 -7.584345e-01 -1.137257e-02
<VARIANCE> 26
 2.201102e+01 3.497354e+00 2.668878e+00 1.003427e+01 1.250361e+01 1.081299e+01 1.779071e+01 3.523882e+01 5.933339e+01 2.330068e+01 6.429767e+00 8.885216e+00 5.000000e-02 1.754762e-01 1.362017e-01 2.522606e-01 3.408345e-01 7.304829e-01 3.761960e-01 3.940567e-01 4.670132e-01 1.545571e+00 9.917013e-01 1.002309e+00 1.606351e-01 5.000000e-02
<GCONST> 6.147801e+01
<STATE> 17
<MEAN> 26
 -2.758907e+00 -2.433610e+01 -2.281946e+01 -5.022175e+00 4.904196e+00 2.510513e+00 5.840146e+00 -1.012454e+01 3.583484e+00 2.598820e+00 -1.283368e+01 -4.707629e-01 8.804109e-01 8.152707e-01 4.022515e-01 8.961710e-02 -5.599968e-01 2.107772e-01 1.108530e+00 -2.388482e-01 5.865256e-01 -4.460618e-01 7.948056e-01 -6.091191e-01 -1.794859e+00 -1.140180e-02
<VARIANCE> 26
 3.025468e+01 8.905709e+00 3.119034e+00 6.952646e+00 5.279342e+00 1.126503e+01 1.420144e+01 3.208717e+01 2.255226e+01 8.984270e+00 1.410596e+01 2.953398e+01 5.000000e-02 8.242503e-02 3.821868e-01 3.291067e-01 1.125392e+00 1.537307e+00 6.716424e-01 1.936801e+00 1.655700e+00 6.705635e-01 9.762170e-01 3.268895e-01 5.182006e-01 5.000000e-02
<GCONST> 6.656417e+01
<STATE> 18
<MEAN> 26
 1.248205e+00 -2.513788e+01 -2.312596e+01 -7.594166e+00 3.566429e+00 6.402463e+00 3.855398e+00 -8.155501e+00 1.475605e+00 4.044029e+00 -1.394263e+01 -3.187221e+00 8.591097e-01 7.368193e-01 5.986292e-01 1.456711e-01 -1.761452e+00 -3.156021e-01 2.806760e-01 -1.458538e+00 1.323490e+00 -5.271117e-01 1.011914e+00 2.397583e-01 -1.447879e+00 -1.781069e-02
<VARIANCE> 26
 2.149488e+01 1.252744e+01 1.408439e+01 2.574745e+01 1.963198e+01 1.497930e+01 3.841577e+00 1.681460e+01 2.511137e+01 1.193576e+01 1.341498e+01 2.324740e+01 5.000000e-02 2.000284e-01 2.134681e-01 1.150852e+00 9.497057e-01 8.758871e-01 1.204543e+00 2.844434e+00 5.811657e-01 2.626168e+00 4.076952e-01 3.414941e-01 2.861833e-01 5.000000e-02
<GCONST> 6.981419e+01
<STATE> 19
<MEAN> 26
 1.941166e+00 -2.257252e+01 -2.194674e+01 -1.000841e+01 2.854157e+00 5.380641e+00 1.191113e+00 -6.390350e+00 9.300913e-01 4.808946e+00 -1.212131e+01 -5.834735e+00 8.090750e-01 1.557297e+00 3.335302e-01 1.032639e+00 -1.538862e+00 -5.385932e-01 -2.921237e-01 -7.546614e-01 9.967655e-01 2.522463e-01 -6.213015e-01 1.572104e+00 -3.663231e-01 -2.831974e-02
<VARIANCE> 26
 1.675283e+01 4.322803e+00 1.327698e+01 1.830269e+01 1.197355e+01 5.365038e+00 1.270484e+01 1.796228e+01 1.693067e+01 1.040815e+01 9.709364e+00 2.383478e+01 5.000000e-02 4.478492e-01 9.588625e-01 1.243838e+00 2.341144e-01 2.212255e+00 2.892437e+00 9.482810e-01 4.735091e-01 2.893475e+00 1.103648e+00 5.902193e-01 1.362127e+00 5.000000e-02
<GCONST> 7.169695e+01
<STATE> 20
<MEAN> 26
 4.329547e+00 -2.347729e+01 -1.820487e+01 -1.364242e+01 1.490662e+00 4.338223e+00 9.198311e-01 -3.427330e+00 2.848894e+00 2.649234e+00 -7.923522e+00 -4.778021e+00 7.349729e-01 1.250026e+00 1.898233e-01 -2.203815e-01 -1.833377e-01 -4.512523e-01 -1.364785e+00 2.969691e-01 9.372749e-01 1.320870e+00 -1.741710e+00 2.120098e+00 1.595655e+00 -3.306726e-02
<VARIANCE> 26
 6.210014e+00 2.782764e+00 1.839696e+01 2.595654e+01 2.475628e+01 8.758595e+00 1.672471e+01 1.266024e+01 1.379564e+01 1.128008e+01 4.165285e+00 5.782338e+00 5.000000e-02 3.883640e-01 1.150426e+00 5.601589e-01 7.402284e-01 1.685930e+00 3.783085e-01 5.973660e-01 2.156397e+00 2.464965e+00 7.855043e-01 1.232891e+00 6.330135e-01 5.000000e-02
<GCONST> 6.830532e+01
<STATE> 21
<MEAN> 26
 7.857773e+00 -2.174533e+01 -2.216753e+01 -1.192005e+01 1.071957e+00 6.342171e-01 1.755273e+00 -2.177623e+00 4.111485e+00 -6.606497e-02 -3.961612e+00 -1.025240e+00 6.998644e-01 6.255511e-01 5.000119e-01 -6.731287e-01 5.750993e-01 -9.294061e-01 -2.093185e+00 7.288822e-01 9.123431e-01 -1.068701e-01 -5.749073e-01 1.611234e+00 1.434097e+00 -3.369254e-02
<VARIANCE> 26
 1.863802e+00 3.858699e+00 2.718073e+01 7.587988e+00 1.173188e+01 7.279681e+00 1.227593e+01 1.134887e+01 1.127378e+01 3.361965e+00 5.186872e+00 9.198678e+00 5.000000e-02 2.623388e-01 2.966956e-01 7.382340e-01 1.727031e+00 4.035896e-01 5.042156e-01 5.347728e-01 1.787120e+00 6.274539e-01 7.318332e-01 1.222705e+00 3.801253e-01 5.000000e-02
<GCONST> 6.048755e+01
<STATE> 22
<MEAN> 26
 7.478179e+00 -2.177201e+01 -2.285467e+01 -1.014008e+01 -2.724343e+00 -5.611176e+00 4.028489e+00 5.699654e-03 3.336670e+00 -2.076147e+00 -1.862237e+00 -4.099730e-02 6.231520e-01 -4.537718e-01 -3.177470e-02 4.277523e-01 7.015282e-01 -3.917307e-01 -1.315441e+00 2.465334e-01 5.163608e-01 -1.639372e-01 -5.960501e-01 -5.347494e-01 -3.088464e-01 -3.658661e-02
<VARIANCE> 26
 4.170688e+00 7.216509e+00 3.764217e+00 6.786259e+00 1.159376e+01 1.169644e+01 5.142105e+00 7.615604e+00 7.154220e+00 1.670187e+01 9.308507e+00 9.187662e+00 5.000000e-02 1.831032e-01 6.186546e-01 1.343511e+00 4.456334e-01 1.858078e+00 1.219655e+00 7.956715e-01 3.131001e-01 1.310005e+00 1.598732e+00 1.576821e+00 7.582524e-01 5.000000e-02
<GCONST> 6.390300e+01
<STATE> 23
<MEAN> 26
 5.825685e+00 -2.159639e+01 -2.147206e+01 -7.162878e+00 4.634559e-01 -4.819286e+00 4.096780e+00 -4.511094e-01 1.827931e+00 -3.888753e+00 -5.531880e+00 -1.316378e+00 5.065264e-01 -4.977887e-01 9.090492e-01 1.151974e+00 1.564242e+00 1.247336e+00 5.565985e-01 -8.224643e-01 -7.318467e-01 -7.116637e-01 -1.389151e+00 -1.979476e-01 -4.694777e-01 -3.619751e-02
<VARIANCE> 26
 1.418706e+00 1.052788e+00 2.590017e+00 1.216546e+01 3.294811e+01 4.499104e+00 6.085310e+00 8.992488e+00 1.147174e+01 3.243858e+00 8.027220e+00 7.551662e+00 5.000000e-02 1.722721e-01 4.455048e-01 1.349085e+00 4.220558e-01 4.974980e-01 1.692586e+00 4.189589e-01 2.134779e+00 8.125792e-01 3.964280e-01 1.038969e+00 1.107954e+00 5.000000e-02
<GCONST> 5.796112e+01
<STATE> 24
<MEAN> 26
 4.282135e+00 -1.969453e+01 -1.657584e+01 -4.304825e+00 4.372465e+00 -2.810768e+00 1.250277e+00 -1.822855e+00 2.484155e+00 -5.174201e+00 -3.601187e+00 -2.056072e+00 4.337743e-01 -5.673912e-01 1.924948e-01 1.368432e+00 7.678885e-01 6.344790e-01 1.765311e-01 -7.626379e-01 -5.066707e-02 -1.183095e-01 -3.338285e-01 3.603428e-02 -3.434810e-01 -3.088676e-02
<VARIANCE> 26
 2.099728e+00 2.911387e+00 9.010859e+00 4.077637e+00 2.949287e+01 1.553028e+01 2.119202e+00 1.592385e+01 7.958185e+00 7.217842e+00 1.035325e+01 8.919014e+00 5.000000e-02 2.112996e-01 8.467985e-01 1.554975e+00 9.780747e-01 8.233421e-01 6.763338e-01 7.505705e-01 1.687357e+00 1.088334e+00 8.655121e-01 6.562892e-01 8.120035e-01 5.000000e-02
<GCONST> 6.308989e+01
<STATE> 25
<MEAN> 26
 3.399790e+00 -2.059039e+01 -1.545107e+01 -2.880986e+00 2.015892e+00 -5.065510e+00 2.595603e-01 -2.572143e+00 -2.744053e-01 -7.417569e+00 -5.251475e+00 -2.763546e+00 3.830725e-01 -6.269146e-01 -5.207932e-02 7.232645e-01 9.392821e-01 1.052144e+00 1.009852e+00 -7.562089e-02 -8.530896e-01 -5.881542e-01 -1.039566e+00 2.622691e-01 -8.723570e-01 -3.219291e-02
<VARIANCE> 26
 3.290589e+00 8.573746e+00 1.268058e+01 6.988644e+00 2.108102e+01 5.141950e+00 2.597892e+01 1.503040e+01 6.532043e+00 7.660532e+00 4.525640e+00 6.080883e+00 5.000000e-02 3.798036e-01 5.517560e-01 1.901316e-01 5.681322e-01 2.753552e+00 2.468658e+00 6.519292e-01 9.813024e-01 4.146393e-01 5.811102e-01 3.251813e-01 1.161843e+00 5.000000e-02
<GCONST> 6.278349e+01
<STATE> 26
<MEAN> 26
 2.215781e+00 -1.991750e+01 -1.471602e+01 -2.368726e+00 5.692298e+00 -4.091926e-01 1.515883e+00 -1.800283e+00 3.358955e+00 -6.314920e+00 -3.395332e+00 -3.911045e+00 3.218518e-01 -6.386832e-01 4.944760e-01 9.977983e-01 6.718961e-01 7.952566e-01 4.338079e-01 4.454790e-02 -1.102872e-01 1.083137e-02 5.926430e-01 1.419235e+00 3.734966e-01 -2.215762e-02
<VARIANCE> 26
 4.844389e+00 1.709780e+00 5.620177e+00 6.775472e+00 5.828562e+00 7.097100e+00 8.085674e+00 8.001193e+00 7.863450e+00 7.890964e+00 6.805046e+00 8.041906e+00 5.000000e-02 2.528395e-01 5.544528e-01 5.417119e-01 1.032912e+00 1.332341e+00 6.546176e-01 5.997819e-01 6.548187e-01 2.194082e+00 9.072457e-01 7.214387e-01 7.902668e-01 5.000000e-02
<GCONST> 6.007936e+01
<STATE> 27
<MEAN> 26
 1.522692e+00 -1.763811e+01 -1.083225e+01 -7.000753e-01 5.889272e+00 -3.146765e+00 4.925041e-03 -3.781007e+00 -1.348072e+00 -6.843567e+00 -3.388990e-01 -1.853269e+00 2.974311e-01 -3.277772e-01 8.773789e-01 8.138587e-01 -1.521003e-01 -2.525023e-02 -7.184416e-01 -3.324723e-01 -3.656076e-01 -9.834099e-01 1.668445e-01 3.585976e-01 4.142824e-01 -1.885399e-02
<VARIANCE> 26
 1.735687e+00 3.312166e+00 6.372104e+00 1.558778e+01 1.699217e+01 7.079047e+00 3.622795e+00 6.424263e+00 8.090000e+00 7.322431e+00 5.920628e+00 6.268496e+00 5.000000e-02 2.435398e-01 3.791931e-01 7.822217e-01 4.980106e-01 9.316030e-01 1.051549e+00 2.907321e-01 7.427306e-01 7.548455e-01 1.259534e+00 3.923455e-01 8.809061e-01 5.000000e-02
<GCONST> 5.778231e+01
<STATE> 28
<MEAN> 26
 3.796521e-01 -1.660147e+01 -1.056639e+01 -2.024949e+00 5.644361e+00 -3.309781e+00 -2.575112e-02 -3.429066e+00 -1.306811e+00 -3.863822e+00 -5.011001e-01 -3.581386e+00 2.579236e-01 -6.631837e-01 9.436917e-01 8.924448e-01 1.863621e-01 5.131934e-01 1.201303e-01 5.048627e-01 9.967183e-01 1.437081e+00 1.325066e+00 2.289345e-01 -1.339354e-01 -3.307930e-02
<VARIANCE> 26
 2.530323e+00 4.247399e+00 3.325597e+00 1.464551e+01 6.861216e+00 5.162617e+00 1.300711e+01 1.905192e+01 3.849800e+00 1.370028e+01 8.131282e+00 1.002841e+01 5.000000e-02 2.318094e-01 4.751804e-01 6.745983e-01 9.141394e-01 1.085158e+00 1.766403e+00 8.117703e-01 3.224639e-01 5.425344e-01 2.285621e-01 1.891206e-01 3.740216e-01 5.000000e-02
<GCONST> 5.738514e+01
<STATE> 29
<MEAN> 26
 -4.511541e-01 -1.338741e+01 -8.086150e+00 -2.792588e+00 4.470510e+00 -4.206285e+00 2.121411e+00 -1.292032e-01 2.113077e+00 -3.181231e+00 5.150332e-01 -1.194008e+00 1.714223e-01 -6.625381e-01 1.220231e+00 1.575669e+00 2.221198e-01 -3.510180e-01 2.471123e-01 -2.370621e-01 1.460149e-01 9.144944e-01 -7.397064e-02 -2.024127e-01 -2.746258e-01 -3.392576e-02
<VARIANCE> 26
 8.284570e-01 8.484714e+00 8.964874e+00 1.863840e+01 1.653786e+01 1.610766e+01 6.915576e+00 3.307674e+00 4.878736e+00 6.535834e+00 5.114945e+00 5.248820e+00 5.000000e-02 1.982889e-01 3.879804e-01 7.597664e-01 2.622002e+00 2.794165e+00 1.343998e+00 1.487786e+00 2.137270e+00 7.198366e-01 5.940466e-01 7.475890e-01 3.455293e-01 5.000000e-02
<GCONST> 6.273054e+01
<STATE> 30
<MEAN> 26
 -1.847989e+00 -1.188453e+01 -5.075565e+00 1.187795e-01 7.425030e+00 -2.133740e+00 -1.534669e+00 -3.798731e+00 3.261090e+00 -3.105796e+00 -5.232443e-01 -3.486068e+00 1.275836e-01 -7.261144e-01 1.116789e+00 8.875462e-01 3.226835e-01 1.881772e-01 8.227100e-01 -9.396505e-02 -8.378922e-01 -6.348079e-01 -5.089063e-01 6.987897e-01 1.824612e-01 -3.957002e-02
<VARIANCE> 26
 1.716133e+00 4.892666e+00 5.608356e+00 5.886693e+00 8.832391e+00 6.596514e+00 4.445743e+00 8.308966e+00 7.694523e+00 1.188786e+01 1.636979e+01 3.357515e+00 5.000000e-02 8.167417e-02 1.022768e+00 5.243978e-01 1.044543e+00 2.040510e+00 1.941550e+00 1.324281e+00 5.794615e-01 5.277045e-01 4.724716e-01 4.641200e-01 6.766846e-01 5.000000e-02
<GCONST> 5.909534e+01
<STATE> 31
<MEAN> 26
 -3.549371e+00 -1.109564e+01 -4.876250e+00 -7.126320e-01 5.410390e+00 -1.407976e+00 2.164714e+00 -3.572090e+00 -6.271150e-01 -4.761399e+00 2.015948e+00 -1.666722e+00 4.858306e-02 -5.835060e-01 5.411242e-01 4.870909e-01 -5.128848e-01 -1.092862e+00 -2.385593e-01 6.462484e-01 2.249497e-01 -7.566715e-01 2.088881e-02 4.380566e-01 5.349350e-01 -3.175388e-02
<VARIANCE> 26
 9.112762e-01 3.996231e+00 4.374856e+00 1.210537e+01 1.970422e+01 1.294973e+01 7.647146e+00 1.045271e+01 6.144166e+00 1.002071e+01 2.759735e+00 2.518679e+00 5.000000e-02 1.019090e-01 3.549490e-01 1.503014e-01 4.609657e-01 8.506380e-01 8.370942e-01 1.149780e+00 1.203249e+00 1.516218e+00 6.266316e-01 1.234230e+00 4.284131e-01 5.000000e-02
<GCONST> 5.634504e+01
<TRANSP> 32
 0.000000e+00 1.000000e+00 0.000000e+00 0.000000e+00 0.000000e+00 0.000000e+00 0.000000e+00 0.000000e+00 0.000000e+00 0.000000e+00 0.000000e+00 0.000000e+00 0.000000e+00 0.000000e+00 0.000000e+00 0.000000e+00 0.000000e+00 0.000000e+00 0.000000e+00 0.000000e+00 0.000000e+00 0.000000e+00 0.000000e+00 0.000000e+00 0.000000e+00 0.000000e+00 0.000000e+00 0.000000e+00 0.000000e+00 0.000000e+00 0.000000e+00 0.000000e+00
 0.000000e+00 5.451500e-01 4.548500e-01 0.000000e+00 0.000000e+00 0.000000e+00 0.000000e+00 0.000000e+00 0.000000e+00 0.000000e+00 0.000000e+00 0.000000e+00 0.000000e+00 0.000000e+00 0.000000e+00 0.000000e+00 0.000000e+00 0.000000e+00 0.000000e+00 0.000000e+00 0.000000e+00 0.000000e+00 0.000000e+00 0.000000e+00 0.000000e+00 0.000000e+00 0.000000e+00 0.000000e+00 0.000000e+00 0.000000e+00 0.000000e+00 0.000000e+00
 0.000000e+00 0.000000e+00 5.840411e-01 4.159589e-01 0.000000e+00 0.000000e+00 0.000000e+00 0.000000e+00 0.000000e+00 0.000000e+00 0.000000e+00 0.000000e+00 0.000000e+00 0.000000e+00 0.000000e+00 0.000000e+00 0.000000e+00 0.000000e+00 0.000000e+00 0.000000e+00 0.000000e+00 0.000000e+00 0.000000e+00 0.000000e+00 0.000000e+00 0.000000e+00 0.000000e+00 0.000000e+00 0.000000e+00 0.000000e+00 0.000000e+00 0.000000e+00
 0.000000e+00 0.000000e+00 0.000000e+00 5.448843e-01 4.551157e-01 0.000000e+00 0.000000e+00 0.000000e+00 0.000000e+00 0.000000e+00 0.000000e+00 0.000000e+00 0.000000e+00 0.000000e+00 0.000000e+00 0.000000e+00 0.000000e+00 0.000000e+00 0.000000e+00 0.000000e+00 0.000000e+00 0.000000e+00 0.000000e+00 0.000000e+00 0.000000e+00 0.000000e+00 0.000000e+00 0.000000e+00 0.000000e+00 0.000000e+00 0.000000e+00 0.000000e+00
 0.000000e+00 0.000000e+00 0.000000e+00 0.000000e+00 5.003794e-01 4.996206e-01 0.000000e+00 0.000000e+00 0.000000e+00 0.000000e+00 0.000000e+00 0.000000e+00 0.000000e+00 0.000000e+00 0.000000e+00 0.000000e+00 0.000000e+00 0.000000e+00 0.000000e+00 0.000000e+00 0.000000e+00 0.000000e+00 0.000000e+00 0.000000e+00 0.000000e+00 0.000000e+00 0.000000e+00 0.000000e+00 0.000000e+00 0.000000e+00 0.000000e+00 0.000000e+00
 0.000000e+00 0.000000e+00 0.000000e+00 0.000000e+00 0.000000e+00 3.741317e-01 6.258683e-01 0.000000e+00 0.000000e+00 0.000000e+00 0.000000e+00 0.000000e+00 0.000000e+00 0.000000e+00 0.000000e+00 0.000000e+00 0.000000e+00 0.000000e+00 0.000000e+00 0.000000e+00 0.000000e+00 0.000000e+00 0.000000e+00 0.000000e+00 0.000000e+00 0.000000e+00 0.000000e+00 0.000000e+00 0.000000e+00 0.000000e+00 0.000000e+00 0.000000e+00
 0.000000e+00 0.000000e+00 0.000000e+00 0.000000e+00 0.000000e+00 0.000000e+00 4.093963e-01 5.906037e-01 0.000000e+00 0.000000e+00 0.000000e+00 0.000000e+00 0.000000e+00 0.000000e+00 0.000000e+00 0.000000e+00 0.000000e+00 0.000000e+00 0.000000e+00 0.000000e+00 0.000000e+00 0.000000e+00 0.000000e+00 0.000000e+00 0.000000e+00 0.000000e+00 0.000000e+00 0.000000e+00 0.000000e+00 0.000000e+00 0.000000e+00 0.000000e+00
 0.000000e+00 0.000000e+00 0.000000e+00 0.000000e+00 0.000000e+00 0.000000e+00 0.000000e+00 5.669014e-01 4.330986e-01 0.000000e+00 0.000000e+00 0.000000e+00 0.000000e+00 0.000000e+00 0.000000e+00 0.000000e+00 0.000000e+00 0.000000e+00 0.000000e+00 0.000000e+00 0.000000e+00 0.000000e+00 0.000000e+00 0.000000e+00 0.000000e+00 0.000000e+00 0.000000e+00 0.000000e+00 0.000000e+00 0.000000e+00 0.000000e+00 0.000000e+00
 0.000000e+00 0.000000e+00 0.000000e+00 0.000000e+00 0.000000e+00 0.000000e+00 0.000000e+00 0.000000e+00 4.982339e-01 5.017661e-01 0.000000e+00 0.000000e+00 0.000000e+00 0.000000e+00 0.000000e+00 0.000000e+00 0.000000e+00 0.000000e+00 0.000000e+00 0.000000e+00 0.000000e+00 0.000000e+00 0.000000e+00 0.000000e+00 0.000000e+00 0.000000e+00 0.000000e+00 0.000000e+00 0.000000e+00 0.000000e+00 0.000000e+00 0.000000e+00
 0.000000e+00 0.000000e+00 0.000000e+00 0.000000e+00 0.000000e+00 0.000000e+00 0.000000e+00 0.000000e+00 0.000000e+00 5.016407e-01 4.983593e-01 0.000000e+00 0.000000e+00 0.000000e+00 0.000000e+00 0.000000e+00 0.000000e+00 0.000000e+00 0.000000e+00 0.000000e+00 0.000000e+00 0.000000e+00 0.000000e+00 0.000000e+00 0.000000e+00 0.000000e+00 0.000000e+00 0.000000e+00 0.000000e+00 0.000000e+00 0.000000e+00 0.000000e+00
 0.000000e+00 0.000000e+00 0.000000e+00 0.000000e+00 0.000000e+00 0.000000e+00 0.000000e+00 0.000000e+00 0.000000e+00 0.000000e+00 5.838137e-01 4.161863e-01 0.000000e+00 0.000000e+00 0.000000e+00 0.000000e+00 0.000000e+00 0.000000e+00 0.000000e+00 0.000000e+00 0.000000e+00 0.000000e+00 0.000000e+00 0.000000e+00 0.000000e+00 0.000000e+00 0.000000e+00 0.000000e+00 0.000000e+00 0.000000e+00 0.000000e+00 0.000000e+00
 0.000000e+00 0.000000e+00 0.000000e+00 0.000000e+00 0.000000e+00 0.000000e+00 0.000000e+00 0.000000e+00 0.000000e+00 0.000000e+00 0.000000e+00 6.422937e-01 3.577063e-01 0.000000e+00 0.000000e+00 0.000000e+00 0.000000e+00 0.000000e+00 0.000000e+00 0.000000e+00 0.000000e+00 0.000000e+00 0.000000e+00 0.000000e+00 0.000000e+00 0.000000e+00 0.000000e+00 0.000000e+00 0.000000e+00 0.000000e+00 0.000000e+00 0.000000e+00
 0.000000e+00 0.000000e+00 0.000000e+00 0.000000e+00 0.000000e+00 0.000000e+00 0.000000e+00 0.000000e+00 0.000000e+00 0.000000e+00 0.000000e+00 0.000000e+00 4.469339e-01 5.530661e-01 0.000000e+00 0.000000e+00 0.000000e+00 0.000000e+00 0.000000e+00 0.000000e+00 0.000000e+00 0.000000e+00 0.000000e+00 0.000000e+00 0.000000e+00 0.000000e+00 0.000000e+00 0.000000e+00 0.000000e+00 0.000000e+00 0.000000e+00 0.000000e+00
 0.000000e+00 0.000000e+00 0.000000e+00 0.000000e+00 0.000000e+00 0.000000e+00 0.000000e+00 0.000000e+00 0.000000e+00 0.000000e+00 0.000000e+00 0.000000e+00 0.000000e+00 2.864704e-01 7.135296e-01 0.000000e+00 0.000000e+00 0.000000e+00 0.000000e+00 0.000000e+00 0.000000e+00 0.000000e+00 0.000000e+00 0.000000e+00 0.000000e+00 0.000000e+00 0.000000e+00 0.000000e+00 0.000000e+00 0.000000e+00 0.000000e+00 0.000000e+00
 0.000000e+00 0.000000e+00 0.000000e+00 0.000000e+00 0.000000e+00 0.000000e+00 0.000000e+00 0.000000e+00 0.000000e+00 0.000000e+00 0.000000e+00 0.000000e+00 0.000000e+00 0.000000e+00 5.436071e-01 4.563929e-01 0.000000e+00 0.000000e+00 0.000000e+00 0.000000e+00 0.000000e+00 0.000000e+00 0.000000e+00 0.000000e+00 0.000000e+00 0.000000e+00 0.000000e+00 0.000000e+00 0.000000e+00 0.000000e+00 0.000000e+00 0.000000e+00
 0.000000e+00 0.000000e+00 0.000000e+00 0.000000e+00 0.000000e+00 0.000000e+00 0.000000e+00 0.000000e+00 0.000000e+00 0.000000e+00 0.000000e+00 0.000000e+00 0.000000e+00 0.000000e+00 0.000000e+00 3.752848e-01 6.247152e-01 0.000000e+00 0.000000e+00 0.000000e+00 0.000000e+00 0.000000e+00 0.000000e+00 0.000000e+00 0.000000e+00 0.000000e+00 0.000000e+00 0.000000e+00 0.000000e+00 0.000000e+00 0.000000e+00 0.000000e+00
 0.000000e+00 0.000000e+00 0.000000e+00 0.000000e+00 0.000000e+00 0.000000e+00 0.000000e+00 0.000000e+00 0.000000e+00 0.000000e+00 0.000000e+00 0.000000e+00 0.000000e+00 0.000000e+00 0.000000e+00 0.000000e+00 5.836357e-01 4.163643e-01 0.000000e+00 0.000000e+00 0.000000e+00 0.000000e+00 0.000000e+00 0.000000e+00 0.000000e+00 0.000000e+00 0.000000e+00 0.000000e+00 0.000000e+00 0.000000e+00 0.000000e+00 0.000000e+00
 0.000000e+00 0.000000e+00 0.000000e+00 0.000000e+00 0.000000e+00 0.000000e+00 0.000000e+00 0.000000e+00 0.000000e+00 0.000000e+00 0.000000e+00 0.000000e+00 0.000000e+00 0.000000e+00 0.000000e+00 0.000000e+00 0.000000e+00 4.435309e-01 5.564691e-01 0.000000e+00 0.000000e+00 0.000000e+00 0.000000e+00 0.000000e+00 0.000000e+00 0.000000e+00 0.000000e+00 0.000000e+00 0.000000e+00 0.000000e+00 0.000000e+00 0.000000e+00
 0.000000e+00 0.000000e+00 0.000000e+00 0.000000e+00 0.000000e+00 0.000000e+00 0.000000e+00 0.000000e+00 0.000000e+00 0.000000e+00 0.000000e+00 0.000000e+00 0.000000e+00 0.000000e+00 0.000000e+00 0.000000e+00 0.000000e+00 0.000000e+00 4.472033e-01 5.527967e-01 0.000000e+00 0.000000e+00 0.000000e+00 0.000000e+00 0.000000e+00 0.000000e+00 0.000000e+00 0.000000e+00 0.000000e+00 0.000000e+00 0.000000e+00 0.000000e+00
 0.000000e+00 0.000000e+00 0.000000e+00 0.000000e+00 0.000000e+00 0.000000e+00 0.000000e+00 0.000000e+00 0.000000e+00 0.000000e+00 0.000000e+00 0.000000e+00 0.000000e+00 0.000000e+00 0.000000e+00 0.000000e+00 0.000000e+00 0.000000e+00 0.000000e+00 4.419143e-01 5.580856e-01 0.000000e+00 0.000000e+00 0.000000e+00 0.000000e+00 0.000000e+00 0.000000e+00 0.000000e+00 0.000000e+00 0.000000e+00 0.000000e+00 0.000000e+00
 0.000000e+00 0.000000e+00 0.000000e+00 0.000000e+00 0.000000e+00 0.000000e+00 0.000000e+00 0.000000e+00 0.000000e+00 0.000000e+00 0.000000e+00 0.000000e+00 0.000000e+00 0.000000e+00 0.000000e+00 0.000000e+00 0.000000e+00 0.000000e+00 0.000000e+00 0.000000e+00 5.005445e-01 4.994555e-01 0.000000e+00 0.000000e+00 0.000000e+00 0.000000e+00 0.000000e+00 0.000000e+00 0.000000e+00 0.000000e+00 0.000000e+00 0.000000e+00
 0.000000e+00 0.000000e+00 0.000000e+00 0.000000e+00 0.000000e+00 0.000000e+00 0.000000e+00 0.000000e+00 0.000000e+00 0.000000e+00 0.000000e+00 0.000000e+00 0.000000e+00 0.000000e+00 0.000000e+00 0.000000e+00 0.000000e+00 0.000000e+00 0.000000e+00 0.000000e+00 0.000000e+00 6.672040e-01 3.327960e-01 0.000000e+00 0.000000e+00 0.000000e+00 0.000000e+00 0.000000e+00 0.000000e+00 0.000000e+00 0.000000e+00 0.000000e+00
 0.000000e+00 0.000000e+00 0.000000e+00 0.000000e+00 0.000000e+00 0.000000e+00 0.000000e+00 0.000000e+00 0.000000e+00 0.000000e+00 0.000000e+00 0.000000e+00 0.000000e+00 0.000000e+00 0.000000e+00 0.000000e+00 0.000000e+00 0.000000e+00 0.000000e+00 0.000000e+00 0.000000e+00 0.000000e+00 3.727182e-01 6.272818e-01 0.000000e+00 0.000000e+00 0.000000e+00 0.000000e+00 0.000000e+00 0.000000e+00 0.000000e+00 0.000000e+00
 0.000000e+00 0.000000e+00 0.000000e+00 0.000000e+00 0.000000e+00 0.000000e+00 0.000000e+00 0.000000e+00 0.000000e+00 0.000000e+00 0.000000e+00 0.000000e+00 0.000000e+00 0.000000e+00 0.000000e+00 0.000000e+00 0.000000e+00 0.000000e+00 0.000000e+00 0.000000e+00 0.000000e+00 0.000000e+00 0.000000e+00 6.133582e-01 3.866419e-01 0.000000e+00 0.000000e+00 0.000000e+00 0.000000e+00 0.000000e+00 0.000000e+00 0.000000e+00
 0.000000e+00 0.000000e+00 0.000000e+00 0.000000e+00 0.000000e+00 0.000000e+00 0.000000e+00 0.000000e+00 0.000000e+00 0.000000e+00 0.000000e+00 0.000000e+00 0.000000e+00 0.000000e+00 0.000000e+00 0.000000e+00 0.000000e+00 0.000000e+00 0.000000e+00 0.000000e+00 0.000000e+00 0.000000e+00 0.000000e+00 0.000000e+00 3.798567e-01 6.201433e-01 0.000000e+00 0.000000e+00 0.000000e+00 0.000000e+00 0.000000e+00 0.000000e+00
 0.000000e+00 0.000000e+00 0.000000e+00 0.000000e+00 0.000000e+00 0.000000e+00 0.000000e+00 0.000000e+00 0.000000e+00 0.000000e+00 0.000000e+00 0.000000e+00 0.000000e+00 0.000000e+00 0.000000e+00 0.000000e+00 0.000000e+00 0.000000e+00 0.000000e+00 0.000000e+00 0.000000e+00 0.000000e+00 0.000000e+00 0.000000e+00 0.000000e+00 4.990517e-01 5.009483e-01 0.000000e+00 0.000000e+00 0.000000e+00 0.000000e+00 0.000000e+00
 0.000000e+00 0.000000e+00 0.000000e+00 0.000000e+00 0.000000e+00 0.000000e+00 0.000000e+00 0.000000e+00 0.000000e+00 0.000000e+00 0.000000e+00 0.000000e+00 0.000000e+00 0.000000e+00 0.000000e+00 0.000000e+00 0.000000e+00 0.000000e+00 0.000000e+00 0.000000e+00 0.000000e+00 0.000000e+00 0.000000e+00 0.000000e+00 0.000000e+00 0.000000e+00 6.158642e-01 3.841358e-01 0.000000e+00 0.000000e+00 0.000000e+00 0.000000e+00
 0.000000e+00 0.000000e+00 0.000000e+00 0.000000e+00 0.000000e+00 0.000000e+00 0.000000e+00 0.000000e+00 0.000000e+00 0.000000e+00 0.000000e+00 0.000000e+00 0.000000e+00 0.000000e+00 0.000000e+00 0.000000e+00 0.000000e+00 0.000000e+00 0.000000e+00 0.000000e+00 0.000000e+00 0.000000e+00 0.000000e+00 0.000000e+00 0.000000e+00 0.000000e+00 0.000000e+00 3.750933e-01 6.249067e-01 0.000000e+00 0.000000e+00 0.000000e+00
 0.000000e+00 0.000000e+00 0.000000e+00 0.000000e+00 0.000000e+00 0.000000e+00 0.000000e+00 0.000000e+00 0.000000e+00 0.000000e+00 0.000000e+00 0.000000e+00 0.000000e+00 0.000000e+00 0.000000e+00 0.000000e+00 0.000000e+00 0.000000e+00 0.000000e+00 0.000000e+00 0.000000e+00 0.000000e+00 0.000000e+00 0.000000e+00 0.000000e+00 0.000000e+00 0.000000e+00 0.000000e+00 3.757461e-01 6.242539e-01 0.000000e+00 0.000000e+00
 0.000000e+00 0.000000e+00 0.000000e+00 0.000000e+00 0.000000e+00 0.000000e+00 0.000000e+00 0.000000e+00 0.000000e+00 0.000000e+00 0.000000e+00 0.000000e+00 0.000000e+00 0.000000e+00 0.000000e+00 0.000000e+00 0.000000e+00 0.000000e+00 0.000000e+00 0.000000e+00 0.000000e+00 0.000000e+00 0.000000e+00 0.000000e+00 0.000000e+00 0.000000e+00 0.000000e+00 0.000000e+00 0.000000e+00 4.437002e-01 5.562998e-01 0.000000e+00
 0.000000e+00 0.000000e+00 0.000000e+00 0.000000e+00 0.000000e+00 0.000000e+00 0.000000e+00 0.000000e+00 0.000000e+00 0.000000e+00 0.000000e+00 0.000000e+00 0.000000e+00 0.000000e+00 0.000000e+00 0.000000e+00 0.000000e+00 0.000000e+00 0.000000e+00 0.000000e+00 0.000000e+00 0.000000e+00 0.000000e+00 0.000000e+00 0.000000e+00 0.000000e+00 0.000000e+00 0.000000e+00 0.000000e+00 0.000000e+00 5.001279e-01 4.998721e-01
 0.000000e+00 0.000000e+00 0.000000e+00 0.000000e+00 0.000000e+00 0.000000e+00 0.000000e+00 0.000000e+00 0.000000e+00 0.000000e+00 0.000000e+00 0.000000e+00 0.000000e+00 0.000000e+00 0.000000e+00 0.000000e+00 0.000000e+00 0.000000e+00 0.000000e+00 0.000000e+00 0.000000e+00 0.000000e+00 0.000000e+00 0.000000e+00 0.000000e+00 0.000000e+00 0.000000e+00 0.000000e+00 0.000000e+00 0.000000e+00 0.000000e+00 0.000000e+00
<ENDHMM>
