~o
<STREAMINFO> 1 39
<VECSIZE> 39<NULLD><MFCC_E_D_A><DIAGC>
~h "Ve^"
<BEGINHMM>
<NUMSTATES> 12
<STATE> 2
<MEAN> 39
 -4.279951e+00 -6.520222e+00 -5.335613e-01 -3.117039e+00 6.152328e-01 -4.581347e+00 -1.335841e-01 -1.370818e+00 3.173551e-01 -1.869889e+00 1.267611e+00 -2.178405e+00 1.185615e-01 4.999792e-01 4.448476e-01 -1.214368e-01 -3.630219e-01 -5.468170e-01 -1.961605e-01 -1.442049e-01 2.865511e-02 -5.920843e-01 -3.767470e-01 -6.491227e-01 -5.553107e-01 3.002545e-02 4.366449e-02 -3.595416e-02 -7.642873e-02 2.917783e-02 -3.328750e-02 1.296491e-02 -1.397215e-01 3.044747e-02 -9.231078e-02 -2.106092e-01 -1.361617e-01 -1.697793e-01 6.060164e-03
<VARIANCE> 39
 7.720420e+00 7.306210e+00 6.794599e+00 9.650737e+00 1.110493e+01 5.471638e+00 2.115100e+01 2.041995e+01 6.927677e+00 8.462694e+00 1.513139e+01 1.256832e+01 5.000000e-02 1.338130e+00 1.230137e+00 8.719857e-01 1.281653e+00 1.281492e+00 5.153046e-01 1.835662e+00 2.425804e+00 1.140736e+00 1.162386e+00 1.383961e+00 1.699764e+00 5.000000e-02 2.794463e-01 3.267061e-01 1.395187e-01 2.656854e-01 2.947630e-01 1.059036e-01 4.384371e-01 6.584662e-01 3.046261e-01 1.792093e-01 2.177786e-01 3.820740e-01 5.000000e-02
<GCONST> 7.743371e+01
<STATE> 3
<MEAN> 39
 1.359726e-01 -6.194030e+00 -4.238254e+00 -4.815041e+00 -3.445132e+00 -7.343008e+00 -2.591680e+00 -6.577817e-01 -3.424315e+00 -8.890735e+00 -4.023569e+00 -6.648459e+00 4.912106e-01 -2.865083e-02 -1.388521e+00 -1.428939e+00 -5.386680e-01 -6.421677e-01 -1.389113e+00 1.401338e-01 6.912498e-01 3.641404e-01 -4.180564e-01 -5.803976e-01 4.990138e-01 7.346051e-02 -1.483718e-01 -3.441838e-01 -3.106240e-01 -2.952330e-01 -2.145502e-01 -1.908878e-01 7.077726e-01 1.967701e-01 2.600312e-01 4.836330e-01 -7.605344e-03 3.944008e-01 5.778716e-03
<VARIANCE> 39
 3.122656e+01 2.516195e+01 1.105074e+01 2.030967e+01 9.210021e+00 2.467435e+01 1.405908e+01 2.635211e+01 2.454848e+01 1.820862e+01 1.061746e+01 3.492630e+01 5.000000e-02 2.762286e+00 3.216932e+00 2.307276e+00 5.751625e+00 3.418131e+00 3.456613e+00 4.044218e+00 4.149686e+00 2.787189e+00 3.030735e+00 2.559439e+00 3.484570e+00 5.000000e-02 5.030525e-01 4.326830e-01 3.690206e-01 1.092417e+00 6.928890e-01 8.046944e-01 4.258440e-01 6.994954e-01 4.764161e-01 4.342279e-01 5.496440e-01 4.772818e-01 5.000000e-02
<GCONST> 1.053687e+02
<STATE> 4
<MEAN> 39
 -2.452139e+00 -1.519525e+01 -1.467985e+01 -1.069554e+01 -1.022722e+01 -1.389479e+01 7.772398e+00 6.111111e+00 -5.186791e-01 -3.356795e+00 -7.994137e+00 -1.204931e+00 9.072111e-01 -9.832881e-01 -1.062998e+00 -8.830692e-01 -8.049961e-01 -9.661297e-01 5.453598e-01 2.808389e+00 4.031064e-01 -7.522924e-02 1.231977e+00 -3.686095e-01 -1.080477e-02 6.075644e-02 -1.322611e-01 2.981401e-01 9.044014e-01 4.555613e-01 5.977300e-01 7.429188e-01 -4.985844e-01 -5.890998e-01 -2.449165e-01 -4.041232e-01 5.488244e-01 -5.286794e-01 -2.366448e-02
<VARIANCE> 39
 1.345071e+01 7.239532e+00 1.615220e+01 1.851955e+01 2.250467e+01 3.964718e+01 3.971538e+01 5.983924e+01 3.881112e+01 2.451372e+01 9.445250e+00 1.862632e+01 5.000000e-02 8.258422e-01 3.851633e-01 3.060049e+00 1.925438e+00 2.899036e+00 3.018442e+00 3.303305e+00 4.460766e+00 2.596833e+00 2.701022e+00 1.630207e+00 2.290055e+00 5.000000e-02 1.608865e-01 1.453308e-01 2.369936e-01 4.970495e-01 4.306499e-01 6.276239e-01 5.872343e-01 5.842448e-01 4.322110e-01 2.564535e-01 2.914744e-01 2.815952e-01 5.000000e-02
<GCONST> 9.534499e+01
<STATE> 5
<MEAN> 39
 -5.542502e+00 -1.865979e+01 -1.255796e+01 -1.195562e+01 -1.124706e+01 -8.604479e+00 1.161854e+01 1.503501e+00 -1.296617e+00 -4.169657e+00 -4.208313e+00 -3.807446e+00 9.680834e-01 -5.369744e-01 -1.902052e-01 5.623789e-01 -4.134309e-01 8.151216e-02 8.404248e-01 2.414126e-01 -5.205142e-01 -3.166757e-01 4.434750e-01 7.938594e-01 -2.219736e-01 1.050018e-04 1.954524e-01 2.350041e-01 -1.291333e-01 7.868256e-02 1.584665e-02 -2.666432e-01 -2.802372e-01 1.512341e-01 9.911426e-03 2.871392e-01 -1.417400e-01 1.326909e-01 -5.605656e-03
<VARIANCE> 39
 5.016020e+00 3.325515e+00 8.777803e+00 8.040200e+00 1.162863e+01 2.856235e+01 9.086752e+00 3.108686e+01 3.555779e+01 1.783111e+01 1.174259e+01 1.453478e+01 5.000000e-02 1.190725e-01 3.547965e-01 8.398270e-01 3.291925e-01 5.760583e-01 6.825713e-01 3.208061e-01 1.193064e+00 2.204947e+00 1.000060e+00 7.765058e-01 4.280093e-01 5.000000e-02 5.000000e-02 5.000000e-02 1.246730e-01 1.140488e-01 1.208677e-01 9.950227e-02 2.876699e-01 1.319176e-01 3.510447e-01 1.798231e-01 1.726179e-01 7.376320e-02 5.000000e-02
<GCONST> 6.108443e+01
<STATE> 6
<MEAN> 39
 -6.144431e+00 -1.701487e+01 -1.080076e+01 -1.247343e+01 -1.177456e+01 -9.880581e+00 1.270403e+01 4.880651e+00 -1.685400e+00 3.517848e+00 -4.124682e+00 -6.613214e+00 9.654323e-01 1.692950e-01 -6.944890e-02 3.018724e-01 -1.634931e-01 -3.884818e-01 -2.103020e-01 7.868345e-02 -1.615318e-01 2.823932e-01 6.213546e-01 1.265368e-01 -1.892150e-01 -1.381623e-03 5.502587e-02 9.483470e-03 -4.213599e-02 4.577946e-02 -1.130831e-01 -1.670969e-02 -6.353801e-02 4.896768e-02 5.388761e-02 -7.871572e-03 -1.655509e-02 1.006897e-01 -1.079440e-03
<VARIANCE> 39
 4.698693e+00 2.619363e+00 5.954672e+00 4.399881e+00 2.215724e+01 4.656038e+01 1.617175e+01 1.007449e+01 5.431450e+00 1.244496e+01 9.054920e+00 2.469295e+01 5.000000e-02 1.575643e-01 1.998504e-01 4.036443e-01 3.030918e-01 7.030085e-01 5.287657e-01 3.800523e-01 5.332543e-01 5.418499e-01 5.802956e-01 3.871569e-01 8.316235e-01 5.000000e-02 5.000000e-02 5.000000e-02 1.029584e-01 8.580828e-02 1.441678e-01 1.086751e-01 7.440703e-02 1.409876e-01 1.457040e-01 1.127157e-01 6.732789e-02 1.129915e-01 5.000000e-02
<GCONST> 5.126470e+01
<STATE> 7
<MEAN> 39
 -3.966953e+00 -1.709376e+01 -9.616425e+00 -1.264981e+01 -1.699519e+01 -7.829746e+00 1.119631e+01 -1.212245e+00 3.591752e+00 3.543392e+00 -4.311272e+00 -2.945450e+00 9.302967e-01 3.300573e-01 2.560958e-01 -4.138971e-03 3.987093e-01 -1.214993e+00 6.726869e-01 -6.607096e-01 -5.165636e-02 3.973420e-01 4.125856e-01 4.425764e-01 1.440920e-01 -1.241624e-02 6.042461e-02 1.060060e-02 3.587078e-02 5.485807e-02 -1.862564e-01 2.078396e-01 -1.963560e-01 -5.984687e-02 2.541997e-02 -1.917070e-01 1.271164e-01 -1.086452e-01 -2.512681e-03
<VARIANCE> 39
 2.149065e+00 6.353618e+00 8.538623e+00 1.176316e+01 1.056627e+01 2.379799e+01 2.322392e+01 5.892263e+01 1.022169e+01 4.823874e+01 6.517148e+00 9.250051e+00 5.000000e-02 2.415764e-01 4.278753e-01 5.260144e-01 9.829800e-01 1.024735e+00 1.044645e+00 1.179179e+00 1.191376e+00 6.465194e-01 7.877029e-01 5.737130e-01 7.420192e-01 5.000000e-02 5.000000e-02 6.648085e-02 8.378131e-02 2.062383e-01 1.666503e-01 2.230544e-01 2.029171e-01 1.787476e-01 1.383172e-01 1.251429e-01 7.472108e-02 1.650240e-01 5.000000e-02
<GCONST> 6.408627e+01
<STATE> 8
<MEAN> 39
 -2.155971e-02 -1.607427e+01 -8.303565e+00 -9.400212e+00 -2.563132e+01 -3.229311e+00 6.265976e+00 3.052519e-01 4.914446e+00 5.834940e+00 1.341559e+00 -4.518608e+00 7.875375e-01 4.736313e-01 3.852422e-01 6.419427e-01 3.892390e-01 -8.721229e-01 1.205126e+00 -2.182175e-01 -1.621759e-01 3.139407e-01 -8.424340e-01 7.115831e-01 -4.873917e-01 -3.757734e-02 -1.981887e-01 2.186676e-02 1.969223e-01 -2.384758e-01 5.882118e-01 -3.810288e-01 6.175479e-01 -8.747478e-02 -1.466673e-01 -1.535196e-01 -2.821055e-01 -1.451158e-01 -3.161941e-03
<VARIANCE> 39
 3.264840e+00 9.132054e+00 1.869987e+01 1.245935e+01 4.691551e+00 1.965949e+01 2.169839e+01 1.030862e+01 1.022609e+01 1.345783e+01 5.390932e+00 1.019384e+01 5.000000e-02 5.197217e-01 2.184801e-01 9.920213e-01 1.070540e+00 1.717418e+00 1.246226e+00 3.485535e+00 9.720379e-01 8.251842e-01 1.154092e+00 6.125571e-01 5.983101e-01 5.000000e-02 5.000000e-02 7.108200e-02 1.052209e-01 7.086382e-02 1.623057e-01 1.245633e-01 4.585920e-01 1.807178e-01 1.209735e-01 2.902822e-01 7.698004e-02 1.103155e-01 5.000000e-02
<GCONST> 6.416711e+01
<STATE> 9
<MEAN> 39
 -3.523069e-02 -1.468112e+01 -4.074934e+00 -1.083415e+01 -2.302235e+01 -1.238237e+00 8.641036e+00 -1.638125e+00 4.456303e+00 2.299972e+00 6.288908e-01 -5.691466e+00 6.053331e-01 3.093699e-01 2.582657e-01 7.477380e-01 1.901639e-01 2.430485e+00 -4.003752e-01 5.723224e-01 -6.990014e-01 -7.271588e-01 -4.011515e-01 -3.111492e-01 6.637111e-02 -5.437549e-02 -3.004166e-02 1.515984e-01 -8.233851e-02 1.995860e-01 7.387221e-01 -2.089897e-01 -2.167471e-01 8.274657e-02 -2.879343e-01 1.116645e-01 -4.259760e-02 1.828007e-01 -5.624686e-03
<VARIANCE> 39
 5.516966e+00 1.212478e+01 2.628288e+01 1.523154e+01 3.583276e+01 1.549461e+01 2.462498e+01 1.714863e+01 1.026731e+01 1.916718e+01 1.292390e+01 2.146753e+01 5.000000e-02 8.219053e-01 1.332618e+00 2.473527e+00 9.776189e-01 4.519845e+00 1.543868e+00 1.221021e+00 5.265281e-01 1.989977e+00 1.999301e+00 1.683591e+00 1.292446e+00 5.000000e-02 1.927236e-01 2.356793e-01 3.876841e-01 1.910615e-01 4.577411e-01 3.559613e-01 2.532452e-01 1.852901e-01 3.227651e-01 3.746555e-01 3.459402e-01 2.036297e-01 5.000000e-02
<GCONST> 8.545797e+01
<STATE> 10
<MEAN> 39
 1.943886e-01 -1.134273e+01 -2.261603e+00 -7.802408e+00 -7.857075e+00 -4.710275e+00 1.026568e+01 -1.690876e+00 -7.470905e-01 5.218235e-01 -1.237680e+00 -4.936671e+00 3.149182e-01 -4.966814e-01 7.720573e-01 1.086254e-02 3.370393e-01 1.817804e+00 -1.940537e-01 -3.397367e-01 3.611968e-01 -1.272294e-01 -3.340268e-01 -4.699842e-01 1.265341e-01 -4.104108e-02 -6.248547e-02 -9.122418e-02 -1.033841e-01 -6.051707e-02 -6.733128e-01 1.038457e-01 -1.446906e-01 3.358093e-02 4.023614e-01 5.240191e-02 1.889289e-01 -6.625944e-02 9.305061e-03
<VARIANCE> 39
 8.082243e+00 5.763964e+00 6.334963e+00 9.909953e+00 1.312080e+01 6.462836e+00 1.690803e+01 1.793177e+01 1.156772e+01 9.696105e+00 7.208567e+00 5.233261e+00 5.000000e-02 3.000648e-01 4.276614e-01 8.672692e-01 1.879228e+00 1.577668e+00 1.472780e+00 1.327359e+00 2.249165e+00 2.464481e+00 1.235183e+00 9.166925e-01 6.226679e-01 5.000000e-02 1.019351e-01 1.108153e-01 3.048697e-01 3.584438e-01 9.895165e-02 3.036573e-01 2.477668e-01 5.018788e-01 4.634455e-01 3.962316e-01 2.868747e-01 1.544333e-01 5.000000e-02
<GCONST> 7.300205e+01
<STATE> 11
<MEAN> 39
 -2.906029e+00 -9.319514e+00 -1.488817e+00 -5.702222e+00 -4.759862e+00 -4.909177e+00 6.581700e+00 -9.352968e-01 1.437840e+00 -7.145714e-01 9.430468e-01 -3.616061e+00 1.702299e-01 -5.454079e-01 2.496043e-02 4.327568e-01 5.177010e-01 3.091696e-01 -1.134359e-01 -5.203727e-01 1.036823e-01 -3.521295e-03 -3.899465e-01 4.525457e-01 3.920482e-01 -2.402160e-02 5.078093e-02 -3.259102e-02 5.715512e-02 3.687125e-02 4.342324e-02 1.532565e-02 4.559046e-02 9.264717e-03 -6.222371e-02 4.931989e-02 -6.697074e-02 1.019998e-02 2.291175e-03
<VARIANCE> 39
 4.433674e+00 2.465113e+00 6.073568e+00 5.889964e+00 7.195619e+00 8.476792e+00 7.535270e+00 8.578915e+00 6.616666e+00 1.381724e+01 9.252737e+00 9.749773e+00 5.000000e-02 4.915588e-01 2.844804e-01 3.688139e-01 4.613362e-01 6.735150e-01 7.690685e-01 9.442078e-01 1.604547e+00 1.031595e+00 1.712753e+00 8.891293e-01 1.028518e+00 5.000000e-02 9.208432e-02 6.483121e-02 7.025604e-02 8.717442e-02 1.444569e-01 1.328371e-01 1.497286e-01 3.149959e-01 1.694305e-01 2.921771e-01 1.569513e-01 2.910423e-01 5.000000e-02
<GCONST> 5.913929e+01
<TRANSP> 12
 0.000000e+00 1.000000e+00 0.000000e+00 0.000000e+00 0.000000e+00 0.000000e+00 0.000000e+00 0.000000e+00 0.000000e+00 0.000000e+00 0.000000e+00 0.000000e+00
 0.000000e+00 8.648306e-01 1.351694e-01 0.000000e+00 0.000000e+00 0.000000e+00 0.000000e+00 0.000000e+00 0.000000e+00 0.000000e+00 0.000000e+00 0.000000e+00
 0.000000e+00 0.000000e+00 8.333716e-01 1.666284e-01 0.000000e+00 0.000000e+00 0.000000e+00 0.000000e+00 0.000000e+00 0.000000e+00 0.000000e+00 0.000000e+00
 0.000000e+00 0.000000e+00 0.000000e+00 7.259549e-01 2.740451e-01 0.000000e+00 0.000000e+00 0.000000e+00 0.000000e+00 0.000000e+00 0.000000e+00 0.000000e+00
 0.000000e+00 0.000000e+00 0.000000e+00 0.000000e+00 6.539202e-01 3.460799e-01 0.000000e+00 0.000000e+00 0.000000e+00 0.000000e+00 0.000000e+00 0.000000e+00
 0.000000e+00 0.000000e+00 0.000000e+00 0.000000e+00 0.000000e+00 8.941498e-01 1.058502e-01 0.000000e+00 0.000000e+00 0.000000e+00 0.000000e+00 0.000000e+00
 0.000000e+00 0.000000e+00 0.000000e+00 0.000000e+00 0.000000e+00 0.000000e+00 8.575920e-01 1.424080e-01 0.000000e+00 0.000000e+00 0.000000e+00 0.000000e+00
 0.000000e+00 0.000000e+00 0.000000e+00 0.000000e+00 0.000000e+00 0.000000e+00 0.000000e+00 7.494130e-01 2.505871e-01 0.000000e+00 0.000000e+00 0.000000e+00
 0.000000e+00 0.000000e+00 0.000000e+00 0.000000e+00 0.000000e+00 0.000000e+00 0.000000e+00 0.000000e+00 7.928590e-01 2.071410e-01 0.000000e+00 0.000000e+00
 0.000000e+00 0.000000e+00 0.000000e+00 0.000000e+00 0.000000e+00 0.000000e+00 0.000000e+00 0.000000e+00 0.000000e+00 7.986808e-01 2.013192e-01 0.000000e+00
 0.000000e+00 0.000000e+00 0.000000e+00 0.000000e+00 0.000000e+00 0.000000e+00 0.000000e+00 0.000000e+00 0.000000e+00 0.000000e+00 8.335226e-01 1.664774e-01
 0.000000e+00 0.000000e+00 0.000000e+00 0.000000e+00 0.000000e+00 0.000000e+00 0.000000e+00 0.000000e+00 0.000000e+00 0.000000e+00 0.000000e+00 0.000000e+00
<ENDHMM>
