~o
<STREAMINFO> 1 39
<VECSIZE> 39<NULLD><MFCC_E_D_A><DIAGC>
~h "Xoa"
<BEGINHMM>
<NUMSTATES> 22
<STATE> 2
<MEAN> 39
 -8.274200e+00 -8.008453e+00 -3.957773e+00 -3.019908e-01 1.080136e+00 -3.808752e+00 4.064924e+00 -1.395363e+00 2.323305e+00 -4.229204e+00 1.612767e+00 -2.691482e+00 -7.401650e-02 -1.379064e+00 1.826546e+00 -1.587367e+00 7.723444e-01 -1.972534e-02 -4.338154e-01 1.031618e+00 -2.609829e-01 4.251232e-01 -3.230099e-01 3.792389e-01 -3.212355e-01 2.397390e-02 -4.689045e-01 7.916366e-01 -4.972423e-01 1.804190e-01 -5.114749e-02 -1.137397e-01 1.153000e-01 -1.300088e-01 3.228416e-02 4.275559e-02 1.254931e-01 1.115325e-01 1.342359e-02
<VARIANCE> 39
 6.297650e+00 5.320891e+00 5.890092e+00 2.573342e+00 9.318030e+00 6.913150e+00 1.207333e+01 3.513647e+01 6.456289e+00 1.191535e+01 4.961874e+00 4.159423e+00 5.000000e-02 9.469606e-01 1.646733e+00 1.442802e+00 4.570038e-01 1.198206e+00 5.370677e-01 7.146056e-01 1.845026e+00 4.826542e-01 1.140618e+00 4.365112e-01 1.093821e+00 5.000000e-02 1.161708e-01 1.103876e-01 1.655787e-01 1.144495e-01 3.310883e-01 1.356814e-01 2.174971e-01 5.319363e-01 1.320924e-01 2.825849e-01 7.257587e-02 1.791955e-01 5.000000e-02
<GCONST> 6.382085e+01
<STATE> 3
<MEAN> 39
 -1.388886e+01 8.919157e-01 -1.087367e+01 3.707455e+00 2.045571e+00 -7.125134e+00 7.481876e+00 -2.723991e+00 4.756117e+00 -3.301821e+00 3.347244e+00 -2.810417e+00 6.418176e-02 -1.690220e+00 2.641594e+00 -2.433347e+00 8.068380e-01 -3.063714e-01 2.448456e-02 -2.478468e-01 -9.918100e-01 1.136826e-02 -4.687966e-01 2.305771e-01 -4.028144e-01 7.068151e-02 4.762932e-02 -2.231416e-01 -8.116774e-02 -1.455141e-01 -2.798304e-01 -1.225256e-02 -4.673040e-01 -4.200110e-02 -1.223237e-01 -1.063493e-01 7.464447e-04 -3.331269e-02 1.141241e-02
<VARIANCE> 39
 1.389170e+01 7.053219e+00 1.088525e+01 6.117259e+00 9.776008e+00 8.426224e+00 1.776259e+01 2.325353e+01 1.517279e+01 1.201606e+01 1.072321e+01 1.197592e+01 5.000000e-02 4.755672e+00 1.661450e+00 9.002246e-01 8.611923e-01 4.092928e+00 2.636383e+00 3.463326e+00 4.163124e+00 1.415108e+00 2.416136e+00 1.933243e+00 1.522919e+00 5.000000e-02 6.434875e-01 1.026862e-01 2.150521e-01 1.219364e-01 3.700916e-01 4.243740e-01 6.034942e-01 4.177932e-01 2.364409e-01 4.121009e-01 3.401029e-01 3.988519e-01 5.000000e-02
<GCONST> 8.722483e+01
<STATE> 4
<MEAN> 39
 -2.256173e+01 9.338073e+00 -1.966321e+01 4.758024e+00 -8.461110e-02 -6.981083e+00 4.271135e+00 -4.291119e+00 4.489640e+00 -6.058285e+00 3.878951e+00 -3.647779e+00 3.971107e-01 -6.159486e-01 8.313901e-02 -6.486847e-01 8.408145e-02 -5.147660e-01 -9.264710e-01 -5.641843e-01 1.192391e-01 6.286566e-01 -2.043948e-01 -6.698062e-02 3.016424e-01 4.559075e-02 1.173321e+00 -1.413763e+00 6.441739e-01 -8.034813e-01 1.487398e-02 -5.417159e-02 -1.015050e-02 2.912669e-01 1.941263e-01 1.529974e-01 -5.014818e-01 -6.913809e-03 -7.385130e-03
<VARIANCE> 39
 2.658989e+01 2.097738e+01 8.254016e+00 2.613837e+01 2.739992e+01 4.584086e+01 1.527375e+01 2.865812e+01 1.168712e+01 2.594481e+01 1.272670e+01 9.494506e+00 5.000000e-02 2.733202e+00 4.088317e+00 4.806745e+00 1.875367e+00 1.409237e+00 2.504740e+00 1.919989e+00 2.808299e+00 1.348935e+00 2.026131e+00 1.758577e+00 1.218594e+00 5.000000e-02 5.085555e-01 4.233051e-01 3.736722e-01 9.331479e-01 5.990236e-01 6.235828e-01 3.193551e-01 7.269611e-01 3.231401e-01 5.461928e-01 5.800777e-01 2.302645e-01 5.000000e-02
<GCONST> 9.865842e+01
<STATE> 5
<MEAN> 39
 -1.237243e+01 -3.125430e+00 -1.763408e+01 -3.337222e+00 -3.794694e+00 -1.064102e+01 2.156980e+00 -1.688633e+00 8.278609e+00 -5.328163e+00 -1.184070e+00 -2.447231e+00 5.263637e-01 5.234398e+00 -7.018245e+00 -2.758780e-01 -5.291694e+00 4.152752e-01 -3.872605e-01 -4.683574e-01 1.733328e+00 9.109453e-01 7.269505e-01 -3.538033e+00 -9.502360e-01 1.065492e-01 2.079631e-01 -7.931639e-01 -1.815202e-01 -2.912900e-01 1.101028e+00 6.992558e-01 3.611577e-01 -2.207339e-01 -4.513727e-01 3.386752e-01 6.648131e-02 -5.261753e-01 1.806495e-02
<VARIANCE> 39
 8.082822e+01 7.967538e+01 3.669112e+01 6.538406e+01 1.127308e+01 4.007568e+01 1.901887e+01 3.529320e+01 1.213029e+01 1.321996e+01 4.887560e+01 1.446215e+01 5.000000e-02 2.187057e+00 2.477780e+00 1.693526e+00 1.661723e+00 5.777936e+00 3.671669e+00 1.432426e+00 2.160095e+00 1.511853e+00 2.290878e+00 1.893869e+00 2.480205e+00 5.000000e-02 1.589711e+00 1.737819e+00 8.942109e-01 1.669311e+00 3.524049e-01 6.428063e-01 2.346136e-01 7.526319e-01 4.708755e-01 3.078738e-01 1.535453e+00 3.812855e-01 5.000000e-02
<GCONST> 1.089330e+02
<STATE> 6
<MEAN> 39
 -2.328693e-01 -2.363008e+01 -1.974536e+01 -1.546457e+01 3.560543e+00 -7.512644e+00 2.665280e+00 -1.655026e+00 7.381960e+00 -2.861805e+00 -7.756184e+00 -8.288761e+00 8.739796e-01 1.292819e+00 -3.269779e+00 -1.550498e-01 -1.582478e+00 2.883970e+00 2.287404e+00 9.540579e-01 -1.926821e+00 -2.203817e+00 1.887466e+00 1.189164e+00 -1.794624e+00 7.246737e-02 -1.204484e+00 1.883455e+00 1.963654e-01 1.188177e+00 -1.992140e-01 4.593736e-01 1.995617e-01 -6.815019e-01 -6.126733e-01 2.100853e-01 1.260944e+00 2.938475e-01 -2.813756e-02
<VARIANCE> 39
 1.051298e+01 1.635717e+01 1.414997e+01 1.966386e+01 3.937403e+01 2.766444e+01 2.531129e+01 3.220992e+01 3.764704e+01 1.748717e+01 2.110501e+01 2.382658e+01 5.000000e-02 3.650172e+00 5.241578e+00 3.600283e+00 4.477217e+00 2.303790e+00 2.160915e+00 1.016046e+00 6.519489e-01 5.270967e+00 1.699499e+00 4.319924e+00 8.233164e-01 5.000000e-02 4.754406e-01 3.133051e-01 3.558590e-01 3.374066e-01 8.076568e-01 3.750134e-01 2.468858e-01 4.400254e-01 7.585575e-01 1.983504e-01 5.816505e-01 4.080664e-01 5.000000e-02
<GCONST> 9.948839e+01
<STATE> 7
<MEAN> 39
 -1.449589e-01 -2.413291e+01 -2.007574e+01 -1.623928e+01 8.131281e+00 -4.028337e-01 6.442215e+00 -8.273825e+00 9.902119e-01 2.916345e+00 -7.459301e-01 -1.087356e+01 9.534639e-01 -7.295275e-02 3.158430e-01 -2.323326e-02 -4.706947e-01 4.055568e-01 2.058381e+00 7.121328e-01 -1.340524e+00 -1.365515e-01 8.472056e-01 1.210968e+00 4.325848e-01 1.296499e-02 -8.761198e-02 3.485221e-01 4.239812e-03 1.741482e-01 -6.016653e-01 -1.957512e-01 -2.879494e-01 3.302225e-01 7.589638e-01 -6.239029e-01 -4.477833e-01 5.878241e-01 -8.571337e-03
<VARIANCE> 39
 5.738953e+00 8.018556e+00 6.824937e+00 6.413448e+00 4.173214e+00 1.339257e+01 3.330491e+01 2.462439e+01 6.682499e+01 2.119697e+01 1.097411e+01 4.654150e+00 5.000000e-02 3.879330e-01 4.088139e-01 5.601158e-01 9.584440e-01 1.427928e+00 3.229104e-01 1.081698e+00 4.189847e-01 4.322363e+00 1.904036e+00 7.220123e-01 1.577857e+00 5.000000e-02 1.085043e-01 2.344556e-01 1.721057e-01 2.020060e-01 2.116646e-01 9.259661e-02 1.684838e-01 7.639486e-02 8.708200e-01 3.014248e-01 7.716549e-02 1.821932e-01 5.000000e-02
<GCONST> 6.951159e+01
<STATE> 8
<MEAN> 39
 -3.021029e-01 -2.505625e+01 -1.884569e+01 -1.677018e+01 8.772561e+00 5.617967e+00 4.909330e+00 -8.188010e+00 1.366890e+00 2.179514e+00 -9.709271e-01 -7.835724e+00 9.795939e-01 -1.356116e-01 -3.633065e-01 1.867606e-01 3.769525e-01 2.000789e-01 6.865911e-01 -7.082994e-02 -1.272203e-01 -8.040141e-02 -6.888450e-01 -7.967101e-02 1.724621e-01 1.593045e-03 -8.175156e-02 -1.537161e-01 7.537629e-02 5.412107e-02 1.317171e-01 -2.835511e-01 -7.459978e-03 1.327078e-01 -9.049176e-02 -5.009434e-02 -1.667097e-01 -1.954853e-01 -1.080709e-03
<VARIANCE> 39
 1.185559e+01 8.441556e+00 9.339581e+00 6.378328e+00 9.705830e+00 1.092839e+01 2.047025e+01 3.592117e+01 6.187639e+01 2.250720e+01 1.840588e+01 9.237179e+00 5.000000e-02 2.441681e-01 2.592272e-01 5.300385e-01 3.192998e-01 4.812260e-01 9.128707e-01 6.281947e-01 4.103001e-01 8.369604e-01 2.366074e-01 4.758094e-01 8.279031e-01 5.000000e-02 5.000000e-02 6.045625e-02 7.472819e-02 6.086366e-02 9.670116e-02 1.130861e-01 1.615644e-01 7.464413e-02 9.512230e-02 7.487488e-02 1.232529e-01 1.478923e-01 5.000000e-02
<GCONST> 5.667926e+01
<STATE> 9
<MEAN> 39
 -3.215290e+00 -2.594213e+01 -1.834320e+01 -1.494472e+01 1.026380e+01 7.137748e+00 6.930397e+00 -1.145251e+01 4.677320e+00 -2.010069e+00 3.357437e-01 -8.644534e+00 9.863274e-01 -7.098501e-01 -5.726981e-01 -2.344582e-02 3.211131e-01 -5.288054e-02 -1.256585e-01 -8.419337e-01 -2.452677e-01 -4.600191e-01 -7.008135e-01 -8.089434e-01 -2.268462e-01 -2.672699e-03 1.099591e-02 1.524134e-01 -2.295209e-01 3.739955e-01 -3.320517e-01 -1.161848e-01 -2.254114e-01 -5.646971e-02 -1.212111e-02 -3.060329e-01 -1.153166e-01 2.948741e-02 -1.891184e-03
<VARIANCE> 39
 2.102690e+01 7.750268e+00 1.143924e+01 3.510149e+00 2.610135e+00 6.509430e+00 6.896687e+00 2.482100e+01 5.370185e+01 2.413381e+01 5.735258e+00 4.286822e+00 5.000000e-02 1.583836e-01 3.079938e-01 5.264181e-01 6.459978e-01 8.747329e-01 3.600144e-01 5.735798e-01 8.920115e-01 4.719900e-01 7.151404e-01 2.218377e-01 2.735550e-01 5.000000e-02 5.000000e-02 7.900903e-02 5.000000e-02 1.177273e-01 1.280696e-01 1.078820e-01 5.973958e-02 1.039214e-01 1.468849e-01 1.113622e-01 5.274286e-02 7.197863e-02 5.000000e-02
<GCONST> 5.028853e+01
<STATE> 10
<MEAN> 39
 -1.508076e+00 -2.819491e+01 -1.851963e+01 -1.067318e+01 1.008459e+01 6.110702e+00 2.945551e+00 -8.739402e+00 -3.075987e-01 -2.883193e+00 -4.462467e+00 -8.576532e+00 9.622495e-01 -5.137419e-02 -3.737135e-01 -1.123647e-01 1.421098e+00 7.139605e-02 -4.336863e-01 -7.241378e-01 2.609767e-01 3.240288e-01 -1.192518e+00 -5.081514e-01 -2.409898e-01 -2.869755e-03 7.393762e-02 5.079932e-02 1.885831e-02 -4.167425e-02 -4.126825e-02 -2.428473e-01 -5.892537e-02 2.031686e-01 -9.900441e-03 1.795362e-03 7.756937e-02 9.919696e-02 -1.805204e-04
<VARIANCE> 39
 2.749905e+01 1.160119e+01 2.464320e+01 2.113350e+01 1.710000e+01 1.861557e+01 9.815751e+00 3.270721e+01 4.751314e+01 2.903551e+01 5.221707e+00 4.633854e+00 5.000000e-02 1.705861e-01 5.466786e-01 6.399177e-01 5.146245e-01 1.840988e+00 7.666808e-01 4.413191e-01 5.111166e-01 6.127340e-01 6.805014e-01 3.049487e-01 3.181846e-01 5.000000e-02 5.000000e-02 1.010913e-01 1.309839e-01 9.339724e-02 2.906760e-01 9.657258e-02 9.510572e-02 1.282221e-01 1.856697e-01 1.028953e-01 5.286702e-02 1.530286e-01 5.000000e-02
<GCONST> 6.238012e+01
<STATE> 11
<MEAN> 39
 -3.421964e+00 -2.779172e+01 -1.835966e+01 -6.015884e+00 9.182035e+00 3.119035e+00 -1.877220e-01 -7.710718e+00 2.377167e+00 -8.991148e+00 -4.134598e+00 -8.739314e+00 9.399504e-01 2.349495e-01 1.129171e-02 9.699250e-01 6.543326e-01 -3.004778e-01 -3.394792e-01 -1.319140e+00 1.954944e+00 -1.035536e+00 -2.906187e-01 -2.227554e-01 1.273075e+00 -1.168722e-02 4.546450e-02 3.650778e-03 2.583848e-01 -3.468038e-01 -7.800502e-02 2.934186e-01 3.816439e-02 3.776309e-01 -3.331652e-01 9.245597e-02 1.425332e-01 4.408013e-01 -3.140231e-03
<VARIANCE> 39
 2.706339e+01 3.693591e+00 1.534898e+01 1.733466e+01 9.743529e+00 1.494122e+01 1.836562e+01 3.414833e+01 3.510878e+01 2.320594e+01 1.305457e+01 9.046288e+00 5.000000e-02 5.583010e-01 6.421619e-01 6.629977e-01 5.743121e-01 7.644030e-01 1.411994e+00 1.655885e+00 1.094296e+00 3.413506e-01 1.358814e+00 3.472053e-01 1.556563e+00 5.000000e-02 9.493741e-02 7.147831e-02 1.863405e-01 5.000000e-02 2.448668e-01 9.107294e-02 3.213227e-01 2.336064e-01 5.000000e-02 2.761870e-01 6.281275e-02 1.524330e-01 5.000000e-02
<GCONST> 6.807827e+01
<STATE> 12
<MEAN> 39
 -2.903578e+00 -2.939831e+01 -1.425999e+01 -7.654766e+00 7.489192e+00 2.977361e+00 -3.803919e+00 6.929889e-01 -3.012053e+00 -9.975760e+00 -4.441538e+00 -1.943138e+00 8.770771e-01 -7.592246e-01 3.057094e-02 3.182042e-01 -6.260979e-01 -2.534782e-01 -6.811831e-01 5.331447e-02 1.126697e+00 -7.014380e-01 -6.404700e-01 3.009919e-01 1.193945e+00 -2.409142e-02 -2.576274e-01 9.096812e-02 -1.202957e-01 -1.070228e-01 1.488090e-01 -2.837786e-01 1.413570e-01 -4.939476e-01 3.883791e-01 1.535020e-01 -6.508149e-02 -3.346041e-01 -6.712139e-03
<VARIANCE> 39
 1.252224e+01 6.440211e+00 8.009122e+00 1.043467e+01 1.045606e+01 2.308423e+01 2.932210e+01 1.819465e+01 2.240300e+01 1.401078e+01 7.818650e+00 1.195048e+01 5.000000e-02 5.920406e-01 8.815299e-01 7.683115e-01 4.341920e-01 9.484122e-01 7.352718e-01 1.715820e+00 1.138677e+00 1.159624e+00 1.877114e+00 5.526918e-01 6.067813e-01 5.000000e-02 1.562553e-01 2.125680e-01 1.672412e-01 1.564966e-01 1.090122e-01 1.617878e-01 3.425222e-01 2.662725e-01 1.773649e-01 2.735524e-01 1.252249e-01 1.125780e-01 5.000000e-02
<GCONST> 7.103658e+01
<STATE> 13
<MEAN> 39
 -6.616629e+00 -2.840266e+01 -1.306664e+01 -1.062659e+01 1.029374e+01 -3.079350e+00 -1.735869e+00 1.236612e+00 -3.172702e+00 -1.028109e+01 -4.560392e+00 7.452247e-01 7.528417e-01 5.274584e-01 2.478783e-02 6.023510e-01 2.981126e-01 -3.898595e-01 -3.880313e-01 -5.615271e-02 -1.178174e+00 9.723264e-01 1.679815e-02 -6.883554e-01 -9.073705e-02 -6.712612e-02 9.699076e-01 4.593036e-02 -2.130799e-01 8.893024e-01 -5.454351e-01 7.186834e-01 1.277411e-01 -4.039989e-01 1.764490e-01 1.891239e-01 -1.432814e-01 -2.273039e-01 -6.797677e-03
<VARIANCE> 39
 8.419617e+00 6.339087e+00 1.169588e+01 1.477532e+01 4.132892e+01 6.362914e+01 3.860970e+01 1.131131e+01 6.809251e+00 5.822537e+00 1.049589e+01 7.453106e+00 5.000000e-02 3.434403e+00 1.491933e+00 3.094749e-01 3.365824e+00 3.368306e+00 2.950743e+00 1.049217e+00 2.815990e+00 7.044376e-01 9.821736e-01 1.181846e+00 6.905660e-01 5.000000e-02 1.292944e-01 2.883584e-01 1.513597e-01 2.545002e-01 5.331677e-01 4.620365e-01 1.691156e-01 8.768414e-01 9.488004e-02 1.470194e-01 2.101700e-01 1.182148e-01 5.000000e-02
<GCONST> 8.047324e+01
<STATE> 14
<MEAN> 39
 -1.825308e+00 -2.746426e+01 -1.286124e+01 -5.857299e+00 3.112991e+00 2.104540e+00 -3.639631e+00 -6.732688e-01 3.966394e-01 -1.064355e+01 -7.158028e+00 -1.308272e+00 5.629568e-01 2.209145e+00 4.957578e-01 -8.108032e-01 2.034623e+00 -7.242832e-01 5.869329e-01 7.731837e-01 -1.107358e+00 7.585095e-01 1.063511e+00 -1.935331e-01 -2.597832e-01 -5.267313e-02 3.908747e-02 5.042983e-02 -2.070317e-01 -1.361459e-02 6.123270e-01 -2.615943e-01 2.103121e-01 -2.081263e-01 -8.861773e-02 2.844297e-01 4.176624e-01 1.710609e-02 1.086445e-02
<VARIANCE> 39
 1.687466e+01 6.569234e+00 6.721457e+00 5.881407e+00 1.262196e+01 1.534017e+01 2.511347e+01 1.460352e+01 1.771131e+01 1.833752e+01 1.234694e+01 7.471366e+00 5.000000e-02 9.217039e-01 8.131528e-01 7.311395e-01 1.098676e+00 3.849734e+00 4.078717e+00 1.793524e+00 3.444855e+00 4.735227e-01 1.286834e+00 7.694786e-01 1.011754e+00 5.000000e-02 4.152822e-01 2.093794e-01 1.391552e-01 1.468283e-01 2.694976e-01 1.787765e-01 1.684559e-01 3.837799e-01 2.396130e-01 3.193522e-01 1.255836e-01 2.227948e-01 5.000000e-02
<GCONST> 7.762413e+01
<STATE> 15
<MEAN> 39
 2.483746e+00 -2.646250e+01 -1.406928e+01 -6.203086e-01 5.427460e+00 2.149688e+00 -7.771943e-01 -7.800251e+00 1.516631e+00 -6.325955e+00 -5.558681e+00 -7.432653e-01 4.885621e-01 5.937871e-01 5.761750e-01 -4.993410e-01 1.314088e+00 3.468574e-01 -3.888177e-01 6.415792e-01 -3.633661e-01 -4.495542e-02 3.517667e-01 6.835677e-01 1.974893e-01 -2.093340e-02 -6.152970e-01 -1.094700e-01 -7.830519e-02 -4.814991e-01 6.982364e-03 -3.750767e-01 -2.131186e-01 7.026709e-01 -1.692649e-01 -3.436152e-01 3.319370e-02 3.675495e-02 6.133152e-03
<VARIANCE> 39
 1.762763e+00 6.913326e+00 8.166307e+00 8.025830e+00 1.591915e+01 5.249215e+00 7.736625e+00 2.051381e+01 1.045917e+01 1.153142e+01 9.111124e+00 1.274175e+01 5.000000e-02 1.013219e+00 6.158430e-01 5.176379e-01 1.030819e+00 9.265365e-01 5.155441e-01 8.303722e-01 3.400053e+00 2.424257e+00 1.157208e+00 5.414549e-01 7.747818e-01 5.000000e-02 1.139054e-01 8.822940e-02 1.247184e-01 2.130914e-01 2.909949e-01 3.482641e-01 1.709548e-01 5.019876e-01 3.486542e-01 1.657302e-01 5.347837e-02 2.573186e-01 5.000000e-02
<GCONST> 6.766512e+01
<STATE> 16
<MEAN> 39
 2.210028e+00 -2.525091e+01 -1.727423e+01 -3.620140e-01 5.650865e+00 -1.791651e+00 8.349854e-01 -4.007691e+00 4.934912e-01 -6.950658e+00 -4.535547e+00 -2.897910e-01 4.053676e-01 -2.989213e-01 1.730332e-01 -4.343834e-01 -1.836295e-01 1.516021e-01 -4.840291e-02 6.047301e-02 3.196303e-01 2.097357e-01 2.023958e-01 7.019451e-02 9.485131e-02 -1.695815e-02 -1.340022e-01 -8.137709e-03 1.380881e-01 -3.437335e-02 8.654450e-02 1.569591e-01 4.202075e-02 1.011310e-01 5.824287e-02 8.708238e-02 4.917739e-02 1.681666e-03 3.441173e-04
<VARIANCE> 39
 3.469919e+00 4.734341e+00 6.256829e+00 4.982567e+00 4.332525e+00 1.483277e+01 1.268399e+01 4.257392e+00 1.848290e+01 6.156363e+00 7.344201e+00 3.859821e+00 5.000000e-02 2.148339e-01 2.763878e-01 6.182009e-01 2.514397e-01 6.291422e-01 1.594673e+00 1.256582e+00 1.387366e+00 1.219477e+00 9.155572e-01 6.628414e-01 9.774050e-01 5.000000e-02 1.004363e-01 6.901328e-02 1.430869e-01 1.844318e-01 1.244050e-01 2.319596e-01 2.970571e-01 2.153318e-01 3.014368e-01 1.733571e-01 1.880937e-01 1.611865e-01 5.000000e-02
<GCONST> 5.936044e+01
<STATE> 17
<MEAN> 39
 4.102582e-02 -2.515458e+01 -1.869992e+01 -1.287494e-01 7.779593e+00 -6.533354e-01 1.926470e+00 -1.593383e+00 1.159941e+00 -5.887835e+00 -1.704677e+00 -1.016692e-01 3.454114e-01 -2.786927e-01 5.616581e-01 3.039951e-01 9.692499e-02 2.279212e-01 -7.507641e-01 -2.129485e-01 2.076981e-01 -1.325034e-01 8.435992e-02 7.785022e-01 -2.726684e-01 -1.573606e-02 2.811312e-01 3.328302e-01 4.247536e-01 -4.061585e-02 -1.947333e-01 -2.759114e-01 -3.641658e-01 -4.785629e-01 -2.315785e-01 -1.551935e-01 -1.341296e-01 -5.944975e-02 1.802563e-03
<VARIANCE> 39
 1.550143e+00 1.934323e+00 5.110846e+00 4.348997e+00 3.350334e+00 7.896270e+00 4.473443e+00 1.520950e+01 1.571419e+01 6.112737e+00 4.915243e+00 1.284212e+01 5.000000e-02 4.554059e-01 4.217858e-01 1.312800e+00 1.439650e+00 5.178086e-01 1.026267e+00 1.621859e+00 1.600500e+00 1.368734e+00 8.592295e-01 4.441531e-01 1.217188e+00 5.000000e-02 7.163677e-02 6.813686e-02 2.226656e-01 1.633573e-01 5.000000e-02 1.574129e-01 2.307476e-01 2.258923e-01 2.058087e-01 1.668731e-01 1.139591e-01 2.403640e-01 5.000000e-02
<GCONST> 5.854662e+01
<STATE> 18
<MEAN> 39
 1.485721e+00 -2.033514e+01 -1.435300e+01 -1.634437e-01 6.466446e+00 -3.817823e+00 -3.201472e-01 -3.952723e+00 -2.004049e-01 -6.924054e+00 -1.682158e+00 -1.136891e+00 3.023096e-01 1.729090e-01 6.944922e-01 7.648620e-01 -1.461930e-01 -3.659680e-01 7.982020e-02 -1.254234e-01 -3.079317e-01 -3.448242e-01 -4.032512e-01 1.139667e-02 -6.058219e-02 -1.293293e-02 -2.220480e-01 -1.547856e-01 -1.608062e-01 -6.637291e-02 3.158554e-02 2.828152e-01 2.202466e-01 2.284172e-01 2.288053e-01 1.082107e-01 -1.974471e-02 4.161349e-02 -4.586462e-03
<VARIANCE> 39
 3.929260e+00 6.989852e+00 1.055067e+01 1.032104e+01 5.047634e+00 6.297874e+00 1.158989e+01 1.512110e+01 1.602412e+01 8.745903e+00 5.447556e+00 7.165522e+00 5.000000e-02 7.342936e-01 1.114884e+00 1.918238e+00 1.420894e+00 1.693369e-01 9.814038e-01 1.168529e+00 1.711254e+00 2.273831e+00 9.366025e-01 3.884204e-01 5.523967e-01 5.000000e-02 1.778249e-01 1.945796e-01 4.202895e-01 3.876221e-01 5.000000e-02 1.627329e-01 2.557917e-01 3.602571e-01 5.283114e-01 3.462328e-01 7.072142e-02 1.869986e-01 5.000000e-02
<GCONST> 6.844502e+01
<STATE> 19
<MEAN> 39
 -1.281360e-01 -1.909667e+01 -1.269746e+01 -5.670171e-01 6.593770e+00 -1.867237e+00 -8.626062e-01 -2.224434e+00 1.931797e+00 -5.244353e+00 -1.709487e+00 -2.168497e+00 2.049477e-01 -8.424197e-01 7.802070e-01 4.213298e-01 -1.528755e-02 1.673964e-01 4.246039e-01 7.468983e-01 6.712646e-01 1.312361e+00 1.129189e+00 2.284258e-01 3.318121e-01 -3.830718e-02 -1.472176e-02 7.949063e-02 3.756982e-02 -1.207287e-02 -2.907844e-02 -1.672689e-01 1.340110e-01 -8.676592e-02 -1.385224e-01 -5.182410e-02 1.581438e-01 2.872309e-01 1.742709e-03
<VARIANCE> 39
 2.250705e+00 2.796584e+00 4.298436e+00 6.768347e+00 6.854986e+00 5.665020e+00 6.397723e+00 7.357757e+00 1.587307e+01 1.516144e+01 3.719265e+00 8.427691e+00 5.000000e-02 3.939639e-01 7.611462e-01 1.355465e+00 8.198408e-01 7.386886e-01 1.552887e-01 9.907478e-01 6.535957e-01 5.911031e-01 9.905190e-01 5.172770e-01 1.233133e+00 5.000000e-02 8.702584e-02 1.063810e-01 3.096424e-01 3.210001e-01 1.082030e-01 5.000000e-02 7.837863e-02 1.297563e-01 5.258220e-01 7.603346e-01 9.814359e-02 1.591007e-01 5.000000e-02
<GCONST> 5.778076e+01
<STATE> 20
<MEAN> 39
 -2.376100e+00 -1.650319e+01 -1.172169e+01 -1.323727e+00 5.617059e+00 -2.621352e+00 2.079524e+00 -2.189798e+00 2.482378e+00 -4.848513e+00 2.669308e-01 1.231338e+00 1.153946e-01 -5.723912e-01 8.317695e-01 9.407260e-01 1.214634e-01 -1.814071e-02 -3.756697e-01 -3.703340e-01 -1.210468e-01 -4.588052e-01 -4.942673e-01 1.023785e-01 1.214028e-01 -2.574931e-02 2.452351e-02 8.598100e-02 2.415913e-01 4.009550e-02 6.595793e-02 4.002304e-02 -3.128751e-01 -1.186516e-01 -3.237894e-01 -2.125736e-01 -2.099506e-01 -4.397535e-01 -1.021167e-03
<VARIANCE> 39
 3.825843e+00 8.643776e+00 8.695556e+00 1.124690e+01 1.127632e+01 1.055155e+01 1.555018e+01 8.669242e+00 1.134957e+01 1.747326e+01 1.451898e+01 6.257712e+00 5.000000e-02 7.326823e-01 7.122615e-01 1.394936e+00 1.026392e+00 7.289927e-01 8.299709e-01 1.315994e+00 9.954825e-01 2.270303e+00 3.371506e+00 1.770442e+00 1.022490e+00 5.000000e-02 1.003140e-01 1.933263e-01 3.150629e-01 2.295623e-01 1.019109e-01 1.593723e-01 2.305313e-01 1.604275e-01 3.056837e-01 7.174490e-01 3.661070e-01 1.372974e-01 5.000000e-02
<GCONST> 7.386385e+01
<STATE> 21
<MEAN> 39
 -4.598881e+00 -1.257576e+01 -6.390404e+00 -1.973342e+00 5.484673e+00 -2.231092e+00 -5.063481e-02 -3.391984e+00 2.125688e-01 -7.002867e+00 -8.158026e-01 -1.549801e+00 2.902430e-03 -9.154826e-01 8.132175e-01 9.329106e-01 -5.555435e-01 6.850673e-02 3.811449e-01 -3.107267e-01 -2.672715e-01 -5.260038e-01 5.116516e-01 2.634252e-01 -6.491113e-01 -4.293472e-02 1.198603e-01 -2.326442e-01 -4.222994e-01 -5.121647e-02 2.003130e-02 5.142066e-02 2.207934e-01 9.352512e-02 1.870319e-01 3.443821e-01 2.104014e-01 2.797566e-01 3.058648e-03
<VARIANCE> 39
 5.851295e+00 4.103240e+00 9.011090e+00 1.118952e+01 1.001217e+01 3.644324e+00 7.235381e+00 1.063685e+01 1.989695e+01 8.743762e+00 8.928849e+00 6.759345e+00 5.000000e-02 2.114619e-01 9.268749e-01 1.465150e+00 5.887437e-01 4.657268e-01 7.088257e-01 7.000439e-01 1.002074e+00 1.570446e+00 2.332689e+00 1.972585e+00 1.049527e+00 5.000000e-02 1.404888e-01 1.692266e-01 2.106955e-01 1.668873e-01 1.019748e-01 8.158935e-02 1.616281e-01 1.881425e-01 3.993854e-01 2.620770e-01 2.809682e-01 1.659513e-01 5.000000e-02
<GCONST> 6.577551e+01
<TRANSP> 22
 0.000000e+00 1.000000e+00 0.000000e+00 0.000000e+00 0.000000e+00 0.000000e+00 0.000000e+00 0.000000e+00 0.000000e+00 0.000000e+00 0.000000e+00 0.000000e+00 0.000000e+00 0.000000e+00 0.000000e+00 0.000000e+00 0.000000e+00 0.000000e+00 0.000000e+00 0.000000e+00 0.000000e+00 0.000000e+00
 0.000000e+00 7.220874e-01 2.779126e-01 0.000000e+00 0.000000e+00 0.000000e+00 0.000000e+00 0.000000e+00 0.000000e+00 0.000000e+00 0.000000e+00 0.000000e+00 0.000000e+00 0.000000e+00 0.000000e+00 0.000000e+00 0.000000e+00 0.000000e+00 0.000000e+00 0.000000e+00 0.000000e+00 0.000000e+00
 0.000000e+00 0.000000e+00 6.668500e-01 3.331501e-01 0.000000e+00 0.000000e+00 0.000000e+00 0.000000e+00 0.000000e+00 0.000000e+00 0.000000e+00 0.000000e+00 0.000000e+00 0.000000e+00 0.000000e+00 0.000000e+00 0.000000e+00 0.000000e+00 0.000000e+00 0.000000e+00 0.000000e+00 0.000000e+00
 0.000000e+00 0.000000e+00 0.000000e+00 7.727458e-01 2.272543e-01 0.000000e+00 0.000000e+00 0.000000e+00 0.000000e+00 0.000000e+00 0.000000e+00 0.000000e+00 0.000000e+00 0.000000e+00 0.000000e+00 0.000000e+00 0.000000e+00 0.000000e+00 0.000000e+00 0.000000e+00 0.000000e+00 0.000000e+00
 0.000000e+00 0.000000e+00 0.000000e+00 0.000000e+00 6.666391e-01 3.333609e-01 0.000000e+00 0.000000e+00 0.000000e+00 0.000000e+00 0.000000e+00 0.000000e+00 0.000000e+00 0.000000e+00 0.000000e+00 0.000000e+00 0.000000e+00 0.000000e+00 0.000000e+00 0.000000e+00 0.000000e+00 0.000000e+00
 0.000000e+00 0.000000e+00 0.000000e+00 0.000000e+00 0.000000e+00 6.429025e-01 3.570975e-01 0.000000e+00 0.000000e+00 0.000000e+00 0.000000e+00 0.000000e+00 0.000000e+00 0.000000e+00 0.000000e+00 0.000000e+00 0.000000e+00 0.000000e+00 0.000000e+00 0.000000e+00 0.000000e+00 0.000000e+00
 0.000000e+00 0.000000e+00 0.000000e+00 0.000000e+00 0.000000e+00 0.000000e+00 6.877303e-01 3.122697e-01 0.000000e+00 0.000000e+00 0.000000e+00 0.000000e+00 0.000000e+00 0.000000e+00 0.000000e+00 0.000000e+00 0.000000e+00 0.000000e+00 0.000000e+00 0.000000e+00 0.000000e+00 0.000000e+00
 0.000000e+00 0.000000e+00 0.000000e+00 0.000000e+00 0.000000e+00 0.000000e+00 0.000000e+00 8.214955e-01 1.785045e-01 0.000000e+00 0.000000e+00 0.000000e+00 0.000000e+00 0.000000e+00 0.000000e+00 0.000000e+00 0.000000e+00 0.000000e+00 0.000000e+00 0.000000e+00 0.000000e+00 0.000000e+00
 0.000000e+00 0.000000e+00 0.000000e+00 0.000000e+00 0.000000e+00 0.000000e+00 0.000000e+00 0.000000e+00 5.453827e-01 4.546173e-01 0.000000e+00 0.000000e+00 0.000000e+00 0.000000e+00 0.000000e+00 0.000000e+00 0.000000e+00 0.000000e+00 0.000000e+00 0.000000e+00 0.000000e+00 0.000000e+00
 0.000000e+00 0.000000e+00 0.000000e+00 0.000000e+00 0.000000e+00 0.000000e+00 0.000000e+00 0.000000e+00 0.000000e+00 7.618920e-01 2.381081e-01 0.000000e+00 0.000000e+00 0.000000e+00 0.000000e+00 0.000000e+00 0.000000e+00 0.000000e+00 0.000000e+00 0.000000e+00 0.000000e+00 0.000000e+00
 0.000000e+00 0.000000e+00 0.000000e+00 0.000000e+00 0.000000e+00 0.000000e+00 0.000000e+00 0.000000e+00 0.000000e+00 0.000000e+00 7.051386e-01 2.948614e-01 0.000000e+00 0.000000e+00 0.000000e+00 0.000000e+00 0.000000e+00 0.000000e+00 0.000000e+00 0.000000e+00 0.000000e+00 0.000000e+00
 0.000000e+00 0.000000e+00 0.000000e+00 0.000000e+00 0.000000e+00 0.000000e+00 0.000000e+00 0.000000e+00 0.000000e+00 0.000000e+00 0.000000e+00 7.502306e-01 2.497694e-01 0.000000e+00 0.000000e+00 0.000000e+00 0.000000e+00 0.000000e+00 0.000000e+00 0.000000e+00 0.000000e+00 0.000000e+00
 0.000000e+00 0.000000e+00 0.000000e+00 0.000000e+00 0.000000e+00 0.000000e+00 0.000000e+00 0.000000e+00 0.000000e+00 0.000000e+00 0.000000e+00 0.000000e+00 6.430274e-01 3.569725e-01 0.000000e+00 0.000000e+00 0.000000e+00 0.000000e+00 0.000000e+00 0.000000e+00 0.000000e+00 0.000000e+00
 0.000000e+00 0.000000e+00 0.000000e+00 0.000000e+00 0.000000e+00 0.000000e+00 0.000000e+00 0.000000e+00 0.000000e+00 0.000000e+00 0.000000e+00 0.000000e+00 0.000000e+00 5.452562e-01 4.547438e-01 0.000000e+00 0.000000e+00 0.000000e+00 0.000000e+00 0.000000e+00 0.000000e+00 0.000000e+00
 0.000000e+00 0.000000e+00 0.000000e+00 0.000000e+00 0.000000e+00 0.000000e+00 0.000000e+00 0.000000e+00 0.000000e+00 0.000000e+00 0.000000e+00 0.000000e+00 0.000000e+00 0.000000e+00 6.442830e-01 3.557170e-01 0.000000e+00 0.000000e+00 0.000000e+00 0.000000e+00 0.000000e+00 0.000000e+00
 0.000000e+00 0.000000e+00 0.000000e+00 0.000000e+00 0.000000e+00 0.000000e+00 0.000000e+00 0.000000e+00 0.000000e+00 0.000000e+00 0.000000e+00 0.000000e+00 0.000000e+00 0.000000e+00 0.000000e+00 8.072805e-01 1.927195e-01 0.000000e+00 0.000000e+00 0.000000e+00 0.000000e+00 0.000000e+00
 0.000000e+00 0.000000e+00 0.000000e+00 0.000000e+00 0.000000e+00 0.000000e+00 0.000000e+00 0.000000e+00 0.000000e+00 0.000000e+00 0.000000e+00 0.000000e+00 0.000000e+00 0.000000e+00 0.000000e+00 0.000000e+00 6.875222e-01 3.124778e-01 0.000000e+00 0.000000e+00 0.000000e+00 0.000000e+00
 0.000000e+00 0.000000e+00 0.000000e+00 0.000000e+00 0.000000e+00 0.000000e+00 0.000000e+00 0.000000e+00 0.000000e+00 0.000000e+00 0.000000e+00 0.000000e+00 0.000000e+00 0.000000e+00 0.000000e+00 0.000000e+00 0.000000e+00 7.925051e-01 2.074949e-01 0.000000e+00 0.000000e+00 0.000000e+00
 0.000000e+00 0.000000e+00 0.000000e+00 0.000000e+00 0.000000e+00 0.000000e+00 0.000000e+00 0.000000e+00 0.000000e+00 0.000000e+00 0.000000e+00 0.000000e+00 0.000000e+00 0.000000e+00 0.000000e+00 0.000000e+00 0.000000e+00 0.000000e+00 6.403403e-01 3.596597e-01 0.000000e+00 0.000000e+00
 0.000000e+00 0.000000e+00 0.000000e+00 0.000000e+00 0.000000e+00 0.000000e+00 0.000000e+00 0.000000e+00 0.000000e+00 0.000000e+00 0.000000e+00 0.000000e+00 0.000000e+00 0.000000e+00 0.000000e+00 0.000000e+00 0.000000e+00 0.000000e+00 0.000000e+00 7.057448e-01 2.942552e-01 0.000000e+00
 0.000000e+00 0.000000e+00 0.000000e+00 0.000000e+00 0.000000e+00 0.000000e+00 0.000000e+00 0.000000e+00 0.000000e+00 0.000000e+00 0.000000e+00 0.000000e+00 0.000000e+00 0.000000e+00 0.000000e+00 0.000000e+00 0.000000e+00 0.000000e+00 0.000000e+00 0.000000e+00 6.156629e-01 3.843371e-01
 0.000000e+00 0.000000e+00 0.000000e+00 0.000000e+00 0.000000e+00 0.000000e+00 0.000000e+00 0.000000e+00 0.000000e+00 0.000000e+00 0.000000e+00 0.000000e+00 0.000000e+00 0.000000e+00 0.000000e+00 0.000000e+00 0.000000e+00 0.000000e+00 0.000000e+00 0.000000e+00 0.000000e+00 0.000000e+00
<ENDHMM>
